8
-6
-4
-22
-38
-33
-15
-34
-3
-9
-4
-2
-27
3
-1
28
6
15
38
12
14
-3
13
27
9
3
-12
-18
-14
-16
-4
0
-16
-32
-26
-37
-52
-58
-73
-63
-25
-26
-23
-19
-20
-3
-21
15
31
15
38
43
38
16
26
44
54
53
27
29
31
17
0
-10
-2
-6
0
8
19
5
-7
15
7
10
25
23
23
24
6
13
26
6
-8
-16
-3
-12
1
-1
-19
-9
-4
13
-7
12
20
-6
0
6
-16
-47
-9
9
-6
3
1
-17
-42
-13
-21
-59
-38
-15
-8
-23
-8
-7
-4
16
26
28
9
-3
-8
-3
4
9
-14
-14
-6
-7
-16
-12
-35
-37
-24
-36
-41
-60
-22
-18
-20
-10
10
18
15
11
30
38
17
23
3
32
22
11
17
22
36
31
32
33
37
31
40
11
-2
12
2
2
5
9
-20
-26
1
-20
-10
2
14
18
-1
16
17
9
12
40
28
28
72
55
23
-6
-5
-2
-6
-5
-44
-37
-20
-32
-15
-38
-51
-54
-67
-52
-50
-45
-27
-2
-11
-22
1
-7
13
11
0
9
-14
-7
0
-14
-20
-6
-15
-10
-1
-20
-18
-13
5
8
-8
3
2
34
28
-1
27
19
23
29
28
13
11
8
3
31
44
35
19
16
6
29
23
38
35
18
9
-3
15
-14
3
-8
-7
-10
-15
-16
-42
-30
-44
-14
-22
-24
-21
-35
-22
-28
-16
-11
2
25
19
27
28
-1
9
19
16
-12
-21
-5
-18
-6
-16
-1
-3
-6
7
9
9
-20
-11
-28
-18
-22
-46
-10
3
-5
0
10
18
31
32
32
63
49
33
67
43
32
33
4
21
33
35
16
9
-1
-26
-47
-35
-12
-45
-68
-78
-74
-82
-68
-42
-31
-17
-12
19
32
-7
-7
13
9
29
29
27
21
37
9
-2
24
0
-2
20
19
13
15
7
18
-11
-22
-24
-16
-16
-15
-18
-25
5
-28
-3
5
-6
3
19
49
35
44
47
29
25
35
30
10
26
8
-4
-9
-39
-26
-46
-40
-35
-35
-42
-26
-18
-29
-29
-49
-3
-2
25
26
12
15
28
50
37
50
49
21
21
32
1
-8
-11
13
3
-11
-23
2
12
-28
-16
-10
-10
-5
-3
-32
-25
-31
-39
-53
-39
-9
-29
-15
-10
-1
1
-9
-7
15
19
-11
7
23
13
19
38
13
-6
3
16
14
-4
13
-3
-3
4
-10
-16
-24
-28
-30
-11
-11
2
24
33
47
50
44
50
56
55
44
28
-14
-15
0
6
12
-19
0
-25
-37
-28
-32
-23
-15
-4
-8
3
-9
3
-16
-2
-7
-3
6
-19
3
7
26
23
29
19
38
27
-18
-9
21
20
-5
-4
-18
0
-25
-14
-30
-81
-63
-64
-63
-43
-42
-47
-26
-27
-19
-25
-3
0
-9
22
12
16
29
57
45
44
23
18
23
7
25
19
9
-20
4
0
-13
-7
-6
8
0
7
1
3
29
54
25
8
7
9
9
3
28
22
38
51
31
15
11
-3
4
13
28
25
-3
35
20
2
-9
-4
9
-40
-25
-9
-24
-14
-29
-50
-35
-42
-35
-27
-38
-38
-26
16
-13
-19
9
-3
-1
-16
-9
-33
-20
-9
-42
-17
-8
-12
-35
-44
-46
-30
-30
-28
-4
-20
20
14
10
31
38
57
52
51
33
49
47
39
35
10
25
12
-12
0
-6
6
25
25
16
-3
16
13
7
10
-1
6
9
-5
-12
-15
-21
-3
3
0
-22
-11
-17
-13
31
19
10
3
23
24
23
0
-15
-9
-24
-7
-9
-5
-16
-18
-30
-47
-50
-53
-31
-12
-3
-6
-2
1
18
38
41
16
22
26
-3
1
7
16
13
-16
-9
-6
-36
-41
-45
-22
-16
1
13
-15
8
-4
7
26
20
48
37
20
-1
14
16
-4
12
-14
-4
23
15
5
19
19
9
11
17
24
6
6
-11
-3
4
-4
3
6
-16
-28
-25
-42
-19
-22
-36
-12
-18
-12
-16
-28
-22
-32
-13
1
-3
-7
-16
-18
3
13
0
-25
-13
-7
-13
-4
-35
-27
-28
-1
22
11
12
7
24
21
27
28
41
54
48
38
45
51
29
37
22
9
43
22
11
24
30
19
-18
20
0
-26
-28
-16
-13
-41
-22
-60
-27
-16
-47
-30
-15
-8
-30
-13
-6
-4
-13
4
14
25
28
31
41
24
29
3
-12
0
6
-28
-29
-22
-39
-44
-34
-6
-15
-16
-24
-25
1
13
29
22
13
38
26
23
4
-7
9
5
-1
-27
3
14
-12
-29
-15
1
-14
-23
-13
-17
-34
-6
-1
7
24
16
17
7
-3
-7
-17
-19
1
-6
-13
6
5
19
29
43
32
11
22
18
41
51
49
19
24
33
4
18
2
-24
-12
-6
-13
-2
-15
-7
-7
-3
0
-6
15
-13
-3
-5
-25
-16
-32
-41
-32
-41
-59
-41
-48
-45
-31
-32
-26
-18
1
1
7
48
50
21
27
34
25
18
27
52
64
58
40
12
22
5
-18
-23
-31
-25
-26
-19
-42
-42
-32
3
-4
-13
-1
-29
-13
-9
-10
0
-4
1
-31
-46
-6
1
-17
-23
4
12
25
18
6
37
55
47
34
38
31
28
41
18
-6
3
2
3
-22
-14
-6
-3
15
3
16
24
15
-1
-1
13
33
34
38
19
18
19
-3
9
-8
-16
-31
-46
-68
-52
-34
-36
-34
-52
-25
-9
-16
-19
-6
13
15
5
-7
-6
-18
2
-12
-25
-15
-15
-18
-28
4
0
9
5
8
6
-5
16
16
34
29
54
62
34
11
28
36
20
18
-7
3
-1
-25
-32
-25
-16
-17
-12
12
-4
-16
-5
-20
-41
-22
9
-13
-19
-23
-14
-10
5
10
-14
2
37
32
-17
9
22
28
-5
12
15
-25
16
-24
-23
-11
-13
-9
-15
-19
-38
-25
-14
-33
-22
-19
-5
15
10
14
9
43
19
6
25
19
38
23
15
21
9
12
2
-4
-7
-7
13
9
18
35
57
34
40
40
29
50
38
41
27
19
-6
-6
-12
-26
-50
-47
-37
-64
-41
-30
-23
-21
-5
-10
-36
-29
-6
3
21
20
-5
4
1
-17
-6
9
7
7
-4
-26
0
10
6
27
-6
-22
0
6
-11
-19
12
4
6
16
-13
-16
-22
-21
-38
-35
-7
-25
9
-1
-2
9
-10
-10
-34
1
4
3
7
3
-4
-11
-1
-23
-29
-32
-19
-18
-24
-13
-9
-21
-27
-19
-6
3
-13
0
12
15
9
22
16
28
45
28
48
25
24
25
29
54
48
40
35
40
28
28
36
36
30
22
7
22
27
-4
1
-13
-28
-4
9
6
-13
-9
18
30
30
12
9
31
21
-2
1
1
-10
-22
-32
-21
-32
-31
-29
-41
-22
-16
-41
-59
-45
-50
-45
-22
-6
-21
-43
-25
-8
-28
-15
16
-19
-10
9
15
19
0
-3
9
27
17
1
16
9
-13
-6
-10
9
21
25
20
10
16
22
-4
-26
-22
-45
-49
-66
-57
-52
-26
-19
-28
17
24
26
34
27
33
47
42
43
37
45
41
38
18
10
38
9
-4
4
6
-4
3
17
-1
-11
-38
-46
-46
-23
-32
-34
0
-20
-15
-18
-9
-2
13
22
3
-1
2
32
30
33
19
32
50
31
12
5
22
34
31
7
5
-9
-9
-26
-22
8
-11
-47
-54
-22
-15
1
4
3
13
-6
15
9
12
37
0
3
26
13
-19
-13
3
-27
3
13
-11
-18
-20
9
-17
-32
-7
-11
-15
-10
4
5
-4
-20
-7
-15
-9
-3
-23
-12
-6
7
-12
-16
2
5
-10
1
11
-19
-8
0
-22
-7
21
16
22
5
-26
-13
-19
-34
-12
-19
5
22
10
24
18
37
30
50
56
54
53
41
39
45
43
-5
-6
6
10
-3
-7
-10
-26
-26
-9
-1
-8
-18
-30
-25
-39
-29
-31
-36
-17
-18
-8
-15
-24
-10
-4
2
-19
-3
28
14
18
15
2
-26
9
14
-17
6
9
12
4
-25
-13
-25
-40
-30
-37
-2
-10
-25
-14
-3
-8
10
7
22
68
24
37
46
34
30
42
38
15
18
13
18
16
27
-2
-20
13
-4
-6
24
-6
-14
-3
-1
0
-13
-4
-20
-16
15
11
1
14
5
-3
-10
-6
10
11
-3
-6
7
2
8
0
7
1
-11
-9
0
-14
-20
7
-22
-27
-23
-21
-10
-31
-37
-27
-33
-21
-23
-11
-10
-44
-16
-43
-33
1
7
17
19
25
2
29
21
9
1
-4
10
18
13
-7
-2
-22
-24
1
7
-4
-7
-14
5
22
5
3
-13
-19
-15
3
29
29
28
25
18
31
53
38
25
60
53
15
0
19
12
-6
0
-13
-17
-23
-8
0
-24
-45
-51
-18
12
7
1
15
25
0
-6
7
12
13
1
11
9
17
18
3
-4
-12
-32
-44
-22
-31
-43
-25
-10
-44
-38
-22
-41
-17
-9
-18
-22
-18
-5
-16
-4
8
-6
13
28
15
7
21
47
41
50
46
38
44
41
38
25
53
25
11
38
31
22
5
-16
-18
5
-22
-37
-33
-28
-45
-36
-4
-45
-35
-38
-38
-41
-56
-18
-21
-25
-9
-15
-34
-12
11
0
2
-4
-11
4
3
-9
-7
7
6
-3
10
20
27
29
31
12
2
28
50
37
25
34
18
28
18
29
44
52
39
3
17
25
16
9
17
-16
-34
-13
-39
-57
-19
-42
-69
-49
-53
-42
-35
-39
-63
-44
-28
-18
-27
-25
6
4
14
22
19
21
40
45
57
45
55
51
25
22
25
25
15
3
-9
9
-5
13
10
24
7
-19
-5
-32
-38
-25
-20
-41
-3
-7
-31
-31
-35
-18
-38
-26
-14
10
24
21
10
-15
16
1
-4
6
5
17
4
3
1
8
35
13
-2
16
19
6
10
31
6
-5
5
2
1
16
28
1
-20
-3
-2
-7
-15
-12
19
13
-6
-3
23
5
-11
-7
-16
-6
-25
-8
12
6
-8
-29
-19
-10
-2
7
-1
-3
-12
-23
-4
1
9
-15
-18
15
9
11
1
9
13
-3
7
-2
-10
-12
-27
-24
-10
-15
-9
6
5
1
1
3
12
28
7
16
12
-2
28
-8
1
6
-22
-13
-10
-14
-19
-6
1
-3
-7
-4
-11
-7
4
30
37
16
15
-10
-17
-4
-3
-8
-16
4
4
7
2
-32
-41
-21
-10
-26
-1
4
4
9
-3
2
18
27
23
25
26
18
7
23
36
50
18
24
44
38
64
33
11
4
33
28
22
21
13
6
-12
3
-5
-20
-26
-3
-26
-29
-26
-43
-36
-23
-35
-44
0
-36
-42
-29
-18
-13
-31
-17
-32
-28
-28
-58
-39
-6
-3
0
-2
9
7
-16
-16
-5
-13
-14
11
10
13
12
-3
-6
-19
-8
19
6
-7
4
-3
-9
-7
7
11
27
22
-12
9
3
-1
7
29
38
23
52
27
18
30
16
31
37
21
-3
-7
-3
10
-25
-28
1
0
4
-5
-1
-7
6
-13
-22
-4
10
5
16
35
0
-2
-7
-10
-2
-8
-8
4
-2
-3
9
-9
-12
-16
6
25
32
18
6
15
23
31
-7
-15
6
16
-4
6
16
24
24
15
26
4
19
17
35
28
-3
-23
-19
-19
-39
-14
-19
-4
-10
-39
-42
-25
-35
-55
-34
-23
-25
-47
-63
-66
-54
-39
-25
-31
-22
-31
-32
-2
-20
-26
-4
11
4
5
-3
14
32
23
19
11
14
15
5
2
24
26
16
22
31
9
11
18
17
14
14
47
26
25
29
19
30
0
16
24
16
18
4
26
24
25
15
17
28
1
9
-16
-11
14
7
38
15
7
29
-9
-17
3
9
-8
-13
-8
-28
-4
9
-10
-30
-26
-24
-24
-25
-28
-22
-38
-44
-44
-23
-29
-39
-13
-19
-19
16
3
-6
12
26
16
23
33
18
38
21
15
-1
19
23
-39
-21
9
0
-7
10
-17
-7
-13
-39
3
-10
-12
-7
-9
3
-9
0
3
-16
3
-8
-23
-7
-26
-27
-50
-26
-11
-31
-25
-47
-30
-15
-19
-29
-10
-2
1
3
-13
-5
22
35
38
78
64
59
48
57
74
40
33
33
43
29
30
16
19
16
9
23
7
18
11
21
31
31
33
10
15
0
-8
2
-5
-7
-12
-20
-16
-14
-22
-39
-48
-20
-35
-43
-25
-35
-24
-28
-51
-19
-4
-41
-31
-2
13
-19
-16
12
2
12
15
30
16
28
12
-15
6
-7
0
-5
-6
-26
-34
-6
-16
-6
0
-7
10
8
-6
-13
-12
-11
8
27
6
-7
-5
2
0
-1
9
6
0
2
-9
-18
-12
-41
-22
4
25
32
8
-6
-17
-16
-25
-19
-6
22
12
17
22
23
13
30
36
9
28
11
-7
-37
5
4
6
28
-12
-10
-4
9
5
10
17
37
41
24
23
47
64
39
43
55
46
51
26
20
14
-2
-8
-19
-11
-25
-19
-37
-64
-57
-67
-53
-63
-69
-36
-55
-32
-7
-30
-19
-20
-5
-29
-23
14
10
4
9
29
8
4
3
20
25
12
-5
-7
6
-13
-25
-35
-26
-42
-24
10
-9
-2
23
16
6
38
23
7
17
6
30
31
28
15
-2
3
-6
-8
-19
8
0
0
4
-22
-3
-19
-9
14
6
-1
-3
-7
-10
7
-1
-9
-9
7
13
13
-6
-9
13
-7
-6
-3
25
18
-1
17
3
-2
-2
-4
-6
-11
4
24
9
6
-3
-3
7
3
3
8
26
19
25
14
20
20
3
1
-9
4
13
-15
-16
19
2
-13
-8
8
-6
17
37
6
27
31
6
3
-20
-19
-4
-9
-6
-4
2
-37
-47
-37
-36
-30
-25
-47
-31
3
-28
-22
-30
-20
-28
-39
-12
-17
-7
-9
-28
-19
-27
-3
6
-2
2
7
35
10
6
10
16
28
23
26
49
35
41
15
39
74
22
33
12
25
11
10
1
-19
16
26
25
-25
-12
-20
-39
-22
-28
-14
-13
-28
-20
-8
-16
-32
-33
-42
-33
5
-3
-30
-30
-6
-14
-11
7
3
26
28
10
22
41
22
14
28
21
24
13
12
7
0
19
19
15
32
22
3
13
8
32
46
23
1
23
26
13
25
-14
-8
-10
-3
20
4
8
0
17
5
-13
2
-20
-40
-52
-44
-31
-43
-38
-44
-42
-50
-63
-40
-22
-10
-25
-22
-21
-17
2
4
-2
2
19
0
1
10
16
31
19
8
28
4
-25
-7
-13
-5
4
2
-19
-20
-18
-16
-23
-29
-8
8
17
16
22
2
11
6
31
45
31
35
7
-3
3
17
-4
3
3
21
14
-2
6
0
17
0
-5
8
8
-2
3
2
5
26
51
29
28
35
38
45
6
35
31
19
10
7
23
17
13
5
-3
-12
9
-5
-44
-54
-51
-53
-57
-66
-54
-41
-39
-32
-32
-11
-18
-10
15
4
9
29
9
-5
24
41
13
4
30
11
-2
-8
-6
22
0
-24
-34
-13
6
-22
-20
-9
6
-7
-17
-32
-45
-19
-13
-16
-3
7
-2
-3
-1
4
0
-4
0
-6
2
7
-10
-5
-20
-10
10
10
12
-13
-7
-9
-3
12
18
33
13
12
15
14
36
47
37
20
39
23
22
46
22
13
12
12
9
14
-6
-9
-1
-10
12
12
0
0
0
4
8
-5
-35
-29
-26
-51
-34
-2
-31
-14
10
-19
-6
-6
-5
-12
7
11
-19
-4
29
34
16
11
30
43
22
26
13
-16
-12
-10
-16
-16
-26
-20
-38
-56
-25
-22
-20
3
-19
-38
-6
-9
2
8
18
10
19
28
6
35
14
10
18
45
29
0
40
21
-7
-13
-10
-12
-19
-27
-22
-31
-47
-46
-57
-46
-32
-41
-11
-10
-13
23
20
19
16
16
5
1
6
33
41
34
50
35
40
51
51
25
19
4
5
2
1
18
-14
5
-22
-23
2
-13
-47
-43
-21
-51
-37
-12
-3
-2
5
7
11
2
4
12
6
5
-1
8
22
17
14
-10
-14
2
-5
-9
-32
-23
-21
-14
-25
-44
-28
0
-1
-14
6
-2
6
5
43
42
23
42
45
44
29
56
92
39
13
37
15
25
7
-4
12
12
-10
-35
-29
-50
-54
-41
-31
-32
-37
-26
-19
-7
-7
-35
-29
-23
-24
-12
-8
-6
-6
-16
-26
16
28
2
-3
-5
-12
-6
-3
17
38
13
-4
-31
-19
-1
-15
1
12
3
0
23
32
13
26
34
27
20
23
12
2
2
-1
13
26
25
1
32
21
19
14
0
2
-38
-33
-26
5
-21
-25
-11
-17
-22
-32
-29
-20
0
-8
-3
-22
-14
2
3
4
29
25
12
10
-8
12
-2
4
-6
-6
18
-1
15
-4
-28
-5
2
-6
-12
-4
-5
-7
-11
12
24
6
-13
-13
2
-16
-3
9
-16
-6
-3
-17
-2
3
5
35
31
18
16
20
9
4
19
-15
9
14
0
13
-4
16
4
3
-2
2
10
-14
-16
6
-4
-4
5
-8
8
6
18
4
-2
24
41
40
24
34
27
24
30
21
9
-1
-3
-2
-13
-14
-22
-12
-41
-41
-13
-64
-65
-48
-48
-48
-42
-53
-37
-27
-49
6
20
-6
-9
-16
10
0
-15
9
12
7
-16
-9
-19
-39
-21
-35
-6
15
0
4
24
9
-4
16
19
44
10
29
15
-9
32
23
3
26
57
1
13
17
22
38
45
67
69
59
45
53
2
-8
40
37
-15
21
29
-19
28
13
-23
1
-1
-40
-63
-56
-34
-29
-2
-11
-26
-3
15
-2
-58
-22
-19
-55
-46
-38
-35
-15
-34
-29
-3
-47
-42
-29
-45
-45
-25
8
12
-14
-8
20
9
16
47
44
24
35
38
11
-3
15
9
9
44
76
79
52
62
42
-15
7
37
-29
-41
6
4
1
14
12
7
-13
-23
-1
-22
-29
-9
5
2
-5
8
35
22
-18
-8
-14
-7
-6
-29
-65
-59
-66
-83
-29
-41
-31
1
3
7
10
-10
2
35
12
-12
9
-3
-15
-20
-21
12
-6
4
-9
-9
21
47
32
3
25
19
-6
-4
-3
-31
7
34
59
60
39
-15
-8
-12
-59
-25
-9
22
-26
-3
61
6
-37
28
32
-24
15
21
7
30
68
48
34
29
42
54
-21
-20
-9
-56
16
40
-28
-12
5
-13
0
0
-29
11
33
9
37
5
-38
-4
-35
-58
-26
-16
-31
-63
-70
-22
-4
-41
0
-8
-34
0
-9
-37
-50
-14
31
26
-10
-6
-30
-50
-8
-23
-42
27
50
4
28
90
44
22
37
100
66
-60
98
82
-88
-58
56
3
-79
-9
33
20
-72
-15
25
-18
-30
15
48
-9
56
25
-38
-2
-13
-37
35
-26
-89
8
-8
-1
-133
-27
56
4
32
-19
-26
-28
146
-88
31
141
-124
73
202
-3
-168
127
5
-109
59
15
-32
-14
47
3
-30
-120
75
52
-60
75
-112
-75
104
-39
-132
125
171
-161
27
259
-38
-187
47
152
-174
-68
241
60
-156
72
75
-82
78
-166
65
277
-118
-200
273
57
-381
54
29
-102
-212
102
230
-141
-386
107
282
-547
-47
256
-117
-199
289
-93
-152
289
-453
222
263
-297
-102
462
249
-606
186
514
-248
-481
541
456
-837
129
892
-388
-401
452
230
-400
-32
323
-31
-161
-149
381
-62
-334
49
154
33
-288
152
174
-215
-36
240
14
-193
-42
155
171
14
-395
349
216
-521
181
209
-99
-264
374
86
-266
-187
-16
453
-687
-214
636
-333
-457
424
200
-733
58
307
-114
-146
-75
407
-246
-336
346
62
-376
108
272
-258
19
379
-140
-366
473
116
-464
308
282
-277
34
417
-176
-203
-17
121
449
-523
-167
717
-4
-822
406
654
-863
-245
766
287
-1036
252
899
-311
-673
364
954
-638
-417
1004
181
-1135
575
604
-588
-187
301
142
-130
-112
-96
454
-598
-128
525
-467
-312
365
122
-510
31
38
-191
-161
114
65
-274
41
121
-32
-12
-77
49
413
-488
103
816
-670
-387
903
-256
-916
622
58
-426
27
163
-56
-3
-163
-110
734
-518
-431
795
50
-560
347
153
69
-370
-190
968
-215
-811
564
1082
-1295
12
1332
-862
-578
836
244
-694
253
320
-56
-433
-5
552
-539
-514
1073
-262
-815
668
-10
-194
-382
495
233
-583
41
771
-411
-808
1072
-342
-277
254
-32
145
207
-466
-101
1316
-1386
-299
1633
-664
-627
346
622
-541
-1023
876
963
-1508
-413
1829
-784
-1392
1564
245
-1581
407
715
-222
-567
370
232
-125
-151
-15
1055
-919
-438
1192
-273
-668
479
361
-524
64
299
-42
-192
-213
212
484
-474
21
827
-1002
-166
966
-308
-924
915
45
-1109
1186
-362
-271
-86
10
152
-112
98
36
98
-638
932
-216
-710
506
893
-1198
-285
1559
-700
-777
648
1232
-1215
-672
1316
163
-1450
211
1152
-320
-988
472
906
-1085
-500
893
378
-1478
357
952
-610
-680
800
115
-849
556
-53
112
-119
-113
66
511
-726
-280
1179
-467
-635
306
616
-300
-264
554
374
-388
-278
672
321
-973
-343
1029
334
-1200
512
923
-811
-471
202
1243
-1019
-1174
1811
305
-1795
120
1986
-1462
-1355
1676
322
-972
-319
1206
144
-1419
751
973
-1265
-314
613
777
-927
-168
1054
-581
-726
337
1393
-1971
-309
1940
-1143
-884
1532
203
-1158
290
742
-460
-817
706
284
-541
-381
959
-353
-486
9
542
-475
-396
1174
-446
-208
-406
1596
-1167
-667
1787
-804
-384
502
593
-734
-287
974
-772
-484
1540
-964
201
473
-330
-527
499
774
-1482
1455
-321
-760
1225
-708
-381
649
-265
194
173
-592
568
-376
-447
310
314
-750
-170
1327
-1145
-16
56
419
-463
-977
1900
-1340
237
702
-612
-282
111
360
-874
684
145
-704
538
410
-576
-269
418
406
-1417
1388
196
-1465
1356
-307
-94
-93
380
-96
36
-352
-20
1606
-1726
162
915
-687
-107
-251
1134
-1286
-411
1181
199
-716
-475
1886
-1092
-750
745
709
-559
-1090
1639
-469
248
-245
-307
1012
-1085
18
1396
35
-2691
1110
2669
-2806
-1355
2705
-440
-1415
1624
-19
-343
-343
-209
1574
-671
-2287
2028
1661
-2864
350
1291
-423
-265
-241
583
888
-1607
-483
2851
-2576
-1577
2666
729
-1995
21
1970
-1123
-1046
1117
339
-2361
1502
579
-731
291
403
-713
-802
2548
-2519
632
1052
-969
626
-529
708
34
-513
-297
1932
-2057
114
1829
-2359
422
1208
-1178
-697
2688
-2242
34
1655
-1815
922
-894
1198
-882
-667
1229
-526
537
-998
883
-143
192
-309
-165
1985
-2986
1335
1127
-1792
1146
-862
1364
-1077
-500
851
322
-967
-949
2968
-2126
594
792
-959
679
-349
170
359
-535
235
223
-717
1047
-881
784
-588
837
-877
-225
1393
-1654
585
-602
1097
-858
767
59
-772
589
343
-3
-1420
842
626
-500
-1564
2167
-289
-2519
1696
846
-1236
-621
1721
339
-1836
482
809
-435
-898
310
2065
-2330
69
2220
-1871
-502
1708
-533
-1984
1739
1728
-2345
-261
1390
341
-1761
-469
3281
-2845
-476
1871
785
-1643
-1340
3077
-1791
133
-166
-116
1123
-1950
796
1798
-1861
-743
1764
210
-2441
2056
318
-2238
2129
-704
495
-365
494
45
-156
141
-756
804
-446
391
-589
693
210
-824
1681
-826
-982
1317
-1187
807
61
-513
-401
880
527
-136
432
-2503
3261
-832
-3230
3204
355
-2885
1351
1329
-1036
-1268
954
861
-1232
53
-504
2208
-2216
254
738
-136
119
-2093
2639
-977
-503
426
600
-640
-169
-17
602
942
-2810
1647
1405
-2165
-376
2429
-1684
-1055
2515
-1042
-1476
1753
112
-1244
735
-247
91
-281
350
492
-1266
19
1764
-1074
-779
1185
814
-1839
437
1737
-2509
1002
320
1498
-2908
-530
3924
-2074
-742
381
2495
-2453
-270
2595
-869
-1729
-671
3216
-1159
-2681
3719
524
-3254
841
1864
-867
-2351
2191
-481
-738
128
1403
169
-2352
1913
-509
-279
-1022
1238
-291
-828
1141
-183
-85
-98
209
-737
814
217
-1131
-895
2856
-1755
-567
1939
-420
-595
266
1926
-2910
281
1308
-181
-1190
418
1060
-1032
484
1244
-1212
-434
868
-219
506
-2041
1752
-207
-1158
1470
-212
-1274
632
313
-1527
1333
-6
-451
62
-346
122
2154
-2840
-29
2274
-1794
-50
1104
504
-2737
2347
863
-2939
2011
190
-1579
2032
-699
-1274
436
1526
-1676
-213
1973
-2666
2470
-802
-541
1187
-632
-304
477
1396
-2575
1449
705
-1965
1430
241
-1076
-320
1161
83
-1208
1148
-1909
2282
-990
-1425
3478
-3367
450
587
1329
-2426
295
2174
-2245
1731
-955
517
-439
-489
571
12
-585
1116
65
-1476
2129
197
-1236
-1306
2694
-147
-2717
2639
322
-1644
402
834
-136
-1590
496
488
223
-581
-1023
2572
-1999
-869
1926
-103
-2450
553
1939
-2054
873
693
-51
-1707
1174
699
-885
349
-1341
1711
1489
-2740
-185
2961
-2399
-237
2003
-1104
-452
872
-417
711
242
-1959
2166
398
-1731
863
558
-979
563
-911
271
2026
-3314
1054
2732
-2886
94
2190
-2395
-1022
2709
-1750
68
1861
-3507
2089
1573
-3034
986
915
-1167
-480
3408
-2270
-1860
2325
-225
-591
-581
1994
-1565
494
1557
-1206
-323
-775
1272
-222
-671
657
-474
860
219
-1290
541
-52
-698
518
991
-881
-1271
1832
450
-2043
113
1681
-514
-1924
1716
1087
-1874
-535
1510
786
-1808
-32
1961
-63
-2277
892
2602
-2923
-1672
4264
-932
-2760
1574
977
-1195
652
-374
37
2078
-3900
2875
1596
-4543
395
3278
-319
-3421
3235
556
-854
-1559
779
2493
-3787
508
2058
-1669
-287
798
361
110
-1432
614
1482
-1074
-620
15
295
1576
-1675
-972
2289
98
-2164
-62
3681
-2731
-2281
3630
1116
-4271
-66
5562
-4234
-2102
3244
1244
-2670
-1723
4718
-1655
-2547
1458
1466
-1498
-1061
1660
1485
-1364
-2435
2724
951
-3999
857
2967
-3200
1522
566
-946
897
-288
55
-1048
2053
-1254
-863
1908
604
-2297
653
2016
-1457
440
-554
1733
-1501
-518
1095
174
-197
-2014
3884
-2762
20
2342
-2314
257
455
863
-2051
1223
240
-679
9
669
-251
-731
-235
-28
2098
-3061
467
1293
-586
-2017
1339
2671
-4039
1525
861
285
280
-2813
1729
1565
-3129
694
3161
-2596
-1585
3782
1499
-4877
1463
2715
-2657
-989
1943
741
-3003
1480
1986
-97
-3055
393
3776
-3431
-1021
2711
-278
-1809
306
2548
-1907
-1550
1681
-234
-102
-185
476
-2004
2364
309
-3591
3973
-1005
-2622
2419
2061
-3342
329
2355
-2083
108
779
-79
-254
774
-996
2132
-1934
-965
2895
-1883
-426
853
1386
-2878
145
2622
-977
-1976
1013
2781
-1993
-1707
2764
-500
-3577
2554
1583
-1592
-1173
1665
565
-308
-1049
-893
3481
-3111
-987
3834
-850
-2473
1049
2232
-2240
-198
1205
-1273
1014
-162
-468
236
-145
1544
-2936
826
3259
-4314
73
4141
-2664
-2601
3220
406
-2030
1501
156
-115
1209
-2922
1384
2262
-4384
1321
2870
-2534
-871
3474
-1079
-3781
3959
438
-3219
2001
321
-2183
1406
727
-1276
-869
278
1900
-539
-1744
1899
1569
-3874
1441
1935
-2347
-362
1843
247
-812
-119
-503
2363
-2081
-334
1321
-222
695
-1559
805
780
-1283
-701
1901
136
-2011
790
164
915
-1028
-1341
2240
-497
-473
-347
808
822
-2419
-615
3434
-819
-3887
3200
2291
-3994
591
2650
-1274
-1137
66
1234
-864
1034
-2025
1025
2774
-3562
847
675
429
-2015
620
1636
-718
-1280
-1340
4515
-2098
-3200
4170
-634
-2825
2397
597
-1367
-494
411
285
318
-18
-1377
1645
-150
-783
2059
-247
-2881
1312
2052
-1955
-592
2596
-419
-3158
3174
865
-2266
-536
419
1898
-1662
-421
2050
-308
-1982
430
2804
-2305
-1480
2852
-1197
-215
760
-554
-842
-312
1773
-587
-109
107
-265
166
281
91
-2412
1167
1070
-856
1151
-850
-328
288
1338
-534
-2020
1047
904
-669
-509
2647
-2797
-1391
3879
-1234
-650
-377
645
500
-1538
768
788
12
-1873
498
2794
-2244
-997
1263
-42
-405
-249
1079
-804
-710
1211
-720
1301
-487
-1977
2939
-1226
-1782
2025
-31
-1719
1236
1509
-2495
1784
-55
-1942
2788
-1260
-1013
450
1276
95
-1156
844
60
-392
-930
2048
-517
-1872
1518
951
-1017
-961
364
832
-396
-737
1309
-845
348
389
-291
-843
-824
2064
-1130
877
21
-2091
2094
197
-964
-571
896
203
-538
755
-147
637
-2348
1074
1841
-2677
707
803
359
-949
155
636
-592
338
-1023
808
493
-1489
1242
413
-1901
722
936
-296
-735
999
-846
-464
1645
-1702
820
10
-853
374
662
-677
-1027
1482
-311
-602
984
-797
-822
2179
-1418
32
796
-991
1546
-171
267
-1014
-392
1305
226
-67
-1199
1342
-175
-1026
1140
-154
-779
-597
2335
-772
-1728
1661
-784
-438
606
557
-614
-52
1073
-352
-266
-78
581
-950
-1216
1625
354
-1261
1043
105
-1027
277
281
-742
-157
1612
-981
-143
664
-1339
-292
389
-265
330
441
-602
501
-45
-1042
-147
679
132
937
203
-293
996
-616
59
308
-590
-127
290
290
1098
-277
-750
207
-764
163
-186
277
-379
-305
975
-322
-320
-19
-207
-746
754
858
-1065
452
269
-251
-127
-629
674
37
-138
870
180
-592
-283
-153
-2
-178
-511
640
432
-1026
134
217
-1161
-75
261
-174
341
356
-81
-24
261
-354
-514
871
402
-562
1175
1436
-821
-717
108
-172
-299
578
535
-750
248
-116
204
-237
-1068
289
171
197
-400
426
-32
-510
560
61
-541
-371
1275
-548
-893
1287
-198
-590
-373
1193
386
-1536
880
864
-878
-339
1894
-499
-1434
1041
602
-609
-620
1063
49
-858
664
935
-1036
-676
572
196
-882
-807
1001
27
-900
-10
579
-479
-1415
859
742
-765
207
733
566
-1410
150
40
-526
819
113
1130
-506
6
-256
141
-157
-1503
1639
55
-1128
898
264
-1537
-293
1354
-514
-336
860
-367
-1
-420
533
-353
-265
877
-174
1289
-563
185
27
-12
304
-213
1206
-506
586
302
363
502
-984
768
-466
90
577
-73
95
-1160
1066
-488
-1415
499
298
-1389
-587
1530
-1083
-1106
512
479
-1167
-611
1099
-250
-826
-109
640
298
-878
394
544
-291
-914
-183
1029
-1652
-76
530
92
-176
-803
632
-950
-873
-828
-14
-157
-2299
166
-31
-1361
-1109
-107
-693
-2315
1735
-202
-1557
422
174
314
1112
3117
1291
1584
2805
2738
3317
2180
2113
3380
3218
3032
4063
3779
164
531
2177
533
-2033
-1725
209
-2184
-1102
-62
-1783
-4379
-3989
-929
-2373
-3604
-2601
-1133
-1904
-2289
-32
-955
-3346
-1979
269
-325
-1660
91
783
-578
-415
1185
496
-1467
376
938
1438
498
-500
812
95
88
-118
925
-669
-1343
1442
860
-167
-789
-428
46
-305
333
948
87
23
1630
1590
-181
-257
475
-121
-166
549
-507
-1944
-1226
-1204
-3195
-3320
-4058
-4336
-2528
-3124
-3800
-2421
-460
1046
3742
3487
2420
3954
7794
7914
4873
3704
4114
9166
12434
11843
4421
4218
7092
8907
5994
-4862
-6960
-6313
2544
1919
-5236
-8273
-8136
-3316
-7200
-8797
-11907
-13672
-6998
-1877
867
-2749
-2477
1217
-4816
-4018
376
3259
-664
-1807
8418
9986
8181
2210
-1888
-3434
-2195
4940
3102
-3295
-1813
5113
6848
-1279
-7589
-6553
-5504
-1820
2483
3761
216
-981
3817
3382
-2179
-5142
-1903
696
1198
4936
5236
170
-2183
-1173
437
-1678
-3120
-1738
65
2981
1945
578
-1795
-3428
-1283
683
942
-522
-276
391
1954
3010
105
-2227
-1508
1004
2575
2195
352
-1234
97
1454
959
-1485
-2492
-1299
884
934
-440
-817
-2154
-3275
-3245
-1981
-4004
-6267
-5007
-2598
-2115
-4163
-3151
-519
257
3976
6261
9610
8059
8548
13801
10246
6312
-1106
8335
15751
15838
10976
2248
8924
6539
7056
-5467
-17496
-15680
-6946
7529
-2962
-12844
-13096
-5888
-1402
-11192
-14754
-16415
-9156
2268
4469
4452
-897
1910
3175
-3320
-3048
771
1508
-3925
145
10833
11101
2309
-5455
-9813
-8157
-2269
1032
-3957
-8666
2253
10846
5997
-7490
-13324
-5888
-1713
4012
7130
5090
3932
4376
9638
2586
-7212
-6028
-2284
3937
3620
5986
3987
-2632
-2418
-1907
-92
-5344
-4230
1090
4495
6983
4116
1017
-3236
-53
2772
2163
2609
2572
2259
1959
4687
3054
-2796
-4512
-257
3460
1437
-1034
-2092
-2028
-1681
-65
-1123
-5247
-4678
-590
3135
180
-1752
406
1012
-482
-1061
620
-1015
-3894
-1196
1560
-2771
-5774
-4573
-2678
-5014
-3656
2848
7491
6260
3764
7373
8287
6328
3924
6828
5632
5478
12046
15647
12284
-2693
-1901
4611
5816
-2602
-15255
-12710
-11856
-1959
-505
-11126
-16039
-9927
5211
-529
-12027
-14701
-10308
1054
6280
7642
2648
643
7698
4891
-1716
-6345
-5024
-1793
-1126
6080
9456
3868
-3974
-10190
-9248
-6135
-4262
-1701
-4824
-149
10724
10973
-657
-11521
-6015
2806
5752
6706
5198
6777
5742
6046
5086
-5389
-7695
-3431
5682
5492
-708
1544
128
-926
-4047
-2394
387
-2468
245
6414
8802
1137
-2775
1374
2572
1629
1020
2197
-566
-1977
1469
2008
-2592
-4872
-1141
-1098
-2492
-1593
-1955
-5075
-4525
387
1020
-2559
-4005
-1615
-306
-507
1441
2514
615
2203
5439
4803
655
-1354
496
1125
434
-2067
-3297
-3529
-3648
-3071
-4706
-3562
-2044
3272
7279
5063
4778
5898
10484
10659
8702
7952
5221
7137
9910
11803
6943
-4545
-1404
5062
3859
-9331
-20132
-16529
-14549
-4926
-4349
-10710
-12028
-4323
7167
-1092
-12090
-14138
-6454
4189
7685
8915
6352
5311
7322
1848
-6628
-11619
-8149
-3039
-1769
4501
8056
2697
-6425
-13180
-10861
-6746
-3815
-1217
-1077
7970
16464
13805
2641
-6085
234
6826
8463
6408
2542
6115
6981
6598
1280
-10675
-8629
-3645
2315
1288
-3494
-1141
-2907
2194
-357
-1686
943
76
4472
6379
9971
2514
-2399
2871
4001
2091
-3058
-1160
448
-3881
-2534
19
-2890
-8807
-5014
695
-4612
-5705
-2272
-1420
-4559
-3418
1882
-627
-5254
-2340
3645
2550
-806
2041
5587
4053
4427
6057
3098
-1421
-438
4176
1538
-5615
-4921
-1693
-4555
-8686
-10152
-6322
-6137
-3474
3942
7400
7564
4070
10175
13493
14440
13040
9078
7307
5079
14752
14194
5727
-4528
-2253
5878
1190
-8103
-22267
-22579
-15308
-1597
527
-10499
-10644
-865
6985
-524
-8132
-10928
-8295
5971
16348
13098
4749
2538
5888
-620
-8258
-9878
-8837
-9199
-5062
6594
5442
-4516
-10288
-10462
-10687
-9118
-2798
1295
-310
4556
16502
17497
3711
-5994
49
5926
5089
3139
2595
-274
-415
4470
3976
-8302
-15464
-5720
3098
3353
-4627
-3787
1639
2107
4648
2293
2551
1678
3117
8489
7280
2764
-4308
-1261
4795
1030
-2266
-1289
1840
-1985
-5501
276
-102
-6978
-6408
3317
6773
-1141
-2718
1127
-1649
-3434
988
3299
-2083
-3883
4932
7611
-574
-2711
4112
6029
1166
1022
3792
740
-1699
-11
2527
-2146
-7521
-5518
-4761
-7076
-11371
-7316
-3523
-2449
105
2798
8782
7336
8401
12238
15729
14985
8076
10125
6149
1323
3782
6584
6419
-7580
-6698
729
-492
-8753
-22061
-17921
-16412
-4910
4073
-3531
-7033
-3531
11893
8065
-5821
-9928
-5250
7032
11773
11006
4792
-2662
1619
2714
-7758
-17563
-18426
-10291
-6117
-1810
3490
1258
-4180
-8470
-5776
-971
-3560
-371
4505
11805
20862
17615
12081
650
-2836
1526
3399
2760
-4943
-3326
4122
4877
-280
-9770
-13492
-7353
-1879
1774
-850
-1579
2120
4364
7833
3439
-349
283
1332
5763
5927
2475
-1598
-2882
1832
1609
-1453
-4342
-4468
-2345
-3165
-2047
-1444
-3769
-2939
2471
3725
-138
-3752
-1460
579
428
3109
3449
2197
361
3213
5891
1917
763
3388
5512
4888
3982
3673
18
-2888
-1185
640
-1597
-5122
-2646
-1650
-4150
-6035
-8066
-6269
-7796
-3178
-409
4
3530
5173
11513
8752
10216
8883
8824
7625
1156
-512
-3841
6380
7869
3347
-4297
-5716
-635
-2614
-6380
-17455
-17869
-9694
4097
4176
-7010
-7949
182
7785
297
-7399
-9854
-4762
6911
11265
5895
-3081
-1708
4194
-534
-10165
-15660
-8780
-2856
1174
6770
4782
2175
-1819
-2474
-4180
-4438
1306
5608
7597
7972
12785
11878
2578
-5166
-5986
-2339
-1821
-2256
-2991
1602
3737
3436
919
-5917
-4343
-2588
4204
4127
307
3817
6504
8976
2237
627
497
-1498
-1417
1482
3248
-4498
-5425
-950
398
-3827
-5149
-2350
-5727
-6436
-2183
583
-2020
-2720
6340
6986
551
-445
411
253
-1751
3998
7500
1716
411
4369
4851
-1882
-4175
1309
2616
1088
3741
4886
-135
-4688
-3380
-731
-3281
-3286
906
1541
-1662
-6222
-7276
-8469
-7956
-5584
-2564
-1109
1142
7636
11391
11331
6443
6854
9767
11176
6586
2603
3117
3855
8286
6020
343
-7992
-5702
72
-1520
-9994
-18424
-15703
-8283
1000
-2287
-7536
-6788
1534
7250
-489
-6346
-7455
-374
8663
10278
5308
-997
2297
6006
-313
-7922
-11900
-8382
-3771
2085
5472
1135
-2022
-2523
-2389
-5877
-6607
-2036
600
-1171
4619
13955
9879
-1563
-5882
40
978
-3330
-1586
1927
4677
4989
7057
6601
-4405
-4253
2270
8363
3996
-4667
3302
6551
5897
-1671
-2835
1833
-2802
-2543
80
815
-7240
-10623
-980
2213
-3917
-5839
125
2821
-3453
-3632
2878
2454
-166
3843
9141
4910
-572
780
2617
252
-1457
192
582
-1184
-1046
988
364
-1621
-1580
538
2515
2975
1946
-962
-1261
418
1188
2804
736
323
31
-1902
-4551
-9068
-8026
-5516
-3768
-3075
-2426
-220
3248
6932
9025
5998
4230
6939
11271
9641
2963
260
-2371
2593
3905
2856
-4255
-7813
-212
2394
-164
-14983
-17749
-12898
-2325
3951
-2241
-2711
229
9767
5628
-3954
-8441
-6775
5747
11319
8506
1387
1366
6954
1921
-9321
-16156
-10709
-5178
-1330
4561
4224
1766
-1667
-4103
-9235
-11681
-7817
-845
1932
3053
11349
12778
4873
-5260
-4936
1344
1338
2628
4122
7507
9411
8192
7442
-2936
-7079
-2163
5069
6645
-2836
-734
2914
3479
-1261
-6907
-5236
-5351
-3499
-1100
448
-3468
-6275
-2381
2972
1396
-3548
-1457
2438
3720
10
1520
4447
1409
2447
3978
3843
-438
-3086
2250
1468
-2737
-3903
-2154
993
-210
424
2572
848
447
2214
4314
4131
1403
1565
2066
2871
3184
2342
2256
329
-1484
-2447
-4428
-5926
-7721
-6701
-4702
-6829
-6507
-6962
-3896
-1629
172
5489
4792
6061
6405
7637
8794
5800
2787
-1958
-2022
5382
10031
6850
-2553
-4023
2673
4071
-699
-12333
-15664
-10500
450
4222
-4250
-5425
-556
6630
1593
-8393
-9675
-4810
4661
6768
2017
-1927
2252
10067
5130
-7482
-12853
-6361
660
3526
4667
3072
603
-2764
-3738
-7921
-11464
-9945
-4169
1005
772
4922
6355
3757
101
-1155
4052
5385
6568
9341
11530
11586
7089
4819
1033
-2967
-484
2408
1046
-4308
-5719
-606
-2080
-8670
-11370
-9908
-4903
-3214
-99
1299
-2313
-746
2753
6044
3245
547
3620
4445
2925
992
2379
3903
1980
809
0
-2164
-3405
-3255
-916
-875
-2661
-1844
382
1213
175
337
1334
938
954
4537
5789
3614
1116
2364
4907
3369
1788
2106
2753
430
-2140
-2714
-3167
-4584
-4171
-3429
-5845
-9895
-11611
-9118
-8387
-8518
-6328
-27
6557
7426
7047
6095
4602
3638
3473
4824
2652
2163
8059
13320
12872
2948
-2202
-187
1613
923
-6674
-9345
-10347
-3969
2045
-1426
-4005
-7396
-870
348
-5290
-8803
-7869
2432
3838
1630
2545
6507
10349
3527
-4292
-7003
-6308
-2435
1706
4442
3282
-1624
-2220
-4278
-10544
-12325
-10476
-2215
-609
231
7731
8528
6338
-512
232
5530
4138
7561
10985
13443
10981
3431
3269
401
-4231
-4338
-2814
-1485
-5826
-6084
-652
-2897
-9466
-11185
-5937
-704
-3820
-1757
3822
3978
2942
938
4475
4584
570
1906
3192
4728
3056
2156
4770
1964
-544
-2523
-2045
-87
-2009
-720
168
-1342
-3400
-3709
599
687
-2532
-2862
-394
3389
2802
3022
3699
2871
2607
3159
4476
1915
326
1577
2893
1003
-1785
-3257
-3778
-6022
-8548
-8531
-9974
-8645
-8937
-7966
-6697
-6352
-1369
1563
6441
5670
3447
4782
4953
7917
4650
3863
3262
5332
11966
12566
10084
1823
1992
5043
5595
2405
-5402
-7445
-5990
1105
1726
-3009
-4344
-1141
-641
-8449
-12471
-11239
-6641
-3701
-1062
801
-593
2097
3586
-553
-7409
-8586
-1421
3516
6288
7654
7189
5270
1915
-790
-4584
-5738
-1841
1121
602
911
2854
2330
-3227
-6055
-4003
-2805
-1977
-29
4598
5815
3543
2733
1166
-1113
-1800
120
1336
-485
-1631
3512
6416
1134
-4648
-5702
15
-731
-3490
-1541
-75
2420
-97
2078
1863
-3118
-2373
340
4984
2332
663
4451
4957
2642
-1585
-1618
1209
1617
1431
881
-70
-273
110
1647
936
-2688
-4099
-1422
2758
3387
1435
2177
3067
1886
-137
-1249
-524
-2007
-1541
590
1006
-537
-3799
-1853
-1619
-4480
-5319
-4298
-2110
-4703
-5164
-2090
-2196
-4880
-6631
-1772
1942
1445
442
-163
1556
1621
4193
4357
2264
928
2642
10518
12245
11048
6105
7446
12847
11290
6543
-2008
-2641
-2790
-1284
369
-1702
-2798
-4885
-3170
-7668
-15118
-18759
-15637
-9389
-8188
-5851
-2904
2143
4501
2754
-793
-4170
-1002
3144
6251
6052
6765
9798
9296
5653
-158
-3327
-5499
-6578
-5946
-3004
329
447
-1042
-2427
-2455
-3479
-3326
-1838
-936
104
2453
6255
7675
4279
2005
2573
2078
-384
-2209
853
2725
2892
1784
-197
-1311
-3372
-2347
-1234
-1487
-2179
-940
1759
2237
2150
1276
1629
1343
767
188
-10
2008
3033
4019
3346
2002
755
-633
-290
148
-230
-113
1585
2254
445
-1334
-873
-1385
-2781
-2024
535
2213
471
-1173
-1278
-1901
-2962
-2498
-869
-529
-313
633
1309
-673
-3007
-2634
-1228
-945
-2807
-2092
-1423
-2831
-4097
-4563
-3186
-4277
-4377
-3156
-1611
-38
-431
1975
3512
4752
4823
3194
2324
2207
7916
12784
14047
10865
9348
11342
9132
3872
-2986
-3309
-2649
-1659
-1095
-2531
-3267
-6699
-7250
-10117
-12351
-13097
-10538
-4951
-4218
-2832
-1623
2313
2875
-609
-1861
-2240
-936
-2282
-1110
2032
3896
4174
3071
2086
-1392
-2624
-1598
-498
-2024
-2576
1821
4675
3776
996
2215
3429
1848
656
930
1822
14
520
2877
4076
2894
1674
2144
278
-3493
-5754
-3283
-266
136
-150
1424
3371
1808
-997
-1762
-967
-1055
-1095
1219
3584
3297
1776
1266
192
-1888
-2526
-1137
100
-789
-955
560
1909
1099
-58
66
662
880
385
567
857
1198
42
-447
-715
-1062
-830
-1067
-677
-1741
-2498
-2035
-1327
-831
-1659
-2057
-1330
-1313
-539
751
1925
2330
696
272
-166
-726
-1791
-2923
-1682
-1587
-1329
-1521
-2234
-2232
-3268
-2620
-1210
1249
3922
5118
5351
4193
3621
3641
3750
3504
4845
5901
6996
6967
5451
6088
4802
3936
-608
-4596
-4960
-4255
-692
-1557
-773
-390
-1203
-2006
-5142
-6459
-8873
-8329
-4628
-2059
-1938
-3093
-2434
-2257
-5458
-8608
-7890
-5668
-2581
-731
861
2096
1718
3027
1807
174
-964
-828
2264
3860
5925
6197
5213
4711
3995
3214
1418
423
1000
1063
1310
2098
2136
1651
-249
465
969
-562
-2020
-2804
-1062
-1188
-1703
-1483
-840
177
-33
264
-228
-2222
-3758
-2932
-687
298
264
1276
2525
1419
-323
-955
426
1895
2462
3438
2427
2058
1704
1309
1075
-608
-570
-892
-730
-544
-906
-520
-838
-1320
-1829
-1851
-1266
-866
-1352
-1319
-1489
-1054
590
1209
1256
-334
-410
1033
1305
1654
734
1142
1216
289
855
1026
1551
1628
1720
1284
-201
-1266
-1044
-786
-1106
-1096
-479
699
319
336
152
-41
-74
-590
-565
-965
-999
-353
1404
3799
4363
3346
3861
4336
3477
174
-1614
-678
-812
-791
-1055
109
22
-1220
-2188
-4708
-7296
-8629
-6265
-3711
-4154
-4442
-2381
979
-296
-4719
-6482
-5132
-2555
-1963
-694
1537
3074
4004
4181
2597
-596
-1427
1475
4473
3131
1804
3346
5931
5453
2303
862
197
692
641
333
-553
-1151
623
1849
1844
418
245
617
-288
-726
-1223
-597
-752
-694
138
604
744
-454
-948
-1898
-1926
-1464
-414
350
33
1035
1450
1879
145
-1304
-1
1498
2657
1688
1267
2284
2866
2535
1095
496
-28
-702
-995
-917
-1159
-1951
-1441
-779
-589
-1955
-2820
-2458
-1986
-1866
-2422
-1310
50
2161
2800
2426
2300
1744
1726
1739
2339
2337
2700
2719
3147
2380
687
158
268
783
-951
-1886
-1918
-2126
-2907
-4309
-4524
-4595
-4531
-3737
-2179
-1913
-2093
-1651
-404
132
-686
-404
-962
106
1544
3459
5442
4556
4784
3781
3776
2430
-592
-1814
-1922
852
464
-673
41
1614
1238
-2669
-4373
-4828
-4104
-3043
-1121
69
-898
-394
499
63
-2674
-3714
-2681
-1924
-1401
-80
2540
3180
2335
-82
-1944
-2411
-1993
-1164
-1128
430
1849
2796
2598
2525
2833
1972
1680
846
535
905
2058
3326
3044
2280
1389
660
-440
-1368
-1363
-913
-407
-866
-1603
-1392
-1090
-1459
-2617
-2620
-1120
-541
-447
471
1936
2801
2726
2595
2221
1161
340
558
1301
1931
2731
2751
2172
757
-1325
-2661
-3278
-2228
-1744
-2034
-1503
-710
-155
-628
-726
-332
-670
-676
-27
926
1675
1332
1912
2311
2354
2605
1794
2095
1585
840
860
716
1687
1018
190
452
251
-214
-1718
-1938
-1572
-2279
-3522
-4674
-4931
-5305
-5260
-4949
-4652
-4527
-3787
-1892
-826
-1031
-1288
711
2434
1659
13
-360
2838
4848
5277
5026
4860
6247
6006
5630
3061
-266
-1224
1042
3573
1904
-113
548
3108
681
-4389
-6679
-5313
-2778
-3189
-3060
-3059
-2722
-2709
-3135
-3758
-5940
-6450
-5059
-2412
-534
198
2024
3836
3590
1214
-724
443
2105
2000
2460
4192
5444
3952
1428
983
668
-446
-1099
-638
109
281
1297
2292
1404
-1171
-1982
-928
-173
-283
58
1983
2493
1612
403
167
-723
-2072
-1560
-81
925
-79
427
2173
2070
-78
-1671
-707
-169
-797
-256
2271
3459
2206
1294
1466
1051
-1000
-1480
-40
465
-108
-564
7
-161
-873
-1540
-1584
-1087
-739
124
691
1744
2170
1403
752
804
1012
849
1278
2343
2654
1351
245
-16
-336
-986
-1519
-1826
-2137
-2824
-3195
-3534
-4406
-4650
-4462
-4180
-4631
-5502
-5758
-4969
-3467
-1836
-409
46
793
1357
2051
2803
2484
2054
1264
3749
7448
8938
7706
5717
6784
6257
4755
1569
-981
-1405
-873
1908
1474
501
-164
-525
-2578
-6760
-8647
-7793
-4467
-2420
-2197
-3302
-1958
406
-1047
-5026
-6791
-3696
-1520
-512
1524
4955
6030
3508
1816
-928
-2643
-2094
471
2587
1638
2522
4226
4309
1662
-666
-913
-735
-298
-69
1783
3160
3249
1765
-266
-2207
-3278
-2625
-1245
-331
-932
236
644
-133
-1240
-894
265
-819
-872
568
2971
2823
2601
3317
2824
2006
515
1053
1307
1043
1392
1436
1128
-63
-956
-1285
-1179
-1458
-1702
-1408
-825
-375
-657
-809
-1005
-1123
-504
1010
1997
2005
2392
2372
1598
653
715
1215
832
402
838
809
-143
-647
-1250
-1848
-2763
-2355
-1456
-1786
-2331
-2892
-3298
-4227
-4491
-5067
-4834
-4430
-4061
-3718
-4005
-2478
-1627
40
1077
1078
1044
2027
5403
4911
2750
867
2412
6471
8892
10951
7049
3913
4578
6101
3877
-2833
-4238
-2788
210
375
285
280
-1160
-1914
-6634
-9088
-8991
-5155
-1027
133
347
-1061
-1224
-1522
-2713
-6161
-6528
-2741
703
1877
2337
5387
5480
1918
-1866
-2427
-72
1994
4339
4739
4530
3660
1601
-397
-2543
-2077
-1871
-1661
-567
70
938
1171
866
-1404
-4296
-4644
-1288
602
1170
1830
2410
2321
-680
-241
710
1334
639
530
2550
1257
1362
796
1594
995
-808
295
543
2105
1380
687
772
368
-142
-1113
169
1175
818
179
1480
1414
-574
-1349
-463
203
-1516
-393
1841
1822
66
-441
839
-430
-1395
-680
355
-95
-911
439
469
-1070
-2064
-1651
-1386
-2804
-2233
-312
477
-1518
-3398
-3028
-3891
-4974
-5410
-2826
-1794
-2569
-2401
-2009
-621
217
2885
2744
1587
1451
3999
5939
3504
309
-1274
4527
9598
10383
5867
4728
6805
5630
3075
-2634
-4648
-5749
100
4418
390
-3686
-4527
-2399
-8953
-13626
-10733
-4635
-455
-522
764
-1072
-1557
-319
-1924
-4999
-5511
-219
3818
5123
6564
8136
6047
1473
-1887
-3616
-980
2856
4594
2340
711
1536
-485
-4799
-6911
-4214
-2208
-1601
171
1520
2116
830
-742
-1839
-3710
-2003
2650
6064
6041
3109
2387
2576
248
-2652
-1561
1662
2070
1069
1988
3149
-601
-5001
-4097
-1599
-1137
295
3325
3784
676
-1817
-61
999
984
2409
3062
3088
1853
1793
2792
2659
815
-1714
-1668
-305
1048
270
-298
-135
-2244
-3435
-2815
-895
-308
-1142
-1095
-1358
-2553
-2352
44
473
-760
-681
421
1108
649
812
915
-2189
-4595
-3711
-2397
-1520
-2185
-2684
-3002
-4596
-4924
-3713
-730
2333
2419
2250
3018
4301
3563
2020
1267
-805
2396
9137
15301
11967
3632
3852
4205
3466
-2370
-5489
-4608
-2707
2965
1665
-2168
-6438
-5761
-7720
-13874
-12752
-7342
-348
772
805
638
-857
-322
-656
-2522
-3317
405
3989
5534
6288
7646
6608
877
-2604
-4233
-2892
1477
4315
3176
-794
-733
-137
-4171
-9567
-8089
-2052
-554
-85
1698
3477
1537
-2486
-2266
-1252
-1487
1645
7061
8725
4694
566
2253
2906
-893
-2374
1744
4839
2744
1356
2533
2600
-4065
-7956
-4138
-111
1373
964
3604
3262
-2272
-5002
-237
4245
2853
2421
5120
6551
1844
-568
2246
1701
-1700
-2158
1357
2445
160
-1133
-1919
-4379
-6626
-4378
-1354
-401
222
-226
-1194
-3767
-4981
-2661
-743
-106
1118
2855
3658
3045
1209
-285
-1848
-3134
-2143
-1014
0
939
-721
-3459
-5884
-6324
-6245
-4731
-260
4291
5082
2261
2709
2131
1573
1291
1312
1407
3899
13143
16345
10072
554
504
2505
2708
1475
-3359
-5246
-4470
3191
739
-8002
-9439
-5875
-6398
-12828
-9721
-3841
-1857
-2485
-999
-913
-4777
-905
4423
1537
-2764
-13
5869
5070
3158
7932
9528
1792
-4017
-2372
813
1919
1114
947
-1486
-3921
-2654
-2427
-5292
-6944
-3914
-728
459
-271
153
1700
-614
-2141
-864
1941
6075
7408
7687
5525
1281
1385
2688
2073
398
2304
5022
2839
-884
-1767
-448
-4460
-7119
-3106
966
1582
425
1513
-185
-5262
-5836
801
5949
6012
5540
5457
4520
866
-1228
-205
833
500
844
2730
2672
-729
-5240
-6074
-5387
-5812
-3611
288
1655
-145
-2050
-2382
-3497
-5101
-2279
1712
1998
1951
3727
5242
3036
-248
151
882
-1531
-1859
1156
2134
-392
-4522
-5880
-5666
-7380
-6275
-3772
-1737
340
1363
3615
2118
-1305
-2123
3722
8147
5395
2753
4522
13690
13309
7698
1921
397
5336
7127
6822
-3110
-9459
-7956
207
593
-8709
-9631
-7568
-4963
-9860
-10752
-7095
-6240
-2747
-367
346
-2176
-21
4015
299
-3758
-1672
5228
6368
4578
7695
7657
2397
-4254
-3969
-882
998
2814
1394
-1655
-4245
-1987
-2220
-6662
-8280
-3809
756
1276
2936
3766
2620
-1469
-2638
887
2726
5182
7947
8566
5845
1768
1397
2034
-61
-1353
1655
4052
2418
713
776
-481
-5564
-8198
-3411
528
708
2139
2918
369
-5210
-4940
1483
3707
3957
5200
5687
2372
-201
1691
1326
-1402
-2249
1530
2784
-367
-1065
-2483
-4601
-7101
-6136
-1666
37
737
585
-416
-2721
-3916
-2682
-871
981
2260
5357
6791
3951
319
-1946
-637
350
-1019
152
2961
3408
-585
-5397
-7019
-7501
-7921
-5760
-1563
-442
-513
898
2171
-215
-4593
-2885
3767
8802
8030
5656
3900
5135
7930
8459
6438
622
2136
6939
9229
2960
-8249
-9973
-5987
358
-3322
-8196
-6156
-3510
-3831
-9871
-9728
-8548
-6689
-969
2898
3241
-592
1291
2316
-3158
-4167
628
5741
3208
2409
7583
6815
-536
-6508
-4561
-973
792
2314
2451
62
-2265
-2113
-3232
-6229
-6541
-1239
3608
5229
4830
3371
1868
-1497
-1803
1284
3944
5917
5146
5301
5297
2449
-338
-2498
-2586
-1996
723
4082
3804
1528
-2505
-4218
-5325
-5177
-420
1045
2545
3208
1984
1406
-1410
238
1161
1418
3763
3960
2997
950
3554
2703
-2444
-3745
-1472
1987
-1300
-2267
-1023
-4048
-6221
-5852
-1307
-95
-1383
-738
-571
-1334
-2090
-77
1136
770
1808
4396
6395
4241
1013
145
-212
210
276
1072
2303
1066
-1104
-4506
-6275
-6645
-6367
-5342
-3594
-1654
-2181
-2045
-1163
716
-237
-1155
2111
6613
8897
5692
2381
56
3861
9366
10269
4584
-1761
2254
6498
5080
-6099
-13988
-10291
-1854
3334
-3504
-6393
-4393
-3477
-5974
-8794
-5452
-4346
882
8224
8262
1616
-2610
2356
456
-4353
-337
5517
4323
-2152
1644
6476
-461
-8817
-9151
-3727
-2167
-616
2953
1686
-2773
-5168
-2636
-1669
-2596
1006
5081
5919
5168
5636
5541
1194
-2778
310
4947
5432
3948
3437
3833
595
-2640
-4129
-5343
-5200
-1586
4754
3979
-331
-3169
-4639
-4243
-4824
-569
2619
2217
4275
4623
4349
1084
-1192
-135
1517
5620
6415
4722
2024
1545
1109
-2611
-3158
-2803
-918
616
-424
-1353
-3876
-4672
-4546
-5023
-1917
1223
1195
223
1094
2032
-318
-1666
592
3832
4224
5383
7615
4077
-1317
-2870
529
1292
-2830
-2565
1011
372
-4749
-6594
-5013
-6094
-8765
-6515
-1272
-2227
-4870
-2722
1378
772
-2707
-313
5599
7392
4112
2292
1497
2008
5143
9194
8986
557
-1720
4429
8307
489
-11235
-10391
-2292
4601
1563
-3683
-4528
-5398
-4708
-6281
-4597
-3035
-2344
3636
6490
4392
-1699
-2145
632
-2407
-1253
3080
5067
-213
-2610
5002
4119
-3825
-7800
-3751
720
-718
2358
3872
-1054
-5318
-3953
328
-1422
-986
3648
4516
2536
1947
4749
2161
-3508
-2146
2994
5184
2780
1741
3065
1238
-1743
-2953
-2878
-2512
-2213
1240
3698
1905
-803
-3347
-3479
-3618
-1867
2181
2806
2522
2509
4030
3008
-1226
-1288
1175
4841
5331
4088
2931
770
795
-633
-1288
-1797
-1813
-372
-438
-217
-1923
-3554
-3856
-3955
-3143
-884
1967
1717
-25
-180
725
131
-896
1368
4366
5000
4404
3475
1417
-1285
-1289
783
92
-2778
-1943
1280
140
-4798
-6915
-5076
-5434
-6927
-4033
-294
-1628
-4708
-3020
110
-1393
-3203
213
4309
4105
2553
2202
1546
961
3538
7009
4934
1100
2014
5616
5110
-1201
-5946
-5155
-634
2837
1753
-950
-2214
-3172
-5089
-4996
-1731
-816
-2727
-1053
4169
5096
227
-2295
-2096
-2959
-1726
2531
3545
-1017
-1325
4963
4735
-3149
-6817
-2849
1127
491
2076
3316
-421
-3193
-1284
1804
-254
-1260
957
1547
1249
2707
4654
213
-3810
-501
3303
1772
-1440
587
2490
-266
-1837
-756
-969
-3159
-2763
893
1360
-994
-1720
-1244
-1374
-2355
-803
1173
801
933
2683
4411
2508
494
1835
4046
4683
2859
2170
2366
2706
3078
2117
749
-1168
-2035
-2077
-2031
-1389
-647
-565
-1734
-2802
-2790
-1847
-1626
-1589
-709
639
1800
1869
1489
617
881
1888
2118
1579
1336
2504
2029
212
-1506
-2237
-1783
-1800
-1143
-1138
-1514
-1612
-2594
-2942
-2701
-2108
-2516
-3034
-1868
-767
-624
-1638
-1802
-1616
-2204
-1933
-1353
-1013
-1375
-730
1155
1034
-888
-1906
-842
-461
-1145
-178
1644
2089
777
586
1935
1814
656
610
2337
4343
4879
4278
3300
2441
2575
3326
2871
1713
1176
1980
2588
1428
-194
-1703
-2164
-2138
-1685
-1673
-2208
-2194
-2789
-2583
-2220
-2225
-3266
-3998
-1787
394
616
-727
-1023
-581
-672
-296
245
875
712
773
1102
446
-297
-494
115
67
-1025
-1098
-291
-142
-552
-356
-34
-1095
-2088
-1359
197
1140
1427
1755
1467
1379
2243
2997
3499
3905
4115
3261
1886
1676
2032
2106
1888
1671
837
-614
-1309
-1625
-1896
-1736
-398
296
-1352
-2272
-892
138
-827
-1163
247
1351
1331
2088
2653
1311
443
889
1387
259
-259
477
128
-1037
-2209
-2528
-3177
-3183
-2378
-2563
-2814
-2231
-987
-1227
-2288
-2102
-1811
-1710
-1237
-117
316
-556
-552
-206
-995
-2489
-2743
-1315
-282
377
382
-268
-1140
-1285
-459
-448
25
1332
2228
2029
1753
2884
3070
1719
771
1374
3146
4440
4804
3788
2116
1306
1547
1780
937
783
1533
1736
576
-1006
-1391
-2161
-3002
-2918
-2167
-1910
-2217
-1983
-1779
-1917
-2575
-3042
-3700
-2667
365
2156
1129
-1151
-1226
-406
-204
-432
235
929
612
595
481
-18
-1242
-1718
-1366
-1543
-1373
151
1169
619
-219
-198
-361
-1589
-777
1477
2967
2807
2123
2082
1744
2280
2758
2780
2703
2712
2692
1569
1324
1480
646
-286
-230
935
622
-657
-1295
-1478
-1334
-1022
-97
-415
-1395
-791
807
1193
-61
-301
516
906
906
1604
1802
1275
1266
1372
327
-1408
-1026
102
147
-870
-1516
-1782
-2670
-2752
-2401
-1824
-1719
-1468
-530
-361
-559
-821
-655
-663
-804
-90
594
392
-336
-853
-1537
-2328
-2250
-1449
-1151
-1389
-1609
-1578
-1646
-1728
-1564
-1528
-674
147
406
570
1132
2086
1943
1873
2011
1989
2201
3072
4085
3070
1770
1832
2693
2769
1808
1660
1299
665
116
-39
-363
-1545
-1978
-2127
-2131
-2078
-1613
-1423
-1969
-2268
-2353
-2027
-1726
-835
-151
73
127
-79
-37
-26
108
-83
311
1217
1164
221
-462
90
85
-761
-864
-480
130
179
447
538
-419
-885
-1056
-604
-70
551
1280
948
502
533
1179
1483
1227
1538
1926
1962
1173
687
1236
1188
963
560
490
467
-14
115
-76
-406
-498
-160
-104
-488
-55
763
953
179
96
818
1016
1025
1409
1835
1415
712
741
656
-44
-67
556
404
-472
-982
-779
-1393
-2344
-1929
-1060
-880
-1380
-1007
-431
-807
-1572
-1610
-887
-989
-1057
-688
-202
-464
-1539
-2057
-2311
-2601
-2473
-1505
-744
-1042
-1596
-1534
-1327
-1728
-1957
-1157
-4
684
1344
1949
1659
842
857
1834
2223
2269
2961
3290
2551
1538
1792
2108
1260
340
431
1298
1223
540
-214
-682
-919
-1405
-1578
-1615
-1601
-1290
-740
-253
-344
-1016
-1268
-1079
-672
-193
294
675
326
91
167
312
-196
-741
19
594
608
89
-56
-70
-830
-668
-314
-171
-328
55
871
380
-404
-1028
-750
-515
-58
1041
1186
933
428
672
983
452
220
664
1319
1200
806
571
408
188
60
336
369
283
265
214
360
467
325
22
-50
322
833
925
761
783
856
890
793
899
1121
908
619
648
580
23
-414
-228
-144
-242
-287
-334
-729
-1190
-664
-419
-598
-737
-470
-16
-380
-365
-568
-958
-1205
-1238
-950
-1057
-687
-662
-1287
-2122
-2556
-2157
-2181
-1741
-979
-641
-853
-1577
-1655
-1619
-1191
-402
337
797
858
1289
1368
969
667
956
1385
1430
1450
1661
1579
991
632
356
-52
-504
-190
650
732
144
-389
-356
-582
-921
-721
-473
-307
-424
-369
-12
215
322
-155
-723
-553
235
759
241
-257
-76
143
-20
-369
-148
77
70
117
25
28
-177
15
198
127
538
757
1037
802
511
636
397
336
277
864
1266
845
474
190
274
-103
-307
25
204
368
309
281
-265
-732
-140
577
605
170
310
673
633
549
558
346
-58
62
725
969
601
501
546
384
148
168
295
19
-16
175
47
-377
-788
-672
-440
-203
-127
-530
-795
-907
-722
-605
-620
-447
-610
-438
61
347
29
-608
-480
-326
-396
-187
164
250
-461
-900
-837
-966
-1176
-1110
-490
-411
-674
-754
-790
-966
-1339
-892
-296
-111
-71
-15
215
-19
-319
-164
22
110
132
291
543
437
149
-126
-163
-81
28
424
553
398
108
51
269
130
-49
22
418
524
-123
-461
-160
79
-281
-632
-229
109
147
129
130
181
86
132
220
337
702
939
916
743
635
612
445
477
509
499
580
619
606
126
-117
-63
-165
-184
2
473
157
-404
-326
-133
-32
-70
549
906
353
-25
225
652
454
299
514
723
743
615
493
331
322
345
-32
-455
-318
-54
-18
-201
-404
-680
-808
-238
166
-86
-478
-423
-47
-117
-130
-98
-292
-332
-14
637
606
102
-76
7
154
229
292
-94
-421
-69
233
-98
-591
-406
-176
-464
-506
-239
-197
-540
-662
-346
-351
-583
-598
-390
-203
-189
-28
-283
-982
-1342
-867
-51
-214
-562
-479
-220
-160
-500
-421
-402
-378
-175
-24
41
-241
-186
4
3
-89
153
648
495
80
-97
-29
0
-75
23
74
-18
1
-65
-360
-569
-449
-236
-304
-359
-141
-36
-190
-194
134
384
325
408
802
1146
1119
944
912
893
929
853
741
833
884
991
938
755
462
-31
-204
-19
368
414
165
-44
-215
-338
-518
-324
139
454
464
81
-148
-43
172
317
134
58
214
423
471
214
-18
-142
-47
13
-143
-263
-205
-26
-59
-261
-410
-382
-143
105
183
43
-79
85
221
132
-78
-126
139
226
166
161
152
-20
-348
-389
-260
-190
-200
-284
-326
-430
-433
-216
-38
-78
-247
-122
66
44
-78
-209
-214
-208
-11
222
181
41
-7
-34
-265
-647
-770
-619
-345
-185
-373
-616
-688
-432
-367
-625
-723
-477
-186
-290
-426
-476
-554
-628
-566
-439
-432
-299
-53
-12
-195
-310
-237
-177
-144
-36
93
192
273
221
28
-203
-345
-259
-36
273
262
-111
-339
1
623
820
715
676
808
972
1109
1323
1298
939
607
595
794
599
492
690
750
403
-237
-318
29
276
221
184
184
-19
-133
43
301
277
277
514
518
180
33
217
319
155
113
335
451
337
186
-29
-304
-377
-261
-151
-145
-158
-217
-384
-577
-597
-385
-100
-7
-141
-110
95
192
133
-75
-212
-199
-60
236
275
164
124
109
-89
-489
-566
-294
-80
-160
-230
-174
-324
-579
-493
-100
59
-83
34
309
294
87
1
40
30
191
458
460
10
-196
3
-204
-737
-1013
-623
-220
-346
-574
-718
-775
-934
-969
-884
-898
-743
-569
-506
-626
-626
-468
-501
-496
-298
81
304
206
131
174
108
-116
-238
-62
168
299
333
184
-192
-484
-405
-280
-161
-18
92
70
-74
97
537
807
745
723
1088
1544
1744
1630
1443
1240
935
725
790
959
826
613
442
72
-399
-540
-200
-36
-286
-388
-56
97
-104
-215
-129
-141
-175
110
494
598
296
66
-5
-3
120
233
280
139
37
-53
-183
-292
-420
-546
-593
-499
-451
-391
-355
-417
-550
-594
-341
-52
139
180
220
249
197
174
195
404
587
685
588
514
650
557
176
-215
-253
-44
161
282
175
-166
-531
-697
-498
-190
-29
-69
-79
73
55
-6
-111
-127
-91
-3
190
138
-18
-172
-294
-634
-972
-889
-581
-365
-435
-486
-623
-962
-1150
-1033
-774
-779
-804
-565
-389
-374
-423
-500
-534
-424
-135
130
275
296
264
183
-101
-321
-305
-25
152
131
141
96
-4
-250
-279
-136
19
209
339
365
333
468
656
679
566
689
1042
1254
1183
1057
959
760
514
432
485
503
401
158
-13
-233
-329
-306
-284
-236
-210
-5
193
246
92
7
76
97
295
550
615
457
253
268
251
148
141
155
150
123
134
64
-157
-330
-309
-246
-182
-76
11
141
152
-18
-142
-171
-7
325
489
443
288
236
206
154
209
266
363
327
261
272
176
-58
-320
-454
-470
-408
-242
-95
-139
-416
-731
-734
-571
-365
-192
-129
-113
-166
-174
-204
-253
-228
-202
-187
-180
-148
-147
-248
-443
-724
-833
-796
-744
-600
-428
-395
-688
-859
-760
-632
-609
-568
-303
-103
-51
-89
-136
-226
-227
-145
-96
-76
7
198
193
-42
-360
-463
-350
-223
-80
85
190
86
-107
-205
-206
13
297
411
461
549
783
934
916
776
726
929
1149
1241
1152
1022
845
653
520
449
389
263
181
135
44
-174
-280
-201
-100
-47
14
149
162
201
284
372
415
416
520
535
460
416
439
402
246
216
242
130
17
28
38
-200
-451
-447
-395
-389
-432
-336
-170
-205
-302
-462
-505
-316
-28
205
211
60
-61
-23
39
44
0
-7
73
42
-53
-76
-159
-320
-516
-630
-641
-536
-210
-5
-49
-304
-484
-432
-291
-61
130
268
259
131
37
-32
-132
-241
-213
-153
-193
-191
-191
-291
-534
-777
-820
-719
-533
-290
-95
-183
-493
-640
-509
-407
-309
-52
212
279
146
114
123
23
-92
-92
23
149
328
414
195
-171
-363
-356
-338
-260
-66
189
261
-8
-268
-328
-234
-51
134
256
357
510
701
757
546
398
418
544
653
666
655
578
382
134
38
47
104
232
259
154
64
3
39
55
57
167
313
391
354
383
423
387
303
301
379
390
395
418
403
263
101
30
-42
-73
44
157
101
-97
-202
-163
-123
-196
-250
-115
29
54
-69
-244
-334
-235
19
122
-10
-84
-25
59
-53
-289
-291
-126
-15
-65
-96
-153
-306
-409
-462
-435
-346
-112
150
146
-109
-361
-404
-325
-195
-60
8
-40
-148
-179
-247
-423
-484
-384
-326
-337
-308
-160
-125
-360
-600
-678
-627
-452
-199
76
219
95
-110
-267
-285
-180
-74
57
165
199
209
107
-45
-98
-158
-135
-9
82
165
142
4
-208
-419
-430
-287
-87
91
146
142
79
-10
-14
109
335
428
436
536
657
624
467
372
332
356
415
442
408
373
275
70
-150
-214
-20
204
304
256
129
42
41
88
120
217
300
258
234
271
355
304
101
55
171
268
232
179
184
175
52
0
72
52
57
89
142
104
-32
-18
34
41
35
76
193
203
91
-66
-167
-126
-6
115
78
-49
-94
-72
-126
-278
-336
-225
-97
-65
-135
-206
-202
-217
-243
-273
-216
-106
-5
91
42
-110
-256
-265
-226
-196
-230
-309
-358
-400
-430
-517
-581
-628
-548
-372
-259
-323
-489
-547
-544
-508
-406
-234
-66
22
11
3
-17
-19
37
45
47
164
306
347
246
44
-39
-6
18
37
95
151
111
48
62
36
-154
-231
-116
-10
58
81
170
214
109
1
-29
111
347
504
494
382
284
230
217
239
264
267
252
170
130
169
134
-6
-162
-151
-26
72
123
22
-41
-18
-20
19
81
198
252
177
120
216
290
259
203
209
285
272
230
231
243
235
205
219
322
336
240
226
283
233
154
167
228
268
237
230
207
133
9
-81
-107
-69
3
97
85
-143
-324
-379
-322
-334
-338
-252
-233
-288
-403
-432
-403
-389
-344
-329
-231
-118
-109
-141
-299
-406
-459
-385
-250
-194
-171
-261
-397
-488
-491
-477
-459
-428
-288
-194
-194
-266
-346
-379
-384
-202
-9
126
204
218
160
73
35
93
152
231
296
313
339
293
152
33
65
88
79
104
188
201
91
-38
-67
-122
-157
-114
-56
69
62
40
-41
-89
-53
8
70
159
247
228
147
42
53
84
89
31
62
130
123
24
-88
-92
-85
-58
-57
43
165
199
162
53
-11
88
268
372
418
420
378
303
231
265
326
252
207
298
388
341
202
96
120
149
111
165
285
359
267
76
20
84
98
132
199
217
119
-13
-33
-78
-136
-191
-193
-148
-101
-33
-88
-230
-349
-376
-347
-286
-126
-58
-88
-184
-335
-360
-309
-221
-130
-108
-121
-116
-124
-145
-227
-294
-262
-189
-127
-95
-94
-185
-248
-319
-322
-244
-167
-87
-111
-126
-180
-212
-206
-168
-61
17
114
133
113
23
-61
-69
-79
-14
51
72
59
51
-8
-118
-202
-247
-176
-44
-20
-31
-45
-155
-268
-265
-194
-141
-77
14
114
104
21
-21
-2
15
19
123
234
252
175
51
-57
-70
-27
61
165
191
143
89
33
-11
-10
16
120
204
308
396
341
296
260
237
264
334
505
641
679
532
334
239
188
245
265
313
307
221
167
114
76
34
24
55
174
227
236
193
78
-16
-74
-3
106
170
136
54
-53
-110
-143
-189
-184
-146
-64
-81
-99
-142
-244
-306
-351
-309
-231
-187
-202
-247
-311
-357
-356
-346
-287
-157
-71
-73
-120
-154
-196
-294
-304
-209
-114
-89
-114
-148
-194
-285
-379
-353
-257
-162
-94
-28
37
-41
-177
-227
-176
-65
-5
61
144
142
23
-121
-85
9
37
78
114
129
68
-25
-85
-110
-91
-56
-5
61
98
29
-64
-140
-207
-172
-29
94
136
111
-1
-29
-57
-26
56
88
133
134
193
158
77
-1
-51
-75
-43
110
221
236
93
-65
-75
-29
-2
114
234
275
255
241
246
244
247
260
324
394
445
432
382
282
205
96
70
155
234
294
221
142
48
4
-8
28
101
132
152
152
139
20
-47
-44
-4
60
62
107
112
28
-44
-108
-107
-100
-54
15
1
-47
-87
-139
-247
-309
-290
-176
-111
-96
-79
-126
-203
-277
-288
-229
-170
-131
-92
-70
-80
-144
-208
-271
-216
-88
10
79
50
-14
-159
-259
-217
-133
-93
-128
-137
-142
-214
-296
-291
-237
-231
-214
-168
-89
-61
-127
-183
-255
-263
-189
-83
17
35
-16
-92
-137
-153
-138
-110
-60
7
37
57
33
-11
-65
-66
-13
79
230
277
230
180
129
98
121
156
229
308
338
312
195
126
72
7
69
158
243
252
224
167
49
50
63
134
190
215
271
263
203
134
112
95
93
152
258
268
225
113
18
-28
-56
44
152
213
185
127
56
41
51
76
104
74
89
121
121
76
3
-58
-79
-40
27
47
53
7
-54
-115
-142
-157
-194
-177
-165
-86
-84
-157
-214
-297
-295
-228
-130
-66
-27
-87
-167
-176
-196
-151
-85
-35
-40
-40
-1
-38
-100
-89
-59
-6
85
111
69
-6
-55
-69
-58
-70
-68
-85
-145
-168
-139
-119
-199
-242
-261
-236
-183
-73
-26
-111
-188
-269
-262
-208
-98
-25
-30
-98
-135
-132
-136
-116
-100
-50
-38
-10
22
47
-9
-74
-80
-55
65
128
183
171
113
70
16
44
121
202
244
236
211
163
121
148
119
104
139
208
249
197
192
183
133
73
144
230
295
280
234
220
124
61
41
114
150
158
176
151
102
114
128
96
85
84
116
137
119
79
68
52
-2
-78
-31
33
19
-7
16
-15
-73
-58
-68
7
-7
-41
-60
-95
-114
-125
-80
-90
-116
-125
-57
-22
-61
-57
-86
-116
-91
-65
-13
-25
-100
-141
-152
-114
-73
-46
-31
-45
-81
-71
-82
-92
-89
-107
-110
-128
-99
-73
-100
-164
-189
-160
-139
-102
-80
-126
-178
-169
-149
-141
-138
-135
-136
-136
-154
-186
-169
-145
-157
-152
-79
-14
-8
31
61
26
-9
-35
-13
30
75
114
90
77
40
3
32
47
95
123
142
126
127
110
35
56
89
120
139
181
170
145
149
80
43
64
104
132
167
160
116
100
95
84
95
110
161
206
183
185
158
113
112
104
114
127
130
164
123
49
43
48
26
39
48
47
60
32
13
-16
-52
-89
-107
-70
-56
-69
-74
-127
-135
-113
-132
-114
-65
-12
-33
-48
-35
-45
-57
-56
-27
-5
-14
-15
-14
6
21
-27
-35
-50
-44
-43
-58
-55
-68
-62
-32
-25
-32
-6
-22
-42
-56
-40
-22
-47
-64
-79
-96
-101
-110
-116
-99
-88
-99
-93
-69
-89
-83
-94
-117
-98
-63
-30
-19
-28
-72
-94
-119
-124
-105
-73
-25
-50
-54
-19
-12
-27
-22
-1
-1
22
48
96
110
91
73
44
65
75
97
123
117
68
57
45
5
13
3
32
41
54
99
88
82
44
30
38
38
60
81
67
35
28
-49
-54
-19
-12
11
15
29
37
51
50
34
6
38
70
105
120
107
103
55
58
45
49
72
50
55
47
50
94
65
37
41
68
100
79
97
85
54
25
4
-21
-20
-15
-20
-4
-21
-51
-107
-87
-71
-74
-68
-38
-29
-34
-12
-1
43
23
-6
4
-2
3
10
34
36
-13
-43
-74
-55
-72
-129
-89
-56
-40
-80
-85
-71
-98
-78
-86
-48
-12
-63
-85
-107
-129
-89
-78
-88
-95
-84
-91
-92
-72
-86
-103
-108
-78
-94
-86
-10
27
19
28
66
50
38
35
41
47
12
-12
-21
-14
-3
-6
12
12
-22
-19
17
23
28
31
18
23
35
54
44
43
48
14
-3
-30
-10
4
-7
13
9
27
-6
-6
7
25
60
34
57
66
77
90
64
38
57
70
61
58
64
85
82
72
64
76
68
41
56
81
88
104
116
106
71
65
56
53
91
57
32
20
10
4
-10
-15
-47
-44
-53
-37
20
22
-7
-10
-25
-73
-37
-2
-17
-32
-15
22
10
-7
-17
-5
2
-22
-26
16
20
3
0
-17
-7
2
4
-10
-24
-7
-3
-46
-65
-48
-79
-91
-94
-96
-87
-95
-97
-112
-133
-118
-116
-135
-104
-101
-46
-22
-40
-18
-35
-25
-22
-1
-11
-32
6
3
-13
-26
-11
-16
-52
-69
-53
-16
-21
-22
-13
-7
12
0
-6
13
-7
-16
-16
6
37
32
23
19
7
6
-1
16
42
10
5
2
2
-9
-19
26
34
14
21
66
56
-7
0
-7
-19
-12
7
28
16
18
22
40
39
62
79
78
97
93
92
86
86
86
99
85
67
85
103
78
76
97
96
75
41
58
67
58
59
71
54
49
63
37
37
32
16
0
13
9
12
-3
-48
-55
-65
-38
-56
-53
-38
-54
-48
-40
-1
17
22
32
13
0
-6
-29
-48
-26
6
-23
-53
-53
-51
-46
-89
-89
-58
-51
-35
-63
-55
-52
-53
-70
-56
-22
-41
-19
-47
-23
1
-35
-46
-44
-62
-59
-51
-91
-117
-151
-130
-110
-119
-106
-80
-66
-63
-38
-25
-44
-43
-28
6
-22
-47
-28
-22
-19
-64
-40
-30
-27
-7
-37
-42
3
34
10
7
26
16
8
46
47
54
55
31
15
37
70
76
115
112
106
65
51
56
59
90
59
41
45
63
70
86
104
121
117
77
70
79
84
65
80
79
48
29
29
36
63
114
82
89
95
87
105
79
74
50
57
88
56
53
66
13
28
55
51
46
3
-18
-38
-36
-38
-18
-18
-50
-61
-74
-54
-57
-54
-32
-39
-79
-86
-82
-79
-73
-62
-46
-95
-95
-69
-72
-56
-50
-78
-84
-67
-40
-38
-54
-70
-69
-67
-76
-51
-52
-64
-76
-95
-91
-40
-39
-34
-33
-62
-76
-111
-88
-114
-115
-87
-74
-88
-104
-58
-38
-25
-38
-11
4
-18
-25
-13
5
1
2
10
17
6
-13
-20
-7
14
33
42
62
52
53
64
54
55
39
60
73
82
103
101
70
80
97
75
84
79
72
44
35
53
54
70
110
121
85
67
86
107
92
76
87
94
73
72
104
79
36
44
32
32
43
40
10
-12
13
8
-11
-25
14
-1
-19
-13
-23
7
-6
0
16
21
0
-4
-3
-2
3
-20
3
-19
-23
-13
-76
-73
-61
-66
-48
-38
-3
-16
-41
-2
-6
-19
-28
-52
-58
-56
-68
-92
-73
-63
-59
-73
-97
-88
-91
-90
-65
-79
-107
-83
-94
-58
-6
-3
5
-5
-13
-9
-12
-18
-41
-31
-3
-23
-45
-67
-40
-22
-28
-59
-64
-26
-53
-41
-15
6
20
3
29
55
36
40
50
39
19
-16
-22
6
7
-23
-18
13
11
24
37
43
48
42
60
51
68
66
59
66
75
72
61
67
35
61
84
54
22
-3
-24
-31
-5
-13
-9
25
18
21
31
67
95
114
158
123
104
77
43
48
36
34
25
25
17
-12
-29
-51
-27
-21
6
21
13
18
-14
5
3
15
21
24
4
-9
7
-5
-1
-23
-20
-22
-26
-23
-40
-39
-21
-39
-38
-19
-16
-22
-24
-25
-12
4
-44
-60
-69
-38
-56
-69
-48
-78
-84
-104
-95
-89
-72
-83
-40
-22
-42
-30
-25
-1
-11
5
-8
-2
25
18
-14
-6
13
3
13
0
0
-28
-2
4
-28
10
9
-13
-35
-35
-12
-9
9
17
0
25
39
38
55
49
25
31
49
28
18
12
33
20
19
32
-3
-6
5
-13
-29
-26
-29
-10
-29
-19
-23
-29
-27
-31
-19
-16
-19
-24
4
-18
-13
-8
3
13
28
28
-17
16
32
35
23
1
3
35
81
81
76
80
54
60
80
60
72
70
58
45
32
54
50
38
19
29
40
9
17
37
45
29
32
37
37
48
46
25
4
-14
-31
-18
-16
-15
-31
-54
-72
-83
-79
-76
-50
-27
-19
-41
-73
-72
-62
-69
-40
-5
-10
-6
-58
-52
-20
-34
-1
-3
5
-8
-1
4
-2
10
-18
10
-6
4
24
-23
-15
-23
-34
-18
-31
-30
-15
-14
-6
-34
-39
-11
-16
-31
-35
-36
-32
3
24
37
22
26
16
3
22
4
1
-7
-10
-16
-22
-24
-29
-24
-32
-59
-22
-18
-44
-34
-56
-17
-30
-38
-15
19
31
2
-1
-2
14
16
40
78
79
50
39
27
42
37
13
33
56
33
11
33
41
40
31
28
38
50
30
2
-9
4
-32
-20
-7
-15
-25
-44
26
17
20
39
49
47
49
70
47
70
65
63
66
47
31
12
28
41
6
12
16
1
-5
-10
13
-21
-32
23
25
-19
-17
-22
-34
16
32
4
9
23
1
-3
16
-13
-28
3
-5
-16
-19
-35
-65
-59
-36
-31
-18
-34
-22
-38
-70
-59
-71
-61
-58
-77
-72
-62
-45
-50
-48
-33
-45
-48
-44
-21
-16
-19
-14
-11
-20
0
13
0
34
34
18
-3
-3
-4
15
29
13
9
-3
-4
-31
-33
-54
-48
-31
-62
-81
-71
-54
-66
-40
-7
-19
-47
-19
18
27
33
45
34
33
35
30
56
34
34
40
64
101
73
77
75
87
78
42
59
54
13
16
38
49
44
30
62
53
29
14
41
70
59
48
32
28
15
22
25
54
41
44
56
28
28
-6
-1
-4
-9
4
-7
-31
-63
-59
-50
-42
-38
-59
-51
-50
-45
-10
-7
-16
-5
-28
-18
6
3
13
-3
-5
-12
-4
-15
-11
3
-34
-34
-28
-19
-18
13
7
-13
-1
-9
-9
-19
-32
-23
-7
-12
-13
-39
-57
-64
-46
-33
-32
-22
-36
-32
-23
-5
6
-8
-9
-22
-44
-16
-14
-13
-16
-39
-7
-22
-15
-16
1
0
-32
-16
-11
16
-16
-20
-14
-4
13
6
16
13
3
-19
-3
18
32
39
8
15
32
33
35
16
41
33
55
58
18
13
-16
-13
-13
23
31
22
23
0
-28
-5
19
1
12
38
32
10
18
-7
-9
-5
0
3
-12
9
24
14
-8
0
25
35
38
49
22
23
39
38
40
15
8
4
15
20
32
23
-3
4
20
43
51
66
55
41
54
51
15
-6
4
15
-1
-2
7
2
4
-7
-15
-19
-1
-10
-49
-72
-46
-48
-68
-39
-16
-26
-41
-34
-24
-13
-22
-28
-37
-10
0
-15
-6
-35
-59
-70
-61
-48
-43
-34
-52
-57
-49
-21
-16
-31
-21
-12
-9
-25
-16
3
-15
-38
-29
-67
-68
-30
-52
-41
-21
-24
-29
-14
-4
6
-8
-9
4
7
35
15
-24
21
31
14
41
28
36
31
18
15
-15
-13
-13
-21
0
15
19
35
30
22
50
66
81
104
82
63
66
70
67
66
45
40
35
29
45
10
-2
1
7
27
14
18
19
33
15
3
53
40
26
26
22
24
21
4
-7
4
-10
-16
5
47
10
-13
0
-16
-5
1
1
-9
-13
-29
-11
-13
-7
-3
-29
-32
-33
-15
-6
-19
-23
-2
-28
-16
10
1
-23
-28
-6
-12
-11
-6
-19
-48
-44
-30
-11
-29
-25
-15
-31
-37
-36
13
0
0
-8
-41
-33
-44
-61
-60
-61
-75
-65
-50
-21
-24
-35
-12
-14
-26
0
-18
-50
-11
-13
-31
-12
29
24
-19
9
-3
1
45
31
37
39
23
5
8
41
22
25
15
-4
16
-8
-1
-6
0
12
22
42
5
0
18
29
15
13
26
42
48
32
54
69
59
35
16
0
0
12
-6
-4
-6
-6
22
16
-6
-3
19
23
16
12
-3
10
-3
-22
13
28
20
19
32
34
5
23
50
12
-8
9
13
7
12
10
12
16
15
8
18
27
30
13
-22
-3
4
-14
-22
-23
-38
-12
-10
-15
-7
-23
1
-11
3
-9
-16
-10
-12
-15
-37
-22
-10
-22
-24
-17
-26
-25
-48
-35
-34
-24
-33
-25
-26
-51
-17
-13
0
-15
-12
-18
-28
-28
-21
-25
-27
-13
-36
-36
-31
-13
-32
-26
6
3
18
7
9
-6
2
4
-8
23
-16
-19
-25
-5
8
-21
-4
13
19
-15
-7
0
-4
-5
10
7
15
33
38
40
11
22
6
39
43
37
50
19
32
19
13
9
-2
36
31
13
25
15
10
-15
0
29
9
0
-2
-4
16
-1
-3
14
4
21
-19
-21
-17
-9
27
18
11
-16
-9
3
-1
7
11
6
11
19
48
33
18
13
13
41
35
35
-11
3
32
44
49
49
71
41
33
4
5
0
-9
5
-6
-12
-9
1
-6
-1
-17
-25
-2
3
-6
-6
-7
-2
-10
-28
-49
-63
-25
-43
-41
-49
-72
-38
-59
-63
-57
-73
-64
-57
-42
-31
-14
-7
-9
-35
-38
-9
-41
-11
-22
-34
-38
-47
-30
-35
0
-21
-25
-17
-5
-10
-2
-3
-8
11
0
-3
-21
2
18
6
19
20
7
16
17
30
31
29
28
35
49
35
23
14
28
28
62
52
41
33
27
47
14
9
13
28
5
5
30
15
-5
-1
-6
-7
0
0
-3
-13
-35
-29
28
14
-16
-6
23
6
9
12
1
18
22
18
17
47
28
35
24
32
21
-9
34
42
56
47
2
-2
18
25
25
11
27
16
14
11
0
34
29
16
-29
-12
28
13
-23
-41
-29
-32
-25
-35
-45
-42
-57
-78
-48
-7
-28
-46
-41
-52
-31
-44
-54
-26
-1
-7
-48
-44
-10
2
-14
-1
6
14
14
-30
-47
-12
-19
8
1
-15
13
-7
-13
-10
12
7
-7
-12
-25
-41
-34
-42
-19
-4
-31
-33
-26
-30
-18
5
-33
-10
-12
-6
-9
-12
7
2
6
-31
-26
25
21
-16
-7
-5
10
-13
-1
17
13
31
51
69
48
60
35
36
28
12
14
19
42
37
47
56
47
27
21
9
48
53
39
60
28
30
48
36
25
22
17
41
39
40
50
25
3
15
14
-4
16
-10
3
2
-13
-13
-9
-24
-30
-7
-31
-8
-22
-31
-38
-43
-39
-47
-33
-45
-29
-10
3
-7
-13
-2
16
34
31
15
31
6
-32
-16
-8
5
-22
-49
-40
-13
-25
-67
-62
-54
-34
-12
-5
-4
-11
-10
-22
-26
-19
-32
-38
-33
-16
14
3
-18
-5
-10
-26
-16
6
-5
18
34
27
10
-17
-25
-10
-4
10
29
-30
-34
-40
-33
-5
-34
-29
-31
-18
4
9
12
0
13
3
-12
-5
-1
19
-5
-3
14
2
-3
1
2
2
10
1
-9
31
19
-10
46
47
75
89
66
67
79
63
31
40
34
25
27
48
37
47
31
25
19
6
28
13
28
25
33
13
14
24
-9
-1
0
3
-16
-18
-32
-23
-18
-37
-35
-25
-5
-13
-13
-3
3
-2
-5
-5
15
16
-9
-3
-16
-17
2
-12
-28
-39
-25
-31
-50
-25
-16
-28
-36
-24
-19
-23
4
-2
-1
8
-6
10
23
41
4
-34
-3
-6
-26
-29
-27
-22
-19
-26
-50
-43
-7
-31
-25
6
-12
-6
4
1
-1
6
8
-11
-25
-44
-34
-36
-54
-36
-38
2
12
-7
3
-4
10
35
52
33
45
41
39
48
23
10
-5
8
-4
-3
10
0
9
-22
-30
12
9
-2
4
27
9
16
43
25
25
16
47
61
62
41
33
44
32
44
10
12
4
2
20
0
-5
-1
-9
0
11
-1
-15
-32
-21
-5
16
19
0
14
15
-2
-10
-4
2
-9
-17
-18
-5
10
10
-17
-29
-24
-8
4
-20
-15
6
3
-16
-7
13
-16
-3
6
-16
-5
-1
-26
-45
-12
-19
-30
-3
-14
-13
8
11
17
6
2
-16
-42
-7
-19
-20
-20
-21
-15
-10
21
13
-3
-15
1
7
14
25
13
6
25
16
31
18
-34
0
-10
-10
12
7
9
-1
-23
-20
-11
8
4
-16
-10
9
13
-22
5
11
-19
-32
-3
14
-19
-21
-9
22
21
7
-24
-33
-22
-16
-9
-2
-16
-37
-16
-12
4
13
23
0
-25
17
21
18
19
20
4
10
44
25
28
45
49
30
31
35
2
-1
16
16
2
17
-7
-11
15
-9
-1
5
10
9
1
-2
0
16
0
12
30
27
32
15
16
27
19
10
-11
-22
-30
-43
-31
-26
-37
-28
-39
-27
-18
-25
3
-11
-21
-10
-27
-40
-29
-39
-11
18
0
9
5
-3
12
23
-4
-2
15
9
12
-9
-17
0
13
24
11
5
19
-1
17
6
-10
21
25
33
-10
-13
-1
-21
-18
0
39
29
3
-14
-6
9
5
18
19
-12
-15
-28
-8
4
-23
-22
-51
-33
-21
-21
3
-8
-16
-11
-32
-6
7
-12
-8
-34
-34
-18
7
-6
1
3
-14
-24
-30
-11
-3
15
23
30
22
23
15
16
28
53
33
18
46
27
56
50
34
35
30
0
-11
12
-6
6
19
35
20
-13
4
2
16
28
11
9
-6
-15
-42
-41
-2
7
-4
-37
-31
-29
-56
-66
-56
-57
-61
-44
-26
-16
-10
2
3
0
6
12
7
9
8
4
-9
4
38
47
41
10
16
3
22
28
4
0
-4
-1
-20
12
8
22
18
-8
12
40
66
27
30
35
3
-11
-13
16
10
29
37
-16
7
10
13
23
16
19
4
-10
-23
-16
-12
-3
-12
-31
-42
-45
-45
-24
-39
-35
-11
-31
-26
-38
-21
1
7
-3
-11
-3
-17
-16
-30
-13
7
-10
10
-7
-1
6
-6
-1
-12
19
13
12
10
-18
-29
-26
-13
-3
-12
11
2
-26
-25
-19
13
-11
-8
6
-26
-47
-29
-15
10
6
-14
-12
-10
28
9
17
44
30
18
31
24
19
41
9
11
39
25
26
26
11
2
2
26
22
28
29
20
7
14
31
22
28
17
28
4
4
33
43
22
9
3
-22
-28
-31
-17
-14
-3
-4
1
2
12
-10
-19
-2
12
5
-9
-10
-24
38
33
-5
-1
2
9
6
-12
-6
-6
-6
-20
-48
-21
-41
-13
-25
-36
-30
-48
-25
-15
7
-13
-16
9
33
0
-27
-12
-20
-29
-5
9
-26
-33
-56
-62
-5
11
2
3
-10
-17
7
12
25
10
-11
22
4
10
23
30
34
2
17
0
2
6
-1
13
0
8
-4
-17
4
-19
-26
-25
-13
2
-31
-29
-18
-31
-6
19
21
10
-30
-13
6
14
16
5
2
-12
-2
6
10
0
9
5
-6
19
27
14
22
16
16
25
48
41
-3
10
10
35
34
39
43
6
10
22
56
71
63
33
23
31
30
31
37
2
-6
-10
-35
-32
-22
-7
-4
-3
-31
-10
-34
-40
-22
-23
-26
-43
-14
-24
-22
-2
-1
1
9
-24
-19
-43
-41
-22
-9
31
0
-22
-46
-10
-10
-32
-32
-17
-3
-19
-30
-28
-13
-35
-25
-18
14
2
-6
17
-11
9
20
9
22
21
7
0
-7
13
1
10
12
-16
-15
-33
-3
10
13
-7
-7
0
1
14
-2
-6
-15
-19
-28
7
1
-2
26
36
16
9
58
29
2
-12
20
26
11
26
3
8
-11
18
26
23
32
5
7
10
42
28
25
7
3
52
37
23
19
-6
-19
-8
7
35
34
1
-10
-47
-57
-26
-22
-37
-48
-38
-25
-38
-42
-3
-8
-22
-24
-35
-16
13
9
-7
9
-20
-12
-7
-7
-9
7
32
4
23
23
9
-14
-8
18
25
22
12
14
-9
-3
27
32
30
28
40
40
42
63
48
-1
-21
-13
1
27
16
3
9
-11
-6
14
21
25
-2
-69
-89
-66
-39
20
15
6
-18
-44
-39
-64
-46
-34
-12
-7
-7
-5
-47
-57
-61
-47
-27
-18
-38
-53
-42
-14
0
-7
8
38
29
2
-1
-9
8
12
23
14
-29
-25
-19
-4
25
15
6
12
-15
-20
17
16
9
-7
-15
-7
17
63
68
86
76
41
9
-16
-39
-16
46
67
68
60
39
11
70
95
120
127
71
22
-28
-1
3
25
36
-26
-64
-78
-79
-36
3
6
-18
-24
-41
-38
-57
-59
-34
-35
-7
-12
-5
-12
-28
-24
9
15
7
-3
-36
-26
-18
3
7
9
8
-32
-38
-7
16
24
16
3
-33
-66
-56
-20
16
-1
0
45
34
18
12
26
40
35
43
29
0
-16
-19
7
50
25
9
-3
-43
-38
-4
28
35
18
-49
-99
-95
-90
-70
-33
-9
-61
-70
-51
-13
41
48
42
9
-10
-35
-16
5
9
39
31
-8
21
16
-24
19
63
80
41
12
-12
-25
-38
6
17
-6
3
-15
7
9
53
63
56
37
18
47
22
34
25
10
13
0
10
15
28
10
1
-5
-25
-15
-22
-47
-32
-23
-43
-22
-12
-15
-28
-22
-28
-26
-6
13
12
-10
0
-19
-19
27
35
-2
24
35
31
23
27
46
32
44
22
6
22
48
38
35
34
21
-18
-35
-11
-2
25
-9
-16
-36
-59
-25
-20
-29
-10
-13
-53
-69
-59
-57
-63
-51
-53
-53
-67
-68
-62
-62
-26
-19
-16
-27
-25
2
3
5
41
68
51
24
10
-4
12
27
39
70
60
29
35
47
12
14
43
58
40
4
-3
-4
-2
4
21
20
9
-12
1
3
0
11
18
33
-18
0
0
-30
0
22
55
31
0
-25
-11
-19
-14
0
-21
8
-20
-35
-24
10
31
-9
-1
-1
-22
-24
-7
-21
-32
6
-16
-45
-16
17
28
42
39
38
39
6
-10
3
10
4
-12
12
11
-18
-17
-20
0
-14
-35
-34
-28
-16
-35
-27
2
8
-9
-21
-22
-12
5
18
40
60
32
-8
-6
-3
-3
6
3
3
-6
-32
-24
1
0
-8
-2
-2
-3
-6
-9
14
14
3
3
12
17
-6
12
31
20
20
48
9
-3
11
-19
17
-20
-35
-37
-20
-15
-31
3
8
16
-16
-4
3
13
7
6
38
29
-1
7
23
19
44
23
10
17
-10
12
19
-4
25
7
7
9
-8
3
-3
25
37
10
-10
-15
-43
-32
-10
-20
0
-25
-35
-27
-36
-28
-29
-27
-33
-45
-65
-50
-29
-5
1
-1
-8
-51
-10
-3
-19
-12
-7
10
-5
-48
-48
-16
-13
8
1
22
22
-2
11
26
35
53
62
79
68
33
19
10
56
59
66
54
25
32
21
21
45
57
37
47
16
-4
3
-4
-4
-9
-16
-31
-30
-45
-36
-38
-22
-18
-59
-35
-6
-22
-26
-19
-6
-3
-4
-19
-44
-18
-24
-37
-17
-12
-28
-50
-23
15
0
25
42
-3
18
19
17
23
30
48
15
25
29
14
6
27
28
8
26
-3
-12
3
18
39
26
1
-29
-31
-20
-30
-20
-13
-15
-24
-49
-57
-31
-15
-14
-11
-29
-36
-28
-45
-43
3
10
25
28
-13
-13
-10
-27
-26
-21
-14
-7
-24
-23
-25
-10
23
37
27
28
12
-7
14
29
47
68
78
37
31
38
55
59
43
47
23
20
24
32
31
37
29
-9
-36
-16
-7
-12
-16
-7
2
9
2
-49
-22
-20
-35
-15
4
-17
-38
-24
-28
8
5
-14
-22
-19
-15
-29
-25
8
-1
-26
-9
-24
-2
3
-6
1
9
3
-3
-12
-21
3
6
8
-18
-11
11
11
8
23
37
36
35
9
-1
6
11
-6
6
19
-3
-18
-10
-15
-26
-6
-6
1
-6
-17
-14
-19
-6
-6
-14
-15
-9
-16
-10
-5
-11
-1
-12
6
12
8
19
6
9
21
-1
-17
-12
-12
-2
-5
16
39
43
42
28
23
16
21
48
4
18
70
29
23
-3
32
46
29
29
-12
-33
-18
26
-11
-25
-12
-6
-17
-44
-4
-7
-37
-23
-4
-29
-37
-32
-25
-11
-36
-13
-18
-66
-71
-38
-25
-28
-7
3
-7
-35
0
4
-19
-22
-19
8
-7
-12
-5
10
7
-1
13
13
25
14
17
36
31
23
19
17
-3
-16
-15
23
25
-23
10
15
1
31
48
41
32
33
-1
14
26
31
37
38
49
31
43
35
35
44
65
54
19
17
-7
13
6
-4
-2
-19
-4
-50
-57
-32
-41
-15
-12
-7
3
-33
-78
-54
-26
-47
-52
-42
-28
-35
-44
-41
-34
-7
-12
-50
-41
-36
-32
0
2
-9
-19
-17
8
3
-5
-17
-4
23
-1
-9
-2
13
-6
-2
25
13
9
32
19
20
31
13
52
21
-3
23
1
12
26
25
48
34
11
13
28
23
22
34
20
28
-6
7
-2
-3
16
-21
-12
-17
-20
-27
-22
-44
-30
-23
-31
-23
-31
-13
-12
6
4
-2
-2
21
16
7
13
20
38
33
35
27
9
-3
7
2
-4
10
-13
-16
19
1
26
35
4
0
-12
-18
-13
23
-4
-12
-22
-35
-23
-24
7
16
15
-1
-20
-31
-32
-18
12
22
25
20
6
12
12
9
-3
-5
-41
-58
-35
-39
-36
-31
-13
0
-6
-22
-34
-19
3
5
2
-6
-6
12
15
22
53
57
25
19
8
-8
-1
-10
0
30
14
14
-8
-31
11
14
12
25
24
-13
-35
-29
-10
0
4
8
-41
-42
-32
-6
6
-21
-32
-47
-34
-17
0
21
33
30
23
-16
-1
0
12
55
48
69
28
-10
-3
17
39
51
48
2
-51
-35
-3
-2
25
34
16
-9
1
8
9
10
5
33
51
53
1
-36
-32
-43
-35
-6
12
6
-17
-33
-29
0
29
23
1
-10
-20
-53
-58
-28
-19
15
15
-1
-43
-54
-18
-16
12
17
33
7
9
-9
-24
9
-31
-6
13
15
-4
-45
-30
-19
4
5
-10
4
-4
5
-3
0
18
16
-9
-30
5
-3
14
31
15
-25
-33
-16
-42
44
99
71
17
-31
-45
-35
12
41
76
63
28
-10
-20
16
41
67
66
10
-9
9
-15
15
26
39
58
44
6
-13
-9
-28
10
5
-19
-37
-52
-36
-24
4
