4
1
-4
-21
-34
-46
-39
-37
-64
-49
-26
16
-11
-42
-9
-9
-5
-16
-9
8
20
-40
-35
3
0
25
31
66
41
28
42
67
35
1
11
-21
-9
-13
5
-7
-47
-44
-14
12
10
-4
-10
5
-18
-16
17
30
13
6
-7
-10
-7
-21
-28
-6
22
23
14
-9
-19
-44
-38
-25
-21
5
-9
-48
-27
-22
-55
-56
-40
-2
-3
3
2
-23
-28
-6
4
19
27
22
22
17
32
13
11
23
28
23
-1
-14
6
9
6
25
38
29
-13
11
17
24
7
4
37
32
79
71
83
101
72
86
50
24
-1
-10
4
-10
-10
-17
-10
-25
-20
-17
-31
-50
-50
-12
-31
-48
-31
-41
-34
-17
-26
-9
2
-25
-56
-61
-22
-22
-32
-12
-31
-36
-15
19
22
7
-30
-17
23
-11
-13
-23
-18
-12
-53
-35
10
-1
-1
-6
-21
-24
-22
-12
-7
6
18
31
1
30
42
29
34
-3
2
9
20
42
41
50
58
19
3
-20
-13
16
4
9
-2
13
11
21
51
55
17
25
54
19
16
36
25
-5
5
-22
-7
16
-29
-11
-11
-39
-7
-3
-25
-40
-38
-32
-54
-27
-10
-2
-32
-28
-7
-19
-2
-16
-9
-5
-28
-9
38
32
-3
-4
-11
-29
-25
-8
-2
5
14
-3
-7
21
37
25
34
58
64
21
16
41
7
-3
9
21
-1
-30
-19
-20
-46
-50
-45
-41
-24
5
30
28
-3
-58
-43
-2
-6
-14
-7
6
5
18
53
56
33
22
6
-7
-1
4
8
25
26
6
11
0
9
7
-3
-1
-7
-16
-42
-43
-42
-32
-46
-21
-27
-41
-18
-57
-20
9
1
-6
14
57
43
21
20
22
15
15
10
25
12
0
-1
-6
-13
-22
10
-6
-12
9
-12
-5
31
48
36
29
2
-11
-16
13
11
-11
35
20
18
14
6
29
23
18
-21
-45
-22
18
50
31
18
3
-22
-9
1
-10
-45
-61
-37
-30
-24
-36
-37
-29
-46
-14
-12
-16
-13
-9
23
12
9
11
17
31
21
22
12
-6
17
24
49
38
4
-28
-43
-17
-54
-33
-25
-31
-45
-57
-17
6
-1
-25
-28
-11
6
-2
-2
-16
-10
12
22
68
76
33
12
28
60
41
17
21
11
-6
-1
16
2
38
44
41
32
25
53
32
12
6
8
12
-7
-28
-4
-6
-32
-33
-8
-46
-66
-32
-41
-18
-12
-13
-13
-41
-2
25
-17
2
-3
-15
-9
-26
-17
-16
12
9
0
-4
-24
1
-10
-6
-23
-38
-5
14
5
-22
-6
6
5
-9
20
45
45
14
-6
24
19
63
46
53
56
12
13
0
23
32
24
22
16
-6
12
25
1
-37
-55
-22
-32
-46
-55
-62
-42
-29
-31
-14
2
-10
-4
-22
-38
-26
-12
13
-22
-31
1
-32
-21
-32
-63
-38
-24
-29
-50
-28
-10
26
17
35
70
65
84
29
43
43
39
47
60
50
17
43
31
37
24
32
33
22
12
34
40
53
51
-17
-7
15
30
-19
-36
-7
12
17
-4
9
-25
-50
-68
-60
-29
-14
-6
-36
-21
-41
-71
-35
-20
-38
-25
13
-8
-8
15
-1
-10
-3
-12
-14
27
34
12
-23
-19
15
1
-17
-9
-32
-63
-61
-33
6
-13
10
19
-9
-6
-4
15
-6
10
15
10
26
37
55
57
44
11
23
14
-20
-8
22
27
8
10
16
-8
-1
-3
-14
-15
-20
0
-5
13
10
-12
0
-30
-38
-3
-16
-20
15
22
-3
-37
-36
-21
-17
-22
7
0
-31
-15
-3
2
-3
26
36
34
56
60
19
7
26
17
29
39
37
39
21
8
40
48
41
37
24
27
16
-5
-14
-6
1
1
-14
-16
-9
-21
-11
9
-6
-13
-34
-26
-19
-26
-3
-16
-43
-25
-11
-31
-37
-59
-72
-78
-70
-36
6
1
-28
-31
-38
-2
0
5
-3
-6
7
7
25
26
12
-11
-10
-17
-30
-13
13
10
5
-2
20
25
6
33
24
38
31
10
53
61
25
19
9
-9
1
-6
16
34
41
42
12
-11
-4
1
-9
-26
-7
13
-29
-19
-9
-5
-34
-29
19
-8
-13
-33
-19
22
6
28
26
0
-11
-16
22
23
25
51
51
38
33
29
35
32
33
16
-12
-1
-21
-27
-47
-23
-5
-22
-21
-17
-23
-61
-32
-24
-14
-10
-12
-1
-28
-22
-47
-19
-10
-59
-39
-56
-69
-66
-20
8
7
13
12
-10
-12
20
29
68
57
56
37
48
49
21
34
35
50
4
4
23
8
-8
-17
-20
8
-5
-12
-3
-31
5
-7
4
-18
-28
0
13
25
5
31
-8
-6
13
5
-2
0
21
-10
-3
-8
-12
-9
-21
-3
-6
-15
-37
-24
16
-7
-5
-15
-16
9
13
26
-11
-21
-26
-45
-9
-13
-16
-51
-49
9
-12
-2
20
24
26
46
40
20
0
-7
37
45
43
27
6
-4
-26
-36
-3
6
4
21
43
51
58
59
36
25
-8
30
32
25
22
-8
35
11
-7
15
10
-1
-6
-1
-29
-47
-19
-33
-40
-25
-43
-40
-48
-40
-58
-72
-50
-53
-35
-53
-39
-11
-3
-3
-16
-9
-45
-61
-63
-24
11
-14
6
10
28
57
58
63
15
28
60
51
50
46
50
31
20
40
33
9
18
34
53
28
-15
-15
6
12
-21
-27
-5
33
14
-16
-16
-50
-62
-63
-36
-3
-22
-23
-2
-4
-21
-36
-6
13
12
38
4
-25
-16
-32
6
23
-8
22
22
24
32
29
44
10
-3
3
0
5
-9
-6
-7
-18
-6
8
19
33
14
-13
-11
16
28
38
29
19
11
4
-4
-10
1
-17
2
-6
-9
-3
-5
17
15
-7
-25
-12
1
30
-1
-6
-15
-21
-21
-64
-57
-61
-34
-15
-5
-1
-3
2
-4
-20
-5
4
-7
-4
-38
-13
-11
-22
-24
-26
13
13
19
10
17
17
-13
-10
-13
5
24
6
-5
-18
11
13
-2
20
-3
-32
-18
21
34
44
46
59
12
0
38
35
43
14
-10
13
18
4
32
18
8
-28
3
48
-8
1
-2
8
-3
10
26
6
-11
-12
-8
8
-3
-50
-33
-22
12
-16
-22
-2
-20
-4
-13
-3
3
25
40
21
-4
-14
-9
-15
-26
-44
-57
-22
-9
-20
0
-13
2
20
19
26
15
22
-17
-35
-15
5
41
60
22
2
-3
-3
25
-10
-16
-25
-25
-13
-35
-22
3
-10
-1
-15
3
40
36
52
22
38
36
40
28
25
53
38
-4
-28
-18
-38
-23
-65
-55
-33
-75
-59
-45
-47
-23
7
16
-42
-66
-61
-41
-25
-42
3
-22
-9
-14
-31
-8
-32
-6
9
7
-3
8
30
29
49
33
27
76
77
77
74
79
74
61
38
51
77
68
78
82
94
22
5
6
-25
-21
-4
28
13
9
-21
-49
-44
-20
-10
-22
-24
-29
-25
-4
-22
-44
-26
-47
-33
-25
-43
-25
-52
-31
-22
-25
-23
-31
-40
-60
-13
-12
16
7
-12
-13
-26
-34
-52
7
-10
-9
-15
-16
4
-14
9
-19
0
2
-9
8
-2
22
30
22
17
17
2
11
1
1
5
19
60
32
32
35
47
29
21
37
14
40
32
30
26
-11
7
22
8
-12
-7
9
25
7
-21
-6
19
15
-24
-12
0
-28
-19
3
25
3
-21
-47
-29
2
-31
-28
-29
-41
-20
7
-8
-13
5
-4
14
40
19
5
9
3
12
13
-11
-22
-17
-37
-24
-23
-37
-50
-48
-35
-6
14
9
24
16
-6
-21
6
1
25
21
21
47
28
17
-6
-6
-2
-9
-4
-9
-24
-14
-23
-4
33
46
16
11
20
16
32
15
27
-25
-16
7
10
28
12
40
16
-9
-19
16
-1
0
29
9
18
-9
3
-19
-5
29
7
-28
-44
-20
-7
-6
6
10
-34
-45
-19
10
-16
-16
-1
-10
-11
-11
-13
-22
-7
-7
-29
-38
-31
-34
-26
-22
21
29
25
45
19
28
50
29
3
1
-6
16
3
27
28
-2
-9
-49
-13
-9
-29
-16
6
6
-28
-27
-30
-31
-2
7
-3
-1
-18
-38
-17
13
28
16
2
24
21
19
2
21
38
14
31
16
22
5
16
17
24
15
-26
21
31
45
51
43
26
-1
4
24
33
25
-12
8
30
26
32
-10
21
-7
-45
-47
-81
-63
-57
-51
-53
-49
2
-22
-30
-3
-26
4
2
-3
13
-7
-4
-13
-32
-52
-58
-6
1
-20
-2
-2
0
-20
-7
35
21
-7
-17
-27
-15
-25
-16
8
18
20
-12
11
21
25
26
32
29
22
42
21
33
42
19
10
30
-3
-32
-28
-30
-22
-3
10
21
14
-19
-11
-16
16
4
-22
17
7
3
-3
11
42
27
36
47
25
29
8
9
50
49
3
-5
5
-11
-22
-26
-3
-6
-54
-47
-9
-31
-43
-31
-18
-6
16
28
20
9
-11
-15
-29
-9
-2
-41
-69
-48
-20
-9
14
-1
-13
-35
-28
8
32
34
47
65
36
6
20
15
-12
-1
3
47
53
28
26
29
32
11
7
14
20
-4
13
2
-32
-51
-47
-17
-69
-72
-56
-51
-53
-67
-35
-17
-9
0
20
23
-1
19
15
-12
-22
-30
-29
-34
-6
6
12
28
-15
-21
-10
7
15
28
52
23
22
9
13
30
26
35
25
12
3
44
56
19
51
37
30
61
48
62
34
27
17
10
15
-36
-4
-13
-70
-47
-20
-24
-23
-4
9
8
-10
-21
-25
-32
-35
-46
-42
-45
-57
-51
-41
-27
-17
2
15
3
0
0
-1
6
23
9
24
27
4
26
28
29
21
26
13
-27
5
44
28
35
37
31
29
-7
-12
-24
-19
-39
-56
-22
-46
-41
-27
-26
-19
7
21
7
19
12
11
18
14
-15
-19
-11
9
7
-13
-13
-29
-17
-21
-26
-13
-9
-5
7
-4
0
18
19
-22
-53
-44
-32
-8
-3
-1
15
20
0
40
14
-18
14
19
52
57
31
-22
-22
7
12
15
5
4
-16
-13
-6
10
26
0
3
31
44
25
-6
-14
-15
21
32
18
30
30
37
67
61
63
49
41
63
-7
15
34
-7
-18
-9
8
-26
-35
-56
-52
-21
-21
-54
-48
-26
-34
-19
4
4
-6
-14
-7
-34
-85
-48
-45
-53
-35
-45
-27
4
6
-21
-18
-14
-4
-19
-14
-3
-15
-2
10
9
-6
-1
-13
-9
34
47
34
18
15
35
34
44
48
41
27
-19
-1
-2
-12
-10
-21
-13
-15
0
-21
-4
7
0
7
-12
-3
-25
-44
-8
15
10
-14
-17
-10
-25
-21
23
45
16
25
45
50
40
7
12
23
8
9
38
58
66
19
36
58
35
19
21
72
57
4
1
12
-49
-58
-29
-9
-14
-32
-26
-67
-65
-57
-9
34
13
24
11
-6
12
17
25
3
-26
-21
-24
-2
-3
-26
-41
-69
-59
-53
-29
15
5
2
5
-13
-14
-16
-29
-29
-12
-10
-11
-10
-36
-24
-16
-22
-40
-43
-16
3
5
-15
-15
-6
12
16
24
38
22
8
10
6
47
37
-7
-7
9
-1
14
51
32
34
15
22
18
13
22
20
22
15
15
12
35
51
57
46
17
20
28
6
-1
-6
-26
-16
2
-5
-60
-57
-31
-31
-23
-21
-15
-18
8
-16
-47
-35
-7
8
-5
20
31
15
20
9
6
46
-6
-31
-3
20
5
13
56
30
20
-15
-28
-8
7
14
22
-8
-23
-13
-26
-1
-14
-13
-18
-48
-47
-30
-27
-26
5
12
3
-7
0
19
-3
-5
10
-19
-26
-14
-1
-1
7
5
-9
-41
-54
-2
-25
-18
-11
-18
13
40
64
53
52
33
5
39
58
37
46
47
51
35
17
16
-1
-9
-17
-15
-45
-51
-36
-56
-19
-42
-59
-58
-69
-23
-51
-29
-27
-13
24
17
20
21
45
31
38
41
31
29
63
60
52
12
-19
1
-20
8
-2
-4
1
-19
-22
-14
3
-16
-26
-15
-39
-42
-9
17
21
-5
0
28
28
-16
11
28
2
-12
-3
27
7
-6
-3
-7
-22
-16
-17
8
11
18
31
-6
14
12
4
-12
-34
-26
7
29
32
35
22
9
-5
9
12
16
24
4
-9
-35
-25
-6
-9
-9
-19
13
13
-22
-22
-5
-16
-10
5
-27
-47
-63
-50
-60
-33
4
14
3
-16
20
10
26
16
-14
3
6
-1
-17
-2
13
-3
-9
13
6
1
20
-8
-15
13
15
32
27
35
24
-10
18
19
21
3
-8
-1
-18
-3
-3
16
32
18
-20
-18
-3
-13
28
24
6
-9
-1
8
-36
-29
-19
-12
-6
-24
-12
-10
3
-1
-10
28
54
60
44
32
29
28
30
47
24
8
1
-16
-6
-6
-28
-32
-15
-21
-12
18
22
18
13
-9
-35
-31
-18
-24
-4
7
-22
-4
37
17
6
-7
-16
4
-15
-17
-2
-41
-78
-57
-18
-22
-58
-66
-80
-50
-35
-41
-19
-8
-17
-35
-1
7
25
32
29
38
35
5
1
-7
9
43
17
47
36
58
93
94
64
58
46
3
32
51
60
11
15
14
21
14
1
11
-35
-41
-44
-17
-41
-49
-10
-13
-9
-27
-10
4
-29
-14
-23
-19
-33
-39
3
-8
-5
-12
11
16
8
16
15
20
-13
-1
3
-16
6
0
1
3
-27
-45
-54
-21
-15
-39
-23
3
37
44
19
43
32
-6
-7
-3
-6
-9
-4
-5
25
-16
-27
21
2
4
-21
-13
22
14
20
29
23
7
-11
-13
-11
4
-1
6
39
24
9
0
29
30
-16
21
45
36
60
28
13
18
-7
-6
-34
-36
9
-19
-38
-44
-42
-22
-23
-27
-47
-36
-54
-66
-41
0
7
8
0
-21
17
-10
-19
-19
3
17
-10
-7
-11
19
7
-13
-11
6
13
7
17
37
62
41
26
25
30
30
24
-12
-15
4
-8
26
40
36
7
-45
-44
-47
-43
-14
-22
4
-19
-39
-6
2
34
16
9
17
43
51
45
55
50
50
11
28
55
-9
-9
-5
-15
-4
-19
13
-15
-46
-47
-25
-20
-31
13
30
51
1
-12
17
2
9
-8
-17
-27
-20
-9
-17
-12
-33
-29
7
9
-16
-41
-48
-46
-6
0
8
15
-10
4
-17
6
-6
-12
29
-12
-11
-10
-15
-19
-31
-16
6
20
9
19
6
12
7
-29
-26
-32
-29
-10
-18
-23
-13
-19
-15
-9
21
15
-16
8
11
5
7
38
37
21
24
44
45
32
44
9
31
55
60
69
56
50
20
-10
-3
13
11
1
-1
12
-23
-17
-6
-1
-7
-16
12
24
44
13
6
31
21
-13
-6
17
12
-17
-47
-34
-47
-42
-28
-48
-46
-45
-46
-36
-10
19
4
-9
12
-13
-28
-13
-11
0
-29
-32
-49
-55
-29
-15
0
-39
-54
-37
0
-12
-21
5
11
-9
-3
15
-5
-9
-28
-11
3
3
25
40
47
47
38
50
64
56
79
83
66
74
51
28
28
0
23
33
15
10
-3
-8
-11
-16
-8
10
0
-3
-24
-53
-22
0
1
1
-15
-29
-38
-21
-10
-4
-13
-32
-24
-15
-3
-3
17
10
-23
-21
-13
-3
-3
-2
-44
-73
-62
-64
-67
-23
28
0
-2
0
-1
6
7
6
0
7
5
14
25
32
22
22
28
27
-6
-26
-7
12
37
35
54
49
38
28
12
12
-6
-1
-4
3
35
3
-28
-18
-28
-28
-23
-8
-10
20
28
3
34
52
30
17
28
-17
12
32
29
22
-6
37
0
-7
10
32
15
-29
-4
9
-22
-40
-10
-19
-10
-40
-50
-48
-52
-53
-53
-25
-63
-46
-28
-34
-30
12
11
-14
-9
-5
9
-18
-28
-34
-9
-22
-31
-4
0
-26
-20
-26
-60
-9
4
25
40
46
51
57
43
38
64
49
16
7
32
14
31
64
50
10
29
29
25
41
15
42
51
25
0
-4
13
25
19
3
-24
-28
-22
-44
-47
-1
10
-27
-26
-4
10
-17
-26
4
-20
-32
-29
-21
12
-11
-4
-18
-6
9
-5
8
-7
-13
-10
22
18
11
-11
-40
-37
-19
-7
3
-1
-9
-16
-42
-1
13
-2
2
13
47
22
-15
-6
-18
-12
0
-8
1
-26
-37
4
-6
5
24
1
10
-26
-30
3
34
20
-6
2
-4
13
25
31
32
5
-10
-4
-3
-3
-18
19
12
-21
-13
-22
-18
-17
6
-3
10
17
22
27
17
5
10
38
-11
-12
4
22
-3
-25
-3
-5
2
4
2
0
15
20
24
17
6
-10
-18
-31
-27
-42
-14
18
20
31
32
39
21
31
-28
-35
-21
-20
-16
-24
-12
-9
6
-6
-3
1
10
17
6
-13
0
11
8
-7
13
1
-23
10
9
3
-9
-38
-31
-11
2
-1
-31
-3
-9
-10
3
4
29
5
-29
-19
19
31
-9
-41
-23
-4
20
13
-7
-25
-34
-38
-62
-43
-25
-20
-11
-11
26
49
62
82
60
46
42
28
28
45
55
60
38
20
49
34
26
50
35
16
14
-9
-6
-10
-29
-18
-18
-26
-33
-30
-17
-20
-43
-24
-3
0
-28
-55
-47
-83
-54
-41
-36
-20
-56
-71
-60
-46
-35
-22
-51
-46
-7
8
7
-2
10
32
53
36
42
65
63
56
43
57
44
28
30
14
47
76
35
-1
34
40
10
4
-28
-19
-6
-10
15
17
30
-6
-53
-15
0
-10
-28
-5
-10
-30
-15
-34
-7
-19
-25
8
18
16
-40
-42
-28
-42
-24
-33
-21
1
-8
-21
-13
10
16
11
4
54
59
-2
6
5
3
4
25
18
23
35
14
32
20
22
22
47
26
-5
1
2
3
-24
13
12
-29
-38
-22
-9
17
27
31
27
-19
-23
-38
-18
-21
-59
-32
-17
-19
-8
-7
-22
5
16
21
9
4
3
-10
2
14
18
-5
-16
-28
-16
-16
-14
-16
-28
-24
-38
-30
-55
-63
-57
-66
-28
10
41
58
7
11
16
-4
22
-6
9
16
23
47
41
44
32
7
-3
16
23
10
9
16
12
23
-1
-7
12
25
24
4
2
19
24
22
40
53
67
23
15
61
42
18
15
9
5
-36
-26
10
3
-10
-32
-33
-36
-20
-57
-70
-68
-53
-24
-32
5
-6
-10
10
2
7
25
-3
-32
-23
-18
2
-13
5
12
3
-10
-31
-6
7
2
-21
-18
-22
-8
-39
-41
4
19
13
-23
-10
-22
-37
-11
16
7
-9
-28
-22
-21
-17
-19
-5
19
26
57
48
68
49
43
22
7
32
19
31
6
25
19
-44
-12
7
-13
-33
-10
8
-5
26
-5
-9
-9
-19
14
19
22
24
15
34
41
9
6
29
45
33
41
25
27
9
-13
-3
-15
-4
-40
-12
0
-12
-20
-25
11
-19
-19
-13
1
4
-19
-14
-16
-1
4
24
16
-6
-7
-26
-28
-14
-42
-58
-39
-31
-18
-40
-47
-44
-64
-49
-35
-20
-7
-50
-35
-21
-42
-6
32
28
-9
-4
4
22
53
52
66
62
29
42
57
56
51
63
57
26
35
13
4
-10
5
14
13
62
29
12
31
32
16
19
6
-1
2
-10
-20
-24
6
-18
-45
-47
-51
-75
-66
-30
-4
10
9
25
0
9
-21
-46
-6
6
-6
-20
-21
-6
2
-32
-18
-35
-48
-33
-20
16
10
4
6
-1
8
13
-5
3
-7
-1
28
-8
-21
-13
-19
15
15
-3
-19
-27
13
21
6
1
6
3
22
33
47
57
25
21
21
3
0
26
37
5
4
29
25
40
16
17
19
-6
3
-4
3
-16
-50
-42
-17
-35
-26
-15
-18
-44
-32
-3
-41
-11
7
-1
-15
-10
13
11
22
7
-22
-19
7
24
38
16
4
0
-6
1
13
26
0
-2
6
-2
-6
-28
-25
-9
-18
-35
-21
25
18
15
13
-7
11
-1
-5
-15
-23
-34
-38
-25
-18
4
-32
-29
6
30
19
-26
3
-6
1
7
-7
13
19
23
-15
-31
-36
-12
17
17
14
-21
-26
3
8
19
45
17
39
37
12
13
-2
25
67
51
29
41
8
27
22
9
25
16
34
44
25
1
-13
-38
-25
19
40
23
15
26
28
13
0
-1
8
16
-11
-17
-36
-34
-49
-55
-30
-77
-73
-50
-50
-57
-81
-64
-45
-25
3
-13
-27
-2
28
29
20
0
-30
-21
-59
-57
-54
-65
-16
-4
-9
-15
6
-9
9
48
39
36
22
10
21
31
19
9
12
50
49
34
31
0
-9
2
4
8
11
25
10
-24
-4
7
38
59
88
95
56
43
11
19
35
24
34
41
22
-14
-39
-64
-48
-28
-21
9
-8
-12
-31
-27
-2
13
28
15
16
-19
-13
6
12
14
11
4
3
-22
-56
-43
-60
-62
-34
8
17
-7
-2
-19
-35
-28
-4
19
41
6
-21
-5
-12
-19
-24
-4
24
0
-22
-17
-50
-24
3
-15
-5
-8
-12
-21
-14
-27
9
60
48
15
-6
9
11
-3
-1
31
31
22
-4
22
28
-3
9
3
24
0
-10
-3
13
-3
-21
19
-2
2
1
-28
-11
-10
-9
12
8
26
10
-20
8
-10
-22
36
69
49
38
12
1
-9
-10
1
-15
-21
-53
-78
-57
-68
-58
-4
25
5
-32
-4
-4
1
16
10
27
15
-10
-9
12
35
43
13
37
51
38
25
19
62
62
29
48
57
-4
-14
-21
-25
-17
-28
-4
-2
-17
-27
-16
-19
-29
-9
11
10
12
27
12
-6
-26
-41
-42
-7
-10
-10
6
-19
-13
-30
-7
-7
-2
8
-3
-26
-46
-5
-5
7
4
16
-19
-32
-19
-29
-3
-32
-26
-13
-26
-43
19
40
-11
-13
4
41
32
15
-2
15
29
-4
1
41
63
3
-33
-13
-6
-6
-7
3
-9
-12
33
20
10
28
9
19
15
42
39
1
28
19
29
34
29
7
-47
-17
9
-15
-9
26
34
0
-22
-13
3
-17
-36
-9
7
-9
-13
6
-3
-25
-49
-23
-12
-41
-16
-16
10
12
-8
4
-10
10
6
31
49
-11
7
97
77
-7
-8
9
-35
-61
-31
-31
-50
-34
-4
-42
-45
-12
4
21
-10
-3
-2
20
25
4
-9
-11
13
-17
0
9
-38
-50
-22
17
17
-3
12
28
-12
-16
5
8
13
38
61
-5
-29
-20
7
17
5
24
-1
31
35
-17
-6
34
49
19
0
3
-22
-47
-13
-9
-25
-5
48
64
6
-1
17
-20
-15
17
-31
-31
8
22
6
29
10
-16
28
-9
-32
-48
-17
15
7
0
13
28
9
22
24
-3
-41
-13
3
-39
-4
-14
-88
-69
-16
-63
-99
-28
33
-7
-67
-15
24
-36
-66
41
15
-60
7
53
68
-34
1
75
30
18
40
44
-19
29
73
66
35
24
69
26
-41
-64
-5
35
4
25
32
4
-52
1
83
45
13
41
113
46
-15
24
78
14
-76
52
48
-108
-72
40
-34
-118
-24
23
-62
-58
-59
-72
-20
29
1
-9
-10
-120
-105
-22
18
-37
0
39
-12
-79
-97
10
4
-7
67
103
3
-49
-3
-4
-82
-54
16
-8
4
1
-26
-14
-14
25
118
59
-12
35
57
9
74
46
-21
54
32
12
-21
-74
-5
29
32
79
-34
-99
113
121
-102
92
124
-107
78
187
-54
-115
64
33
-45
-90
16
73
-83
-85
18
-43
-154
135
157
-189
-130
106
-25
-141
101
64
-83
20
37
-41
-91
-54
31
0
-80
-6
83
-67
-110
97
40
-79
100
161
-25
-124
19
15
-26
120
95
78
-94
-112
82
-1
-76
57
255
-92
-146
192
-33
-140
71
211
-51
-129
70
-31
-89
-43
98
60
-83
58
12
-158
-92
-9
22
-74
-31
-55
-86
37
-96
-72
25
62
-25
3
115
-138
-79
190
54
-126
101
231
-129
-103
175
-16
-51
126
100
17
-41
-38
72
113
-126
-52
242
-135
-156
209
-24
-262
28
233
-184
-115
95
29
-58
-144
141
143
-128
16
323
-102
-326
216
151
-197
70
202
-92
-61
48
-38
-78
-90
121
119
-60
9
-103
-6
44
-79
74
94
-160
-126
365
-205
-444
373
97
-252
-67
218
-67
-275
31
133
163
-440
107
511
-345
-273
272
281
-368
74
238
-130
-24
-125
222
73
-158
-11
274
15
-370
207
205
-292
56
287
31
-94
-60
14
-34
-50
-271
298
87
-325
142
-138
39
-65
-64
221
138
-374
-30
593
-422
-210
445
0
-145
143
51
79
-136
-406
503
171
-718
-31
637
-275
-466
257
18
-77
-117
5
313
-149
-718
355
841
-915
-315
1238
-345
-588
713
178
-553
52
333
156
-30
-601
656
267
-1012
516
755
-680
-442
1032
-22
-748
411
166
-150
-42
49
47
-203
59
52
-8
37
5
-86
-361
659
-387
-658
811
-297
-300
236
191
-444
72
195
-386
346
-324
110
325
-318
85
-14
-83
252
123
-576
187
661
-813
-168
897
-286
-929
499
701
-810
-299
537
465
-804
128
981
-651
-217
350
269
-270
72
136
136
83
-592
607
245
-918
495
500
-562
-120
236
-60
-245
347
-461
-84
557
-423
-479
702
119
-1182
692
532
-383
-197
244
277
-267
-93
273
442
-673
230
433
-455
235
-390
185
233
-489
138
71
-281
23
349
-696
384
316
-578
377
212
-290
-164
542
-454
376
81
-404
406
165
-532
-171
1304
-1393
16
1204
-965
-386
629
69
-755
871
-546
76
674
-941
500
24
173
-376
39
777
-707
-56
6
716
-880
-449
1519
-809
-648
426
290
-524
-365
491
35
-296
-153
-73
862
-907
-339
1383
-877
156
290
-40
251
-468
76
495
46
-441
4
1063
-985
-240
951
-707
541
-767
1080
-652
-514
1297
-1493
1254
-537
-199
517
-449
328
-749
939
-504
-342
1157
-1119
491
-177
41
333
-678
969
-1265
998
-265
-645
1226
-1383
1061
-417
-50
626
-1077
786
-295
437
-441
-60
902
-1247
1234
-1042
388
605
-1150
1352
-860
542
-366
34
614
-723
425
-227
219
8
-300
-184
85
64
-456
410
106
-656
218
185
-412
421
-728
24
1414
-1790
462
825
-605
-770
805
967
-1949
1214
-152
79
-488
-132
1052
-948
289
-283
742
-194
-619
341
247
108
-747
565
1293
-1709
202
1323
-604
-648
296
1156
-1474
883
-203
50
-18
-546
849
-527
925
-1443
1008
276
-706
-8
238
525
-983
913
-706
760
-808
55
749
-1171
638
-348
224
-303
256
-743
489
562
-1627
1332
-278
-761
648
85
-456
272
11
-316
619
-309
-134
192
540
-782
263
314
-134
-244
-275
1332
-1299
265
633
-650
-75
50
166
-237
626
-813
317
1106
-1577
449
908
-934
-1
892
-139
-904
1025
-387
-408
803
-98
-614
705
355
-1151
577
294
-419
-188
547
-178
301
-693
-231
917
-675
-669
841
358
-1354
998
153
-602
-153
947
-1126
873
35
-1468
2382
-1160
-422
187
781
-1392
919
270
-1543
1712
-1147
3
483
-111
-628
567
316
-241
-524
647
238
-457
-37
156
705
-1408
856
254
-285
-586
768
-26
-770
725
-551
1023
-437
-855
957
702
-1936
802
1147
-1295
139
538
-87
-619
253
-172
781
-855
-252
831
-51
-382
-311
1103
-345
-640
841
650
-966
-171
548
395
-885
-294
793
235
-923
-128
1042
-1025
-167
58
761
-326
-1081
1014
267
-1028
234
649
-996
753
752
-1319
587
790
-1416
-96
1368
-6
-1885
1628
1304
-2278
313
1070
119
-1257
799
978
-931
-228
105
1028
-1128
-331
919
-227
-210
-512
798
49
-1244
616
796
-1401
282
1024
-985
-391
1207
-111
-1351
976
-77
66
-39
199
-129
-646
949
-1046
747
-721
-38
392
-246
581
-1231
989
-439
-79
307
193
-519
-74
1764
-1618
-5
1229
-766
-563
654
468
-394
-53
-201
1312
-774
-1014
1889
-563
-276
386
749
-707
-371
683
-49
632
-1493
755
425
-662
-392
262
56
-1170
1444
-512
-776
149
-102
181
-272
-38
-644
887
41
-456
507
-1015
704
168
-624
979
-316
-495
485
1059
-1618
-213
2002
-1360
216
673
-232
-379
91
166
296
-132
-1447
1956
23
-2014
1178
641
-631
-376
375
709
-374
-860
741
1290
-1687
-15
1067
-536
90
-238
302
86
-41
-930
1131
396
-1578
385
595
249
-940
176
480
-25
-407
-253
1114
-492
-1827
1427
1195
-1865
-651
1652
407
-2219
891
1273
-1207
-540
1002
974
-1716
-592
2246
-645
-1024
738
346
-562
-211
890
-837
827
-868
53
1568
-1338
-682
1355
-85
-1147
1464
-796
-504
1040
-90
-1576
1883
51
-1964
1599
206
-607
-1121
1993
-134
-1214
654
4
402
-904
110
844
-672
-303
577
932
-1318
-699
2081
-1214
-545
57
1791
-933
-1951
3234
-877
-1890
1221
1498
-1581
-251
1265
-410
-252
-676
837
790
-2052
496
1629
-1191
-438
152
1380
-1324
-824
2046
-860
-1055
442
1302
-1197
-604
1126
-146
-162
-743
1045
-887
-724
1821
-1398
-233
1331
-525
-669
1150
-338
-843
788
44
-17
242
-386
-269
1158
-1099
45
736
98
-301
-205
1090
-1360
417
523
-216
-279
236
494
-1233
939
-110
-646
794
-217
43
-433
459
-252
-707
1734
-1537
-294
1851
-1150
-1000
1209
860
-2611
1580
1253
-1920
359
970
113
-1296
196
797
117
-1317
890
857
-771
-802
773
717
-2070
825
751
217
-1451
389
2123
-2120
-63
1319
-573
-680
638
714
-1298
39
1083
-853
225
-116
189
213
-770
700
-237
-348
221
130
-28
-451
176
120
-60
55
-232
452
-660
269
318
-682
400
-651
1143
-545
-900
1193
-84
-1371
671
1912
-2222
63
1346
-349
-499
-306
1303
-82
-1184
362
1413
-434
-1625
1611
1121
-1923
189
708
641
-1237
-571
2494
-1155
-1314
1076
1183
-1650
-469
1677
-1188
156
-218
-5
352
-952
385
558
-511
-49
57
13
-252
-106
786
-1285
1060
-120
-275
484
-734
863
-1320
1167
-327
-46
71
-917
1854
-1145
-279
372
-588
599
466
-704
475
202
-577
-347
1204
-1124
-724
2395
-1815
1077
-441
-967
789
171
-414
-517
1899
-1157
134
327
-57
-89
-172
-61
1172
-362
-714
1062
-607
-325
-373
1847
-1472
-80
736
-228
405
-910
1214
-1095
-240
1163
-255
-1198
366
990
-922
242
55
-530
716
-1118
1032
1343
-3280
841
2272
-1881
-1122
2456
-942
-824
1653
-1457
987
-344
-975
1410
198
-945
-769
2179
-107
-2266
1394
805
-1181
-793
1171
946
-2065
535
1243
-856
-282
-558
1760
-812
-1566
2620
-637
-696
74
104
6
-876
975
-602
282
303
-696
1338
-1669
-188
1573
-1609
1048
556
-839
-350
1452
-735
-1543
2268
-1252
29
1230
-856
104
493
-845
829
-160
-592
1134
-427
-340
49
622
-1272
904
56
-249
760
-997
652
41
-720
-689
1852
-896
-1451
2668
-596
-1901
1309
82
-1157
1172
-548
284
1168
-1361
-496
1549
-1347
-185
1117
-710
1279
-832
-586
794
460
-2383
1451
1770
-2446
327
1250
305
-1603
529
635
-8
-876
485
248
-14
-1090
-100
1907
-1891
-178
1083
702
-1463
264
592
-1017
444
84
98
-166
-278
587
154
-543
-333
-215
1064
411
-191
-1035
829
-43
-421
547
-1092
640
140
405
329
-752
-957
528
709
-596
-318
385
141
477
-563
-246
704
-1420
1135
405
-680
290
-157
-932
924
805
-2094
1448
1249
-2017
487
1014
-1547
159
221
288
383
-497
-409
830
-252
-856
1236
-588
-43
758
127
-511
289
-463
123
473
-113
433
-163
35
250
221
-1785
1224
188
-805
1218
-602
-156
462
-480
-968
1480
-598
-1497
2817
-909
-2122
2168
-326
-1159
798
221
-951
916
347
-846
667
-1381
327
1882
-1344
-657
1194
-213
-496
-171
953
-514
-1040
2006
145
-1290
-265
622
-420
-197
418
-243
377
-350
208
-349
-246
247
-772
916
-126
-193
456
-963
248
614
-216
-11
346
-418
-261
681
-187
-277
529
-237
838
-198
-506
230
-423
362
-21
270
-757
743
429
-583
102
13
-44
-673
837
-63
-688
-119
933
-222
-504
1025
-324
-415
405
236
-464
47
-215
383
736
-736
-322
461
-560
-478
707
563
-630
-422
424
-259
-126
-972
448
370
-420
1159
-169
-604
-251
378
476
-185
-454
630
723
-589
295
574
-1525
-308
1668
-365
-491
312
-39
-344
141
-729
-26
751
-1213
695
840
-810
-582
304
316
-294
305
-152
-50
-51
102
939
-800
-286
1477
-279
-134
322
-408
-818
767
108
-413
545
-1482
1381
1057
-2301
221
885
-916
236
401
-271
-330
129
-308
109
833
-1038
835
464
-673
26
-186
52
-28
68
241
72
219
-393
-264
417
-203
855
-591
521
141
-1003
620
-531
-506
30
1107
-327
140
529
-819
181
-110
-277
361
-142
-450
571
717
-851
20
769
-887
-87
-245
667
124
-708
273
335
-525
-1209
1009
17
-560
501
632
-295
-733
-138
-256
147
-274
-119
1154
-341
-388
727
-579
-62
-45
401
207
134
87
366
430
-836
321
112
96
124
385
675
273
-187
-575
866
-515
-576
851
-120
39
-310
610
83
-963
-490
270
507
-1618
852
491
-1141
249
-193
-64
-850
828
544
-316
-54
178
452
-797
428
-265
-198
120
522
506
-655
240
-71
32
-396
104
169
-491
306
361
-412
-478
44
-792
-214
235
-43
27
372
224
-978
-105
-321
-223
-53
303
1169
-409
-4
-207
13
-568
-379
950
-415
632
913
-68
-252
-61
-494
91
651
-81
590
659
-201
-83
411
-769
-118
598
-66
391
-416
500
-419
-776
220
-119
832
-569
402
177
-211
-383
-259
1027
-962
-173
925
460
-419
5
901
-140
-630
657
-278
-339
-261
111
1197
-1004
321
-208
43
-474
-710
1107
-1122
85
590
360
-7
-633
450
-638
-491
210
-167
660
-506
554
178
125
239
-1775
865
-278
-449
-115
546
154
-1300
589
120
-384
-739
926
460
-220
154
-55
209
-680
-170
618
824
-496
-8
952
-763
-676
202
-49
-81
45
957
-157
-60
-72
-569
962
-678
241
637
223
153
-291
454
-354
274
207
22
286
-239
-164
-93
-391
-410
-610
258
-590
-682
-556
-184
604
-1414
420
-408
258
-589
-334
887
-1806
563
-202
844
-344
-336
1314
-513
519
-277
-84
-618
-654
616
-499
-51
-746
-557
63
-1744
-634
-1862
-1488
-525
185
2090
622
2220
1581
1895
2842
1302
2347
1605
2338
3395
4169
4666
1775
1635
1582
1333
1114
-1363
-672
-1629
-1247
449
-1110
-2916
-4124
-1941
-2024
-3513
-3298
-3283
-2252
-1188
-369
-15
-2287
-1883
-96
-511
-511
-1553
477
636
1076
2206
427
-475
-1255
968
422
-195
897
-217
820
474
132
-17
-2069
-939
79
727
-218
-888
510
-717
198
-87
-950
-318
27
1574
1035
873
441
-321
1087
683
476
-29
-32
977
-278
-292
-1862
-2204
-3007
-3465
-2813
-3962
-4183
-6007
-4206
-4013
-3951
-2150
1520
4307
2854
4713
7087
8980
6069
4830
4281
4595
11485
16327
14332
3877
4804
11378
10020
2944
-7600
-7716
-6271
3328
5621
-6681
-11743
-10106
-1007
-7198
-14036
-13303
-13710
-5878
-855
4212
-1156
-6475
-124
-2216
-2781
-1745
1799
2103
-1700
10898
14497
6146
-2546
-6024
-1312
-2391
2761
3427
-3270
-1043
5452
8835
-5219
-15560
-8070
-341
1792
29
3653
3266
-39
1870
3018
-2652
-8173
-1394
7692
6586
1092
2552
2327
-2005
-4537
-668
1334
-3299
-861
5069
5563
-1669
-4743
-2513
-2671
-398
1384
1658
-241
-468
2679
707
-2248
-3229
-1659
1787
2998
3246
213
-1061
46
-845
285
-742
-1632
-534
922
3717
-496
-3944
-2802
-1347
261
-3117
-1877
-1996
-3465
-2863
-5256
-4082
-7418
-4271
-356
2132
5608
4803
9121
7019
7243
7417
8908
10252
5096
6029
13586
19754
15226
4242
1035
4878
5143
4246
-5860
-11943
-12847
-2278
6307
-8700
-18098
-16851
-3001
-1899
-11547
-11063
-12941
-7629
-176
4093
2024
-6840
357
4077
463
124
-1135
1825
-3868
2363
12608
7661
-1964
-9340
-4875
-2992
-2962
51
-5368
-6069
2544
8851
1398
-14292
-10624
1214
6746
4165
2544
5582
3676
3551
4562
692
-7359
-3974
7127
10441
2148
-2045
1368
-749
-4823
-4371
1070
-1480
-2058
6296
8997
1920
-5594
-2294
761
580
3326
4332
3292
377
3698
3731
-3481
-4696
-3001
2743
3190
2342
993
-2990
-1325
-1179
-776
-2617
-3021
-575
380
3317
564
-4867
-4847
-489
2192
-2909
-4323
-378
-493
-2983
-5019
-4702
-6895
-6370
-300
3567
6075
5265
6667
9111
8665
7183
4388
6323
6461
4961
12068
20552
17644
3
-3180
9543
5974
-5250
-12182
-7082
-9387
-8631
5060
-4828
-20286
-20688
277
2980
-17602
-15275
-6724
-980
-99
4343
7478
-5315
-3265
5758
3218
-4144
-5948
4799
2789
1590
10058
6987
-3407
-13028
-7577
-584
-3223
-3064
-2778
-529
2536
3121
-872
-12633
-11687
3644
12650
9143
2251
6152
10361
5327
586
-2259
-4617
-2487
7043
12609
3730
-4832
-1276
1865
-5060
-9481
-4010
1750
1232
4957
9939
3455
-5032
-3755
3920
2823
-118
4299
6309
2483
614
1688
-3346
-8666
-4486
1390
775
-1992
-2241
-2050
-3006
-2365
-3609
-5329
-4229
-90
2599
1231
-1
-1662
-1909
-275
2265
511
-2890
231
4495
2959
-4149
-5492
-2691
-4250
-3940
-992
4781
3237
5063
10857
9884
5815
184
10092
9052
5144
5312
10722
17946
7659
8612
1305
220
-122
1048
5267
-12291
-14557
-12909
-3086
-4340
-17731
-11901
-7227
929
-6496
-14435
-10734
-12600
-1596
3116
5848
2910
-3163
6010
2003
-3113
-7266
-5093
3293
1106
6670
9002
4407
-3286
-11005
-5131
-2258
-3181
-3270
-2566
4516
5447
2801
-4739
-9105
-1346
6827
10127
7033
6000
8602
9474
4157
-1651
-5009
-1601
4847
7331
5574
-121
334
-2023
-5184
-7723
-6316
-1795
-300
5448
7234
5565
-222
-1668
444
409
4180
4867
4616
1673
2528
4793
-3046
-7791
-6237
-1015
-2057
-6181
-1697
-1457
-2712
-4425
-5130
-4572
-7562
-4081
-352
828
1180
-378
160
-1348
-1851
-842
-378
2544
2897
1830
381
-1613
-3219
-6596
-6139
-2028
485
1861
3609
8214
8742
4593
3164
4413
7710
7653
9679
9897
10008
13426
13801
10675
612
1043
4152
7175
3324
-11236
-14618
-12376
-1839
-6239
-15370
-9374
-4647
-731
-8545
-10486
-11339
-14087
-250
7044
4871
-2831
531
11949
1481
-8241
-6429
-1216
117
221
12276
11161
-1746
-5857
-5333
-5108
-10632
-7012
2268
573
513
3310
2680
-5704
-12105
-1085
8325
6572
4252
6259
10685
5276
-1204
-660
-3697
-4608
934
8289
5650
-4923
-3952
878
-2441
-9780
-9922
-1176
3159
5289
6818
3357
-473
-872
2485
2925
1435
2351
4465
6033
3711
-467
-4281
-3537
-1314
-1374
-1292
-1782
-1043
-810
756
-156
-4126
-4387
-3627
-1026
1561
3399
1813
-2254
-147
2736
391
-4307
-1998
4791
5611
972
-1132
-1970
-5679
-6647
-5703
-1981
-4859
-3246
3235
5343
5948
-1100
2880
4930
8687
12839
11173
14509
4896
7894
14021
14412
10036
-2691
7927
10359
6020
-4191
-17983
-14750
-19541
-8171
-4789
-10911
-8113
-8969
1266
-10015
-19139
-16187
-11997
3935
4831
7506
6139
4156
9622
-917
-6775
-7986
-3514
4338
6202
12781
9272
-750
-6231
-11039
-12544
-11729
-6610
931
-482
1348
6981
2025
-6656
-12605
-580
10606
7026
7269
9021
14299
9445
2013
1971
-5494
-4328
3609
10281
6324
-5693
-1803
1483
-4863
-12050
-10198
-10
1585
1849
4881
3733
-1397
-4078
368
3575
238
-1363
2856
5463
3735
-471
-1617
-957
-3856
-3604
-1801
64
-515
-1198
3344
963
-4188
-6077
-2697
497
-1691
530
2668
2530
-474
-1929
663
908
2081
4147
5336
2562
-832
-804
-1938
-4480
-6257
-2024
8
-1321
-1263
931
4383
959
3036
7063
9856
10015
9946
13605
7716
4123
7003
12883
11618
4178
3126
3479
2501
-2378
-10542
-17107
-19114
-14521
-7775
-6000
-6105
-7261
-6268
-6599
-12191
-15600
-12247
-1289
6006
5475
5181
6427
5839
573
-6376
-6813
-4836
-730
5410
7497
6394
700
-2518
-7087
-13269
-11386
-5248
1680
1588
957
5523
5202
292
-5139
-1313
5871
6327
7369
8712
10496
8747
5634
3840
-2322
-6091
-1202
6398
4502
-2347
-1739
2972
-1366
-9645
-8392
-2062
1309
915
5157
7832
2723
-771
-153
1482
-1411
-1900
3551
5551
3026
486
828
-889
-5828
-6230
-2959
-2544
-2778
346
4122
1221
-5695
-6367
-4458
-4122
-3071
172
3950
2881
1602
2135
864
-290
-562
3091
4398
1650
1619
1205
-1759
-6618
-6006
-3417
-6096
-8115
-4128
3034
5257
4911
4320
4282
4629
7487
10549
8073
7039
8042
13178
15580
12529
6716
-186
2940
4526
731
-7871
-13569
-12154
-11380
-5641
-5210
-7970
-9108
-5868
-3112
-11587
-15199
-10894
-2641
1674
1060
3969
3924
4155
2172
-3222
-7261
-9032
-1291
5870
7758
6764
3396
493
-5942
-10674
-9883
-4944
48
1748
3329
5975
4344
-1637
-4618
-2238
3266
4332
5214
7332
7999
9043
4749
-137
-5224
-5447
785
3188
3013
-478
-1093
963
-1513
-5270
-7174
-2062
3628
4135
3951
4374
4674
1812
119
383
371
206
1885
4513
2653
-434
-2679
-2346
-2672
-4331
-3895
-3925
-1636
452
969
-883
-5209
-5759
-4530
-1023
214
-338
2666
4365
4757
800
-635
1405
2992
5325
2816
2776
1043
-236
-846
-4738
-5022
-7843
-5517
-5049
-4754
-1289
-129
4152
725
1862
5878
8355
10322
7761
11157
8477
6762
10771
12574
12476
6609
7537
6504
922
-863
-5743
-10942
-15700
-9924
-2916
-6191
-7510
-5810
-6414
-13865
-17785
-13583
-10783
-8310
-2458
1254
-2
363
3891
1755
-8648
-10151
-1422
4829
6664
7359
11338
8046
1158
-2286
-6188
-6215
-3895
3549
5886
918
2051
3589
1099
-5865
-5285
2776
1691
-1401
2189
10064
8581
-763
-2041
237
-1150
-2012
2821
5540
823
-1715
4311
4362
-3641
-4928
2640
8047
766
-339
5730
5080
-314
-3341
4051
2570
-4673
-2546
2391
2770
-5023
-3985
968
-3072
-6426
-4613
-711
-3216
-5860
354
2456
-2931
-5276
-1682
2521
-810
-1077
3650
3043
1078
264
5226
6237
1093
887
991
1436
-1897
-4054
-1361
-2702
-3280
-5333
-6094
-6075
-7036
-1072
3415
4990
4228
5376
9314
8000
7259
8627
9881
7581
7863
14383
18148
12426
3418
3597
5276
3692
-3552
-9511
-11159
-11161
-4771
-5106
-8001
-10170
-9249
-8478
-17578
-20160
-17269
-9767
-3492
-3784
-2098
-1626
2702
2918
-4542
-7782
-4094
3735
7094
7974
11847
11728
6340
1127
-3178
-3822
-2883
1327
4533
761
284
1119
951
-2990
-7522
-3379
-671
-263
-387
1904
6656
3295
-350
-825
-265
339
8
4671
6754
3325
2433
3769
3465
-827
-1447
5127
5612
655
182
3932
5402
-1205
-2697
1407
298
-2016
-3430
808
616
-4001
-1524
263
-944
-6971
-7300
-869
-1197
-2077
-2194
196
74
-3417
-792
303
119
2
1383
3927
2121
2388
5071
6167
3544
-978
-985
467
-732
-2092
-1862
-1205
-3390
-6542
-7697
-7576
-5935
-3218
-1011
423
2756
5027
5787
4890
6337
9391
9053
7347
6165
9879
14192
15299
10841
3704
4470
6261
4909
-2323
-7509
-8001
-8842
-6519
-7111
-6836
-7782
-9184
-12249
-19098
-18032
-13648
-9085
-6912
-5448
-1244
-311
813
-614
-3838
-3480
-351
3726
4678
7023
11912
13106
7094
381
-1946
-247
534
-1080
-70
-106
1406
1122
-55
-332
-4042
-3796
-3365
-2582
-1306
-704
4082
5239
3576
1472
-771
429
534
2447
4915
3789
3164
1849
3282
4587
1937
1644
1326
1740
1178
416
2575
967
-303
156
353
35
-1625
-479
-921
-2830
-2325
-1760
-2676
-5038
-3761
-1438
-2411
-3345
-2659
-1241
-1597
-572
1257
363
-227
769
2990
2981
3632
6235
5733
3370
1026
1405
960
-522
953
1726
1187
-1258
-3110
-3983
-7092
-7805
-7199
-4850
-3528
-2722
1037
1951
2756
1488
3129
4717
5051
7285
7048
7024
4103
7278
11287
11419
6759
2382
5442
6284
4191
-4105
-7948
-7694
-5949
-4514
-6222
-5228
-8067
-9244
-11548
-13247
-13017
-12218
-6043
-5240
-6420
-5785
-918
4401
905
-3003
-4621
-2998
-1221
632
6486
11125
11618
8012
3359
-788
-2222
-1408
813
995
1688
6152
6998
4515
-1145
-2543
-2699
-5669
-4343
-1334
4052
4534
3340
3338
-671
-2833
-2870
551
1612
193
3431
6969
6621
2518
2003
4425
1944
-2133
-828
4235
5116
2383
2732
3744
487
-2779
-2131
-1288
-3926
-5949
-3907
-2106
-2468
-3337
-3817
-4884
-6649
-6271
-3621
-899
683
705
733
738
389
1472
3249
5145
4992
3859
4413
4206
3804
2660
1650
869
-689
155
1015
967
239
-1895
-3871
-6687
-6703
-4899
-4570
-3874
-4302
-3573
-3434
-2453
873
2422
4131
4078
5125
5939
5328
5165
3488
4147
6079
9323
9583
5904
3791
3459
3720
-11
-4463
-6292
-6083
-4395
-4161
-4082
-4461
-5026
-6010
-9055
-11145
-10153
-6124
-3619
-3753
-3819
-2236
-392
-571
-1734
-3274
-2083
-74
1977
1878
2858
7112
7404
4021
-1816
-1371
2242
3617
3330
1542
2726
1881
1043
163
-1065
-1665
-3196
-1813
-574
-219
340
1838
3450
1307
-437
522
2845
3576
2842
4452
5025
4104
2508
3041
3945
1883
910
1224
3045
1689
-1200
-1711
-1992
-2716
-4984
-4054
-2840
-5045
-6940
-6186
-3343
-3624
-4395
-2191
-886
-2145
-3205
-567
2761
2712
2649
3895
4630
3533
1807
3307
4842
4243
2369
2085
4064
2936
35
-1341
-884
-1030
-3144
-2465
73
346
-351
-1575
-1614
-3080
-4253
-2476
-1902
-1692
-3064
-2073
-357
-336
531
1184
3484
2853
897
1815
4100
5280
2501
192
-207
-81
1344
3592
4295
1375
105
1786
3225
457
-3310
-3933
-4356
-2622
-1988
600
2013
501
-491
-4297
-5064
-6807
-6127
-3155
-2660
-1673
-1816
1592
2136
-2935
-7110
-8003
-5044
-2771
-141
4835
7248
5630
2703
-634
-2400
-3032
-1836
1100
1500
2733
3918
4113
2963
-1251
-1503
-1528
-1607
-418
1928
7787
8290
5885
2765
632
1103
669
2315
3201
3591
4278
4098
2166
-988
-2752
-3150
-3563
-5402
-4725
-3826
-2594
-2112
-3450
-4044
-6551
-5306
-4400
-3865
-1575
-575
1620
840
2772
4538
2325
1472
1422
4125
4293
4193
5887
4801
3475
1962
2150
1231
-1032
-108
647
-83
-1847
-2035
-59
-291
-1567
-2141
-1572
-224
-503
285
1584
1545
1074
462
2174
2518
1193
192
-1280
-2211
-4524
-4562
-3380
-3276
-2081
-1234
-130
-2954
-6118
-5947
-4290
-2106
-2481
-1575
-103
3003
5494
5340
3671
2338
4841
6794
8202
5220
1464
-89
1537
4630
2672
2809
2507
1467
-2243
-5926
-5266
-7755
-7983
-6388
-4041
-3129
-4234
-1753
-2052
-5315
-7943
-7613
-4466
-2846
-291
3654
5551
4169
280
-1461
659
1780
1767
1985
3837
6903
6672
6049
4555
2613
1918
839
2353
3454
4718
6149
5043
3394
-326
-2371
-1236
-510
-967
-3372
-3616
-2164
-3258
-3910
-3997
-3943
-5715
-7886
-5130
-2134
-377
-338
-198
1067
-151
-405
129
1695
2817
2460
3777
4732
4211
2194
1577
3251
2221
-339
809
3880
3660
-208
-961
817
-1417
-3561
-2206
477
-526
-2353
444
2060
800
-602
144
1216
238
1155
3570
4305
3372
1907
1414
-369
-3836
-4807
-3813
-3669
-6526
-9162
-7480
-6773
-7697
-7009
-4534
-1691
-2982
-2225
-44
67
1157
1532
3943
2059
3549
9831
12303
10939
4521
6864
9455
9491
6784
2244
2734
-391
897
875
1681
1855
-1845
-2528
-7218
-8686
-9416
-7781
-4890
-6847
-7518
-7005
-2782
-1934
-5653
-7414
-6718
-3806
-2145
1115
5153
6707
5264
3071
1536
909
3165
5170
6335
4526
4407
6119
5690
4718
1739
973
-694
-1261
637
2159
3545
1080
-1025
-3462
-5437
-4926
-4019
-2746
-4146
-4567
-2653
-1890
-2583
-3211
-991
-404
-2007
-2212
-86
2381
1703
1739
1949
1842
1377
1330
2357
1622
1522
1313
1999
1914
1084
1560
1085
685
-837
-707
584
805
138
-856
589
1262
1059
815
1065
1678
752
1071
1808
2265
2320
1851
1671
148
-487
-26
-111
-1219
-3146
-3805
-3980
-4465
-5166
-6473
-7609
-8283
-8643
-7404
-5783
-3682
-2006
-250
1822
1569
1916
2326
3794
3449
2753
3300
5222
10570
13362
14161
8529
5642
5895
6778
7956
3027
2153
-1043
997
2095
-768
-390
-4991
-5127
-9186
-9670
-7390
-8667
-5916
-7584
-6399
-6250
-5177
-1595
-4408
-5296
-5441
-3337
-130
2301
7489
8959
5775
2211
317
544
2172
2997
4429
3015
2058
4284
3229
1583
-3163
-3392
-2074
-4062
-1795
-156
2951
398
-4237
-3460
-4430
-2917
-1799
103
2113
-1339
-312
1777
2048
244
-3209
610
1767
1898
2976
3453
4357
-716
-803
1325
1982
2104
243
1342
-196
-837
842
579
-599
-2941
-2318
-607
452
2963
3297
2106
192
-688
218
557
3028
4710
3238
811
32
1759
1008
-1355
-1732
-1552
-2098
-2811
-1222
639
-1189
-4180
-4745
-3902
-4031
-4546
-3194
-1946
-4442
-7132
-7139
-4518
-4287
-4748
-491
3476
5020
3074
4270
5356
2829
2418
3435
4751
3146
7659
14728
14652
7502
1624
4343
5120
4457
1720
265
513
-357
1541
-751
-1689
-3524
-6016
-6413
-7401
-4852
-6164
-5452
-4490
-6322
-6042
-4513
602
-1557
-6065
-4237
-1059
-222
-1137
3184
7307
3565
-1903
-1506
276
-486
-1574
466
2119
-1259
-1271
782
454
-4192
-6628
-787
934
-28
585
4695
5698
-1486
-2662
441
2258
922
1182
5104
3906
301
770
3149
1058
-2660
-2172
2197
2252
529
1752
2238
-192
-4483
-1203
2103
522
-1929
-1782
2269
496
-358
1506
1461
-512
-3103
636
2855
2614
2801
2142
1129
-2153
-679
1830
2148
1250
-224
286
-1155
-1854
-1297
-1325
-2423
-3084
-1179
1027
851
-85
-390
-2251
-4512
-4397
-984
230
-1717
-2984
-3303
-4654
-7212
-6503
-3989
-3508
-2229
2146
6391
5525
2334
3303
4889
2923
259
1998
6441
9633
11424
12942
8866
1694
1035
5119
8004
1055
-2722
-819
1699
2759
-1085
376
-3159
-6416
-7641
-6709
-1649
-4605
-4127
-3751
-4291
-3601
-3685
1688
-564
-6919
-7421
-3836
1108
409
2002
4722
885
-3628
-5480
-3542
-2549
-4246
-2273
-943
-964
824
78
-757
-5205
-6175
-730
1462
4808
5158
6712
6485
811
-35
-29
2601
4485
4376
5425
2964
2218
1927
-778
-3132
-5343
-2626
996
2247
3543
532
-1825
-3780
-4885
-1067
1368
3721
1600
-1262
791
387
1539
1231
1000
219
-2486
489
1873
3102
2449
-118
-1232
-3525
-1122
320
654
1770
395
-579
-1400
720
1887
-1453
-2892
-993
1077
1057
652
2205
858
-3168
-3729
-1570
871
-1414
-2340
-987
-2895
-5510
-8383
-4399
-3843
-5133
-1657
4168
9025
2897
2251
3613
4691
3263
1546
6445
4184
8068
11583
13393
6654
-2911
2211
4372
5448
-2115
-4203
-1020
-872
1677
-2620
-1023
-3575
-5935
-5178
-4509
60
-3362
-2350
-1002
-2499
-2905
-1618
3413
-2606
-9891
-8004
-2109
716
-2104
51
2037
-2857
-7759
-7214
-3770
-3620
-5023
-2383
-53
-530
232
357
-1201
-6565
-6004
2686
7301
8166
6848
8425
6465
164
389
3372
4972
2802
2956
6220
4842
1309
-556
-2314
-5112
-6261
-2223
3492
3293
1499
-410
-1949
-4147
-5759
486
3745
3371
517
-541
2693
-378
-374
637
1284
125
-3408
260
1043
961
-96
-1291
-8
-2487
-77
2081
2353
1325
-1764
-305
-500
966
2081
595
76
-1218
830
1663
1046
1152
199
-602
-1426
-212
1132
734
3
-1721
-4300
-5893
-5403
-4390
-5289
-5774
-3504
-538
1879
3723
3359
1463
610
2373
5102
5557
5025
2409
3858
9107
10732
6813
-354
1927
5519
5557
3080
-1153
-2955
-5304
186
2849
748
-1212
-2677
-940
-5581
-6075
-3377
-2775
-2679
-4174
-1512
-971
-1206
-3243
-7922
-8135
-7421
-3740
-286
388
320
-3437
-5349
-5845
-6108
-4152
-2000
368
642
787
2368
1128
-2270
-4840
-2429
3759
7044
8528
9389
9196
5843
726
41
1633
2036
2450
3826
5002
3315
84
44
-3191
-7028
-5933
-921
4572
1583
698
-186
-2435
-4083
-4206
2879
2186
727
442
1725
3671
-845
179
-335
-538
-791
-1275
2941
1950
1154
-601
-1702
-899
-2577
176
2212
1981
23
-1890
755
442
-681
-729
-17
2300
1805
2539
2754
649
-903
-1653
377
770
486
1277
802
-1545
-5372
-6058
-5828
-6956
-7301
-5119
-3536
-2668
-683
2440
3851
488
1031
2496
5750
6348
4553
4907
3991
9096
9775
9052
4187
1667
6256
6322
5374
-2556
-3819
-2617
-560
1694
-1658
-94
-2344
-3137
-5183
-5393
-2508
-5172
-3840
-3359
-2266
-2430
-2995
-1631
-7806
-10068
-7233
-3222
-682
-1603
2000
784
-4618
-6308
-4783
-2266
-3664
-1734
3033
3358
2227
904
148
-3221
-5508
962
6761
7321
5439
6189
7680
1726
-1972
350
2232
1445
1444
6284
6022
-460
-2920
-2438
-4328
-7458
-3818
4136
5731
2838
832
-268
-3073
-5551
-1519
3729
4202
2852
2762
4872
2072
-3446
-3131
250
1493
-1424
305
5185
2911
-2463
-3957
-1214
-2273
-3961
1595
5270
2567
-940
-33
935
-2800
-2071
1841
2857
2032
2776
5159
1672
-2700
-2217
253
886
141
2341
3252
-555
-4828
-5274
-4933
-7833
-9824
-6264
-3377
-3998
-3192
84
1294
-2397
-2269
2094
4186
5336
8216
10486
4104
-2582
4047
11847
11228
3343
2072
7577
7161
7318
700
-4652
-9098
-6585
3951
2130
2142
-1411
-1842
-4577
-11268
-5827
-5017
-2431
-2859
-3290
-3
-2135
670
-4450
-10444
-8387
-6246
705
1607
3509
3694
-3888
-5085
-6115
-3390
-1460
-905
4001
1607
1242
2682
1203
-1936
-7282
-658
6115
4910
4659
5283
7887
1661
-3648
-217
556
998
1671
5791
6077
-1307
-2081
-472
-2767
-6711
-4514
5588
5939
1879
2133
2792
-471
-7309
-1961
4713
2631
520
3685
7594
65
-5841
-2642
-497
-2767
-2850
3714
4960
-197
-2019
-1104
-2777
-6048
-3393
3067
4944
2775
1964
3016
776
-4095
-3047
2312
3606
2278
4199
7481
2846
-4290
-3882
-449
-579
-2305
2181
5242
262
-5920
-6229
-3793
-8544
-11408
-6665
-1131
-2083
-5394
-1834
202
-2090
-3284
1070
4798
3194
5644
10842
10633
1368
-4339
4554
12350
10919
4318
3554
8457
6224
5810
2145
-4582
-10665
-8017
6561
5490
-840
-4351
-1595
-2376
-12713
-8256
-4180
-2328
-3065
-2833
2549
-2033
-1952
-2656
-5949
-6147
-7120
705
4011
3778
3197
-2398
-3456
-6024
-3816
72
-672
1128
-1143
546
3213
1109
-1653
-7487
-3146
3360
3847
4451
3340
5576
1615
-2612
-80
399
1106
41
3533
5780
1409
171
-124
-1359
-4671
-3426
4305
4823
1209
1860
3736
1933
-5254
-3861
2411
2192
751
170
4664
2697
-1939
-2150
-3189
-1918
-2729
2123
4367
1527
-53
-2593
-1583
-3388
-882
3501
4349
3451
914
3022
1947
-1833
-2872
270
4415
3679
4105
4350
1428
-2828
-4336
-1446
-1191
-1150
1158
2481
-858
-6011
-5699
-3829
-5371
-7094
-3529
763
-1034
-5445
-5507
-4574
-6641
-6911
-1295
5605
5493
2753
2997
5032
5834
4525
5174
3371
372
5932
13847
15885
4627
-1875
4561
6763
3937
-5651
-4598
-2988
-2805
1474
-1527
-636
-7287
-6618
-5265
-8448
-3609
-5067
814
1187
-97
692
-3275
1388
-3093
-4005
-1169
-2410
-85
-3448
2632
3295
-4198
-5891
-7625
-1757
-2941
-2924
1421
-842
987
452
2298
-744
-6629
275
5463
7084
4492
4179
7291
837
-2557
-1606
247
1024
-483
5764
6956
1576
-2299
-3132
-1161
-4472
-2722
3374
4743
2955
1148
2859
-139
-6169
-4369
1441
4660
3543
2827
4273
-823
-5063
-3225
515
1545
-1069
3034
5082
2379
-295
-1800
-24
-964
1357
3255
2008
2587
435
-1278
-3866
-3126
654
508
1535
1089
1464
339
-2591
-2966
-3578
-797
24
-326
-220
-661
-1102
-3871
-3413
-1810
-1203
-1531
-1716
-1770
-4591
-4948
-3461
-4012
-5503
-4753
-547
567
1249
3773
3554
3805
3194
6354
7759
5785
4031
1369
9453
13732
11151
1851
-2065
5328
4186
4203
-1705
-4694
-6743
-5417
2189
-4255
-5743
-5521
-722
-2042
-8226
-2717
-4363
-2479
-1828
1322
3840
-626
2884
-1380
-4513
-6477
-7607
-3078
-3573
2875
3992
-1181
-5324
-8394
-2997
-2675
-1802
480
572
5135
6104
5444
-106
-4484
1223
4393
5336
4858
6115
6248
-1715
-4122
-1900
-322
-1544
-2747
2545
2901
466
-466
-1733
-4219
-7252
-2263
3185
3840
4650
6187
4850
-1785
-4660
423
3784
2079
1624
4974
6606
1039
-2905
-2561
-2163
-1842
-673
4003
4317
2313
1610
-107
-2133
-4786
-1529
2195
2147
1080
-375
-198
-2919
-4489
-2607
-1272
-1186
-1677
1517
2459
-1347
-3728
-3242
-1385
-1857
-428
2787
2166
-585
-1342
1154
175
-3899
-4197
-730
539
-2085
-2188
-50
-1291
-4757
-4990
-2637
-2053
-1321
2898
6754
6177
2632
3111
5772
6358
5786
5611
5998
1614
3702
9634
10161
675
-8566
-328
5532
4009
-5736
-8498
-4807
-5933
-420
-3306
-3992
-5630
-3760
1520
-3625
-1335
-4843
-3378
-203
101
4085
-2417
-480
-2857
-5454
-2566
-4737
-1724
-5645
-357
6006
1793
-1184
-6471
-1433
-259
-162
5142
3872
5121
3483
4776
3372
-3720
-1430
1518
4212
2995
1832
4205
-1055
-4656
-4461
-2454
-1575
-3922
139
3379
2496
516
-1429
-1119
-2962
-1080
4022
5522
5031
3468
3030
1319
-1275
840
2310
1338
744
2439
5500
765
-3552
-2694
81
1353
-2268
-397
1255
1077
68
-1951
-579
-2538
-1735
-39
-343
-508
-1991
-202
-2189
-4009
-1398
274
-137
-3309
-235
2864
287
-2652
-3551
-637
-465
713
2814
2329
379
-1725
6
-212
-1761
-1057
2295
3847
1176
824
1367
358
-2230
-1452
1414
741
-397
-57
1546
-604
-2642
-255
1075
530
-1126
1760
4345
1743
-808
-3242
514
3452
3853
2391
-1727
1743
2774
3774
419
-5388
-4715
-4950
2117
2229
-771
-1743
-3230
871
-4297
-3835
-2909
-3911
141
152
5321
256
-4095
-2561
-3146
724
-2654
122
1314
654
5659
3585
1939
-4423
-4166
1242
937
3268
1219
1463
1221
627
1955
-3775
-4761
-1818
1495
2571
812
3490
1898
-2003
-2868
-1249
1066
-90
1452
3899
3220
1349
-1067
-1879
-1903
-634
1169
583
315
1627
2360
1075
-1792
-2674
-2015
-634
1790
2464
2010
1179
221
-672
-1644
-618
-130
-987
171
2020
2317
-188
-2034
-2158
-4143
-4502
-2207
650
528
-1534
-373
-374
-2385
-3543
-1583
1413
1706
2782
3810
3139
1336
177
550
590
1332
3146
4459
3636
2181
1672
1066
-593
-1539
701
2537
2109
747
1155
2673
1042
-1554
-3770
-3737
-2811
-2312
-899
-1057
-1379
-2939
-4563
-5154
-4812
-2366
-1571
-1043
316
1890
1487
-1882
-3092
-1494
801
1173
1372
3447
4304
2890
-92
-1707
-1574
-286
2150
3788
4113
2638
687
-48
417
961
-44
-802
510
2202
2081
-83
-1896
-3060
-3989
-2998
-937
59
-1320
-2046
-407
-296
-1938
-3357
-2406
-289
597
1644
1803
1778
1913
1348
837
-199
378
1436
1427
1421
1121
1330
175
-1471
-1678
-1091
-164
-503
-834
-568
-382
-454
-1392
-2260
-2500
-1636
-313
265
767
1558
1116
-800
-1124
1152
2647
874
-615
826
1996
1004
-369
187
888
181
-270
-207
-149
-320
156
361
-807
-1079
502
1826
719
-269
757
1579
1144
987
2450
2722
1596
1432
2220
2254
863
605
1092
614
-205
-71
758
79
-1107
-1077
-837
-983
-1032
166
962
-207
-1393
-1389
-358
85
-515
-1365
-1808
-1900
-2591
-3075
-2245
-1275
-2568
-4133
-3649
-2634
-2800
-3217
-1211
-242
-1204
-1490
-507
779
-610
-496
877
1420
1283
498
2201
2540
2298
2129
1963
2676
1739
2466
2769
2537
2598
2344
2927
1865
1593
1362
637
286
99
1118
770
295
12
-261
-628
-1780
-1735
-1199
-147
-49
-773
-818
-1048
-1471
-2556
-2599
-1682
-975
-409
-578
-720
-1006
-1629
-2099
-2535
-1930
-968
-547
-639
-1699
-1418
-598
-593
-1096
-1415
166
474
111
391
1034
1763
639
438
359
712
1694
1832
2031
916
960
862
70
-50
-260
410
199
720
1044
438
185
71
381
-402
24
1743
2949
2277
1130
1753
1912
1426
1236
2748
3108
1838
1570
1955
2566
1343
737
464
106
362
-285
-31
-419
-428
-838
-2341
-2467
-2536
-1792
-2394
-3078
-2381
-2374
-2187
-2920
-2394
-1985
-2682
-2694
-2846
-1914
-1868
-1508
-1382
-2298
-1883
-962
124
-1083
-1504
-81
1040
1647
1079
1839
1569
1234
1193
1252
2402
1950
2485
2285
1938
1616
941
2143
1519
1551
1755
2157
2362
957
1704
1255
666
307
389
1164
-270
-362
-462
-327
-177
-976
-994
-2414
-2776
-2519
-1910
-1105
-1903
-1689
-1331
-713
-1079
-1928
-883
-60
189
-316
111
691
-596
-1580
-1225
54
-83
-1102
-889
-608
-1151
-2038
-1895
-1612
-1872
-1148
-30
-170
-1181
-862
399
276
-187
962
2689
2660
1346
1067
1838
2178
1875
1736
1683
1612
1267
1168
1269
1029
953
344
239
730
1611
2373
1782
1598
1481
1741
1887
1651
2173
1858
1814
1569
1414
1667
854
405
-492
-820
-1035
-1209
-117
-355
-1566
-2954
-2665
-1760
-2374
-2216
-1549
-983
-1413
-1882
-1119
-1103
-1355
-1532
-1038
-49
244
703
400
-568
-1720
-2425
-1633
-824
-242
-201
-729
-1170
-1754
-1853
-2005
-2171
-1622
-677
254
603
745
698
-40
-927
-1206
-542
921
1964
2333
2241
1609
703
-156
561
1701
1987
1986
2235
2901
2298
1297
576
-95
47
428
962
570
161
779
462
-575
-1760
-1303
-105
80
276
-23
68
-538
-1256
-1112
-1000
-458
-895
-844
-350
-179
-307
-1588
-1894
-2021
-1650
-806
-497
-12
-774
-1116
-1418
-1623
-1072
-689
381
452
408
428
585
1175
1063
1177
1079
1357
1685
1663
1668
1132
465
-143
-115
259
461
454
368
364
269
454
419
595
985
1033
1070
986
1434
1415
1066
1275
1231
1022
496
648
1000
573
299
-220
-231
-51
-199
-371
-1239
-1061
-519
-417
-592
-1103
-337
-132
-259
31
187
341
-578
-521
-49
-213
-244
-581
-606
-1321
-1752
-1500
-1945
-2147
-2033
-1603
-1876
-2854
-2416
-1446
-1155
-1528
-1612
-370
416
518
639
682
939
602
1061
2032
2064
1817
1284
1407
915
252
832
1119
1036
122
-187
153
64
260
-267
-609
-480
-23
318
-380
-154
401
220
-335
-519
676
1061
320
-399
-279
824
510
-253
-636
-498
-78
-728
-731
-498
-14
-36
-1267
-1359
-963
-306
-486
-577
581
664
111
-612
-246
418
293
519
414
379
240
397
611
-53
-240
88
206
-302
-592
61
110
-553
-301
783
1055
184
-102
808
1502
1517
1352
1184
992
811
955
999
691
789
967
1040
871
259
-165
-605
-351
91
-16
-85
-440
-278
-348
-546
-607
-1036
-462
-164
39
20
-427
-28
-75
455
741
581
711
352
947
833
448
232
-364
-319
-697
-394
-308
-913
-1215
-1542
-1365
-1973
-2419
-1602
-685
-593
-1530
-1497
-562
-300
-502
-575
-357
-312
-200
384
612
340
215
99
-224
-602
-253
199
-269
-572
-311
-34
-621
-1126
-601
-212
-108
-282
95
644
650
455
-163
-76
319
798
1205
1083
1156
584
220
474
971
1221
338
174
680
1393
1320
117
-165
-151
367
498
117
167
42
401
-97
-631
-460
-234
214
25
436
635
354
342
192
550
258
62
205
218
565
189
120
64
-241
-334
-580
-42
162
116
32
-442
-444
-673
-504
-305
-414
-420
-638
-300
-71
-158
-461
-600
-349
-332
-129
136
308
95
-46
-63
-240
-293
-176
392
303
165
309
302
339
94
406
363
215
480
631
799
386
331
366
210
177
80
242
227
281
203
-41
-149
-223
-148
-303
-496
-454
-316
-133
-118
-174
-122
-87
-133
-331
-320
161
522
357
57
24
115
-32
-380
-796
-942
-559
-293
-414
-687
-534
-419
-935
-1275
-1069
-499
-498
-817
-623
-325
-133
-358
-465
-163
-104
-103
-256
-67
385
375
-1
-668
-446
47
-65
-214
-114
656
612
-5
-120
140
619
258
145
346
657
1076
963
1436
1582
1342
653
6
622
913
957
502
226
407
164
285
55
155
55
-333
73
123
355
46
-199
-42
-315
129
130
114
196
182
399
-138
-84
28
-126
-117
-197
159
-183
-302
72
257
289
-391
-541
-400
-154
-110
-626
-660
-530
-369
-518
-596
-498
-667
-739
-692
-359
-191
-150
7
248
454
375
309
228
391
666
843
682
387
795
1057
659
106
215
497
262
363
766
930
493
133
100
-157
-304
-78
328
335
59
36
-91
-445
-697
-761
-789
-896
-705
-339
-417
-908
-1411
-1485
-1461
-1434
-868
-349
-349
-737
-783
-546
-869
-1043
-755
-183
157
2
-137
-389
-423
-397
-414
-295
-285
14
246
163
-101
-420
-470
-602
-431
235
628
552
366
596
994
877
647
658
888
1222
1262
1324
1221
1035
828
561
785
973
1145
1016
816
824
609
568
376
464
796
864
707
256
193
126
-78
-41
85
320
236
118
-33
-208
-377
-665
-650
-518
-324
-317
-394
-476
-692
-767
-770
-647
-432
-145
38
-59
-210
-420
-649
-797
-712
-505
-450
-325
-165
-184
-442
-667
-629
-545
-384
-105
163
233
-41
-190
-54
109
131
20
256
380
317
402
571
537
88
276
668
768
750
678
786
397
200
433
525
493
256
392
328
-97
-318
-403
-379
-726
-681
-385
-584
-707
-789
-628
-822
-1133
-835
-610
-271
-247
-303
-303
-615
-553
-693
-750
-444
-220
-91
-373
-426
-438
-761
-808
-774
-384
-84
-36
15
-148
87
129
138
354
489
848
954
1036
1100
1111
1155
877
804
815
749
671
449
575
531
305
117
-16
103
54
322
724
687
317
-98
12
189
224
407
621
753
461
252
363
314
145
-57
-22
15
-69
-76
-248
-408
-480
-474
-467
-573
-498
-306
-324
-553
-624
-350
-50
-156
-201
-60
66
76
9
252
187
-28
-199
-154
109
19
25
-97
-141
-77
-216
-207
-365
-323
-288
-509
-496
-450
-182
-138
-208
13
46
136
72
93
253
119
221
346
486
597
603
690
313
-35
-65
-13
51
-218
-276
-272
-369
-481
-745
-638
-610
-565
-337
-158
58
-165
-255
-199
-180
42
6
-8
-42
91
260
-120
-406
-336
-15
-44
-467
-397
-35
139
-98
-401
-335
-303
-224
-45
136
295
162
274
392
349
385
393
528
570
758
797
496
351
287
264
3
-198
-133
-182
-215
-432
-561
-509
-371
-92
37
158
164
284
469
483
460
392
492
628
710
696
599
454
258
153
138
174
168
-15
-227
-310
-288
-351
-357
-142
5
78
-2
9
13
-105
-152
-207
-7
93
66
98
85
133
-42
-145
-50
35
255
230
167
-59
-147
40
-185
-275
-318
-62
123
-32
79
9
-148
-479
-564
-186
-55
21
-68
-170
-205
-515
-505
-459
-298
-11
60
167
-108
-137
-202
-476
-572
-733
-408
-215
-88
56
-99
-14
-195
-202
-15
20
179
42
265
391
207
164
3
222
246
277
365
216
217
-73
-212
-282
-307
-100
-65
89
48
31
124
-31
3
-23
-54
-75
-102
183
291
220
67
14
250
347
339
281
341
439
190
12
-60
-32
-25
-198
-176
-226
-271
-366
-469
-346
-310
-191
-56
65
124
28
119
262
249
184
186
221
98
5
131
147
-57
-190
-126
-17
-12
54
149
139
135
41
35
102
258
496
486
489
387
279
230
101
170
201
240
252
163
134
45
9
-111
-186
16
151
216
154
125
71
-187
-241
-230
-45
92
38
79
-64
-44
-16
-101
-149
-241
-69
60
74
-23
-320
-393
-420
-424
-388
-378
-229
-307
-403
-413
-450
-426
-500
-464
-398
-258
-39
-45
-103
-215
-208
-171
-250
-45
86
151
192
87
94
-110
-180
-87
3
234
223
206
71
-25
-32
-205
-121
-10
123
120
41
136
-7
-132
-196
-192
-78
-1
238
321
152
9
-58
1
-4
165
358
286
305
364
347
72
-146
-75
31
198
239
275
285
99
-24
-109
-111
-86
-3
212
291
243
71
-3
0
-117
-187
-58
228
341
256
161
60
-108
-207
-71
226
354
236
146
54
-57
-79
-66
-15
11
188
380
323
191
63
82
9
-10
166
262
268
134
100
130
57
-69
-161
41
282
155
-68
-198
-161
-128
-233
-231
-220
-139
-71
-68
-157
-348
-275
-158
-157
-243
-205
-21
-129
-201
-158
-156
-211
-322
-103
59
-61
-265
-271
-26
-90
-159
-183
-204
-145
-155
-88
-209
-344
-312
-219
-38
41
102
100
-7
-14
-6
37
35
7
79
66
28
-95
-136
-48
-98
-122
-172
-58
57
-13
3
-65
-84
-84
6
143
139
179
162
129
129
150
179
89
43
73
146
172
38
43
98
89
8
-69
2
7
36
-25
-86
-83
-116
-25
-10
12
-11
26
162
189
294
338
325
240
155
308
394
335
189
97
168
132
178
230
192
131
23
67
115
161
101
32
76
162
247
221
203
206
206
191
88
4
38
24
-5
-94
-129
-85
-68
-91
-204
-184
-133
-120
-145
-168
-162
-149
-134
-183
-182
-103
-93
-118
-101
-33
-16
-120
-145
-199
-215
-193
-188
-229
-267
-206
-283
-397
-467
-366
-227
-151
-124
-125
-98
-133
-204
-217
-193
-132
-32
13
76
74
133
85
-10
28
61
27
-89
-37
-28
-112
-208
-189
-122
-153
-175
-117
40
98
69
25
12
28
59
22
71
183
202
161
62
114
126
73
78
181
299
223
106
25
-13
22
44
40
74
92
64
21
104
216
236
130
48
201
275
252
159
138
170
89
26
64
237
215
70
-53
-109
-20
-21
-14
-2
34
106
57
87
89
88
147
173
267
275
338
333
228
205
139
203
165
149
163
60
26
-70
-52
-73
-163
-224
-236
-139
-133
-87
-67
-186
-265
-246
-171
-137
-134
-113
-127
-123
-137
-183
-198
-199
-152
-111
-130
-163
-168
-129
-154
-296
-379
-269
-135
-113
-158
-234
-236
-202
-179
-128
-57
-52
-136
-158
-37
124
90
-66
-109
-19
120
130
32
-66
-117
-50
-67
-110
-25
32
67
21
-25
22
26
26
41
57
79
43
53
32
-19
-2
-27
-21
-14
45
111
15
-37
52
154
119
60
72
100
80
79
126
104
78
48
47
61
98
133
144
127
63
53
83
143
189
197
214
230
206
235
202
142
139
119
129
108
30
-24
24
72
83
106
141
155
129
74
64
81
72
57
38
57
34
40
98
62
23
8
-6
25
41
22
-38
-95
-92
-53
-65
-157
-208
-155
-41
-11
-110
-192
-227
-188
-171
-253
-218
-151
-203
-275
-264
-161
-111
-115
-149
-205
-189
-169
-154
-177
-206
-212
-214
-183
-127
-9
-1
-84
-119
-66
-18
-39
-66
-88
-12
38
45
50
40
40
6
60
175
196
152
99
85
104
91
89
102
69
59
93
97
111
120
101
48
18
21
12
7
-43
-72
-81
-64
-66
-49
54
75
38
35
13
3
-26
-98
-70
0
45
0
-61
-16
-43
-72
-67
-35
56
30
-16
-52
-33
34
16
61
104
136
151
160
248
259
199
160
172
213
244
243
167
148
187
184
142
101
138
146
80
83
53
-7
-32
-105
-118
-98
-50
-2
-37
-40
-47
-56
-32
-27
-33
-24
-64
-67
-8
-22
-100
-154
-145
-93
-66
-101
-141
-175
-210
-227
-182
-132
-102
-124
-143
-101
-52
-9
-36
-2
16
3
38
32
56
28
-44
-104
-108
-22
19
22
-39
-107
-94
-105
-122
-108
-60
1
25
-16
-6
25
-4
-30
-28
63
115
103
66
64
77
38
-32
-78
-48
-22
19
10
-5
-24
-79
-140
-147
-56
-18
-1
-15
22
42
-23
-32
-21
67
110
84
91
101
78
45
-1
-19
39
51
46
57
60
40
-7
-53
-45
13
65
65
51
76
81
79
68
54
78
100
126
119
100
88
42
-13
-15
43
32
-31
-12
22
-4
-14
-33
-32
-28
-14
64
104
82
20
6
-1
35
84
104
89
60
68
61
54
19
17
10
12
-9
15
13
-104
-120
-124
-107
-50
5
8
18
7
-13
-19
-58
-28
-32
-36
-36
-18
-10
-36
-79
-131
-114
-99
-62
-53
-54
-45
-106
-165
-143
-123
-98
-54
-14
18
3
10
-19
-59
-49
-35
20
103
117
76
51
19
9
21
53
38
28
33
18
-41
-113
-92
-83
-74
-33
-6
4
-21
-63
-55
-83
-96
-43
-10
4
-11
-3
-34
-77
-67
-51
-13
-19
-17
-15
-35
-41
-83
-61
-27
-12
59
113
110
78
59
64
91
95
79
89
129
143
108
62
34
10
14
62
103
116
85
28
-21
-50
-53
6
37
58
84
98
131
119
101
68
53
113
199
229
195
148
95
63
32
10
24
-7
-54
-27
-61
-120
-128
-137
-127
-120
-67
-40
-46
-60
-36
-1
-41
-13
1
17
35
15
4
-49
-50
-61
-70
-34
-45
-38
-30
-60
-111
-150
-144
-150
-84
-49
-54
-16
-31
-27
-53
-26
29
20
44
73
44
-8
-13
-19
-14
17
40
31
1
-33
-59
-84
-92
-93
-88
-39
-2
1
-10
-38
-61
-41
-58
-23
11
22
54
11
6
0
0
0
1
16
13
-3
3
5
-34
-28
3
12
-4
-6
-8
13
-15
-40
-25
-13
-9
-6
25
44
55
42
62
60
63
64
77
101
105
120
90
27
9
28
27
2
-6
9
19
51
19
10
-1
18
70
73
98
71
53
46
62
70
61
61
57
70
61
38
-5
-32
-16
-35
-46
-25
-25
-39
-57
-64
-75
-37
-31
-29
-13
3
-19
-44
-11
-11
-19
-41
6
2
-10
-28
-66
-26
-25
-29
17
3
-30
-5
-22
-15
-31
-26
1
11
28
33
30
11
12
13
35
24
20
41
17
-10
-15
-36
-52
-54
-60
-86
-87
-42
-36
-40
-44
-33
-42
-28
13
2
-10
-29
-41
-57
-68
-67
-49
-46
-15
44
0
-28
-53
-50
-30
-49
-34
-38
2
-12
-6
27
-4
-13
-14
27
53
48
46
43
48
22
-13
-4
0
21
38
10
-1
-5
16
13
28
45
24
56
50
41
23
32
29
-5
41
35
22
16
10
27
35
3
-34
15
47
32
38
66
15
-9
6
-6
4
3
11
4
29
42
-10
-33
-19
10
19
-12
8
45
40
26
4
15
28
38
61
35
22
33
41
25
12
-11
-23
-19
-45
-17
7
-3
1
26
32
32
4
-20
15
31
32
19
21
36
15
-2
1
2
-8
-2
1
-18
-56
-62
-16
-17
-26
-23
-48
-20
-10
-52
-73
-64
-26
1
-20
-46
-50
-56
-21
-20
-41
-60
-100
-101
-101
-66
-36
-57
-72
-76
-87
-97
-89
-63
-53
-53
-42
-31
-12
-6
-15
-9
12
28
23
21
30
19
5
-20
-6
-4
3
11
-13
25
7
33
18
-8
32
41
46
28
29
53
38
27
87
77
89
74
60
28
20
76
53
57
49
64
51
19
0
-10
-9
2
31
47
22
6
34
24
31
29
55
80
58
37
38
70
45
41
40
51
73
34
40
41
-4
3
19
6
3
-2
-14
-28
-19
-16
-3
13
-6
-18
9
26
13
8
0
16
4
-34
-55
-40
-27
-11
-10
-56
-62
-69
-49
-26
-54
-74
-70
-44
-44
-35
-16
-16
-8
-42
-7
31
7
25
22
14
-9
-25
-22
-22
-65
-98
-96
-87
-76
-74
-49
-54
-100
-104
-66
-76
-92
-62
-37
-45
-20
-18
-43
-34
-33
-48
-63
-39
-47
-44
-28
-41
-24
4
-3
-9
6
2
-5
-14
-22
23
63
62
53
58
81
45
46
66
85
89
57
96
113
106
95
95
88
91
123
93
57
50
71
107
85
74
35
28
53
42
51
-3
-31
-46
-29
-17
-26
-2
12
19
15
24
19
35
40
55
18
-4
19
-12
-20
3
25
-6
0
1
-4
-9
-31
-1
14
21
17
25
54
44
26
34
19
14
25
15
22
13
-27
-57
-64
-65
-46
-40
-42
-66
-78
-55
-19
-17
-32
-57
-81
-48
-77
-70
-54
-48
-48
-77
-61
-77
-85
-117
-124
-110
-115
-101
-68
-51
-56
-35
-47
-44
-33
3
16
-6
14
-13
-8
22
3
15
10
13
9
3
28
32
40
46
34
23
50
64
66
43
21
17
7
-14
6
41
31
35
47
31
14
33
-12
19
31
-2
5
-18
9
0
-15
-8
-6
-10
-14
-25
-21
1
6
10
0
4
16
24
54
56
32
56
50
52
74
67
76
72
37
21
62
47
24
75
82
55
50
81
78
38
58
88
68
51
41
23
31
10
-12
-16
-21
-26
-33
-1
2
-27
-19
1
0
-19
-33
-34
-13
-25
-34
-29
-53
-34
-22
-28
-44
-60
-65
-59
-82
-92
-86
-66
-28
-25
6
-8
-10
-16
-4
-9
-16
-28
-58
-45
-36
5
-54
-56
-50
-73
-76
-86
-62
-79
-54
-57
-79
-51
-35
-52
-43
-22
-14
-46
-34
-28
-23
-20
-51
-19
-20
-30
-48
-23
-21
-42
-9
29
55
49
27
11
40
61
50
45
51
45
73
90
69
57
53
38
28
44
60
59
74
61
36
56
54
52
28
41
76
80
60
60
79
59
56
33
28
18
30
51
38
26
2
1
18
33
31
41
66
29
58
69
17
4
9
9
-30
16
6
-13
-14
-14
-13
-54
-43
-37
7
6
-6
-8
-33
-50
-45
0
0
17
32
-9
-29
-60
-68
-53
-60
-45
-54
-82
-97
-56
-38
-50
-46
-38
-49
-79
-73
-60
-71
-51
-8
-3
-5
-27
-48
-76
-67
-59
-45
-21
-45
-40
-66
-54
-51
-85
-55
-29
9
21
11
13
16
47
52
10
26
32
26
54
57
60
51
82
56
20
31
3
16
30
47
40
19
12
-6
-10
16
12
-2
-2
-1
3
11
32
19
20
48
52
33
16
-10
4
26
7
18
41
15
-6
2
-12
10
8
-1
12
37
36
22
32
34
44
23
16
23
41
72
73
34
28
27
31
20
-1
2
5
15
26
18
1
12
-11
-16
-37
-58
-58
-40
-64
-50
-10
-34
-13
-38
-13
-32
-35
-19
-27
9
18
39
-7
-34
-40
-29
-33
-48
-29
-10
-17
-19
-10
-29
-38
-34
-25
-40
-45
-51
-22
-18
-25
0
-6
-5
2
0
-6
-16
-42
-19
1
-4
-9
-15
-15
7
15
23
27
32
26
7
34
-1
-25
-31
18
42
-4
12
12
-15
-13
42
52
39
45
21
-14
-9
-20
-17
20
12
-13
-11
12
2
-6
27
36
31
28
12
2
-2
19
49
53
28
16
0
-6
6
13
30
31
10
-20
-15
12
7
2
-9
-16
-16
-28
-38
-29
-1
-26
-46
-15
-6
-36
-7
-2
-16
12
4
12
-9
-1
6
-19
-40
-23
4
-9
2
3
17
3
-7
41
54
9
10
22
14
10
0
-9
-10
13
19
11
9
21
10
-12
19
2
-12
-4
3
14
-1
4
4
-13
-11
15
19
10
0
-24
3
9
-16
2
-3
9
-6
1
25
-2
-1
-14
0
-6
-7
-7
-30
-3
-16
2
0
3
37
20
31
6
-31
-12
-31
-39
-3
7
19
53
76
27
-4
-7
-27
-54
-59
-35
-44
-66
-81
-44
-29
-17
-19
-22
-1
-16
-13
-10
0
11
-9
-21
-12
4
-2
-35
-10
-2
19
-16
-42
-19
-39
3
-25
-26
2
4
32
6
-4
25
35
38
41
49
20
-2
28
51
76
85
86
44
29
25
-11
-22
-19
16
-1
-17
-21
-15
-27
-42
-7
-9
16
29
19
36
19
9
38
57
22
-22
-15
-3
1
12
-8
-3
15
10
27
41
21
33
24
-1
-6
-14
-14
-23
-1
-32
-24
-8
-13
-4
-9
-4
-5
0
-16
-2
-21
-4
7
37
38
3
0
-10
5
-13
12
12
8
-12
-29
-10
-48
-46
-29
-29
19
28
10
19
17
44
19
-1
-2
-10
-17
-36
-15
10
-4
-2
-3
-26
-20
-10
3
-34
-17
-18
-53
-42
-55
-51
-72
-67
-19
-12
3
0
-41
-54
-60
-46
-12
-4
-3
6
-12
-13
32
45
13
0
17
10
16
30
7
21
-12
-21
10
27
51
37
47
25
15
19
38
25
23
42
35
34
5
27
28
22
1
1
1
4
23
-11
-21
-41
11
22
-3
9
15
14
25
48
9
19
32
38
17
-18
-22
-44
-32
-4
7
-9
-8
-6
-18
8
16
2
9
6
12
7
13
0
-13
52
33
6
29
49
63
42
19
16
42
31
34
22
-6
-4
-12
-13
-38
-44
-51
-39
-18
-48
-65
-67
-56
-46
-47
-40
-17
-4
8
9
-15
-3
-6
-7
4
-20
-15
-4
-5
-23
-15
4
-12
-47
-60
-23
6
10
-14
-50
-18
-2
-48
-63
-50
-20
3
-1
-2
16
43
19
19
6
9
29
-16
-19
-25
-20
-44
-42
-6
-5
3
4
19
-10
-31
-18
-1
11
34
61
55
29
34
9
13
15
29
70
7
7
9
15
14
20
11
-10
9
9
20
-23
17
48
36
45
32
29
4
9
32
34
42
43
26
2
-15
-3
1
26
1
7
10
-21
-1
-16
29
-1
-13
7
31
68
41
32
-18
-21
-40
-42
-45
-45
-16
-10
12
25
53
33
23
25
38
18
2
16
-32
-13
-7
6
2
-12
-19
-51
-28
-22
-35
-26
-9
-17
-27
-23
-3
-8
-3
-14
-43
-7
15
-10
-12
14
-15
-47
-61
-56
-31
-9
2
-6
-25
-40
-40
-53
-52
-65
-58
-35
-44
-39
-55
-56
-51
-76
-41
-5
12
4
-22
2
-6
-3
12
24
38
18
22
27
39
24
-7
22
22
16
32
40
42
32
26
16
47
44
18
9
-3
25
12
28
24
-1
28
45
38
44
61
52
54
28
29
40
19
18
36
35
35
3
-17
29
37
41
10
18
26
7
-19
-12
9
6
19
0
23
13
18
40
30
13
-3
-17
-48
-32
-13
-1
13
-3
-22
-1
-9
-26
-16
-25
-8
-16
-54
-44
-32
-34
-47
-47
-8
-12
-37
-41
-45
-13
-14
-19
-1
0
3
-6
-16
-17
35
24
-4
10
-4
0
-9
-12
4
1
7
12
1
5
-33
-40
-15
10
-1
-9
2
-35
-40
-47
-51
-69
-42
-47
-48
-29
-24
-22
-39
-6
-8
15
1
12
17
-2
9
-16
-45
-62
-26
-30
-51
-16
-1
-44
-53
-33
3
4
-9
-7
6
57
46
50
62
66
52
44
53
50
62
29
27
42
74
84
49
38
45
72
88
69
48
46
22
42
52
40
37
23
28
3
26
78
54
37
28
32
38
12
-6
-5
8
24
32
26
1
-41
-49
-33
-24
-33
-44
-54
-60
-25
-15
-25
-25
-2
-6
-22
-24
-24
-57
-92
-48
-56
-57
-58
-80
-54
-54
-44
-27
-40
-23
-7
-3
-32
-60
-31
-19
-16
-7
-5
12
18
9
-3
-1
7
3
13
0
-10
-5
-9
-22
-35
-6
-16
-41
-19
-8
-16
-14
1
7
7
-1
4
3
32
11
0
35
20
3
-14
-6
0
24
6
2
32
32
22
36
34
11
10
24
26
-17
16
22
19
18
3
-7
-13
5
8
31
59
81
79
51
33
16
-19
7
9
15
34
39
10
-29
18
1
10
23
6
6
11
35
-16
-23
41
45
22
-13
-18
-44
-50
-63
-74
-28
-35
-2
-16
-3
-12
-57
-13
-33
-14
5
-1
21
-1
-38
-14
25
14
1
13
28
15
2
22
43
40
10
-16
2
11
34
59
34
59
67
31
23
-15
-31
-37
-26
-41
-47
-13
-38
-60
-60
-39
-18
-14
-16
-16
-13
-27
-29
-43
-66
-31
-9
-29
-32
-38
6
27
18
4
-10
13
-33
-29
-34
-30
-8
-40
-23
-26
4
9
-26
-44
-44
-27
-9
-3
-19
16
48
45
36
34
25
28
40
15
-3
12
11
19
33
42
44
31
43
4
10
20
23
45
22
38
20
2
-2
6
22
25
34
41
50
54
53
6
-6
19
32
8
0
-4
-17
10
-4
-12
-12
9
8
-25
-51
-53
-34
-21
-26
-54
-20
6
-22
-46
-44
-22
6
40
29
27
32
43
28
12
15
0
-31
-57
-39
-27
-25
-18
-7
-21
-10
-33
-49
-12
7
36
24
40
32
28
47
16
-6
30
81
35
-2
-31
-26
23
1
-25
-50
-21
-26
-49
-32
-6
20
-10
-4
-8
1
3
-3
-19
-47
-39
-11
-1
-15
3
-8
7
1
-4
-18
-25
-41
-39
-25
-14
15
-21
-39
-55
-21
16
21
10
13
19
34
37
14
10
12
28
17
32
26
32
34
7
-4
19
40
5
-38
-47
-13
4
13
19
3
-3
10
11
4
13
4
9
23
12
53
59
38
8
-2
7
-31
-2
2
2
9
0
-18
-10
-3
-8
-5
-46
-12
-16
4
6
-7
19
22
36
-6
5
1
18
26
11
11
10
37
36
21
4
17
7
-10
-31
-15
-2
7
6
-28
-23
-14
-7
-44
-63
-46
-23
-13
-19
-7
-11
-7
-15
-5
12
5
-4
-19
-15
-40
-44
-44
-36
-18
-39
-14
-22
-11
15
-22
-12
3
-19
16
28
31
23
40
57
33
57
27
3
10
14
1
2
15
16
19
-1
-38
-31
22
3
16
26
51
48
13
24
-13
33
44
-10
-12
-32
-21
-28
-48
-19
-16
-13
-8
-34
-13
-9
-32
-22
-19
9
-1
-6
0
-13
13
8
10
15
9
-7
0
12
18
57
48
11
-9
-8
-24
-19
-24
-20
6
3
7
6
22
10
-11
-17
-2
-12
-3
6
-14
22
22
22
23
7
1
32
38
2
-31
-42
0
10
30
12
-7
-3
-14
-34
-36
-13
-29
-35
-54
-51
-50
-8
0
-5
3
17
21
4
47
18
31
40
53
67
35
15
-26
-13
-4
-15
-8
-13
-26
-6
7
25
-14
-41
-41
-10
4
-12
30
29
15
-5
16
22
42
34
19
35
13
2
-11
-16
-66
-37
1
-3
-9
-22
7
0
-1
-7
-8
23
46
36
-9
-11
9
-6
-12
1
22
10
-19
-28
-10
0
-12
-10
-49
-57
4
-11
-29
-31
-39
-10
-5
0
-8
8
22
4
10
-11
18
19
0
29
33
49
9
-42
-54
-22
-25
-35
-22
-41
-35
-43
-22
13
-4
-15
-10
-20
-9
-9
21
34
28
48
55
60
17
18
48
37
38
30
22
28
21
34
38
42
0
-26
-16
-31
-44
-29
-9
-13
-5
-35
-19
9
25
22
3
32
51
9
-1
43
35
25
-2
-25
-24
14
13
14
-12
-9
-6
-55
-16
-46
-34
-10
-25
-20
12
35
27
43
44
37
10
3
-17
-3
9
-1
-13
-28
-26
-17
-14
-37
-26
-5
-32
-78
-38
-12
-7
-12
-28
-10
-2
22
10
25
29
31
20
-3
-6
-8
1
-16
-16
-17
-6
3
-6
-10
-2
10
5
-10
-17
-26
-15
-11
-33
-16
3
-2
1
7
-9
-3
-9
21
46
23
43
12
20
3
-14
17
21
14
-32
-23
-16
-29
-37
-36
-42
-40
9
-9
-29
11
14
27
34
41
57
65
63
35
41
17
13
8
2
31
24
29
-13
-34
7
13
0
-9
-5
6
-9
-3
22
23
15
14
-16
-12
27
50
68
28
14
40
6
-23
-10
-40
-29
-16
-37
-14
-15
-6
-18
-69
-65
-35
-18
-4
-16
-3
21
34
40
56
54
42
24
-18
-5
6
-4
-22
-9
1
-17
-19
-41
-69
-82
-94
-70
-23
-26
-12
-10
-22
-44
-40
-30
-46
-20
-19
-7
22
12
3
17
19
35
38
37
39
16
27
38
45
29
20
25
6
-8
-34
-31
-17
-28
-18
-17
13
47
19
33
52
37
38
25
-4
21
44
0
-15
3
-15
-28
-24
4
4
-1
-1
-23
-13
-4
0
-13
-22
-16
-2
-1
-2
-21
0
17
-20
-3
42
58
45
15
-22
-3
25
5
15
17
-18
-7
-12
-38
19
25
-16
7
2
0
-2
-6
-1
-1
19
28
28
16
26
22
13
-21
-32
-8
-2
13
-14
-15
-3
22
7
-28
-5
13
18
-12
-22
11
-14
-19
2
-13
1
-29
-52
-27
-49
-53
-29
-35
-43
-53
-27
17
12
-10
-2
5
-14
-17
9
25
35
34
22
15
22
54
47
32
25
11
9
14
0
-5
21
29
44
15
3
31
0
-20
-25
-47
-30
-38
-32
-1
7
-12
-21
-11
-2
0
-41
-35
-35
-26
-19
-34
-36
-46
-22
26
18
1
35
8
0
-32
-27
-9
1
13
0
11
-12
-4
-23
-22
-9
21
39
33
38
15
22
35
30
42
73
73
27
0
21
35
50
54
42
62
40
6
-9
-15
16
15
9
-34
-44
-18
-9
3
-18
8
23
1
-20
-39
-28
3
-13
-11
-12
-24
-26
-54
-42
-11
-17
10
37
0
19
6
4
-11
-25
-4
-2
-1
10
11
-28
-3
-12
-60
-53
-22
-31
-33
-21
4
3
-15
-18
-15
6
-5
0
3
-1
-16
-2
-4
-7
-8
-31
-32
-40
-30
-3
20
-8
-13
-9
-14
10
8
16
4
-1
19
21
45
45
66
60
51
61
42
39
16
12
-1
27
36
7
-13
-21
-22
-35
-30
7
34
13
40
36
27
32
19
32
19
22
21
3
4
10
33
12
-21
-17
-41
-51
-50
-33
-36
-70
-54
-10
-10
-11
-5
-28
-22
-33
-33
-47
-41
-42
-51
-30
-33
16
-8
-18
-22
-15
22
13
32
9
21
-4
-18
9
-11
-7
18
32
19
34
47
44
32
29
34
21
32
22
-1
32
32
48
31
16
19
-15
6
42
46
7
12
35
13
0
16
-1
-1
-25
-31
-20
-50
-21
-18
-16
1
-38
-57
-27
-3
3
-22
4
0
4
14
0
32
-7
-35
-50
-17
-9
-17
-17
-12
10
-2
27
6
-43
-62
-64
-31
-32
-12
13
-13
-15
-24
13
3
-27
-33
-2
38
-2
11
19
2
10
35
0
-4
14
22
23
4
48
37
19
-15
-25
16
7
18
33
35
31
31
28
32
6
-19
-35
-59
-32
-9
27
7
-12
9
-22
-38
-30
13
24
-15
-18
36
43
10
12
4
19
13
14
46
30
3
-8
-19
-14
-4
-16
-28
-28
-27
-3
-5
-23
30
73
50
15
15
1
4
-17
-18
-10
-3
42
0
-2
-4
-23
-39
-39
12
7
-18
-11
-6
4
0
-4
3
-14
-37
-32
-2
-6
16
24
9
32
24
12
53
47
41
40
10
24
19
37
22
-15
-26
-53
-64
-60
-53
-79
-98
-61
-69
-70
-29
-9
-22
-41
-33
-18
3
9
34
34
23
9
14
28
3
31
59
25
16
36
36
23
-7
12
12
3
20
15
22
15
2
-3
-3
-7
-13
-34
-71
-27
4
-36
-27
-3
16
12
-2
25
35
-12
-6
-19
-1
34
6
42
19
4
-5
-32
-16
-25
-3
18
21
12
28
57
41
23
9
17
12
-15
-9
-10
-1
-5
-13
-12
-3
5
-15
-5
28
31
35
66
41
30
16
-9
12
16
17
0
-25
6
-12
-10
21
-22
-1
-25
-52
-19
-20
6
18
10
-2
-16
-33
-24
-28
-50
-37
-26
12
0
0
5
-13
-15
-25
-11
-15
-25
-53
-32
-35
-46
-19
-35
-14
5
-39
-44
-27
-20
20
10
19
12
-16
-37
-39
-16
1
