16
7
-29
-47
-22
-3
2
1
29
1
-15
-13
0
11
-19
-15
7
4
-6
15
24
11
35
48
28
14
27
31
27
67
59
32
19
12
15
29
19
26
37
23
18
-6
-10
-43
-29
18
-1
-41
-37
-14
-22
-31
-9
-24
-49
-60
-35
-21
-44
-20
-30
-28
-36
-45
-22
-15
-16
7
-21
-32
-12
-34
-23
-9
5
6
20
25
29
19
-10
-7
7
-10
-3
38
25
38
39
22
19
0
13
29
38
35
6
44
59
28
59
37
20
22
30
34
49
37
4
14
-23
-22
-35
-26
-17
-8
13
-13
-16
-3
-35
-46
0
-6
-9
-21
-38
-22
-9
-38
-31
-22
-20
-5
5
-2
-41
-6
-3
-7
-11
-23
-9
-37
-28
-17
-28
-10
-19
-7
-10
-25
-22
-14
-7
-5
6
9
11
-4
19
9
-16
-14
15
5
19
36
20
29
-9
6
19
24
33
51
32
28
44
20
29
12
24
25
30
46
25
20
54
45
11
15
3
-5
18
18
-14
7
7
-5
-35
-69
-27
-15
-30
-26
-22
-28
-27
-47
-29
-2
-12
-19
-16
13
-1
-8
-17
-3
-3
-10
7
-36
-12
-1
3
16
-22
-42
-47
-45
-13
-10
-13
30
-12
-7
5
12
12
-23
-16
-34
-4
-15
-32
-32
-18
3
-13
21
23
7
37
25
47
89
45
38
37
12
29
25
6
15
63
73
54
41
13
22
19
28
28
34
43
16
19
-9
0
-25
-53
-41
-20
-1
-41
-32
-50
-53
-25
-47
-41
-45
-34
-45
-31
-19
-12
-17
-29
-16
-22
14
-6
10
3
-9
-34
-50
-22
-20
-7
-25
-5
-16
7
34
18
-12
-25
-23
-10
8
6
19
2
8
19
69
78
53
30
34
35
38
46
38
35
13
27
20
29
-3
0
0
-6
20
3
-19
-50
-35
-40
16
22
34
37
20
21
11
-3
-45
-5
-11
-7
-47
-55
-48
-41
-19
-24
-22
-44
4
-12
-4
-27
-23
-6
-23
3
3
6
-3
31
37
44
20
12
11
-14
34
40
22
5
17
1
7
22
-6
24
3
0
12
2
9
-13
-16
-16
0
-5
-13
-22
-8
7
-24
-6
-8
-24
-11
8
35
17
-9
-4
-4
-2
-3
-11
3
15
1
-1
-2
-9
-7
7
13
9
6
0
1
-31
-46
-53
-45
-31
-36
-29
-31
-41
-41
-22
-19
-22
-10
0
20
16
-11
-12
-10
9
21
28
23
34
59
56
39
24
34
6
15
23
-15
10
29
12
3
28
63
47
41
38
40
32
17
40
23
42
34
-3
-3
-5
-11
-13
8
6
0
-8
8
-19
-34
-14
-28
-12
-16
-28
-31
-19
-45
-53
-43
-30
-4
-22
-16
-9
3
1
-1
-25
-16
-21
-56
-22
-17
-13
-25
-30
14
-7
-10
0
-12
-18
-31
-44
-29
9
-18
-8
-14
7
21
23
42
23
47
8
44
43
53
37
6
55
10
18
18
31
10
-24
-26
-1
34
-2
-13
-23
-8
5
-31
3
-15
-31
27
7
-4
-4
6
12
31
5
-22
-36
-54
-25
-22
-19
14
19
14
30
5
8
-16
-9
11
9
25
32
25
32
25
-23
17
45
34
28
34
22
4
13
6
-7
18
53
18
-7
-35
-32
-38
-44
-32
-39
-8
-1
-3
-8
-33
-39
-10
-44
-41
-28
-30
-25
-28
-22
-39
-10
-17
29
25
3
13
5
10
-14
5
13
32
54
29
1
38
13
6
53
58
56
15
15
20
11
16
-8
-32
-19
-6
-17
4
-4
-2
9
-9
2
-4
-34
-50
-26
-29
-12
-33
-39
-61
-62
-39
-62
-62
-53
3
8
12
5
9
-7
-22
-19
-31
-21
-12
-9
15
20
0
30
25
54
53
67
38
33
56
23
41
46
51
4
22
8
18
21
8
33
38
58
33
41
26
6
4
22
36
19
-16
-6
10
4
-13
-12
11
13
7
-14
-15
-21
-23
-31
-38
-38
-45
-60
-34
-50
-71
-57
-21
-31
-60
-33
-59
-48
-19
10
-5
2
8
9
15
0
-4
-41
-35
-10
15
-13
3
5
7
-2
-35
-41
-33
-3
-11
39
45
24
7
25
36
4
35
45
36
28
23
41
27
19
31
1
23
40
24
9
6
25
-4
-5
29
26
-6
-12
6
-4
-11
-3
-13
3
-16
-15
-3
-1
15
3
35
13
4
0
-23
-23
-17
-21
-38
13
-14
-25
-1
-19
-25
-32
-38
-18
-4
-28
-15
-4
5
1
-10
-3
4
0
-2
7
6
3
-10
2
-3
-13
-3
3
3
10
10
7
13
13
42
28
49
38
21
35
13
18
11
39
56
55
27
8
2
-14
-16
-24
-7
-20
-36
-48
-77
-70
-46
-37
-9
-13
-9
-17
4
9
-17
-11
5
9
-18
11
-30
-14
-14
-9
3
15
31
-46
-49
-56
-7
-15
0
30
9
7
-6
12
-2
8
28
21
0
32
54
21
31
34
13
15
6
28
20
26
40
3
-7
3
-2
-10
-6
-26
-14
-4
-13
5
9
-7
-9
-20
-5
16
11
5
-3
11
12
0
-22
7
8
9
13
-10
9
7
4
-5
-1
12
3
25
16
-10
-8
-36
-34
-42
-55
-44
-28
-9
-48
-25
1
-14
-20
-20
9
0
13
27
10
3
31
61
32
16
40
41
34
9
1
11
10
25
17
-6
-13
-3
-6
-3
15
23
-14
-60
-75
-47
-29
-32
-3
-10
-9
-15
-32
-47
-43
-6
-4
7
-20
-23
6
-3
-26
-8
45
25
23
48
51
40
20
38
37
28
35
28
15
34
64
37
38
52
14
13
0
-13
-31
-26
-15
-26
-24
-31
-42
-63
-34
-50
-38
4
-14
-33
-34
-23
-2
-6
-12
-7
8
20
-28
-27
-28
-23
-28
0
-7
-27
-7
-33
-8
3
6
4
16
21
13
-4
54
60
13
20
42
45
22
45
26
37
36
9
6
34
37
5
8
7
-2
6
12
32
46
18
32
23
1
-1
-11
-47
-44
-26
-23
-29
-18
-15
-67
-32
-54
-61
-41
-43
-28
-43
-18
-19
-28
-20
5
-6
-13
-8
-20
-3
-6
-3
-1
-1
0
-3
6
10
22
41
27
44
60
20
21
31
35
27
29
-5
4
35
24
24
10
20
-3
-17
-31
-10
-13
-1
9
6
41
5
-1
4
7
-8
7
21
15
-10
-30
-27
-32
-62
-100
-47
-41
-47
-53
-7
17
-35
-4
12
-3
-9
2
-13
-20
-10
-7
25
42
28
38
43
45
28
24
25
17
34
24
-4
-16
22
34
49
40
-12
-31
-29
-7
29
27
27
6
-7
-4
-47
-18
-16
-8
-22
-50
-28
-6
2
-25
-9
0
27
14
32
42
23
12
-21
29
13
-22
2
10
4
3
0
-7
-17
-10
6
-11
-18
-18
-34
-25
-9
-19
-49
-45
-24
-52
-34
-33
-51
-36
-20
-5
-19
0
-2
-18
-6
25
47
35
34
39
12
28
56
41
34
11
9
24
27
1
21
19
26
38
16
24
-1
-3
2
14
13
26
16
14
16
21
61
5
-22
-25
-12
-12
-35
-34
-15
15
-9
-7
-14
7
18
0
3
-8
-3
-10
4
10
-5
-16
-20
1
-17
-28
-22
-8
-7
-40
-17
-18
-17
-39
-24
-25
-24
-10
-40
-18
-61
-58
-55
-19
-4
-15
-12
-19
-6
-5
11
-6
7
-6
4
17
50
26
10
57
47
19
41
78
54
54
40
20
14
16
21
47
45
35
18
54
58
27
39
18
-1
-18
0
-24
-37
-59
-39
-42
-47
-32
-41
-3
-5
-17
-16
8
13
18
6
-2
13
31
28
20
25
7
-6
17
21
-2
-8
-30
-25
-34
-36
-5
8
-9
-16
-41
-50
-51
-21
-25
-40
8
-8
0
0
-1
-31
-16
-10
-11
3
-8
35
2
-10
-10
-25
-20
9
2
3
6
-7
-3
-24
-6
-12
-12
-7
-9
-12
-6
-10
-3
20
20
-2
-12
19
44
57
51
35
22
39
29
6
16
43
18
31
48
-10
12
15
48
40
-4
7
12
6
-19
-3
-3
-22
-29
-36
-36
-12
16
20
31
35
13
5
6
8
2
-7
-3
-16
-3
4
-1
-2
-13
-19
-50
-48
-10
-19
-11
0
-20
-13
-2
6
9
6
19
-1
-12
-10
-5
3
0
11
21
10
-24
-15
-34
-32
-18
-21
3
8
3
-29
-10
-5
-31
-53
-59
-26
4
-4
16
13
-46
-32
-24
3
-5
-15
-2
-14
-10
-15
-25
-54
-33
-32
19
25
10
25
25
60
48
55
56
60
41
45
39
23
42
56
67
41
39
27
31
4
-14
17
35
6
-13
39
9
-2
21
44
-5
-9
28
2
7
-15
12
-13
-6
-7
-12
15
-7
-13
-25
-16
-29
1
-19
-30
-35
-12
-35
-91
-48
-49
-42
-47
-24
-14
-28
-20
-10
-35
-28
-23
-24
-7
1
-3
-27
3
-12
24
30
-2
5
3
9
-4
-16
3
-3
10
39
-4
10
19
15
25
9
26
44
25
22
36
25
28
6
-4
9
-4
-11
-7
24
5
0
14
-15
-16
-41
-32
-23
-20
-32
-29
-10
-34
-10
-8
7
-2
13
41
34
31
4
19
19
36
23
7
-3
-8
-11
-20
11
-4
3
6
-6
-10
1
3
-3
14
16
22
27
18
15
13
4
29
17
30
9
-5
7
-39
-8
-7
-4
14
-2
14
22
-13
-34
-33
-9
-5
-42
-42
-28
-36
-42
-19
-13
-23
-13
33
48
9
20
24
-2
29
32
35
22
-22
-4
-9
-10
-14
-20
-6
13
3
-10
-6
-5
17
-22
-29
-12
2
-7
-3
31
15
14
-2
-16
-31
-25
3
3
-11
-10
-13
-38
-10
-20
-61
-42
-37
-13
-19
-18
7
6
24
-1
-16
-38
-21
6
1
28
43
19
19
19
-32
-4
30
37
11
13
22
12
32
46
55
43
54
19
35
42
22
42
31
59
60
22
0
-3
-27
-22
-18
-25
-41
-37
27
22
-2
-5
-10
4
18
13
32
35
18
-17
-32
-3
10
13
14
15
-7
-6
-1
-23
-50
-58
-55
-30
-5
-18
-41
-37
-69
-79
-55
-69
-37
-41
-10
-17
-44
-34
-70
-57
-37
-32
-28
-17
-15
28
36
2
16
37
62
41
32
16
5
14
22
38
31
29
38
54
56
42
18
48
36
11
14
18
22
-14
10
3
5
6
7
29
9
10
-24
-32
6
25
32
23
12
-9
-2
0
-28
-19
-37
-59
-34
-20
-23
-14
1
-3
-19
-40
-11
-10
-46
11
17
-6
6
22
28
0
17
29
20
9
28
29
26
45
23
-8
15
19
2
10
-23
-6
-3
13
19
-17
-14
-31
-64
-52
-17
-34
9
21
-1
-1
-1
2
-16
7
21
6
-7
32
13
-13
-1
0
4
20
32
5
-6
-7
-11
-18
-19
-23
-13
-6
-27
-53
-24
5
-44
-51
-31
-31
-53
-50
-31
-28
-20
-20
-28
-17
-18
-24
-2
6
5
2
13
12
12
-2
7
37
69
45
18
52
58
66
66
82
72
48
26
22
25
35
39
27
45
18
12
26
28
0
-6
9
20
38
13
9
-3
1
1
-5
-8
-42
-47
-17
-23
-50
-48
-72
-60
-43
-31
-37
-39
-17
-10
-7
-45
-22
20
12
11
24
14
20
17
10
1
-6
20
-3
3
-9
-6
0
-31
-25
-18
-18
-34
-16
-24
-8
-1
-33
-2
28
16
-12
-1
-9
-12
11
6
1
7
3
-26
-16
-7
-27
-6
-2
-15
-28
-26
-16
-24
-2
10
13
35
25
25
38
41
55
22
34
51
61
77
40
31
13
10
5
-12
-15
-16
-8
7
-7
-35
-31
-22
-18
-20
-1
42
44
24
39
31
29
1
-12
-1
-21
26
44
40
5
-24
5
1
-14
-28
-21
-26
-28
-3
-12
-27
-51
-53
-39
-16
16
-29
-20
-16
-36
-8
-16
-38
-35
-16
-28
-10
-10
-4
-16
-31
-4
-26
9
32
0
1
15
25
19
6
3
0
1
7
25
9
6
30
24
36
22
29
47
44
18
22
41
20
17
3
27
19
-4
1
-6
-6
18
-2
28
29
-14
10
-23
3
-6
-19
-6
-6
4
4
0
-31
-37
-38
-10
-7
-22
-36
-44
-42
-44
-34
-13
8
4
-10
-9
-6
-23
-6
6
-17
-27
-29
2
23
9
1
-54
-18
15
-13
0
-16
4
-13
-13
2
25
32
25
80
52
39
66
43
71
88
55
26
0
13
13
1
26
25
-7
-4
-9
-22
-1
-24
-33
-2
-14
-13
-19
-42
-29
-18
-7
-12
-45
-51
-47
-63
-39
-31
-26
-16
-8
-5
-31
1
16
0
-13
-22
-6
-2
-12
5
13
4
-1
6
9
-8
11
29
39
35
14
24
25
45
39
17
36
51
45
2
25
7
-3
13
-10
12
5
13
-16
-6
6
-4
12
1
-19
-6
18
7
11
-3
0
-1
-7
-3
5
6
-47
-41
-12
-32
3
3
-22
-26
-29
-16
-31
23
4
6
35
5
28
-1
19
15
1
-3
-14
-1
-29
-19
0
-31
-38
-32
-31
-21
-15
-3
-1
12
16
25
-10
-39
-10
0
-4
-24
-32
-27
-6
-7
19
12
-12
-2
12
5
-23
9
24
38
19
50
56
9
-9
-43
-36
-35
-5
-2
-7
7
-16
-26
-1
1
3
-3
10
11
6
31
17
39
16
29
61
28
13
2
27
50
65
34
25
27
20
31
7
-7
-5
-4
-12
13
32
47
12
5
22
1
21
10
19
7
14
-18
-15
-24
-60
-20
-37
-44
-44
-36
-44
-42
-70
-72
-54
-46
-32
-58
-47
-37
-25
-12
-31
-53
-45
-48
-43
-3
4
-1
7
12
7
-1
10
-4
11
38
16
39
55
47
43
51
46
28
40
32
28
40
34
8
9
-29
-5
31
26
38
-3
17
11
5
3
22
26
9
27
-12
7
-12
-23
-9
-26
-14
-15
-30
-38
-31
-34
-16
-33
-25
18
-4
-6
-9
0
4
-14
0
14
-10
-14
5
-17
-13
-8
9
-12
-35
-2
13
24
17
22
-3
8
29
33
40
-1
19
28
20
23
18
38
23
-13
-12
28
41
16
0
-8
-8
7
4
7
16
0
-5
-5
-9
-22
-36
-43
-40
14
-3
-38
3
-11
-55
-60
-35
-27
-51
-47
-29
-6
1
2
11
-27
6
14
-13
4
-18
-29
-13
8
-7
-8
1
1
1
22
44
25
18
9
12
-1
4
1
0
10
-4
6
6
-4
7
34
52
54
34
33
35
44
70
59
26
25
20
1
12
19
9
18
0
-21
-45
-44
-22
-26
-31
-45
-41
-37
-42
-50
-57
-70
-73
-37
-17
-32
-47
-29
-3
-6
-16
-9
-8
-8
-3
12
30
31
53
50
19
-10
6
35
23
57
70
65
77
39
37
49
47
48
22
23
30
13
28
20
-4
-13
-34
-18
-11
-19
-37
-38
-24
-62
-51
-20
-23
-46
-9
31
-4
5
-27
-26
-8
-18
-26
1
11
-5
-8
-28
-14
-27
-45
-22
15
3
14
-10
-3
22
-1
-3
-8
-10
-26
-3
-25
-37
-25
8
-4
3
23
-3
-7
-25
-2
-15
-1
-4
14
1
-15
-4
-1
34
22
69
71
62
31
31
41
11
23
30
36
36
44
25
21
-16
-33
0
3
3
19
8
-20
-19
-21
-41
-10
-15
-38
-38
-16
23
-13
-3
-11
-13
-9
-24
-24
-19
-9
-35
-15
6
0
-25
-3
11
18
54
46
14
3
18
-5
16
22
-3
28
44
1
-25
-3
-2
7
-1
18
8
8
34
18
38
8
0
4
-28
-22
-15
-30
-27
-34
-15
-6
-13
8
-31
-47
-9
17
-13
-4
6
22
17
-14
-7
-28
-14
-32
-19
-21
-28
-13
-38
-28
-9
9
-13
-7
-21
-19
22
25
32
39
25
4
8
5
8
19
25
13
13
44
60
39
37
28
10
16
23
32
29
-3
4
0
-18
15
7
15
-27
-47
-30
-29
-29
-69
-39
-25
-13
-28
-23
-14
-41
-21
-28
-49
-49
4
9
16
-1
0
35
6
17
26
47
40
28
28
16
18
32
38
25
29
13
19
24
-11
-29
9
28
18
30
29
-10
-10
20
1
-32
-33
13
-23
-27
3
-6
-6
-6
-15
-29
-35
-31
3
0
-2
-9
-13
-19
-22
-21
-6
-23
-43
2
-18
-7
4
-22
-29
-19
-7
-7
-6
-23
-15
-36
-41
-18
-9
24
18
-4
-7
-3
41
41
25
34
41
62
74
58
60
70
29
37
54
23
34
26
-3
-11
-21
-16
-19
-1
3
-10
-9
-23
-31
-11
8
-7
5
-10
-23
-25
13
31
13
21
-4
-3
-28
-11
1
-23
-38
-22
-13
-32
-37
-35
-13
-42
-39
-25
4
-16
-30
16
0
-8
-17
-14
-24
-35
-17
4
16
1
7
8
8
-3
-9
-1
-22
0
-4
-9
22
32
47
46
56
42
24
51
64
46
41
20
-3
17
-19
-13
16
-13
10
7
-6
-1
29
6
0
7
-20
2
-12
8
6
11
9
2
-25
-38
-11
-16
0
-5
12
15
-1
-4
13
20
24
-5
-28
-9
-27
-28
-21
-26
-50
-52
-19
-32
-35
-12
-15
-6
-39
-38
-22
-25
-1
9
10
-5
6
3
-6
12
15
20
46
32
32
45
9
-8
3
29
6
-15
23
55
49
38
20
22
44
9
27
37
28
50
38
-5
-20
-13
-38
-32
-21
-34
-56
-34
-43
-27
-6
-28
-17
-33
-29
-32
-25
-31
-39
-45
-12
-12
-51
1
12
26
17
-7
-6
-15
-9
0
4
4
7
20
46
17
-7
26
53
67
76
39
20
15
10
12
17
37
26
22
21
21
-10
-22
1
-4
13
-4
-3
6
-20
-29
-15
3
-22
5
8
-26
-28
-22
-7
-7
14
8
6
-1
-7
-16
-25
3
-32
-73
-47
-29
-48
-28
-10
7
23
19
11
-6
4
7
16
18
44
38
36
0
-14
26
5
23
39
65
57
19
-3
14
20
-5
-2
-9
-12
-28
-22
-25
-46
-27
-1
-16
-25
9
-16
-21
-16
-39
-36
-50
-14
-6
-13
-14
-33
-39
-32
0
-19
5
1
-17
-3
-38
-35
-3
6
3
1
0
12
20
20
44
58
25
48
38
4
36
37
40
29
28
28
-7
0
18
30
74
62
44
48
34
25
15
35
22
4
3
7
-5
-12
22
9
-36
-23
18
-9
-47
-63
-47
-36
-64
-34
-31
-50
-57
-54
-24
-34
-31
-29
-39
-26
-21
-21
-19
2
-19
-5
7
-3
13
12
18
7
3
-21
-21
-7
0
9
1
19
18
11
-11
-11
-6
-11
20
38
22
22
63
51
19
39
51
51
44
7
7
-1
0
6
18
13
-3
36
24
15
-8
2
-10
-24
-26
-35
-24
-60
-47
-6
-14
-45
2
-13
-31
-24
-57
-17
1
-25
-10
-9
-17
-8
-37
-14
2
8
25
29
46
39
16
9
9
3
-4
8
37
29
32
32
32
32
13
12
-12
-9
9
7
4
-9
-6
-12
2
24
10
42
37
18
38
20
11
-11
5
26
15
24
6
-1
16
-8
-9
-12
-38
-3
-19
-35
-48
-63
-57
-76
-70
-63
-68
-70
-49
-46
-26
6
2
11
7
-15
3
36
37
31
-1
3
9
-1
-2
2
-7
-6
37
19
40
34
9
13
-2
-7
-9
25
15
11
45
43
20
28
41
34
26
26
22
13
-2
-4
12
-6
-19
-21
-27
-21
-4
1
2
-19
-16
-7
-17
-17
-9
-16
-21
13
-7
-29
-13
-40
-37
-25
-25
1
10
16
25
41
32
13
-12
-6
3
18
36
-1
-22
-42
-1
1
4
8
21
39
16
29
10
5
22
26
11
12
23
38
25
18
8
1
-4
4
24
0
-26
-22
-11
-19
12
-27
-38
-32
-51
-30
-37
-36
-31
-15
-7
6
16
-28
-50
-28
-24
-13
-17
18
43
-1
-24
-14
-8
-21
-4
13
15
29
7
7
7
-2
-1
-18
5
-22
-28
14
-9
-12
-3
-7
6
13
11
22
10
-11
6
17
47
79
53
47
45
27
48
35
9
21
28
43
23
5
3
-6
-3
-4
6
-14
-6
-6
-18
-22
-6
-3
-2
-8
-37
-38
-63
-39
-59
-43
-3
-45
-30
-19
-6
6
-2
3
-6
-19
-5
3
-2
2
8
16
-2
-8
16
29
27
9
20
2
6
10
-22
-29
-35
-3
40
35
27
40
45
41
10
17
15
-6
6
18
-4
-17
20
-3
-41
-18
9
23
8
4
46
16
-14
0
0
-15
-41
-37
-41
-30
-18
-18
-22
-55
-33
-44
-46
-20
-31
12
1
-51
-36
-2
-29
-4
16
24
-2
-27
16
-5
14
29
40
28
24
10
13
53
41
38
38
44
39
29
41
43
35
51
26
26
12
6
22
39
35
26
28
13
4
-13
-3
-27
-52
-49
2
-11
-39
-18
-22
-35
-41
-10
-17
-26
-21
-52
-44
-47
-60
-57
-56
-33
-45
-12
-7
-15
-11
-22
9
0
0
10
12
5
25
3
-16
4
-11
-10
-1
19
53
31
12
47
25
21
32
15
26
38
34
57
61
10
-2
-5
15
29
7
25
21
-3
18
14
-6
4
2
-16
-31
-38
-31
-26
-28
-7
-11
-53
-33
-30
-67
-47
-33
-15
-21
-25
-10
2
11
12
-13
-31
-22
-40
-28
-12
29
22
-2
27
24
44
50
49
59
53
42
33
61
39
7
19
7
32
29
7
2
15
22
21
31
1
-1
-6
18
-6
-18
-6
-13
-10
-19
-28
-44
-36
-50
-40
-30
-53
-48
-28
-39
-32
-30
-28
-12
-7
-19
7
4
-12
-8
-15
-4
-26
0
8
9
0
-6
-8
17
31
7
31
2
0
20
22
16
38
40
10
10
-1
13
10
-7
16
8
4
10
-19
-17
1
-1
-6
-2
-14
-29
-5
21
29
41
58
76
67
38
-6
-7
7
23
19
-8
3
-5
-20
-23
5
-12
-29
3
-13
-58
-32
-7
-17
19
10
-10
-20
-28
-35
-31
-28
-49
-50
-14
10
-17
-20
4
3
-8
-23
0
25
-7
-7
-7
-10
34
20
-10
15
30
22
19
23
4
-4
30
54
35
28
40
21
10
-4
-16
25
20
-18
-21
-19
-22
-31
-7
-15
-4
25
17
16
-13
-8
-18
-2
7
-30
-26
-47
-45
-19
-38
-35
-12
1
-29
-47
-6
29
17
-15
1
-3
0
26
31
19
28
33
38
33
29
38
3
28
48
47
53
63
63
45
26
1
0
-16
-20
-13
-10
-14
0
9
12
4
-33
-31
-26
-45
-8
6
-21
-25
-53
-38
-26
-29
-35
-60
-50
-42
-48
-49
-48
-29
-42
-28
-27
-25
-2
-16
25
1
-4
-6
-16
22
10
13
35
44
30
27
6
-7
1
13
3
15
44
28
25
16
22
7
-12
15
25
33
23
9
29
-3
6
29
5
18
37
21
38
53
9
6
4
7
1
35
51
35
27
6
5
-7
19
7
1
-9
-35
-40
-11
15
0
-6
-14
-7
-37
-49
-47
-26
-7
-28
-30
-15
-10
-38
-8
-15
-58
-42
-30
-3
-6
-16
12
35
4
-15
-2
-26
-34
-15
9
6
-19
-26
-23
-24
-1
-9
-25
-6
1
-9
-15
9
-3
13
23
9
-16
-29
-12
-3
5
4
12
6
-16
-25
-10
-21
9
-1
2
30
28
45
29
62
65
56
39
33
39
43
22
11
34
19
34
8
1
-7
-21
-10
19
15
-18
6
1
3
3
6
38
44
49
14
-4
32
27
32
16
-6
5
7
4
-13
-25
-29
-51
-63
-29
-38
-57
-52
-47
-48
-54
-15
-14
-14
-3
10
-10
-19
14
10
32
-1
-28
-21
-28
-37
-23
-40
-56
-28
-22
-7
-9
-7
13
2
-15
21
1
-3
15
20
35
27
35
35
22
17
56
56
50
21
7
7
-19
-2
-7
-35
-34
-13
-41
-17
-2
-36
-25
-22
-32
-27
-37
-15
-10
-20
17
10
37
20
-16
19
41
13
10
41
28
21
22
12
6
6
7
32
43
19
-3
22
28
4
29
24
37
22
23
48
7
39
16
-13
-3
-17
13
-3
-14
4
-9
-12
-14
-6
22
26
-6
-25
-17
-30
-25
-12
-5
2
-8
6
-22
-49
-16
0
1
3
-7
-1
-20
-41
-25
-16
-16
-38
-21
-21
-38
-30
-10
-4
-26
-14
-53
-47
-14
-8
-2
3
6
-22
-29
-19
1
-32
-35
-16
0
5
-4
-7
-20
-3
-13
-16
10
1
-1
-8
-9
7
15
51
48
41
47
58
38
42
78
88
82
49
53
34
41
38
32
16
42
69
12
12
-17
-26
-34
-23
4
-13
2
25
12
2
36
50
5
-3
18
22
8
-38
-28
-25
-30
-56
-59
-59
-55
-35
-41
-26
-66
-59
-35
-34
-38
-23
9
-15
-23
-2
-5
-5
25
8
-4
34
26
5
8
-2
-5
-6
-11
6
3
10
6
3
15
-15
-7
-3
-1
-3
6
6
1
15
-12
5
-4
-6
13
24
25
16
28
21
-6
-34
-7
-15
-16
19
-1
-12
-20
-33
-28
-18
-3
2
6
1
10
-5
-15
-22
-5
22
18
36
22
2
0
0
-7
-9
-25
-9
-9
4
-4
25
78
54
57
26
15
-8
-24
-24
3
6
-7
6
6
23
0
11
27
29
32
30
21
5
-5
-5
-14
10
35
37
29
1
13
-15
-22
3
1
-9
-30
-51
-60
-44
-37
-49
-19
4
-27
-27
-31
-32
-30
-29
-24
-42
-18
9
-15
-15
-10
-13
-24
-18
-1
-4
8
10
25
25
47
44
18
16
17
29
-6
18
17
23
38
-7
21
44
42
24
28
19
0
15
9
42
18
29
59
39
37
1
-5
-35
-8
-10
-16
-16
-41
-23
-79
-54
-40
-60
-44
-52
-38
-39
-50
-44
-9
-29
-41
-29
-36
-18
-37
3
25
16
-28
-41
-7
-18
6
-23
4
0
12
32
28
44
31
50
33
51
22
48
57
32
53
61
61
38
58
38
40
25
28
29
22
18
-7
-3
-4
17
15
19
-13
-3
-3
-42
-9
23
-7
-50
-46
-26
-39
-49
-4
-6
-10
-10
-22
-22
-11
6
-16
-36
-32
-9
-16
3
-3
-7
13
1
3
-19
-16
-32
-9
10
-8
-8
-37
-39
-42
-28
-17
-17
-3
9
6
-7
6
-1
18
46
35
31
23
28
31
2
-1
1
10
-9
-10
-18
-47
-6
4
7
-13
-16
17
11
10
-4
-10
-6
-21
-19
13
10
-16
2
9
14
25
6
32
25
10
13
12
25
2
1
10
13
24
28
-7
-8
16
19
13
-9
-12
-1
3
-10
0
4
-1
6
10
20
-5
-9
26
28
6
-6
-8
-29
-35
-26
-19
-3
7
8
-3
0
-5
-9
-6
5
-5
-24
-9
-8
3
-4
-22
-4
3
0
5
17
13
31
14
-3
-3
-17
-6
-4
-12
-16
0
4
0
-18
-36
-31
-38
-24
-9
-15
-31
-50
-25
-19
-6
7
18
3
3
12
-1
18
-6
13
6
27
40
42
26
17
42
28
43
9
30
-10
-5
36
39
22
-13
25
-17
-13
-18
10
14
-23
-15
-45
-54
-70
-31
-6
-22
-14
-29
-14
-6
6
3
-7
-16
-26
6
1
13
13
29
10
10
28
25
34
-4
19
-17
18
23
32
29
7
34
-36
10
-28
-25
-4
7
48
7
44
4
9
41
29
20
-9
32
16
22
31
0
-24
-64
6
17
9
12
-27
-24
-27
-15
-45
-33
-75
-106
-73
-81
-58
-55
-9
-25
-6
35
19
0
-32
34
31
17
-16
-5
40
13
8
-32
-29
-38
-19
17
0
-7
-1
27
19
25
27
14
0
9
57
71
57
44
75
16
18
67
72
52
26
64
3
-16
-13
26
-30
-60
5
-3
-12
-41
10
-13
-66
-105
-72
-29
-53
-42
-28
-51
-42
-6
5
24
-43
9
19
31
21
-15
-41
-99
-17
-22
0
-80
-54
18
0
6
-42
43
60
117
95
58
40
16
92
77
94
17
42
34
40
62
-21
1
-47
-28
-38
43
-3
-50
-39
-103
-36
-51
13
0
-14
-36
-54
-24
-18
16
12
25
20
47
30
16
7
-4
-70
-31
31
-15
-83
-117
26
45
38
-14
-67
-66
-10
161
92
-53
-82
14
57
-16
37
76
40
-3
-38
48
27
-49
-92
10
135
39
-39
-135
-43
-66
-10
38
-31
13
-69
-18
-39
17
34
53
42
-22
84
83
28
-86
-22
118
97
-35
-133
-91
-8
34
85
9
-151
-205
-18
271
137
-111
-238
32
179
90
7
-209
-38
95
319
43
-264
-81
145
249
-136
29
164
49
-276
-200
229
86
-27
-115
154
13
-130
-66
-95
-21
19
305
3
-252
-97
294
109
-360
-38
251
143
-226
37
116
-226
-259
206
318
-242
-230
30
14
-219
59
207
-142
-380
74
273
-68
-94
126
146
-352
-43
231
192
-229
-41
419
123
-110
-221
333
134
20
84
140
-13
-284
131
206
-13
-244
-14
27
-84
68
269
-186
-532
-103
561
365
-311
-249
-167
-27
-90
299
48
-426
-288
175
504
-125
-180
-206
-69
-6
145
201
-101
85
131
35
-348
-185
320
262
-24
-186
-11
-10
-70
174
177
69
-297
-110
226
190
156
-409
-405
-279
345
486
95
46
-271
-109
-384
87
517
263
-1
-563
-25
242
570
261
-461
-197
-157
474
144
50
-143
-551
-39
51
567
-11
-125
-360
-565
119
301
492
-375
-416
-121
-3
212
278
429
-306
-525
-144
211
338
214
255
-242
-624
-209
304
368
-173
-117
109
260
103
-232
-215
-527
-154
252
807
553
-87
-352
-721
-435
-156
738
565
-27
-227
-93
-20
-473
189
531
250
-485
-364
345
95
-261
-270
198
353
392
299
-342
-631
-140
493
309
-122
113
96
-416
-572
22
495
324
212
66
-280
-613
-280
286
422
223
58
-36
-325
-120
89
184
-71
-18
255
8
-154
-157
217
-86
-92
203
283
-159
-675
-55
311
291
-69
15
-54
-452
-423
-18
370
271
321
4
-454
-648
55
621
171
-235
7
349
-182
-532
-130
306
239
217
390
145
-553
-615
-264
27
363
800
729
-500
-906
-364
345
142
-44
188
15
-91
-215
89
-224
-473
-178
188
323
147
51
-246
-446
0
589
555
-118
-452
-30
157
318
372
483
-30
-663
-450
185
531
258
182
99
-80
-96
164
11
-352
-512
-22
240
344
534
263
-348
-906
-325
171
401
266
201
63
-226
-245
-109
-6
-128
-54
173
482
66
-417
-836
-513
-120
271
503
238
34
-368
-309
-554
-88
295
412
-116
-370
-33
-248
-241
-80
577
238
32
-134
4
-16
110
509
96
30
197
555
30
-17
446
746
246
-45
144
-22
-213
71
795
443
-63
-509
-410
-629
-435
52
58
-229
-580
-257
-582
-867
-774
-49
338
-55
-337
-535
-669
-566
-21
456
235
-92
-63
-174
-411
-570
194
892
1121
788
-48
-446
-467
269
716
923
1226
718
11
-721
-383
271
312
743
796
769
-106
-447
-217
-331
11
347
1081
620
23
-256
-677
-830
-524
685
997
239
-333
-431
-400
-587
-294
187
-62
-206
-214
46
-205
-316
-31
-243
-297
-249
239
74
-29
105
-60
-186
-126
548
474
-30
-131
170
250
-59
41
190
-161
-449
-159
189
11
-392
-311
-404
-608
-629
-283
-129
-506
-512
-594
-512
-660
-549
-244
-315
-299
-363
-103
-65
-151
-248
-415
-186
242
626
517
35
-137
-155
211
642
868
934
480
417
333
557
797
605
704
468
800
626
422
232
-149
10
-145
519
451
375
-148
-933
-1063
-813
615
793
120
-658
-353
401
433
393
344
478
749
1245
1170
287
-156
895
1642
1233
390
630
1014
512
-10
-483
-370
-146
564
310
-855
-1372
-1046
-1066
-1830
-1343
-399
-578
-2032
-2375
-1633
-1394
-1386
-1143
-918
-1302
-1091
-479
-390
-777
-559
94
-99
-277
491
1171
655
-225
85
962
974
580
627
681
87
-205
384
915
489
-166
-29
-62
-444
-415
-1
-44
-675
-706
-440
-343
-293
270
400
-376
-517
238
969
682
435
623
661
513
625
846
823
420
138
-152
-475
-483
-692
-697
-930
-410
-163
-92
-676
-1043
-147
1017
1918
626
-376
-646
2303
5235
5257
1852
-637
2687
6338
6387
996
-1333
907
5190
5875
1911
-814
-853
1083
-1044
-3656
-2759
577
84
-4990
-7473
-5165
-2054
-2891
-6272
-7934
-6064
-2911
-2478
-4801
-5110
-2748
-1357
-3019
-2849
746
3164
1797
127
1361
3369
4245
4497
3783
2778
3449
5411
5717
3192
2857
3127
1961
-820
160
2927
1967
-519
-2597
-2367
-4251
-3869
-2058
-1304
-2741
-3986
-2672
-3688
-4922
-4749
-1959
-507
-753
-615
-491
-600
-831
62
1229
2217
3340
3745
2852
1768
1687
2412
2712
3488
3692
3079
1525
1253
1662
913
406
591
1309
-490
-1199
-141
651
-1257
-3348
-2220
-1524
-2110
-3193
-2186
-2083
-2990
-2780
-1563
-1157
-1960
-1223
496
1686
2330
2560
1357
-545
917
6886
10858
8837
2786
1159
4287
7897
7254
3096
1489
3357
7069
4227
-2029
-4745
-865
1378
-3449
-6546
-3914
-1287
-6287
-11715
-10543
-5829
-3973
-5593
-8329
-10661
-9615
-5324
-3779
-6114
-5483
-450
868
-4000
-4803
1337
5891
3892
2452
5382
7626
6360
4744
4613
5163
6756
8992
8694
5679
3638
2530
733
-877
2345
5223
3071
-2722
-5400
-4589
-4889
-3833
-2434
-1459
-4068
-5362
-5249
-6142
-6168
-3622
160
-695
-1971
-639
662
-1544
-2563
1591
5446
4696
2991
3692
3647
1802
1970
4889
5806
4296
2921
2206
370
44
2195
2927
229
-2027
-914
-927
-2394
-2291
281
162
-2969
-3886
-2372
-1626
-2777
-1743
79
-491
-2872
-3946
-3052
-2191
-800
726
1307
480
371
595
-50
-424
2380
6208
6324
3001
1213
3889
6077
5414
2600
3280
6649
8941
5213
-2883
-6218
-1139
7496
7031
73
-4995
-3833
-3925
-7347
-7457
-3381
351
-1995
-6490
-10549
-10743
-7060
-4211
-6392
-8886
-4051
1740
-1786
-10158
-9473
-1089
2319
255
1653
5946
4940
-245
-1413
2150
6839
10454
11128
6143
700
1897
6080
6054
3973
6178
7188
1738
-3918
-1954
2278
1514
-750
-1049
-1860
-4545
-4679
-2922
-3503
-4749
-2920
-1045
-3066
-4898
-3201
-1736
-2587
-1550
2244
3150
28
-1591
47
1891
3099
5004
5752
3674
1473
1022
969
1222
3539
5281
2632
-1235
-1340
149
-1112
-2571
-454
1217
-1244
-3202
-1329
352
-2129
-4150
-2175
364
659
-44
259
-669
-2049
-2114
-802
401
980
1765
681
-1475
-2782
-1292
1308
3153
3349
1283
-442
269
2869
2439
-4
-532
2819
5813
5386
2976
-265
-1083
785
4703
3993
-449
-2681
848
4082
242
-4337
-3703
879
-198
-5095
-6661
-3216
-996
-3325
-6198
-7196
-5659
-3395
-2511
-5321
-7258
-3789
795
-1400
-6329
-4136
2718
3528
-1248
-1538
3135
4994
2418
1903
4544
6603
6375
4662
2707
2737
5762
7077
3612
1048
3329
5064
867
-2888
-530
2570
1395
-1649
-2552
-3671
-4586
-3552
-2205
-3102
-3639
-1522
-1684
-5399
-6553
-2170
1074
-537
-1934
204
1430
6
-681
926
1992
1762
2447
3258
3028
2195
1841
808
-358
571
2231
1898
585
893
1022
-1605
-3655
-1851
981
504
-964
-54
1043
-465
-2921
-2208
403
2123
1717
707
466
463
9
-1146
-1110
702
2124
1656
425
-412
-1698
-2764
-1277
1697
2425
1232
1279
1998
431
-2708
-2813
-586
3924
7853
8522
2344
-5127
-3169
4368
8840
3437
-1323
-408
3917
4217
-1333
-4407
-1874
3305
995
-4658
-5833
-1775
-1170
-5982
-8751
-6309
-1586
-528
-4707
-11324
-11763
-4507
847
-2376
-5925
-1993
1208
-3959
-8083
-2196
6050
6297
2581
2236
2993
2843
3223
4431
3725
4782
8685
8545
2516
-439
3676
4338
-333
-599
5998
6633
-891
-5420
-3722
-2300
-3313
-860
1338
-574
-3407
-3710
-4408
-6375
-3160
2669
2922
-1548
-2382
752
-42
-2817
-536
4217
4699
1264
727
2105
1976
1196
1256
1730
1698
2800
2484
-596
-2487
81
2298
-54
-2076
235
1994
-1671
-4475
-1433
2922
2116
-1058
-1298
-654
-1030
-1106
1401
3440
2143
-192
-1863
-1912
-1220
1036
2906
1646
-1453
-3462
-2717
-1636
-321
1160
1744
357
-1574
-1285
-406
-858
-2436
-1224
4487
8701
6223
-2690
-6072
-250
7311
7769
1863
-270
1035
3611
1422
-1962
-2213
1839
5236
850
-5862
-7448
-2279
-556
-4689
-8001
-4569
140
-2181
-9931
-13621
-7816
-98
1024
-3462
-4550
-1672
-1615
-5070
-4906
1592
7630
7388
3306
-66
509
4023
6986
6316
4230
5895
7613
5120
686
1607
4742
3325
108
1102
4110
2169
-2262
-4310
-3072
-2132
-1121
-632
-1755
-2822
-3220
-3088
-4294
-3481
-371
648
-1408
-3075
-623
1548
238
-1137
105
2296
1412
175
1544
3241
2921
717
246
1226
1740
1550
722
749
1477
1931
410
-1794
-1501
248
386
-841
574
3154
2029
-2305
-3687
-559
1883
1701
1612
3054
2229
-1417
-3518
-2203
250
1284
1950
1454
-1724
-5164
-5938
-4116
-2856
-1278
1950
2840
-1426
-6979
-6668
-1194
2224
1616
409
1136
2780
2991
2763
877
109
3770
9520
11243
4338
-2434
-2958
2657
7225
6624
3941
1671
847
-2516
-6688
-6951
-1451
2912
-275
-7331
-10061
-6993
-5003
-7443
-10366
-7225
-980
282
-4836
-8216
-4781
-902
-1554
-2377
1610
6355
5632
848
-1883
328
5824
9475
7350
2766
1767
4553
4547
1790
2681
6371
5738
-364
-2730
518
2568
1212
-230
-439
-2355
-3597
-1828
-987
-2524
-2425
445
103
-4371
-5064
-1464
-179
-1746
-528
2982
1539
-2460
-2901
-396
636
740
2880
3469
1234
-462
108
79
-494
1340
3498
2155
-164
728
1412
-956
-2514
858
3773
2083
549
1967
2416
-1294
-2905
170
3110
2528
1176
1177
-184
-2225
-2588
-1249
-849
-796
-185
-354
-2310
-4574
-5140
-5168
-3833
-954
1716
1439
-1615
-3444
-3299
-594
2079
2518
551
511
6039
9269
5094
-2489
-1204
6956
11257
7557
1097
-820
850
4908
4862
852
-2011
782
2475
-3744
-9396
-6736
-205
-1583
-7466
-9046
-5795
-3774
-6120
-9635
-10284
-5617
160
360
-3799
-4504
-862
32
-3087
-2297
3699
7745
5775
1292
-445
1524
5776
7777
4908
2024
3575
5757
3488
1086
3645
5498
1641
-1995
746
4230
2390
-235
-520
-1527
-4027
-2672
1213
702
-2560
-2572
-431
-2325
-4900
-3184
-370
-698
-1190
1107
1107
-2366
-3642
-972
335
-1151
-60
3410
3444
-63
-2068
-1086
-397
384
2133
2545
1411
1412
2550
444
-2932
-1071
3813
4419
1244
1358
3791
1495
-3172
-3278
1214
3398
2849
2439
1244
-1791
-4448
-3317
-2005
-1173
253
2118
63
-5738
-8271
-6352
-2641
-806
2329
3925
749
-4795
-6282
-1089
2807
3602
1707
3047
6371
7461
3009
-3758
-1525
7110
13775
8489
162
-2125
1626
5006
1690
-1015
144
5260
3355
-5604
-10950
-6653
213
-1535
-6334
-7041
-2822
-2062
-7413
-13070
-11631
-2638
3550
346
-5769
-4684
-480
-2424
-6979
-3432
5990
9056
3606
-1809
-1843
1239
4155
5328
4346
4347
6326
5910
731
-2227
2735
7574
5313
761
1713
3927
1378
-1513
-1016
519
-489
-483
324
-650
-1911
-1547
-1549
-4659
-3983
341
1273
-3172
-4818
-345
492
-2776
-3366
261
401
-3532
-3174
500
2460
1539
1095
486
-1813
-1219
1788
2898
1904
3381
5948
3070
-2098
-1677
2940
4260
2958
4190
6003
3064
-1811
-2635
-695
806
2133
4310
3490
-995
-4581
-5804
-6002
-5437
-1230
2222
90
-5677
-8978
-8148
-6258
-2308
1785
3976
1384
-1746
-3029
-3195
-1809
443
7119
12299
12320
4051
-3658
-1385
6459
12028
8050
3696
2914
5753
5252
-1009
-4778
-1502
5390
3186
-4625
-7663
-3534
-2347
-8095
-11250
-7393
-853
-352
-6573
-13741
-13398
-5342
133
-2071
-4619
-488
2214
-3504
-8757
-3791
5882
8734
5066
2040
1623
2477
3354
3295
2958
5742
9897
7910
48
-3000
2063
5154
1711
1
3719
4866
467
-3951
-4213
-3208
-1213
1877
1802
-1358
-2896
-1432
-3241
-6556
-3423
4160
4841
-1666
-4807
-1921
-679
-2089
-191
3173
2736
-1443
-1975
-897
-712
-150
2209
3824
1134
-256
-461
-534
-601
2104
5129
3266
797
660
1033
-1405
-1116
4604
7967
4462
-1006
-1577
-837
-1470
-561
3200
5869
3389
-1232
-5294
-6935
-5492
-1469
1599
629
-2463
-4926
-7352
-9362
-7435
-647
5500
3479
-1994
-5517
-3665
-1145
38
1745
2761
6594
8248
7291
407
-3616
1564
9880
13558
7155
1266
-1134
2020
4257
2711
534
1522
5225
1909
-6180
-10244
-5075
-225
-2309
-6298
-5950
-2809
-3521
-8998
-14076
-11361
-1924
3753
-385
-6331
-5018
-1609
-4067
-6601
-792
8209
8858
2060
-2798
-1401
3256
6519
5623
2906
3637
7150
5863
-282
-937
5242
7648
1357
-2231
1936
5197
1769
-1894
-1374
-1229
-2017
-944
800
-1552
-3254
-1011
148
-3691
-5802
-1737
162
-2127
-2569
1479
1601
-2862
-3657
-1258
-616
-1659
1122
3622
1307
-622
752
1448
-1300
-779
3693
4672
1683
1242
3717
2313
-1038
-422
2640
2889
2374
4479
4792
253
-3744
-2268
252
710
1515
3661
2778
-2179
-5831
-6070
-4781
-2728
323
1083
-2348
-6032
-6589
-6590
-6696
-3149
3644
5446
-65
-5195
-3574
647
1487
257
412
5758
11057
11115
2559
-4379
0
10110
13943
6163
580
1577
6524
5471
-161
-2089
1506
5603
912
-6035
-7642
-2338
-488
-5424
-10121
-8214
-1933
-639
-6994
-14346
-12172
-3278
654
-3773
-5618
-375
1970
-4368
-9217
-3173
6447
8891
4196
-307
-255
2893
5060
3222
1156
5050
9553
6034
-1760
-1151
5562
4839
-1989
-2189
4630
5506
170
-2304
-1705
-2959
-4396
-1647
772
284
295
-221
-3875
-7215
-3852
386
-756
-1788
1451
3202
-2215
-5455
-1901
2146
894
-1142
1758
3509
2142
-122
150
919
929
1948
2668
2701
2490
3552
2709
-329
-1193
2224
4499
2374
575
2451
3720
-92
-3364
-1907
1572
1221
-776
19
1447
-194
-4425
-5924
-4548
-2452
-860
-92
-1210
-4331
-6723
-7072
-5715
-2073
4106
6540
1411
-5573
-5126
956
3191
1156
1114
6911
10788
7825
647
-2555
2217
9311
11908
6449
720
-1
4004
4495
-33
-2358
1205
5155
438
-6656
-8426
-4070
-2320
-5293
-7167
-5608
-2266
-2961
-8573
-14184
-11352
-1462
3264
-1230
-5026
-2001
-7
-4883
-7599
-900
8026
9321
3700
-1214
-1523
1798
5088
4862
3209
5165
7356
4125
-2125
-1634
4308
5160
468
-1417
2347
3405
-99
-3400
-3355
-1851
-515
477
-269
-1255
-1857
-2520
-4386
-3834
-7
1668
-963
-3086
-239
1584
-629
-2122
576
2925
539
-1586
101
2537
2383
1613
2157
2186
712
55
340
825
2109
4253
4782
1343
-1602
-1553
-67
253
1780
5407
5795
1004
-4637
-4788
-2319
-377
1263
3771
4019
-843
-5814
-7725
-6170
-3411
1027
3620
711
-4679
-7656
-6712
-6049
-2458
4329
8485
3960
-3787
-4410
-994
1021
-50
3620
10562
12628
6696
-2349
-3849
1199
8727
10305
5860
1108
515
3266
1052
-3352
-3705
2222
4055
-1933
-6860
-5843
-2985
-5049
-7384
-6817
-4086
-1589
-1851
-6595
-12280
-9680
-609
3063
-1284
-2721
1979
2192
-4657
-6871
613
8278
8411
4227
753
-502
1045
3408
2951
2045
5094
7907
2569
-4761
-3104
3551
3542
-1867
-1324
3125
3010
-2063
-4342
-2959
-1907
-757
252
551
-190
-307
-1814
-4641
-4134
939
3765
439
-1989
345
2082
-843
-2484
730
3191
1076
-1034
520
2186
1189
198
858
1093
574
581
743
55
576
2711
3069
376
-1341
176
754
-372
773
4501
5011
30
-4076
-3465
-1345
-441
746
2749
2269
-1835
-5996
-7446
-6327
-3324
630
2646
19
-4109
-5190
-3828
-3109
-1259
4398
8957
6184
-954
-3901
-1503
3652
9137
12946
9992
2398
-422
2948
5835
2697
657
2404
5466
5099
824
-3684
-5704
-3225
-2221
-4605
-6224
-1964
1249
-4152
-12633
-13247
-5175
141
-1908
-6327
-5980
-2707
-2334
-4670
-3999
2131
6513
3520
-1851
-1646
3169
5349
3559
2564
4840
6647
4513
-90
-1903
1273
4804
4264
707
-278
-26
-2276
-5764
-4936
376
2942
1149
-2212
-4035
-5829
-6234
-3055
1294
3224
2033
977
-1245
-4521
-4992
70
5978
6355
3274
701
-864
-2403
-1280
2942
5118
3839
1958
960
-790
-2749
-1737
688
1868
1845
1509
-120
-2315
-2080
-637
-717
-685
2322
4210
791
-2878
-914
2646
1770
-21
2333
4173
920
-2662
-1293
1679
1251
106
32
-1167
-4046
-5049
-3207
-1649
-879
-828
-1657
-3937
-3695
-681
747
72
810
4482
3661
-1561
-4301
2361
11204
11984
5099
-1057
1069
5480
7310
3107
160
1861
5931
5185
-2290
-5749
-1761
3269
-1448
-8096
-7216
-989
-505
-7017
-10553
-8269
-3288
-1672
-4436
-8788
-7914
-1898
365
-3875
-4852
2725
7287
789
-5772
-1468
6303
6570
2989
3316
5866
5457
2418
-43
-268
3089
6359
4043
-1862
-2231
2027
837
-5756
-6498
379
3398
-732
-3769
-2258
-2896
-5900
-5431
-736
2748
3313
2108
-1251
-4712
-4054
524
2797
2909
4361
5448
1111
-3749
-2074
2602
2842
447
2064
4330
2273
-1664
-2134
-1539
-2062
-631
2995
3869
952
-742
-717
-2341
-3710
-113
5054
4932
1181
207
1282
-25
-2045
-190
3209
3115
242
-730
-136
-733
-2597
-3640
-3451
-2621
-1281
-1098
-2399
-3675
-2482
-1503
-2229
-2127
1594
5434
4587
857
-1843
-751
3479
8932
11562
8502
3218
1708
4307
5407
2092
-538
1991
7254
6474
-1206
-7140
-5887
-2628
-4353
-6975
-5100
-874
-2318
-9142
-14107
-11597
-4372
-772
-4520
-9008
-6083
-878
-1999
-6520
-2888
6253
7858
1076
-1747
3404
7222
5962
4280
5674
7743
8089
5662
1024
-661
3837
7670
3510
-2308
-864
2149
-2339
-8394
-5914
605
864
-3230
-4951
-5337
-7140
-6891
-3085
-210
446
1162
575
-3462
-5779
-1726
3543
4027
3333
4953
4373
-570
-3092
783
4788
4427
3009
3319
2043
-1167
-2100
-307
748
556
1260
1000
-1571
-3097
-944
885
-717
-1666
619
1951
-165
-931
1832
3657
1608
-235
1083
2045
862
173
1832
2648
714
-1675
-2830
-3050
-3169
-1937
-809
-1237
-2430
-2748
-2466
-3271
-2259
928
3629
2785
628
-304
-1069
613
5670
11004
9177
3220
1603
4892
6514
2280
-1145
202
5876
8141
2818
-4706
-6340
-2616
-4020
-8934
-8050
-41
2282
-5647
-13526
-13607
-8485
-5102
-4328
-4912
-3777
-1494
-2366
-6759
-6960
911
7116
5068
1889
4624
6955
3838
1903
5510
9121
8792
7798
6129
2069
-54
3263
5230
1064
-1680
1010
1437
-4448
-7337
-3219
-431
-2860
-4363
-3014
-4215
-6750
-6181
-3797
-2686
-401
3220
1970
-3751
-5011
85
3140
2362
3533
5774
3018
-1677
-485
3853
3583
649
1484
3571
1455
-1565
-631
962
-965
-3402
-2379
-67
706
653
107
-1977
-3491
-2040
-4
598
2138
4850
4172
-454
-2582
818
4065
3833
2824
3289
2745
208
-1518
-1810
-1940
-2342
-1321
191
11
-1927
-3527
-3909
-4314
-3781
-755
3644
5308
2158
-2739
-5471
-2701
4396
10565
10509
5488
2571
3052
3553
914
-139
3227
8316
8959
2187
-5106
-6413
-2822
-3084
-6340
-5469
94
650
-7167
-14083
-13461
-7843
-4473
-4527
-5974
-4886
-2375
-3479
-8099
-7947
940
8276
5885
545
2049
6203
5233
2455
5163
10916
12755
9173
3495
192
1762
6089
6446
2467
1049
2864
274
-7218
-8591
-1806
2152
-1558
-4916
-3897
-4467
-7861
-8677
-5239
-1738
913
2666
650
-4128
-5635
-2406
296
2194
5912
8188
3850
-2435
-2890
699
2221
2228
4383
5438
1801
-3016
-3510
-1324
-696
-1582
-1284
170
480
-754
-2307
-2673
-1925
-940
-174
1301
3852
5286
2985
-747
-1234
2242
5120
4873
3608
3550
3501
935
-2186
-2719
-263
1158
-582
-3154
-3175
-1549
-1684
-3552
-4946
-3798
-1012
1542
2165
643
-1608
-3137
-1825
2227
6773
8448
6351
3931
3225
3631
1792
-494
1402
7586
10961
5022
-3711
-6091
-2876
-2841
-5921
-4875
694
1880
-5046
-12709
-14134
-9268
-4502
-3973
-6452
-5779
-2141
-3007
-8951
-9486
95
7780
4714
-424
2284
6616
4389
562
3728
10994
13780
9634
2973
-38
2797
6802
5412
1502
2271
4822
324
-8130
-8575
-1129
1981
-1738
-4172
-3591
-5294
-8433
-7116
-3024
-830
-14
1004
-352
-3948
-4402
-463
2541
2880
4118
5635
3654
-319
-1174
924
2128
2157
2852
3117
1679
-420
-1661
-3079
-4102
-2614
139
987
-731
-2156
-2643
-3257
-3553
-1690
1186
2602
2699
2860
2557
1193
786
2690
4920
5007
4204
4317
4192
2024
-387
-555
497
205
-1092
-1608
-1217
-1517
-2867
-4132
-4615
-3936
-1908
267
1114
337
-2107
-4741
-4890
340
7314
9226
4388
-14
1747
5149
3982
-469
-253
5692
10279
6459
-1378
-3987
-1012
-773
-5994
-7678
-1120
4731
11
-10035
-13948
-9694
-5444
-5694
-6962
-4447
-517
-1851
-8459
-11180
-3934
5209
5747
511
538
5291
5725
1134
826
7487
12786
10572
4567
1567
3357
6408
5604
1983
1099
4152
3908
-2669
-7119
-3183
1877
-60
-4744
-4864
-2338
-3168
-5874
-6339
-4089
-844
1397
698
-2562
-3777
-1425
171
-162
1662
5987
6184
743
-3075
-796
2602
1937
268
1255
3053
1515
-2137
-3627
-2387
-1373
-2338
-2973
-1315
710
279
-2522
-4320
-3138
-726
811
2127
4560
5692
3280
-839
-1005
3292
6710
6196
4189
4063
3596
624
-2608
-2136
948
2312
403
-1565
-1574
-1361
-2821
-5149
-5228
-2308
1915
3369
346
-4156
-4681
-277
3631
3283
1989
4066
6620
5022
90
-2646
-992
3173
6831
7038
3510
-498
-1947
-3181
-6158
-6876
-1838
3309
1065
-6036
-9781
-8621
-7545
-8508
-8226
-4418
-130
109
-4446
-8341
-6481
-1426
1177
1439
3791
7081
6080
1574
-247
3344
8196
10017
8702
5819
3885
3877
3800
2311
1737
3801
4218
-494
-5283
-4445
-862
-536
-2665
-3461
-3839
-5339
-5871
-3801
-1706
-1205
-953
-753
-1771
-2401
-694
1365
1703
1970
3698
4131
2007
436
1564
2510
1168
278
1656
2787
1355
-1266
-2582
-2478
-2322
-2419
-2498
-1819
-1025
-1495
-3547
-4863
-3148
-879
-576
-642
1550
4057
2679
-531
-321
3203
5268
4285
3875
5107
4778
1718
-1018
-888
751
1825
1977
1391
332
-718
-1659
-3119
-4139
-2353
1514
2660
-727
-3772
-1883
2243
2488
-668
-1265
3185
7160
4944
-1179
-4160
-778
4134
4860
2317
1675
3289
1505
-5172
-9355
-5393
1608
2551
-2094
-4850
-4213
-4782
-8875
-11588
-8440
-1711
2248
-145
-4604
-5458
-3174
-2764
-4125
-1119
6413
10034
5575
-93
-30
3366
4848
5151
6645
8478
8123
5238
1830
-235
398
2100
1990
330
-90
502
-1356
-5042
-6102
-4201
-3189
-3885
-3234
-1172
-1266
-3502
-4430
-2937
-1115
122
1511
2439
2644
2408
1646
596
939
3633
5392
3696
1284
1479
2042
-28
-2089
-555
1888
692
-2843
-4497
-3555
-2763
-2732
-2799
-2847
-2945
-2948
-2974
-2896
-1454
1281
2637
1079
-724
65
2600
4215
4826
5200
4880
3255
1487
1006
1410
2090
2826
3086
2161
631
-389
-914
-1606
-1467
289
1749
-251
-4261
-4353
720
4492
1436
-4038
-3233
3611
7084
1885
-5731
-6040
1302
7228
5002
-821
-1516
2243
1551
-5640
-9121
-2184
6156
4029
-5360
-9024
-3722
140
-4368
-10580
-8314
513
4075
-1934
-7976
-5234
730
134
-4438
-2616
5655
9397
3918
-2443
-1322
4591
7509
5577
3448
4920
7595
6391
1868
-130
2408
4033
788
-2945
-1778
1781
1904
-1914
-5542
-6609
-5631
-3511
-1748
-1469
-2196
-2479
-2496
-3353
-3798
-1753
1661
3541
3201
1829
453
-83
1529
3905
4112
2515
2257
3407
2227
-1207
-2240
529
2497
396
-3002
-3906
-2427
-1362
-2154
-3564
-3877
-2871
-2585
-3864
-3877
-588
2732
1757
-1804
-2610
88
2419
3153
4477
6568
6468
3547
806
852
3154
5499
6201
4895
2429
187
-900
-1197
-816
286
1681
1741
-529
-3684
-5259
-4537
-3390
-2688
-1162
1437
2344
-616
-4714
-5114
-1564
1568
1799
1270
1892
2373
932
-1339
-1924
-463
1375
2170
1781
453
-994
-2028
-2657
-3088
-2774
-1089
612
-100
-3364
-6104
-6024
-3717
-1417
1
860
1062
28
-2137
-3813
-2726
1422
5724
6820
4505
1825
615
593
1112
2701
5045
6134
4700
1541
-1063
-1833
-1118
-302
83
639
1276
419
-2098
-4266
-4311
-3073
-1865
-75
1986
2274
-58
-2614
-3286
-2335
-681
1840
4448
4706
1945
-1483
-2873
-1953
-176
1304
2252
2329
1162
-1187
-3452
-4126
-3006
-1187
303
980
422
-1338
-3130
-3733
-3181
-1670
777
3166
3234
851
-1023
-272
1441
2146
2728
4463
5670
4294
1792
1008
2219
2769
1937
1304
1894
2377
1105
-1232
-2455
-1864
-1085
-1135
-1270
-658
-529
-2256
-4632
-4823
-2204
809
1684
500
-1030
-1500
-1192
-1009
-743
581
2669
3234
1818
173
-78
-41
-600
-441
1209
2413
1143
-1005
-1716
-1333
-1959
-3199
-2959
-1185
-331
-1684
-3768
-4390
-3409
-2085
-1085
-476
122
421
-11
-850
-689
1218
3783
4808
3698
2075
1533
1970
2514
3054
3530
3298
2001
411
-558
-414
209
503
-93
-1035
-1601
-1902
-2139
-2121
-1391
-878
-1274
-1915
-1465
-244
166
-719
-1643
-991
811
1954
1307
-159
-551
163
553
232
161
720
698
-325
-1232
-1080
-657
-604
-568
-476
-875
-1774
-1843
-971
-472
-709
-332
717
704
-578
-589
1678
3437
2569
1259
1990
3247
2719
1574
2479
4402
4436
2050
54
356
1551
1588
645
287
346
-408
-1936
-2479
-1664
-1259
-1959
-2180
-1448
-1419
-2948
-3820
-2514
-870
-665
-1274
-1043
-495
-506
-785
-558
259
1284
2097
2004
878
-152
-92
639
1287
1428
1296
747
-238
-1246
-1783
-1587
-911
-572
-1061
-1787
-1863
-1346
-1323
-1820
-1777
-678
326
271
-36
558
1560
1638
876
686
1514
2336
2219
1682
1712
1728
872
-535
-677
638
1561
663
-1197
-1921
-1530
-1002
-774
-507
-235
-560
-1180
-1416
-998
-132
524
665
322
256
801
1213
768
78
169
665
942
864
837
446
-631
-1706
-1836
-1108
-375
-97
-373
-1149
-2226
-2827
-2407
-1162
-36
397
170
-231
-657
-733
92
1723
2953
2599
1491
1384
2635
3315
2541
1610
1921
2646
2534
1739
1179
957
456
-72
-231
-30
-183
-632
-1307
-1988
-2389
-2347
-1728
-1015
-653
-1000
-1843
-2706
-2871
-1879
-90
1071
528
-777
-961
337
1562
1377
578
576
1265
1628
1129
402
-31
-66
31
225
453
-73
-1539
-2971
-2832
-1196
53
-245
-1431
-1981
-1633
-1300
-1151
-636
315
848
625
375
726
1409
1455
880
853
1739
2474
2022
897
482
623
208
-573
-524
495
923
74
-1091
-1736
-1858
-1689
-868
297
814
264
-829
-1383
-1186
-332
753
1397
1534
1223
613
127
195
859
1274
1020
759
684
325
-410
-652
-554
-994
-1642
-1364
-298
-354
-1707
-2627
-2162
-1345
-1245
-1264
-825
-323
-242
-297
-141
200
516
715
1008
1790
2828
3093
2455
1748
1739
2132
2449
2793
3086
2838
1929
1006
380
151
464
1130
956
-527
-2055
-2362
-1791
-1600
-1764
-1741
-1770
-2531
-3349
-3223
-2183
-1282
-1461
-2131
-2246
-1238
-114
92
-357
-474
-73
201
356
760
1358
1484
923
145
-152
318
1365
1912
1186
-143
-615
25
452
380
636
1366
1310
126
-791
-329
829
1491
1464
1120
742
345
148
175
456
693
729
440
-139
-717
-1235
-1392
-1321
-1233
-1338
-1333
-1136
-1260
-2095
-2791
-1984
-581
16
-303
-450
-313
-521
-617
285
1795
2299
1691
1001
971
1210
1306
1481
1667
1423
808
369
318
231
-368
-943
-783
-222
-466
-1391
-1708
-1032
-841
-1744
-2096
-1059
85
-255
-1092
-789
228
409
-232
-60
1271
2339
2092
1226
941
1342
1759
2003
2253
2344
2002
1392
989
926
927
956
1011
602
-387
-1087
-831
-441
-928
-1754
-1902
-1546
-1614
-2068
-2112
-1716
-1794
-2352
-2343
-1520
-740
-741
-937
-737
-401
-389
-431
84
907
1174
769
540
707
812
780
999
1394
1323
782
453
449
543
647
828
780
259
-122
122
632
515
46
135
473
243
-310
-151
743
1013
111
-855
-780
-52
220
-127
-461
-416
-564
-1167
-1596
-1111
-237
-214
-1003
-1490
-1096
-675
-698
-609
-92
167
-165
-416
-124
369
628
916
1079
745
269
529
1294
1300
482
53
483
562
-175
-533
131
648
-172
-1322
-1153
-83
126
-840
-1521
-984
-139
-192
-613
-383
123
-122
-692
-206
1203
1916
1287
535
649
1198
1512
1684
2119
2414
1841
876
490
952
1557
1551
999
430
-44
-484
-726
-722
-693
-910
-1199
-1524
-1910
-2211
-2123
-1816
-1795
-2067
-2093
-1702
-1537
-1639
-1442
-704
-157
-398
-788
-454
419
899
776
599
747
952
889
718
820
1294
1563
999
-48
-383
483
1424
1078
-87
-527
-3
276
-167
-296
437
992
371
-650
-704
259
1020
827
267
149
341
192
-117
50
543
586
37
-401
-364
-225
-245
-274
-273
-383
-607
-631
-444
-291
-133
-151
-501
-924
-763
140
849
646
-150
-568
-321
155
496
740
831
485
-244
-773
-456
311
588
57
-290
36
151
-421
-937
-559
61
35
-367
-419
-144
-150
-468
-559
-206
377
732
625
226
61
383
724
731
792
1199
1433
1078
404
129
492
934
912
577
314
175
-155
-698
-919
-507
-46
-376
-1214
-1608
-1347
-1171
-1395
-1550
-1209
-817
-895
-1220
-1246
-836
-370
-83
-41
5
139
341
454
452
533
906
1297
1000
265
65
782
1328
855
126
232
676
265
-524
-296
821
1087
-139
-1105
-498
534
516
-140
-79
594
663
-41
-360
272
964
852
313
155
313
325
246
322
408
180
-129
-183
-109
-194
-315
-209
-189
-508
-816
-710
-382
-356
-580
-462
-153
-178
-503
-609
-322
-170
-265
-143
198
92
-383
-591
-263
107
38
-164
-126
-23
-223
-383
-119
313
241
-398
-813
-449
353
702
417
-24
-317
-359
-127
376
953
1162
859
272
-141
37
732
1420
1472
991
509
219
0
-45
332
862
909
143
-831
-1140
-635
-204
-449
-786
-705
-663
-1164
-1704
-1415
-597
-403
-911
-1171
-746
-394
-507
-600
-365
16
197
202
178
255
418
678
858
811
662
606
728
783
638
543
726
779
351
-140
38
736
929
275
-284
-97
268
167
-77
224
656
443
-293
-520
90
663
552
107
-44
55
57
-90
-19
220
227
-113
-404
-363
-222
-117
-114
-285
-545
-626
-518
-438
-488
-453
-207
-88
-355
-695
-602
-240
-113
-270
-285
13
14
-465
-686
-243
249
89
-328
-304
1
-112
-469
-355
235
480
38
-440
-331
213
487
340
82
174
463
388
88
191
782
1175
831
225
113
463
785
844
804
795
699
195
-275
-212
378
798
314
-444
-651
-466
-630
-979
-849
-338
-240
-767
-1280
-1316
-1082
-919
-872
-753
-480
-357
-442
-662
-628
-142
417
483
136
63
525
1025
983
666
566
912
1152
972
767
850
939
559
6
-21
569
842
354
-338
-413
-117
-151
-498
-516
-20
250
-180
-835
-870
-355
49
-24
-161
-60
92
-12
-230
-129
231
425
315
178
250
407
326
80
-69
79
258
333
269
91
-159
-363
-377
-319
-52
101
-30
-352
-597
-581
-542
-429
-246
-129
-228
-477
-555
-508
-429
-367
-343
-260
-199
-110
-55
-154
-307
-339
-136
123
236
338
328
98
-146
-143
240
749
982
749
261
-19
268
680
837
892
941
801
364
82
230
610
749
545
318
76
-198
-329
-233
-136
-285
-585
-742
-695
-705
-792
-856
-913
-1071
-1230
-999
-542
-265
-418
-742
-728
-535
-334
-17
438
707
438
-15
13
624
1095
947
671
729
915
725
344
442
891
922
294
-211
38
485
337
-210
-350
-148
-181
-499
-578
-166
153
-62
-550
-658
-331
8
61
6
31
-29
-114
-136
57
311
366
282
162
111
85
96
265
380
215
-51
-116
48
170
64
-133
-131
30
66
-123
-344
-231
-9
-75
-365
-482
-152
207
31
-480
-535
-117
167
-31
-364
-269
17
-36
-312
-402
-83
244
87
-294
-400
-61
261
308
180
79
57
-13
-18
166
479
708
649
353
125
142
378
516
464
368
274
69
-191
-245
-73
-22
-297
-609
-631
-427
-470
-810
-1050
-1013
-906
-850
-697
-420
-338
-633
-950
-862
-365
158
379
349
283
197
127
341
840
1158
1089
843
842
991
912
764
749
910
947
688
492
527
519
178
-174
-177
94
249
8
-310
-416
-380
-474
-545
-329
-10
22
-271
-514
-473
-237
-57
99
154
52
-100
-72
86
169
99
26
82
12
-88
-123
38
157
-109
-480
-495
-158
67
-47
-287
-355
-390
-449
-427
-199
25
-30
-313
-499
-426
-252
-36
117
163
-47
-314
-358
-88
160
162
47
-6
19
-164
-218
34
411
392
-31
-290
-123
287
353
142
101
362
449
181
32
304
678
560
189
66
308
535
397
91
-97
10
120
77
-66
-233
-290
-397
-543
-577
-382
-180
-301
-657
-848
-637
-302
-233
-341
-291
-162
-151
-237
-95
267
422
273
135
283
582
733
642
566
559
572
529
443
512
704
748
432
108
-29
-2
132
188
145
-20
-188
-347
-467
-395
-180
24
43
-135
-347
-446
-327
-153
-6
59
-22
-111
-195
-192
-185
-126
41
53
-94
-278
-287
-123
-24
-110
-266
-290
-173
-116
-177
-134
-32
-29
-261
-448
-222
149
316
123
-122
-104
-47
-39
92
303
407
259
2
-72
15
161
201
144
38
-63
-83
-65
7
7
-62
-174
-169
20
133
71
-41
-31
10
-51
-39
152
322
300
49
-39
91
157
162
154
180
165
107
-15
-95
-105
-68
-59
-127
-154
-162
-162
-245
-373
-436
-380
-156
-15
-75
-193
-266
-247
-208
-120
76
291
315
141
33
143
357
449
441
464
523
438
273
278
385
452
357
192
171
253
231
83
-94
-114
-12
-31
-129
-174
-135
-105
-236
-335
-221
-80
-41
-138
-200
-129
-63
-107
-176
-188
-110
6
4
-76
-113
-90
-52
-141
-259
-241
-155
-103
-170
-217
-211
-224
-265
-309
-236
-88
29
16
-126
-173
-48
78
142
93
82
156
199
202
180
151
160
207
204
202
190
223
220
117
-16
-88
13
177
180
7
-167
-199
-54
-35
-98
-94
29
44
-176
-270
-129
129
124
-61
-104
24
122
54
-46
21
126
37
-148
-168
51
148
-8
-299
-344
-188
-89
-92
-186
-142
-101
-247
-331
-133
98
152
31
26
92
180
334
427
470
334
203
294
486
551
426
325
376
381
310
219
218
316
300
132
-51
-60
-12
0
-163
-268
-129
-41
-91
-271
-380
-331
-250
-214
-171
-86
-66
-161
-313
-354
-212
-38
3
-90
-170
-171
-177
-281
-297
-194
-96
-114
-292
-363
-267
-134
-174
-292
-322
-215
-51
-5
-17
-75
-99
-59
-49
-11
154
305
332
170
-26
-10
157
324
427
397
282
142
60
101
123
222
299
297
198
20
-92
-66
66
85
79
39
37
32
-69
-110
-64
66
48
-57
-20
88
121
-9
-88
-76
-4
55
24
3
1
-66
-171
-159
-111
-27
-23
-87
-94
-126
-172
-153
-32
35
6
-28
-11
-6
16
29
53
78
65
89
144
225
194
133
101
106
160
199
224
185
116
15
-12
36
75
104
85
16
-114
-202
-133
41
117
56
-60
-142
-115
-51
-28
9
69
16
-129
-227
-184
-55
45
24
-51
-101
-107
-110
-126
-103
-115
-134
-173
-220
-198
-130
-111
-159
-185
-120
-44
-62
-93
-92
-105
-113
-86
-29
108
200
128
-20
-63
-6
60
136
139
145
117
22
-19
31
63
51
56
76
91
48
34
29
-24
-19
5
26
86
107
70
-6
-63
-68
-6
108
180
137
36
-19
-53
-19
41
89
145
164
47
-97
-135
-86
50
46
-61
-120
-121
-68
-77
-100
-5
43
-26
-95
-136
-25
137
170
110
-6
-6
101
151
193
175
203
221
141
103
104
193
241
181
72
69
124
180
200
96
22
42
36
-29
-7
50
38
-103
-192
-118
-41
-69
-110
-95
-82
-73
-149
-202
-147
-89
-102
-152
-174
-147
-173
-237
-271
-245
-159
-141
-196
-226
-252
-306
-343
-313
-236
-180
-164
-211
-201
-136
-90
-74
-71
10
65
96
134
113
111
139
163
190
215
227
244
240
182
167
202
221
202
176
151
152
171
160
70
0
28
44
117
163
114
53
-35
-100
-68
23
102
85
22
-7
-40
-3
16
-9
35
73
50
35
16
18
48
-2
-73
-111
-125
-23
63
51
-15
-100
-124
-101
-45
-3
22
-13
-25
-77
-100
1
43
78
85
79
111
117
99
71
7
15
59
95
129
109
50
-48
-96
-82
-18
51
67
-5
-139
-193
-159
-118
-105
-85
-40
-23
-16
-50
-107
-148
-129
-75
-54
26
74
28
-76
-168
-143
-89
-20
31
45
0
-110
-120
-131
-130
-63
-66
-59
-112
-149
-129
-126
-96
-47
37
29
-8
-73
-57
42
59
78
57
111
131
94
118
148
158
136
132
120
131
136
135
119
105
103
80
22
-2
32
50
91
49
-60
-49
-22
-18
23
25
44
-26
-36
18
-13
55
66
46
1
-15
29
30
41
16
-28
-53
-64
-55
-54
-78
-82
-79
-75
-70
-74
-91
-88
-48
13
66
12
-38
-44
-11
35
89
158
199
151
49
78
90
125
145
115
180
143
70
82
83
78
52
1
-16
-24
-26
5
-23
-127
-146
-136
-133
-95
-75
-54
-108
-239
-239
-199
-129
-16
-36
-97
-204
-231
-199
-136
-23
-17
-42
-101
-137
-130
-98
-48
-45
-39
-67
-78
-37
-57
-60
-67
-85
31
108
139
109
18
1
-20
27
160
249
255
166
97
59
85
145
181
235
168
101
59
29
114
126
104
71
-2
-8
6
6
13
23
-33
-51
-29
12
102
69
-3
-85
-132
-48
0
22
28
-20
-25
-57
-91
-31
50
45
-11
-52
-69
3
20
3
8
-10
31
45
19
6
23
38
-38
-104
-45
29
69
31
-28
-15
27
22
-31
33
76
113
71
-18
47
36
9
-10
32
123
64
-32
-74
-43
-22
-69
-66
-70
-75
-92
-143
-126
-136
-97
-114
-111
-44
-113
-99
-108
-135
-92
-80
-35
-57
-81
-48
-49
-52
-63
-19
27
21
8
-37
-25
11
-7
6
-3
13
-23
-88
-3
55
100
112
57
34
54
78
127
187
173
139
110
76
59
96
135
171
145
67
20
0
41
67
46
-17
-1
0
3
29
6
3
-72
-83
-49
-5
28
6
-42
-93
-91
-39
44
47
58
50
-13
-32
-24
15
86
110
69
1
-3
4
-72
-64
-35
0
15
-49
-47
-66
-79
-92
-109
13
75
78
33
-74
-53
-40
-1
66
73
82
43
20
20
28
76
62
40
31
16
13
-18
-83
-116
-50
-26
-54
-37
-47
-91
-158
-216
-171
-63
0
-33
-105
-110
-113
-88
-35
18
80
37
-35
-89
-54
0
17
44
50
63
47
-13
-44
-47
-47
9
28
6
-5
-50
-97
-93
-58
35
98
108
70
-22
1
1
53
107
167
221
120
65
33
75
125
100
105
124
101
47
7
58
90
53
15
-17
3
-9
-23
-30
-44
-77
-54
-3
-21
-2
-9
-22
-48
-79
-20
17
64
76
20
25
10
3
18
32
84
64
22
-54
-76
-34
-65
-38
-35
-25
-57
-111
-97
-66
-20
-3
-19
-43
-22
-18
-14
31
21
0
11
3
57
75
47
9
-57
-38
-38
-2
51
-13
-54
-109
-131
-77
-48
57
66
6
-72
-141
-87
-28
38
16
-34
-85
-117
-75
-51
38
67
34
13
-25
27
51
62
56
19
45
16
38
29
-31
-35
-101
-66
3
28
71
3
-53
-95
-79
-4
38
89
66
11
-28
-47
-19
55
117
163
117
58
36
45
47
60
122
89
66
27
61
57
16
23
-10
10
7
9
19
-21
-18
-30
-82
-26
1
27
25
-28
-29
-48
-32
-9
17
44
21
-21
-32
-33
-31
3
-2
-23
0
-21
-9
-13
-31
-43
-53
-17
-38
-9
7
-17
-56
-100
-50
27
45
46
9
-48
-79
-66
18
60
90
74
34
-7
-19
4
42
83
64
31
10
-10
-17
-16
-2
39
21
22
19
-12
-22
-38
-62
-104
-101
-66
-70
-80
-80
-94
-130
-118
-46
0
59
22
-48
-60
-95
-36
42
55
47
-8
-32
-32
-42
-5
51
50
25
27
-4
15
26
47
98
71
84
79
25
46
53
54
57
41
35
-3
22
36
25
0
-15
19
30
41
51
51
48
3
-37
-1
13
60
35
-6
-10
-47
-38
-39
-8
26
33
19
15
-26
-24
19
23
38
47
25
23
9
-24
25
32
19
1
-7
2
-21
-32
-58
-67
-19
-22
-42
-16
-20
-44
-27
6
-29
-2
3
-15
-5
-37
-28
-39
-26
-18
-32
-5
18
25
-18
0
25
-15
-3
-44
-24
0
-2
16
-29
-26
-27
-40
-34
-41
-38
-3
-13
-54
-95
-85
-48
-53
-49
-31
-23
-41
-31
-31
1
38
28
-8
-34
-20
-11
43
68
51
66
54
28
50
82
90
53
15
-1
-6
23
37
42
42
24
7
21
36
41
48
44
44
28
42
79
85
72
50
44
16
-1
19
-16
-16
-10
-35
3
5
0
0
-41
-36
-42
-24
21
36
22
6
6
7
52
85
85
48
10
-27
-33
-17
29
53
52
32
-22
-30
-65
-19
-18
-63
-71
-77
-72
-90
-86
-88
-85
-114
-99
-70
-67
-72
-71
-72
-66
-39
-12
3
-17
-25
-10
22
44
49
72
98
63
41
28
25
41
32
33
34
33
35
1
-16
20
16
41
38
10
13
-31
-35
-63
-65
-23
-35
-22
-31
-25
-47
-76
-73
-71
-22
-54
-41
-31
-72
-36
-4
16
4
18
38
45
64
61
52
87
79
51
71
55
41
32
28
29
41
44
9
-1
28
40
45
34
16
19
9
6
13
12
-12
-1
-21
-51
-19
-6
-5
3
13
12
22
37
54
59
28
25
4
-8
1
-6
31
57
76
60
39
24
9
31
38
40
20
-26
-27
-13
2
2
-28
-23
-58
-64
-48
-72
-44
-75
-111
-98
-95
-76
-84
-82
-59
-75
-91
-85
-47
-22
-37
-41
-44
-29
-2
15
39
48
50
-7
-12
42
37
62
55
23
0
-2
6
69
82
9
10
-14
-66
-52
-20
10
3
-60
-76
-81
-60
-67
-76
-51
-72
-67
-83
-50
-11
3
-29
-56
-13
-1
41
75
61
75
43
13
93
127
168
190
163
125
83
86
83
115
109
97
67
31
67
76
58
44
1
-54
-70
-48
-34
-15
20
-3
-23
-47
-58
-38
-8
-14
-63
-48
-18
-10
-27
-36
-5
17
1
33
52
21
73
79
54
13
-20
2
-3
25
37
61
61
17
-13
-11
-33
-41
-19
-51
-50
-96
-121
-79
-111
-135
-124
-113
-97
-130
-117
-113
-121
-144
-164
-110
-93
-89
-66
-4
-16
-5
42
17
48
68
63
98
83
63
35
18
78
86
108
114
70
29
19
61
94
85
75
48
15
55
29
-6
6
6
18
42
59
-8
-25
-19
-60
-28
-6
-32
-17
-6
-44
-56
-20
-13
18
-14
-37
12
-33
-29
13
-9
17
79
55
1
4
5
29
53
47
78
72
36
-9
49
59
3
47
7
3
-10
-4
-7
-22
15
9
18
-34
-45
-25
-7
-16
-35
-14
-20
3
-7
9
61
5
-32
16
22
15
18
-2
-8
-4
-14
2
27
-22
-14
24
-45
-55
-19
-59
-14
-18
-50
-31
-53
-27
-40
-13
-22
-46
-23
16
12
-15
-23
-37
11
-46
-67
-35
-67
-38
-6
-31
15
-8
16
73
45
36
-29
5
3
70
74
28
81
60
72
27
44
24
3
32
-51
-37
-60
-68
-42
-87
-110
-123
-66
-84
-56
-3
-64
-41
-8
-21
18
15
4
21
-28
-27
26
32
18
54
43
41
38
-30
-19
23
46
95
133
115
59
99
102
37
111
88
93
170
109
83
108
111
62
42
63
79
101
64
41
3
-64
-60
-51
-40
-86
-105
-95
-149
-125
-101
-116
-86
-116
-98
-45
-50
-38
-19
7
46
79
3
-6
4
-2
28
-2
7
-67
-57
-18
-121
-123
-165
-103
-70
-116
-74
-148
-99
-43
-7
-5
-32
20
19
18
74
151
190
186
89
69
106
104
85
50
46
39
9
-91
-108
-99
-191
-122
-60
-117
-149
-128
-95
-78
6
13
101
108
90
212
167
165
170
110
63
88
136
71
51
13
-111
-105
-70
-75
-161
-142
-111
-132
-21
-85
-25
13
-15
63
14
142
172
97
156
63
70
86
93
62
11
115
25
57
73
-52
-127
-123
-106
-96
28
-15
-169
-220
-196
-164
-152
-141
-111
-92
-35
-111
-105
47
244
410
270
226
426
698
926
603
73
59
504
1095
815
-225
-895
-354
402
210
-648
-1799
-1510
-263
382
-402
-1727
-1587
-751
236
187
-695
-802
-272
956
1012
117
-175
-46
703
1071
741
97
183
717
764
575
-194
-240
294
458
287
-347
-350
-23
168
-135
-771
-686
-318
207
-70
-496
-253
-277
107
-86
-564
-279
205
405
140
130
-75
75
291
86
203
33
344
498
225
145
-237
18
109
88
157
-108
119
-24
25
80
-252
-111
-68
63
162
188
10
-219
-114
-204
36
126
35
75
-3
154
-97
-190
-146
-125
190
118
101
-47
-139
48
-85
-41
16
38
188
33
-60
-150
-125
-57
-30
162
193
151
11
43
-24
-48
113
-4
109
48
-114
5
-98
-109
-176
-172
-89
-233
-203
-192
-149
-99
-95
6
62
9
32
113
85
141
206
96
86
47
13
143
2
-76
-97
29
157
-51
-146
-213
-142
6
3
18
-34
-90
-19
-12
-111
-257
-176
-35
-1
-92
-196
-54
44
62
-27
-83
-69
37
211
180
153
85
22
272
260
61
128
142
229
207
27
-15
36
63
136
98
-40
20
55
44
-69
-183
-65
67
124
-45
-212
-102
-157
-73
15
-103
23
31
-4
29
-51
-44
94
209
201
81
57
91
32
61
100
25
48
-13
-34
9
-140
-137
-105
-78
-39
-120
-161
-89
-79
-69
36
18
36
-18
-65
-57
-89
-12
-77
-29
47
-125
-42
-18
-130
-17
44
57
7
-73
-38
46
64
-24
-59
23
132
75
-32
-91
-123
-55
-19
73
21
-47
78
16
-18
-11
0
74
91
72
8
-3
-67
-127
2
49
-3
-60
-88
-33
-61
-12
22
26
106
95
85
38
55
53
82
152
131
109
40
44
-57
-66
74
4
46
50
-53
-42
-109
-119
-36
62
53
-45
-15
-33
-74
-29
-21
-42
4
52
-41
-28
-76
-39
136
-28
5
22
27
168
-19
-23
90
148
211
106
50
23
6
50
8
-56
-42
-12
-67
-44
-66
-38
86
-38
-42
-82
-66
33
-74
4
-41
-68
-18
-150
-103
-75
-75
-9
-69
-99
-85
-67
46
57
-39
50
145
67
107
13
-85
32
-7
49
32
-57
-88
-101
38
-112
-194
-64
-135
-58
-22
-91
-19
7
42
106
53
42
116
98
107
82
13
97
86
61
53
6
92
51
53
39
-64
32
4
-2
64
-48
-43
15
1
11
-41
-15
-5
-1
42
20
67
56
26
32
52
51
88
48
15
37
-32
10
-9
-58
-66
-69
-59
-105
-128
-107
-142
-68
-63
-94
31
-2
-20
0
12
41
61
143
137
82
87
135
69
0
15
-3
53
44
-54
-81
-104
-71
-75
-114
-70
-152
-109
-16
-87
-72
-65
-6
16
33
-26
-47
97
54
9
43
73
19
25
35
-48
-6
-14
10
81
3
-29
-10
3
28
-41
-49
-24
-6
41
7
41
6
28
86
26
86
71
50
100
83
25
30
38
-10
1
-5
-25
-35
-60
-30
-47
-106
-76
-87
-40
-3
-44
-50
-62
59
53
16
45
-8
53
86
73
35
-7
-9
9
-21
-60
-107
-132
-16
-18
-88
-28
-71
-75
3
-33
24
34
69
84
32
118
118
108
177
115
35
24
18
27
-7
5
-38
-52
-45
-70
-108
-131
-92
-118
-23
-50
-87
-50
-71
-6
-10
41
23
47
147
102
108
64
20
85
90
104
86
0
31
35
2
-42
-87
-45
-8
-10
-75
-103
-111
-116
-111
-124
-161
-173
-70
-15
-15
32
21
95
154
101
123
65
65
137
80
79
65
59
73
30
-20
-77
-53
-41
-72
-92
-114
-95
-56
-67
-82
-23
-25
-18
59
11
13
24
19
60
17
69
67
63
129
89
73
61
32
7
-31
-3
-22
-45
-12
-24
-32
-90
-86
-64
-100
-100
-71
-64
-79
-38
-45
-29
46
31
71
54
19
101
110
135
83
56
66
51
75
18
3
1
2
-17
-48
-38
-64
-62
-67
-81
-80
-69
-66
-59
-65
-77
-61
-25
15
-7
0
37
59
47
55
63
38
45
50
57
61
53
47
53
48
40
4
-8
9
0
-19
-6
7
-9
-13
-60
-33
-6
-6
4
-10
-9
-12
32
28
26
16
29
44
-9
3
0
-8
-12
-41
-79
-79
-44
-3
-16
-41
-6
-28
-7
23
-40
-46
-28
-9
2
-43
-49
-13
15
6
-8
-16
-26
-5
9
12
16
29
18
8
15
26
13
39
37
-2
16
9
43
49
35
16
9
15
-12
-4
3
2
0
-3
-39
-50
-7
18
6
0
7
6
-4
12
-24
-29
16
34
59
14
28
50
16
8
-29
-14
-9
-20
-24
-44
-53
-51
-37
-25
7
0
-9
4
-12
2
34
35
24
16
21
48
36
19
15
0
3
-18
-31
-41
-25
6
-23
-56
-67
-33
-6
-27
-45
-43
-25
-3
4
-6
10
21
31
27
14
2
12
33
30
40
24
16
30
29
19
38
44
3
8
17
7
34
38
38
36
1
-11
8
45
33
32
25
-16
-30
-37
-36
-13
-12
-59
-52
-66
-69
-32
-54
-34
-59
-60
-29
-31
-15
-32
-5
-18
-16
-3
-25
5
-7
-21
35
37
37
55
33
50
47
39
16
33
22
3
25
0
-3
8
34
18
3
-8
-52
-41
-44
-72
-73
-63
-35
-39
-28
-16
-18
-1
10
5
-23
9
28
28
37
39
42
48
67
78
54
33
47
73
90
63
48
30
41
34
14
21
20
31
44
28
8
-6
-21
-42
-38
5
-39
-63
-66
-74
-76
-98
-66
-60
-62
-66
-73
-71
-78
-77
-31
-37
-63
-22
-18
3
-3
-11
39
59
48
25
34
37
25
25
26
28
26
47
44
46
61
59
51
36
4
3
28
-16
-10
3
-39
-36
10
24
12
16
-7
3
3
-4
7
-8
-6
1
6
1
-24
-16
-16
-50
-39
-23
-6
-20
-43
-21
-39
-45
-32
-25
-2
23
63
70
105
90
74
91
46
42
0
-25
-18
6
9
-9
21
-14
-11
-6
-24
-48
-54
-51
-90
-57
-69
-85
-63
-82
-68
-39
-28
-10
-3
9
14
8
21
-7
-1
3
4
34
30
24
47
76
60
72
62
47
47
25
32
13
-3
2
-13
-38
-45
-13
-12
-41
-52
-45
-39
-52
-38
-70
-85
-67
-60
-25
-32
-19
-20
-19
-28
-19
12
43
127
158
180
194
188
193
173
151
155
149
159
154
99
98
73
47
62
34
35
50
52
53
42
32
32
12
-10
-31
-70
-89
-104
-140
-170
-214
-269
-284
-340
-351
-341
-389
-394
-416
-400
-379
-348
-305
-283
-218
-167
-103
-76
-62
-4
43
98
141
196
260
293
360
424
451
470
487
452
392
385
389
379
326
275
215
98
45
-41
-173
-256
-334
-361
-397
-394
-392
-374
-325
-323
-282
-224
-159
-111
-41
26
81
154
183
222
256
248
278
331
339
345
364
411
388
328
330
298
266
215
139
97
47
22
-4
-19
-26
-57
-73
-69
-84
-98
-82
-106
-131
-178
-214
-223
-252
-259
-295
-312
-273
-271
-262
-267
-274
-235
-254
-275
-298
-291
-276
-308
-326
-286
-203
-162
-75
-21
11
43
94
179
190
202
239
239
217
215
173
149
136
144
113
67
48
12
2
-22
-57
-110
-111
-130
-201
-256
-255
-236
-223
-182
-124
-79
-16
66
95
167
256
325
347
386
427
388
406
406
405
444
432
442
428
410
417
378
337
319
257
164
91
-15
-111
-159
-223
-299
-339
-359
-389
-396
-381
-373
-377
-367
-337
-328
-311
-313
-291
-208
-185
-137
-94
-27
50
117
192
180
231
264
263
265
237
227
198
173
182
181
167
190
198
221
233
189
166
120
35
-45
-159
-261
-332
-398
-432
-509
-558
-599
-661
-643
-628
-643
-641
-606
-543
-497
-483
-427
-370
-357
-335
-272
-192
-135
-74
25
106
197
310
362
435
481
512
567
603
651
708
735
720
738
759
741
692
685
661
577
499
405
361
262
164
167
95
14
-23
-88
-117
-158
-181
-195
-234
-246
-280
-330
-369
-429
-460
-454
-477
-464
-448
-421
-365
-331
-264
-186
-119
-20
60
90
182
223
231
271
278
290
285
262
254
269
285
285
265
250
236
201
141
79
38
-38
-114
-160
-198
-239
-265
-272
-271
-304
-347
-363
-421
-462
-530
-584
-614
-701
-706
-682
-718
-714
-658
-603
-527
-501
-480
-396
-348
-267
-171
-85
35
140
240
341
439
553
673
782
916
974
1018
1038
1007
1022
954
876
834
765
689
634
592
569
508
440
395
320
269
184
113
60
-52
-116
-152
-222
-252
-271
-310
-315
-357
-359
-359
-392
-388
-413
-456
-503
-536
-596
-625
-616
-631
-631
-625
-622
-600
-550
-490
-434
-384
-347
-294
-189
-126
-47
25
68
166
213
272
342
366
383
394
373
345
310
306
285
240
236
213
205
187
173
156
133
123
89
30
6
-16
-38
-32
-45
-33
-91
-83
-71
-104
-113
-123
-96
-74
-33
-24
12
0
29
66
62
111
94
99
94
78
128
143
109
124
132
114
98
82
104
82
75
108
114
109
145
141
86
61
43
55
2
-22
-63
-123
-127
-172
-159
-186
-193
-190
-209
-211
-228
-190
-154
-150
-164
-133
-85
-104
-75
-20
0
-10
0
27
8
27
43
7
-18
-16
-34
-58
-48
-33
-40
-59
-49
-56
-39
-2
-12
-6
-5
-1
16
21
14
33
54
44
65
81
82
76
66
51
48
44
33
31
38
77
116
149
181
201
196
162
162
176
156
161
163
164
156
149
145
123
92
29
4
-50
-111
-129
-167
-223
-299
-371
-415
-435
-460
-495
-507
-521
-545
-558
-566
-505
-421
-403
-372
-281
-187
-142
-61
57
113
219
336
445
520
571
637
663
720
761
789
801
810
809
830
820
786
799
742
705
653
589
495
406
382
270
186
101
-29
-120
-254
-375
-497
-666
-779
-882
-994
-1073
-1163
-1221
-1219
-1242
-1246
-1213
-1158
-1107
-1057
-988
-876
-740
-630
-491
-387
-235
-79
25
171
278
389
475
549
627
671
688
735
772
738
729
680
653
641
570
516
462
373
307
257
169
94
40
-15
-38
0
-19
-45
-26
-38
-48
-41
-23
-18
-22
0
-6
-11
29
56
63
57
73
113
147
209
255
287
325
363
417
467
506
547
564
579
589
556
530
489
425
338
224
155
73
-34
-124
-246
-372
-482
-571
-666
-757
-811
-896
-963
-1025
-1029
-1047
-1061
-1019
-1019
-985
-935
-870
-795
-710
-638
-551
-483
-401
-313
-240
-149
-74
11
86
174
212
285
357
365
405
437
481
505
547
571
552
613
646
652
684
668
637
611
596
581
547
515
497
460
398
355
301
242
208
130
47
-28
-115
-130
-158
-192
-205
-232
-248
-218
-178
-159
-115
-99
-76
-34
-15
23
4
31
84
72
91
75
94
97
77
104
104
95
70
27
-7
-43
-57
-41
-43
-57
-48
-42
-104
-116
-87
-110
-117
-107
-92
-154
-189
-155
-173
-214
-235
-203
-211
-223
-244
-287
-305
-335
-342
-373
-375
-388
-410
-410
-432
-419
-391
-354
-341
-335
-307
-278
-243
-182
-116
-49
-12
61
133
170
240
277
324
344
368
398
407
420
435
466
498
519
527
538
522
522
518
511
458
428
416
375
347
296
284
218
190
140
70
28
-69
-128
-209
-257
-271
-318
-363
-370
-380
-379
-373
-350
-303
-274
-231
-187
-136
-129
-39
9
34
66
60
132
149
168
139
126
125
98
89
48
42
23
-38
-101
-101
-103
-142
-186
-195
-201
-202
-201
-212
-175
-186
-151
-102
-66
-11
32
104
142
212
246
285
333
338
338
339
324
277
242
224
160
119
90
-28
-74
-121
-170
-240
-333
-366
-414
-501
-566
-578
-631
-666
-658
-659
-677
-717
-710
-672
-682
-650
-605
-548
-521
-445
-358
-303
-194
-117
18
120
238
357
478
632
744
847
938
1034
1105
1190
1232
1249
1244
1259
1265
1233
1211
1141
1086
1019
943
821
701
596
429
321
220
88
-26
-143
-279
-364
-461
-587
-641
-728
-815
-889
-937
-940
-953
-972
-971
-955
-945
-953
-932
-861
-845
-799
-704
-641
-574
-518
-464
-389
-316
-219
-158
-105
-45
19
51
82
152
161
214
221
217
212
186
192
205
194
144
147
102
91
108
78
54
60
67
72
61
80
111
131
191
197
224
265
307
327
378
432
428
499
527
518
529
514
516
501
503
478
426
412
370
328
290
222
136
94
54
-10
-65
-147
-225
-282
-342
-411
-479
-552
-571
-571
-582
-592
-597
-580
-552
-526
-521
-458
-412
-343
-287
-250
-149
-85
-22
-6
20
78
110
157
175
221
244
237
243
246
299
287
255
269
231
202
173
155
152
109
76
41
17
4
-3
9
5
8
0
17
27
-7
15
3
-10
44
46
53
43
3
9
-15
-29
-55
-116
-138
-128
-134
-164
-167
-183
-193
-189
-163
-122
-155
-161
-144
-133
-110
-126
-102
-76
-32
-9
3
37
52
87
107
158
202
240
278
281
283
287
316
319
282
283
262
241
222
190
161
101
70
35
-3
-71
-135
-161
-211
-243
-274
-331
-334
-363
-416
-435
-471
-486
-475
-454
-465
-444
-423
-410
-373
-346
-267
-242
-189
-108
-72
30
100
161
269
345
402
471
515
561
611
619
641
708
699
682
702
654
621
591
576
555
514
448
355
325
253
192
156
83
21
-65
-113
-196
-277
-331
-416
-446
-517
-534
-536
-590
-564
-570
-564
-553
-527
-481
-499
-496
-491
-446
-409
-394
-307
-283
-290
-259
-228
-177
-112
-66
-25
-4
-6
6
13
51
66
67
83
92
82
86
97
61
88
82
76
112
104
138
161
168
185
226
276
284
324
356
397
424
426
478
461
486
504
464
459
406
407
388
358
315
246
200
127
78
29
-25
-81
-116
-173
-235
-290
-358
-413
-473
-526
-554
-552
-587
-607
-580
-568
-581
-570
-541
-480
-449
-450
-393
-350
-293
-221
-165
-114
-23
82
138
146
201
291
350
391
404
477
516
526
539
540
542
510
495
477
457
425
390
354
298
282
234
167
147
73
39
9
-11
-22
-79
-100
-182
-177
-183
-198
-184
-204
-190
-214
-211
-214
-209
-221
-202
-176
-210
-252
-256
-244
-264
-281
-302
-289
-301
-305
-312
-298
-256
-253
-223
-203
-219
-193
-181
-166
-131
-116
-54
-58
-33
-5
29
72
57
88
117
156
194
235
247
261
299
312
327
364
370
347
364
372
394
387
363
338
318
316
265
268
239
198
141
105
78
12
25
-21
-50
-91
-123
-136
-184
-195
-221
-275
-289
-281
-266
-235
-240
-206
-174
-125
-142
-123
-57
-44
0
4
46
60
58
63
52
80
63
50
70
56
50
19
-34
-34
-48
-37
-65
-61
-63
-115
-111
-129
-130
-174
-218
-211
-199
-196
-213
-198
-176
-166
-153
-149
-117
-94
-77
-39
-15
32
53
86
146
170
182
190
179
190
203
233
231
206
199
167
145
139
162
132
130
94
70
66
14
5
-39
-50
-53
-81
-120
-138
-126
-133
-104
-109
-117
-48
-14
-1
-6
19
53
63
107
122
164
183
205
216
221
249
221
234
239
217
222
202
182
158
112
90
58
25
-17
-94
-164
-229
-232
-252
-298
-324
-397
-414
-448
-467
-438
-453
-438
-425
-395
-385
-371
-340
-335
-281
-266
-215
-165
-129
-60
-34
30
66
113
216
262
300
353
401
462
447
490
529
521
513
489
485
428
425
390
365
338
295
268
188
172
176
125
111
81
38
14
-33
-56
-82
-105
-179
-222
-258
-320
-351
-369
-366
-423
-443
-400
-407
-435
-425
-389
-369
-378
-369
-331
-286
-261
-241
-196
-172
-170
-145
-86
-32
-34
-2
51
74
113
171
228
231
274
289
298
334
363
361
338
371
369
334
310
296
281
281
264
248
212
179
133
79
89
64
43
10
-4
-9
-35
-58
-69
-101
-134
-152
-170
-196
-221
-206
-201
-192
-193
-187
-170
-158
-150
-133
-95
-74
-89
-88
-59
-45
-29
-8
-15
-15
3
-11
8
4
-13
-6
-29
-13
0
7
22
31
30
39
64
54
51
57
93
63
52
87
45
54
51
45
41
37
38
14
22
33
21
-3
-6
-5
3
-17
-36
-37
-50
-45
-61
-69
-60
-53
-62
-78
-95
-89
-80
-113
-113
-104
-93
-43
-18
-23
-47
-65
-28
-18
-26
11
5
6
-7
-24
22
23
72
80
65
65
42
47
26
80
95
106
111
107
153
135
167
170
133
131
114
114
107
93
93
108
86
20
30
31
35
11
-32
-29
-52
-52
-44
-67
-100
-112
-97
-90
-101
-105
-142
-132
-111
-90
-66
-66
-57
-28
26
6
40
75
38
54
98
86
95
118
137
133
112
121
72
90
82
47
29
18
13
-36
-41
-100
-133
-123
-123
-138
-172
-190
-204
-206
-239
-283
-292
-261
-221
-257
-267
-242
-264
-234
-237
-228
-214
-174
-118
-103
-64
-38
12
20
52
65
91
138
162
180
176
207
223
250
263
286
283
288
295
293
303
311
307
289
293
325
315
281
309
287
253
233
217
172
148
110
81
86
36
10
-13
-18
-54
-63
-84
-129
-120
-133
-146
-161
-176
-183
-170
-168
-177
-206
-194
-195
-202
-182
-171
-178
-190
-190
-182
-177
-190
-181
-170
-148
-175
-186
-191
-192
-190
-176
-125
-148
-164
-176
-175
-160
-181
-162
-99
-108
-109
-81
-57
-14
-11
5
20
39
54
64
84
115
128
155
179
174
195
198
202
233
252
279
301
286
302
321
323
319
332
314
271
258
234
245
265
227
179
161
117
103
39
40
54
-22
-5
-54
-76
-87
-104
-114
-136
-111
-128
-101
-130
-190
-188
-201
-234
-260
-206
-219
-260
-239
-235
-241
-254
-222
-249
-233
-186
-202
-171
-192
-155
-135
-117
-74
-57
-19
-16
-10
10
54
60
70
96
124
127
128
144
171
193
199
222
205
205
186
172
163
148
155
141
136
102
63
61
66
25
-5
-10
-41
-72
-57
-89
-101
-103
-158
-136
-143
-168
-196
-202
-190
-193
-164
-157
-152
-129
-118
-116
-69
-12
1
-2
48
63
61
105
128
163
178
211
253
275
279
251
261
244
233
256
228
230
185
153
174
118
105
66
39
36
-20
-59
-85
-90
-125
-153
-175
-205
-217
-241
-248
-259
-285
-263
-258
-281
-295
-286
-256
-239
-211
-179
-155
-118
-76
-60
-41
-7
38
55
58
71
123
135
158
198
215
245
210
239
209
186
194
209
204
145
148
124
124
94
63
36
4
-22
-38
-65
-111
-108
-106
-126
-142
-133
-130
-158
-176
-145
-142
-149
-123
-111
-112
-104
-102
-92
-43
10
9
3
19
42
63
89
124
120
123
92
96
123
107
112
104
125
97
51
67
70
70
31
44
66
50
60
23
31
28
24
22
8
32
0
8
6
-40
-45
-35
-37
-72
-79
-73
-57
-20
-44
-51
-51
-67
-75
-95
-69
-52
-62
-70
-43
-8
-28
-24
-13
-10
-34
-39
-18
-25
-33
-51
-51
-72
-65
-49
-29
-2
-19
-32
-23
-1
12
48
5
34
61
38
69
84
99
48
48
48
40
23
10
4
-4
-20
-51
-17
-38
-37
-19
-44
-31
-54
-36
6
23
39
43
96
91
98
154
154
145
145
140
133
105
122
116
90
106
56
50
23
25
39
-16
-61
-78
-91
-103
-123
-149
-143
-163
-152
-133
-107
-130
-129
-123
-140
-105
-98
-89
-109
-104
-87
-85
-64
-57
-73
-58
-12
-13
-21
-21
-12
3
23
33
69
72
71
89
115
157
132
148
202
193
164
149
130
135
129
105
111
102
68
59
34
12
-12
-18
-9
-51
-59
-90
-100
-83
-80
-79
-59
-60
-82
-62
-86
-84
-69
-79
-119
-105
-85
-81
-63
-68
-69
-56
-40
-40
-23
-29
-32
-35
-18
-14
0
34
37
24
37
79
111
141
133
157
162
142
129
165
155
120
152
132
117
114
116
89
73
42
-3
-22
-56
-62
-66
-76
-106
-95
-108
-152
-152
-183
-166
-144
-179
-184
-176
-183
-179
-158
-133
-114
-124
-102
-100
-84
-92
-65
-58
-69
-24
-33
34
26
72
68
54
73
81
134
126
167
142
163
133
153
179
180
239
198
180
180
195
179
151
125
97
94
52
46
37
5
-23
-44
-23
-38
-37
-62
-57
-53
-90
-104
-117
-108
-101
-67
-99
-107
-85
-70
-98
-133
-96
-102
-88
-110
-116
-107
-117
-106
-87
-48
-64
-36
-29
-22
-9
3
51
16
10
41
56
51
85
95
79
95
77
100
116
111
114
104
82
104
72
41
68
58
54
32
32
30
3
-20
-25
-45
-46
-69
-92
-75
-98
-93
-84
-85
-97
-72
-74
-84
-83
-97
-91
-86
-41
-31
-47
-25
-7
-15
4
-12
-26
-12
-6
35
25
28
34
47
69
63
40
47
95
83
83
76
86
74
61
94
90
101
101
111
107
52
26
45
-3
-26
-34
-45
-29
-68
-42
-41
-28
-3
-25
-35
-56
-63
-51
-44
-43
-82
-93
-80
-107
-74
-76
-23
-36
-45
-31
-40
11
10
38
31
49
58
68
52
64
104
95
107
117
113
91
76
61
87
66
77
56
39
45
25
37
8
28
-8
-16
-41
-92
-105
-124
-105
-154
-162
-151
-168
-175
-163
-145
-136
-124
-130
-121
-160
-146
-102
-78
-82
-78
-32
-34
-38
-22
42
34
16
54
79
100
94
89
107
110
142
202
201
207
212
222
237
197
160
194
186
155
161
141
133
90
45
12
3
-24
-44
-36
-55
-69
-118
-111
-115
-131
-139
-157
-162
-138
-142
-167
-181
-201
-162
-170
-146
-132
-142
-110
-86
-75
-70
-32
4
18
23
37
42
75
83
100
99
117
136
135
166
143
123
130
130
122
117
90
102
98
83
99
81
48
33
7
7
-20
-56
-47
-80
-89
-95
-107
-140
-136
-129
-130
-130
-145
-127
-112
-120
-105
-73
-74
-41
-45
-57
-50
-14
7
21
57
31
16
29
44
73
75
62
72
78
67
40
67
57
39
62
54
38
18
10
22
44
8
51
79
32
21
5
-2
-6
-5
-7
14
-21
-28
-8
-12
17
-3
-2
-14
-37
-32
-63
-72
-39
-40
-41
-9
-25
-32
-6
-42
-34
-18
-31
7
25
48
41
39
50
38
73
117
121
79
60
60
70
83
68
65
51
51
25
13
21
3
-20
-28
18
-5
-5
-7
-19
4
-23
-38
-47
-61
-88
-88
-111
-104
-126
-151
-144
-160
-149
-157
-152
-155
-130
-128
-163
-137
-114
-126
-123
-115
-66
-44
-42
13
21
58
43
27
76
74
107
106
108
122
155
152
126
139
105
136
127
103
121
123
149
132
132
145
122
129
127
103
97
98
88
77
45
46
63
47
69
67
34
4
0
4
-19
-25
-29
-26
-42
-90
-64
-56
-72
-73
-61
-54
-60
-29
-67
-81
-72
-73
-48
-41
-58
-72
-73
-81
-92
-91
-84
-120
-141
-105
-95
-79
-53
-66
-68
-64
-43
-44
-59
-29
-52
-86
-70
-78
-88
-71
-73
-67
-53
-86
-91
-70
-66
-69
-66
-47
-74
-57
-49
-40
-46
-47
-11
-26
9
39
43
44
53
92
115
132
140
133
181
225
222
255
299
274
278
315
300
321
305
300
303
294
303
277
259
250
215
178
165
123
87
69
46
23
-19
-32
-63
-135
-149
-170
-191
-231
-286
-300
-325
-364
-394
-408
-396
-397
-405
-383
-414
-420
-406
-382
-337
-306
-281
-245
-199
-176
-146
-119
-105
-84
-25
13
24
60
105
127
182
227
224
212
227
294
300
300
310
328
298
313
312
291
291
234
225
194
173
131
144
130
83
66
2
10
-15
-48
-57
-87
-94
-142
-141
-111
-132
-143
-148
-157
-136
-114
-132
-129
-155
-142
-148
-133
-82
-65
-47
-72
-16
-4
29
23
-2
37
22
71
119
128
156
157
140
169
155
136
117
113
152
136
91
77
59
27
21
16
15
10
1
-21
-48
-81
-59
-38
-73
-62
-71
-98
-120
-146
-126
-120
-132
-141
-157
-120
-110
-105
-73
-83
-105
-95
-53
-67
-59
-57
-50
-14
-38
-25
-15
10
-2
-19
7
-6
4
11
18
-3
-8
11
-8
1
25
27
23
28
12
31
34
12
48
65
71
47
50
61
43
63
50
45
45
79
92
33
42
38
50
73
79
100
66
73
77
42
75
79
60
54
35
57
78
75
67
84
62
67
57
37
83
58
52
54
46
44
58
50
61
54
41
34
-2
12
-16
-17
-47
-64
-81
-94
-62
-115
-151
-151
-164
-176
-195
-207
-210
-242
-234
-258
-243
-230
-290
-288
-269
-266
-277
-250
-226
-218
-208
-162
-117
-75
-47
-9
22
36
32
10
72
102
161
184
198
224
190
224
227
217
259
250
246
261
245
246
235
245
256
236
220
193
170
159
127
148
122
89
80
51
98
25
8
36
37
32
-27
-22
-57
-47
-60
-56
-48
-79
-67
-110
-111
-97
-86
-85
-102
-121
-111
-120
-139
-130
-118
-83
-91
-74
-76
-100
-97
-86
-87
-58
-55
-82
-70
-66
-62
-80
-59
-37
-42
-35
-25
-54
-44
-16
-13
14
9
-9
0
-14
-40
-38
-40
-50
-34
-19
-41
-52
-59
-57
-44
-29
-44
-45
-7
-14
-31
-15
16
35
28
30
55
76
82
59
77
104
95
120
126
135
157
168
180
186
179
186
221
217
189
170
139
165
168
158
138
128
117
70
54
39
33
4
-21
-49
-81
-115
-135
-141
-143
-158
-152
-165
-208
-218
-249
-243
-243
-210
-211
-192
-155
-145
-108
-139
-108
-85
-84
-60
-73
-59
-51
-41
3
-13
-10
-22
-39
25
16
28
71
85
102
83
88
92
95
96
104
141
113
114
146
148
150
126
104
94
115
116
101
76
40
46
38
-1
4
6
-26
-20
-23
-30
-57
-66
-47
-70
-52
-55
-65
-73
-88
-73
-70
-108
-110
-74
-77
-49
-56
-66
-32
-29
-15
-10
-16
-28
-31
30
28
22
44
51
61
57
69
70
82
61
78
62
50
64
76
82
67
84
44
37
46
32
29
6
-24
-25
-30
-43
-72
-73
-68
-110
-110
-86
-87
-120
-105
-90
-80
-38
-29
-35
-42
-45
-66
-49
-23
-51
-48
-25
-11
3
18
41
55
59
75
75
64
91
68
60
80
79
103
89
100
72
62
91
64
16
-3
-23
-36
-25
-25
-3
-41
-39
-54
-73
-58
-85
-74
-75
-44
-34
-64
-40
-28
-38
-33
-41
18
54
75
47
23
72
45
53
57
63
79
70
85
93
83
71
73
85
92
86
81
77
70
18
29
15
-24
-5
-49
-45
-46
-76
-108
-121
-107
-124
-111
-126
-137
-140
-186
-183
-148
-137
-136
-132
-143
-143
-168
-129
-95
-106
-68
-40
-1
-27
-24
12
36
40
63
118
111
107
101
119
139
171
205
210
163
189
208
156
180
122
128
148
106
134
122
93
73
70
44
-13
-4
0
-25
-42
-59
-48
-69
-66
-42
-70
-78
-72
-76
-69
-91
-61
-54
-60
-45
-92
-70
-89
-76
-32
-70
-73
-69
-65
-67
-79
-78
-62
-56
-55
-48
-82
-81
-13
-1
-12
19
32
22
25
47
55
51
93
97
90
95
85
45
16
43
63
69
58
59
44
28
12
18
3
3
20
-22
-1
1
-12
-36
-38
-18
-63
-59
-51
-57
-87
-88
-69
-79
-67
-47
-37
-59
-55
-47
-46
-27
12
26
20
42
64
75
79
94
105
108
70
86
113
92
107
108
69
53
64
85
90
42
50
58
25
22
-3
-13
-10
-44
-51
-63
-81
-78
-72
-74
-86
-70
-91
-106
-87
-72
-92
-133
-75
-89
-95
-45
-61
-40
-67
-77
-31
-28
-28
-6
7
6
-4
-16
7
38
38
50
56
53
69
75
85
90
78
72
59
42
54
51
30
12
28
45
31
3
-1
14
3
35
28
34
15
6
45
25
15
19
19
-10
-2
-26
-34
-28
-61
-48
-59
-40
-26
-13
-19
-58
-43
-56
-61
-34
-28
-9
18
-4
3
14
-3
-6
-15
20
9
9
25
16
41
26
20
40
31
25
28
28
31
34
40
37
25
20
13
7
-1
9
2
-42
-50
-52
-74
-86
-73
-31
-24
-21
-19
-35
-35
-58
-71
-89
-76
-33
-32
-47
-36
-6
-17
-51
-28
-27
-24
-3
5
21
15
16
36
36
26
60
69
91
89
73
98
97
79
79
88
57
44
48
53
58
63
73
48
13
4
-27
-23
-24
-50
-11
-24
-37
-44
-56
-37
-63
-60
-62
-71
-18
-6
-5
-14
-22
-38
-48
-26
-37
-17
9
12
-22
-15
-7
-16
29
16
-6
6
22
38
1
16
44
32
23
29
72
40
32
51
46
38
18
12
-6
7
9
-6
5
4
-1
-6
-38
-64
-47
-30
-62
-69
-16
-39
-79
-83
-63
-57
-75
-70
-84
-33
-56
-83
-29
-25
-23
-38
-15
-32
-28
-1
2
21
29
54
45
45
37
56
53
32
66
76
68
54
57
19
50
98
75
126
135
101
93
66
68
71
44
45
37
-2
-9
-17
-42
-18
-35
-57
-29
-25
-26
-49
-55
-44
-35
-32
-26
-40
-57
-69
-70
-68
-76
-63
-62
-32
-61
-99
-60
-34
-43
-42
-16
-26
-19
1
23
24
28
48
45
42
53
67
67
54
40
44
22
25
50
66
51
32
36
45
32
10
29
0
4
12
-12
-28
-42
-40
-43
-25
-25
-50
-57
-32
-57
-69
-54
-35
-14
-33
-43
-49
-45
-60
-33
-19
1
23
10
60
38
38
24
16
42
32
68
74
43
9
28
56
57
48
52
54
34
6
-5
24
-1
12
1
-39
-25
-37
-15
-40
-35
-30
-70
-51
-72
-60
-63
-69
-56
-43
-50
-71
-28
-25
-12
-16
-3
-2
-31
-9
-2
12
10
44
58
35
48
28
32
65
64
69
104
109
95
112
88
93
91
78
97
77
62
41
19
48
40
-10
18
13
-23
-29
-65
-96
-85
-53
-63
-76
-64
-70
-86
-63
-75
-101
-77
-52
-38
-22
-31
-40
-50
-44
-53
-65
-45
-62
-67
-75
-51
-53
-54
-16
-10
5
-13
-31
-19
-8
7
23
47
45
42
58
24
39
63
55
73
89
101
82
82
87
68
51
51
33
47
43
10
38
42
-2
-23
-20
-68
-73
-57
-46
-55
-57
-24
-9
6
-18
0
-2
-35
-40
-6
-15
-66
-45
-10
-35
-29
-9
-24
-16
-9
19
39
57
64
71
44
59
89
91
94
54
78
57
60
47
44
51
28
39
63
82
48
47
28
-11
-25
-38
-44
-5
-21
-55
-57
-68
-65
-83
-82
-80
-60
-68
-62
-46
-67
-56
-79
-73
-82
-85
-59
-76
-50
-68
-78
-57
-37
-43
-30
25
-3
-20
7
16
13
5
9
39
13
6
12
31
53
29
47
53
47
34
18
28
32
22
39
38
36
27
-19
11
15
26
28
4
29
1
-14
10
-4
12
25
6
41
29
-1
25
50
22
-5
-16
3
27
9
18
-6
5
25
9
35
12
7
8
-13
20
12
28
18
12
25
41
37
8
58
7
23
6
4
49
11
20
23
31
13
15
17
9
-4
-3
-23
-38
-30
-21
-34
-65
-70
-95
-91
-129
-114
-69
-54
-76
-92
-59
-77
-80
-62
-62
-40
-51
-62
-31
-37
-43
-35
-30
-47
-12
-3
-25
-9
16
19
-4
29
37
58
35
7
19
34
44
38
63
54
72
60
32
49
31
5
-4
4
0
26
47
22
2
-9
-1
28
55
23
27
49
11
35
57
58
60
51
45
41
54
55
59
66
36
49
73
50
44
-10
-26
0
-35
-18
0
-3
37
0
-20
-4
-6
2
-5
3
-6
-11
-3
-13
3
1
-31
-27
-38
-41
-70
-79
-53
-63
-76
-126
-118
-114
-138
-98
-67
-57
-52
-41
-41
-58
-27
-7
-30
-5
15
7
16
16
0
29
36
6
6
-5
4
12
7
8
13
2
-7
-13
-15
16
18
-5
8
23
26
46
17
18
20
36
52
35
30
39
57
36
15
-6
-8
-10
-6
-19
-3
16
19
32
12
29
29
26
22
15
19
21
34
42
40
58
82
61
59
63
41
25
26
50
41
39
27
6
-35
-47
3
1
-7
-10
-4
14
18
-14
-1
-8
-28
-12
-59
-66
-50
-46
-51
-45
-49
-32
-31
-71
-85
-78
-65
-48
-59
-75
-56
-56
-44
-58
-73
-73
-66
-59
-63
-50
-37
-23
11
2
-16
10
25
25
30
37
48
23
44
43
-7
-1
-3
36
37
28
23
29
48
34
47
55
43
79
74
34
32
47
54
47
78
55
56
45
34
45
31
44
19
-11
-5
-3
-15
-22
-13
-10
-63
-42
-19
-13
-16
-23
-16
-12
-3
-29
-1
32
6
4
-3
-21
-17
-34
-3
6
-19
-50
-14
-26
-47
-42
-73
-41
-56
-46
-43
-41
-32
-1
7
5
9
-8
15
26
25
43
65
48
54
26
6
17
29
12
-14
-22
-20
10
3
11
4
27
38
15
19
29
10
7
14
11
5
-13
11
-28
-21
6
-23
-24
-39
-50
-10
-21
-53
-20
-28
-51
-47
-19
-28
16
28
-13
0
-9
10
-4
1
0
-5
20
20
31
14
16
-19
-4
32
12
25
18
13
-9
5
15
28
41
25
24
12
-1
-22
-48
-34
-9
-14
-7
-10
-3
-10
4
10
24
30
-10
-19
-35
-6
0
-4
-1
-15
-22
-11
9
3
-25
2
24
-7
3
4
22
6
10
30
22
35
16
12
30
30
22
5
6
12
32
32
12
34
24
0
31
35
-9
-15
-29
-6
-54
-55
6
-5
9
-19
3
1
-1
7
14
3
-35
-37
-38
-26
-25
-17
9
9
5
-8
-33
-29
-38
-36
-53
-10
-5
-15
-15
-9
3
-13
6
-18
-5
-18
-3
-15
-4
1
3
41
54
53
17
16
-14
-8
-3
-11
-9
1
3
-20
-29
-20
-12
7
24
19
9
-22
-12
-13
13
-3
17
14
-29
-23
-38
10
3
-6
-16
12
20
3
10
-5
37
19
41
29
15
18
2
42
20
33
23
34
28
1
31
29
18
14
34
35
14
5
30
-2
-7
7
3
3
-13
-8
-2
3
7
9
-4
-10
-15
-2
-25
-22
-18
20
-2
-29
-7
-24
2
10
43
-15
-13
-9
-4
-5
-45
-57
-70
-48
-73
-54
-43
-40
-64
-31
-25
-32
-7
-16
-1
-16
7
15
30
44
31
37
25
13
11
-21
-7
-16
8
27
1
48
32
40
11
-10
4
-16
-12
20
35
16
2
-4
16
33
27
13
44
44
74
64
22
13
-41
-41
-11
-13
-41
-23
-13
-42
-29
-13
-5
5
-39
-25
-21
-21
-11
-44
-43
-73
-35
-29
-25
-15
-28
-16
10
25
6
59
29
20
21
2
8
18
60
-1
-2
24
26
38
-2
19
28
29
44
17
31
26
-3
14
18
16
0
-18
-6
-7
-3
13
25
29
57
34
37
58
32
42
55
61
40
15
-16
2
-9
-11
13
-27
-35
-22
-21
-50
-45
-42
-60
-53
-44
-33
-42
-24
-32
-60
-38
-18
4
-2
-28
-15
-16
-26
-22
-38
-18
-16
-40
-28
-28
-53
-67
-56
-48
-29
-14
-7
-32
-13
24
19
27
10
-1
-1
7
-18
-20
-6
1
10
13
26
13
32
40
50
60
61
55
48
32
19
42
18
15
35
51
38
35
47
38
47
48
49
32
40
15
-1
12
8
32
25
0
-18
-28
11
43
-30
-31
2
12
2
-38
3
9
-22
-22
-4
-15
-29
-17
-34
-53
3
9
-9
-11
-34
-30
-56
-33
-29
-21
-19
-33
-19
-38
-6
-8
4
11
-9
-5
-19
-3
-6
15
40
13
-9
1
33
9
-20
-38
-40
-28
-35
-16
-14
-2
-10
-20
-14
-34
-18
-9
-4
-4
7
4
9
18
22
42
15
37
20
-20
0
16
29
0
12
28
16
33
17
25
29
3
6
-19
-15
-19
-7
15
7
8
19
38
29
26
22
20
-3
10
7
3
24
54
56
36
56
16
6
-6
-6
-25
-37
-18
-25
-41
-59
