42
6
-17
4
-2
-44
-37
-25
-38
-31
-19
-9
3
-9
-31
-34
-8
-4
-19
16
0
-22
-13
-19
-28
-15
-5
-24
-8
32
18
-5
-4
-12
0
-22
-24
-41
-35
-16
-28
-30
-31
0
-16
0
-3
-18
-3
3
5
9
31
11
11
27
41
41
15
18
28
30
16
15
54
34
47
38
0
15
-6
16
1
0
-5
-9
10
3
22
18
40
48
40
7
7
18
-14
-12
-10
-8
2
25
12
-3
-15
-23
-24
0
9
-3
28
-15
-32
-62
-58
-19
-46
-14
-48
-51
-26
-24
-30
-33
16
-7
-22
-14
-3
-25
-42
-5
12
-1
2
15
14
13
25
37
27
26
-14
-23
-7
3
7
-13
9
-13
-28
-18
-26
-4
-5
-9
21
29
4
6
9
-12
8
13
21
15
-5
10
-7
4
22
10
5
12
18
10
13
44
36
-18
-7
-7
-22
1
-1
13
34
27
23
41
50
66
38
-5
3
-3
-10
-6
2
-11
-31
-33
13
-10
-55
-22
-8
-20
-50
-36
-24
-28
-29
-9
-14
-25
-27
-28
0
-19
2
-9
-29
-6
8
4
-9
16
29
14
-6
29
34
10
16
6
13
3
0
-29
-22
3
-22
22
22
15
27
36
45
9
13
0
29
43
-6
14
18
-2
2
0
-10
0
11
6
30
40
19
8
13
-1
-31
-25
-16
-10
0
-7
-29
-31
-34
-38
-61
-43
-17
-38
-16
-18
-33
-15
-5
4
-1
-26
-22
-16
-16
-31
-26
-14
-5
-17
-18
16
-2
13
35
43
32
32
24
3
9
8
17
20
18
19
21
32
9
0
20
11
13
7
3
23
48
27
24
2
-29
2
7
22
14
-12
0
32
-2
-17
3
14
31
-6
-8
-11
-15
-27
-48
-11
-15
-31
-6
-19
0
16
-12
9
7
-6
-2
3
10
2
-26
-24
3
0
7
6
3
13
0
1
7
32
10
-18
2
-1
-26
-30
-13
3
2
-15
-1
-4
-3
-7
-30
-23
-22
-38
-1
22
-22
-18
-15
-26
-4
-29
-33
3
1
0
-13
-10
-2
1
27
30
31
12
-16
11
-3
1
22
29
45
13
7
0
11
19
9
18
33
40
38
34
28
34
10
29
31
7
17
3
6
7
22
15
-3
0
-10
-10
-1
-16
-40
-48
-52
-38
-56
-52
-54
-70
-50
-44
-52
-55
-33
-20
-30
1
13
-7
19
10
2
11
3
1
21
25
17
50
48
41
42
19
27
39
-9
6
12
12
15
-3
36
3
-14
-3
22
42
20
13
-4
-3
-19
-5
15
-14
-16
-24
-13
9
-3
-11
-23
-15
-21
-28
16
13
-5
14
29
29
1
-24
-20
2
-6
-17
-9
9
-3
-13
19
14
3
-12
0
12
9
-5
-5
5
-4
8
9
26
33
10
-16
-4
13
10
-4
0
-10
-44
-47
-42
-47
-57
-32
-35
-24
-19
-35
-29
-26
-26
-9
34
24
-12
-17
-16
-7
25
-19
-31
-2
6
22
28
28
24
35
33
58
35
19
16
13
11
12
32
0
-1
26
27
27
49
20
1
23
-1
-9
21
22
23
12
-15
-10
-9
-13
-25
-19
-28
-28
-18
-1
4
-12
15
-2
10
10
-25
-12
-1
7
10
-17
-31
4
33
-8
-25
-14
-20
-38
-28
-15
-41
-1
-2
-19
13
8
-3
22
27
34
38
13
39
9
0
15
7
19
-4
9
3
7
0
8
16
-32
-35
-40
-28
-16
-10
-19
-26
-15
-44
-35
-16
-27
-39
-37
-15
-9
-7
-9
-26
-19
-14
13
25
0
6
1
3
-2
14
-16
0
15
-10
18
7
61
60
60
68
70
51
38
51
31
66
34
14
-2
-6
-13
-17
-3
-12
-22
-15
9
-12
-11
-29
-5
7
-19
-29
-22
4
-25
-22
14
26
-1
-3
28
-2
-34
-29
-24
-6
-7
1
31
9
-4
11
41
4
-7
-10
-35
-15
-67
-51
0
-1
-7
8
-5
-11
1
0
22
23
0
-16
6
7
19
5
-13
4
-6
-7
10
0
7
-11
-19
19
16
-6
-10
20
25
9
-1
19
9
6
-1
0
9
-27
-29
-7
6
-17
-12
-9
6
-18
-25
1
-3
-10
-26
-6
-3
11
3
-9
-13
-6
-9
-28
-19
-7
-14
0
18
16
7
-3
23
1
-15
-13
-6
-2
25
21
10
36
16
31
32
20
-4
-6
0
11
3
19
55
38
47
28
20
22
21
20
16
16
7
-7
-6
7
15
17
3
5
1
6
-13
-20
-30
-48
-28
-5
15
-24
-2
3
-19
1
-1
3
0
8
-6
-3
4
-18
-19
-12
0
-18
-34
-50
-55
-39
-60
-61
-49
-20
-23
-36
-13
-20
-22
-12
19
20
16
20
19
19
28
26
29
50
28
6
3
7
-3
1
-7
-15
-32
-28
-39
-16
18
1
15
-9
13
13
-6
30
46
14
15
42
20
10
-9
4
16
4
-22
-19
-6
-1
14
12
29
-4
-13
-3
7
44
29
10
20
32
7
12
21
35
56
15
20
11
-13
16
13
16
-25
-23
-18
-39
-6
-25
0
-18
2
11
-3
-9
-57
-49
-56
-31
-25
-20
-26
-25
-37
-28
-9
-8
43
30
-2
-15
0
14
4
9
30
16
18
27
9
-17
-17
8
-10
-27
-23
-10
3
-14
-15
-6
-32
-1
7
-2
3
8
12
6
25
7
1
9
22
7
-12
-1
4
2
9
10
14
32
10
2
13
15
-6
-19
19
1
-9
19
19
11
8
-2
-17
-17
-9
-13
-1
21
8
18
10
7
-10
-16
11
-9
7
-6
-30
-3
22
0
-7
0
5
-5
-16
-13
-21
-26
-37
-12
-16
-32
-16
1
-5
-30
-44
-31
-16
-17
0
8
18
22
27
20
4
12
-4
16
53
15
6
14
36
16
-6
10
-28
-26
-25
-21
2
16
-10
-4
23
8
8
15
50
42
0
10
21
36
39
32
9
-6
6
7
10
-9
-13
-16
19
19
-18
-5
-41
-35
-22
-44
-36
-15
-21
-41
-26
1
5
4
20
29
28
5
8
22
17
3
3
14
17
26
19
-7
-1
-12
-19
-2
-21
-30
-30
-26
-34
-31
-36
-29
0
-6
-10
3
1
19
25
29
53
42
32
-4
15
15
-19
-20
-21
6
-15
-28
-10
-10
-13
-25
-29
-13
-15
-5
-5
10
3
-2
6
9
18
-9
9
-6
-12
-11
9
22
13
15
-14
-13
-22
-9
-23
-7
3
-5
1
-6
17
-2
1
12
25
14
3
3
-3
10
-13
19
25
13
18
-17
-5
6
-4
18
28
3
-6
9
28
26
-4
18
20
-3
10
7
20
13
5
3
3
12
-15
-10
-3
13
16
-3
-30
-39
6
-15
-29
-1
0
-10
19
37
34
-5
-10
28
5
-19
-27
-30
-50
-35
-11
-3
-4
-3
8
-2
-11
-2
11
12
2
-2
-3
-19
-19
-28
3
2
2
19
5
19
7
17
12
8
32
12
-24
-4
-10
-20
-7
-4
-1
-18
-10
-7
-34
-33
-34
-41
-25
-29
-7
5
19
7
10
16
16
40
5
8
-18
-25
-1
-1
26
24
30
12
9
15
2
8
-1
14
9
-36
-6
7
-32
-22
-32
22
22
-8
22
7
20
11
25
15
29
25
20
39
5
-8
-29
-9
-9
6
10
6
-5
13
32
8
22
-1
10
22
27
22
18
20
-9
19
24
-2
5
-6
-6
-25
-23
3
-17
-41
-37
3
-8
-53
-14
-30
-75
-77
-65
-38
-88
-65
-64
-44
6
-34
10
19
14
3
-17
13
35
38
42
54
44
39
42
67
64
22
23
34
35
13
-9
-7
4
6
17
16
12
-5
-46
-67
-40
-29
-51
-13
16
9
1
8
12
-15
-35
7
9
5
9
-14
16
20
50
39
45
61
15
39
9
-3
3
-32
23
-16
-11
-21
-55
24
-19
23
10
4
11
-21
44
-25
2
4
-12
40
-15
0
-21
-29
-47
-57
6
-35
-15
-33
-54
-22
-17
-6
-52
-35
23
2
-19
-16
-43
-14
-54
-19
-16
-30
-30
-53
32
-34
19
10
22
41
-9
74
30
43
28
44
55
12
28
24
62
67
11
41
34
35
81
48
55
40
34
16
34
16
-9
-13
-52
-9
-53
-38
-2
5
-12
-25
18
-13
7
-40
-47
-43
-78
-13
-34
-28
-21
-9
38
3
2
1
-22
13
-20
-20
-12
-44
-44
-67
-20
-13
33
-9
9
57
12
73
-44
16
-19
-31
15
-50
11
-31
55
10
6
25
16
40
-10
13
5
7
4
19
35
7
-48
21
-2
-18
-4
17
52
-36
-1
2
2
-50
-63
-22
-49
-31
-26
6
11
-22
-24
17
-5
6
0
-18
16
13
36
33
57
34
8
44
11
44
29
31
61
-43
40
4
11
21
-64
33
-34
22
32
-19
27
-78
-3
4
-30
-4
-77
68
-33
-4
31
-54
92
-75
38
6
-25
80
-37
56
-82
-12
64
-61
26
-71
10
-9
-75
46
-94
41
-31
-16
99
-52
90
-52
-9
20
-12
85
-79
61
25
22
30
-53
48
-59
42
46
-34
13
-30
66
28
-54
-4
-40
32
-52
10
-3
-104
34
-79
-5
-46
18
-43
-47
41
-52
65
-106
-5
-28
-70
-21
-26
7
-68
50
-8
-23
-13
10
31
-5
85
12
16
30
42
116
-18
16
21
-8
51
9
28
22
54
13
50
107
-12
29
40
67
59
-44
31
23
0
-8
-42
17
-62
-55
28
20
0
-93
-24
-42
-18
-23
-40
42
-59
40
-18
4
4
-80
34
0
12
-7
-25
-25
26
-13
20
80
-83
-48
-10
55
-26
-56
38
-22
85
-41
-4
-85
-18
47
-63
103
-151
95
-3
-14
73
-131
77
-136
125
-9
-64
49
-75
121
-103
69
-81
-66
35
-105
108
-78
7
0
-20
43
22
34
-50
114
12
23
109
-1
66
20
39
36
41
8
54
63
-102
59
-55
30
-50
-63
47
-151
26
-101
49
-53
-14
39
-151
97
-133
56
-32
-67
81
-104
118
-66
71
65
-48
24
-84
125
-78
-7
22
9
139
-139
37
-23
-94
34
-127
55
-110
-25
85
-45
143
-156
172
-9
8
189
-162
217
-152
115
9
17
148
-176
293
-73
136
-64
-135
206
-161
74
-103
51
90
-94
194
-33
66
-5
-24
65
-111
77
-42
4
11
-61
57
-47
-77
-3
-93
-8
-92
-104
4
-169
18
-183
29
22
-143
113
-121
128
-98
6
134
-167
118
-111
81
-33
18
58
-79
189
-221
173
-65
-120
93
-170
83
-60
23
-2
39
59
1
37
-5
62
44
-19
0
-22
-10
127
-66
59
-47
-82
124
-87
75
-153
87
51
51
110
-152
202
-105
166
-58
28
53
-176
271
-138
151
-4
35
108
-146
133
-192
170
-128
-136
215
-178
99
-79
101
-97
28
18
-32
151
-246
103
-115
199
-76
-42
129
-127
111
-155
219
-85
59
31
-180
125
-240
32
-4
-22
-36
-82
86
-64
-34
-22
39
15
-29
-158
26
47
-33
45
-2
100
-31
79
7
-109
-41
-59
87
2
-82
29
104
115
-80
53
43
-59
42
-102
55
-23
42
80
-58
-37
-76
5
-61
-82
-134
3
52
-60
-44
1
-18
28
113
-16
110
-94
-18
45
57
57
-70
217
-110
189
-11
-121
108
-112
125
-75
69
64
7
-11
-60
21
-35
35
-5
22
4
-21
46
66
-96
-8
6
59
72
5
-17
-24
89
-168
135
-150
121
112
-189
255
-239
320
-182
-107
129
-230
378
-299
6
-114
-28
269
-259
283
-248
-21
217
-278
152
-212
47
83
-100
24
-106
202
-81
11
-27
-79
130
-164
84
-11
-29
50
-121
150
38
48
-47
-10
177
-252
24
-99
-178
147
-310
212
-108
-79
107
-269
170
-240
233
-109
-68
227
-147
273
-74
-15
59
19
197
144
-74
-65
63
-82
1
65
47
17
64
238
-51
8
-36
33
124
-268
93
-51
-140
96
-89
85
23
-8
-35
-104
71
-147
244
-84
9
138
-204
276
-226
194
43
33
-15
-122
357
-431
174
-181
-49
304
-499
328
-290
17
114
-70
358
-386
130
-334
43
115
-285
223
-99
29
-7
-6
-70
-94
-51
95
206
-113
19
14
175
24
-34
250
-145
81
-210
137
-49
-35
278
-111
142
-203
141
-115
-8
-73
-2
159
-302
249
24
85
-74
-112
43
-131
202
-250
158
-6
-22
186
-44
36
-347
188
-44
141
-97
-47
56
10
114
-437
186
-259
3
58
-293
166
-96
164
-92
-26
173
-185
141
-182
0
117
-96
43
122
194
-53
-141
21
-3
-113
88
-34
216
-157
217
322
-176
95
-278
207
-44
-127
221
-130
98
-3
152
-121
-66
-19
-240
282
-287
136
-21
7
127
27
333
-228
104
-146
240
63
-200
72
-6
113
-199
-40
21
-54
44
8
-122
-22
89
71
27
-201
-90
143
-4
-46
-174
6
144
64
7
-130
-4
-142
-38
141
-45
201
-77
-43
66
-138
253
-25
-117
11
-17
51
-86
-188
40
24
113
78
-66
-61
-130
-111
-142
-19
71
185
19
6
-48
34
-33
-20
-104
-19
-65
-133
251
-19
194
-181
34
24
-100
126
-116
285
-429
209
201
-113
165
-368
531
-139
-133
-4
-51
379
-406
146
118
138
66
-447
131
-64
25
136
-25
163
-257
404
-31
-124
105
-356
401
-328
135
166
-64
128
-294
327
-290
-11
145
-203
247
-315
318
79
-265
178
-477
525
-34
-103
285
-255
333
-302
115
-31
-72
11
-221
331
-365
51
-40
-18
13
-176
181
-183
173
-241
-26
-83
-40
141
-210
131
-114
57
143
24
74
17
-229
-13
69
31
-57
85
14
180
186
-278
-29
-189
235
-185
285
176
-255
361
-224
428
-244
-133
123
-272
414
-406
255
-7
-47
431
-473
94
-274
-42
107
-240
504
-252
52
216
-130
235
-570
167
19
-17
80
-315
93
-222
211
185
-79
-348
67
145
74
-222
-16
-7
-148
379
-401
507
-211
10
304
-359
202
-208
302
-326
202
158
-84
275
-183
137
-287
-189
-44
99
364
1
-38
-106
127
206
-336
91
-337
252
-58
7
371
-490
533
-439
454
-234
21
350
-566
312
-376
509
-140
241
-238
-9
6
22
384
-436
305
-521
547
-450
242
98
-229
262
-801
913
-455
220
-393
-171
371
-351
456
-527
177
-292
178
112
-202
-47
-62
108
-109
40
-98
222
-163
210
-125
-9
11
7
153
-264
172
-218
106
214
-61
196
-231
-122
326
33
-20
-98
91
-81
242
32
-153
205
-340
283
106
14
-275
56
-37
-255
500
-366
341
-244
-47
224
-229
387
-568
365
25
128
-10
-195
333
-307
343
-292
264
-235
-241
195
-367
85
-170
245
-137
56
69
63
-90
-115
138
16
-196
56
290
-302
523
-664
341
46
-63
428
-365
490
-548
743
-627
163
34
-643
643
-465
449
-288
123
-42
-159
197
-174
179
-232
30
218
-313
141
-158
144
205
-632
559
-90
63
-111
-120
157
-272
495
-353
311
-430
-301
520
-311
128
-235
438
-103
196
185
-188
164
-655
237
76
-18
110
-176
275
41
-235
249
-230
204
-202
-51
315
-566
494
-509
389
113
-272
310
-341
476
-568
423
-223
-89
534
-356
522
-683
155
-57
72
-234
-181
565
-511
736
-389
453
-210
-254
300
-488
440
-462
705
-299
161
139
-165
220
-420
205
-365
50
-471
479
56
53
68
31
375
-336
155
-701
60
-449
268
470
87
215
23
254
-235
21
-429
-27
-157
268
-141
18
186
-290
434
-175
-83
-42
-224
172
-198
-48
-297
358
302
-557
873
-537
-249
10
150
218
-503
544
-356
798
-502
271
104
-872
540
-759
1073
-784
203
183
-279
930
-836
1105
-1033
291
235
-411
535
-1175
635
-59
257
221
-255
445
-264
-108
21
-217
-187
-106
269
103
-46
-1
-26
155
-349
-87
85
-37
88
269
148
-92
16
-172
198
-270
-126
132
-100
201
-57
335
144
153
-299
-56
17
-199
-231
-158
153
173
425
-291
451
-410
173
-115
63
30
-415
659
-476
743
-569
274
-138
-165
604
-704
656
-714
336
-224
-144
-62
-216
490
-864
766
-446
150
-53
-117
-137
-180
523
-614
885
-450
305
-83
-163
-246
-316
248
-473
772
-163
161
139
67
-215
5
-141
48
34
-309
449
-109
336
-118
231
31
-18
-134
-329
145
-253
377
-16
205
16
141
-351
-34
442
-573
761
-120
202
13
-420
70
-157
225
-426
453
131
-156
195
-292
25
79
-290
332
-240
178
6
-243
67
-511
429
-91
-14
-161
508
-29
40
88
-231
-100
-298
5
-280
197
-521
627
2
487
-188
-102
145
-760
255
-695
469
-342
497
-28
134
305
-490
772
-531
320
-327
246
35
-436
296
-168
386
-353
339
141
-300
180
-153
226
-131
-453
620
-41
-197
-1
7
124
-406
67
-164
-110
137
141
330
140
-16
528
-411
203
-260
-58
40
-719
566
-418
472
-156
119
-130
125
233
-526
181
-364
414
-379
82
220
-25
27
99
122
-182
211
-73
11
-223
-84
-21
-222
-87
71
250
138
284
39
-188
221
-109
-50
-192
-130
365
-65
-124
121
162
-127
-127
-143
69
-100
-149
377
128
-182
27
332
-376
-335
57
97
119
46
-36
-13
124
14
240
-363
-144
160
178
-414
-461
410
-164
193
225
-50
-113
-454
32
72
-210
179
-47
245
189
216
39
-259
2
-208
448
-175
229
187
-227
151
394
-316
-403
606
-341
367
-209
-317
329
116
198
-53
-184
-595
322
-50
-437
-31
-61
294
-120
237
17
-713
-61
-58
593
114
4
485
-451
13
-143
340
-290
-403
839
-296
-9
-274
329
407
-601
465
-121
97
-62
-289
-73
-132
195
-7
286
-139
89
-10
-326
264
-263
-318
90
64
367
-251
205
163
53
43
-495
467
-255
389
454
-477
14
-40
-80
89
-298
-4
-73
136
-165
-330
843
-850
566
169
157
35
-784
423
-502
457
-473
345
-281
-168
518
74
350
-426
404
-153
381
-36
19
-79
-46
317
-598
207
-350
-226
-49
-186
404
-28
253
-178
-142
-73
-355
175
-253
-33
-205
253
290
2
-210
-403
153
-278
128
50
418
204
44
88
-267
106
-239
386
212
-298
423
331
-119
-107
-216
66
-235
25
-25
-153
150
-238
116
22
-23
-318
166
169
97
12
148
170
-207
264
-479
171
-18
-213
312
42
-19
107
-53
-152
37
97
346
269
236
-146
497
-291
-8
-142
-437
388
-771
179
-153
67
150
-238
216
-511
98
-307
160
-71
-526
494
56
463
-253
-195
-8
-315
116
222
274
-400
197
72
154
-133
-202
122
88
-68
-18
448
-152
13
112
310
-339
-68
-292
-206
77
-396
163
-284
309
-64
-170
93
-36
193
-15
144
-126
146
-8
-241
324
-179
-100
47
219
342
-77
205
-289
63
-75
121
329
-217
163
14
218
-243
-496
2
59
140
215
191
-6
-139
157
-209
135
-109
-329
437
-86
8
9
186
18
-242
63
-144
139
12
62
315
-149
234
-433
245
-78
-735
509
-381
235
-74
121
34
47
16
-446
315
-564
-129
-189
-23
163
-102
200
48
-46
143
-71
124
-11
27
243
95
87
-720
400
-286
7
420
-410
533
-205
231
175
190
-89
-512
515
-66
64
-276
-37
111
-151
179
-480
425
-422
-169
209
-164
149
-379
251
-150
102
41
32
156
-139
-46
359
84
-32
-141
-373
314
-234
40
28
198
-146
-15
169
-174
109
-430
391
164
188
145
-439
131
-296
257
-22
-211
276
-364
321
-281
89
0
-92
357
-351
711
-11
-48
248
-29
1
-114
-81
-1
-3
-177
-19
153
361
-212
467
192
-117
-256
-100
219
-595
-166
-316
231
204
72
-59
-175
293
-314
319
-52
-288
-3
-246
153
-309
-95
-281
-15
373
59
273
-24
157
130
52
-100
-274
-244
-91
-60
41
-211
-110
336
74
342
50
-114
86
121
-251
-228
-377
-25
241
-165
60
-121
378
-224
169
138
-41
437
-317
406
-169
-55
93
-59
285
-227
20
-84
21
56
136
-19
124
134
-108
156
-340
-55
-28
8
-24
-103
361
-402
146
-12
-218
246
-297
270
-75
118
-23
-29
98
-265
135
-87
144
17
214
113
-59
7
109
-57
-109
26
-115
-52
-106
84
-311
430
-96
-49
335
-219
208
-166
182
-294
20
-54
-145
262
-445
192
-74
-53
48
-85
117
-91
267
-104
206
-248
-279
329
-631
204
-107
6
256
-68
367
-378
486
-399
40
283
-510
485
-550
167
-46
-60
-5
7
243
-202
630
-226
300
-77
-87
83
-312
380
-281
147
-188
64
76
-270
348
-181
206
-26
-5
448
-99
-126
-100
-23
-29
86
-67
-31
-139
-7
110
50
266
-195
199
97
-45
39
-170
-122
-388
-151
-38
-253
53
-54
-2
236
-21
103
-35
77
-243
-59
88
-322
140
-12
-98
-90
85
157
243
76
-95
232
80
-8
-196
89
21
-189
70
-91
145
153
-89
119
126
10
-154
12
8
-145
73
35
79
53
2
-75
224
-43
14
94
131
201
-300
369
-327
18
-57
-242
306
-164
313
-251
293
105
-10
319
-254
9
-183
-3
-266
9
-52
-232
237
60
184
-116
-9
-344
-313
-266
-337
48
-482
-92
-81
-71
54
-205
228
8
91
324
162
445
-313
63
-89
-155
283
-434
446
-269
190
152
30
390
-428
653
-112
136
169
-314
330
-474
154
161
-129
176
-434
368
-154
18
263
24
572
-254
634
-21
155
-17
-283
322
-461
200
-304
242
34
-203
197
-39
103
-148
-86
96
-292
-103
-195
-539
246
-481
319
-125
-109
295
-251
467
-428
341
-49
-107
259
-210
309
-73
99
186
132
334
111
250
237
-6
138
37
122
-153
130
-47
-227
177
-269
66
-338
-242
-203
-345
-148
-591
-207
-609
-583
-392
-617
-360
-484
-288
-230
-185
6
-165
40
38
58
250
-130
11
-150
-54
57
-12
39
-250
53
-289
-61
-163
-413
-229
-691
-242
-641
-599
-638
-1159
-548
-1053
-345
-371
-109
872
644
1994
1650
2702
3185
3052
3668
2915
3850
3170
3376
2573
1978
2273
1394
1948
414
188
-562
-766
-603
-1930
-1548
-2700
-2298
-2598
-3140
-2829
-3822
-2983
-3439
-3003
-2514
-2843
-1689
-2295
-1599
-1270
-911
20
-581
369
365
1056
1408
1287
1829
1501
1870
1339
1595
1336
1022
785
-2
214
-429
-226
-736
-967
-747
-1110
-360
-882
-590
-350
-558
50
-309
70
126
-66
308
-95
175
304
303
615
255
588
685
869
993
715
907
794
495
516
242
-155
-576
-1296
-1451
-2060
-2556
-2992
-3767
-3735
-4187
-3539
-3006
-2686
-1233
-1166
824
1513
3630
4364
4401
5029
4750
7763
6719
7779
5235
5982
6979
6732
7765
3469
4447
2453
4526
3456
699
383
-2406
-630
-2869
-4147
-5606
-7963
-7131
-8716
-8484
-8885
-9635
-7836
-9110
-7747
-7378
-6126
-3730
-4065
-1829
-1364
1053
2685
3174
4820
4407
5667
5774
6498
6478
5926
5483
3841
4543
3121
3400
1987
261
246
-1343
-295
-2069
-1781
-2530
-3746
-2503
-3855
-2207
-3501
-3808
-2956
-3937
-2143
-2937
-1670
-1537
-1976
-594
-407
1163
1016
1643
1904
1979
2509
2570
3307
2447
1842
1549
1774
1594
445
756
390
214
111
-55
830
135
13
-2
-214
-19
-1033
-632
-1656
-2552
-2666
-3730
-3017
-4563
-4425
-4458
-4146
-2538
-2176
91
153
2024
4139
5787
7135
5693
7321
8367
9019
9588
6410
8019
6943
8731
9158
4859
5804
1956
6027
3976
1181
287
-3800
-30
-4187
-4522
-7230
-10347
-8492
-11491
-9895
-11599
-12481
-10228
-11200
-9231
-9855
-8016
-5646
-5598
-3387
-3711
-503
1242
1940
3541
3517
5069
5752
7467
7208
7660
7009
6006
7250
5221
5738
3623
2571
1974
72
452
-1842
-1403
-2913
-3637
-3468
-4362
-3279
-4176
-4304
-4365
-4334
-3547
-3252
-2769
-2591
-1974
-1548
-410
685
1197
2608
2451
3282
3398
4120
5162
3785
4043
3167
3659
3723
2243
2874
1814
1642
1470
679
1481
534
56
-229
-951
-811
-1486
-1502
-2279
-3484
-3098
-3354
-3468
-4154
-4706
-4416
-4805
-5285
-4276
-3264
-2738
-1806
-1054
1526
2911
5095
6131
6852
6768
7405
9542
9614
9491
6302
8152
7834
9581
7875
4704
5397
1866
5909
3025
1512
-1092
-4368
-945
-4352
-5049
-8882
-10671
-8918
-11731
-10539
-12231
-12407
-10695
-12249
-9886
-10321
-8717
-6710
-6184
-3897
-4251
-983
1281
2492
3627
3557
5877
7394
8474
8554
9050
8607
7927
8816
7591
7483
4901
3165
3094
1042
865
-1558
-1571
-2770
-4483
-3752
-4894
-3740
-5409
-5849
-4753
-5337
-4248
-4458
-3650
-3209
-3297
-1880
-649
289
817
2076
2888
3439
3758
4545
5764
4595
4609
4454
4801
4810
2706
3537
2573
2395
1899
683
2076
-50
-271
-1008
-1837
-1411
-3483
-2909
-4164
-4454
-4028
-4331
-3376
-4766
-4125
-3896
-3463
-3732
-3890
-3331
-3578
-2398
-2951
-426
-141
1245
2808
4635
7856
7293
9088
8240
11614
11636
11954
10768
8807
11178
9715
11596
5928
4427
2899
2840
4023
-1899
-2912
-6133
-5223
-5048
-8084
-9173
-12403
-11671
-11215
-12554
-12179
-14925
-12770
-12092
-12362
-10498
-11228
-7645
-7100
-5014
-3406
-1926
1776
2477
5313
5444
6188
8490
9466
10846
10043
9519
9229
9141
8812
7138
6055
3749
2454
2005
124
-232
-2146
-2649
-3193
-4595
-3361
-4183
-2948
-4633
-4770
-3583
-4153
-2011
-3729
-2381
-2118
-2089
-75
-477
1191
1740
2007
3297
3160
4383
4881
4591
4758
3598
4548
4103
3704
3092
1916
1790
1179
642
160
-39
-1260
-1596
-3057
-3247
-3255
-4078
-4358
-5397
-4304
-4011
-3553
-3247
-3675
-2582
-3071
-2721
-2625
-2941
-3120
-3767
-3251
-3233
-1307
-1760
698
1641
4214
7444
7008
10206
7672
12461
12408
13058
11685
7688
11339
8488
11360
5163
3370
2242
426
3562
-2178
-2299
-6298
-5695
-3459
-6627
-6241
-11216
-10224
-8842
-11717
-9446
-13719
-11582
-11156
-12181
-9275
-11608
-7211
-7582
-4425
-2695
-2937
2546
2491
5759
5900
6107
9000
9742
11121
10257
10514
9138
8660
8807
6830
6394
2702
1683
782
-827
-1237
-3576
-2930
-5097
-5038
-4686
-4818
-3251
-5487
-4415
-4290
-3641
-2508
-3151
-2449
-2675
-2057
-1324
-245
-271
274
1161
1510
2613
2840
4484
4884
4402
4168
3727
5328
4218
2905
2441
845
1763
353
-602
-470
-2251
-1800
-2707
-2668
-2407
-3317
-2535
-3493
-2750
-2203
-2237
-1196
-1973
-1698
-954
-1129
-934
-1361
-2204
-1785
-2415
-2617
-1688
-1440
-60
792
1893
5264
5874
7717
7645
7524
10946
9492
12237
8539
7364
8548
6395
9946
3795
3370
784
149
3127
-1552
-1117
-5645
-5072
-3458
-5394
-4877
-10160
-10075
-9326
-10309
-9015
-12989
-12289
-11766
-11823
-10295
-11390
-8573
-7855
-5399
-4082
-3292
1146
2278
5001
5920
6136
8543
10002
11670
11222
10719
8946
8973
9561
7173
6377
2638
1706
859
-626
-943
-3174
-2659
-4806
-4300
-4001
-4271
-2885
-4524
-3996
-4415
-4207
-3120
-3361
-3938
-4422
-3540
-2304
-1208
-1159
-169
1160
2059
3688
4559
6158
6667
5990
6232
5785
6749
5537
3672
3152
1025
1377
63
-1136
-1290
-3041
-2983
-3817
-4171
-3832
-4365
-4701
-5350
-5359
-3952
-3437
-2983
-2692
-2687
-415
117
530
1279
189
1531
424
-336
370
-1194
688
-92
850
2017
2101
5421
5692
8069
7586
7837
9891
9879
11628
8600
7107
6497
6505
8128
3799
1708
-1378
-534
1824
-1589
-2196
-6275
-4517
-3158
-4757
-4869
-9781
-8388
-9063
-9523
-9751
-13267
-11662
-12664
-11906
-11625
-12078
-9199
-8742
-5878
-4306
-2693
1103
2738
5379
6630
7749
9453
10672
11167
10404
10272
8314
8120
7014
5053
4264
941
821
-475
-905
-1541
-3456
-2444
-3902
-2949
-3484
-3803
-2812
-4252
-3516
-4180
-4052
-3549
-4162
-3587
-3409
-2402
-1296
-351
979
2350
3997
4747
6001
7006
7656
7777
7045
6758
5907
5394
3904
2105
956
-289
-398
-1130
-2381
-2618
-3353
-3268
-3358
-3797
-3336
-4262
-4218
-4309
-3740
-2564
-2871
-2070
-1344
-381
1046
1432
1918
2481
1836
2477
1532
1
-255
-1814
-1038
-2038
-2369
-1133
-973
1351
1703
4202
5689
6268
7206
6521
8682
8349
8403
5662
4536
4428
4493
4998
834
-27
-2145
374
685
-1724
-2788
-5376
-2369
-2953
-4003
-5847
-9353
-7979
-9032
-9641
-10539
-12990
-11493
-11945
-10590
-10080
-9560
-6394
-5280
-2053
-1139
1226
4708
5997
7780
8056
8538
9354
9799
9232
8567
7216
5589
5579
4592
3554
2317
771
281
-388
-865
-1613
-1599
-2424
-3264
-3374
-3642
-3131
-3682
-4159
-4699
-4175
-3516
-2848
-2251
-2424
-731
135
1638
2637
3303
5045
4872
5519
5040
5417
6218
4661
4036
2302
2105
2253
659
264
-1198
-1401
-1537
-2265
-2039
-2998
-2684
-3313
-3796
-3399
-3885
-3228
-3416
-3574
-2382
-1730
-659
171
508
2200
2766
3365
3300
3299
3488
2611
1705
94
-145
-1501
-1803
-2753
-2945
-1492
-1674
420
130
2384
4654
4821
6575
4365
6549
6859
6537
5932
2127
3659
2187
3909
1652
-1464
-1131
-2580
1092
-834
-1793
-3106
-3622
-781
-2522
-2554
-5870
-7270
-5407
-7315
-6618
-9270
-10328
-8563
-9418
-7860
-8690
-6580
-4987
-3517
-994
-1451
2314
3597
4816
6161
4824
5999
6317
6530
5918
4885
3804
3103
3816
2800
2851
1568
737
1161
800
1234
432
276
-1038
-1303
-1135
-1634
-1143
-2517
-2736
-2710
-2775
-1707
-1448
-1188
-912
-214
881
1708
2027
2385
3037
2815
2511
2607
3087
2986
1808
1088
794
1135
1045
-86
-422
-1319
-1276
-726
-1815
-1755
-2339
-2340
-2068
-2684
-2117
-1931
-1552
-1996
-1488
121
858
1586
1443
1983
3238
3305
3396
3358
2646
2468
1618
1063
125
-744
-1572
-2534
-2791
-3350
-2731
-2476
-2156
-2019
-698
653
2152
2972
2648
2978
2998
4269
4593
4443
2433
2074
2640
4261
4355
2199
1651
1195
4196
4113
3198
1110
-333
1113
261
-838
-4132
-6373
-6882
-8095
-8792
-10485
-11481
-11112
-11429
-10636
-10269
-8794
-7297
-6289
-4390
-3657
-1090
797
1876
3197
3273
4278
5583
6502
7120
6969
6624
6264
7023
7063
6439
5746
3937
3828
3170
2482
1529
231
-668
-1807
-1871
-2493
-2307
-3156
-3776
-3650
-3381
-2536
-2571
-2144
-2193
-1377
-650
-340
606
926
1504
1851
2042
2917
3197
3391
2928
2520
2574
2471
2618
1680
1093
228
-152
-411
-1045
-1293
-2100
-2265
-2582
-2328
-1951
-2064
-1738
-1947
-977
233
371
1182
1165
1817
2647
2835
2617
2345
1981
1752
1797
169
-49
-1923
-1992
-2788
-3427
-2826
-4531
-2465
-3502
-1561
-940
-136
1876
1194
3567
1711
4490
4432
4868
5301
2711
5387
4740
7198
5145
3541
3813
2918
6155
3579
1927
216
-1490
215
-1974
-3700
-7048
-9369
-8402
-10899
-10036
-12713
-13370
-11673
-13315
-10300
-10969
-9092
-7381
-6208
-3296
-2709
968
2289
4401
6023
5771
7925
8862
10084
10450
9596
8884
8618
9064
7874
6646
4375
2772
2761
830
-124
-1978
-3270
-3618
-5156
-4610
-5281
-5017
-5225
-5839
-4160
-4034
-2435
-2316
-2434
-989
-771
989
1448
1595
2830
2987
3886
4243
5032
5603
4974
4825
4145
4532
4092
2829
1582
270
-436
-1178
-1947
-3204
-3350
-3845
-4159
-3783
-3577
-2394
-2141
-2076
-1598
-551
1056
1313
1557
1674
2159
3245
3061
2954
2917
2342
2327
1643
861
375
-822
-1410
-2809
-3665
-3825
-4349
-3733
-4483
-4022
-3070
-2174
483
870
2698
2346
3495
5915
6347
7888
4811
5807
5606
7144
6970
2977
3054
938
3628
2117
-51
-1839
-3945
-1904
-3948
-4718
-7530
-9784
-8496
-10211
-10153
-11347
-12638
-10997
-11452
-9660
-9228
-7745
-5392
-4537
-1019
-163
2814
5361
6041
8077
7808
8827
9732
9960
9564
8277
7633
6477
6647
5381
3600
2195
540
376
-795
-1747
-3300
-3867
-4158
-4949
-4241
-4757
-3919
-3906
-3745
-2554
-2032
-558
-400
392
849
1990
2949
3342
4214
4239
5082
4920
5335
5378
4872
4506
3291
2765
1847
1182
570
-1238
-1900
-2670
-3294
-3164
-4496
-4311
-4523
-4326
-3375
-3595
-2658
-2510
-1806
-1142
-700
547
656
1146
1861
2220
2993
3294
3294
3463
3119
2968
2676
1861
628
-352
-1604
-2514
-3594
-4910
-5053
-6156
-4803
-5147
-3818
-2219
-1634
2153
1767
4321
3909
5088
7195
6665
7579
4190
5044
4696
6052
5243
1654
1192
255
2942
2369
144
-2204
-3487
-1472
-2094
-3480
-6840
-9804
-7915
-9171
-9046
-10122
-12312
-9946
-10240
-8182
-7321
-6273
-4076
-3193
31
671
3376
5937
5612
7414
6951
7497
9360
8497
8208
7203
5925
5289
5397
4424
2765
1097
-621
-295
-822
-1583
-2926
-3442
-3632
-3851
-2625
-2781
-2062
-2132
-2414
-736
72
941
1394
805
1355
2034
3012
3745
3128
3130
3218
3905
3893
3311
3313
2213
1321
491
-417
-760
-1717
-3356
-4129
-4573
-4908
-4666
-5391
-5426
-4752
-4559
-3446
-2595
-1746
-945
-671
368
1110
2369
2867
2730
3639
3587
4715
4902
4198
4525
4013
4247
3788
2707
1582
426
-687
-1906
-3384
-4690
-5905
-7009
-6735
-6698
-5337
-4933
-4036
-1856
166
2239
2911
3143
4188
6249
6611
6780
4464
4722
5095
6302
6563
2946
3209
1651
4838
4646
1726
329
-2303
8
-1137
-2778
-5914
-9586
-8498
-9482
-9676
-10841
-13396
-11381
-11187
-9481
-8184
-7555
-4396
-3300
-260
959
3228
6271
6496
7909
7829
8480
9753
9291
8509
7162
5911
4900
4674
3488
1427
-73
-1630
-1436
-1961
-2711
-3218
-3599
-3030
-3296
-2055
-1912
-1739
-1324
-1791
-202
-229
289
718
302
1048
1463
2617
3135
2739
2586
3215
3450
3484
2607
2067
1642
35
-365
-1420
-1858
-2850
-4475
-4711
-5030
-4885
-4622
-4565
-4230
-3444
-2383
-900
36
864
1768
2412
3543
3642
4430
5076
4308
4690
4097
4408
4589
3228
3408
2758
2594
2031
733
297
-944
-1731
-2903
-4435
-5274
-6198
-7129
-7220
-7602
-6858
-5710
-5336
-3476
-2261
757
2132
2788
3357
4190
7223
7117
7131
5052
5479
6735
7761
7319
3931
3296
2593
4763
3777
819
-1780
-3477
-2120
-2815
-4624
-7701
-10293
-9024
-8746
-8794
-9654
-11506
-9379
-8526
-6613
-5938
-5026
-2938
-2073
854
1647
4134
6046
6183
7344
6924
7483
8216
7416
6441
4534
3814
2908
2538
1788
-198
-600
-2002
-1308
-1097
-1321
-1506
-2005
-1292
-1223
62
122
106
-121
-535
435
609
854
816
417
902
1375
2011
2205
1423
1463
1758
1766
1278
196
-308
-1029
-1966
-2622
-3127
-3194
-3862
-4429
-4327
-3688
-3002
-2329
-2012
-1530
-107
877
2106
2627
2804
3657
4239
4724
4757
4904
4761
3799
3731
3104
3171
2529
971
1141
363
502
-222
-716
-1041
-1881
-2251
-2762
-3404
-4262
-5143
-6211
-6000
-7225
-6332
-5823
-5255
-4207
-3451
-985
1210
2283
3221
3769
4636
6827
6136
7412
4257
4532
4930
5258
6274
1221
1737
-171
2608
2342
-753
-1561
-3790
-1142
-1468
-2414
-4380
-6921
-4985
-5174
-5246
-5815
-8200
-5599
-6043
-4958
-4516
-4467
-2041
-2059
535
396
2148
3629
3401
4813
3809
3772
4179
4072
3557
2738
1741
1322
2046
1765
1424
1196
605
1284
1689
1776
1574
1055
1214
744
1685
1141
1033
1183
-180
1157
506
1047
624
-520
130
-561
-299
-1265
-1649
-1508
-2157
-2477
-2958
-2629
-2104
-2604
-2710
-2735
-1962
-1379
-1171
-1352
-1160
-447
-221
849
274
1062
1479
2157
2921
2800
3847
3694
4309
3988
4056
4417
3580
2919
2182
1534
1028
336
-525
-817
-1377
-1902
-2010
-1975
-2236
-2391
-2985
-3372
-3313
-4324
-4475
-5833
-6139
-6456
-6252
-5079
-5548
-3657
-3284
-947
1040
2299
4119
4023
4852
5662
6925
7272
5349
4236
4581
5543
6953
3423
2429
1545
3357
5078
2249
1279
-1692
985
939
-172
-2028
-6041
-4634
-5083
-5850
-6598
-8540
-7746
-7289
-6994
-6171
-5704
-3431
-3733
-1906
-867
-19
2965
2284
2605
2598
2499
3550
4228
3544
3223
2985
2625
3583
4073
3750
3149
2721
2679
3427
3169
2279
1740
1292
341
416
516
78
-9
-2030
-1893
-1622
-1614
-1523
-3046
-2778
-3019
-2529
-2389
-2734
-2128
-2420
-2039
-1911
-1661
-634
-471
-921
-974
-615
332
1086
393
77
664
1220
2065
2181
2346
2887
3032
3364
3411
4024
4014
3250
3197
2314
2470
2310
819
335
-735
-1127
-850
-1564
-1767
-2369
-2591
-2036
-2260
-1740
-2446
-2628
-2698
-3654
-3215
-4228
-4662
-5287
-5998
-5264
-5360
-4281
-3670
-2572
-725
251
2990
3437
5318
4381
5071
6993
5958
7741
2660
4762
4489
5918
6839
1098
3979
1334
6043
4901
1089
1796
-1791
3042
959
-1272
-2673
-6841
-3313
-5610
-6111
-6499
-9325
-5829
-8078
-6318
-6244
-6043
-3053
-4671
-1651
-2399
-26
2021
1259
2879
1596
3535
4439
4820
4765
3833
4512
3512
4566
4151
3243
3101
1421
2459
1650
1297
892
-135
504
-1429
-327
-588
-981
-974
-3182
-1869
-2505
-2478
-2860
-3891
-3382
-3892
-3028
-2677
-2397
-1745
-1530
-394
317
1040
1949
1783
2026
1925
2642
2778
2183
1528
1110
1825
1376
1729
1482
1790
2185
1687
2328
2389
2916
2252
1210
1143
381
729
-406
-1826
-2080
-3013
-2333
-2452
-2799
-2646
-2675
-1812
-831
-429
-301
-399
-333
-128
-688
-915
-2113
-2993
-3828
-4464
-4508
-4570
-4467
-3442
-2495
-1740
-5
1329
3967
3776
3862
3258
4702
5896
4905
3952
1171
3651
4215
6522
4608
2599
3719
4624
8042
5333
3945
1853
2495
3432
1029
-977
-4737
-5360
-5322
-6970
-7447
-9325
-9094
-8091
-8923
-7379
-7316
-4765
-4035
-3862
-2495
-2386
1314
1746
1689
1740
1362
3996
4797
4499
3871
3475
3816
3774
4750
4092
3411
2285
1658
2670
1835
1327
-68
-236
-1176
-1581
-702
-1748
-1607
-3591
-3220
-2394
-3093
-2496
-3170
-2605
-2546
-1977
-618
-134
176
732
1389
2137
2196
2819
3636
2600
2272
1731
2223
2224
845
516
443
196
287
492
543
479
53
251
701
651
99
-243
-913
-1031
-1386
-1142
-1792
-2207
-1357
-1662
-308
-900
-416
589
-24
942
646
1017
1133
-208
227
-565
-963
-1245
-3198
-2887
-4157
-4199
-3705
-4593
-3295
-2968
-1967
-672
-558
1851
2445
2741
2760
1384
4371
3580
4432
2940
1830
5353
5357
9069
5956
5661
6188
6894
10159
5358
4453
1169
1513
2308
-1911
-3089
-7385
-7213
-6995
-8905
-8225
-10387
-8572
-8108
-8646
-6777
-6984
-3753
-4417
-4418
-3295
-2712
849
266
977
792
1857
4153
4750
5464
4294
5224
4858
5125
5313
4205
4155
2028
1833
1768
1164
1006
-582
-354
-1517
-1738
-844
-1590
-1308
-3474
-3051
-2327
-2996
-2089
-2995
-1939
-1853
-1800
148
407
1582
1863
2137
2831
2452
3853
3559
2354
1234
900
1575
538
-325
-765
-387
-1058
-1202
-402
-248
-177
-995
-422
-225
-392
-342
-937
-768
-1879
-1133
-204
-717
-97
-579
562
903
726
1751
1560
1559
1264
1278
1684
902
515
344
-352
-720
-1743
-1820
-2384
-3680
-4242
-4817
-4706
-4292
-3981
-3450
-3332
-2573
-972
1062
1736
1658
1775
1984
4720
4699
6266
4649
5237
7918
8823
12235
7405
8246
6646
8013
9278
3542
3192
-1634
-36
-1456
-4688
-5528
-9708
-7683
-8908
-9578
-8873
-10805
-7835
-8778
-8688
-7551
-7562
-4359
-5865
-4569
-4252
-2299
817
377
2586
2447
4365
5879
6333
6980
6703
6788
5298
5237
4528
4382
3619
1169
1191
691
724
258
-951
-826
-2318
-2015
-2145
-2643
-2336
-4214
-3008
-3403
-3184
-1636
-1875
-236
-734
532
1982
2456
3261
2955
2786
2106
2096
2173
1574
-97
-787
-709
-523
-737
-851
-410
-680
-1070
-426
10
-288
-689
-1528
-363
-1114
-714
-174
-699
169
-571
1627
1668
1507
2075
1796
2940
1580
1779
2306
1600
1513
685
1059
1076
252
384
-500
-744
-1682
-2037
-2636
-4258
-4724
-5556
-5453
-6112
-5408
-4374
-3509
-3122
-2076
186
2282
3038
2835
3139
3625
5905
5720
6873
5163
6545
8803
9643
11297
6790
7637
6304
7222
5872
1116
348
-3165
-2182
-4648
-6654
-7390
-9978
-7912
-8675
-8878
-8842
-9068
-6576
-7951
-8129
-7859
-6113
-4150
-5922
-4179
-3291
-572
1678
1760
3706
3579
5374
6604
6340
5814
5325
5493
3906
2659
2497
2944
2092
282
535
1427
1264
552
461
138
-1311
-1239
-1311
-1221
-2388
-3206
-1400
-2227
-1535
-666
729
1113
-327
1332
1897
1791
665
594
830
-488
-685
10
-84
-1169
-899
-280
40
-688
-140
1277
-326
-1097
-74
746
613
-956
508
1722
668
1170
1617
2783
1386
789
2619
1662
945
544
1637
1589
-595
113
1673
1226
136
61
815
224
-1693
-941
-1236
-2874
-4069
-4309
-3377
-5572
-5653
-4781
-4014
-4110
-3969
-1041
-772
-445
3
3110
3562
2666
3127
3729
6143
4333
6197
6312
6870
8363
8837
10528
6473
5665
5133
5233
3310
-1229
-1587
-2864
-3577
-5314
-6189
-6555
-8337
-7685
-8114
-8020
-8882
-9510
-7403
-8826
-8860
-8034
-6354
-4116
-4990
-2657
-838
1328
3166
3120
5400
4363
5098
5772
4937
5516
4201
4728
3847
3302
3584
3634
3285
1749
2146
1732
1370
387
-47
-305
-1821
-1629
-1671
-1203
-1891
-2050
-850
-1893
-1494
-1283
-315
52
-1755
-831
-560
-364
-45
4
604
-72
503
1407
1131
448
57
709
75
-949
-70
763
157
-783
-30
1306
1142
645
1366
1950
1098
666
1495
1822
823
467
1329
1254
562
898
1756
1405
-26
136
888
238
-799
-894
-348
-1229
-2046
-1327
-857
-1868
-2711
-2891
-2911
-3756
-4371
-3369
-3708
-3898
-3408
-1397
-200
-391
646
1947
3172
2884
3175
3460
4087
4325
5274
5947
5781
6913
8188
8891
6630
4814
4351
4495
2375
-672
-2212
-3090
-3669
-5244
-5786
-6416
-7416
-7380
-7095
-7330
-8168
-8623
-7182
-7754
-8201
-7323
-5991
-4082
-4465
-2161
-6
644
1961
3064
4771
4018
3335
4726
5030
4625
4198
4413
4718
3665
4278
5205
3777
2620
2750
3357
1868
-249
430
883
-759
-1973
-1270
-373
-1528
-2318
-998
-1278
-2334
-2011
-999
-712
-2533
-1930
-214
-850
-750
-281
827
532
-584
1257
1096
73
-342
13
764
-1284
-292
880
493
67
-318
1843
1058
175
1116
1391
1204
6
1110
1846
687
609
1354
1811
592
433
1366
980
-257
-635
399
-117
-688
-553
253
-200
-1073
-210
-563
-1193
-2381
-2065
-2546
-4138
-4445
-3976
-3330
-4013
-2951
-1525
-604
-321
585
2306
2558
2606
3060
3114
3363
3711
5215
5642
4924
6597
7475
8700
6116
4849
4791
2799
2525
-773
-1095
-2690
-3765
-3149
-5231
-5167
-6785
-6423
-6175
-8312
-7737
-8579
-7788
-7918
-8502
-6381
-6388
-4406
-3643
-2049
-88
-71
1908
2180
3103
3349
3486
4449
4306
4770
5125
5604
5011
4677
4985
4996
3988
2139
2486
2326
1240
38
-193
1089
-156
-943
-981
-1081
-948
-2523
-1940
-2362
-3361
-2590
-2393
-1513
-2234
-1670
-11
75
142
367
1032
882
185
397
881
184
-195
262
638
557
474
1292
1392
679
769
934
796
62
103
1360
701
499
1031
1686
1923
680
1296
1491
862
227
18
536
-292
-796
-321
147
291
180
194
280
-623
-858
-1236
-2224
-2809
-3481
-3452
-4119
-4393
-3846
-2936
-2677
-2517
-1227
-387
90
232
939
2024
1944
2325
2825
3320
4149
4449
5821
5773
6244
6894
6720
6338
4130
3504
2443
1352
114
-1310
-1621
-2501
-2960
-3542
-4360
-5413
-6410
-6604
-7136
-7789
-8288
-8173
-7499
-7424
-6279
-5166
-3967
-2791
-2213
-281
507
1362
2279
2521
3544
3469
4322
4916
4871
5541
5444
5257
4571
4107
3955
3299
2124
1789
1771
1235
882
374
563
-124
-1055
-1071
-1827
-2000
-2718
-2676
-2345
-3361
-2363
-2140
-1466
-1052
-1206
-4
-534
-195
3
-134
-28
-357
447
547
524
958
1314
1484
1118
1193
1326
1192
852
1025
988
494
835
1242
1903
1585
1230
1756
1475
1516
1012
690
503
-383
-91
-394
-385
-410
-623
55
-397
-293
-267
-653
-919
-1716
-1841
-2242
-2658
-2681
-2855
-2648
-2990
-2610
-2049
-1844
-1281
-1177
-350
-304
-157
283
411
1185
1283
2057
2444
2361
3176
3505
4403
4447
4205
4810
4415
4427
3487
2568
2154
1195
1125
225
-487
-837
-1416
-1591
-2599
-3440
-4262
-5088
-5571
-6133
-6244
-6523
-6327
-6050
-5640
-4912
-4370
-3253
-2657
-2049
-1316
-615
543
757
1262
1719
2092
2936
3136
3944
4147
4160
4306
4061
4283
4060
3949
3616
3253
3174
2822
2453
1742
1334
932
299
-411
-1065
-1040
-1437
-1877
-2552
-2886
-2581
-2633
-2366
-2768
-2649
-2230
-2134
-1909
-2238
-1485
-867
-543
-194
-113
799
1103
1271
1198
1217
1570
1736
2268
2280
2534
2700
2740
2772
2495
2557
2240
1809
1409
1231
984
450
235
-335
-581
-962
-1321
-1225
-1652
-1695
-1853
-1650
-1642
-1923
-1824
-2226
-1895
-1976
-1919
-1447
-1456
-850
-595
-284
-228
-94
158
51
313
146
419
603
478
663
749
1076
1197
1204
1029
967
1147
1060
1336
1363
1334
1348
945
761
374
143
53
4
-287
-697
-765
-884
-1123
-1612
-1901
-2117
-2166
-2314
-2480
-2408
-2409
-2032
-1834
-1794
-1500
-1287
-861
-695
-736
-372
135
556
499
571
847
1072
1248
1290
1567
1818
1810
1863
2027
2167
2234
1937
1836
1868
1879
1867
1320
978
697
447
267
-380
-571
-686
-954
-1197
-1532
-1442
-1391
-1361
-1508
-1548
-1312
-1214
-1110
-1014
-763
-300
34
140
320
398
701
879
796
948
1024
1235
1304
1314
1386
1427
1554
1571
1605
1558
1423
1198
832
522
193
-239
-655
-868
-1095
-1278
-1341
-1506
-1476
-1624
-1636
-1405
-1479
-1475
-1566
-1438
-1338
-1417
-1299
-1281
-1077
-914
-838
-635
-443
-83
267
231
307
463
662
935
730
943
1045
1136
1476
1313
1545
1488
1512
1770
1620
1783
1584
1548
1544
1085
948
628
741
686
140
-246
-652
-711
-1103
-1504
-1849
-2262
-2357
-2484
-2602
-2589
-2363
-2190
-2087
-2099
-1916
-1453
-1139
-964
-913
-541
-193
82
309
445
871
969
1308
1677
1889
2152
2125
2390
2251
2232
2120
1694
1706
1344
1364
1186
753
603
250
27
-348
-692
-1061
-1107
-1017
-1137
-1350
-1516
-1320
-1154
-1135
-1282
-1059
-805
-585
-220
-95
157
566
642
728
716
502
820
687
495
442
495
716
733
867
783
879
940
848
956
720
228
117
-326
-588
-838
-1130
-996
-1259
-1216
-1247
-1200
-1016
-913
-873
-963
-869
-857
-684
-850
-1000
-800
-866
-846
-676
-483
-437
-233
79
285
642
500
774
1203
921
1023
1040
1098
1318
1310
1382
1308
1493
1682
1639
1714
1533
1498
1590
1461
1367
1082
624
537
476
402
-10
-631
-888
-1445
-1467
-1784
-2258
-2136
-2331
-2325
-2746
-2763
-2588
-2646
-2196
-2203
-1901
-1563
-1421
-977
-841
-501
-175
144
494
679
1435
1800
1751
1925
1924
2117
2335
2348
2061
1999
1854
1548
1387
1097
874
567
290
86
294
56
-382
-574
-771
-757
-1007
-779
-775
-1067
-646
-514
-635
-686
-451
-14
-122
104
312
578
717
335
551
246
-127
38
279
-46
-510
-56
-63
-69
199
134
145
195
-104
-99
-86
-752
-810
-942
-1297
-1280
-803
-547
-761
-682
-654
-312
-104
-183
-161
-269
-373
-242
-216
-411
-591
-489
-235
-278
-118
247
290
19
104
503
742
799
644
593
835
951
896
1177
1055
853
1309
1372
1334
1413
1337
1597
1542
1274
1589
1564
1166
895
839
720
163
-129
-181
-483
-1220
-1592
-1647
-1813
-1943
-2042
-1976
-2245
-2251
-2064
-1934
-2175
-2320
-1894
-1747
-1545
-1342
-788
-541
-604
4
632
793
783
921
1443
1806
1488
1649
1758
1507
1387
1357
1476
1268
979
807
762
698
432
289
141
-87
-52
-34
-58
-302
-408
-237
-373
-407
-441
-372
-224
-246
-220
-187
-259
-170
139
105
22
68
107
61
-285
-275
-136
-272
-234
-155
-76
-195
-281
28
-52
-262
-258
-170
-157
-612
-714
-642
-702
-797
-659
-218
-277
-273
-141
-27
-63
-331
-237
-228
-505
-570
-423
-281
-430
-556
-258
-147
-168
-129
2
207
106
240
525
794
918
850
1176
1213
1125
1172
1283
1508
1296
1137
1148
1183
1197
1186
1214
1210
1185
1179
1202
822
360
140
-98
-353
-660
-828
-853
-1017
-1135
-1088
-1072
-1188
-1291
-1305
-1384
-1675
-1945
-1932
-1853
-1646
-1400
-1173
-925
-768
-547
-273
23
176
286
449
666
914
1014
1052
1049
1155
1235
1106
1011
938
829
684
457
346
370
450
411
264
181
46
59
12
-60
-115
-234
-183
-272
-403
-482
-526
-492
-528
-524
-412
-309
-164
-68
-73
-88
-202
-95
-164
-475
-511
-589
-533
-504
-378
-127
-2
138
114
199
148
51
60
3
-41
-142
-71
47
20
39
21
-38
-68
-160
-121
-216
-353
-376
-401
-407
-424
-357
-430
-471
-407
-347
-265
-299
-108
138
212
369
596
952
1088
1109
1275
1354
1364
1254
1185
1197
1123
1138
1154
1075
973
864
868
826
759
653
459
243
39
-46
-246
-468
-672
-764
-733
-937
-962
-841
-833
-819
-959
-868
-737
-927
-1166
-1408
-1433
-1378
-1222
-932
-767
-654
-435
-141
71
114
106
124
89
164
320
538
522
510
726
924
1004
739
557
433
358
264
108
168
171
270
338
284
313
212
77
-96
-189
-194
-332
-431
-541
-581
-623
-590
-468
-468
-387
-348
-253
-180
-181
-159
-227
-298
-313
-313
-376
-370
-424
-340
-108
33
283
443
549
629
574
594
498
415
301
89
63
-28
45
12
19
106
-59
-53
-190
-246
-322
-432
-493
-577
-484
-478
-393
-294
-167
-7
54
210
361
444
538
627
884
1100
1158
1191
1211
1271
1202
1102
898
768
670
598
660
485
365
257
103
44
-34
-99
-347
-544
-518
-590
-654
-735
-766
-739
-773
-730
-767
-770
-838
-897
-749
-650
-557
-540
-484
-474
-560
-576
-585
-490
-476
-408
-218
-80
78
90
150
268
318
430
456
525
536
501
644
774
838
807
728
631
512
408
259
83
73
100
134
149
44
44
-108
-329
-506
-647
-689
-815
-874
-816
-658
-484
-352
-233
-148
-114
-70
-7
-62
-120
-194
-248
-130
-98
-70
-48
-24
155
85
115
202
214
267
149
244
211
117
56
-37
-10
-160
-200
-166
-91
-21
-97
-21
50
40
-16
-99
-92
-120
-102
-24
20
42
58
122
271
386
393
425
486
537
645
705
746
781
805
831
787
783
718
606
421
294
279
274
207
113
154
115
66
27
56
22
-142
-216
-211
-215
-351
-468
-506
-538
-645
-656
-647
-704
-725
-752
-674
-661
-711
-717
-772
-711
-700
-704
-636
-675
-584
-527
-364
-258
-206
-51
-57
151
228
356
455
524
708
662
888
880
882
882
733
757
569
494
277
187
126
-15
38
-125
-147
-263
-406
-511
-731
-743
-864
-788
-715
-644
-366
-259
-62
-62
-13
44
55
65
-80
95
162
228
283
370
429
337
445
399
433
387
341
365
284
272
133
102
80
-13
-125
-241
-331
-422
-407
-366
-291
-228
-233
-177
-145
-152
-132
-169
-147
-126
-85
-21
88
199
221
322
414
479
487
489
552
562
614
671
685
700
579
497
402
287
227
124
160
104
40
89
52
-35
-110
-127
-181
-275
-329
-326
-391
-452
-430
-417
-388
-408
-431
-399
-367
-363
-350
-325
-314
-358
-386
-415
-529
-573
-610
-590
-549
-521
-414
-351
-259
-161
-17
89
144
205
203
256
317
425
503
558
605
591
578
496
414
309
237
177
135
95
-2
-35
-106
-143
-184
-316
-429
-562
-629
-683
-672
-525
-401
-189
-2
170
305
389
482
458
444
406
435
458
417
472
459
515
545
482
495
382
316
223
105
63
-10
-1
-99
-211
-306
-341
-359
-451
-492
-505
-426
-351
-234
-140
-101
-63
-75
-38
-103
-162
-189
-167
-67
-24
42
109
167
192
202
241
278
234
205
215
207
197
150
114
123
120
30
-14
-10
40
28
25
76
37
6
-44
-63
-127
-154
-159
-210
-227
-215
-162
-116
-78
-67
-85
-101
-86
-120
-127
-149
-194
-166
-212
-230
-251
-297
-290
-345
-332
-309
-281
-196
-168
-136
-92
59
189
230
266
337
392
337
335
335
352
335
305
342
303
325
295
242
214
137
133
42
-88
-166
-231
-283
-314
-335
-367
-353
-288
-213
-149
-66
50
142
211
280
311
326
279
286
300
267
294
311
343
322
305
249
188
102
4
-79
-209
-257
-306
-328
-347
-377
-357
-339
-319
-326
-373
-365
-328
-280
-212
-173
-99
-34
16
64
32
-8
3
-4
-29
-64
-56
8
71
103
153
198
187
187
170
145
99
133
149
127
128
114
151
154
161
151
169
172
145
116
85
69
11
-14
-3
-16
-34
-66
-93
-77
-85
-84
-101
-123
-142
-170
-208
-207
-145
-163
-162
-149
-150
-134
-139
-136
-142
-191
-197
-179
-159
-135
-92
-40
-6
25
27
67
105
138
140
133
142
92
81
97
77
73
103
156
158
164
167
156
158
85
40
-1
-12
-44
-44
-6
5
67
89
123
149
217
221
227
234
196
229
202
234
199
149
115
32
32
-14
-5
-23
-56
-67
-127
-164
-218
-281
-302
-319
-354
-331
-313
-289
-291
-254
-167
-135
-127
-101
-96
-91
-52
-63
-53
-43
-75
-94
-96
-113
-115
-97
-57
-67
-70
-25
-1
39
94
139
122
154
156
197
259
282
289
277
334
331
328
304
293
275
219
184
130
132
86
16
-18
-45
-66
-107
-147
-194
-216
-249
-282
-304
-309
-283
-260
-231
-213
-174
-107
-72
-82
-76
-89
-92
-78
-72
-42
-33
-10
27
91
126
102
71
82
76
25
-6
-26
-49
-22
4
-18
-3
-17
1
39
40
47
75
101
84
117
124
103
127
133
78
70
138
182
208
228
240
210
197
186
173
151
114
111
104
94
41
28
2
-48
-90
-133
-133
-144
-163
-142
-111
-103
-77
-74
-72
-108
-129
-127
-178
-188
-167
-178
-175
-149
-136
-96
-94
-104
-81
-71
-89
-116
-98
-113
-152
-138
-100
-107
-122
-72
-63
-51
-26
6
13
-11
43
110
163
171
196
210
237
262
217
241
246
247
230
233
232
198
182
149
138
83
69
13
-19
-36
-99
-116
-171
-168
-194
-196
-210
-242
-219
-211
-170
-146
-126
-106
-80
-95
-102
-111
-108
-92
-69
-42
-32
9
14
47
72
64
44
45
28
-21
-24
-31
-18
-15
-26
-49
-45
-8
4
33
65
57
89
134
110
86
126
196
201
211
229
223
221
234
262
224
233
244
215
197
183
187
151
125
78
37
-13
-72
-93
-148
-177
-168
-199
-205
-168
-185
-203
-205
-197
-215
-230
-215
-225
-210
-198
-222
-208
-169
-141
-130
-86
-52
-59
-48
-19
18
-18
-35
-32
-30
-13
-28
-6
-1
-6
-12
-2
50
55
75
92
104
142
168
207
180
186
180
162
167
137
132
120
122
100
110
102
87
84
68
43
-12
-25
-77
-136
-156
-147
-152
-213
-229
-201
-204
-196
-196
-147
-126
-142
-110
-123
-98
-91
-108
-93
-62
-71
-34
39
43
60
93
148
136
128
164
131
121
136
142
114
81
83
50
67
66
45
63
51
81
96
99
97
75
82
89
118
134
127
99
76
74
88
89
73
81
76
70
85
108
95
77
57
33
22
-45
-107
-108
-129
-169
-186
-190
-181
-172
-178
-171
-168
-193
-202
-214
-246
-230
-228
-206
-203
-189
-133
-110
-77
-32
13
-5
-7
10
33
53
22
24
26
11
3
25
32
7
38
73
69
72
95
123
137
129
141
181
168
139
123
123
127
98
78
73
79
76
68
106
91
59
45
27
56
6
-29
-44
-98
-114
-121
-145
-135
-120
-165
-133
-94
-109
-108
-90
-79
-117
-124
-83
-85
-95
-86
-85
-53
-18
-3
51
70
70
122
107
110
146
115
105
94
79
66
40
47
44
15
16
32
41
25
38
65
47
26
45
63
61
48
46
63
40
18
-3
12
44
56
82
90
63
45
53
50
15
-28
-37
-61
-79
-77
-87
-100
-101
-108
-116
-130
-146
-145
-149
-168
-174
-151
-168
-167
-165
-180
-154
-120
-72
-72
-56
12
30
54
88
117
138
149
148
135
145
131
135
105
99
126
101
125
78
63
91
86
114
89
88
57
7
20
3
-25
-44
-36
-34
-10
-9
-46
-28
-3
-20
-42
-19
-31
-72
-98
-111
-85
-92
-116
-98
-104
-88
-75
-79
-57
-74
-58
-34
-38
-28
-26
-44
-45
-38
-38
-3
24
39
56
47
70
104
98
95
102
91
89
89
72
60
44
40
43
28
21
38
28
35
22
-19
12
39
28
11
30
45
23
-2
1
19
19
-13
-17
6
22
29
59
95
86
75
60
64
22
-11
-18
-19
-19
-80
-73
-61
-62
-85
-93
-51
-82
-95
-106
-112
-85
-121
-145
-127
-135
-121
-121
-104
-102
-101
-68
-44
13
24
46
28
54
83
47
76
81
76
68
49
50
65
71
60
74
88
80
85
49
52
58
41
47
52
28
-2
16
-6
-1
9
36
22
12
29
10
8
3
34
6
-6
-8
-23
-25
-83
-79
-61
-92
-78
-79
-79
-80
-79
-47
-69
-89
-79
-66
-74
-67
-44
-23
4
5
7
22
54
54
66
85
81
86
85
98
89
80
47
22
8
6
5
-6
24
17
-13
-9
10
-7
-21
-23
-9
-16
-8
6
-3
-6
-21
2
26
46
76
95
113
109
79
97
77
50
48
9
16
1
3
6
-2
7
-29
-50
-52
-60
-82
-68
-83
-88
-86
-128
-125
-121
-122
-122
-112
-81
-86
-83
-38
-42
-48
-7
39
38
24
50
40
35
49
59
75
45
45
58
37
41
19
38
38
22
23
-1
13
1
-23
-48
-19
7
-7
-4
-3
0
11
20
26
43
64
44
14
37
34
15
-19
-3
-17
-41
-26
-28
-10
-28
-15
-10
-17
-29
-42
-47
-47
-35
-44
-39
-50
-53
-53
-44
2
5
4
47
73
80
91
89
70
98
86
80
92
60
91
75
51
37
29
43
-5
1
25
-11
-28
-34
-53
-88
-60
-56
-78
-38
-57
-50
-30
-41
-33
7
28
-9
25
54
53
32
17
38
25
6
9
4
1
-21
-37
-3
5
-13
-35
-48
-67
-78
-74
-53
-52
-79
-53
-60
-60
-54
-49
-15
-23
-11
-19
-10
13
15
35
50
61
40
35
25
14
24
45
51
22
19
13
3
-21
-8
13
-10
-24
-27
-18
-57
-64
-22
-29
-35
0
35
54
41
24
32
69
63
41
81
79
51
50
40
47
26
-5
16
35
36
32
30
30
0
-34
-15
-21
-41
-40
-40
-30
-47
-58
-46
-23
-30
-33
-32
-4
4
18
27
32
36
7
19
9
32
32
38
7
-30
-11
-33
-12
2
-16
-20
0
-7
-36
-44
-49
-44
-54
-57
-16
-22
-29
-4
22
41
8
14
34
39
30
18
3
32
35
11
38
27
11
10
16
34
23
2
-9
-34
-21
-31
-46
-40
-71
-63
-58
-39
-18
-32
-34
-54
-22
-12
-18
1
-8
-14
-30
-14
-33
5
14
7
39
29
46
23
36
18
25
35
7
44
47
54
38
26
34
20
20
4
-20
-26
-40
-6
1
-10
16
12
7
-8
15
40
44
52
65
40
57
87
36
47
70
50
15
18
14
-27
-35
-32
-8
-16
-49
-53
-54
-84
-107
-92
-76
-73
-60
-19
-24
-43
-31
-3
17
21
12
3
16
24
35
39
40
14
11
10
17
0
-4
0
-15
-29
-46
-9
-41
-11
-27
-43
-35
-37
-17
-30
3
-5
25
-25
-32
6
28
28
-10
32
29
4
7
15
22
12
-2
32
35
49
55
66
50
19
5
-17
-29
-50
-57
-52
-19
-44
-29
-41
-24
-2
-46
-27
-9
7
11
23
13
4
8
19
30
29
30
16
18
-1
3
20
33
39
16
24
38
16
5
3
16
29
-6
4
-2
-7
6
-9
25
46
29
24
34
20
36
31
22
39
45
35
-7
22
10
-34
-14
12
0
-11
-33
-67
-59
-50
-51
-50
-66
-85
-70
-75
-79
-80
-95
-63
-35
-31
-44
-15
-20
-46
-13
-1
15
14
24
34
24
44
15
-2
47
54
45
52
43
23
19
13
-3
10
12
16
-17
-12
9
-25
16
21
-3
1
13
25
-6
-7
12
35
36
16
18
30
11
-3
28
56
63
36
69
48
-13
-13
-19
1
-13
-16
-28
-28
-20
-57
-22
-19
-26
-47
-60
-61
-75
-68
-76
-38
-48
-56
-25
-2
19
18
19
22
46
51
47
45
29
30
54
48
46
33
35
48
9
-9
2
6
-6
-16
-25
2
-12
-25
7
-6
-3
-6
1
7
10
-1
-4
0
4
19
12
3
15
19
6
0
-3
34
18
-3
-18
-41
-20
-45
-12
8
22
5
3
16
-9
3
-35
-21
-25
-18
-19
-9
16
3
20
-4
17
2
-7
-6
-26
-7
-15
-19
-9
-11
-24
-16
-9
-7
-10
3
10
-7
-25
-10
-13
-25
-5
-16
-16
-20
-35
-6
-8
1
13
-8
25
13
9
9
38
53
-2
-10
-3
12
19
3
-14
22
23
4
12
28
44
18
10
-3
-10
-19
-28
-9
-32
-18
3
0
3
-27
17
20
1
-5
24
60
33
26
13
23
16
29
19
29
18
-7
4
6
8
-22
1
1
-18
-26
-4
-1
10
-3
-19
-22
-22
14
-3
21
12
-10
-6
-12
-11
-31
-15
10
4
19
0
-7
12
14
31
8
10
-6
-24
5
25
0
4
5
-8
-7
-25
-4
-31
-41
-44
-52
-51
-57
-26
-23
-30
-23
13
-9
2
25
19
20
32
28
5
23
34
58
25
5
0
4
18
32
19
-6
-14
-22
0
-24
-3
-7
-41
-40
-35
-35
-36
-32
-19
0
-18
1
7
21
9
13
13
0
12
-30
-8
-10
-5
-14
4
18
4
18
0
36
1
13
42
15
16
10
8
-12
-13
-6
12
15
7
-18
-12
9
-6
-11
-10
-20
-7
-6
0
23
10
15
6
20
18
-1
23
23
3
3
24
34
25
-5
-8
8
22
9
16
44
17
3
-15
2
4
-7
9
17
19
1
28
15
20
-7
-15
12
4
3
-48
-27
3
-19
-22
-11
-19
-23
-28
-32
-29
-20
-23
-9
2
-6
12
7
-1
-26
-2
17
13
-7
-10
-17
-20
11
-15
-34
-31
-15
-23
-15
0
-1
-15
-34
-22
-35
-43
-50
-73
-35
-6
-9
29
28
3
-3
1
-8
-6
-10
-1
10
-13
15
5
-7
-13
-4
23
39
56
24
7
37
60
26
21
41
29
16
7
7
21
47
35
31
36
18
13
7
17
30
-9
23
33
3
0
-23
13
-3
-12
-3
4
9
1
10
4
17
-22
-32
6
10
-6
4
4
3
-6
-6
-4
-15
1
17
41
32
12
-2
32
46
-5
9
-9
-25
-12
-41
-16
-38
-60
-42
-32
-16
-25
-18
-48
-38
-27
-48
-41
-22
-28
-67
-48
-41
-28
-16
-25
-26
-22
-5
-3
-1
3
-18
-10
9
6
5
5
14
7
44
56
34
31
31
38
27
53
70
60
29
6
2
0
-7
-10
18
26
22
7
12
0
-2
-6
-34
4
-13
-17
14
0
-1
0
0
-1
-15
-28
-14
3
6
-17
-29
-5
-6
0
6
10
-2
-17
17
29
29
7
-6
21
1
7
47
45
16
15
14
26
18
-27
-12
-5
-3
-26
-37
-7
-25
-39
3
17
-3
1
-13
-13
20
-1
3
26
-2
-20
-20
20
-5
-10
-13
-6
-7
-31
15
-13
-11
-7
-10
12
3
-10
6
23
52
40
0
12
11
17
-12
-15
14
3
-12
-4
-5
-20
-3
-6
-13
-24
-26
-16
-18
-21
-37
-25
5
9
15
-3
-3
-19
-20
12
-12
-15
-1
2
-2
-1
-10
-28
-2
-3
-19
-18
2
-7
-31
-19
-16
1
-3
3
23
22
25
35
19
-10
-11
-42
-25
21
-3
-21
-21
5
19
31
41
22
31
37
23
20
57
54
48
59
70
76
24
28
55
48
28
37
59
29
17
18
-2
-9
-61
-63
-41
-59
-48
-55
-49
-69
-46
-10
-14
-8
-3
-1
-10
10
-24
-37
-21
-19
1
-9
6
1
-6
-9
-10
3
-26
-32
-3
13
19
10
0
-9
3
7
-24
-5
-13
-50
-44
-29
-47
-49
-23
-27
-23
-2
-19
-19
10
16
21
1
25
35
28
35
16
21
22
10
-7
18
32
15
1
9
13
16
7
12
37
12
19
-9
-25
-19
-10
41
10
12
38
29
29
6
7
9
3
6
23
57
31
-5
9
19
16
-17
-16
-4
-6
-27
-38
-2
-13
-31
-32
-32
-31
-31
-30
-28
-23
-22
-42
-35
0
2
8
-3
16
27
-4
-5
3
22
18
18
38
35
-6
-8
38
19
10
-29
-16
5
-34
-18
-18
9
-2
1
7
-11
-17
-28
22
20
-17
13
28
10
12
19
33
-3
-4
4
4
19
8
-6
-16
0
-21
-6
16
1
0
-1
-12
-27
-7
3
-8
-15
-35
-57
-48
-28
-15
0
23
17
13
17
35
46
20
31
19
-4
-9
-13
-4
-7
-12
-22
-16
-2
-12
-16
-10
4
-5
-11
-17
-16
13
4
25
22
16
10
-10
-8
-12
-14
7
13
5
31
22
10
13
21
-14
22
32
19
48
16
3
0
20
-9
2
-1
-35
-26
-14
12
-8
-8
-1
-6
-1
-6
-17
-8
1
5
23
36
44
27
12
1
-13
15
6
13
35
11
4
-9
7
-17
-27
-19
-45
-39
-47
-58
-49
-43
-66
-41
-20
-36
-36
-16
0
-29
-17
10
-9
-3
5
5
7
9
13
9
-16
-11
37
4
-12
9
-3
5
4
2
3
6
17
11
36
51
24
34
40
35
22
37
24
6
50
40
10
-1
6
0
-9
-19
-21
-10
21
31
-4
10
13
3
29
11
0
4
7
-2
-4
-9
-19
26
-1
-8
2
-12
-9
-19
-32
-41
-9
-28
-36
-28
7
0
-24
14
6
-10
1
12
21
23
-6
7
4
-5
7
0
-5
-8
-30
-38
2
-3
-13
-32
-45
-16
-8
-23
-26
-16
-16
-25
-20
-7
-34
-37
-10
-12
-34
-36
-41
-22
12
-3
11
8
-13
7
3
15
34
41
46
48
72
32
7
19
17
36
59
67
37
24
28
27
2
16
18
6
21
11
2
-13
4
-10
-20
5
19
13
-13
-11
10
12
-3
-19
-5
-6
-28
-32
-21
7
-10
-6
22
23
-24
-27
-16
-15
14
-9
-3
-9
-23
-12
2
15
-4
-6
9
13
10
-17
-6
4
-13
-5
-17
-12
11
-9
-54
-55
-47
-51
-38
4
25
0
-9
-2
17
22
6
8
8
6
9
22
34
10
0
-3
-4
-1
-10
-23
-13
12
26
44
22
-4
-10
28
38
23
8
16
21
-3
-2
1
25
34
33
22
18
-7
-3
-16
-28
-16
-40
-22
-33
-52
-63
-41
-35
-19
-22
-4
22
-10
17
18
1
10
10
8
25
20
18
24
23
18
-5
12
25
13
10
2
3
3
-20
-28
-39
-11
22
9
25
14
-1
-10
-26
-22
-3
6
-10
-12
17
-13
-35
0
-23
-17
-32
-28
6
-3
-9
-9
10
-14
4
0
-9
-6
-32
-6
13
32
41
41
13
7
16
-5
30
15
-3
-3
-12
20
9
-11
10
24
-3
-35
-27
-5
3
-12
-4
20
36
26
-4
17
13
29
34
41
42
-7
3
32
13
-13
4
-9
-7
-12
-19
-30
-11
5
-22
-2
-36
-36
-47
-45
-26
-30
-25
-22
10
-3
2
4
-1
7
3
7
25
32
8
6
13
1
-29
-9
3
-27
-29
-18
8
20
41
36
28
9
7
27
-5
22
19
0
13
-4
-17
-8
3
6
20
11
-9
6
15
-3
-6
-14
-19
-17
-35
-20
-21
-42
-35
-47
-50
-41
-23
-9
-13
10
-5
0
28
-9
-6
-8
1
5
-5
32
13
-5
-5
20
29
15
0
-9
33
45
22
35
37
3
9
0
16
4
-3
10
-11
4
-31
-32
0
-7
-22
-10
18
14
13
-2
-6
15
6
9
24
16
9
0
16
24
-12
3
-1
-9
17
25
40
44
29
-11
-10
6
13
15
5
22
19
-6
-6
-4
-9
0
-5
-7
-15
-25
-58
-40
-26
-33
-23
-34
-10
-34
-13
6
-13
3
2
7
-3
-19
-13
3
0
-11
-22
-9
4
16
6
7
14
9
-16
-36
-1
-22
-38
-47
-48
-33
-2
-14
-16
28
10
2
-12
-4
-10
-34
-33
-13
10
-12
-13
13
15
39
41
32
44
28
53
48
69
64
11
25
18
27
16
37
58
34
14
3
22
-1
5
12
-3
13
-24
-54
-7
1
-26
3
2
-5
-2
-13
-4
-25
-26
-40
-32
-21
-49
-35
-25
-30
-32
-18
-16
-13
-22
-29
2
21
-6
-10
16
10
28
29
35
36
15
4
24
30
-15
-27
-17
15
9
-15
3
8
19
20
14
13
-7
2
14
4
15
6
21
25
-9
4
10
22
6
-27
-19
-11
-4
-32
-16
8
-18
-31
-3
3
-10
-11
-38
-20
-15
-1
23
-22
-32
-30
-21
-12
-31
-3
13
4
4
20
7
4
32
46
24
13
28
16
-7
-6
18
-19
1
-7
-20
9
-24
-7
-6
-7
-12
-7
20
20
-5
15
43
16
20
17
-6
-5
3
22
22
21
23
0
-19
-31
-28
-33
-24
-9
24
14
-8
-4
-2
-13
-10
26
-13
-19
-37
-44
-28
-35
-13
-5
7
6
-6
-17
18
3
-13
-10
-25
4
-9
-15
3
22
29
30
31
22
3
-10
39
56
19
24
26
51
47
20
37
17
20
19
34
34
3
-13
-4
16
-9
-9
7
13
-8
12
6
4
-18
-44
-18
-38
-25
-45
-50
-42
-36
-56
-55
3
-5
-31
-54
-36
-12
-22
-12
9
-7
-8
2
5
7
-4
0
-10
-7
-24
-20
-15
-2
-6
-2
48
38
31
23
34
42
38
43
56
39
45
29
-18
20
9
-6
7
16
24
13
-4
-14
-12
-5
-7
8
30
12
-1
25
19
0
-11
-18
-32
-55
-26
-47
-32
-39
-35
2
-3
10
-25
-3
-10
-28
-4
0
-25
-20
-19
-41
-30
-41
-38
-28
-11
-6
-1
-4
10
22
25
33
11
28
27
31
57
47
48
59
50
34
23
20
7
8
38
22
20
38
36
38
23
8
-2
13
21
4
7
3
-28
-17
5
-25
-41
-35
-52
-46
-41
-35
-19
-22
-26
-19
-10
-4
-10
-22
-44
-26
5
-9
-16
-13
-4
-15
-10
-20
-32
-8
-8
-8
9
1
-3
2
-3
5
3
7
0
-6
3
7
1
8
19
29
35
3
20
43
0
-1
29
35
34
20
34
15
-28
-63
-33
9
-4
-13
-14
9
-28
-41
-3
10
13
18
15
12
22
16
3
13
22
4
3
22
7
-16
8
5
17
-1
7
12
22
32
-27
6
-12
0
3
3
6
-44
-17
-16
12
1
16
26
-32
-41
-38
1
-1
-16
-5
-2
-1
-7
-15
-20
-8
-10
-15
-13
19
45
18
25
13
14
31
-5
-2
16
11
-5
-11
-10
-35
-23
13
-17
-23
-4
3
-8
-31
-3
3
-10
-13
-38
-13
0
10
15
-21
-20
-19
-23
16
-2
-28
0
-22
-11
-12
-12
-19
-22
10
-11
1
9
17
7
4
55
55
3
22
60
44
47
51
40
40
48
35
21
6
3
16
28
14
-2
17
5
-3
23
16
9
-1
14
8
-35
-7
-8
-28
-35
-27
14
-1
-26
-44
-54
-51
-42
-11
-20
-15
3
-3
3
-19
0
-4
-22
-13
-27
-33
-36
-20
-29
-31
-12
3
-20
-62
-39
-21
-23
-23
-14
15
20
45
41
42
51
26
41
32
45
10
7
46
27
26
30
47
7
-17
-10
-19
-2
-4
-33
-15
-27
-25
-25
-19
5
-33
-3
16
32
23
20
-3
-16
12
-8
6
1
12
7
7
14
-8
-20
18
32
34
39
17
24
13
0
16
19
-22
-13
-23
-19
8
-7
22
14
16
-16
-26
-9
-17
-7
-8
-9
-14
-10
-47
-32
-30
-24
-13
-17
-16
-19
-16
-38
-32
-44
-21
-10
-1
17
10
4
15
32
10
34
50
36
20
13
26
35
17
