21
-12
-15
-35
-51
-70
-95
-57
-59
-35
-7
-29
-39
-23
-43
-55
-25
-25
-2
-4
18
27
34
22
2
56
38
25
28
18
3
9
-12
-45
-17
15
39
44
54
18
21
25
-1
21
35
48
39
30
26
17
-7
-7
-4
0
6
1
2
-11
-23
-21
-2
-7
-4
0
-15
1
0
-25
1
11
-19
-11
-21
-38
-37
-25
-19
-6
-24
-42
-20
-35
-35
-37
-41
-35
-8
-32
-35
-7
0
5
16
39
-6
28
35
12
38
47
22
14
0
-50
-38
-38
-11
1
-19
-22
8
25
5
15
47
35
17
28
30
48
56
49
28
18
30
22
-13
-9
-18
-7
9
5
14
-26
-12
-14
-12
11
6
10
16
36
4
-15
-19
-25
-33
-38
-19
-26
-42
-28
-18
-20
2
19
16
13
3
-17
1
-10
-6
-6
-13
18
2
16
-22
-28
-10
-11
-6
-34
15
-7
-4
32
19
15
1
15
0
12
25
49
43
34
33
3
21
-19
6
24
19
48
50
68
26
12
15
2
-8
-6
14
-25
-38
-20
-20
-61
-47
-41
-66
-16
-27
-35
-34
-35
-28
-17
-34
-41
-15
-29
2
4
10
-3
5
17
11
12
-2
15
1
10
2
-10
-10
-24
-41
-28
5
-7
2
-3
6
14
4
13
-4
-29
0
22
8
7
23
22
7
44
23
8
31
10
29
19
13
29
14
46
25
18
26
6
3
-4
-6
-10
18
-1
4
11
-16
-16
-9
6
-1
-1
-4
-5
-8
-16
-28
-22
15
22
21
1
-12
-23
-4
13
15
45
34
15
-19
-22
-44
-20
0
-31
5
-23
-19
-25
-26
3
-26
3
-2
-10
-3
1
0
-7
12
-10
-40
-13
0
-5
11
6
28
26
31
35
1
11
18
7
-15
-34
-18
-12
-41
-25
-22
-28
-12
-3
-1
-45
-53
-26
-19
-11
-28
-9
22
16
42
44
34
18
16
42
19
17
36
25
12
19
25
24
19
33
19
-3
17
-7
-1
12
6
1
-4
2
-8
16
-4
9
3
7
0
-12
19
-22
-28
-44
-14
-18
-31
-19
-26
-16
-15
8
-19
-26
-19
-21
-31
-11
-7
-19
-16
-38
-26
1
12
-10
-2
7
16
57
57
24
24
62
41
33
32
48
47
19
29
0
22
3
-15
-7
-53
-24
-7
-19
-31
-24
-21
-38
-27
7
18
10
-3
1
17
25
23
6
31
0
7
23
-31
-28
-5
-5
-19
14
16
-5
-6
-5
-28
-56
-56
-59
-67
-69
-42
-41
-30
-19
-7
17
-5
16
16
16
49
43
32
25
42
48
60
49
40
57
42
22
17
27
6
-4
6
10
21
-5
-29
-28
-12
-29
-24
18
22
-3
-9
-16
-50
-36
-32
-51
-46
-43
-31
-42
-32
-24
-42
-31
-22
6
16
29
30
9
-7
3
3
-6
-3
-18
6
-9
4
28
35
19
6
37
40
62
65
66
57
32
28
3
10
50
26
9
12
-4
-12
-4
8
-24
-17
-16
-32
-24
-31
-21
-28
-44
-43
-38
-26
-3
8
-8
-30
-27
9
-16
-21
-2
-14
5
7
10
23
22
44
55
27
16
22
24
15
-23
-22
-3
-16
-40
-26
12
8
3
-4
2
8
-21
13
12
15
37
4
21
29
27
32
3
26
34
-7
-6
-31
-19
-22
-39
-36
-50
-43
-62
-71
-57
-32
1
-3
-18
21
13
-31
-44
-44
-39
-32
-46
-73
-73
-42
-3
-2
-8
-9
-6
-26
12
50
32
12
26
38
41
47
47
49
14
39
43
50
56
54
83
88
83
43
78
80
53
60
84
75
29
53
62
53
50
43
32
0
-37
-57
-36
-35
-50
-15
-35
-60
-56
-50
-68
-92
-55
-63
-53
-33
-49
-41
-31
-47
-42
-35
-30
-41
-59
-35
-65
-73
-47
-33
-18
-19
-19
-32
-26
-18
-7
-6
-18
-16
-8
-7
19
52
40
52
20
3
51
43
47
47
34
24
29
25
-1
11
-3
8
20
0
47
26
22
57
45
53
41
53
45
39
13
0
-10
-34
13
-12
-1
0
-22
-13
-43
-25
-10
8
-14
-37
6
10
-20
2
8
-7
8
-1
0
-17
-15
-4
-11
-22
-16
3
-39
-45
-19
-15
-22
-10
22
3
-21
-6
-16
-28
11
3
17
32
0
-2
4
12
0
7
-1
-13
-2
-11
-16
29
59
32
28
42
45
34
65
38
22
47
7
-24
-34
-25
-13
3
-24
-28
-46
-70
-49
-38
4
-3
-9
4
-1
1
-2
5
16
12
3
-4
-32
-23
-5
-11
6
16
10
8
0
4
25
17
26
26
18
31
12
30
22
6
-8
-16
3
1
7
-13
-46
-41
-19
-29
-39
-42
-32
-44
-73
-51
12
5
-32
-16
-16
-9
10
25
8
-9
-4
1
-22
-6
2
-13
-9
-20
-12
-2
22
4
20
57
42
43
50
53
60
74
67
34
33
42
17
29
56
46
13
16
10
-11
-23
-34
-2
-5
-16
-12
-10
3
-4
2
27
0
-6
9
9
-16
-37
-30
-60
-54
-32
-28
-36
-16
-42
-55
-19
-15
6
30
38
29
19
-9
7
0
-24
-16
-4
-14
-48
-35
-48
-53
-35
-14
-16
1
10
-12
-2
4
28
44
62
41
15
29
36
18
42
19
-28
2
-16
-20
-25
-22
-22
-13
8
6
5
-2
-1
-15
-4
7
12
42
38
22
38
48
44
64
50
12
19
11
18
-3
-23
2
-31
-39
-19
-3
9
0
12
14
-7
6
-4
-19
-26
-28
-15
-25
-47
-44
-10
-28
-39
-25
-35
-53
-47
-49
-76
-42
-29
-29
-12
28
31
3
30
20
35
18
12
44
45
32
10
56
47
42
39
23
26
26
24
9
41
37
23
16
10
3
0
0
-12
6
6
3
4
-7
-32
-35
-34
-51
-30
-18
-18
-20
-27
-15
-45
-22
12
10
13
-12
-2
2
5
16
21
14
25
18
8
16
11
23
3
-24
-14
11
-8
-28
-48
-32
3
16
22
17
5
1
-12
-33
-7
-23
-19
-9
-7
-19
-35
-29
-35
-38
-50
-29
-25
-11
10
6
21
19
-6
16
4
-21
-7
9
-1
-2
15
7
15
0
18
32
51
28
17
27
7
18
12
33
24
18
36
27
20
37
20
5
44
53
28
36
48
37
-1
-2
11
-10
-3
-9
8
-13
-18
-6
-5
-19
-25
6
-12
-10
-33
-41
-51
-47
-41
-42
-43
-58
-50
-58
-12
10
-13
-27
-16
-17
-30
-30
0
-12
-15
-10
-21
6
-6
-9
-14
3
-16
-27
5
3
4
20
38
22
9
7
21
54
44
28
42
38
29
29
16
-2
15
22
-6
-4
34
36
22
19
-6
15
8
-24
-12
-9
-15
-29
-19
6
-12
-16
-1
-31
-13
6
6
2
-16
-3
-25
-38
-5
-3
-26
-21
19
10
-8
20
13
6
0
-4
-9
5
10
-10
-7
-6
-20
-16
7
0
19
25
11
28
53
45
26
16
24
23
2
7
3
-16
-20
7
-3
-8
26
29
18
12
8
6
0
5
3
-1
15
17
2
-25
-42
-38
-26
-14
4
10
3
-16
-19
-40
-57
-46
-53
-32
-45
-35
-40
-42
-35
-23
-21
-35
-15
-21
-12
-13
24
38
30
10
15
49
47
31
-2
5
30
22
-3
3
10
-1
-10
9
11
0
-6
-4
0
0
30
39
19
20
39
25
8
26
32
32
17
23
22
0
36
12
-14
-24
-21
5
-6
-4
-16
-19
-33
-64
-62
-20
-50
-85
-38
-15
-7
2
1
-6
6
3
16
51
57
38
49
49
36
41
28
25
34
21
13
21
-15
-2
23
6
0
-21
-22
-9
-13
-19
-21
-28
-37
-26
0
-6
-25
-36
-29
-31
-3
33
19
16
20
7
4
21
-14
-25
-29
-20
-5
-16
-19
-13
16
5
-7
6
6
9
-2
0
2
-6
22
-4
-29
-20
-22
-8
-3
-12
-34
-35
-19
-4
9
-7
-8
12
8
9
-1
-7
0
16
1
5
22
16
39
26
2
0
5
6
13
20
19
19
6
-3
-15
-18
-2
0
-9
-24
-47
-39
-25
-9
-27
-34
7
22
38
31
2
10
0
-9
-3
17
35
23
52
39
23
42
41
44
51
40
20
25
0
18
37
9
22
26
0
-12
-3
-21
-24
-29
-44
-6
-2
-24
-18
-3
-27
-57
-28
-28
-31
-5
3
-1
-7
-10
-17
-12
-13
-13
-23
-22
-40
-38
-32
-57
-26
-10
-13
-25
-26
-19
-9
-17
-36
-20
-18
-8
-4
11
7
18
11
-3
7
23
46
18
35
50
27
18
28
43
47
33
21
46
47
49
56
42
26
24
29
-9
-16
8
-9
-16
-6
-2
3
-2
-13
-26
-10
-10
-13
1
-6
-9
-19
-9
-18
-11
-9
-12
5
-20
-18
25
22
-7
22
38
28
4
-12
-3
2
-21
-30
0
-19
-14
0
-26
-39
-31
-26
-32
-22
-3
-13
9
15
-8
-12
-19
-4
-16
-14
-17
-20
-14
-27
-14
-5
9
11
30
20
16
44
27
32
25
44
64
38
54
34
37
54
41
13
-13
13
7
1
-13
-20
-40
-45
-14
-18
-17
-44
-39
-36
-38
-17
-9
-23
-44
-55
-49
-20
9
3
4
15
15
34
25
25
21
41
26
19
29
-12
-2
-26
-16
-3
12
10
-21
-6
-12
13
12
3
22
-1
-2
5
-2
-7
3
23
9
-3
-5
13
8
7
17
17
32
25
16
7
13
7
-7
-16
-39
-26
-27
-41
-9
4
-20
-7
27
11
-11
-6
-35
-35
-18
4
14
11
3
-38
-23
-10
-1
-7
23
10
-6
7
-2
18
-4
11
-3
6
21
25
50
9
-6
5
-12
-23
7
8
0
-1
-3
0
7
1
-15
-7
-25
-11
6
-14
-13
-21
-3
-14
-28
-9
-17
-10
-18
-15
-19
-41
-24
-15
4
21
16
23
11
19
24
8
10
25
36
52
43
30
45
31
13
15
38
34
3
15
8
-9
-6
-7
-13
-15
8
14
18
8
-13
3
-2
-11
-6
-8
-12
-23
-25
-11
-34
-12
-16
-43
4
9
2
-10
-30
-28
-31
-47
-22
-8
-7
-35
-29
-9
-18
1
-31
-7
-4
-11
3
-11
-10
4
22
31
22
19
28
-3
15
28
26
28
9
-5
-7
-28
-3
34
40
62
25
20
18
35
37
53
46
13
38
13
-6
-34
-24
-26
-35
-23
-32
-22
-16
10
-10
-28
-7
10
5
-12
-4
-15
-21
-25
-7
-7
-33
-6
6
14
4
8
-7
-31
-18
-7
9
-3
22
22
-20
-10
-6
-20
-9
-27
-13
9
-11
-17
-16
-16
-22
-23
-31
-10
10
22
20
10
32
3
10
54
31
34
56
45
29
28
22
21
29
25
27
19
12
-3
12
-1
-39
-22
-3
2
-3
0
-3
-4
7
4
-11
4
3
11
15
-22
-26
-35
-35
-10
7
-16
-22
-15
-37
-24
-14
0
-13
-36
-24
-9
2
-10
-7
-24
-38
-32
-19
-9
2
4
-13
-9
-1
-9
-18
10
3
8
9
8
4
-1
12
-9
-1
-20
3
1
-13
-13
-22
24
25
25
23
17
7
22
19
10
20
34
32
12
46
36
24
44
52
41
41
50
26
18
33
28
22
47
35
31
21
-2
-10
-31
-32
-21
-26
-45
-38
-44
-29
3
-6
-11
8
14
-6
-8
-7
-13
-21
-25
-26
-18
-23
-46
-42
-44
-48
-44
-23
-28
-57
-38
-26
-50
-44
-28
-57
-60
-44
-39
-10
-25
-15
15
-3
0
4
10
13
13
11
32
47
35
25
3
0
43
80
67
57
63
38
9
37
54
20
19
43
31
32
33
40
55
54
62
39
40
44
28
25
5
6
24
22
9
-11
-12
-22
-37
0
-19
-32
-38
-34
6
-7
-13
-27
-24
-38
-56
-35
-48
-27
-8
-28
-30
-37
-54
-27
-13
-30
-33
-41
-55
-63
-40
-35
-50
-54
-58
-35
-26
-30
-32
-20
-16
-20
-9
-16
-2
22
31
24
22
28
25
21
39
45
45
59
58
64
80
68
45
62
64
64
57
45
26
23
32
5
43
36
24
42
12
9
23
16
13
7
-16
-24
-34
-31
-39
-42
-51
-38
-43
-44
-31
-46
-31
-41
-13
-32
-58
-37
-22
-26
-24
-18
-37
-18
-16
-20
-12
3
4
11
16
9
12
-5
-4
-19
-26
-1
16
48
34
16
31
22
26
21
38
33
0
-1
13
9
-15
-8
0
3
24
39
46
7
-19
8
1
-26
-6
26
29
28
18
6
0
-12
-13
6
-3
3
7
3
10
-27
-11
-11
-9
9
10
18
-10
1
3
-25
-15
-41
-38
-42
-38
-14
-41
-19
-22
3
-21
-39
-4
-29
-1
-24
-39
2
-3
-5
-12
-16
-4
-22
-6
-26
-20
21
0
23
32
8
-20
-19
-12
9
9
22
19
28
54
21
29
29
34
22
8
1
20
47
35
39
47
54
56
83
35
21
31
28
40
5
16
-10
2
5
5
-3
-35
-18
-40
-26
-13
0
-10
9
41
3
27
7
3
-2
-26
16
-17
-24
-55
-27
7
-49
-51
-72
-24
-54
-38
-31
-82
48
-9
-10
0
-74
-22
-74
-15
-47
-60
7
-53
2
-43
-48
-9
-32
0
-40
-11
-10
-1
34
2
16
4
15
9
11
27
6
10
-3
33
34
-5
38
48
36
54
41
37
8
-11
11
3
26
22
12
38
10
13
46
58
64
46
99
45
-3
51
15
45
21
27
33
46
29
-27
19
-1
0
4
63
6
-18
0
-38
-25
-94
-50
-50
-50
-67
-67
-34
-111
-27
-60
-64
-32
-105
-2
-53
-6
10
-12
63
-18
49
-9
4
17
-41
4
-18
7
-12
-19
-13
-19
-38
7
24
19
45
30
47
16
51
-5
-19
13
-71
13
-43
-39
-19
-21
61
-54
21
-39
6
48
-62
82
-20
35
6
18
77
-65
67
-50
-2
29
-22
95
-10
50
-8
23
26
-43
63
-45
44
-3
-31
60
-27
36
-22
-42
21
9
31
36
19
13
-11
20
0
6
40
9
68
12
16
34
-7
22
-16
3
9
-40
-25
-67
-74
-41
-75
-28
-32
-12
-26
-54
20
-26
11
-5
-20
33
-35
82
-10
-40
28
-50
99
-25
53
59
10
124
-33
87
-23
34
61
-58
70
-64
45
-63
-85
9
-104
-28
-92
-20
-6
-50
-6
-67
-34
-24
-39
-1
-23
-11
0
-20
-10
-50
-34
-12
-77
-18
-56
-39
41
-32
5
-60
35
-36
-23
119
-1
101
-6
92
42
-75
65
-38
77
9
37
115
15
125
68
102
59
30
149
50
123
98
46
82
7
55
-5
-33
18
-3
-22
-54
-44
-38
-28
-1
-6
-35
-28
-12
-4
7
-35
0
-24
-41
-22
-79
1
-48
1
3
-54
10
-76
42
-15
-27
-18
-133
19
-87
-24
-24
-108
57
-82
-6
-73
-88
39
-134
28
-72
-47
49
-86
67
-60
9
-16
-99
79
-76
80
19
-68
97
-50
63
-48
-35
96
-86
84
-15
33
99
-28
161
-24
81
56
-9
137
-89
79
17
-1
84
-20
153
-4
23
80
-53
127
0
94
101
-44
150
-25
75
20
-60
58
-127
31
-72
-26
88
-93
69
-34
-13
-4
-110
49
-46
31
16
-74
55
-75
-33
-38
-128
-20
-146
-38
-80
-128
47
-95
6
-54
-49
54
-71
52
-45
10
81
-79
88
-1
55
53
-38
73
-63
28
0
26
60
-34
77
98
41
49
7
6
12
-63
36
-72
2
23
-33
56
-111
57
-13
9
50
-134
72
-60
58
15
-79
85
-114
69
-60
13
86
-94
109
-63
69
37
-13
137
-60
124
47
-39
-1
-88
6
-100
-49
-59
-113
21
-45
-77
-72
-63
-22
-87
-59
-16
-36
2
-22
3
-38
-56
40
-5
38
59
61
91
47
125
69
52
104
25
91
72
69
91
21
120
43
72
81
3
68
-67
78
-60
-31
75
-107
75
-97
41
-25
-74
89
-187
49
-76
-25
43
-92
152
-137
24
-2
-78
71
-145
81
-89
-2
35
-139
52
-127
-7
-29
-71
23
-133
-29
-67
-95
-48
-176
-61
-109
-124
-13
-110
5
-44
-17
40
-76
72
-75
4
79
-69
89
-50
104
85
3
174
0
145
30
32
117
-42
136
0
35
73
-51
118
-37
31
21
-37
123
-95
24
-26
-13
86
-45
109
1
72
104
18
114
34
53
84
55
115
75
88
142
54
152
89
47
97
-35
64
-33
-25
25
-101
36
-86
-31
-21
-116
30
-148
-61
-69
-107
-16
-153
-35
-135
-120
-43
-169
-77
-130
-98
-69
-95
-27
-82
-47
-36
-74
-73
-80
-78
-23
0
5
57
19
15
-2
21
0
-14
48
13
59
26
-13
7
-47
-28
-51
-46
-34
-81
0
-40
-20
30
-34
17
-71
-28
38
-46
24
-46
-15
-11
-25
75
-19
70
66
96
89
66
161
104
211
148
129
108
120
135
53
146
-18
28
28
2
62
-83
-22
-168
-64
-75
-132
-28
-183
13
-110
-21
8
-69
96
-76
143
19
99
114
54
224
53
312
68
143
135
53
270
-20
332
114
197
267
-65
331
-55
242
83
-95
268
-200
295
-120
14
124
-253
252
-270
160
-40
-180
40
-380
85
-277
-145
-103
-284
9
-380
-148
-226
-273
-131
-333
-266
-461
-344
-310
-355
-338
-345
-347
-341
-285
-372
-270
-359
-297
-292
-305
-167
-304
-86
-159
-148
-41
-214
3
-144
33
35
-40
222
79
295
221
259
290
198
424
366
417
344
324
427
301
420
418
341
419
255
350
174
123
74
-158
93
-265
-114
-287
-304
-2
-449
110
-213
161
303
38
816
191
810
508
594
1118
540
1661
921
1369
1388
999
1931
772
1426
618
548
981
-14
873
-247
79
-464
-1112
-224
-1185
-718
-1801
-1829
-1355
-1900
-1281
-2133
-1765
-1818
-2040
-1628
-1966
-1331
-1406
-1264
-1084
-1042
-640
-718
-509
-238
222
192
30
139
683
1213
1088
1023
745
1041
1141
1127
1290
1013
1083
676
584
785
629
450
-285
-281
-129
-288
-429
-762
-548
-614
-685
-790
-914
-696
-648
-605
-595
-407
-275
-140
108
395
512
383
457
684
931
1047
1020
965
960
1003
1043
931
841
666
610
640
387
361
247
213
54
-224
-181
-490
-515
-598
-639
-595
-915
-802
-991
-757
-750
-940
-766
-846
-248
-262
58
121
170
706
590
1153
929
1282
1587
1600
2188
1767
2204
1954
1948
2170
1599
1750
831
1018
895
474
453
-495
-269
-1011
-921
-1033
-1817
-1880
-2672
-2062
-2195
-2341
-2476
-2979
-2346
-2580
-2262
-2182
-2101
-1610
-1768
-1234
-1233
-952
-931
-1083
-498
-416
-36
-218
-17
493
593
854
522
694
926
956
993
798
1063
1123
1122
1160
1206
1326
978
885
966
838
609
410
520
512
413
397
181
-53
-58
139
246
-63
-231
-60
147
168
28
69
69
202
278
334
587
554
524
540
698
676
312
213
400
599
419
221
263
379
322
197
193
-54
-258
-263
-60
-35
-287
-366
-404
-381
-626
-651
-637
-834
-726
-929
-866
-1073
-1155
-960
-1154
-914
-1147
-962
-756
-524
-179
-336
177
73
294
480
640
1175
909
1563
1806
1962
2045
1842
2408
2011
1931
1549
1160
1338
1036
1390
866
339
-45
-575
-251
-613
-835
-1405
-1992
-1786
-1714
-1416
-1854
-2333
-2364
-2292
-2007
-1992
-1846
-1823
-1701
-1517
-1482
-1410
-1422
-1344
-1348
-1048
-712
-545
-418
-206
415
575
616
441
494
1140
1158
1399
1435
1674
1905
1625
1994
1970
1950
1526
1292
1512
1154
1072
703
720
477
25
-50
-576
-509
-641
-486
-465
-888
-679
-708
-307
-592
-804
-504
-493
-133
-246
371
549
289
414
324
673
266
200
440
486
733
393
495
504
442
526
319
337
168
200
397
391
360
285
199
84
23
-6
-111
-458
-449
-267
-487
-616
-915
-1004
-1212
-1491
-1278
-1309
-1187
-1215
-990
-513
-689
-630
-585
-263
10
-92
634
940
1274
1414
1529
2238
1895
2042
2083
2001
1840
1227
1826
1821
1565
1217
694
671
-19
27
21
-370
-804
-1558
-1158
-1118
-1275
-1728
-2358
-2217
-2484
-2267
-2111
-2026
-1947
-2182
-1969
-1982
-1740
-1752
-1924
-1793
-1696
-1205
-1050
-741
-446
-163
205
50
114
371
856
1156
1289
1679
1880
1928
2033
2162
2178
1904
1720
1789
1678
1650
1531
1236
871
423
342
-69
-476
-626
-783
-607
-800
-839
-971
-1082
-857
-1190
-1144
-1007
-657
-320
-438
152
421
373
198
284
783
547
552
894
1123
1164
932
1056
1102
914
879
887
1005
896
836
1022
990
838
596
543
519
322
298
310
372
234
-10
-46
-258
-633
-1008
-935
-1018
-1413
-1544
-1527
-1484
-1737
-1659
-1492
-1551
-1632
-1636
-1039
-835
-961
-666
-508
-46
139
500
940
870
1274
1433
1993
2065
1631
1727
1443
1782
1752
1578
1603
966
869
417
525
446
-417
-536
-1027
-845
-1025
-1343
-1342
-2171
-2266
-2372
-2065
-1955
-2456
-2234
-2301
-2157
-2187
-2278
-2091
-2285
-2099
-1781
-1338
-1064
-1008
-767
-311
64
226
338
485
987
1424
2060
2251
2227
2384
2405
2684
2641
2766
2653
2216
2246
2213
2204
1648
991
829
465
306
13
-146
-407
-968
-907
-917
-988
-1216
-1317
-1097
-1181
-1131
-705
-455
-415
-417
-136
273
-7
213
522
832
841
760
1071
907
989
953
995
1040
883
808
1263
1188
813
793
712
819
377
584
484
251
380
-177
523
122
-336
-211
-736
-218
-960
-686
-867
-1347
-951
-1836
-1168
-1670
-1991
-1750
-2064
-1582
-2104
-1569
-1648
-1947
-1470
-1625
-1080
-1272
-1097
-848
-523
-68
-97
785
564
557
939
1361
1544
1141
1633
1619
1801
1800
1755
2042
1320
1088
1135
1163
1157
532
568
269
64
-57
-438
-129
-732
-1066
-1251
-1204
-1001
-1629
-1510
-1624
-1671
-1826
-2078
-1646
-1841
-1875
-1828
-1524
-1161
-1328
-885
-504
-211
-132
8
590
816
1191
1588
1983
2087
1946
2182
2312
2412
2287
2091
2141
2047
1951
1673
1555
1303
753
433
248
135
-176
-430
-369
-561
-759
-803
-1026
-802
-1168
-1030
-975
-797
-797
-899
-183
-577
-218
-436
-185
-218
-303
94
181
588
136
505
728
240
478
599
262
494
706
776
502
966
455
388
747
225
257
55
479
-63
49
80
-345
-188
-571
-817
-785
-287
-958
-1288
-377
-769
-1386
-901
-929
-1484
-913
-996
-1350
-969
-787
-1092
-1106
-575
-943
-824
-675
-803
-429
-242
-416
-498
-174
122
-211
306
582
288
805
656
1228
1158
1088
1190
1086
1508
1175
1731
1486
1202
1478
1145
1333
1034
962
937
608
527
262
544
214
-382
-245
-585
-860
-959
-861
-944
-1300
-1077
-1218
-1332
-1269
-1537
-1416
-1309
-1275
-1163
-819
-682
-729
-378
-296
-317
-237
147
136
212
593
440
677
674
742
752
845
771
317
1038
713
463
773
621
783
338
393
203
380
493
-325
447
517
-357
397
49
323
-79
54
685
-762
1129
-321
119
511
-162
782
-908
1309
-499
203
987
-642
1042
-433
736
150
-373
925
-552
835
-15
-386
828
-657
179
-861
185
81
-1904
1053
-811
-853
-45
-963
-34
-1186
213
-1036
-307
297
-1380
669
-408
-689
90
-335
-318
-334
29
-365
-655
383
-1093
-644
-477
-979
-550
-1009
-923
-1142
-252
-1273
-652
-804
-699
-1112
-388
137
-337
630
-417
947
619
1063
746
863
1651
743
1685
1808
1840
1615
1423
1647
1520
1302
861
939
1186
713
697
771
541
66
-195
-112
-46
-535
-690
-501
-604
-726
-1068
-811
-1000
-1501
-1210
-1083
-1119
-1179
-1057
-771
-938
-995
-903
-447
-1053
-655
-281
-456
64
-196
154
-154
90
34
166
809
-107
675
717
404
947
222
776
75
451
657
595
639
294
835
362
581
171
790
36
515
298
502
528
-30
922
-230
882
56
-122
472
1
108
2
264
-4
-142
145
-617
105
-216
-295
-206
-607
541
-842
263
-559
130
-479
-458
501
-699
707
-662
420
208
-406
907
-199
-337
870
-395
693
-210
-55
-10
46
22
-1254
851
-1211
-567
-227
-479
-1102
-270
-1261
-973
-683
-1350
-697
-1625
-85
-1204
-625
-1005
-588
-386
-1072
-753
201
-487
-455
182
380
873
-243
1084
928
1231
730
1194
2002
1114
1521
2130
1721
1381
1584
1598
1582
825
1535
1102
840
812
276
885
-238
-362
-169
-286
-638
-1165
-353
-976
-1373
-1336
-961
-1247
-1759
-1309
-842
-1136
-1292
-957
-950
-595
-1245
-735
-723
-844
-965
-342
-193
-723
139
-740
-134
-191
-579
440
-484
541
-73
513
513
32
1560
-1343
1722
386
254
943
405
1610
-671
1808
-380
893
953
-668
1459
798
151
752
807
401
137
1168
-25
215
1573
-294
909
498
714
-133
1268
-94
35
1436
-73
42
775
700
-1128
1207
7
-367
139
699
-622
168
686
-826
260
-359
-426
-133
212
-940
-282
-239
-167
-1022
-675
-235
-1542
-576
-1227
-590
-952
-1699
-332
-2097
-962
-595
-2647
-83
-1801
-586
-1195
-1455
580
-2886
890
-1544
-834
622
-1644
1210
-1160
998
447
-479
1703
-256
1370
1176
650
2324
815
1880
1463
1607
1853
661
2391
904
1400
1679
632
1447
693
607
619
197
293
-226
119
-205
-697
100
-1068
-612
-957
-994
-1035
-1483
-693
-1503
-740
-1235
-1390
-810
-693
-1896
-1008
-346
-1290
-682
-900
-354
-662
-367
-717
-399
354
-783
-391
1177
-126
-260
867
166
659
290
897
255
732
1196
-174
1818
399
385
1024
516
1507
-318
1457
1067
53
2155
-191
1525
1186
510
1006
848
2435
-1165
2108
1474
-694
2008
107
1122
-208
1234
-76
2
1594
-1765
1762
-1048
-568
718
-699
141
-1513
619
-1161
-1105
553
-2331
-130
-605
-2001
107
-1454
-268
-2265
-912
-491
-2327
114
-2206
-973
-502
-2091
-74
-1898
-758
-1480
-1377
584
-2849
816
-678
-1321
-168
-144
268
-1763
806
-87
-263
662
-495
657
452
-289
-24
1215
193
-102
987
-188
1826
-542
878
540
91
1849
-1348
2054
692
113
1308
432
1460
192
1177
776
493
2028
-27
1208
1626
-505
1496
340
-359
1609
-207
155
107
346
200
-1201
615
-944
-390
-572
-568
-381
-945
467
-2029
159
-449
-1440
223
-1057
-175
-567
-346
-751
270
-662
-916
657
-958
0
123
-111
-404
645
265
-984
1396
96
-207
1289
236
472
676
887
4
886
1505
-982
2244
952
-684
1676
384
523
54
1110
-383
453
1098
-748
1205
29
-674
685
-177
-242
-73
-310
63
-1178
1302
-742
-1615
1005
-825
-1409
110
442
-1824
180
-601
-529
-637
-416
-1102
-1109
1324
-3118
1030
-491
-1717
362
-727
-25
-1823
1416
-1317
-1255
1095
-875
-1040
589
-1133
-206
535
-1275
-89
-2
342
-2015
1654
-755
-1094
1883
-1479
-609
1094
387
-1919
960
849
-1331
228
670
-560
504
158
-391
411
1020
-557
82
1486
31
85
418
1512
-391
2123
-81
101
2679
3
737
1022
1979
0
1194
1812
114
1485
607
144
1212
823
110
-11
984
-190
112
41
-788
154
-291
-786
-395
436
-930
-1567
421
-711
-1465
313
-856
-1032
-122
-217
-1505
279
-625
-719
-840
454
-424
-1160
697
-1398
982
-847
-337
23
303
-279
-675
1302
-67
-1404
1356
262
-212
439
149
626
-740
1205
-453
769
-144
309
286
129
260
254
-76
-72
763
-43
11
-128
801
-71
679
-997
1293
-169
-404
850
-27
289
-480
354
483
-168
-270
-506
298
110
-2043
1499
-1193
-742
-610
75
-664
-2154
1691
-2446
-215
115
-1735
493
-1209
-543
-672
-299
-103
-2600
2933
-1845
-1556
1920
-2080
1864
-2794
1836
-395
-685
1923
-2789
3232
-1873
467
580
-942
1790
-1442
949
201
479
390
-996
915
256
-357
1493
-547
435
750
-487
949
910
956
245
145
2121
539
385
2210
-133
2969
-78
1714
1809
404
2390
-971
2748
-246
883
1539
-232
843
182
414
-605
-837
299
17
-904
-528
-498
-630
-1721
-334
-1299
-1214
-653
-1297
-1144
-985
-464
-2154
-1169
-80
-2675
-782
93
-1694
-941
241
-1836
-959
454
-2022
-120
73
-665
-1157
1916
-2013
-688
1307
-963
867
-419
2060
-1485
1512
836
-583
1845
-499
1185
309
2492
653
-933
3255
-1053
613
2183
1
191
1388
1692
-1324
2025
-12
-1106
991
1250
-1591
1111
1653
-2190
835
265
-712
-743
415
-189
-975
867
-1021
-1139
696
-2108
-200
-225
-24
-1894
798
-566
-1876
767
-1256
-290
-1880
2657
-3207
1698
607
-2789
1746
-1645
1478
-784
308
346
-380
1752
-2082
-460
3492
-3810
638
2021
-611
-489
-610
1779
-2237
992
261
-2022
2798
-1027
-1636
3068
-989
-1075
614
1452
-1293
1859
1416
-2002
2832
734
232
862
1784
896
1120
1842
-160
1793
2283
-383
1104
1975
782
83
657
886
62
-317
-614
202
-180
-530
-1587
373
-1797
-1574
-448
-1955
-956
-1514
-1293
-2006
-10
-2576
-1224
-1839
-1950
466
-2568
-155
-1567
-643
-1078
-793
868
-2212
654
-897
-906
1279
-101
-183
51
1255
-1363
1754
1277
-1766
1864
915
47
865
2262
62
-39
2331
-521
1247
1694
-235
1673
357
2082
-1001
1457
2453
-3042
2952
465
160
742
282
303
-635
2517
-2132
-24
3308
-2735
190
1165
-688
323
-671
-637
801
542
-1898
1061
-534
-477
-1022
989
-557
-1628
2012
-3205
531
584
-1575
-587
-575
-69
-1177
-108
-408
-1750
459
-949
-883
557
-1814
-1155
1124
-190
-2565
1807
-988
-2348
954
1027
-1696
-740
362
-1571
1230
-751
-748
611
171
-1192
632
652
38
249
-63
939
825
1502
-355
2348
2048
328
1872
2138
1809
1200
2216
1832
1522
1700
1711
1295
1391
-621
865
2178
-1316
658
-242
-695
-881
-1133
-207
-1722
-1274
-2162
-1806
-1082
-1576
-2038
-1325
-1919
-1936
-2045
-1227
-510
-2349
-1161
-1185
-950
-417
-1368
8
-749
-1273
372
447
409
-385
1322
-144
537
2079
-473
475
1241
242
1168
2689
323
-479
1514
1000
-420
2326
-223
-98
2419
-809
-64
2020
11
-1842
1413
1262
225
892
945
-1471
804
1037
-1382
2173
107
283
536
80
1174
221
895
-2625
1178
2401
-2342
1902
-162
-453
-722
-1014
-187
566
836
-3790
919
1957
-2900
-98
-663
-1047
-898
-651
533
-1984
1014
-3100
-1258
2912
-2101
-2033
678
-1215
-1353
196
305
-1926
-1791
1304
-3258
1717
-978
-2782
376
-816
-1089
-1034
1517
-1802
53
867
-1271
-87
627
-150
574
591
1119
1450
2375
895
246
4164
1647
542
4228
2584
939
2214
2833
3199
1058
2483
861
1460
1257
-171
2334
-281
-723
-323
365
-1264
-1590
-417
-1967
-2510
-2079
-2391
-999
-1267
-2937
-2872
-2066
-1759
-3494
-610
-1523
-2637
-730
-1238
-1945
-791
260
-1186
-536
655
11
1245
1541
-373
708
1378
940
-116
3832
463
553
2679
78
1694
-1163
2118
115
1480
322
-611
2911
-1822
-434
-364
845
346
-775
350
786
509
-1140
-1171
1642
-240
-2254
2749
-203
181
845
-406
-980
-711
1321
-1725
1092
1345
-1147
1006
-157
-1360
2004
1
-1322
468
2864
-1058
142
2098
-1975
1047
426
1167
-1175
1863
-1072
-63
485
-863
1238
-1945
564
-2052
1012
-853
-969
-1885
-1854
-634
-2368
-489
-1471
-2135
-2448
-2576
-1404
-674
-2271
-1756
-1420
-486
-2458
74
-1445
-702
-857
-2497
3087
2939
1119
-98
2072
2074
3261
3116
3244
2871
2478
3413
5230
5896
2732
1173
2614
3688
2025
2956
2098
958
-649
598
773
-961
-1186
-1371
-2204
-3817
-3415
-1450
-1418
-3961
-4309
-4797
-3188
-3216
-3387
-2898
-3044
-2704
-2638
-2075
-1558
-1864
-1429
-324
-304
1089
936
1012
910
1487
1655
2023
3366
3028
2838
2684
3209
3434
2284
1202
1834
2561
2409
1024
675
700
-57
-883
-1301
-817
-375
-844
-2518
-1835
-615
-2182
-2581
-2657
-1955
-568
-1460
-1060
-952
-907
-572
-2199
-577
1670
87
-410
918
839
-775
2784
774
832
1957
487
2646
1191
4059
-1175
2587
1223
-930
5515
342
1035
-131
1547
413
-501
2190
-2380
1372
861
-2695
2063
-3836
-1341
-1647
-1911
687
-3016
-942
-5986
-1077
-753
-4864
-2102
-1915
-2435
-2152
-2117
-2821
-1109
-980
-3219
-1930
754
-1648
840
3135
1326
783
195
2012
6202
5868
2071
1143
4057
5053
5405
5716
3748
3317
1840
2674
4099
4125
2177
-808
1069
1733
-446
-1063
-1234
-1279
-3217
-4344
-3284
-1739
-2118
-5410
-5677
-4092
-4451
-4844
-4991
-4737
-3455
-3493
-3206
-3952
-3934
-2687
-2324
-1381
399
665
204
411
706
2842
2522
4132
4734
3698
3415
4379
7131
5545
4045
3172
4331
5606
4580
3189
2254
2153
326
-267
35
-620
-193
-2584
-3196
-2615
-2892
-3080
-5675
-4106
-3025
-2898
-2992
-4432
-3775
-2616
-2578
-2081
-2108
-728
-745
-1824
1612
765
749
1586
1444
1263
1631
4790
2937
1807
3103
1727
3386
3330
2094
3572
2516
1257
384
3609
2391
-654
798
693
510
667
-1474
-1505
-446
-1526
-1721
-3068
-1225
-3175
-1988
-2689
-4849
-2596
-3836
-4049
-2131
-1541
-4412
-4163
-2519
763
-1317
-3934
-3609
613
2944
1460
1627
818
1124
2551
6204
5792
3790
1750
3091
5299
8554
6270
2383
2745
2899
3634
3818
4107
1064
-50
-1082
1221
758
-2374
-2507
-1826
-2344
-5307
-5119
-2038
-1928
-5909
-6670
-4687
-3431
-6537
-7013
-4767
-3314
-2962
-5132
-5134
-3656
-3360
-2287
-1016
160
332
-801
1933
1755
1889
3169
4806
5126
4202
4957
6166
8673
6621
4644
3472
6104
7319
5125
3534
3178
4807
1753
-483
-6
95
-475
-2716
-2662
-2087
-3336
-4424
-6839
-4578
-2563
-4195
-4834
-5883
-4039
-3328
-3893
-2317
-2636
-1106
-1921
-2247
960
264
1733
283
2291
2908
1701
3203
2407
4845
2607
3634
3237
2995
4652
3107
2820
2014
3067
960
-199
2770
1969
278
-479
-669
-352
-2077
-2387
-3161
-42
-2866
-4076
-1809
-4750
-4101
-3864
-1900
-4371
-3064
-2857
-4209
-2153
-3890
-2278
-352
-2568
-3094
-1819
1015
2801
1143
2166
-314
2270
4153
5495
7849
3798
1320
1803
7684
8965
6491
4236
1327
2794
3971
4176
4985
1289
-1128
-771
1485
1161
-2962
-3205
-1815
-2591
-5461
-5916
-3255
-2003
-4787
-6892
-6873
-5134
-6003
-6875
-4893
-3942
-3532
-5478
-7102
-5448
-3116
-1132
-959
-2016
-1109
-540
1461
2168
2487
3405
3265
4030
5050
6202
7467
7531
7107
5481
5018
8545
7553
6453
3619
2996
5747
4868
3104
-1235
-773
959
-421
-2723
-3816
-1823
-3086
-5908
-6093
-3972
-2427
-5319
-6956
-4442
-2598
-4272
-5341
-3087
-1383
-1546
-2014
-1787
-1795
259
2263
1771
2412
1755
1271
3156
4640
4061
3106
4437
2768
3691
5975
3978
2984
2732
2585
1575
2431
1905
-379
1618
517
-1797
-1754
-3631
-1218
-1918
-3581
-4306
-5309
-2758
-5804
-3971
-3140
-5526
-5429
-4832
-705
-3336
-5979
-4599
-2007
-50
-2067
-2698
-542
1782
1322
1242
2092
3365
3983
3361
6409
7124
3741
2669
5720
9578
7070
4187
3636
3936
5495
4468
3355
2316
806
-277
962
1078
-1494
-2857
-2372
-1827
-4956
-5572
-3695
-3255
-4749
-8056
-6435
-4206
-5850
-7312
-7054
-4171
-3988
-6346
-5786
-4674
-2532
-2500
-2924
-1514
-1147
176
943
1716
1955
2010
3790
5734
5252
3746
5048
8561
8474
4836
4741
6564
6572
5061
4063
5509
5510
2603
832
51
1754
1592
-1264
-2248
-2396
-1100
-2761
-4776
-4784
-3335
-2410
-4991
-4778
-3498
-2964
-2968
-3982
-2576
-2073
-2138
-1458
-890
744
323
-275
594
1854
3194
1987
2581
3798
2957
3337
2546
4714
6001
2818
1631
1634
4790
3017
1049
2038
746
1275
-1893
-530
-198
-1811
-2871
-2601
-477
-4283
-4392
-5523
-5618
-2403
-3677
-5116
-5409
-4675
-3407
-3942
-2627
-5600
-2165
-1146
-3181
-244
-4679
-517
2402
3844
1272
372
3241
1436
5857
7795
4691
2877
2651
6344
9270
7511
4676
1427
3633
3395
5634
5831
1474
-495
-251
2425
356
-2563
-2811
-395
-1431
-4875
-6650
-2465
-1568
-5665
-6923
-5687
-4328
-6920
-6854
-4005
-3609
-4977
-6205
-6023
-3961
-4012
-3135
-2124
-2069
-1603
-1168
1687
2100
-19
718
3556
6642
5246
2653
5176
7489
7715
4811
5327
7921
7102
5186
4054
6417
6464
3963
948
-136
2704
2964
3
-2386
-1970
-1141
-2560
-5014
-4991
-2177
-2687
-4623
-5509
-4170
-3117
-4140
-3794
-3517
-2612
-1835
-2232
-1413
-767
-234
468
241
1173
2166
2908
2373
2266
3933
4443
3013
3228
4662
5089
3694
1970
3541
3658
3409
1508
1430
2567
403
-1489
-2723
-300
67
-2790
-4458
-4559
-3863
-5203
-5472
-3870
-4700
-5764
-7302
-5785
-2645
-3269
-5716
-6271
-2253
-1390
-3914
-3692
-133
2800
1455
-1412
1163
5376
5206
2528
3244
5678
5452
5790
6630
7879
5654
2733
3573
6416
6577
3058
1579
2514
2598
1492
-221
-266
-458
-1788
-1669
-3409
-3460
-3651
-3542
-2991
-5524
-6136
-5414
-4499
-5176
-6052
-4943
-4267
-4845
-5205
-4339
-3253
-2906
-3227
-2681
-921
-2
-242
169
1419
2011
2388
3511
4691
3806
4020
6396
7588
5974
3021
4656
7470
7478
4591
3411
4707
4012
2230
1515
2583
1352
-1419
-1621
106
-53
-3749
-5508
-2331
-2054
-4375
-5471
-3388
-1786
-4443
-5164
-3286
-1613
-2769
-3553
-1484
360
-842
-1548
-675
1743
2468
954
1769
2228
2744
2697
3599
3372
3611
4220
3445
2933
3215
4086
2894
2611
1970
2894
2179
-370
477
496
-899
-1996
-2267
-2576
-4130
-3022
-3494
-4318
-4860
-7133
-4351
-4365
-4256
-4783
-5725
-4844
-3204
-1528
-4626
-5054
-2840
-355
1009
1279
-71
-728
646
4318
6910
3766
1616
2993
5506
7119
6975
6991
3977
1829
4757
5703
5060
1787
1207
3235
2839
933
-2170
-1576
-208
-541
-2109
-3996
-3928
-2254
-2174
-4372
-6024
-5516
-4581
-4669
-4738
-4520
-3530
-4228
-5618
-5139
-3346
-1931
-2198
-1497
-1400
-1359
111
322
896
1901
2917
3774
3160
3202
4688
5721
6670
5561
3432
4388
6168
6811
4635
3043
4132
3742
1961
901
1985
1639
-986
-1503
-273
-848
-3162
-4261
-3412
-2592
-3461
-4003
-3853
-3512
-3651
-3870
-3285
-2739
-2081
-2189
-1735
-954
-885
-1052
-178
1884
2188
702
983
2434
3279
3192
2611
4289
4458
3066
3124
4042
4700
3514
2589
3187
3205
2152
868
922
2693
-201
-1731
-792
-1988
-2338
-4292
-3253
-3780
-3466
-4611
-6541
-4915
-5643
-4587
-5649
-3780
-3849
-4135
-4432
-5008
-3009
-2900
-121
1633
1882
-2263
-2647
3100
7020
5989
2275
1402
3709
6377
7146
5620
5961
4292
2446
4791
5365
5198
1379
870
1328
3134
2113
-2691
-2592
-1201
-221
-3595
-5287
-4301
-1845
-2671
-5840
-6708
-5836
-4570
-5319
-4953
-4546
-4397
-4374
-5155
-4643
-2858
-1926
-1464
-1825
-696
134
1155
1504
1718
3792
3748
4949
4670
4502
4421
6539
8460
5512
3591
3847
8010
7263
3607
2336
2934
4563
1427
516
959
552
-514
-4083
-1295
-339
-2719
-5342
-6811
-2129
-3064
-4392
-5481
-3867
-1581
-5365
-5215
-2840
-495
-1876
-2570
-254
140
-368
-383
892
2894
2805
2290
2205
2286
4137
4229
3894
2974
3951
5207
3541
2886
3890
4471
3207
1286
822
2082
1144
950
248
-207
-631
-4404
-3795
-2801
-2318
-3829
-5577
-3668
-4992
-5565
-7118
-5586
-2844
-4878
-4318
-4166
-3260
-4052
-4946
-2152
-123
3646
1637
-2413
-932
2988
7470
5095
2518
3266
4977
6500
5860
7669
6014
2504
2994
4955
7131
3849
-150
103
2009
2958
-719
-3099
-2104
-1530
-2056
-4656
-6607
-4651
-3036
-3196
-6232
-8276
-5732
-5320
-5745
-6219
-4885
-3067
-4567
-5634
-4781
-2419
-1267
-1577
-1071
223
584
1520
3036
3494
4496
3837
5441
6764
6548
6443
5869
8565
6202
4325
6080
7802
7366
2065
2524
4985
4225
777
-2717
1374
1819
-2252
-4579
-3149
245
-4616
-7887
-6044
-1988
-2706
-7363
-5592
-2714
-3401
-6368
-5173
-751
-555
-3247
-2204
-499
234
-225
520
3478
3010
2325
2240
2984
4711
4374
4902
4407
3335
4383
4605
4783
3374
3652
4358
2473
533
988
1540
1248
-667
-2101
-1301
-2463
-2926
-6211
-4801
-3487
-4224
-4367
-6176
-4952
-6740
-6278
-5239
-2805
-1186
-5768
-6514
-3517
102
1720
519
153
-423
2084
4292
5980
6978
2768
1452
4872
9622
8817
5249
3980
4462
4679
3771
4985
4361
1790
-513
1397
2603
-1692
-4880
-3744
-112
-2050
-7622
-8267
-3904
-2503
-7796
-10555
-6606
-4305
-6731
-8693
-6653
-2953
-4834
-7810
-5511
-1379
-1361
-3638
-2168
266
1068
1581
3368
3906
3972
4641
6660
8087
6946
6435
7867
9990
8110
5989
7245
8741
6726
3110
3236
6209
5680
1386
-2319
-1294
1024
-1236
-3899
-4265
-2073
-3787
-7792
-7822
-4881
-3151
-5785
-7389
-4995
-4044
-5830
-5962
-2735
557
-1499
-3212
-2272
401
1946
1094
2095
3474
4186
2715
2927
5148
6008
4999
3724
5454
6545
4518
2977
3978
5665
4173
2036
1902
1982
658
-749
-209
129
-1714
-4915
-4113
-3330
-3828
-6047
-5800
-4205
-4976
-5469
-7079
-5130
-5367
-4208
-4079
-3762
-4218
-4623
212
2062
1291
-1728
511
4838
5802
5289
4314
4515
4441
4723
9176
9268
5773
1861
2947
7396
5599
4038
943
1267
1128
300
-242
-1951
-3487
-4303
-3356
-4544
-7694
-8460
-4475
-4985
-7779
-10473
-8275
-5568
-8463
-8731
-5796
-2598
-5467
-9691
-5911
-863
-786
-2876
-2214
2021
2335
1981
3897
5132
5918
5725
7453
10053
8384
7754
9306
11128
10329
6221
9127
9910
6617
3837
4419
8154
3295
-895
-786
933
1134
-5637
-6086
-3243
-2964
-5861
-10299
-6929
-5880
-6475
-8095
-8263
-4175
-5840
-7161
-5684
-3101
-2240
-3570
-1400
79
-14
809
1308
2359
3201
4668
5259
4279
4735
6224
6290
4761
4574
7670
8087
4088
2548
4866
7040
2826
-253
1224
3528
932
-3010
-1750
-871
-2802
-7322
-5322
-2499
-3123
-7286
-8219
-5195
-4226
-5923
-6649
-4111
-4014
-5112
-6567
-927
1786
1855
-2289
-2263
3995
6416
7371
3199
2870
4131
5790
9110
9049
7863
5440
920
3810
5837
8298
3903
-2462
203
623
1483
-3322
-3878
-2512
-5483
-7143
-7556
-6002
-5208
-7435
-7782
-9240
-10552
-8046
-7359
-6751
-7657
-5627
-4118
-7033
-7713
-3810
-218
-66
-2480
-311
3606
3624
3247
3724
7232
8070
6626
8115
9550
9646
10011
9442
11424
8537
7539
8362
6975
8207
3599
4628
3603
1498
-351
-3488
889
-2555
-5897
-5695
-5238
-3730
-10256
-9307
-5405
-5676
-6763
-10540
-4206
-4097
-7275
-5685
-4081
135
-3127
-2303
819
1051
1615
-426
2716
5235
4578
4522
3390
5263
5664
5212
5203
4219
6635
6434
4442
3669
3468
5000
3559
1900
2167
1194
587
-900
-558
-686
-3571
-4024
-4604
-3862
-4714
-5456
-3941
-5003
-4877
-5633
-4883
-3441
-4085
-3211
-4100
-3240
-529
1830
2645
-486
243
3027
6090
7437
4912
4249
3013
4660
7402
9084
8557
3057
734
2000
4017
4191
1145
-357
-1811
-3300
-3166
-3839
-3554
-5592
-8094
-8519
-7576
-7301
-7649
-5893
-6680
-12193
-10924
-4110
-6361
-7048
-6421
-3643
-2092
-4571
-5162
-3897
4035
735
-2215
5207
5595
5661
4387
3798
8696
10111
7221
5483
11937
11832
5410
8812
11168
9215
6295
3902
6055
6043
2735
2839
1765
-191
-3413
-3661
-2876
-4251
-4021
-5871
-6256
-7449
-7324
-5700
-5829
-6787
-6414
-3728
-4601
-5819
-2996
-729
-1999
-4078
-775
2792
1883
600
20
4205
3744
1080
3284
5093
5222
2955
4004
4310
2504
2951
4475
4310
3170
2983
3039
2920
2097
1077
641
1152
1197
490
-962
-1183
-1330
-2712
-3335
-3070
-3029
-3127
-4277
-3651
-2799
-3242
-3496
-5157
-3463
-3040
-2117
-1532
-3180
-962
-723
827
2335
1579
2963
1752
4055
6386
4106
3260
1865
4444
6518
5627
5269
1986
1101
1499
872
1757
93
-281
-1010
-3039
-3607
-4956
-3402
-3616
-5708
-6792
-6956
-4651
-4643
-5648
-5695
-6731
-6229
-6022
-5293
-2757
-2468
-2030
-3280
-4436
-2834
-1412
1274
1246
80
1433
2386
3978
3866
3532
5496
5522
4885
5149
7135
8405
6389
5625
5624
5194
5066
4593
4279
3247
2717
2316
1261
15
-1047
-2202
-1951
-1730
-2857
-1950
-2797
-3720
-4965
-5067
-3607
-3597
-2462
-2505
-2192
-2186
-2765
-2651
-1832
-2264
-1630
-365
1492
1685
-522
651
-543
825
1352
2266
3582
2949
4014
2637
2008
2228
3493
4123
5430
4890
3905
2098
2768
3719
1928
3450
2044
1898
1374
-797
430
-818
-268
-846
-3346
-1392
-4094
-2090
-2892
-4400
-3046
-5702
-3290
-5502
-3662
-2639
-4500
-3621
-5058
-3491
-2697
-2826
-2238
-2564
-1152
-911
-2675
-1962
-899
773
519
277
1543
2377
1423
717
1074
3242
3721
3027
2946
2356
4038
1042
3073
2639
3438
2429
453
2954
249
2272
-535
215
211
-822
104
-1445
-866
-2492
-2776
-1636
-2169
-1658
-2046
-2592
-2170
-2966
-1190
-2066
-469
-1179
-1488
-410
-23
1033
210
793
460
570
254
2027
1622
2455
1041
524
1228
761
1740
1282
1911
459
568
101
-168
292
143
-116
-580
-1082
-824
-664
-819
-1124
-1355
-598
-414
-470
-813
-447
-319
108
-59
589
997
1194
1047
770
1384
1908
2536
2008
1463
1425
2577
2685
2430
2070
2069
1593
1244
1303
1123
1576
832
445
-174
-478
-711
-844
-1007
-1119
-1787
-2284
-2275
-2749
-2334
-2430
-2121
-2448
-2565
-2509
-2289
-2012
-2222
-1481
-747
-830
-1433
-612
-170
273
173
514
798
465
1106
629
893
999
1272
1299
792
1130
1172
891
103
108
347
-88
255
-19
-313
-212
-736
-497
-751
-740
-686
-1161
-674
-762
-942
-742
-1014
-605
-701
-753
-7
-215
-231
-379
-153
285
221
539
608
1169
977
736
1193
1512
1610
1432
1840
1585
2035
1321
1277
1299
1999
2235
780
1768
-891
-479
-841
-2006
-663
-1621
138
-2390
-2866
-1512
-3428
-837
-3890
-3521
-2160
-4378
-1109
-2970
-16
-747
-2396
-929
-2328
1755
-311
-758
984
1186
3445
1169
965
2284
1493
2608
688
2323
5120
4152
3839
618
1088
2219
1656
2155
2258
4089
3330
577
272
618
1475
-284
-1360
107
747
608
-982
-146
-939
-2397
-3236
-3037
-1429
-1590
-1340
-574
-75
-1903
-3220
-2813
-1644
-1157
55
954
1109
648
-207
-92
-186
496
-172
1165
1492
2312
2304
643
422
-900
-100
-787
415
2018
-36
-363
-570
-1545
-729
-1927
-1975
-572
-1133
-1661
-1845
-769
-2424
-2302
-1669
-3064
-1492
-809
-2002
-1446
-1120
-2454
-1241
490
-316
-799
400
570
-164
243
531
1803
2320
1414
1752
3046
2990
1162
2524
2326
2009
2530
2171
3141
2461
2048
698
721
1329
1208
1169
636
752
1222
-442
-1316
-594
-750
-909
-1451
-852
-1295
-1230
-2144
-2606
-1616
-1867
-2919
-3089
-2042
-2217
-2294
-1501
-1343
-2804
-2975
-2254
-803
254
-102
-1124
562
1024
811
561
329
687
728
3926
1701
2518
3561
2010
1409
782
3091
1783
1041
1950
2989
3399
574
23
1475
-933
-101
188
1572
2844
-66
146
153
399
-2237
-1106
1257
170
730
-143
811
1646
-638
-1838
-953
518
85
-212
1463
686
72
-1353
-1740
630
-1462
17
-847
-1564
1804
-2093
-841
-2015
-1035
-1359
-3899
242
-2498
-1041
-2271
-4210
-656
-1285
-2659
-2412
-2100
-3160
-3513
-918
-167
-2723
-2007
-771
-1225
-77
-2170
-1490
2170
-1396
87
1509
3502
2893
594
3753
1528
3319
2304
3017
4377
3233
5744
4260
5056
4577
4547
4323
1173
1834
3330
2770
623
1128
3013
1670
-1457
-2072
-1498
-2218
-4189
-4738
-1321
-3268
-4717
-2580
-3137
-3703
-5667
-4844
-3465
-4992
-4717
-2318
-433
-651
-2090
-626
-527
-3230
-2786
-544
1551
1684
978
1744
2859
2037
497
711
1905
1406
1599
3191
3283
2460
1391
1959
1938
879
131
-28
1199
429
173
776
286
454
-1052
-1142
-688
-1336
-683
-550
607
1400
921
767
411
1426
1573
978
729
1157
2610
2499
2388
2388
1771
1182
1626
974
645
797
1070
874
347
1001
-644
464
-443
-1563
-1025
-2343
-900
-2947
-1644
-389
-1315
-1313
-3929
-2130
-3251
-2445
-3667
-4999
-1340
-3751
-2930
-2389
-2955
-4591
-5081
-3598
-3891
-1551
-2489
-1939
863
1171
127
350
2282
2475
2981
2720
1706
3459
6669
7256
7576
6577
6296
8314
6395
5103
3472
2197
1435
1073
4504
3760
1137
-580
-1670
-1038
-3998
-6886
-7809
-7004
-5057
-4200
-3693
-5162
-4350
-3994
-5215
-6807
-6679
-4095
-3216
-1932
-1280
938
1419
622
-203
281
1711
-139
259
1978
4311
4517
2800
2306
2394
3982
3252
1541
1015
1321
3012
1923
363
1013
1990
1576
189
422
844
-732
-2809
-2354
-1265
-521
-973
-1005
-102
-218
303
-628
-1416
-948
-301
747
475
769
2175
2917
2352
1120
1314
2569
2558
775
771
1916
1938
788
-255
1383
1509
-116
-659
193
854
-1014
-2210
-932
570
83
-652
360
620
-217
-1144
-926
32
-311
-822
-640
438
-376
-1335
-1824
-1189
-1337
-3456
-3212
-3606
-2785
-4727
-4544
-3830
-4783
-4494
-5208
-2223
-2766
-1436
-1414
-242
2228
1998
3609
1617
2094
1944
3665
6738
6602
7960
7790
10704
11525
8074
5757
892
1300
215
493
669
-1261
693
-2152
-1231
-3599
-6320
-8465
-11397
-8796
-10012
-9308
-9353
-7884
-2534
-2905
-4467
-5811
-3542
-77
-1174
-850
260
2278
3472
2696
3938
5966
6699
6530
5238
4623
4348
3046
3568
3065
2975
2064
1312
2951
2611
2474
1363
694
552
-1090
-1983
-2442
-1645
-248
-707
-639
-1053
-1295
-453
-817
373
-378
-1413
-1459
-2031
-352
-184
951
1911
1380
1461
187
427
129
-58
385
-315
26
-288
405
1607
1274
1244
152
-438
-864
-1265
-1065
-1203
-66
152
504
842
1124
1127
656
141
-1307
-1161
-1201
-725
70
414
1523
1790
824
-784
-1069
-437
-552
-831
-1171
-1537
-1480
-1554
-1426
-2077
-3075
-3625
-4017
-3714
-4021
-3609
-2794
-1288
-415
319
1369
1943
3864
4090
3998
2055
2514
3842
5511
6547
5497
6866
7082
9173
7007
5605
3567
580
-532
-3384
-3563
-4843
-5447
-5405
-5790
-5192
-6390
-8195
-7899
-8681
-8124
-9818
-10271
-8379
-6006
-2500
-3702
-3250
-377
3296
4812
3128
2954
4937
5300
3875
2179
4356
7808
6464
4263
3013
5878
6401
3267
1806
1136
1695
-1193
-2339
-522
485
1180
-705
-67
-409
-965
-275
166
632
-1443
-2370
-1894
-444
-262
104
616
1845
1691
994
1219
484
1231
616
231
-493
-589
532
994
1462
1317
878
1129
-9
-217
479
628
661
-1404
-1069
-748
-547
-690
-876
248
-382
-942
-1613
-1313
-483
-426
-918
-1643
-1942
-1767
-1084
-492
-414
-146
930
1239
948
478
1133
1364
0
-265
-46
683
374
524
667
357
-856
-2131
-2008
-2921
-3637
-4948
-4672
-4808
-4650
-2995
-1602
275
190
1080
3056
3178
3498
2382
2573
3226
3044
4848
4231
5306
5643
7433
9095
6493
5028
2897
2227
-245
-3193
-4308
-5981
-6939
-7683
-6852
-4839
-5761
-6577
-6565
-5937
-5553
-7754
-6851
-4622
-3823
-4486
-4743
-1405
2339
3928
4662
4972
6074
6185
4581
4027
4037
5446
4443
1547
686
2271
4513
2961
801
1260
1690
-118
-2408
-1207
1362
-143
-3369
-4569
-2598
-1288
-1980
29
1718
1212
-798
-395
2211
2380
1090
856
1781
844
-716
250
3179
3371
1385
745
2473
3381
2294
1020
741
1246
-348
-1659
-1851
-379
686
-262
-1336
-1294
-350
-438
-1592
-2120
-1136
-1372
-2557
-3216
-1914
-585
-1148
-1853
-1284
338
978
412
418
1278
1201
264
-450
444
1282
889
143
226
1438
2008
1326
430
258
337
-347
-1378
-1812
-1957
-2430
-3334
-3600
-3287
-3181
-3831
-4463
-4662
-4473
-4349
-3569
-1877
-458
505
991
2774
3686
3868
3215
3697
5376
5280
5130
4752
6439
7118
7211
7039
6350
4828
2517
1198
-164
-1621
-3306
-4083
-5503
-6068
-6381
-5458
-5657
-6864
-6191
-4805
-4055
-5140
-4491
-2340
-1899
-3389
-3559
-849
2263
1821
1491
2575
4502
4720
3608
4503
4863
4456
1644
244
1045
1751
1239
-154
-308
-204
-1059
-1676
-547
399
-615
-2235
-1556
-198
-441
-1137
-436
895
249
-1726
-943
980
2185
1349
979
2355
2859
3134
2121
2625
2166
961
-155
-591
760
1243
1311
561
233
778
256
-713
-814
-499
-392
-1833
-1692
-959
-894
-1076
-1067
-306
-692
-883
-61
847
-17
-777
-404
918
488
-723
180
1034
881
-486
-184
1917
1861
32
-512
872
1848
-132
-1240
-203
276
-669
-2070
-915
146
-768
-1787
-1728
-1152
-2520
-3631
-3215
-3217
-4669
-6147
-5226
-4349
-4660
-4632
-2639
-727
-721
-439
1984
4501
4005
3145
3745
5317
5626
5623
6061
6293
6365
6867
8185
7593
5757
4204
3496
2122
277
-740
-1727
-3731
-5236
-5676
-5110
-5800
-7402
-7140
-6605
-5910
-7064
-6368
-3601
-2412
-3033
-4294
-2248
588
725
268
720
2478
3037
2139
3184
4441
5483
4705
3415
3531
3470
3270
2099
468
-579
-1300
-1458
-1451
-1773
-1139
-1251
-1436
-1093
-995
-806
-911
-266
597
-553
-1342
-131
1535
1586
-486
263
2110
2780
2126
1943
3510
3061
1783
1247
1726
2176
957
147
-2
-237
-148
-675
-155
-231
-716
-988
-1243
-449
-940
-1695
-1876
-973
-840
-1647
-1418
-65
329
-442
-114
865
1700
761
453
1083
1396
1164
604
875
798
604
505
630
820
460
-323
-646
-538
-102
-335
-971
-1118
-1391
-1793
-2673
-2500
-2267
-2980
-4462
-5501
-4937
-5274
-5532
-5131
-4315
-4057
-3631
-2119
-747
-66
704
2716
3695
4000
3545
5255
6529
6402
6958
6686
6954
6384
6851
6839
4856
2941
2413
2608
1372
-1217
-1418
-1543
-2970
-4592
-5023
-3623
-5600
-7235
-6989
-5348
-4629
-5867
-4390
-1748
-1739
-2686
-2441
499
2314
957
1335
1835
3219
2977
2596
3800
3610
3756
3035
2516
2620
2379
2408
1138
-180
-304
-966
-1459
-2511
-2682
-3060
-4022
-3738
-3006
-2406
-3092
-2888
-1210
-538
-1232
-1146
905
2549
1295
810
2218
4298
3942
2056
2725
3680
3679
2213
2222
3461
3237
1972
1081
1561
1768
489
-656
-934
-1155
-1808
-2445
-2090
-1571
-1521
-1658
-1466
-928
-536
-590
-378
-390
-286
200
958
1418
764
839
1400
1657
1058
591
1384
1430
196
-793
23
770
-310
-1700
-1518
-628
-1163
-1862
-1362
-418
-1314
-2520
-2149
-1458
-2181
-3622
-3415
-2862
-3559
-4663
-3890
-2701
-3099
-4382
-3685
-2122
-2158
-2484
-1569
800
1424
1551
2932
5030
5695
4445
4560
5921
6647
5572
4364
5012
5885
5476
4355
4104
4387
2962
1374
864
973
26
-2222
-3166
-3121
-3460
-4478
-5413
-5408
-5470
-5949
-5643
-5222
-4192
-3098
-2618
-2353
-2108
-463
940
973
603
882
2122
2543
2415
2978
3523
3407
2293
2057
2598
2231
1444
726
687
-281
-1653
-1566
-1024
-1575
-3595
-4398
-3238
-2667
-3548
-3743
-2294
-863
-1247
-1356
516
2063
2069
1277
2543
3883
3685
3060
3677
4903
3903
2870
3276
4315
3519
1939
2296
2964
1790
335
135
771
-368
-2066
-1608
-961
-1191
-2612
-2433
-1341
-1559
-2226
-1699
-281
-51
-916
-1011
139
802
639
375
1048
1249
564
16
432
976
493
-173
-473
-228
-535
-1149
-1057
-715
-1201
-1970
-2089
-1760
-1803
-2329
-2390
-2073
-2137
-2578
-2533
-2210
-2439
-2990
-2938
-2396
-2628
-3199
-3192
-2596
-2350
-2566
-2167
-1357
-608
-413
439
1805
2998
3469
3804
4927
5242
5347
5468
5929
6201
5544
5179
5366
5326
4721
3758
3394
2729
1661
1125
365
-202
-1523
-2456
-2947
-3742
-4397
-5819
-6455
-6307
-6250
-6009
-6139
-5097
-3776
-3150
-2366
-1530
221
777
522
1048
1839
2353
1997
1985
2550
2541
2548
2665
2847
2750
2261
2475
1801
876
161
18
-81
-1228
-1863
-2053
-1965
-2179
-2253
-1896
-1569
-1126
-182
679
992
1405
2379
3007
2435
2159
2716
3265
2706
2139
2364
2703
2423
1667
1657
1715
1331
658
249
43
-329
-892
-1347
-1506
-1823
-2251
-2453
-2447
-2428
-2423
-2441
-2147
-1869
-1594
-1151
-600
11
9
132
617
962
1065
941
1077
991
574
139
222
375
-92
-728
-1017
-793
-836
-1290
-1693
-1705
-1764
-1965
-2231
-2282
-2132
-2219
-2267
-2318
-2028
-1495
-984
-790
-705
-244
169
236
175
302
218
-262
-735
-941
-999
-1166
-999
-577
-281
125
710
1664
2426
3188
3734
3817
3700
3708
4207
4241
3895
3534
3344
3429
3646
4000
3691
2585
2221
2380
2022
556
-482
-867
-1837
-2924
-3435
-3395
-4196
-5389
-5421
-4538
-4355
-4360
-4093
-3051
-2667
-2586
-1920
-1172
-318
-326
-235
-85
589
1280
1341
1071
1361
2115
2253
1703
1740
2210
1783
969
826
1381
791
-52
28
788
621
-227
131
888
638
-104
257
1155
991
116
303
847
596
14
52
454
138
-454
-355
115
-73
-308
-99
252
214
-89
120
291
174
-240
-445
-269
-256
-461
-662
-468
-213
-153
-433
-340
109
431
471
336
454
578
584
258
18
32
-22
-622
-982
-1003
-1057
-1157
-1280
-997
-997
-1154
-1226
-1109
-1346
-1751
-1724
-1452
-1568
-1947
-1610
-873
-620
-758
-373
492
903
568
479
931
819
177
-235
-71
-13
-866
-1292
-1347
-1102
-1403
-1492
-1012
-935
-1165
-997
118
412
406
619
1864
2432
2398
2663
3600
4183
3922
4188
4728
4915
3929
4080
4414
4240
3001
2485
2616
2197
1141
210
-67
-1020
-1702
-2208
-2137
-3193
-4112
-4338
-4180
-4459
-4974
-4677
-4211
-4034
-4269
-3754
-2818
-2070
-2012
-1473
-827
-306
101
642
1120
1003
1223
1979
2434
2073
1815
2566
3189
2395
1776
2167
2637
1675
643
832
1141
329
-772
-600
-55
-454
-1098
-646
-147
-507
-1006
-403
53
-526
-1192
-591
211
-201
-607
-63
862
596
261
794
1496
1418
920
962
1568
1550
829
521
619
564
-39
-300
-178
-338
-769
-965
-847
-890
-1227
-1279
-1105
-1291
-1689
-1652
-1287
-1223
-1428
-1300
-833
-719
-879
-908
-522
-326
-519
-730
-566
-470
-646
-674
-548
-130
-24
-190
-297
-71
325
481
326
341
592
768
749
600
777
642
455
261
54
-62
-367
-338
-610
-830
-860
-634
-444
-677
-525
-195
276
336
398
628
935
1071
1306
1622
2109
2353
2374
2740
2944
3455
3404
3703
3632
3301
2958
2834
2681
1742
968
567
303
-698
-1401
-1824
-1972
-2660
-3143
-3017
-2971
-3400
-3773
-3577
-3502
-3516
-3812
-3751
-3771
-3623
-3254
-2614
-1977
-1467
-774
15
580
902
1490
2046
2089
1741
1645
1873
1829
1430
1163
1110
1135
935
949
1056
1127
1031
1148
1405
1361
1027
828
1033
961
609
116
288
328
34
-100
157
441
178
147
469
577
168
-15
280
314
-266
-490
-290
-288
-862
-1059
-604
-529
-1127
-1592
-1054
-561
-706
-1148
-955
-566
-573
-821
-924
-749
-707
-781
-994
-909
-801
-782
-721
-494
-211
-128
-180
-92
99
74
-92
-153
119
128
-93
-47
225
442
394
394
685
831
772
857
1094
1122
775
593
671
535
164
27
50
35
-303
-431
-217
-98
-87
-282
-114
6
98
-90
-234
-91
37
-12
-320
-47
269
786
794
883
1197
1621
2011
1910
1992
1915
1942
1751
1676
1492
1428
1257
1152
1090
982
765
370
20
-362
-566
-1082
-1523
-1935
-2034
-2517
-2928
-3083
-3005
-3148
-3571
-3451
-3149
-2887
-3049
-2764
-2272
-1933
-1822
-1563
-1042
-658
-442
-128
351
849
1207
1593
1959
2204
2446
2684
2910
2710
2764
2862
2992
2778
2656
2712
2426
2123
1823
1932
1544
878
441
380
121
-322
-477
-561
-944
-1418
-1411
-1436
-1773
-2131
-1909
-1727
-1891
-2082
-1520
-1003
-1032
-1017
-664
-110
-206
-256
-188
62
75
-108
-203
-230
-239
-352
-342
-368
-288
-396
-532
-528
-414
-467
-593
-475
-249
-230
-443
-317
-3
26
-318
-285
153
227
-102
-10
578
736
535
613
1104
1052
677
751
1017
879
349
347
731
761
429
494
843
804
488
360
573
594
353
212
282
385
346
273
178
222
133
112
4
-189
-189
-228
-254
-449
-455
-598
-525
-615
-544
-411
-376
-160
-25
311
337
624
746
906
831
887
958
909
816
610
634
401
341
92
-32
-258
-373
-653
-1007
-1173
-1235
-1448
-1898
-2142
-2056
-1879
-2124
-2299
-2201
-1721
-1668
-1609
-1366
-875
-557
-503
-219
312
910
855
1011
1473
2105
2232
2034
2226
2439
2412
2090
2009
1947
1714
1545
1389
1376
1005
726
591
448
283
-107
-183
-427
-685
-1122
-1211
-1130
-1492
-1853
-1776
-1297
-1316
-1549
-1422
-989
-817
-1131
-1146
-734
-598
-754
-855
-513
-297
-225
-361
-302
-18
66
155
-58
0
62
42
-161
-254
-109
-34
-72
-72
265
452
418
445
681
911
698
477
689
767
520
251
397
490
257
124
443
658
557
602
906
1202
1004
976
1204
1358
1072
726
688
814
609
155
90
67
-22
-246
-420
-493
-613
-664
-647
-768
-796
-701
-617
-681
-712
-591
-354
-330
-462
-360
-156
116
-71
-55
93
287
315
200
296
269
326
135
158
149
11
-95
-258
-213
-428
-621
-708
-722
-722
-889
-807
-906
-784
-796
-646
-514
-604
-384
-491
-180
-235
-268
-201
13
209
128
257
388
612
510
541
570
711
689
505
419
513
576
443
310
406
536
372
308
340
398
135
67
104
162
24
27
304
303
245
152
463
460
113
-116
-150
-281
-688
-846
-836
-815
-1088
-1197
-1037
-821
-690
-664
-320
-140
-75
-71
44
84
-9
89
141
100
-47
62
177
217
86
174
312
227
222
160
149
36
68
119
129
50
-37
26
188
230
185
356
606
687
579
679
822
919
813
759
836
767
597
449
481
392
224
110
104
45
-191
-295
-227
-278
-490
-584
-594
-597
-576
-620
-682
-622
-421
-317
-233
-136
88
324
376
362
459
746
668
454
325
347
300
9
-188
-367
-487
-679
-772
-846
-932
-1011
-1136
-1097
-1116
-1084
-1009
-879
-760
-743
-572
-402
-198
-158
-69
122
155
247
303
442
552
581
614
648
690
632
600
595
519
408
357
332
227
161
105
-2
-71
-134
-165
-212
-286
-349
-359
-300
-275
-225
-125
13
161
261
386
506
608
698
821
859
761
688
618
538
449
364
294
203
50
-7
-97
-170
-210
-233
-235
-340
-370
-460
-523
-622
-638
-606
-651
-667
-714
-641
-567
-490
-413
-324
-264
-207
-86
-90
-151
-108
51
98
10
46
144
212
193
159
274
408
439
383
434
584
638
597
600
715
766
733
655
588
519
431
387
323
254
119
64
104
106
-8
-99
-16
15
-95
-212
-181
-175
-256
-408
-419
-341
-401
-437
-363
-281
-321
-294
-121
-29
-108
-50
-2
-6
-99
-197
-226
-323
-420
-616
-606
-628
-651
-662
-671
-641
-623
-465
-397
-320
-320
-226
-154
-80
4
12
116
200
265
215
233
226
253
273
215
193
120
108
95
123
89
96
141
212
225
159
236
295
322
295
326
307
263
266
300
329
290
284
319
419
335
278
342
319
218
76
101
131
-15
-175
-221
-175
-158
-238
-288
-240
-190
-158
-191
-165
-111
-51
11
-20
7
60
141
126
66
54
92
104
25
2
-6
-24
-76
-113
-179
-228
-244
-234
-204
-238
-246
-180
-106
-173
-168
-63
12
-16
-74
38
120
107
65
104
236
234
175
261
429
467
400
439
479
477
376
309
359
323
194
121
83
16
-100
-180
-180
-310
-396
-420
-367
-335
-456
-429
-304
-221
-297
-351
-280
-262
-240
-270
-279
-224
-225
-270
-280
-245
-262
-240
-184
-183
-177
-115
-104
-131
-101
-33
-43
-25
-19
-7
82
106
189
132
116
208
292
310
209
212
211
181
91
24
-4
-23
-76
-174
-155
-124
-165
-160
-84
-61
-68
-71
10
98
86
127
229
370
420
441
496
508
504
507
563
516
441
424
424
293
113
13
-50
-78
-214
-306
-366
-345
-376
-511
-512
-448
-406
-418
-376
-314
-269
-238
-132
-60
0
48
147
300
305
334
432
579
554
497
479
508
526
343
266
245
222
111
-38
-98
-208
-299
-367
-380
-420
-493
-496
-468
-440
-471
-412
-313
-244
-174
-117
3
92
130
175
253
286
262
239
296
335
258
176
165
164
90
-17
-123
-155
-230
-336
-329
-272
-281
-336
-327
-276
-256
-281
-224
-202
-197
-147
-151
-128
-121
-79
-33
-20
-3
-9
6
12
5
-15
-22
-13
-2
0
-3
3
-12
23
64
89
95
103
136
156
201
210
241
256
254
260
205
196
170
102
79
78
107
104
12
-51
-100
-140
-186
-221
-220
-227
-213
-197
-142
-79
-22
38
132
203
247
294
335
370
383
387
408
390
298
272
246
215
166
85
44
32
-4
-69
-145
-214
-215
-236
-290
-304
-294
-295
-279
-280
-209
-88
-28
15
71
119
109
139
145
147
155
117
105
108
59
27
1
-23
17
-16
-40
-52
-53
-103
-202
-181
-196
-255
-263
-234
-192
-211
-232
-178
-151
-127
-154
-122
-33
-48
-22
19
71
67
63
100
113
90
3
1
16
41
10
-10
25
-10
-3
-25
-5
30
29
36
53
74
63
70
82
109
100
104
133
111
87
73
89
105
45
16
-6
-23
-37
-103
-163
-195
-206
-240
-276
-268
-207
-201
-199
-146
-92
-38
-19
8
95
136
124
143
155
132
110
125
128
127
110
119
167
145
126
149
111
68
29
4
-21
-70
-84
-89
-82
-89
-73
-28
-7
-55
-21
66
63
79
101
105
94
87
94
123
145
139
136
126
99
101
118
88
73
85
94
82
44
36
15
6
-6
-32
-38
-29
-41
-70
-68
-59
-47
-72
-90
-85
-92
-115
-118
-122
-159
-209
-201
-215
-241
-185
-145
-112
-110
-69
-24
21
44
44
85
72
85
73
84
86
47
7
-22
22
-4
-17
-10
-3
-47
-95
-60
-66
-64
-63
-64
-72
-63
-77
-71
-82
-97
-63
-54
-18
-44
-16
-3
-28
6
12
-31
-48
-6
-22
-14
31
72
88
97
149
177
156
165
212
235
216
206
184
129
107
77
54
-16
-47
-47
-99
-117
-186
-195
-186
-181
-186
-182
-126
-119
-105
-66
-45
-11
58
80
108
130
182
223
244
251
221
203
161
180
134
70
75
48
-12
-60
-101
-142
-181
-205
-227
-246
-197
-187
-175
-156
-149
-117
-87
-69
-37
33
85
128
180
211
194
233
257
241
231
205
197
157
119
34
22
36
-9
-31
-33
-39
-65
-56
-95
-95
-72
-53
-64
-88
-60
-44
-19
-44
-54
-35
-29
-62
-48
-64
-73
-65
-100
-83
-69
-76
-105
-71
-76
-117
-130
-122
-118
-130
-124
-65
-29
-12
25
22
43
42
60
86
117
105
89
87
77
80
56
97
94
50
64
77
34
7
-5
-26
-84
-99
-118
-123
-105
-128
-66
-94
-102
-49
-33
-22
-6
19
75
82
78
140
117
121
119
89
66
63
52
5
-10
-22
-58
-107
-117
-97
-109
-162
-173
-142
-117
-153
-135
-96
-93
-33
3
38
106
152
178
212
242
289
281
271
243
251
236
155
143
87
63
30
5
-44
-88
-81
-89
-122
-120
-74
-100
-69
-56
-67
-52
-31
-27
15
57
79
120
122
145
139
109
72
84
64
-4
-43
-63
-73
-113
-111
-101
-120
-136
-97
-72
-75
-67
-53
-13
-19
-44
-16
12
4
29
51
53
73
63
63
60
32
11
15
3
-50
-90
-129
-157
-183
-171
-136
-139
-114
-123
-132
-97
-87
-108
-86
-20
2
41
38
7
16
41
83
101
100
86
73
24
-10
-20
-46
-48
-32
-54
-102
-93
-95
-87
-94
-73
-67
-87
-70
-51
6
4
29
49
87
98
100
125
139
158
107
107
108
98
36
14
38
44
22
-12
22
0
16
21
48
79
74
78
56
57
41
59
90
87
92
101
116
149
115
95
124
114
99
52
32
7
-13
-41
-76
-73
-78
-82
-118
-83
-89
-76
-58
-75
-44
-61
-40
-48
-9
-9
-9
21
34
42
4
12
0
6
-7
-10
-31
-54
-42
-33
-63
-101
-80
-30
-33
-33
38
13
-3
29
31
41
66
51
53
70
45
56
74
55
12
-7
26
40
-5
-51
-80
-99
-124
-145
-181
-154
-140
-181
-187
-183
-167
-193
-222
-180
-129
-128
-124
-100
-63
-35
-24
2
17
39
69
79
73
49
33
14
1
6
17
21
22
2
-25
-4
25
27
33
66
61
54
56
69
78
105
142
164
180
168
184
220
230
204
209
167
140
112
69
77
29
16
-9
-16
-1
-41
-82
-79
-53
-60
-80
-66
-48
-38
-5
-1
13
33
39
50
86
87
73
106
97
51
29
20
-14
-19
-50
-42
-40
-104
-111
-95
-72
-98
-94
-63
-52
-53
-79
-76
-55
-28
-24
3
5
0
0
1
3
-5
-1
-3
28
36
26
23
-4
-4
10
-12
-31
-12
-5
-54
-32
12
-36
-44
6
18
13
13
3
-1
7
9
-29
-24
-16
-34
-35
-52
-73
-56
-47
-79
-77
-64
-57
-60
-51
-63
-41
-52
-82
-56
-57
-60
-47
-50
-56
-19
-38
-49
-54
-46
-44
-68
-34
-31
-21
-10
-10
14
18
31
50
56
53
28
41
44
26
52
60
40
26
32
27
36
31
41
67
80
99
89
101
116
129
155
190
215
215
220
202
205
162
134
168
154
98
85
79
-2
-8
-59
-89
-66
-97
-96
-127
-139
-142
-101
-73
-77
-44
-19
-44
-43
8
-6
-9
30
47
36
30
45
50
35
-2
-2
-10
-28
-23
-51
-87
-111
-90
-94
-107
-115
-123
-110
-110
-123
-107
-67
-60
-49
-19
15
-1
13
14
-4
25
26
1
4
5
-24
-10
-19
-22
-8
8
2
-2
-6
-22
-25
-24
-23
-46
-36
-37
-47
-41
-53
-50
-26
-40
-41
-30
-40
-41
-43
-50
-31
-15
-28
-42
-24
15
17
22
27
51
73
74
104
102
73
76
80
83
51
7
12
9
34
42
17
2
-19
-22
-29
-38
-31
-44
-33
-35
-38
-11
-6
24
36
61
77
110
140
130
132
117
128
121
101
85
79
73
57
22
6
12
-3
-5
2
0
-28
-54
-66
-50
-62
-58
-8
-30
-17
-3
-1
11
16
41
38
29
0
10
39
69
73
48
20
29
41
15
11
-16
-11
-12
-19
-32
-69
-73
-55
-71
-69
-58
-59
-76
-72
-43
-81
-48
-32
-35
-31
-48
-69
-59
-21
-60
-51
-24
-35
-50
-35
-40
-40
-29
-21
-12
-16
-22
-29
-37
-78
-51
-69
-76
-48
-35
-9
8
18
-3
16
22
26
16
32
23
10
45
35
37
83
52
20
72
69
37
17
18
-5
-18
-14
4
3
0
9
1
13
1
15
31
22
0
25
26
-1
18
23
5
1
23
14
20
-7
-6
-5
-14
-23
-31
-15
-45
-8
-22
-41
-6
-1
12
8
15
11
31
52
29
21
46
56
75
83
80
88
81
89
88
90
69
47
58
44
6
-4
-10
-22
-12
-9
-21
-18
-20
-27
9
4
-32
-25
0
12
31
22
33
62
54
43
22
35
34
34
36
28
31
13
-22
-48
-67
-87
-107
-142
-144
-126
-133
-141
-146
-147
-127
-87
-45
-64
-51
-26
-36
-33
-28
-6
7
17
33
22
-8
-6
-34
-38
-19
-13
-9
-34
-34
-18
-16
-43
-64
-31
-7
-26
-22
-39
-39
10
23
8
25
61
45
57
73
76
74
44
50
44
61
53
34
40
19
10
-3
13
22
34
49
31
49
41
29
44
42
25
20
20
10
8
-3
0
14
27
15
1
6
-6
2
7
4
18
6
-15
-22
-19
-36
-44
-18
-15
-17
-44
-44
-37
-35
-14
-40
-16
1
-19
-20
9
6
-14
-9
-11
20
34
54
71
62
78
82
66
101
90
70
69
35
32
19
24
-7
-13
20
-3
0
1
4
4
-21
-33
-23
-18
-10
9
13
25
38
35
43
43
18
3
-22
-31
-25
-37
-44
-39
-75
-89
-76
-85
-77
-66
-79
-72
-73
-79
-78
-100
-90
-83
-83
-100
-74
-44
-25
-21
-23
30
24
17
4
3
1
7
31
18
20
16
0
-11
-14
-37
-8
-24
-34
1
-3
11
4
-7
-4
4
10
30
25
32
42
29
41
33
15
44
50
62
78
26
37
41
22
12
12
43
41
41
3
-19
4
-3
-7
6
20
47
44
45
47
16
29
39
35
59
73
80
34
36
54
39
31
11
15
-11
-14
-25
-23
-22
-24
-32
-48
-26
-34
-15
-23
-39
-33
-20
-11
-19
-13
4
-13
0
18
-20
-16
-9
6
8
11
3
-8
0
-24
-17
4
-8
-26
-31
-22
-3
-10
-4
17
28
16
11
10
-9
17
26
40
31
29
26
-8
0
21
16
9
19
1
-21
-33
-18
-50
-65
-61
-54
-53
-80
-67
-94
-95
-79
-67
-71
-71
-56
-66
-48
-23
-16
-23
5
16
23
25
25
50
38
45
26
31
34
4
5
-17
-22
14
14
20
17
2
37
22
27
33
9
17
-10
-18
-1
-13
3
6
-3
13
1
18
48
50
57
48
29
16
22
38
25
17
16
-6
-4
4
-6
1
22
44
6
6
31
4
-9
-3
24
21
27
21
-2
40
50
15
28
16
19
18
-3
4
-9
-4
-4
3
-5
-9
-13
-41
-54
-28
-16
-7
-8
-22
-3
-5
11
-13
-16
3
-16
-11
-3
6
6
7
9
19
16
18
11
9
26
9
13
0
-6
-1
-14
13
-6
8
22
10
6
-10
-5
6
3
1
0
-6
3
-22
-26
-32
-29
-46
-44
-33
-47
-43
-51
-42
-67
-67
-40
-24
-33
-62
-66
-57
-68
-52
-39
-42
-22
1
-27
-56
-23
-29
-10
-3
-2
4
13
0
-3
14
17
33
29
46
32
49
47
18
26
33
38
39
43
54
43
35
33
15
21
24
55
25
20
1
-16
-6
-12
7
-12
12
6
2
-6
-5
-11
-3
16
-12
10
14
18
29
26
16
17
34
24
4
37
28
15
41
29
32
33
31
24
38
44
44
44
19
28
25
27
21
4
31
27
26
41
9
6
3
-11
-17
-17
-12
-2
-8
-28
-45
-51
-25
-25
-39
-20
-17
-31
-32
-33
-37
-34
-14
-36
-34
-21
-40
-26
-21
-12
-23
-28
-25
-28
-38
-56
-38
-25
-53
-70
-60
-54
-50
-53
-31
-35
-45
-36
-10
3
-2
6
2
-1
4
3
-29
-37
-16
-1
-6
-14
-13
9
23
17
6
-24
-38
-21
-2
-25
-16
4
-27
-28
7
7
16
49
55
56
41
27
41
72
57
47
47
46
51
57
62
48
53
54
59
49
63
73
41
51
51
24
20
12
13
14
1
20
37
25
12
26
26
-2
21
14
-19
6
-13
-8
0
-7
12
4
-6
3
34
13
-12
-6
-10
-38
-33
-9
-22
-10
-27
-59
-57
-63
-38
-35
-51
-70
-64
-30
-40
-44
-13
1
-11
11
-2
-14
-17
-12
-18
-19
-14
0
41
1
-20
-46
-41
-50
-48
-15
-8
-3
-20
34
38
11
34
73
53
37
42
31
44
27
44
19
-3
0
-6
-7
-33
-30
-16
-13
-16
-5
-2
-25
-44
-31
-37
-33
-29
-34
-22
-14
2
-1
-7
-34
-39
-6
-10
-27
-34
-13
-29
-40
-6
-9
-6
-7
0
-10
-17
-4
-15
-15
-20
-16
-5
1
17
8
5
29
16
32
62
60
53
51
60
52
52
57
71
63
48
72
70
55
34
20
13
1
26
32
20
13
21
22
-5
1
8
-6
-9
4
-6
-10
15
38
37
15
13
9
7
11
18
29
22
19
7
-25
-11
0
-16
-25
-25
-5
-16
-57
-70
-58
-58
-48
-20
16
8
-6
2
-12
6
0
13
9
-15
-35
-48
-48
-49
-49
-58
-28
-41
-63
-22
-7
-35
-43
-34
-26
-50
-44
-29
-49
-56
-68
-48
-32
-14
-10
-20
0
11
11
31
27
32
42
27
50
59
44
23
31
38
31
28
31
51
34
10
-1
-18
-10
-3
-15
6
-1
-15
0
3
-13
0
6
3
7
13
26
13
14
10
33
13
-13
-7
-17
-22
-26
-9
-7
3
9
4
4
14
35
31
21
22
11
14
9
6
3
11
5
-21
1
17
13
14
24
13
34
70
34
28
18
9
22
20
11
11
8
-7
19
11
3
-2
-9
18
22
21
9
19
13
5
21
41
13
-7
14
8
19
-6
3
-8
-21
-4
-21
-23
-60
-49
-24
-47
-65
-70
-66
-83
-54
-32
-53
-74
-50
-35
-33
-49
-58
-22
-35
-27
-15
-20
-22
-10
24
39
29
24
7
-13
5
24
21
8
32
33
16
18
-3
-7
-13
-44
-38
-35
-26
2
27
16
-7
-6
-12
-16
-22
13
23
16
16
25
26
3
18
13
20
-3
11
29
-13
-4
-16
-35
-32
-22
-16
-13
3
9
21
32
32
29
43
41
62
66
44
65
89
80
48
48
40
7
-9
-4
5
5
0
-7
-16
-23
-22
-31
-23
-14
-9
13
11
-2
30
43
29
19
13
30
34
38
17
10
34
17
7
12
9
5
-20
-28
-52
-54
-35
-45
-28
-36
-35
-54
-55
-45
-35
-32
-34
-5
-3
2
-11
3
0
-16
-32
-6
-2
-29
-14
-22
-12
-9
-6
-18
-7
-33
-39
-24
-45
-29
-37
-23
-23
-19
-20
-27
-6
15
4
-20
-6
-2
-12
-12
-4
1
8
18
10
26
31
9
37
50
35
24
20
24
33
41
33
41
42
32
25
11
-6
1
1
1
3
15
25
20
26
3
-15
3
22
4
2
16
-3
0
1
-12
-2
10
12
6
15
18
9
12
-1
-7
-15
-22
-26
-34
-15
-19
-25
-31
-21
0
-5
2
-12
-17
2
24
33
36
23
26
50
47
46
25
16
3
2
-8
-17
2
1
2
6
10
-13
-32
-23
4
13
-4
6
-3
-9
7
-3
-9
9
39
24
5
6
-15
-13
-31
-44
-6
-7
-24
-21
-44
-38
-29
-51
-53
-60
-58
-51
-36
-48
-54
-32
-25
-28
-2
17
6
16
16
14
18
8
-5
-3
-22
-32
-32
-29
-18
2
27
28
25
13
22
18
29
31
23
20
1
22
41
37
58
60
22
31
38
32
41
47
50
47
31
7
5
4
3
-6
-3
7
-3
9
22
3
-3
0
-14
-22
-5
3
0
6
2
-16
-22
-6
4
-3
-6
-8
-9
9
-15
-17
3
-28
-16
-9
-16
-22
-42
-41
-29
-34
-35
-25
-15
-12
-23
-12
-18
-34
-7
-13
-27
-12
-6
19
4
-23
-10
11
26
34
46
28
16
24
5
-13
-19
-14
-16
-25
-32
-22
-10
-16
-11
4
1
-6
19
24
36
54
62
48
38
57
59
44
53
57
46
43
38
33
7
-10
-31
-22
-6
-33
-9
6
0
-4
-23
-32
-38
-35
-25
-16
-9
-11
-21
-39
-28
-26
-36
-25
-18
-18
-9
4
3
-10
-9
-9
-32
-18
-19
-7
6
6
19
1
10
0
28
32
7
-2
4
9
-20
-12
4
24
30
12
-10
0
-6
-12
12
19
2
7
35
11
13
10
2
-7
6
19
2
28
39
6
-20
-23
-27
-13
3
5
-5
0
-3
-2
16
12
-1
-7
-7
-18
-4
7
10
8
7
4
-5
-8
-3
-19
-47
-43
-42
-45
-38
-29
-37
-45
-25
-16
-22
-5
-1
-12
-6
5
15
38
33
26
27
44
54
24
44
32
13
31
38
43
28
12
9
9
-4
2
11
16
26
34
46
28
11
23
15
-4
1
7
9
-7
-12
3
-5
-3
15
3
-6
-2
-25
-44
-49
-35
-51
-25
-22
-49
-20
-30
-26
-26
-7
-6
-7
13
6
14
17
-15
-22
6
-12
-6
-16
-17
-32
-24
1
-22
-8
-2
-15
-11
5
-5
-9
-16
-18
-22
-25
-26
-16
-20
-20
8
-23
-20
17
15
9
14
31
19
10
37
28
42
54
57
58
28
41
35
23
13
17
28
26
7
-3
-4
-20
-22
-18
-14
-6
8
6
0
7
16
7
27
16
6
8
-4
19
-2
3
9
13
16
-2
-12
-16
-13
-31
-42
-25
-5
-32
-28
-11
-13
-31
-38
-9
-25
-19
-5
-25
-7
-2
-13
-4
-10
-14
4
-1
6
24
19
24
15
21
18
9
19
17
5
17
22
8
16
-13
-13
6
-16
-34
-8
-1
2
13
7
0
13
38
25
18
29
24
5
6
1
6
3
4
-3
3
2
-16
9
-17
-39
-47
-32
-20
-31
-19
-3
-2
-2
-19
-27
4
-18
-19
6
11
14
7
-2
-4
-10
-1
10
3
-6
4
9
-16
-12
-11
-16
-15
-17
-26
-32
-34
-35
-22
-12
-12
-12
-1
6
19
34
20
22
34
41
45
26
45
56
55
48
21
9
12
23
0
-1
11
18
22
-8
-15
-9
-10
-19
-6
8
-6
5
0
9
30
10
13
6
16
7
4
13
-7
9
-4
-13
-16
1
-9
-10
-6
-30
-7
-32
-35
-24
-24
-16
-6
-7
-20
-12
-4
-19
-36
-17
-6
-17
-38
-32
-7
0
-12
-15
3
-4
-8
3
-3
2
22
21
3
7
10
-13
6
17
4
18
23
28
45
41
29
19
19
15
15
13
-1
11
-4
-5
-3
-9
-7
-7
6
-3
-4
6
-6
-9
-6
-9
-4
2
6
-19
-18
6
-5
0
-1
-13
-3
-3
-18
-27
-25
-3
6
1
-2
-4
1
4
13
9
-2
3
-10
-20
-17
-2
3
-3
-3
-1
7
17
2
-3
16
-5
7
10
9
9
-11
13
10
4
0
-14
-8
-8
6
16
25
20
28
26
1
3
-8
-7
3
13
16
16
9
-3
6
20
-5
-9
17
9
3
9
4
-6
-3
-12
-3
-20
-20
-21
-19
4
-3
15
13
-8
-9
-19
-27
-5
-28
-24
-11
-14
1
-14
-2
2
3
12
-11
-19
-9
-7
-15
-10
3
-12
-8
-5
-1
10
15
16
22
23
16
29
6
5
19
28
40
28
25
30
20
2
-10
-12
-10
-12
-9
-27
-10
-10
-11
6
-16
-6
1
-7
1
2
-9
-14
-14
9
12
1
6
0
9
-4
-1
-8
-12
17
9
0
-9
-22
-22
-34
-35
-22
-28
-20
-4
-17
-11
-9
-10
14
3
10
-4
3
17
-3
6
10
28
12
6
21
18
22
19
9
-7
-17
-22
-42
-34
-20
-31
-4
-1
23
22
-19
-15
-10
7
27
40
44
38
44
28
6
13
11
0
4
9
16
31
23
17
12
2
13
10
28
28
9
-6
9
19
1
5
8
-7
-32
-29
-7
2
12
10
10
18
-9
-12
1
-17
-19
6
-7
6
10
-32
-30
-51
-45
-60
-59
-32
-15
-8
-12
3
-2
-1
-13
-25
-43
-21
-7
2
-3
-12
0
-17
-6
-17
-10
-19
-27
10
12
-3
-28
-34
-5
-12
-9
9
13
25
5
13
15
16
45
29
31
45
45
41
34
51
47
30
23
23
22
1
3
-7
-4
12
1
-5
8
-12
-16
10
2
16
14
-4
-3
2
0
0
-6
-13
-41
-57
-40
-22
-10
-22
-6
16
6
-9
-13
-29
-20
-15
-9
0
-9
-12
-7
12
11
22
23
11
-1
24
31
12
17
12
3
-9
-4
6
6
7
18
14
1
0
3
6
-2
-9
-5
-14
-4
13
0
13
2
7
3
-10
7
1
1
6
13
-2
6
0
2
6
-13
-8
10
28
16
4
2
-4
-13
-26
-37
-6
-16
-22
-3
-6
-4
-31
-30
-32
-27
-45
-46
-46
-38
-17
-33
-2
-12
-4
11
-7
1
-6
0
3
1
3
1
-9
-20
-13
-6
13
26
31
29
20
29
17
-3
14
15
16
38
42
49
40
54
40
24
38
29
37
37
0
-13
12
-5
4
12
21
16
10
19
8
13
3
11
18
9
3
5
-4
-11
-35
-51
-43
-38
-32
-27
-29
-42
-31
-25
-12
-15
-13
3
-3
-13
-25
-36
-31
-15
-26
-23
-9
-2
3
9
7
-12
1
1
0
13
8
16
10
-1
-4
0
-7
-1
20
12
8
9
17
25
13
7
-5
5
3
19
44
24
15
12
8
-13
-19
-18
-35
-15
-2
-10
9
19
13
3
9
2
-7
-12
-9
4
-1
-9
-12
-9
-6
-20
-28
1
2
12
19
25
10
-5
21
22
2
-9
5
-17
0
16
13
14
19
11
-14
1
-12
-10
-6
11
23
14
9
-22
-5
3
-23
-8
-19
-15
-3
-12
-12
-20
-10
-24
-36
-39
-31
-28
-25
-19
-19
-3
-19
-18
-6
-7
-6
-3
5
7
27
41
57
37
38
41
37
57
39
40
37
51
44
38
29
2
22
16
15
-2
6
8
-4
1
-26
-30
-32
-17
-6
-15
-5
-15
-10
2
0
7
12
9
-23
-28
-8
-12
-36
-39
-30
-35
-38
-52
-43
-30
-23
-15
-18
-27
-35
-10
-16
-37
-13
13
0
-4
4
-3
7
19
2
-7
-6
-3
-4
3
-1
-4
8
7
10
32
41
33
46
41
32
22
25
23
23
31
25
29
29
31
26
42
22
26
32
16
29
10
6
-14
-11
-7
-9
-4
-11
-15
-21
-22
-20
-14
-12
-18
-16
9
19
20
18
6
-6
-15
-32
-37
-18
-25
-19
-29
-37
-32
-31
-28
-39
-11
-16
-16
-17
-35
-13
9
23
16
18
13
1
4
12
9
4
1
3
11
0
6
12
1
-12
-4
5
-1
-9
-16
-1
3
4
13
8
14
23
13
7
6
-4
-11
-19
-26
-25
-23
-7
-21
-25
-4
-4
5
-3
-3
7
0
-5
3
24
15
14
-1
-1
17
17
28
32
25
19
22
18
31
25
21
28
22
31
22
26
21
12
5
-3
0
-1
22
29
41
24
5
0
-13
-25
-32
3
-1
12
12
-14
-22
-45
-51
-62
-62
-45
-54
-33
-17
-38
-35
-32
-33
-21
3
21
13
17
6
7
12
-13
0
-3
-21
-1
-3
-12
-17
-23
-25
-15
-9
-8
-16
-31
-19
-6
-17
-15
3
22
25
28
37
37
30
40
35
15
21
22
23
20
27
10
-7
-7
-20
-13
-26
-50
-29
-23
-16
-9
-19
-3
13
19
13
46
56
45
55
37
22
0
8
5
22
28
13
9
-6
-4
-22
-9
0
-16
0
1
-9
-10
-14
0
6
4
22
24
20
10
5
14
7
15
19
7
10
5
-9
-19
-22
-22
-42
-48
-55
-64
-62
-54
-46
-35
-22
-10
1
6
48
35
17
6
16
23
4
21
13
22
13
16
6
-10
-18
-44
-33
-39
-46
-30
-24
-28
-16
-14
-20
-6
7
9
26
22
24
40
47
38
21
14
14
8
-10
-9
-15
-3
-19
-21
-24
-34
-22
-12
13
4
19
16
27
33
34
49
42
48
49
39
37
30
15
26
4
-4
-16
-23
-31
-44
-28
-37
-29
-22
-19
-5
-15
-18
0
-2
3
10
17
8
16
17
-11
6
6
3
6
5
2
-15
-25
-30
-29
-49
-50
-38
-40
-35
-16
-16
-19
-2
3
14
22
34
48
57
71
84
71
67
48
40
35
20
15
-11
-16
-25
-31
-55
-49
-58
-55
-29
-27
-27
-15
0
-16
-10
-12
10
10
17
31
17
19
18
20
2
-7
-2
-7
-12
-25
-34
-22
-26
-9
-20
-30
-22
-28
-7
-26
-21
12
4
22
31
30
37
28
21
20
30
18
19
13
21
8
-22
-25
-28
-11
-12
-9
-14
-9
-9
-16
-13
2
-3
-2
13
15
28
14
20
14
9
17
12
16
10
14
2
-10
-2
-9
3
-6
-12
-6
-8
7
-7
-13
-14
-21
-22
1
2
15
25
38
55
32
35
21
18
13
32
7
13
31
-4
-12
-21
-30
-58
-32
-49
-49
-41
-48
-37
-31
-12
-35
-12
-6
-6
17
22
6
4
-4
-14
-25
-28
-4
-3
2
-3
-7
-3
-4
-10
-1
0
-10
3
0
0
-4
13
25
3
24
35
41
48
43
36
19
9
17
18
27
45
22
38
34
2
-17
-12
-14
-24
-15
-29
-16
-15
0
-5
-1
14
25
26
4
19
4
28
18
10
29
4
-3
-10
-32
-60
-50
-56
-51
-54
-41
-30
-26
-17
-38
-16
-11
-11
-10
0
-4
1
7
3
18
25
21
11
25
12
29
17
-6
3
2
7
-8
-7
-15
-25
-15
-12
-16
-1
12
6
15
25
19
26
35
31
25
29
27
26
22
18
13
0
-5
-9
-10
-16
-17
-7
-30
-34
-17
-32
-19
-13
-14
-12
-5
0
-9
3
-7
-3
11
9
16
15
15
19
13
6
-3
6
19
10
4
25
22
-6
2
-3
9
16
6
-1
-9
-4
-5
15
14
9
10
-19
-35
-5
5
-6
-3
-10
-22
-14
-7
-34
-23
-4
-16
-22
-8
-19
-16
12
-5
3
4
10
9
-5
-3
8
-1
-24
-17
6
9
-10
6
-10
-9
3
-10
-5
-3
-9
-16
-2
1
2
2
19
6
7
6
12
21
0
-6
-9
-4
-3
28
13
6
-4
-8
9
-2
10
16
32
4
4
19
11
6
7
12
-6
3
-1
-1
6
9
3
-16
-9
-7
-5
-17
-17
-4
-20
-7
-4
-9
-23
-14
11
-1
8
0
-2
-3
8
38
40
27
14
22
2
6
1
10
9
-6
-3
-21
-18
-23
-3
4
-4
-2
3
0
-14
-5
-4
-11
-10
-8
-26
-34
-12
6
3
18
19
38
25
-3
5
3
23
0
10
3
-19
-34
-47
-33
-38
-21
-18
-22
-30
-23
-21
-25
-10
12
10
9
22
12
26
16
17
24
31
54
34
35
30
21
7
-3
-3
-4
3
-14
3
-20
-41
-18
-6
0
-9
-8
-13
-8
-2
-7
-4
-1
15
22
24
37
22
17
9
31
42
20
22
-10
-11
-17
-9
-7
-18
-18
-23
-21
-41
-22
-19
-14
-9
-11
1
-13
1
17
13
18
18
5
2
9
-13
-15
-1
-9
-17
-14
-11
-9
-6
-6
-12
-26
-7
-17
-18
-20
-8
16
0
34
29
19
8
-7
7
25
31
25
24
21
10
1
15
-9
-4
1
3
-1
-22
-1
6
6
0
5
6
7
10
7
16
26
6
16
16
3
11
1
-1
-6
6
-3
-6
-13
-21
-34
-38
-29
-38
-14
-6
3
-6
-7
-2
-12
-5
6
1
-9
-9
-3
-6
-15
-21
-16
10
0
-16
-32
-18
-6
-12
-1
1
7
12
12
7
4
-3
23
38
27
37
48
36
23
25
28
28
14
8
6
3
10
-1
-6
-13
-14
1
-4
-5
-4
