3
7
9
5
25
32
3
13
40
26
10
31
47
25
24
21
9
8
0
-10
-23
-31
-31
-43
-39
-47
-60
-57
-64
-49
-38
-24
-12
-10
-23
-30
-20
-4
-5
-22
3
3
7
-5
-10
3
0
7
1
13
26
25
16
17
15
6
19
23
16
50
45
12
15
10
1
-1
4
4
-7
-12
-10
6
4
-11
12
10
0
2
-9
1
-12
-13
-7
-5
-6
-14
-12
-18
-22
-23
-11
-9
-1
8
3
14
30
32
38
32
21
33
14
19
32
3
-2
-2
-2
-9
-31
-30
-41
-53
-53
-42
-28
-31
-26
-13
-17
-10
2
10
16
11
8
9
18
4
10
17
9
13
0
0
19
25
9
28
46
50
35
41
47
31
56
29
20
26
17
12
-8
-13
-31
-29
-18
-32
-52
-52
-60
-45
-52
-50
-38
-57
-15
-11
-21
-6
-9
-10
-25
-20
-13
-35
-38
-16
-4
-17
-4
-1
0
19
8
28
34
44
37
36
45
40
21
8
12
-5
-11
-6
2
1
0
-7
-11
-19
-13
0
7
8
-3
-11
-1
7
16
21
19
26
19
29
13
15
9
0
24
12
24
23
16
16
19
38
42
43
58
50
38
27
9
-15
-28
-25
-36
-52
-61
-57
-67
-67
-51
-37
-53
-61
-52
-37
-13
-41
-38
-20
-13
-8
-17
-10
-10
-12
-9
-5
-3
-7
3
10
19
40
27
39
44
43
51
42
47
57
57
43
47
35
20
3
1
1
-8
-17
-38
-40
-37
-45
-57
-34
-30
-26
-21
-20
-17
-17
-4
4
12
-1
3
2
7
-2
-1
2
4
16
14
30
16
9
12
10
19
14
-3
-2
-3
-7
6
12
18
3
4
10
-7
4
7
-13
-20
-9
9
14
2
12
14
-12
-3
9
-4
0
9
-17
-20
-12
-8
-20
-26
-1
-18
-13
1
-3
-4
-6
0
-8
6
8
-5
-4
0
-1
13
22
0
-5
-1
-3
-12
0
12
-1
-6
-9
1
-2
0
4
-7
-14
-9
13
6
-2
2
4
4
9
0
5
-3
-2
6
-1
5
10
25
9
15
28
32
20
23
25
10
12
0
3
-3
-9
-18
-25
-30
-30
-31
-23
-44
-44
-22
-20
-20
-39
-18
-25
-25
-24
-10
2
-4
7
2
9
13
12
6
13
17
26
26
16
15
31
34
23
24
10
5
18
22
18
25
17
3
8
10
21
23
6
20
12
0
8
-10
1
-7
-15
-10
-17
-16
-35
-35
-34
-28
-22
-16
-25
-36
-35
-28
-3
-2
3
-3
-7
0
6
3
-4
-9
-18
-23
-20
-20
-16
-13
-30
-19
-7
3
0
-3
2
-3
1
1
15
19
31
37
34
28
18
12
17
28
26
26
32
43
40
28
24
25
13
13
28
12
6
4
5
11
16
29
10
0
7
7
1
-15
4
-6
-30
-30
-32
-39
-48
-32
-35
-34
-39
-49
-48
-59
-45
-30
-22
-10
0
4
-7
2
9
14
24
32
34
14
28
15
9
5
-6
-2
-8
7
-5
-1
-5
0
-1
2
15
5
-6
-10
-7
-18
-18
-15
-7
-12
-7
-15
-15
-16
-23
-6
-6
7
4
13
19
-4
11
13
9
12
22
32
12
-1
3
16
10
19
25
15
26
31
21
13
26
21
2
13
23
20
15
24
20
7
1
0
6
-8
-24
-22
-3
-12
-19
-28
-34
-30
-39
-29
-29
-20
-10
-19
-29
-4
-4
-4
-9
-19
-14
-21
-15
-13
-4
-17
-5
-3
-11
0
-10
-3
-1
-4
-1
7
24
20
9
24
22
15
21
20
3
16
31
15
9
13
19
8
20
19
0
16
24
16
-3
-1
-4
-12
-6
-13
-15
-6
-2
-9
-9
-15
-23
-29
-37
-32
-32
-25
-3
-19
-29
-11
-3
-1
-9
-5
-9
-1
6
7
3
14
31
16
23
12
-9
13
25
38
32
20
25
27
33
23
20
39
35
22
24
28
12
0
-18
-35
-9
-7
-16
-19
-17
-19
-26
-16
-33
-44
-41
-58
-57
-70
-54
-53
-64
-47
-39
-9
-4
2
6
2
22
28
34
32
29
31
22
29
34
26
29
36
43
44
35
21
23
25
28
34
36
29
9
-1
-7
-1
0
6
4
10
11
9
10
-13
-16
-27
-32
-22
-16
-30
-38
-29
-28
-32
-28
-21
-40
-28
-26
-31
-25
-31
-44
-32
-6
-8
-13
-26
-12
-5
-16
-9
2
5
18
26
41
42
16
37
45
41
45
32
35
22
3
10
7
4
8
3
9
4
5
6
8
3
-22
-3
1
-16
-21
-19
-8
-6
3
4
12
13
9
7
3
-1
-4
-4
-16
-1
22
5
4
17
12
15
14
21
3
-5
6
1
13
11
3
10
22
6
-19
-15
-26
-28
-32
-32
-40
-47
-33
-38
-16
-10
-9
-13
-28
-1
4
-7
0
9
16
7
-4
7
-2
2
19
24
19
13
18
10
13
7
10
4
14
9
-3
-1
-7
-3
0
-12
-32
-13
-22
-19
-13
-3
-6
-17
-12
-6
-7
-28
7
3
-1
17
7
8
-4
11
19
7
20
16
15
9
6
10
0
19
4
-1
3
8
15
7
2
-4
1
-4
6
-2
-3
-3
-4
7
0
-7
-10
-12
-12
-5
-15
-9
-6
-4
-8
-18
3
4
-2
3
0
0
0
2
8
11
4
9
15
12
9
25
36
22
28
19
25
29
9
14
0
6
16
-3
-1
-6
-10
-1
-2
-12
-12
-10
-20
-16
-9
2
1
3
3
-21
-21
-11
-20
-20
-10
-7
3
1
-3
-10
-13
0
-5
-22
-22
-26
-34
-29
-22
-34
-17
-11
-35
-31
-13
-10
-21
2
-12
-16
21
13
2
7
16
25
23
24
26
21
22
21
31
19
9
16
16
13
1
9
22
0
-9
6
-1
-2
2
12
6
19
19
-9
11
16
9
-2
4
-4
-5
19
16
-3
0
3
-12
3
-7
-11
-2
1
-12
-31
-19
-15
-25
-12
-1
6
0
0
19
25
17
5
41
38
26
33
34
41
42
35
18
25
-2
4
3
-7
0
-1
-2
-14
-20
-27
-30
-36
-39
-45
-44
-32
-26
-43
-41
-44
-43
-30
-47
-47
-46
-48
-27
-11
-24
-20
-10
-5
-5
-10
-13
-21
-18
-15
-13
7
25
21
31
33
25
40
43
47
63
51
57
50
44
38
34
35
16
22
7
9
4
3
9
-15
-26
-8
-10
-43
-28
-9
4
-9
-13
8
-10
-8
-1
-6
11
16
6
22
20
11
-7
-13
-4
-2
13
8
5
7
0
4
8
7
10
8
28
22
11
12
11
15
1
-3
-13
-17
-28
-35
-32
-6
-5
-18
-19
-18
-21
-28
-22
-23
-24
-28
-15
-22
-22
-15
-23
-18
-31
-32
-9
-7
-10
0
3
2
4
6
1
16
25
36
24
25
38
17
14
16
7
10
4
9
30
8
11
6
12
7
-6
3
-8
4
-9
-19
-7
-2
-1
-3
-2
-14
-17
-6
-10
-1
13
16
0
8
17
0
19
5
16
16
4
13
12
12
-2
12
11
9
-2
8
21
-5
0
4
8
7
-1
0
-13
-19
-25
-19
0
7
1
-10
-12
-15
-22
-4
-10
-31
9
13
19
-2
0
3
-45
-16
-7
-31
-28
-10
-8
-13
-18
-12
1
-10
-8
12
3
-2
12
15
2
-3
2
-15
-15
-13
2
7
-1
9
7
8
17
12
6
-1
0
6
10
10
0
21
19
8
9
16
-9
-12
18
13
30
44
43
19
6
16
13
15
23
19
10
13
7
-7
-5
-7
-28
-26
-11
-12
-17
-10
-20
-25
-10
-25
-28
-41
-44
-37
-44
-24
-46
-53
-44
-50
-40
-38
-35
-12
12
7
15
24
32
36
34
22
8
16
22
20
29
51
30
22
28
15
15
25
34
45
43
54
62
43
30
14
20
25
15
10
4
-5
-13
-10
-23
-12
-32
-39
-19
-36
-13
-12
-31
-39
-48
-53
-35
-34
-35
-38
-35
-25
-34
-12
-19
-13
-3
-9
1
4
6
2
4
25
26
7
0
0
-1
4
19
29
34
24
38
35
16
26
34
35
30
20
29
26
17
11
-2
-1
-4
-2
-28
-26
-28
-40
-42
-21
-13
-37
-23
-13
7
-9
-4
-6
15
21
-4
-5
-22
-32
-40
-12
-16
-25
-16
-3
-7
-7
0
4
15
18
28
30
45
40
25
19
18
12
2
8
6
-1
15
29
13
12
13
-7
-2
1
-1
-7
-10
-7
-32
-20
-19
-15
-34
-41
-28
-34
-13
-25
-10
7
3
16
18
17
28
21
25
23
22
32
11
7
3
1
1
2
12
4
-3
-1
3
8
0
-2
3
19
21
-2
-14
-16
-15
-12
-15
-13
-18
-30
-38
-32
-38
-40
-23
-13
-11
-17
-10
-6
5
-9
2
32
26
28
19
13
5
16
20
18
17
32
31
22
19
8
31
32
28
28
19
10
4
-2
-1
-1
-5
-5
-16
-14
-13
-12
-22
-12
-3
-19
-10
-12
0
-15
-23
-15
-6
6
-16
-6
-8
-15
0
-12
-16
1
-3
-10
-6
4
-28
-30
-23
-27
-24
-19
-10
-39
-19
-16
-15
-15
-13
10
3
16
18
37
41
50
48
51
63
44
48
47
51
28
25
39
19
7
10
5
-10
-10
-10
-4
-7
-20
-17
-2
-14
-35
-22
-32
-41
-34
-22
-17
-34
-14
-1
-7
-3
0
-1
9
3
10
-17
-25
5
-23
-9
3
-6
-3
5
-10
-15
7
9
15
18
30
32
36
34
26
24
33
39
15
18
17
6
2
-4
-1
-3
-2
-3
-6
-6
-3
-5
3
-1
-7
-7
-1
-7
-5
3
-7
-6
-19
-13
-7
-13
-12
-19
-21
-7
-9
-18
-10
-13
-26
-22
-36
-23
-18
-41
-26
-33
-25
-13
-14
-9
-12
-15
-19
9
13
1
12
7
9
3
0
18
15
16
26
15
18
19
26
31
29
40
41
38
32
47
39
15
26
27
21
16
9
6
-2
2
5
6
10
-1
3
6
3
-9
-6
2
0
6
-4
5
-2
-9
-3
0
3
-2
-16
-22
-12
-20
-28
-19
-14
1
-20
-33
-31
-53
-45
-43
-41
-47
-41
-29
-18
-16
-16
-4
3
22
23
15
22
28
27
28
24
13
13
14
26
22
-3
-14
-6
-1
-10
-13
-12
0
0
-6
0
-10
-4
-13
-18
-10
-3
-9
6
8
10
16
6
19
18
15
8
9
16
18
30
28
13
13
10
14
2
-9
0
-2
2
-11
-21
-19
5
7
9
0
-1
7
-8
8
5
17
11
9
9
5
-6
-9
0
-6
1
-10
-3
-13
-23
-10
-2
2
4
10
3
-2
-1
1
17
11
0
12
24
24
4
16
22
15
16
12
6
-1
-6
-24
-20
-13
-15
-25
-38
-24
-27
-28
-16
-19
-17
-10
-13
-22
-25
-29
-28
-14
-10
-21
-23
-9
-16
-12
2
0
7
-3
1
7
16
20
24
29
20
21
15
21
20
18
7
17
23
13
0
-6
9
12
6
-9
2
-5
-16
-9
-7
2
-10
-10
-6
-7
-9
-6
-2
-11
-7
3
22
18
12
6
2
16
19
13
14
16
12
5
3
-10
-14
4
-5
6
0
-1
13
10
14
-6
19
28
13
15
24
28
24
32
39
25
16
28
22
3
-7
-8
-24
-10
-12
-17
-12
-23
-36
-38
-20
-27
-22
-23
-6
-18
-29
-10
-23
-8
-11
-18
-10
-12
-28
-24
-3
-15
-14
-4
0
-6
-12
-5
-22
-36
-15
-13
-18
-24
-29
-16
-12
-10
-16
-8
0
-9
-19
-13
3
-1
6
20
31
15
11
22
26
36
26
36
47
17
13
20
12
28
18
15
18
10
18
22
46
38
38
59
31
38
62
39
40
43
31
23
13
13
10
15
-10
-12
-14
-25
-3
-15
-37
-36
-29
-22
-25
-35
-33
-35
-43
-44
-62
-56
-47
-52
-41
-39
-39
-35
-41
-31
-15
-6
0
-6
6
-2
-9
-7
0
3
0
12
9
8
-4
17
13
6
13
9
19
0
15
23
15
10
5
14
4
-3
9
12
-2
12
15
12
19
24
30
3
11
10
1
18
4
9
26
17
10
19
13
7
12
10
-3
2
9
3
-2
1
6
-3
-5
-9
-4
1
-6
-10
-4
-6
-10
-22
-26
-15
-11
-5
-10
-6
-2
-4
0
-6
-1
-10
-29
-22
-26
-26
-22
-16
-16
-31
-15
-6
-11
-13
0
-13
-14
3
3
8
-1
-3
4
0
-12
3
28
8
20
29
25
22
3
19
13
8
24
28
19
12
18
17
-1
-10
10
3
-6
0
-10
-10
0
-6
-7
1
3
7
7
9
8
14
8
7
11
6
-9
-5
5
-3
5
15
4
-2
-7
-12
-3
-20
-14
-6
-28
-32
-30
-31
-50
-25
-7
-31
-19
-12
-11
-6
10
17
0
10
19
17
22
13
19
16
9
18
15
19
2
-1
10
22
20
-2
15
19
6
2
15
29
9
3
13
17
15
19
16
13
13
-3
-6
-10
-12
-7
-18
-26
-32
-16
-19
-30
-22
-36
-32
-28
-20
-33
-41
-20
-22
-25
-24
-9
-19
-5
27
13
2
8
3
-12
-7
7
-1
6
15
0
9
-3
-2
13
8
3
-2
6
4
0
-7
17
20
-10
5
23
16
0
4
0
11
28
21
32
42
34
21
29
21
6
29
22
16
14
11
11
1
16
17
0
16
15
-9
-11
-14
-20
-38
-34
-35
-42
-45
-31
-27
-45
-31
-40
-37
-61
-67
-38
-38
-42
-39
-7
-21
-10
0
3
31
-11
19
22
-3
22
21
30
21
19
12
16
10
4
37
25
13
9
36
32
16
28
29
43
20
22
25
29
19
0
13
13
-17
-28
12
5
-9
13
30
13
0
13
3
3
9
-16
-26
-6
-13
-43
-19
5
-36
-26
-13
-18
-15
-34
-28
-13
-44
-38
-29
-27
-22
-35
-4
-9
-29
-7
22
-7
18
34
-12
28
45
33
48
48
20
46
48
9
3
9
15
4
-1
18
28
-18
1
7
-10
-13
-16
-3
-41
-3
-15
-28
-11
-24
-46
-3
18
-66
-10
3
-32
-29
44
-3
-30
6
1
21
-15
30
17
-8
9
2
-41
2
13
-57
3
36
-29
-12
-11
-20
44
-2
-1
62
5
6
49
-5
-6
-3
3
29
19
-36
31
56
-40
22
26
-17
26
6
22
56
-2
22
24
31
40
-1
42
44
-2
21
47
7
21
25
-6
4
-19
-31
-20
-59
-58
-41
-55
-18
-61
-67
-6
-34
-40
-24
-44
-29
-2
-62
-31
-40
-55
6
-15
-25
-12
13
-3
-6
3
-2
4
-7
-12
22
4
1
12
35
57
26
61
48
29
28
15
25
-8
-19
7
-6
3
8
3
30
31
-1
3
12
-3
2
-21
25
29
-7
22
-16
-23
25
23
10
1
9
37
-9
13
50
-17
14
22
-35
8
-25
-56
-25
-37
-33
-50
-39
-5
-26
-28
22
-29
-35
28
-23
-16
-4
10
25
23
41
35
15
59
50
-12
51
23
-2
22
21
7
19
5
-25
11
-28
-27
3
-19
-33
-39
-19
-13
-29
-17
-3
-10
-9
-3
-43
-28
-14
-6
6
-4
12
5
41
-14
6
11
-6
-10
-22
1
-25
29
-15
-14
8
3
15
-6
-5
21
35
23
49
36
30
7
12
15
-6
-4
-12
-14
-10
-16
-49
-62
-51
-38
-73
-87
-32
-3
6
40
9
13
44
-6
24
28
3
19
19
55
16
-44
-24
5
-15
-9
-9
11
4
-25
25
-13
-9
-15
11
76
43
38
58
58
39
56
10
16
26
35
39
-3
26
29
-1
-13
-6
-20
-6
-48
-23
32
-32
-26
18
13
1
26
9
-7
3
6
10
0
-2
-4
0
5
-32
-9
-31
-63
-18
-39
-45
-59
-33
-42
-52
-13
-37
-44
-32
9
-13
-2
11
4
28
-3
-6
-16
-18
-2
-18
-3
-32
-43
3
-30
-42
-15
-33
-27
33
-30
-14
32
-23
16
1
-29
-22
20
11
20
1
17
62
-3
28
53
21
3
50
20
7
48
20
15
25
38
68
68
15
53
97
47
47
60
29
58
82
30
41
31
-22
45
7
-47
-25
-59
-19
-21
-64
-28
-29
-44
-9
-25
-43
-22
-22
-25
-35
-62
-27
-29
-31
0
-56
-28
-44
-47
-15
-32
-42
-16
-24
-30
-11
-45
11
-34
-21
36
16
31
18
17
28
28
28
65
48
24
22
41
21
16
13
-7
35
10
-2
4
9
0
-3
-13
-29
-16
-9
-7
-28
-17
-26
-32
1
-1
-20
3
-18
-23
13
-14
-18
-22
-6
-18
-25
-1
-1
-5
-10
12
5
6
-10
9
24
-1
27
1
14
32
12
38
36
28
9
15
34
26
19
26
25
0
9
4
-10
-1
-1
-3
-17
-17
-13
-14
-19
-16
-30
-4
11
-31
-15
-2
-3
-2
-14
-9
6
3
9
-9
-10
16
8
9
14
-8
-13
-10
-10
1
-5
12
22
18
13
2
7
22
24
15
20
19
24
19
14
3
3
7
-4
3
6
3
-13
-14
-20
-38
-3
7
-11
-10
-9
-25
-17
-8
-24
0
-10
-33
-23
-19
-10
0
-1
-5
-5
3
6
-3
4
0
-3
12
0
11
6
-6
13
3
-7
8
6
-5
2
-6
-14
-7
1
-8
-3
-4
-25
-28
-28
-13
-21
-21
-9
-20
-12
-12
-4
0
-17
-1
3
3
9
3
20
28
20
19
32
38
30
35
38
28
26
22
26
19
20
29
13
13
19
18
6
18
32
20
20
14
16
13
23
21
16
12
11
5
-3
5
-10
3
4
4
-10
-26
-17
-28
-29
-28
-31
-38
-32
-37
-43
-32
-24
-32
-35
-34
-31
-31
-14
-17
-36
-29
-37
-28
-35
-23
-9
-11
-20
-24
-11
-11
-17
-18
-13
-21
-11
-8
-24
4
-3
-23
-6
-13
0
12
22
13
13
23
36
44
40
60
61
64
54
55
70
50
54
68
51
41
47
49
51
38
16
9
8
5
3
10
17
5
-16
-10
7
-12
-18
-25
-22
-18
-29
-23
-24
-22
-20
-27
-22
-27
-47
-26
-34
-39
-19
-16
-9
-22
-13
-15
-8
-19
-15
4
-15
-9
-12
-7
5
-1
0
6
-1
0
-6
-3
5
4
-12
-8
1
15
9
-3
19
-11
-9
-16
0
4
9
22
-12
9
-3
-2
0
-3
0
-9
-6
0
3
2
10
0
17
16
10
15
7
-1
-2
2
3
12
6
9
6
6
8
2
10
17
20
3
9
13
13
34
15
3
3
1
9
22
28
7
5
15
3
-13
-9
-12
-10
-12
-13
-7
-5
-9
-22
1
2
4
4
-2
-17
-32
-12
-12
-12
-17
-6
-22
-33
-25
-30
-20
-22
-4
-20
-15
-10
-18
-23
-18
-3
-10
6
0
2
0
-2
1
9
19
2
13
11
12
16
26
41
17
20
25
23
18
11
29
32
35
23
25
27
22
18
21
28
13
8
0
-3
-2
-3
-6
-4
-8
-22
-5
-3
-20
-32
-29
-22
-17
-16
-13
0
-3
-4
-11
-3
-1
-13
-3
-22
-33
-21
-31
-39
-41
-38
-41
-22
-29
-34
-16
-23
-6
-6
-4
-7
13
28
15
29
41
34
22
40
31
37
34
15
20
21
22
0
7
-3
2
9
4
13
0
7
7
9
16
9
29
32
20
5
10
29
25
14
9
19
10
0
4
9
-9
-19
-21
-20
-12
-20
-10
-22
-34
-36
-28
-30
-42
-46
-38
-32
-42
-34
-26
-15
-14
-8
-7
-10
-10
2
10
-9
5
11
2
6
12
18
13
3
-1
13
12
4
5
6
14
6
16
19
20
29
24
29
22
24
23
28
18
3
13
13
14
9
13
6
5
19
13
-4
3
0
-3
0
-5
-7
-23
-14
-13
-25
-23
-13
-7
-18
-32
-27
-18
-17
-9
-20
-21
-30
-33
-22
-10
-16
-10
-8
-23
8
-1
-12
-1
-10
-12
-14
7
22
15
18
6
11
24
29
31
29
28
13
16
15
21
9
3
5
-5
4
6
-1
0
7
-6
-3
10
-6
-4
0
-5
-6
-4
9
9
13
15
5
-3
2
-1
0
4
0
-3
-7
2
-8
-10
-2
-10
-13
-9
-5
-4
-13
-7
-10
-6
0
-12
0
-8
-1
0
-19
-17
-6
-5
-1
-3
-9
3
-3
-6
-7
2
0
-10
-3
-1
-19
-12
4
-14
-13
8
26
6
3
7
6
7
0
13
7
15
19
8
17
18
16
21
27
17
14
29
29
15
22
31
28
24
34
25
7
18
10
-7
-7
3
-4
-16
-25
-16
-6
-16
-24
-40
-43
-50
-45
-39
-30
-23
-23
-9
-18
-21
-14
-10
-9
2
10
18
24
16
6
1
16
21
11
20
15
3
-16
-25
-22
-20
-22
-36
-6
-4
-9
-13
-10
-6
-21
-4
10
-2
7
15
19
22
9
22
16
38
37
36
46
43
35
14
29
14
19
16
13
9
1
-12
-2
-4
-28
-20
-31
-20
-31
-39
-39
-42
-50
-42
-37
-48
-34
-34
-32
-24
-14
-3
-3
-6
-10
-2
7
5
25
32
35
24
32
43
52
53
49
65
42
38
28
33
7
6
3
-3
15
0
7
-6
2
5
5
12
15
-14
-10
-5
-29
-23
-22
-12
-15
11
-5
-17
-9
-11
-11
-12
-7
0
-15
-31
1
-34
-18
-1
-17
-7
-16
8
-4
-13
-16
-10
-2
-23
-9
-7
19
27
9
24
10
2
-7
-6
-1
-9
-3
-1
17
21
16
11
9
8
-10
-19
5
17
-19
-49
-11
5
-20
1
-10
1
-1
-50
-27
7
14
-15
-42
-7
6
-9
6
22
51
50
26
8
-7
11
0
-22
10
54
23
26
28
45
11
-44
12
34
78
33
22
55
59
-20
-54
15
-37
-2
-10
-62
-45
-7
-40
9
6
-34
28
9
37
-47
29
2
-59
-27
-25
79
-51
-42
-17
27
45
-23
13
-62
-6
25
-53
-13
40
23
109
94
-77
-74
-54
1
-59
-83
29
-46
-53
-85
-113
-52
-50
-120
-106
-32
-66
-80
-125
10
105
111
156
176
241
219
150
98
147
55
21
50
20
79
76
-19
3
-3
-46
-82
-107
-71
-203
-98
-57
-88
40
37
-21
22
9
-129
-19
21
-42
-81
42
104
16
80
73
9
19
130
-3
-41
31
-72
-24
24
-49
-37
90
40
-3
13
-13
-65
-11
46
-32
10
-47
-67
-37
-28
38
-92
-68
79
2
-31
31
66
5
-15
-16
-65
26
9
-170
-107
71
-74
-58
54
-88
-127
-153
-108
-115
-29
70
108
412
431
712
699
500
-430
137
553
-681
-397
-1102
-1162
-290
2551
-30
-1791
569
326
773
158
-918
-3299
-88
1555
896
-951
-1519
462
1698
897
-1230
513
196
1889
1242
1913
-697
-1784
243
366
-2959
-1921
5196
-140
-1158
1369
3207
-2345
-2036
253
-4439
-2071
500
3280
-756
-1001
830
1770
-1737
-3648
2009
-1167
-30
1260
1390
1814
-1808
-193
166
616
-2134
2509
4341
-2624
1986
2348
-1128
-943
-1684
-1136
1873
-1533
1445
2324
-597
-513
-916
465
-611
604
-3431
3699
-1306
-2855
3012
-4154
1096
-2486
1613
40
-616
4571
-3458
2122
-1759
31
-1332
-2596
2382
-2404
3178
-815
1503
-204
486
1337
-1492
-698
-1491
1018
-1860
4351
-1668
982
2818
-676
1160
-21
431
-1644
3067
-847
-1681
694
-1082
1325
-3926
2016
3128
-5187
4584
-1842
82
-2087
-432
580
-4327
674
-482
2389
-2438
4862
-3117
-458
1449
3039
-627
-1966
2997
-1299
1135
-4763
2763
-2264
2076
205
4169
-1270
-3006
3014
-1803
-1151
-2567
2190
-1955
4295
-2523
1531
-191
-1376
-1184
-63
2570
-3534
3316
-1724
3828
-1355
-1194
1605
-4245
456
1005
2013
-1890
2259
1087
-2721
2936
398
-1749
-1996
526
-299
1389
-1236
-421
-458
-2453
3400
-1333
1696
-4123
957
2053
309
2598
-2479
3804
-3890
2320
-683
-781
2629
-2818
2818
-122
1274
-1748
-1391
-483
50
-455
137
213
-1731
578
340
930
-1879
2336
-229
-1463
241
-624
1766
-2020
1878
783
-1912
1058
235
233
290
328
-1067
2194
-475
-534
2158
-1873
131
-1184
994
630
-1729
-702
1329
711
-1789
2003
-2763
-2668
-536
157
1271
-2192
2269
1762
-1541
-896
807
-1403
-618
2553
1461
2322
183
334
-1609
240
-779
-1487
3630
-353
-682
1419
-1378
732
1035
-3279
2604
-2142
130
1125
-2900
2457
-1477
-1475
-158
2716
-3977
1054
-169
-243
1876
-3434
4629
-1885
1138
-506
572
1566
-2001
664
1034
897
-2448
1325
2720
771
-3207
945
-2153
-2000
1189
1187
656
-2896
541
-134
451
-2939
48
491
-1590
1603
2450
485
-3159
599
1400
1168
1997
-479
235
1076
-1008
3460
2347
-3398
1959
1297
-2818
1370
-1693
-3087
-342
313
2307
-112
-951
-1185
-2710
-2311
-515
290
1028
-477
366
2269
-1971
-1449
-1226
882
2455
-891
1287
2402
-872
-769
1669
-1068
769
-454
-511
3471
-109
1586
-168
-1171
195
-3193
1002
47
-2053
1937
-56
-679
1351
91
-1882
-1188
754
2232
-1007
2257
2011
-2627
-1384
-439
750
-491
-136
305
2934
-2445
-656
-886
-1935
641
-2832
3528
636
-1426
-289
23
498
-1083
436
1844
-1120
902
2072
-1950
922
-195
-648
634
-683
-52
1778
2185
1365
-893
-814
-1144
-2769
-211
1596
584
1380
-612
318
24
-3128
340
-2258
421
2336
-437
1305
180
-1989
-1025
337
-208
319
-104
1687
881
-894
1723
-161
-1078
198
-2150
-243
1663
26
-621
1807
350
-1565
478
-1597
-580
-225
-41
2799
243
-227
-200
-1403
-275
-614
2074
957
337
877
-1049
-65
-1198
-990
517
1103
755
476
-654
-432
-539
-863
-620
1584
1569
-665
1056
-481
-1565
-2446
96
1476
-769
1076
224
-95
1073
-843
-1342
-408
-692
97
1529
712
269
562
378
-41
-2052
151
646
-48
1919
637
-540
-1246
-1619
-1665
49
-386
1708
1237
-25
2190
-1910
-778
-635
-1494
1246
963
751
1402
-863
-1778
346
-215
-389
-68
471
1734
-266
-296
1892
-2506
-1226
934
-615
1367
-991
181
1733
-585
1102
-765
-1705
4
-809
713
828
1227
165
-767
-358
-950
-285
-1093
1087
1280
862
900
-1417
314
-701
-942
1453
-279
64
533
405
842
-870
-802
-655
-1258
591
373
-433
1326
-221
-206
-193
-724
-248
-777
670
480
609
237
450
-1527
-676
1246
-1364
821
471
413
538
-270
711
-1104
278
1200
-951
372
1078
23
266
-54
-136
210
83
331
723
-42
-1044
-189
795
-48
-811
-559
608
-22
-93
340
-608
-428
-615
21
-648
-500
-300
-93
516
-1160
128
183
-724
80
-503
-109
584
-211
-271
-15
342
-133
-548
-359
145
-1165
-800
1826
284
359
-922
-524
688
-278
-398
152
902
-578
290
1321
761
-1710
-649
883
455
-90
-992
1057
938
3
155
167
-127
108
-142
805
1433
-752
196
954
-656
-343
-286
473
498
-89
314
265
1151
661
443
-610
-1436
-1343
676
1024
-501
-108
-1604
130
-996
-1892
-567
-1578
32
309
985
1822
-440
-1066
-314
972
840
769
1931
2095
2359
1481
2990
2357
1946
1832
2535
3033
550
509
297
1011
42
-238
-84
-622
-2610
-2205
-1327
-3176
-3229
-3415
-2246
-3042
-3189
-2777
-3029
-2991
-4148
-2904
-2103
-1689
-1006
-946
633
-260
-443
-180
-362
189
341
2292
1452
1699
2143
947
1475
384
-1104
91
1678
2082
1819
910
-199
-816
932
461
-388
348
-627
-144
1159
1800
996
-409
-502
-53
1142
1273
1346
1218
-392
1072
1376
642
1422
751
468
717
1542
503
485
501
-415
-790
495
2045
383
648
-823
-274
-208
201
1152
-1246
-1238
-1159
-612
-1105
-665
-1634
-1319
-407
200
1522
500
-202
-1925
-532
1700
-160
-1366
-24
132
1923
3576
2588
1365
675
1405
1418
806
163
455
623
1833
1541
1242
831
-2436
-3047
-1890
-789
-1592
-1486
-1613
-1809
-1268
-2266
-3312
-4218
-4042
-2945
-1765
-1199
-135
-769
-2194
-2738
-2546
-2002
-1905
-2154
441
2767
690
-415
-820
-711
-1140
-439
1696
403
860
2858
1935
714
-591
-183
405
1613
2026
2706
3215
587
137
-1670
128
1214
696
1799
624
1170
36
728
1797
-306
-1285
-229
2384
2686
838
1165
-61
-369
305
830
1790
1310
1752
1442
1443
2135
994
-519
741
840
1733
1255
549
1062
60
135
60
46
-488
-465
191
1248
-1722
-1284
-188
-1470
-1115
-493
859
-1002
-1190
-704
7
-924
-2081
-595
651
-589
-722
-300
-553
-487
-2257
-1091
-1193
-1676
-1853
-1611
-828
-1349
-1491
-1994
-2059
-795
-207
-1230
-221
-964
-943
-655
-967
1153
644
681
641
-12
1160
286
673
929
341
1458
699
1492
2066
768
-65
263
427
329
350
-240
404
-128
56
252
-873
-1360
-1768
-1321
312
-66
-1381
-103
-106
14
-226
-1421
-1393
-1079
565
1062
345
552
635
534
1019
241
-1292
-640
1444
3208
1493
-362
622
108
1143
1228
173
446
-55
2729
2952
-71
-845
-1044
2509
713
427
2142
-252
896
-580
2052
-1391
-831
806
-304
2491
-816
1127
-1673
-1238
-573
43
-263
-1879
630
-1268
1693
-489
-1108
-1211
-2959
644
259
317
27
-1314
644
591
5
-1057
-1372
2160
244
651
662
1500
-435
-1163
2058
-1964
-2251
-2170
1371
-1814
-3838
-1803
-2920
-2719
-2797
500
-1768
-2233
-810
577
-334
-2211
-638
-695
160
1736
5247
4666
2032
2993
3459
5551
3540
1988
2655
1459
5954
6947
3431
1321
68
479
-408
-1095
-1853
-2321
-2515
-2190
-1184
-3078
-6096
-7410
-6310
-5299
-4653
-3288
-2320
-2797
-2461
-1345
-2936
-2931
-2034
-1188
1246
1827
3748
4106
2709
1914
810
1929
1722
2859
3932
4274
3805
1984
1566
536
-614
-758
-545
31
1268
1808
1846
-2427
-5647
-3127
-896
-1310
-715
-814
167
1481
-1078
-2175
-2825
-143
-374
747
2308
449
2039
2209
2394
-893
-2188
-163
3873
4573
641
348
365
2514
1785
-1899
-493
1452
1464
2193
768
-1197
-1638
1299
1009
222
1086
-890
595
1284
175
-3872
-3057
-387
1031
-1207
-5027
-1767
-3900
-4834
-4042
-2634
-1779
-582
2650
-805
-3697
-1806
1726
1816
-1505
376
4493
5830
8764
7172
2740
681
5430
10108
6865
3259
1681
5993
7282
6893
4033
-2589
-3071
-1211
312
-2106
-5375
-5711
-5114
-5696
-6639
-8350
-11712
-11870
-9324
-6817
-6739
-7654
-6048
-4179
-4395
-4771
-3698
-2646
-2346
531
3489
4050
4157
4436
4514
3153
3529
4573
5264
6036
6426
6459
5225
3235
1766
544
168
597
1210
1865
1871
1595
-1883
-4266
-4420
-3617
-1868
-1344
-1043
-239
-837
-1967
-3248
-3530
397
185
90
2338
3074
2017
951
2488
1365
-138
1816
5141
5149
3107
1809
1425
504
2
2796
1536
452
1935
403
1000
945
-1138
-2866
45
1250
2744
372
-3329
424
-1126
-1776
-1283
-281
-2003
-1867
106
-1484
-4148
-6042
-1118
573
-2048
-1506
917
110
-1823
-2269
-549
1261
870
1102
948
1210
4315
7289
5747
1758
19
4941
9609
5162
132
-421
1924
7586
9160
2433
-3752
-4815
-2303
-192
-3768
-7438
-7273
-4666
-3645
-6565
-10287
-12839
-11798
-8925
-7014
-6826
-7049
-4609
-2312
-3898
-5773
-5971
-3334
477
2647
4390
5719
5045
5339
5176
3450
3078
3441
7723
9379
8079
6749
5657
3604
1323
1180
939
2349
2303
3334
3811
711
-4020
-5971
-3576
-1475
-1441
-1113
799
-425
-1981
-2274
-2638
-2289
-1968
132
2538
3382
1792
1453
2640
1057
48
311
2855
3285
2567
3579
2935
1598
-882
-1165
917
1484
338
987
523
-81
-280
-599
-860
-3113
-1460
2115
2570
-1296
-2806
-3393
-1957
-309
-3075
-807
-732
-2364
-3019
-2687
-4143
-5577
-2159
536
2177
-1576
-1636
-1074
-1567
-390
770
1111
-1367
3331
7466
7844
3928
76
541
5100
10349
9389
2688
-3261
3234
10125
10339
4080
-3715
-3302
393
1623
-425
-6798
-9542
-3443
-255
-4966
-12187
-12661
-8956
-7730
-9283
-9650
-7573
-5177
-3350
-4428
-7065
-8961
-4789
1944
2924
250
992
5695
7463
4055
2069
3984
5897
7814
9279
8608
7026
6261
5988
4440
721
344
3540
5412
3688
497
-84
-2162
-4415
-4605
-3811
-2367
-1438
-774
-1230
-3877
-6056
-5132
-2857
-1213
-1721
-578
1505
1427
857
1022
747
-15
1323
3056
4100
3968
3524
2989
1236
98
520
1160
2625
2609
1368
1464
54
-1273
-2282
-1905
-244
32
908
792
-913
-3353
-4092
-3629
-3728
-2035
-647
-325
-3640
-5173
-4538
-3657
-330
-145
602
1087
412
414
1647
1582
74
696
4618
9223
11383
9454
2403
-1594
3996
13694
13889
6109
-1101
1469
9654
11712
4499
-4446
-4536
1298
4882
-880
-9392
-12320
-5709
-2017
-8077
-14948
-15964
-10407
-7629
-12226
-16629
-13702
-6651
-2298
-6673
-11561
-10853
-3733
2596
105
-3103
400
8692
11687
6461
129
2201
9340
13633
12514
8561
7410
9794
11073
6477
855
335
5775
7889
4128
-11
-1726
-1666
-4455
-7236
-7162
-4970
-2213
-1518
-3955
-8352
-10145
-6368
-2900
-2742
-3137
-1319
1015
331
-1008
-964
1676
3956
5475
5853
4813
4977
4571
5367
4061
2302
4633
6253
5294
2621
1415
-10
-1103
-890
-768
-1240
-2339
-1512
-2186
-3765
-6548
-8038
-6611
-6559
-5728
-4259
-3734
-5234
-5718
-4437
-1493
-243
-341
507
2158
6150
6352
3738
115
3299
12400
19545
16151
4997
1740
9530
20159
16844
4803
-2728
5510
18434
17229
2253
-10754
-7731
4453
9040
-2505
-14720
-15154
-5229
-3273
-12664
-21583
-20309
-11306
-9946
-16346
-20977
-16927
-10065
-9604
-14773
-16380
-9562
399
991
-6378
-8810
-162
11082
11582
3229
76
7825
15484
16015
10875
7792
11076
16183
15221
8175
3978
7039
11552
9200
2941
625
2693
1289
-4814
-8444
-6395
-2543
-2661
-6494
-10596
-12283
-9329
-6054
-6999
-8647
-6744
-2349
-871
-3307
-4104
-758
2878
3603
3004
4895
7717
9743
9448
6573
5018
6816
10302
9646
6046
4742
6106
5971
2924
-575
-1089
-413
-1501
-3310
-4779
-5599
-7185
-8154
-10289
-12368
-11526
-6433
-3535
-5264
-8150
-9993
-7153
-3913
638
3164
3472
1800
1254
6694
12202
14333
9756
8259
13370
20923
21664
10495
1219
3813
17801
25683
16592
739
-5093
2286
8473
1963
-9219
-11593
-3736
1851
-6119
-20567
-27019
-19661
-10948
-11242
-17989
-20025
-16261
-15124
-18168
-20338
-15435
-7323
-3733
-7394
-11184
-7142
2637
6230
1423
-872
5562
13768
13786
8568
5602
8900
15353
17894
14082
8361
7469
10971
11538
7489
5331
6811
6186
1793
-1741
-1140
209
-1299
-3748
-4624
-4978
-6434
-7154
-7832
-9484
-8714
-4102
-2408
-6068
-8400
-5395
-1351
-866
-944
912
3380
3465
4097
5819
5760
5948
6957
7912
6927
7039
10217
10128
5936
2868
3811
5342
3007
-31
132
797
-1348
-4526
-7705
-9817
-10601
-8552
-5190
-5303
-6960
-9609
-11082
-10671
-8594
-3298
224
-256
-4363
-4659
2776
9750
10248
4083
4450
12646
20756
18805
6763
1166
8045
23333
26658
12960
-881
-279
10927
13061
1979
-7660
-5864
3144
4963
-7128
-21393
-23565
-12603
-6105
-10558
-19329
-21286
-16399
-15602
-18632
-19397
-14248
-8505
-7996
-12250
-14297
-7766
896
1849
-2176
-2447
5810
11620
9098
4020
4326
12395
17952
16828
9729
5816
9847
14431
13379
8086
6292
8520
7974
3697
415
386
1202
1076
-881
-3440
-4510
-4705
-4566
-6976
-7546
-5120
-3076
-4079
-7542
-6949
-4548
-2506
-600
-984
-1404
-824
820
3727
4338
4720
5353
5241
4763
4479
6719
8084
7059
6533
5173
4104
2572
1676
2591
2536
2134
-1097
-3846
-7387
-7143
-5674
-4827
-3973
-5282
-5243
-10268
-11119
-10315
-4710
-1066
-2986
-5249
-7991
93
4981
5682
-1606
-1911
9094
17502
17208
2576
-3301
4801
21504
26274
12295
-747
1344
14562
17827
3945
-8130
-3961
9927
15092
386
-16878
-21020
-8712
-250
-6095
-16096
-18209
-11972
-11481
-16690
-20836
-17505
-9792
-6162
-10619
-15948
-12701
-4660
-1952
-5564
-6859
693
7133
5106
805
1260
8350
13358
13320
8620
5725
10191
14950
13564
7603
5363
9956
11772
7257
3043
1728
2773
2386
1257
593
-1661
-3894
-4264
-5129
-5498
-4948
-4213
-4229
-7248
-7114
-4634
-2813
-2209
-2765
-1998
-1449
-1139
1254
3645
3871
4320
3319
2625
2814
5123
8908
7532
5146
4360
3995
3442
1332
2066
5091
4587
1543
-3292
-5836
-5272
-4547
-3182
-2781
-2901
-3660
-6355
-9231
-8693
-6363
-954
56
-2561
-6113
-3993
3078
4370
1015
-4507
4058
13629
16857
5551
-6968
-2542
12001
24874
15385
368
-3577
8683
17025
7759
-6827
-7693
5987
16334
8526
-11001
-20008
-11240
2239
1154
-9278
-16162
-10909
-6623
-10459
-17443
-17673
-10147
-5145
-6719
-13895
-14292
-7845
-2419
-4799
-8232
-4469
2262
3466
-193
-1500
3170
9275
9717
5904
2971
7324
13244
13131
6856
3223
7662
12251
10064
5158
3602
4246
4208
2836
2119
672
-1033
-1920
-2027
-2650
-3741
-4100
-4702
-6324
-6760
-3907
-2612
-4054
-5202
-4236
-3241
-3177
-1349
1548
2789
2232
1649
1003
1181
3349
7744
8970
5264
3344
4064
5010
3108
1965
5368
6876
4419
-820
-4691
-4070
-2949
-815
-427
-1638
-3409
-6254
-7222
-7877
-4923
-1987
398
-2057
-6003
-6299
-2382
3985
4280
1325
-1434
5336
11029
12060
3116
-3758
2665
14386
22419
10870
-1658
-3235
7773
15348
7783
-3466
-3963
5320
10685
2200
-12646
-16030
-6304
4488
949
-11208
-17805
-12947
-7346
-8087
-13221
-13951
-9365
-7191
-8806
-13597
-12925
-6401
-1877
-2945
-6579
-6097
-1358
-220
-458
665
4980
8444
6055
3071
2241
6362
10795
10465
7100
5794
8183
10093
6305
2499
3833
6676
6956
3533
1400
422
-654
-1177
-1024
-1650
-2121
-3039
-3286
-4742
-6831
-5025
-4013
-3037
-2846
-3720
-4102
-4515
-2421
603
910
649
373
483
1604
3217
6151
6337
3824
3227
4741
5775
4596
3375
6441
7319
3830
-143
-2604
-825
809
1068
647
-1823
-4826
-5892
-5346
-3706
-3940
-3828
-2606
-523
-2009
-5597
-8768
-5159
5159
8769
7693
-3551
-2993
5352
12724
11605
-971
-27
9763
22315
16243
-660
-7847
3009
18880
17508
1059
-10221
-3884
7990
8274
-6036
-15337
-10052
1923
1025
-10648
-20519
-16550
-6978
-4848
-10268
-16663
-13973
-9906
-8262
-13132
-13749
-7091
-2199
-3256
-8402
-7341
-1501
1462
689
126
2953
7476
7556
5019
2109
5016
11719
13211
8525
4255
7118
10822
8062
3388
3724
6547
7660
4423
1020
-708
-1251
-470
-217
-1542
-2319
-2599
-3956
-6272
-7604
-4076
-1723
-1552
-3864
-6445
-5530
-2902
231
518
-835
-553
1887
2376
911
1073
4245
7703
6362
3729
2784
4050
6203
5801
5931
4986
3790
2276
-77
-688
-558
1003
1678
599
-3554
-6585
-6732
-4432
-2722
-2676
-1664
-1177
-2831
-7518
-10422
-5888
5278
10702
6862
-4205
-5387
2834
10759
10252
1282
2728
11058
20351
11920
-4364
-6885
7332
22529
16933
-173
-9849
-3023
8128
7740
-4706
-12869
-6776
4043
880
-14287
-22361
-14522
-4422
-3254
-10057
-16134
-15390
-13848
-11076
-12276
-12230
-6812
-2838
-4765
-10662
-10089
-2821
574
-637
324
3855
6928
4585
2441
3168
6252
11891
13246
8360
4585
7345
12905
11017
3851
4360
8674
9843
5406
1290
1946
1786
967
1040
-1030
-2875
-3989
-4149
-3504
-5250
-3838
-3276
-5406
-6431
-5989
-3793
-2959
-3038
-1238
-927
-1393
-129
59
751
1145
4480
7484
4619
1689
2112
5324
7077
5865
5509
6310
4252
1353
-599
458
2963
2788
1897
-468
-3342
-5707
-5439
-3301
-1216
-1902
-3304
-4528
-5109
-5436
-6430
-5043
-1218
5734
6171
1111
-6820
-4884
4978
12639
11756
2808
1318
5927
13752
9914
1471
-128
9594
18580
11988
-1674
-9296
-899
9729
9314
-2079
-10805
-7174
29
-2904
-12530
-16443
-9884
-3036
-4480
-12895
-19487
-17421
-11305
-6279
-9248
-12355
-9897
-6404
-6452
-9632
-7385
-1669
165
-168
84
2423
4296
3805
4469
4577
6726
10398
10934
8212
6147
8925
11157
7988
4428
6689
10097
8724
4865
2607
2563
1107
-80
1220
775
-477
-2038
-3322
-4124
-6014
-4456
-2963
-3691
-4272
-4775
-3406
-3686
-3939
-2258
-1598
-435
551
918
118
-763
2374
5129
4143
2145
2892
5598
4936
2975
3383
4820
4121
2172
1681
1762
762
-222
285
545
-2037
-4838
-4459
-2309
-1466
-3301
-5667
-5531
-3701
-1959
-2635
-5327
-5398
-1922
4261
4741
812
-4049
-1442
6709
11631
10424
791
-417
5579
15885
14276
1878
-913
6049
16237
11573
-1448
-6838
-797
10105
10513
-1938
-13549
-11931
-803
2576
-5855
-14593
-13160
-7746
-6689
-10464
-15077
-13557
-9789
-5856
-8074
-13216
-11585
-7193
-3380
-4322
-4489
-1885
-2319
-1961
19
4064
5561
3660
3454
4343
6652
8805
8986
5605
4174
7993
11342
8729
2880
3933
7754
6926
3254
933
2198
2444
1955
1334
-1486
-3141
-2465
-824
-1629
-3389
-3018
-2350
-3587
-4141
-2160
-2227
-2456
-1932
50
-158
-2266
-436
944
784
121
1658
4484
3563
1232
963
1325
2698
3255
3538
4128
1789
305
-81
-399
428
-13
716
1733
-1162
-4121
-6938
-5045
-566
192
-737
-3859
-4396
-3983
-2411
-1932
-2002
-1617
540
5987
4307
978
-4683
-144
10000
13835
11316
-582
-1830
4437
14631
14084
2762
-1032
4896
13746
8335
-3805
-8483
-307
10466
8434
-4808
-15172
-11045
-386
484
-8364
-14735
-10464
-5191
-7105
-12342
-15032
-10025
-5787
-4980
-9367
-12794
-7450
-1966
-801
-5481
-6023
-666
1449
874
-420
2175
5863
5976
4622
2046
2534
6412
8965
7809
4671
4691
5941
4860
2919
4277
6256
4808
2174
637
1359
1152
-114
-122
-120
624
352
-2322
-3735
-2743
-621
-236
-2150
-2191
-1120
-1217
-1222
-1615
-1003
-126
502
1621
-124
-987
718
2701
3020
450
50
1817
2627
1607
120
835
3127
2962
-206
-2568
-1744
1590
2320
493
-1763
-3513
-3263
-2744
-1535
-1136
-994
-886
-672
-2373
-4221
-3279
-430
3750
2441
654
-2628
-78
4585
6269
5103
99
4883
7714
9838
3631
-1374
3913
10359
14558
4496
-3627
-1792
7247
11115
2228
-6254
-5074
2767
5558
-2631
-11404
-11274
-2388
1578
-5841
-14191
-14506
-5706
-3372
-7172
-11965
-11157
-5477
-4545
-6869
-10286
-7075
-583
243
-4194
-6555
-2029
2548
1434
-1061
-63
3526
4809
3486
1495
1233
3813
6459
5794
2073
2173
4758
6203
3188
835
2948
3333
2946
1878
2099
2470
987
411
320
-165
1136
2032
1439
167
-1344
-838
-545
546
2277
1625
-316
-1149
-561
602
301
614
1578
830
349
-278
-606
-735
-187
1736
2112
75
-1657
-1946
-403
1215
1070
216
-1162
-1346
-757
-1304
-979
-161
56
-194
-1734
-1520
-1110
-1153
-332
306
925
100
-259
372
2118
1683
1113
135
1883
5460
5139
3424
-817
2773
7495
9021
3571
-2892
22
6628
11591
4039
-4009
-4270
4157
8867
1077
-6944
-7565
635
4749
-947
-9017
-11743
-4876
305
-3406
-9838
-11662
-5698
-3314
-5949
-8646
-7880
-4159
-3867
-5037
-6965
-5127
-1296
-631
-2902
-4927
-1512
1878
654
-2027
-1510
2437
4377
2333
-262
-288
2473
5370
4267
1674
2012
4074
5119
1863
624
3958
5323
4104
1575
1883
3401
2546
2131
2239
1954
2184
2345
1919
654
-465
1187
2309
1474
925
-625
-1146
-422
623
1384
-1047
-1451
160
-426
-1847
-2528
272
1678
-213
-1624
-2222
-1980
-1373
106
1920
1868
-284
-2106
-2596
-957
1862
2490
1598
-133
-1378
-1447
-1198
668
1674
1180
1088
1322
729
-2237
-2878
1417
6017
5049
-1089
-4826
-2798
4291
7257
4642
-1174
-2566
3822
6582
3882
-4197
-3572
4700
10581
6812
-5373
-8373
-1076
8708
7228
-3063
-8252
-4137
2720
2332
-3976
-8006
-5009
518
-312
-6306
-9743
-5962
-952
-2215
-5155
-6898
-4820
-3949
-4975
-4825
-4144
-756
-914
-4127
-6937
-4550
1629
2239
-1607
-3883
-1397
2215
1793
-263
-245
1845
4851
4400
1105
-581
2371
6524
6628
3209
1924
3494
3752
3859
3628
4500
3907
2318
2380
2100
2199
2824
2443
1353
-133
-87
1368
169
58
94
-341
-1325
-2349
-975
-537
-959
-775
-854
-2342
-2528
-1519
115
-238
-1223
0
-244
-1345
-1445
-10
1771
1067
-409
399
856
1187
451
50
1218
1034
921
311
508
1272
973
-584
-832
423
1822
1554
-781
-546
-302
1211
322
-722
-1099
452
4248
2654
-467
-5073
-181
5838
6372
1006
-5521
-1246
4241
7304
1115
-4685
-1942
4587
6835
-867
-6544
-3994
2832
5447
-548
-6250
-6325
-1633
1563
-2983
-6254
-5347
-1367
-1454
-5865
-6849
-5343
-2735
-3586
-4754
-4974
-3780
-1959
-3466
-5464
-5362
-962
1895
-920
-3719
-2699
1434
2644
801
-151
1156
3816
4921
3690
1288
2297
5242
6523
4816
2711
3994
4815
4328
3452
3136
3456
3072
2849
2291
1670
1053
773
10
-550
336
213
-64
-1181
-1632
-2119
-3126
-1423
-31
-261
-2147
-2641
-1276
-1073
-1257
-1044
-48
-71
-550
-299
-371
-237
-145
1226
2086
1418
598
0
891
1186
1217
1043
1108
1664
1136
401
-225
87
624
329
110
163
204
-115
-491
-1191
-1047
-1237
259
1590
187
-1284
-2801
698
2304
1254
-1127
-1173
2863
4115
2504
-2676
-2589
2019
8045
6660
-1497
-4335
-592
6031
4292
-1800
-3365
78
4416
2115
-4232
-7324
-4084
1778
1328
-3946
-7155
-5337
-3395
-4540
-5312
-4940
-3578
-4423
-5277
-5492
-5500
-3352
-2535
-2776
-3665
-2530
16
-873
-2131
-1195
1989
3197
2010
1451
1458
2836
3928
5001
3596
2366
4021
5255
4612
1943
3060
4836
3806
1716
1241
2979
2773
1738
813
646
818
835
12
-1446
-1063
770
1068
-949
-2665
-1970
-601
11
73
-884
-1452
-1234
53
-247
-1527
-838
1287
2468
532
-1193
-916
374
1748
1951
1233
901
723
1158
473
-353
289
1218
1965
1177
-57
-1178
-1495
-694
603
663
-538
-1685
-1809
-1094
-710
-911
-1197
-1003
-609
30
-254
-1098
-1428
-840
1290
2391
1555
215
-731
1813
3536
3482
1069
-786
1802
4242
5138
1196
-1356
-65
2989
3569
-204
-2240
-1575
893
255
-2622
-4434
-3938
-1595
-1696
-3860
-5909
-5553
-3499
-4034
-5151
-5067
-3200
-2103
-4419
-5728
-4978
-1692
513
-835
-2326
-2430
-158
1064
51
74
1727
3447
3129
1577
1048
1436
2607
4084
4591
3394
2120
1986
2200
2147
1942
3161
3415
1880
679
204
1031
1054
867
1486
647
-84
-280
-73
417
-398
-56
528
188
-272
-1249
-882
294
1410
1364
-524
-1810
-921
636
1096
851
540
571
21
-461
17
323
1206
1585
1049
232
-601
175
103
-201
432
1202
1193
-956
-1893
-1108
169
499
-649
-1260
-1151
101
204
-1768
-2508
-1176
1750
1353
-904
-1548
-648
1015
158
-34
451
2389
3091
1162
-1216
-966
2983
4575
2571
-1086
-516
2243
3197
838
-2199
-944
1990
2724
-1485
-5019
-3305
319
1208
-2201
-4733
-4426
-2949
-1837
-3341
-4659
-4077
-2245
-1961
-4493
-4789
-2352
-765
-2161
-3748
-2565
-704
35
-441
-871
-857
256
1427
901
280
869
2570
2521
884
904
1718
2632
2682
2211
1805
1111
2050
2716
1907
1123
1523
2385
1714
822
1192
1531
1209
1207
1428
1210
259
391
1138
1366
1095
688
236
-234
459
1053
917
-19
241
663
82
-72
-223
270
-19
77
608
-44
-698
-1080
-388
119
107
222
0
-340
-994
-919
-411
151
189
-480
-292
45
153
-1068
-1790
-255
1227
1239
-943
-1466
-619
32
-1
-611
324
485
502
-214
-1157
-811
31
1292
824
-388
-296
288
653
-196
-588
27
796
1047
41
-650
-1089
-385
-413
-120
661
-12
-1083
-2621
-1124
208
-466
-1341
-1925
-903
-962
-1367
-1439
-2105
-1850
-938
-311
-1001
-2488
-2333
-1372
-751
-796
-1043
-1432
-1441
-653
-297
-405
-977
-526
64
-54
269
376
545
423
225
831
1067
1709
2028
1242
816
1020
2029
2373
1934
1945
2144
2034
2023
1860
1605
1629
2330
3253
2338
550
205
1540
2749
1839
294
377
1184
1448
265
-808
-442
346
788
126
-811
-1355
-1343
-904
-504
-704
-960
-857
-969
-1461
-1966
-1406
-655
-593
-739
-724
-363
-804
-1507
-1216
-109
1021
519
-549
-1023
-322
769
751
530
150
438
551
216
189
156
695
697
333
-149
-242
-12
16
-171
-201
214
14
-400
-1059
-769
70
254
-232
-957
-756
-130
-194
-710
-624
-105
356
-16
-749
-929
-869
-124
392
98
-326
-1096
-1137
-926
-703
-181
-427
-929
-1476
-1536
-1064
-1184
-1131
-702
-451
-751
-1613
-1731
-1168
-490
3
-129
-679
-616
-47
104
-219
-341
513
1107
928
502
355
886
1551
1795
1382
878
1510
2509
2181
1453
1344
2096
2392
1857
1853
1924
2011
2069
1843
1443
1052
1379
1742
1360
866
687
400
19
-254
-34
320
-98
-573
-1102
-1289
-1101
-1194
-1071
-1001
-983
-1193
-1821
-1898
-1584
-1126
-598
-421
-635
-1403
-1751
-1070
-185
210
36
-133
-146
-139
23
245
386
534
563
583
547
182
108
386
861
1015
526
111
69
131
180
474
616
416
-227
-408
-157
-123
66
-223
-310
-357
-549
-686
-1201
-1062
-423
-261
-608
-1331
-1706
-1299
-812
-406
-864
-1467
-1177
-905
-791
-1249
-1270
-629
-511
-366
-515
-898
-859
-319
388
325
-212
-191
63
120
347
477
509
398
518
622
71
-86
539
1027
581
-18
167
777
834
638
559
552
838
953
945
753
900
1282
1297
1065
999
1281
1359
1603
1635
1402
1125
1110
1473
1344
1362
1283
988
633
408
622
437
205
36
-108
-158
-464
-789
-1148
-1009
-475
-700
-1392
-1846
-1373
-877
-1232
-1612
-1646
-1243
-997
-1091
-1357
-1341
-885
-623
-824
-1022
-414
188
57
-614
-828
-107
607
1030
760
436
413
648
822
631
975
1560
1965
1418
591
345
625
1266
1522
1417
678
-13
-233
-106
107
-133
-300
-504
-904
-1365
-1750
-1646
-1602
-1671
-1641
-1768
-2161
-2777
-2768
-2079
-1467
-1452
-1788
-2215
-2302
-1485
-392
-99
-666
-702
-105
239
399
870
1309
1261
1286
1592
1564
1384
1853
2263
1910
1489
1657
1801
1301
1066
1512
1737
1434
992
389
-201
110
1393
1550
124
-880
-435
406
308
14
-51
118
417
531
165
-627
-422
777
1569
1160
69
-509
-164
668
1194
859
181
56
257
95
-359
-330
123
305
-162
-882
-1218
-1179
-821
-613
-823
-1334
-1612
-1384
-1357
-1666
-1679
-1100
-805
-1339
-1873
-1641
-699
-109
-388
-879
-1005
-247
567
649
321
87
786
1446
1405
1127
1118
1615
1908
1982
1752
1277
1058
1468
2036
1846
1096
448
246
229
398
525
127
-548
-1067
-1131
-1183
-1523
-1606
-1481
-1391
-1650
-2400
-2816
-2637
-1897
-1227
-1456
-2191
-2506
-2081
-1311
-1016
-1172
-811
-397
-113
-409
-552
34
563
1239
1392
1260
880
890
1594
1947
1829
1769
2089
2004
1757
1552
1700
1905
1974
2077
1370
1001
1174
1353
1229
701
977
943
488
312
73
37
-117
389
553
-338
-909
-660
-194
-455
-571
-399
-493
-903
-918
-590
-807
-983
-848
-439
-407
-769
-870
-1165
-1084
-444
-119
-531
-1281
-1250
-707
-462
-510
-762
-1068
-940
-595
-432
-715
-1062
-572
-231
-203
-361
-512
-275
-199
270
531
315
176
284
806
1004
1114
1220
1024
967
1226
1545
1516
1246
1072
1305
1371
1242
1019
626
675
704
764
564
44
-172
-363
-287
-358
-704
-1040
-1216
-1080
-1135
-1464
-1777
-1675
-1571
-1467
-1477
-1660
-1619
-1665
-1367
-1254
-1162
-947
-930
-632
-638
-406
-180
-65
154
195
588
756
849
744
894
1208
1294
1434
1182
1379
1486
1660
1602
1090
1316
1481
1641
1312
1062
1249
1096
1048
698
697
1032
1223
848
33
-145
212
683
405
-13
-244
-229
-100
-499
-745
-948
-401
43
-448
-1098
-1679
-1211
-692
-635
-862
-1255
-1199
-1141
-1244
-1442
-1286
-980
-689
-648
-1065
-1480
-1690
-1032
-268
-45
-237
-829
-925
-716
-161
253
65
195
307
489
303
-9
315
769
1284
1256
834
499
496
849
1238
1366
1182
936
623
567
711
998
1055
617
366
331
300
99
-129
149
418
163
-543
-1138
-948
-303
114
-289
-1078
-1332
-960
-702
-857
-946
-731
-501
-685
-927
-1110
-891
-242
74
-196
-617
-450
19
60
-128
167
634
691
337
26
247
744
1198
1135
597
364
672
1217
1263
834
659
797
999
1019
831
661
712
927
909
391
-50
313
815
818
369
25
-50
-220
31
196
36
-146
-327
-382
-656
-586
-308
-299
-422
-547
-688
-1105
-1205
-762
-319
-387
-644
-951
-1343
-1262
-835
-365
-462
-715
-702
-944
-1073
-887
-422
-180
-332
-400
-592
-683
-439
-105
164
242
374
291
-184
-320
196
876
1064
679
306
426
784
953
831
685
833
989
863
465
358
763
966
759
311
39
3
-34
98
178
28
-249
-504
-664
-732
-643
-530
-586
-900
-1162
-1048
-784
-698
-840
-860
-711
-634
-725
-791
-567
-211
-14
-15
-1
41
93
199
383
651
810
729
646
773
1100
1220
993
910
1031
1101
916
781
992
1180
1084
823
633
590
625
636
449
278
291
398
358
55
-53
93
179
33
-253
-325
-164
-13
16
-149
-351
-334
-140
-139
-356
-433
-309
-182
-290
-424
-336
-193
-212
-329
-454
-593
-687
-681
-503
-369
-408
-651
-913
-1012
-953
-802
-741
-717
-758
-816
-927
-1035
-954
-733
-440
-404
-667
-826
-669
-362
-170
-63
186
336
215
6
-3
309
690
928
862
713
672
745
784
753
828
847
793
712
517
322
304
561
663
286
-199
-404
-244
-142
-164
-270
-300
-379
-614
-728
-746
-514
-346
-335
-522
-735
-608
-375
-93
6
-38
5
37
85
103
285
625
859
855
613
436
536
904
1059
919
821
924
1062
890
607
578
816
985
779
393
237
328
475
451
239
82
38
-5
-32
-48
-149
-201
-158
-94
-93
-151
-139
-83
-174
-303
-210
-63
-13
-15
-20
-17
-62
-146
-134
-96
-61
-22
-66
-198
-364
-443
-424
-273
-239
-471
-828
-999
-861
-686
-701
-935
-1078
-1022
-978
-1110
-1322
-1319
-1005
-746
-803
-1083
-1172
-906
-584
-459
-525
-446
-278
-221
-177
-22
246
456
491
441
444
554
696
803
800
831
982
1069
905
629
648
829
942
791
544
462
445
488
434
328
251
144
41
-36
-26
-32
-102
-171
-138
-35
-72
-200
-323
-266
-69
42
-10
-89
-60
19
154
170
139
130
132
240
357
417
339
249
272
398
569
536
344
113
199
506
569
374
160
214
294
265
105
-45
56
224
221
20
-161
-105
38
50
-22
-81
-69
-54
-86
-161
-95
69
122
-12
-201
-216
-19
178
91
-91
-95
16
-8
-126
-174
-114
1
-27
-265
-514
-513
-315
-179
-202
-454
-755
-812
-719
-657
-667
-683
-710
-750
-882
-1025
-1018
-877
-677
-572
-641
-842
-953
-763
-423
-154
-70
-206
-320
-253
-74
115
287
446
574
553
406
286
341
649
1009
1106
807
472
355
552
800
841
777
623
450
246
183
272
427
543
420
97
-261
-310
-21
186
172
-13
-142
-212
-230
-169
-134
26
114
60
-148
-314
-234
37
324
365
220
-3
-57
50
262
467
541
469
252
117
86
208
409
448
386
266
204
142
33
83
321
506
329
-94
-333
-110
214
295
94
-138
-181
-98
41
-71
-246
-182
48
105
-168
-386
-328
-44
155
54
-253
-351
-206
-98
-63
-115
-118
-193
-298
-328
-320
-186
-188
-287
-348
-369
-369
-437
-443
-420
-339
-328
-478
-609
-643
-418
-259
-268
-389
-516
-474
-414
-235
-126
-108
-115
-108
-56
-100
-70
23
146
234
175
136
105
139
276
379
404
296
190
167
309
322
203
249
326
384
175
38
128
258
283
150
51
-21
35
79
71
-16
-78
-69
-96
-115
-203
-155
-43
-30
-51
-149
-145
-105
-34
36
6
114
142
106
45
74
220
330
404
301
243
186
264
423
512
557
454
357
327
388
446
419
377
424
465
389
247
188
214
333
354
242
91
-42
-10
48
129
0
-158
-158
-85
-83
-244
-297
-295
-201
-188
-267
-393
-528
-440
-284
-230
-376
-540
-521
-407
-287
-299
-422
-522
-408
-203
-276
-428
-436
-291
-200
-219
-266
-395
-430
-250
-45
-129
-335
-313
-159
-87
-92
-87
-108
-96
-1
-2
-54
-64
-10
106
118
78
18
19
94
192
240
126
72
117
203
195
123
130
129
120
113
133
67
61
154
136
56
-25
48
113
62
6
-35
44
104
87
41
-16
10
26
109
66
1
77
142
207
70
107
180
234
189
93
193
123
266
284
280
226
167
350
260
261
285
411
416
342
292
82
150
243
381
254
93
187
108
123
138
174
84
-51
32
-13
-108
-185
-85
-22
-117
-135
-217
-260
-269
-168
-145
-304
-333
-310
-309
-388
-347
-272
-337
-392
-392
-333
-335
-284
-226
-281
-317
-275
-230
-249
-206
-145
-142
-139
-116
-95
-127
-98
12
39
-35
-69
18
36
-22
2
116
142
25
-56
-66
31
108
108
67
-5
0
22
19
19
25
38
6
-9
-16
-101
-110
-25
56
25
-100
-161
-148
-89
-23
37
31
-39
-110
-75
25
101
120
31
25
37
67
124
121
157
135
107
136
154
181
177
246
371
377
223
126
235
348
418
368
267
268
291
355
354
309
319
306
269
248
227
188
210
246
228
91
-47
2
114
122
1
-69
-27
-22
-89
-179
-219
-142
-49
-92
-229
-322
-333
-270
-185
-163
-301
-429
-393
-345
-339
-428
-441
-348
-308
-351
-502
-532
-490
-395
-330
-361
-366
-404
-374
-271
-147
-98
-101
-49
-19
-45
-26
114
263
272
197
155
192
299
332
343
365
385
357
275
236
277
408
387
263
164
88
74
111
203
149
-9
-110
-145
-144
-176
-190
-142
-88
-123
-300
-404
-307
-145
-80
-147
-172
-182
-215
-215
-138
-35
53
139
135
7
-94
-64
105
321
327
264
223
163
159
160
229
377
476
383
161
91
182
278
354
360
336
236
99
40
89
174
226
194
80
22
-63
-59
19
107
132
25
-22
-59
-64
-93
-45
46
-15
-123
-219
-200
-107
-56
-102
-196
-219
-176
-170
-247
-307
-303
-237
-220
-363
-446
-474
-417
-285
-332
-454
-521
-383
-272
-346
-373
-341
-224
-181
-203
-248
-205
-24
105
129
26
43
181
307
320
268
288
377
452
393
309
325
431
524
490
374
332
320
304
237
206
216
194
145
65
17
-8
18
-49
-95
-69
-102
-160
-262
-291
-285
-253
-185
-204
-266
-302
-244
-166
-157
-179
-181
-108
-90
-97
-42
-19
-34
14
134
164
113
74
47
158
257
249
180
126
236
317
301
197
199
316
333
236
155
149
112
127
142
162
79
16
99
98
72
51
60
56
30
27
20
19
19
38
30
16
-3
-52
-89
-111
-80
-127
-217
-221
-147
-116
-231
-326
-309
-266
-291
-378
-452
-426
-405
-405
-431
-465
-408
-404
-407
-346
-367
-369
-296
-209
-157
-206
-191
-127
-88
-35
16
53
76
82
135
198
227
282
307
371
379
384
360
300
364
431
521
452
308
316
389
375
294
257
249
240
189
127
48
32
65
71
28
-92
-110
-65
-73
-90
-165
-186
-163
-208
-221
-184
-98
-16
-68
-143
-171
-104
12
1
-24
29
85
49
-39
1
98
124
130
57
-20
10
76
117
114
98
68
68
96
76
33
65
179
197
99
-6
-7
107
160
158
85
29
22
48
68
6
14
74
117
93
33
-33
-55
6
75
30
-127
-178
-108
-95
-154
-205
-228
-196
-198
-241
-306
-357
-317
-263
-259
-339
-455
-406
-336
-339
-337
-348
-310
-312
-308
-308
-294
-254
-207
-157
-132
-103
-104
-82
-50
24
83
67
60
106
177
206
215
227
251
300
334
303
249
259
312
348
344
307
290
300
286
230
213
226
218
203
144
105
110
118
118
114
113
57
8
-4
19
36
16
-24
-39
-17
4
10
-12
16
67
102
36
-41
-18
41
117
87
0
-52
-32
-15
5
20
30
44
-4
-13
-19
15
95
77
20
63
71
-1
-13
22
102
147
88
-3
-72
15
112
60
19
-10
13
69
-5
-110
-116
-41
-9
-100
-138
-156
-136
-123
-185
-217
-224
-178
-199
-238
-246
-269
-293
-288
-288
-308
-285
-294
-333
-331
-254
-223
-246
-270
-259
-186
-161
-196
-237
-175
-83
-66
-94
-151
-74
26
28
22
44
142
187
169
145
137
127
171
215
180
186
174
164
149
159
200
257
319
251
195
209
240
248
221
233
226
199
151
145
192
192
180
142
69
59
76
70
106
107
82
42
12
31
18
14
34
42
0
-25
-52
-67
-9
6
-7
-21
-46
-52
-42
-6
37
-3
-10
-18
-28
-18
6
42
20
16
-30
-25
-14
19
60
86
122
83
84
16
39
101
80
99
96
63
16
-7
33
58
52
31
-26
-55
-108
-109
-109
-95
-82
-129
-192
-272
-259
-220
-205
-224
-272
-350
-327
-291
-291
-298
-300
-253
-278
-292
-337
-323
-230
-158
-162
-207
-211
-195
-146
-114
-82
-69
-60
-82
-69
-4
21
44
57
79
76
73
91
101
131
168
155
131
94
105
180
186
193
197
182
164
158
183
207
229
216
203
194
174
151
151
196
256
263
213
177
145
135
163
198
196
170
131
105
70
49
88
110
122
84
10
-11
35
90
74
13
-5
-30
-89
-80
-6
26
29
11
-26
-31
-48
-32
10
47
41
2
-20
-48
-36
-17
13
19
-11
-19
-34
-36
-16
1
-2
-32
-61
-53
-31
-10
-9
-29
-57
-86
-104
-110
-94
-99
-124
-175
-202
-171
-186
-191
-180
-181
-189
-226
-266
-268
-229
-223
-231
-252
-271
-299
-299
-261
-249
-212
-198
-212
-187
-181
-182
-154
-130
-111
-74
-38
-63
-54
-15
27
53
38
64
67
116
143
147
179
195
225
238
240
224
249
262
275
299
287
260
269
301
309
290
246
235
242
235
196
149
163
168
104
113
156
153
121
130
125
69
44
39
60
82
98
75
19
4
2
-19
33
66
36
14
-23
-59
-56
-38
-28
-35
-54
-67
-114
-105
-114
-109
-75
-83
-102
-143
-125
-93
-69
-39
-27
-7
-28
-56
-35
-27
10
-13
-29
-31
-71
-77
-57
-19
-59
-69
-77
-96
-133
-143
-117
-116
-98
-139
-135
-145
-173
-164
-115
-111
-154
-159
-166
-155
-133
-132
-172
-159
-126
-126
-154
-135
-106
-92
-60
-72
-90
-109
-112
-77
-29
-3
-10
-9
12
16
26
79
145
154
136
146
156
138
136
157
183
227
213
183
158
177
216
209
167
146
140
146
174
171
192
206
213
180
142
120
119
163
158
163
110
76
92
63
63
45
51
66
22
13
-2
-11
-23
-60
-61
-67
-83
-131
-113
-92
-91
-127
-182
-156
-132
-112
-103
-67
-82
-112
-101
-94
-96
-89
-52
-18
-24
-47
-31
-54
-38
-6
-23
-31
-18
-21
-26
-16
-23
10
32
48
61
43
22
23
24
6
-1
-32
-45
-44
-36
-28
-29
-33
-71
-74
-60
-65
-91
-108
-88
-95
-104
-132
-128
-104
-110
-78
-102
-135
-127
-128
-79
-55
-54
-43
-51
-28
-19
-9
-2
11
51
45
43
58
94
104
120
133
96
88
92
110
98
84
103
104
106
110
115
106
136
162
169
170
137
110
100
131
131
130
121
95
104
103
97
73
86
49
-13
15
6
-25
-36
-22
-17
-41
-65
-72
-77
-101
-93
-85
-105
-103
-98
-100
-83
-95
-105
-89
-57
-41
-61
-81
-73
-60
-66
-35
-59
-72
-52
-69
-60
-39
-14
-11
9
0
-3
18
41
59
64
66
28
36
77
76
70
61
48
47
41
44
48
40
10
11
2
-33
-27
-31
-38
-25
-19
-62
-88
-75
-87
-104
-99
-122
-146
-102
-82
-94
-93
-104
-92
-68
-67
-57
-36
-6
23
34
48
45
15
6
6
13
18
10
14
38
65
76
72
66
59
38
41
69
84
70
77
105
101
75
60
78
82
86
65
34
36
40
49
62
66
46
57
64
28
-18
19
34
7
32
22
7
1
2
-6
-29
-11
-13
-44
-24
-7
-26
-25
-38
-39
-44
-34
-19
-32
-32
-43
-32
-33
-45
-77
-92
-43
-59
-57
-54
-71
-66
-79
-82
-69
-22
-38
-50
-33
-37
-27
-25
21
61
29
10
35
52
47
29
42
50
41
55
45
24
49
43
32
27
3
29
19
27
31
16
2
-25
-19
-16
-34
-44
4
-11
-41
-40
-50
-31
-49
-66
-46
-42
-44
-25
-19
-48
-51
-42
-37
-43
-53
-24
7
41
33
20
48
38
24
45
44
39
31
32
29
33
64
35
40
34
3
10
31
26
3
25
35
36
51
62
46
56
71
54
18
15
30
45
50
3
9
2
-25
-35
-25
3
31
32
10
-11
-51
-34
-3
-25
-66
-48
-20
-23
-47
-50
-47
-62
-44
-62
-76
-51
-42
-32
-31
-36
-26
-29
-3
-8
-22
-1
31
31
0
-2
16
62
66
42
39
67
66
46
35
46
44
24
41
36
44
39
53
34
-2
-31
-37
-3
-22
-22
-39
-50
-48
-67
-80
-75
-53
-47
-28
-45
-82
-83
-84
-81
-80
-70
-60
-73
-66
-75
-82
-57
-21
27
9
-9
21
22
1
22
47
42
56
52
50
44
37
62
64
56
60
86
70
74
72
70
102
76
77
50
28
67
78
68
50
25
54
35
13
42
7
-5
-18
-21
-34
-28
-16
-20
-16
-20
-16
-17
4
-18
-18
-30
-39
-58
-44
-23
-19
6
-20
-32
-19
13
-17
-15
-10
-7
6
2
19
4
11
23
40
17
13
7
9
40
15
11
14
15
-17
-35
-49
-25
7
-9
15
-7
-13
-34
-51
-54
-48
-51
-62
-48
-72
-63
-70
-57
-86
-92
-76
-71
-72
-85
-89
-110
-61
-71
-66
-24
-2
-6
1
5
2
38
48
28
-6
19
27
19
32
43
34
76
95
63
44
41
46
68
92
63
71
51
29
37
47
61
56
70
65
30
19
22
36
69
77
48
34
46
27
0
22
73
71
60
28
21
22
14
16
-18
-1
-6
1
10
-2
-22
-25
-4
7
-35
-44
-12
-8
-3
-36
-42
-57
-46
-47
-53
-28
-13
-41
-78
-69
-75
-51
-25
-31
-68
-51
-41
-47
-28
-22
-13
-8
13
7
35
55
41
23
10
22
9
13
37
20
2
5
4
17
-6
6
4
-3
12
-6
-10
-22
-20
-40
-48
-48
-39
-32
-38
-43
-54
-51
-44
-34
-44
-41
-72
-91
-70
-60
-41
-37
-40
-49
-67
-60
-25
9
4
-3
-24
-26
0
4
29
70
69
41
44
42
54
79
84
62
26
38
58
49
61
76
68
80
92
93
60
45
47
44
52
41
28
32
38
40
57
69
42
19
26
26
25
45
65
54
28
16
29
14
-2
-2
2
7
-4
-5
-29
-37
-35
-24
-4
-4
-6
-35
-40
-22
2
13
-22
-48
-42
-39
-45
-35
-39
-71
-84
-78
-60
-36
8
45
38
14
-21
-26
13
30
26
0
-22
-44
-46
-35
-22
15
-1
-18
-34
-34
-23
-52
-46
-47
-63
-60
-51
-54
-56
-45
-36
-64
-75
-68
-76
-71
-87
-78
-69
-64
-80
-58
-54
-45
-39
-40
20
6
13
4
11
28
37
32
16
23
-20
-35
-19
32
53
58
39
25
19
41
103
121
102
74
61
41
63
110
129
123
102
59
29
64
122
117
76
83
70
64
82
101
119
107
87
50
26
35
61
64
53
29
16
13
-22
-18
3
-13
-22
-57
-59
-55
-68
-25
-6
-24
-40
-19
-54
-80
-44
-57
-61
-86
-88
-85
-75
-35
-56
-70
-56
-55
-45
-23
-43
-53
-3
41
28
-12
0
-7
-26
-19
-9
0
0
-7
-52
-67
-38
-23
11
38
8
-22
-24
-26
-24
-20
-3
-15
-58
-56
-66
-61
-45
-54
-68
-88
-52
-21
-15
-16
-37
-38
-41
-82
-56
-17
16
25
-11
-18
-59
-26
18
12
19
3
-34
-23
4
5
32
42
24
19
43
58
74
57
62
75
78
103
93
109
120
110
100
93
82
76
56
57
65
53
77
89
75
59
44
26
40
62
73
66
44
30
16
35
38
31
15
2
20
11
-2
-9
18
13
-40
-33
-22
-32
-38
-81
-71
-51
-90
-88
-53
-31
-62
-50
-63
-67
-61
-66
-22
-29
-30
-40
-42
-34
-35
-41
-51
-42
-45
-58
-59
-58
-58
-53
-50
-34
-30
-26
-49
-47
-37
-30
-23
-12
-10
-41
-14
-1
-3
-4
0
-4
-13
-6
10
11
1
32
27
41
53
29
12
6
12
19
10
7
-4
-38
-10
-9
17
14
13
23
-6
8
6
15
13
35
22
25
42
34
62
30
25
9
5
19
19
52
53
50
31
45
48
44
64
60
57
39
38
24
36
35
28
44
33
31
50
42
41
39
13
16
3
7
16
0
-22
-31
-45
-25
-9
-34
-54
-69
-54
-41
-41
-52
-54
-78
-44
-24
-37
-19
-41
-29
-27
-19
-37
-35
-25
-45
-40
-26
-15
-13
6
-9
-22
-16
-13
0
9
6
-4
-20
-25
-13
0
2
11
20
-9
-8
16
16
-3
-13
-10
4
1
-12
-3
3
11
-4
-5
-8
-4
-6
-12
-4
4
20
28
9
-12
8
7
13
13
3
-23
-19
21
2
6
20
44
42
13
6
-12
5
0
-25
16
17
-2
20
39
24
8
9
-3
-3
-6
0
11
7
20
13
-18
7
15
-12
19
46
43
22
25
16
22
58
56
22
10
20
7
10
13
5
19
48
3
-35
-22
-23
-28
-39
-44
-51
-35
-6
-18
-38
-24
-19
-16
3
14
1
4
-3
-18
-13
-12
-13
-6
-7
-22
-23
-18
6
-24
-43
-24
-30
-42
-29
-6
-6
-11
-34
-25
-7
2
7
23
7
7
6
24
26
-16
13
7
-3
0
-8
-12
-6
0
0
8
30
63
39
15
-6
-5
16
28
39
29
6
-3
7
4
6
-3
-4
-9
-20
-20
-3
4
-12
-5
-30
-26
-3
-22
-2
-10
-34
-35
-42
-16
12
7
3
25
16
22
25
7
13
14
39
39
60
58
38
52
56
44
34
33
18
16
18
29
16
-5
0
18
5
-6
-4
-16
-19
-10
-31
-40
-13
-33
-26
-35
-38
-39
-32
-25
-37
-26
-40
-25
-42
-17
-24
-31
-3
-22
-33
-53
-23
-10
-2
1
-1
3
1
12
-5
-21
-10
2
17
40
34
19
16
28
48
50
43
31
26
23
43
46
32
19
14
13
-4
2
-19
-19
-19
-39
-29
-27
-15
-21
-7
-20
-40
-24
-25
-23
-13
-17
-28
-23
-6
12
10
-4
-15
-18
-13
-13
-3
6
-8
-12
-6
-16
-30
-7
4
4
9
-4
5
16
47
58
41
64
69
59
30
28
36
26
36
21
36
34
13
10
15
36
24
-4
-9
0
-5
6
4
-9
3
-6
-13
-14
-4
-6
-31
-23
-22
-26
-19
4
-1
-8
-5
-12
-22
-25
-34
-49
-35
-30
-23
-42
-47
-28
-27
-20
-18
-15
-10
-5
-7
3
-11
-10
8
7
14
2
13
10
-2
21
17
-9
-17
4
15
16
10
5
5
24
28
19
24
21
23
6
-3
-10
-1
1
10
26
8
10
13
-6
-25
-7
-21
-23
-6
-19
-6
-7
0
16
1
2
-5
-7
6
6
17
16
15
14
3
-6
-8
16
22
13
11
7
17
12
9
16
-14
-33
-24
-6
-14
-35
-19
-10
-10
3
7
8
3
-6
-4
-9
10
18
20
34
8
0
25
25
19
24
25
27
28
2
-25
-4
6
-16
-35
-7
6
8
13
-15
-26
-9
4
-21
-42
-31
-12
-14
4
16
-20
-25
-25
-45
-38
-23
-19
-9
-30
-34
-19
1
-1
2
2
-15
-9
3
8
9
38
16
15
9
7
12
14
47
18
22
24
19
23
23
47
55
29
15
5
-5
-3
-3
16
16
6
-8
-20
-9
-2
-7
2
-8
-25
-27
-21
-29
-24
-28
-55
-35
-48
-25
-17
-29
-25
-28
-15
-28
-13
-21
-8
8
-6
-8
-21
-4
5
17
38
31
34
54
48
18
38
51
29
33
39
47
21
21
22
17
28
23
17
15
27
3
0
9
-1
-13
-5
-4
0
-4
-20
-23
-31
-19
-15
-17
-5
17
-1
-16
-17
-33
-29
-47
-27
-1
-16
-11
-27
-29
-29
-37
-21
-12
-3
-17
10
13
-4
-7
-16
8
-5
22
38
41
35
9
3
2
-3
-24
3
16
16
14
13
16
9
-9
0
10
8
2
-5
9
1
0
6
12
-10
-9
6
-6
-7
-19
-11
2
4
1
0
2
7
2
-12
-16
-18
-26
-25
-2
10
5
6
6
11
10
10
5
-12
6
7
-3
28
21
-2
-4
-4
6
0
-7
-13
9
11
-15
1
-11
5
11
16
12
-4
-12
-26
8
-16
-13
0
12
20
-7
2
-7
-10
-14
-3
-22
-32
-14
-27
-23
-26
-43
-36
-10
-6
13
17
6
10
15
-1
-3
12
14
19
6
16
34
37
51
52
40
31
46
61
39
16
20
17
1
0
-6
9
24
1
13
26
-6
-9
6
13
0
-18
9
3
6
0
-42
-40
-22
-3
-35
-32
-16
-45
-38
-26
-31
-29
-13
-9
-27
-29
0
-28
-19
-9
-37
-17
-4
0
-14
-14
-30
-26
1
-16
-29
-25
-24
-6
-17
-50
-21
0
12
9
-1
3
-3
3
4
22
40
25
11
9
10
25
33
2
-19
12
38
25
13
10
24
15
7
10
4
37
38
17
26
41
20
25
23
10
19
-1
13
4
6
-14
-21
2
-18
-8
13
13
-11
3
3
16
7
-20
-3
10
12
4
11
-7
-15
-13
-3
20
-2
7
25
6
-4
4
9
-7
10
7
6
6
1
-15
-28
17
26
23
-4
2
7
-6
-4
-19
5
-22
-16
9
-3
-18
-30
-25
-11
-6
-16
-17
-34
-34
-14
-16
-22
-17
-11
-7
0
2
-5
-7
-15
-18
-42
-38
5
0
-4
-18
-12
6
-6
-6
-12
-13
-4
-22
-21
-23
-28
-26
-14
12
12
14
4
11
-13
0
17
-4
9
25
29
17
36
35
19
15
38
44
20
9
-7
-7
9
13
-4
-6
-19
-16
-10
0
-14
-13
7
7
9
6
27
16
4
4
2
-6
0
16
35
32
12
19
33
49
26
25
35
19
12
24
38
44
28
10
13
21
16
-3
3
6
13
32
24
14
7
15
19
4
-2
-20
-5
-3
2
-6
-23
-23
-40
-43
-63
-53
-38
-35
-22
-39
-54
-41
-45
-57
-56
-44
-27
-24
-23
-41
-45
-22
-16
-10
-7
-29
-10
0
-19
-27
-20
13
9
6
-5
-3
9
-4
-11
1
3
5
17
-5
0
13
21
7
-13
-7
-3
10
4
1
6
-7
-12
-16
-9
5
5
10
15
22
25
25
19
7
18
14
19
45
50
34
18
29
23
17
22
26
53
41
6
25
29
25
20
20
42
18
17
23
12
-1
-3
9
11
3
-18
13
16
14
4
-13
16
24
17
1
14
-2
-25
-22
-23
-7
-24
-1
-6
-35
-41
-41
-45
-43
-38
-50
-33
-37
-47
-55
-36
-34
-19
-7
-22
-17
-13
-5
-9
-9
8
33
25
35
22
9
25
20
13
10
28
30
22
11
-6
-15
6
-10
-26
-16
-18
-29
-36
-18
-41
-39
-35
-33
-24
-36
-13
-12
1
11
-12
-26
-13
-3
-9
3
-2
4
7
5
20
31
40
30
15
38
38
15
20
32
29
31
44
45
42
16
25
47
35
42
41
22
0
1
14
5
-2
8
-16
-28
-23
-29
-16
9
-4
-2
16
1
-6
-32
-41
-31
-20
-32
-34
-12
-5
-2
-7
-3
-9
-7
-10
-27
-21
-10
-10
3
2
-10
11
16
23
34
32
14
11
31
20
26
20
18
6
-25
-6
-1
-10
-20
1
-6
0
2
-3
0
-21
7
5
-6
-22
-17
-4
4
0
-3
10
3
13
-13
-9
0
-13
-6
-22
-12
15
8
-1
-7
0
-3
-19
-33
-19
-14
-36
-5
-15
-24
-23
-24
-3
3
4
-2
16
16
7
0
1
6
16
7
-8
-22
-19
-15
-15
-1
4
13
14
20
11
11
23
24
28
37
30
45
46
36
24
16
37
18
13
6
6
9
2
3
-3
-3
-7
-5
-24
-25
-15
-20
3
-8
-31
-23
-18
-2
-34
-42
-12
-8
6
4
-3
9
7
-1
8
16
0
-1
12
-12
-13
0
5
22
1
-9
6
4
12
14
9
22
25
15
-1
-3
2
-11
-12
-2
9
0
9
3
-10
-11
-16
-3
-4
-14
-20
-2
8
12
3
10
16
-3
-12
4
12
-3
-6
-13
-20
-21
-17
-16
-35
-42
-25
-14
-12
-19
-30
-26
-27
-33
-38
-45
-26
-26
-25
-10
-19
-14
-18
-33
-31
-2
3
4
33
33
19
51
59
39
36
39
53
45
52
26
30
63
60
49
41
42
22
42
33
3
-1
0
-5
-22
-7
-3
-25
-23
-6
-22
-19
10
11
-6
1
-2
-5
0
11
18
20
38
0
-28
-16
-14
-19
-6
-4
-34
-31
-37
-33
-2
10
11
19
26
12
-7
2
3
4
-3
-5
2
2
-1
-18
7
5
-17
-16
-13
-5
-16
-16
-17
-45
-56
-38
-21
-13
-13
-12
-8
-4
-20
-19
4
2
-5
-29
-25
-13
-16
-19
-3
4
3
8
-11
3
-6
-18
-13
-16
-16
-18
-15
-20
-15
-1
32
27
32
29
3
12
20
28
36
29
42
49
22
42
58
37
15
26
25
1
2
4
22
20
6
9
17
15
15
16
22
12
-4
13
7
8
25
-1
6
27
30
31
11
10
-4
-22
-31
-23
-27
-45
-15
-14
-25
-38
-36
-26
-17
-17
-18
-13
-23
-36
-54
-34
-24
-34
-7
7
3
12
-3
8
12
7
30
7
15
19
-2
9
16
9
4
9
16
13
1
14
13
-3
0
-9
-28
-26
-12
-3
-18
-20
-30
-43
-8
-8
-15
-26
-10
4
-22
-26
-44
-19
-13
-28
-13
-10
8
-3
9
7
-5
7
10
21
21
14
26
40
32
36
23
5
17
16
12
4
-12
-15
-5
-6
-4
7
9
1
2
1
-9
9
14
-7
-10
-12
12
13
0
22
7
-10
-2
2
8
9
5
3
25
22
0
19
24
11
21
31
31
19
22
16
9
15
23
0
-2
16
12
6
-2
13
0
0
-5
-6
0
-11
16
10
-12
-16
-9
9
4
-34
-29
-29
-33
-36
-48
-18
-12
-16
-14
-22
-18
-22
-41
-40
-15
-18
-32
-11
-11
-24
-7
1
10
-1
-21
0
-4
-12
7
3
-20
-7
19
15
2
9
3
4
4
1
10
21
32
26
22
16
17
17
3
8
19
7
9
-32
-26
-5
-25
-9
-18
-14
-29
-18
3
-13
4
7
7
-3
-15
-1
-17
-16
-7
-18
3
33
0
-10
13
13
32
18
21
3
18
47
31
27
6
31
37
30
19
22
51
48
23
29
50
32
22
30
15
8
25
20
3
12
14
-3
6
-27
-28
-12
-9
-11
-25
-14
-38
-50
-41
-41
-47
-39
-22
-40
-51
-34
-44
-51
-37
-44
-24
0
-9
-21
1
14
9
10
5
12
30
13
-3
9
15
24
9
9
9
5
8
6
4
-19
-22
-24
-19
-4
4
-7
-9
1
-19
-20
-20
-15
-15
-26
-21
-30
-36
-28
-7
-9
-21
-7
9
15
7
18
13
0
3
2
3
9
28
13
13
16
25
41
39
36
43
61
47
46
36
27
19
34
50
16
12
27
38
26
26
16
2
-12
-7
1
-11
-6
-15
-9
-12
-26
-28
3
3
-5
-3
-13
5
-12
-18
-12
1
21
1
-20
-16
-18
-28
-23
-18
-22
-30
-23
-41
-45
-32
-31
-20
-19
-19
-14
-12
-11
-1
-10
-3
6
-3
-4
-1
4
-5
1
15
18
12
12
1
-4
-11
-16
7
-3
-13
0
17
28
25
13
34
29
12
21
18
16
-12
-9
-10
-7
-14
-28
-25
-51
-36
-34
-14
-12
-12
16
13
32
30
23
3
3
28
28
19
10
23
24
22
22
17
19
26
19
10
6
24
35
25
13
3
14
7
0
-6
-6
10
12
16
20
0
-10
9
-13
-42
-38
-25
-17
-28
-37
-47
-44
-38
-37
-26
-38
-22
-1
-15
-21
-36
-26
-6
-12
-12
-8
9
7
-12
-13
-16
-4
2
-4
3
24
31
28
12
9
10
4
19
16
8
-2
9
0
7
20
16
13
8
8
19
41
6
16
16
6
7
14
35
0
0
18
31
19
10
6
10
21
6
14
18
28
9
-5
-7
-25
-23
-30
-41
-38
-28
-29
-26
-42
-47
-27
-36
-20
-12
-20
-25
-13
4
-12
-13
-17
-12
13
5
-10
8
16
3
1
19
16
9
25
29
18
31
51
28
6
7
14
22
20
5
-4
7
21
7
15
19
24
13
-13
-10
-27
-12
-26
-38
-21
-28
-28
-28
-34
-48
-37
-18
-28
-43
-26
-16
-16
-18
-21
-1
7
5
-5
-13
0
6
1
1
4
3
18
36
15
13
13
4
35
34
33
26
12
20
21
18
20
32
19
20
13
40
27
12
39
28
26
4
21
28
16
0
7
6
-10
10
6
9
6
20
32
15
4
13
9
1
-6
-24
-30
-31
-25
-22
-33
-36
-24
-19
-13
-12
-17
-28
-43
-31
-35
-40
-39
-54
-54
-54
-59
-67
-47
-41
-38
-17
-13
4
0
1
-2
-9
-12
-8
13
19
16
9
9
1
7
26
34
28
39
42
22
17
27
33
16
16
36
41
31
25
28
45
48
33
34
38
35
13
2
-4
-17
-6
-1
0
-9
-22
-6
-18
-30
-28
-25
-26
-40
-25
-32
-15
-9
-3
6
-14
4
-4
10
1
-10
-12
-15
-10
-16
-6
5
13
-2
-5
0
0
-3
-3
-3
10
-3
6
18
10
26
21
21
19
34
31
14
21
14
14
13
20
16
-10
0
-1
6
13
-12
-3
-3
-8
-9
17
19
-16
-4
7
-1
-19
-18
-3
3
-3
-11
-10
1
-1
-15
-12
4
5
-21
-30
-36
-24
-17
-19
-15
-19
-16
-17
-26
-28
-29
-32
-23
-28
-19
-29
-25
-14
-16
10
-3
1
6
4
0
0
26
31
19
10
9
-13
-15
5
7
13
0
0
4
12
31
26
13
17
16
20
28
26
21
15
38
22
17
35
30
27
22
16
2
-10
-3
-1
-12
0
2
-3
-13
9
2
-15
4
3
18
27
31
19
8
-2
-15
-5
-1
-16
-15
12
16
1
22
38
21
0
-6
-4
3
11
-10
-12
-13
-30
-34
-42
-25
-3
-4
-2
-9
-25
-23
-30
-25
-22
5
13
7
11
-9
-1
12
-22
-42
-11
3
-14
-31
-19
-16
-21
-37
-25
-6
-16
-9
-16
2
-28
-69
-39
-29
-30
-13
-1
3
10
-7
-7
-4
-13
-3
-3
9
19
29
21
14
30
26
34
41
46
52
40
50
47
36
32
37
47
24
28
60
59
44
49
38
23
24
20
20
10
-7
-3
-19
-34
-27
-32
-37
-35
-28
-35
-26
-32
-41
-27
-32
-13
-4
-8
-13
-8
6
-6
-9
-5
13
6
1
21
17
10
0
13
-1
-20
-6
-15
3
29
10
-8
0
-9
-23
-24
-8
6
-10
-7
9
-4
-8
-4
-10
-5
-16
-26
-23
-6
3
-25
-21
-19
-34
-38
-38
-19
-12
-3
-9
-9
8
0
-7
27
50
29
19
6
-5
-4
-15
-7
2
3
23
18
10
11
-9
-7
16
18
20
22
27
26
-6
3
5
-5
-1
0
-7
-10
-9
-7
9
-9
-23
-28
-18
6
9
9
25
15
12
36
25
36
19
-5
31
46
25
14
18
16
16
11
10
20
7
22
13
-6
3
-1
-2
-9
-4
-12
-13
-9
-24
-22
-15
-3
-12
-10
-15
-31
-30
-27
-21
-10
9
-6
-10
10
2
-1
-10
-11
-11
-16
-10
-19
-17
-36
-28
-27
-40
-34
-40
-47
-46
-20
-17
-3
0
-6
-3
16
34
27
24
16
19
20
31
43
38
15
25
41
37
38
41
37
23
20
3
-10
-15
-17
-24
-10
-9
3
6
-28
-36
-37
-20
-20
-13
-16
-2
3
2
17
22
19
15
15
20
16
-8
4
1
3
-11
-26
-31
-35
-17
-12
2
7
9
-5
-10
36
35
19
28
25
19
14
22
17
27
42
33
9
-1
-14
-38
-22
-18
-23
-26
-4
-11
-26
-32
-37
-23
-17
12
-6
-19
-3
1
6
14
10
-1
13
-4
8
28
27
43
39
29
28
26
31
23
8
26
29
13
-6
