-60
-50
-78
-63
-76
-51
-75
-73
-37
-66
-91
-91
-67
-41
-51
-76
-57
-79
-54
-10
-1
-4
-4
17
12
31
30
31
33
25
28
32
41
38
51
51
42
45
54
47
46
56
63
65
44
88
103
66
92
104
96
91
108
116
72
80
97
69
61
21
-6
1
-12
-14
-36
-29
-34
-75
-88
-99
-95
-66
-64
-84
-105
-93
-72
-83
-66
-47
-57
-91
-95
-72
-82
-83
-74
-62
-35
-43
-38
-38
-35
-22
-33
-19
-2
12
31
24
7
47
51
41
78
41
35
45
20
37
38
64
42
45
44
17
51
70
78
40
53
31
29
57
45
40
31
50
65
47
39
67
38
28
18
26
10
-7
11
-14
-11
-27
-28
-31
-41
-38
-62
-53
-27
-57
-64
-53
-57
-86
-114
-120
-82
-51
-97
-96
-67
-35
-47
-40
-5
-16
-26
-47
-14
0
16
49
62
52
22
23
20
12
31
24
-10
16
32
28
23
9
41
33
5
13
21
63
48
17
31
23
53
66
69
55
44
65
35
79
78
67
79
4
0
-24
-8
2
-21
-3
5
4
-18
-19
-18
-7
-26
-39
-36
-28
-39
-24
-15
-54
-66
-80
-66
-62
-74
-87
-82
-85
-78
-87
-82
-18
-19
5
-1
4
19
-15
3
16
44
47
28
41
32
32
27
4
37
7
-11
9
-16
-31
-34
-16
-38
-6
2
16
38
33
64
58
66
25
46
63
65
88
53
48
24
47
28
6
31
25
14
-16
-10
3
8
-6
-15
-19
-16
22
8
-16
-9
-20
-34
-22
-34
-44
-27
6
-30
-64
-61
-88
-55
-82
-39
-22
-54
17
-28
-64
-26
-22
-2
4
12
36
20
15
29
34
19
9
-5
-21
0
5
10
19
-4
-10
-10
-5
19
10
16
-9
-14
18
19
32
31
52
43
34
32
15
38
39
22
31
19
25
29
-18
10
24
42
28
-1
14
-3
18
28
21
35
34
-6
-7
-24
-55
-42
-28
-30
-29
-47
-24
-7
-51
-77
-57
-35
-51
-31
-44
-28
-44
-74
-28
-28
-26
-40
-18
-19
-73
-21
-9
-38
-22
0
9
-28
4
-2
-19
4
6
53
48
37
34
10
50
48
41
69
64
76
79
64
44
42
41
16
2
38
54
32
31
50
48
23
-3
12
38
40
54
24
21
7
-6
-8
-19
-3
-6
14
-7
-46
-43
-67
-70
-42
-56
-53
-63
-47
-30
-35
-12
-32
-32
-59
-42
-3
-45
-45
-24
-30
-39
-29
-23
-17
-15
-18
-15
-43
-44
-22
-38
-35
-1
25
13
16
37
12
11
4
3
31
31
27
39
17
-16
16
5
0
25
32
41
12
-14
1
38
25
11
44
69
98
79
62
73
38
60
53
27
47
27
20
7
3
7
-4
-7
-12
-16
13
15
-19
-6
-27
-35
-19
3
-10
-40
-42
-51
-44
-41
-50
-57
-47
-39
-35
-35
-32
-42
-32
-38
-38
-52
-49
-50
-76
-41
-37
-3
-16
-16
22
28
17
11
22
15
16
-4
2
6
16
26
47
67
34
20
50
57
66
72
64
59
68
60
63
66
30
56
21
16
36
-9
-28
-12
-6
-44
-30
-31
-46
-63
-51
-48
-73
-52
-58
-64
-30
-43
-44
-20
-18
-30
-48
-16
-17
7
10
-27
-26
-31
5
3
0
41
22
28
54
69
71
32
17
17
2
4
2
10
35
17
20
2
-12
7
-7
-4
-26
-6
10
-10
-21
-34
-18
-10
-8
23
21
29
50
6
28
30
18
13
-14
10
6
-15
-12
13
3
-6
-12
0
-3
-22
1
8
21
26
22
24
-10
-25
-19
-12
-10
-49
-29
-15
-34
-31
-30
-26
-48
-58
-31
-30
-41
-34
-6
-3
11
29
7
50
35
69
88
54
37
30
60
40
16
-12
-33
-53
-7
-17
-6
-3
-29
7
-23
-41
-59
-42
-13
9
-2
-6
6
15
22
32
31
6
9
-24
20
34
30
36
18
34
6
19
23
-13
-44
-4
5
12
67
20
4
-6
-26
-38
-25
39
9
-24
-19
-42
-30
-7
-5
3
-3
-25
-28
-16
9
-3
-21
-13
-1
6
3
12
-4
10
4
10
13
13
0
-28
4
-13
-20
-45
-33
0
-19
-7
-6
-3
4
12
19
3
-11
24
52
50
22
-1
8
-3
-24
-11
9
-3
3
6
1
-21
-39
2
8
-3
9
11
22
7
31
19
-16
31
16
18
19
9
27
7
13
17
14
10
-6
-17
-19
-38
-13
16
-6
6
2
0
-6
3
-11
-2
4
-21
-1
-30
-42
-25
-16
-36
-29
-21
-3
6
-34
-29
8
-7
-38
-28
-1
15
-6
10
-4
18
41
44
45
0
-9
19
6
-6
17
-19
7
1
-6
4
0
10
-10
-3
-22
-6
-4
-6
12
4
28
40
29
31
25
19
20
-1
3
12
18
15
7
17
2
-22
-25
-32
-40
-17
12
23
0
-26
-19
-23
-21
-47
-30
-13
-43
-25
-34
-47
-47
-13
-6
10
13
20
9
-25
14
2
-11
24
57
65
78
69
64
69
71
53
31
33
7
9
34
23
9
9
-13
-21
-16
-37
-35
-33
-63
-29
-23
-31
-23
-62
-51
-33
-48
-29
4
-25
-41
-24
-24
-24
-26
-44
-19
5
7
-7
-10
15
5
41
48
43
39
39
41
53
83
40
61
62
43
33
-4
16
19
-19
-25
-18
-34
-34
-45
-36
-25
-50
-30
-19
-23
-30
-22
-3
9
21
4
12
-22
-30
-1
7
21
7
-3
-23
-45
-63
-28
4
-3
-13
-26
-14
13
-1
9
-8
-28
28
9
27
63
50
16
35
40
31
16
6
44
-2
28
41
25
3
-4
16
12
20
7
57
41
42
41
-6
2
-3
-1
0
0
-15
-36
-26
-30
-15
-2
-49
-54
-43
-25
-31
-37
-18
30
34
-26
29
26
-23
-8
-8
0
-6
2
0
-7
-24
-48
-18
-35
-53
-53
-79
-58
-63
-58
-1
7
-5
-12
-35
-44
-26
1
-1
-4
23
34
16
32
69
31
26
43
31
12
20
29
8
48
21
21
55
42
51
38
60
47
32
66
47
23
14
8
34
39
36
10
0
10
1
-13
-25
-7
-28
-36
-44
-65
-51
-22
-23
-13
-5
-41
-35
-37
-38
-38
-37
-15
-31
-18
-31
-38
-11
-32
-19
-31
-38
-51
-58
7
10
21
28
19
22
-9
-3
0
-12
22
33
24
19
4
4
2
37
13
-12
30
22
34
2
38
31
12
37
34
65
20
30
57
71
60
51
7
13
22
-34
-29
-27
0
4
-10
-27
-28
-37
-18
-13
-19
-18
-23
-26
-29
-13
-19
3
-25
-27
1
-15
-48
-73
-51
-39
-44
-39
-58
-92
-65
-41
-22
4
16
12
1
-3
12
31
31
51
71
85
61
17
20
35
33
28
23
25
-15
-5
-2
-12
-10
-15
13
12
27
23
7
16
67
61
48
50
44
42
-3
21
42
29
14
-3
-21
-31
-60
-68
-36
-19
-20
-9
-2
-18
-28
-19
-7
-17
0
8
29
-15
-15
4
-8
19
-37
-10
-3
-16
-17
-44
-54
-54
-41
-43
-29
12
15
-14
8
16
8
13
51
39
15
12
14
28
9
-10
-19
-21
-50
-31
-59
-49
-27
-29
13
-4
4
10
-3
-1
1
15
46
47
46
70
37
21
56
21
2
20
29
37
16
6
17
17
9
19
26
24
18
28
17
-19
-37
-8
18
14
25
12
-21
-37
-13
-39
-41
-44
-62
-42
-48
-29
-41
-38
-19
-38
-29
-22
-11
-3
-4
-9
-3
-2
-4
-3
-2
15
-7
9
-6
-19
-4
-16
5
6
26
20
3
6
23
21
-18
14
50
36
25
33
39
38
34
44
56
22
1
19
10
16
32
-2
-2
17
-16
-13
11
12
9
-5
11
13
-15
15
10
-25
-22
-44
-48
-25
-38
-43
-34
-60
-42
-59
-55
-7
-32
-13
10
-12
-22
-4
11
0
12
35
29
20
25
22
-22
-21
-28
-23
-9
-32
-14
-35
-28
-1
-3
-6
-31
-40
-14
0
-3
42
52
38
50
64
62
48
43
48
48
25
35
38
41
24
26
31
26
28
21
63
34
-1
6
6
-3
3
14
6
-8
-1
-14
-41
-29
-53
-34
-65
-95
-54
-47
-35
-48
-60
-56
-51
-47
-18
-15
-32
7
29
-15
-22
-15
-12
3
15
5
1
27
-10
-18
-33
-17
3
2
0
-24
-26
-38
-4
34
78
30
30
48
25
50
38
36
4
24
29
41
53
7
-9
19
35
23
13
27
53
17
38
70
37
44
35
46
51
2
16
22
29
-4
-37
-35
-51
-54
-50
-49
-83
-47
-64
-73
-60
-115
-103
-74
-44
-41
-45
-10
-33
-50
-6
0
14
19
-1
0
9
-16
-37
3
15
16
20
36
51
13
-4
40
64
44
44
37
13
15
18
35
43
28
-6
-16
6
-3
-13
-22
-22
-38
-32
-1
-25
-6
2
-3
22
30
42
38
64
54
37
25
15
41
15
20
22
32
54
19
20
0
-21
-32
-50
-51
-81
-37
-12
-29
-11
-20
-13
5
-4
-33
-22
-3
-1
0
4
0
-2
-2
-16
-15
10
10
-21
-23
-19
-10
-9
10
-3
-14
4
29
5
-12
9
-24
-7
-10
5
-3
-13
-3
-6
-16
-19
-10
-8
5
-28
-16
-25
0
1
17
36
4
23
30
40
10
17
53
43
41
16
-14
-19
-32
-25
-25
-30
-29
-38
-41
-20
1
-24
-15
-14
-8
16
-20
2
29
54
65
69
63
31
24
-7
16
9
20
18
-6
19
8
20
31
15
17
28
9
4
-8
9
7
14
12
8
28
5
-20
-36
1
-38
-62
-36
-16
-44
-45
-32
-45
-21
-41
-21
12
3
-27
-23
-3
26
8
19
39
-8
-3
-12
-34
-15
1
-11
38
25
-4
10
6
12
-4
3
10
31
-4
-29
-19
-7
-15
-32
-22
-35
-25
-15
-44
-44
17
7
12
6
9
12
-9
16
0
3
-10
-6
14
16
12
42
30
-22
3
20
28
-3
17
11
-13
-7
-26
-6
-13
11
38
30
25
21
20
7
14
38
52
47
37
61
17
-8
32
22
-9
-37
10
-14
-27
-32
-35
-3
-35
-15
-17
-28
-25
-17
6
5
6
12
-6
0
-24
-4
30
22
29
7
25
-25
-38
-57
-41
-20
-30
-17
-27
2
-11
32
30
41
41
16
22
13
0
-15
-13
-21
-8
-28
-18
-40
-50
-40
-36
-32
-30
-26
-50
-30
-35
-47
-38
-26
-7
-8
-23
-10
-6
17
15
-9
39
42
47
45
40
64
28
50
58
33
57
40
25
11
28
33
3
34
24
28
5
28
54
13
38
-10
-2
21
-20
-14
-2
0
-8
5
19
1
-3
0
-17
-22
-34
-23
-28
-25
-28
-47
-19
-15
-19
-22
-18
-35
-62
-59
-63
-37
-61
-66
-22
-9
22
-7
3
17
-9
-6
10
37
50
58
70
68
28
10
-9
-2
10
22
49
22
15
2
16
17
17
34
26
63
40
-4
13
10
5
6
-19
-3
-6
-45
-37
-16
-6
-11
-37
-38
-33
-44
-40
-9
-10
-28
-11
-15
-33
-60
-41
-42
-35
-46
-37
3
-23
-12
-20
8
-8
-22
-10
-16
-13
-3
0
7
37
1
25
22
41
38
12
24
10
37
25
25
35
65
55
31
67
68
62
50
5
26
15
32
65
48
54
19
-12
-18
23
19
35
53
53
51
-5
-26
-12
-27
-47
-33
-40
-21
-39
-58
-47
-56
-71
-67
-74
-65
-63
-69
-7
-12
-37
-12
-5
-3
-12
-37
-25
-34
-12
-28
-35
-27
-51
-38
-22
-13
-16
-12
-42
6
-4
-5
11
18
66
36
20
0
30
23
19
63
45
69
57
37
72
57
44
41
25
11
12
7
14
21
19
21
9
5
9
34
29
24
27
-2
6
10
13
19
-7
11
0
-31
-42
-37
-7
-7
-24
-36
-55
-63
-48
-56
-50
-63
-37
3
-6
-13
-19
-13
-21
-8
-7
18
36
-6
-13
7
-5
3
3
3
-10
-38
-7
28
-4
-37
-1
4
1
1
21
41
26
9
3
35
29
34
48
27
54
31
20
46
20
26
8
-11
-3
16
5
-2
13
-7
-26
-34
-6
-37
-66
-37
-25
-54
-9
23
-1
15
16
34
1
3
1
-16
24
9
0
-17
-7
-53
-67
-13
-16
13
-5
-3
-5
-14
-20
-67
-18
4
-13
1
-5
0
-5
-9
-2
4
4
-9
3
5
20
15
-10
3
-8
-1
20
32
39
24
5
10
26
38
42
50
44
30
30
18
35
29
6
10
0
-24
-41
2
3
-30
-33
-16
-14
-64
-29
3
2
10
7
15
12
14
15
5
10
18
28
46
28
13
-6
2
-6
-36
-38
-28
-18
-28
-29
-25
-24
14
-1
-31
-35
-38
-3
-9
7
4
-9
-4
-8
-15
15
37
-13
-5
-15
-13
-26
-14
-16
-37
-9
-26
-24
-28
-31
-20
5
6
7
42
68
42
32
46
8
12
9
-2
-20
-27
-26
-19
0
-4
-1
-29
-32
-20
-35
-47
-28
-11
-14
-10
-4
16
16
28
66
58
46
47
53
73
76
95
101
82
75
48
12
1
-3
-3
-5
3
-13
-9
-10
-41
-48
-45
-9
-15
-26
-3
-25
-41
15
-6
-32
26
32
15
-20
0
26
-18
-40
-18
-8
1
-2
-26
-45
-31
-28
-51
-29
-38
-55
-45
-25
-47
-57
-19
-12
7
-2
-4
32
47
44
1
-7
-1
6
13
-1
29
21
-4
1
-10
-15
-1
-13
-28
-4
-10
3
-1
-12
-2
0
21
4
6
21
16
7
7
28
46
38
18
34
13
1
22
-14
-20
3
7
0
18
51
28
-9
-19
-10
-9
7
14
-1
-7
-21
-24
-15
-30
-16
4
10
11
17
56
62
48
27
20
-6
-8
-6
-13
3
0
-10
-26
16
7
9
9
-1
13
-13
16
23
-5
-34
11
32
-4
22
3
-9
-16
-10
25
14
27
41
9
-7
-16
-18
-36
-48
-64
-54
-31
-42
-22
-37
-57
-88
-67
-43
-57
-32
-22
-24
-29
-54
-45
-7
-22
-19
-7
19
-5
13
9
6
50
52
56
56
44
-3
15
32
53
19
27
57
55
35
21
38
32
37
17
55
53
31
10
50
48
26
5
-9
12
-23
1
-5
-2
-8
1
18
-10
-13
-25
-66
-34
-38
-53
-33
-31
-14
-11
-16
-31
-7
-18
0
-28
-40
-35
-38
-29
-38
-41
-60
-21
-16
-20
-35
-14
4
-5
-1
37
47
32
19
13
27
17
-8
-7
48
39
55
35
26
34
12
43
62
67
34
44
57
19
39
43
13
4
1
-10
-30
-9
-15
-6
2
-4
-5
-4
3
-1
1
-26
-35
-15
-29
-15
14
-22
-22
-12
-8
12
4
-38
-60
-63
-86
-82
-66
-54
-47
-73
-60
-22
-5
19
14
-4
-2
11
-3
-19
13
13
4
38
14
35
40
16
18
-9
14
31
65
55
2
22
21
15
25
23
31
43
19
7
28
38
15
-1
6
-30
-23
-48
-33
-31
-47
-3
-22
18
19
18
7
-4
8
4
38
42
56
16
-27
-23
5
-7
-12
-6
9
7
-7
10
-14
-11
-10
24
-3
-22
-6
-12
5
7
1
-13
-11
-15
0
13
30
22
13
8
18
14
19
17
-10
10
-22
-2
7
-12
-6
7
48
24
-6
-1
-15
-37
-26
-32
-16
-15
-27
-23
-9
-24
-62
-40
-66
-46
-38
-50
-31
-36
-3
-22
-11
5
-1
10
9
-3
-3
-6
-33
-11
18
34
19
34
54
59
33
34
28
-18
-10
-16
4
-17
-1
24
17
28
-2
7
20
6
-3
32
41
29
9
28
40
21
56
40
31
14
-4
3
-8
9
-5
-10
-29
-33
-22
-28
-20
-30
-35
-35
-18
21
-1
-19
17
1
2
7
-3
-8
2
10
26
23
-15
-21
-16
19
37
25
-8
19
36
0
27
15
12
36
16
7
23
28
-8
13
38
14
1
10
4
-6
-1
-30
-15
-2
-8
-6
-16
-54
-76
-89
-88
-48
-44
-41
-36
-54
-53
-44
-46
-16
-11
-6
0
5
-3
-18
-28
-15
-28
-59
-31
-50
-35
-41
-18
9
-17
-17
9
38
20
57
68
53
56
24
20
53
54
48
17
34
52
49
50
5
26
51
51
19
50
92
54
59
72
24
16
31
42
31
4
-1
-11
-10
-3
-18
-22
19
-9
-19
-33
-28
7
-33
-48
-18
-33
-50
-41
-52
-16
-33
-40
-34
-26
-21
-9
-5
-47
-23
-22
10
33
3
-6
-7
-2
12
-7
-12
-29
-40
-4
-5
9
32
15
9
35
16
16
23
11
-1
2
-2
7
-3
-19
9
1
-8
-13
-5
0
-3
-36
-20
-24
-28
16
14
25
6
-11
-18
18
15
-21
-28
-38
-29
-6
19
27
-6
-10
-3
-20
-26
-28
-6
-42
-27
-28
-40
-5
-22
3
-31
-31
6
-11
27
26
45
59
28
48
38
50
45
9
18
12
41
47
44
47
22
26
15
34
41
60
89
54
51
21
-7
8
27
0
-14
1
8
45
3
4
12
-14
-19
-17
-13
-59
-37
-29
-52
-61
-32
-9
-20
-22
-44
-33
-22
-22
-50
-20
5
-22
-18
-16
-2
-34
-27
-20
-30
-21
-3
-11
-16
-14
-46
-10
-5
0
-7
-6
-19
-60
-38
-27
-23
-17
-11
4
33
39
47
21
3
9
12
25
39
48
6
-11
7
17
10
-2
-12
3
5
18
13
12
11
19
29
15
16
8
30
14
28
41
35
34
44
45
41
57
65
76
15
31
42
27
21
-22
4
-12
-35
-48
-76
-73
-81
-54
-44
-54
-40
1
2
-18
2
8
20
-9
3
-25
-35
0
-27
1
-25
-36
-25
-39
-26
-18
-32
-19
-16
-25
9
-9
-2
9
3
-12
-16
13
10
15
4
9
13
10
41
18
10
15
-4
10
29
46
64
76
74
60
47
28
13
16
31
28
19
-6
-17
6
-16
-48
-48
-18
15
10
7
-26
-16
-10
-36
-12
-20
-39
-32
-9
-37
-32
2
-25
-38
-39
3
0
-38
-35
-55
-69
-69
-49
-50
-65
-41
-28
-22
-9
16
19
23
28
-2
16
22
-2
35
48
29
27
44
72
76
54
47
57
64
44
29
40
17
5
33
30
24
19
-3
26
44
46
73
19
-6
-24
-41
-53
-73
-19
3
13
-9
2
-9
-22
22
12
0
-13
-1
-27
-57
-25
-10
-16
-17
-12
-29
10
27
6
15
6
-3
-9
-7
-48
-38
-41
-38
-1
-25
-48
-38
-45
-64
-48
-50
-48
-41
-22
-20
-7
-28
-19
27
12
22
10
26
54
57
60
76
57
34
6
19
19
-1
0
-9
3
-2
3
-2
10
7
-7
-2
-25
-39
3
-15
-9
17
16
28
30
46
13
25
-2
27
31
13
25
-5
3
0
24
33
18
10
-7
-16
-12
-12
1
-11
-37
-38
0
5
-30
-39
-12
-19
-20
-5
-5
-5
-24
21
13
11
7
43
28
-22
0
-9
-24
-12
16
17
39
22
24
7
18
23
27
32
-1
-7
-17
-2
-19
-24
-13
-7
9
-6
-20
10
-6
-6
-15
-32
-26
-46
-65
-37
-4
-44
-10
13
-1
-18
-10
3
-37
-23
4
-15
-19
-19
-30
4
23
16
13
3
11
8
-15
-24
-26
-13
13
51
52
31
8
17
27
-3
0
8
22
20
14
24
9
-3
-9
2
30
23
24
32
22
16
8
10
0
25
45
16
-4
-10
-13
-34
-16
-6
-21
-22
-5
18
-5
8
22
29
34
35
25
-19
13
8
9
-11
-31
-10
-27
-12
-13
-14
-19
-26
-32
-13
-26
-54
-63
-61
-64
-59
-26
-9
4
-5
8
2
9
10
7
4
-9
0
-16
-27
-21
-9
13
17
-12
12
17
10
-12
27
48
48
59
29
35
23
42
28
12
5
2
-3
-4
56
38
-3
19
23
15
0
10
13
3
-9
-6
9
-3
12
-12
0
10
-15
-26
21
31
19
18
0
-6
-18
9
-39
-30
-23
-11
-19
-7
-2
-47
-39
-76
-53
-63
-52
-31
-93
-82
-34
-32
-45
-37
-18
-19
14
19
22
9
5
18
-18
1
1
14
26
28
23
-12
6
19
25
69
50
38
11
-2
13
16
51
36
44
44
54
40
18
20
31
43
6
22
6
-1
35
27
32
33
43
27
1
35
42
46
25
26
29
-7
26
7
-16
-22
-12
-12
-45
-48
-77
-83
-79
-79
-64
-52
-55
-58
-40
7
0
-23
-47
-45
-32
-63
-28
-9
-13
-53
-62
-54
-38
-41
-68
-52
-63
-28
-54
-41
-15
-17
12
28
54
31
55
25
9
53
34
61
86
70
59
37
42
59
58
55
48
38
31
7
21
68
50
42
31
42
35
17
53
47
24
20
46
17
-3
-29
-18
-5
-15
-7
-35
-34
-45
-28
-16
-7
-14
-34
-15
-8
-30
-49
-52
-56
-41
-34
-44
-6
-20
-37
-9
-24
0
-15
-11
-5
-46
-41
-18
-22
-3
31
42
18
15
27
13
12
10
41
14
14
6
-10
-18
-13
3
-15
-34
-37
-1
-16
-17
-24
5
-19
-41
3
5
15
21
8
-10
5
0
2
0
1
20
47
66
42
-5
5
19
-2
10
19
0
-8
35
8
9
19
13
19
-18
5
0
-20
-22
-7
-6
-9
-18
-41
24
24
-2
41
65
45
13
35
44
14
-8
19
41
25
12
23
21
-28
-42
-63
-43
-35
-51
-24
-31
-35
-54
-32
-29
-37
-6
-9
-4
-21
-31
-24
0
23
3
13
7
26
26
0
21
0
3
0
-10
-21
-46
-16
-9
10
18
0
18
23
14
20
14
-5
-3
-20
-13
-1
-18
-10
3
-12
9
21
-13
-1
-17
-17
-8
20
21
15
41
11
14
30
26
35
57
48
48
29
35
31
12
3
-13
1
-21
-17
-40
-23
-19
-21
-27
-48
-38
-28
-8
-21
-14
-32
-13
-27
-21
-10
9
30
9
9
-12
-21
-30
9
-3
15
25
-7
19
20
19
0
-10
13
0
10
17
-11
13
4
29
57
24
6
5
19
-3
-20
-13
-32
-37
-5
-23
-21
2
4
-9
2
19
10
43
-3
3
5
1
20
-8
16
-17
-14
-4
-1
3
-2
-16
-4
-9
-41
-3
-4
-26
-55
-59
-29
-9
-7
19
-5
4
31
5
35
14
13
14
7
23
16
28
22
10
38
29
17
3
-3
9
-9
-14
-34
-38
-11
-9
-20
-6
17
8
-9
3
-4
-9
-13
13
16
-9
4
-28
-29
-29
-26
-20
-42
-29
-30
3
16
16
36
-12
13
38
60
74
47
68
54
16
-1
38
39
-21
-11
22
13
-10
-4
44
29
9
-16
-15
-6
-1
28
5
8
3
19
3
-5
-8
-10
-35
-48
10
-28
-38
-47
-53
-15
-10
38
26
-31
-18
-12
-33
-57
-41
-60
-45
-17
-25
-3
-31
-53
-57
-54
-50
-72
-47
-29
-32
-15
-1
4
-13
-6
-24
-7
16
9
16
-7
-16
4
39
28
25
26
47
37
36
56
51
85
92
89
83
85
60
72
77
57
52
44
47
42
43
14
18
3
-6
-17
-23
3
0
-14
-41
-50
-44
-53
-25
4
21
3
-25
16
26
10
-9
-10
-23
-12
9
-7
0
14
-13
-34
-10
-26
-23
-19
-40
-37
-30
21
-3
-44
-6
-42
-38
-55
-56
-16
-43
-28
-35
-24
-49
-54
-32
-18
-17
-45
-14
-32
-32
-13
-12
-9
-6
10
12
6
-3
-4
-5
29
31
15
26
11
14
-9
-4
26
19
25
13
28
12
15
16
21
42
16
9
11
41
11
20
67
85
42
4
37
41
44
45
38
21
43
63
53
27
21
-23
-41
-24
-36
-18
-65
-37
-13
-18
0
0
2
-3
12
-9
1
12
38
33
6
17
-2
-10
-10
6
3
-4
-23
-46
-29
-37
-37
-39
-45
-31
-56
-23
-35
-73
-21
-38
-15
-4
21
18
-2
8
-8
12
2
10
-20
-23
-10
-38
-38
3
-24
-49
-37
-29
-2
-20
-2
-22
-29
-12
21
44
54
76
79
75
33
34
29
41
38
23
13
3
25
-22
-41
-33
-11
-5
-27
6
2
-3
6
3
17
12
11
14
41
48
23
38
31
0
-13
24
38
11
1
15
33
7
-7
-2
-4
16
14
-4
-53
-75
-53
-49
-13
-28
-37
-37
-59
-43
-30
-48
-55
-28
-44
-32
-38
-2
22
4
16
14
22
20
19
32
24
-6
5
-2
6
23
28
18
9
16
4
17
13
7
6
14
33
28
50
52
29
54
34
-10
-24
7
-10
-15
11
-1
9
-4
-6
-35
-54
-51
-62
-26
16
-13
-5
16
8
3
16
35
-23
-16
9
3
17
-6
-22
1
0
4
6
-22
-26
-24
-28
5
14
-19
2
-18
-8
19
20
23
16
15
-15
4
3
-10
-7
-12
-6
-6
5
-3
3
3
-21
-23
13
5
-10
7
2
13
-6
-26
-38
-32
-38
-16
15
-21
-10
16
-18
-22
-2
-17
5
10
25
10
-7
16
7
31
12
-4
23
40
13
-12
0
-5
-13
22
3
1
50
71
51
-3
15
0
2
11
16
19
-5
0
-6
-1
-28
-13
11
9
17
8
18
10
4
27
11
28
40
10
-3
-2
9
3
-8
-16
3
-8
6
5
2
-3
-13
4
-21
3
-19
-15
3
1
-12
-52
-54
-28
-3
-16
0
-4
-19
-28
-26
-37
-44
-16
-18
-28
-28
-39
-38
-15
-43
-63
-54
-44
-58
-37
-16
-54
-60
-48
-42
-9
-8
24
48
14
41
29
51
88
77
89
82
79
49
54
73
30
26
48
67
45
40
61
38
69
63
10
26
41
33
18
-29
-19
3
-23
-26
-24
-26
-19
-26
-29
-27
-44
-55
-69
-45
-35
-60
-63
-40
-6
-17
-11
-18
-9
18
1
17
-5
-6
-16
-39
18
2
9
13
-25
6
-5
-31
-3
5
-5
5
25
41
69
35
-9
8
19
50
30
60
56
35
21
-18
-4
-35
-35
-40
-36
-29
-30
-14
8
-1
-9
-13
-26
-1
-14
2
2
0
5
-7
7
15
9
-19
-25
-7
5
-10
-25
-35
-40
-37
-12
-23
-22
-3
-12
-3
-19
0
20
15
-6
17
14
-33
-11
-16
12
34
24
12
6
1
-3
-15
-7
10
-6
2
24
35
1
-6
-6
-5
-6
3
18
19
7
34
44
6
3
1
41
38
46
48
32
11
22
38
10
43
39
43
10
-3
25
32
50
41
21
7
6
-3
-5
14
24
20
18
7
-14
-30
-28
-53
-63
-42
-51
-76
-78
-99
-99
-50
-60
-61
-56
-57
-33
-40
-45
-37
-36
-27
-32
-6
-34
-40
0
-5
-2
-3
29
13
10
-15
-20
27
-12
-9
25
39
39
29
25
29
53
51
50
51
38
44
21
4
-19
-37
19
25
16
23
-2
-6
19
43
17
40
60
55
59
60
60
11
21
34
-5
-22
-4
-16
-2
-4
-16
33
26
16
-16
14
14
-27
2
-6
-1
-28
-25
-9
-40
-30
-29
-9
-16
-28
-29
-43
-41
-62
-44
-26
-10
-26
-35
-22
-42
-4
-10
-34
-22
-3
-10
-38
-22
-4
-18
-5
7
7
19
-7
-6
-27
1
10
-12
12
9
20
9
33
51
49
41
47
39
29
27
-7
18
17
9
-3
10
16
17
35
51
73
34
35
29
7
-6
-8
-19
-47
-13
3
9
8
13
5
-18
-17
-53
-45
-22
-3
-8
-26
-32
-25
-44
-52
-14
-26
3
-16
-34
-6
-10
-19
-18
-10
-27
-32
-34
10
6
18
60
41
38
19
16
19
1
6
16
12
7
-15
-19
11
25
12
13
36
52
38
17
-8
-12
-6
4
13
8
-7
-18
-11
32
28
-3
26
5
6
-2
-17
-25
-20
-20
-20
3
1
6
-17
-22
-25
-6
7
24
28
29
1
-13
29
20
7
20
2
-17
-19
-22
6
-26
-35
-16
-21
-48
-48
-56
-62
-29
-53
-30
-3
12
9
-7
4
-1
-6
-9
-5
-4
-22
-27
-3
31
-16
-20
32
0
1
-2
7
22
22
17
12
21
21
28
23
54
55
72
88
59
69
55
1
-20
6
35
41
60
68
16
7
28
22
8
-13
-17
-22
-16
-48
-40
-28
-61
-49
-29
-27
-41
-7
11
-10
-6
-6
-29
-39
-17
-39
-39
-63
-77
-37
-44
-34
-26
-3
2
-40
-34
-24
-28
-46
-37
-34
-45
10
32
-7
-12
15
16
16
34
31
22
34
35
30
46
56
48
49
83
43
29
58
63
69
40
55
49
44
17
1
31
12
-2
-7
11
5
-34
-41
-23
-38
-32
-38
-34
-15
-40
-31
3
28
3
17
14
-19
-23
-46
-28
-23
-15
-19
-28
-20
-37
-10
3
-1
13
6
-8
-13
-10
-15
-19
-48
-25
-25
-19
-34
-70
-58
-72
-32
-13
-16
-16
0
17
8
6
31
46
45
81
82
82
88
90
86
69
81
53
16
30
21
-4
0
20
2
3
4
-29
-26
-36
-58
-14
-8
-24
-39
-61
-34
-53
-51
-31
-22
-9
2
-32
-26
-27
-31
-1
4
17
13
17
-29
-18
-15
-8
-10
6
45
-2
2
3
-12
-14
32
13
40
40
35
85
33
31
31
22
-2
2
9
-24
-28
3
6
21
22
28
24
8
29
-6
-16
-17
-13
20
13
1
-3
-26
5
-18
-26
-24
-54
-36
-10
18
-2
-7
-21
-12
4
4
6
-13
-26
-10
2
-16
-24
-33
-25
-19
-45
-16
-7
-12
-5
-22
3
-9
-31
-41
-14
9
19
25
-21
-30
-27
-7
0
0
-7
-3
33
29
25
6
-3
28
25
32
12
6
27
11
35
32
23
49
34
24
35
-1
18
60
52
60
51
37
20
-4
-2
-4
-18
-26
-19
-2
-8
-19
-21
-12
-6
-7
-10
-8
-35
-43
-12
-10
-5
-12
1
-16
-18
-34
-44
1
2
8
0
-4
-2
22
21
12
31
-3
-5
-14
-12
5
-18
-1
-4
-6
-2
-6
-25
-1
-18
-31
1
-3
13
27
2
-42
2
7
22
-2
-2
0
-38
-9
-9
-21
-28
-15
-22
-20
-44
-26
4
-10
-8
0
5
3
11
-10
-7
16
31
29
29
42
13
21
50
15
16
26
26
14
14
19
0
1
-1
4
10
23
16
-3
-7
16
17
-9
12
15
16
43
11
12
22
23
24
15
24
-34
-31
-43
-19
-16
-24
6
-18
-23
-53
-42
-59
-60
-48
-62
-40
-4
-15
6
9
8
5
11
34
-12
3
11
31
23
35
53
43
27
24
29
4
-23
-35
-3
9
6
3
16
-6
27
30
9
-6
3
33
-2
18
6
-20
-20
-3
-15
-44
-47
-55
-45
-29
-64
-56
-12
-16
-37
-45
-20
-44
-29
-11
12
20
12
45
9
15
12
33
62
28
52
44
38
19
-8
10
16
27
53
67
14
-10
6
3
7
16
-12
-27
-24
-15
-13
-27
-27
-36
-12
-6
6
-6
-26
-13
-9
46
57
35
-4
-26
6
-10
7
37
31
19
-31
-11
-7
-35
-39
-12
15
-13
14
46
46
21
31
54
78
54
12
-16
-82
-71
-32
-10
-26
-39
-29
-44
-23
-3
-15
-47
-29
3
13
9
-4
10
-2
3
10
28
67
59
14
-29
-39
-31
33
57
-32
-112
-81
-37
-46
-43
-27
-50
-69
5
34
42
-10
-52
-36
-34
32
41
0
-47
-29
-38
-26
51
47
46
9
-29
-6
50
53
-22
-56
19
83
107
121
82
75
73
94
108
108
136
91
39
34
58
83
67
65
27
-37
-5
37
-2
-70
-100
-62
-50
-75
-63
-87
-124
-147
-75
-31
-102
-85
-23
-66
-181
-188
-51
15
-57
-103
-75
-45
-24
46
64
-45
-45
87
129
47
-55
41
95
-30
-22
120
183
17
-48
43
79
-19
-8
109
6
-150
-96
51
-12
-49
-9
-13
-120
-95
139
95
-124
-204
3
123
19
51
63
-26
-112
85
323
192
42
44
145
83
118
278
209
-18
-107
139
136
-52
-118
19
6
-183
-44
68
-13
-270
-228
-85
-82
-94
-99
-57
-214
-155
0
62
-91
-63
122
32
-101
-69
218
146
2
2
86
152
59
133
41
-134
-154
61
172
-3
-69
-95
-89
-191
-56
151
4
-183
-208
18
10
-27
-39
-56
-128
-95
158
109
19
-98
-13
48
42
143
94
1
-144
4
101
37
-41
-22
67
-89
-66
31
101
19
-47
57
6
6
46
22
-101
-148
20
121
4
-99
-9
69
-73
-70
146
193
35
-27
155
197
149
184
258
167
77
246
285
129
33
119
122
-45
19
211
162
-152
-271
-52
-39
-188
-221
-10
-13
-145
-39
-41
-145
-314
-136
-51
-114
-35
71
-10
-407
-310
-139
-120
-288
-173
73
-272
-483
-349
-69
-113
-166
42
129
-72
-166
72
130
-82
-116
215
290
71
-75
37
4
-162
20
202
157
-186
-336
-404
-439
-330
-376
-454
-688
-612
-562
-544
-276
95
427
87
-92
252
1298
1878
1119
129
171
2278
3734
3019
655
-299
1308
3042
3206
940
-754
-772
900
1595
330
-772
-1215
-1381
-2488
-2222
-762
-484
-2109
-3323
-2412
-1582
-1521
-1553
-1688
-2358
-2331
-555
766
201
-589
-358
-151
-160
1233
2737
2025
321
524
1879
1853
1160
1277
1458
578
319
1249
1129
-286
-871
-215
-574
-1523
-697
577
-452
-2399
-1948
-406
-798
-1794
-771
705
-273
-1452
-74
1291
140
-1319
-57
1620
1329
730
1061
978
-401
-631
516
1051
284
-284
-274
-1045
-1534
-1049
-686
-1772
-2272
-1269
-775
-1752
-2420
-980
-243
-664
-760
497
1499
1540
2166
2444
1985
1875
4221
6284
5006
2574
2845
5197
5471
3469
1891
1801
2122
2520
2474
1080
-1209
-2309
-2318
-2646
-3102
-2883
-2636
-4094
-5892
-6145
-5113
-4575
-4991
-4897
-4032
-2928
-2716
-2901
-2311
-1018
-206
-422
320
2405
4091
3350
1908
1960
3173
4504
4916
4622
2805
1376
1882
3216
2945
1038
510
304
-1036
-2359
-1288
-257
-2104
-3586
-2620
-1653
-3277
-4129
-2454
-1898
-3151
-2715
-301
-59
-2086
-2238
-472
189
296
1527
2419
975
-26
1346
2558
2182
1887
2717
2065
677
1112
2386
1870
229
477
950
74
-560
355
244
-1864
-2111
-403
-150
-2043
-2285
-791
-1127
-2484
-1712
371
-378
-2213
-1267
961
1275
115
1069
2542
2329
1767
2259
3429
3680
4586
5244
4037
2286
2960
5428
5285
2877
945
769
713
659
1071
369
-2024
-4066
-3930
-3455
-3857
-4254
-4024
-4629
-5655
-5292
-4163
-4235
-5394
-4937
-3327
-2276
-1861
-1054
-412
-1276
-1863
-557
1689
2837
3037
3229
2474
937
987
3286
4703
3248
1761
1973
1875
501
112
1250
727
-1308
-1595
-122
-381
-2169
-2466
-2004
-2431
-2715
-1437
-837
-2097
-2695
-1570
-843
-1099
-294
752
191
-625
590
2349
2151
1031
1376
2233
2215
2406
3149
3278
2073
1751
2121
1706
992
1465
2119
669
-662
-396
-123
-1845
-2963
-1955
-1798
-3302
-3703
-2024
-1728
-2977
-2963
-1239
-374
-75
1157
1396
-494
-1092
2682
7150
7697
4673
2260
2925
6030
8711
7618
3057
395
2881
6398
5906
2211
-297
-1269
-2230
-2970
-2587
-2564
-4303
-6534
-7763
-7332
-6294
-5569
-6834
-9457
-10003
-7082
-3571
-2899
-3601
-3713
-3430
-3278
-1684
1735
4062
4113
3288
3450
3945
4644
5579
5450
4746
4344
5093
5301
4221
3206
1635
-166
-1073
213
1683
398
-2229
-4382
-4692
-4281
-3607
-2975
-3337
-3712
-4367
-4117
-3374
-2625
-2125
-2130
-1196
495
2044
1855
750
397
1644
3289
4217
4794
4778
3977
2437
2347
3476
4420
4235
3288
2497
1265
806
979
757
-451
-1468
-1174
-1164
-2367
-3711
-4023
-4035
-4632
-4828
-3935
-3372
-4294
-5991
-5424
-2650
197
851
-675
-1439
-129
3373
5612
5153
4117
6159
10129
11060
7712
4677
7197
12014
13344
7825
1170
-236
4035
7602
4253
-1430
-4050
-3142
-4489
-8002
-9121
-7996
-7449
-8756
-9751
-10603
-11475
-11312
-11206
-12066
-11275
-6358
-1462
-2742
-6204
-5784
-2533
-427
1665
6237
8374
6134
3849
5052
6824
7663
9595
10790
8466
5351
5962
6270
3733
1682
3125
3288
-399
-1504
21
-995
-5386
-6362
-3910
-4337
-6368
-5500
-3376
-4668
-6818
-4918
-1953
-1979
-3110
-2592
-494
948
2884
3763
2410
1636
2975
5360
4962
4616
6150
6703
4630
1983
2627
3752
2814
1630
1473
1159
-804
-2161
-1842
-1978
-2737
-2830
-2253
-2597
-3494
-3016
-2113
-2337
-2904
-2172
-953
-710
-980
-666
38
-322
-907
-853
-339
-315
-587
487
2108
2739
1413
-74
-53
1413
3755
4547
3258
195
-810
3030
7222
7058
922
-2169
2072
7711
7527
-30
-5191
-4346
1956
6610
4050
-2371
-6534
-4707
-3419
-4652
-4962
-2658
-1973
-5343
-8122
-7774
-6069
-5397
-5760
-6751
-6185
-2448
1447
185
-4114
-4473
-472
3128
4477
5838
6301
4407
3159
3955
5125
5767
6877
7267
4141
1548
2697
4031
2154
-194
272
-270
-2501
-2036
147
-1642
-5934
-6088
-3305
-3735
-5256
-2691
-251
-2859
-6284
-3908
283
371
-1197
-515
1845
2784
3081
2717
1348
1406
4176
6474
4840
2666
2903
2819
856
119
2493
3651
1005
-1642
-2092
-1905
-2115
-1257
-148
-1413
-3439
-2984
-1670
-1981
-2621
-1097
592
-864
-2212
-1636
-550
-1279
-1747
389
2005
1144
-1138
-2172
-2210
-756
2442
5488
5090
1835
-197
762
3252
4351
4231
3558
4851
6825
6762
2682
-2067
-618
5035
9527
5751
-2262
-6622
-4124
2118
2808
-1538
-5094
-3510
-2315
-6106
-9737
-8297
-4514
-4323
-5645
-5823
-5592
-6493
-7908
-8762
-8326
-3871
2648
4052
-1059
-5183
-3390
510
3187
6482
9190
7544
3700
2748
4672
5761
6118
7301
7581
5663
4273
4063
2066
-734
-1175
782
5
-2084
-1446
-743
-3642
-7961
-6861
-3858
-3818
-4414
-2767
-2439
-5586
-5694
-1769
-347
-2644
-1616
2637
3173
1076
2436
4889
3507
1882
4511
6863
5159
4518
5850
4691
608
58
2992
2703
550
2
-349
-3425
-5209
-2710
-1655
-4256
-4807
-2005
-2144
-5424
-4713
-107
152
-3197
-2654
815
194
-2312
-70
3641
2294
-1161
36
1959
638
-477
1719
3731
2297
2252
3455
2055
-209
2183
6690
5130
-117
-851
4409
7690
6222
1944
-1224
504
6356
9776
2468
-7212
-6931
3072
8265
2419
-4819
-6490
-4505
-4542
-4817
-5001
-5217
-5309
-5874
-7575
-10026
-8312
-3934
-4156
-9316
-10408
-3563
2280
-12
-4338
-4043
-752
1798
3536
5143
4719
3992
5170
6032
4448
3320
5475
7581
6186
4223
4429
4174
2074
-23
-462
-1215
-1859
-420
853
-720
-4285
-5773
-6011
-6708
-5175
-495
2060
-2139
-6818
-5128
-592
558
-576
1137
3672
4016
3464
2818
2297
2488
4977
6747
5288
4033
4396
3049
-65
-123
3227
3880
553
-1165
-1372
-2855
-4229
-2450
-454
-2066
-3512
-2497
-2797
-5427
-4467
677
2392
-1436
-3216
-470
324
-2129
-1916
2270
4303
2248
211
-615
-2231
-2735
237
3399
3610
2343
1999
681
-2270
-1524
3776
8152
6544
945
-2601
-1637
4012
8911
7015
173
-2291
3454
8619
4229
-5018
-7921
-2102
5908
6922
601
-7101
-9376
-6440
-4626
-5087
-4721
-2217
-2686
-7622
-12158
-11124
-5359
-1391
-3061
-7171
-7153
-2618
-166
-2168
-3669
-1359
2356
4093
5129
4664
3264
3918
5926
6785
5644
7020
8841
5975
2004
3599
7649
5763
908
139
2038
-72
-2921
-1673
-118
-1988
-4532
-3305
-3545
-6610
-6721
-2601
-751
-4545
-5407
-968
952
-3215
-5060
10
4164
3519
2038
2269
1306
923
4603
6958
3974
1585
3538
4218
537
93
4314
3678
-1539
-3134
269
143
-3106
-2050
-25
-2498
-5671
-3158
-132
-1736
-2905
309
1287
-2749
-3335
1359
3228
-764
-1340
3500
4518
-197
-2556
173
1015
110
1428
2984
657
-1760
993
2012
-1092
-1820
4167
8386
3260
-3586
-5309
57
6621
9109
4819
-1669
-769
5450
6456
-2259
-8138
-3113
7043
9394
1662
-6155
-8232
-5429
-4076
-3801
-2688
-1278
-1764
-5321
-9824
-12061
-8249
-1228
268
-5511
-8648
-4033
-364
-3680
-6302
-2153
3210
3963
3734
3854
1105
-257
4061
8789
7694
5937
8703
7622
-265
-2220
6281
11678
5769
19
1165
345
-4410
-4411
789
1476
-2052
-2443
-2574
-7694
-9983
-3414
1174
-3097
-6105
-244
3020
-3570
-8371
-3431
3132
4519
4827
4801
981
-2849
174
4843
4597
4276
7423
6453
-1216
-4164
1580
4976
874
-939
2076
1905
-2864
-4275
-1472
-2547
-4428
-1343
2269
265
-3719
-2120
-148
-2273
-2525
2288
5753
2069
-1584
-201
1872
1387
1250
2538
1305
-970
-541
655
-1060
-3420
-1694
720
-592
-2221
-1466
731
118
-649
162
-673
-2484
-2728
3215
9154
9121
2556
-3553
-1618
5782
10546
5687
-1299
-1919
5467
9750
3727
-4576
-6117
-984
1460
-419
-2671
-4013
-6319
-8993
-10290
-8847
-5213
-1449
-3433
-12251
-16842
-10764
-1067
198
-3406
-3316
-908
-1648
-3109
-323
3729
7162
9258
8990
5259
3222
6966
9407
5808
3364
7833
11894
8352
2026
-692
-2074
-2480
1232
5439
2515
-5099
-7736
-5854
-6023
-6450
-2414
427
-3208
-7247
-4713
-1271
-3703
-4861
-665
3087
2296
2023
3807
1139
-2254
714
6721
6730
3409
4515
4981
511
-2341
1379
3970
886
-227
2039
356
-4333
-3766
298
-1493
-5104
-1923
2226
-181
-4541
-1850
1825
-302
-1419
1946
3588
-545
-1486
3269
4291
194
-1315
1058
-368
-3684
-982
3644
1295
-4966
-5407
-1729
-145
118
1759
1996
-599
-910
342
-1087
-3083
2954
12104
11717
1919
-4328
818
7757
9451
4495
-1265
-1911
4401
10390
4382
-7567
-10023
-1658
2297
-2838
-6281
-3601
-4513
-10750
-13832
-10017
-4267
-1608
-3689
-10876
-15517
-9861
756
2875
-2228
-2764
2004
2512
-754
402
6140
9909
9704
8439
6444
5589
6288
6074
3215
3095
8186
9478
2855
-3567
-3114
-1325
-3200
-3401
284
792
-3529
-7796
-9262
-8954
-5646
769
2401
-2480
-5693
-2725
-272
-2355
-2046
3159
6828
5165
2512
1450
953
2020
5016
6078
3894
3297
4782
2958
-1979
-2494
1709
3024
-190
-2087
-1748
-3953
-6066
-3242
1030
143
-3655
-3520
-2035
-2665
-2131
2386
5957
3452
-159
215
2201
2682
3321
5355
6083
4012
1985
729
-970
-2258
-770
2086
1865
-1646
-5456
-7110
-7226
-4957
-973
1586
11
-3495
-4666
-3326
-2068
-2243
-1980
1534
8553
11549
5705
-4957
-6441
4381
15410
15038
4131
-3372
-1851
5021
6625
1631
-1457
1420
3388
-2785
-10005
-9600
-4272
-3193
-7079
-9495
-7438
-4093
-4762
-12139
-17563
-11729
1699
6961
-515
-6628
-4796
-1349
-1428
1084
7634
11181
8993
4653
673
131
5310
11061
8815
1621
2190
7029
5471
-1038
-1317
2672
1082
-2023
120
2957
-625
-4592
-3912
-3503
-4431
-545
4916
1835
-6222
-6114
921
2624
-999
-1495
1702
1583
323
1769
2243
-50
-1232
915
1018
-821
1289
4410
1468
-4714
-4841
197
1366
-589
-578
-153
-2490
-3523
134
2210
-452
-1699
1393
2653
623
1547
5679
4985
-393
-1434
3050
4939
2433
1449
2694
1885
-1183
-1940
-1171
-1112
-1428
-1560
-3122
-5837
-5775
-4072
-4086
-5471
-3168
806
678
-2997
-4939
-1922
517
644
-437
972
6986
11425
8686
-843
-4274
4193
14403
14173
3689
-3935
-2074
6300
10398
4434
-3939
-4893
-272
-906
-6414
-7062
-2935
-2990
-8728
-11644
-8089
-3775
-2695
-7072
-13234
-12931
-3113
5938
2616
-5238
-5291
183
760
-762
3300
8977
8561
3449
557
1266
4430
8003
7253
1770
-67
4737
7106
2092
-1257
1575
2707
-1147
-1712
2510
3057
-960
-3106
-2578
-3961
-3072
2050
3989
-1172
-5200
-1828
1134
-1059
-2994
-747
1119
279
128
1179
198
-2219
-2730
-1622
-925
274
2485
2194
-1261
-4083
-2995
-921
-356
449
1705
1947
489
-96
365
-250
264
3072
5251
4137
2007
3310
4342
1528
-1265
594
4796
4341
887
-506
292
-454
-3776
-5414
-4588
-2435
-965
-1455
-4376
-8806
-9125
-5128
-655
-44
-1286
-230
802
-65
-2626
-2775
-66
5205
11219
13621
8094
-991
-1842
6019
13205
10395
3322
516
3385
6879
4615
-1276
-4592
-2041
682
-2612
-7427
-6690
-3397
-4680
-11028
-12799
-7144
-266
-1553
-10610
-15089
-9478
599
2519
-1238
-2031
309
201
-3135
-1775
4244
8788
8738
4876
1252
873
3967
6140
3426
2393
6049
7685
1992
-3146
-183
3187
722
-1499
1967
3938
39
-3865
-4150
-4622
-4066
1252
4986
768
-4923
-3682
-1310
-3775
-4107
1964
5228
-62
-4724
-2216
619
-508
-1589
73
925
-371
10
18
-1455
-1773
847
2389
-656
-1644
906
1933
-509
-928
3439
5194
1977
-542
622
2407
3227
5240
6798
4296
699
-45
810
1040
1879
4683
5006
896
-3715
-5239
-4434
-4047
-2589
-390
20
-3114
-8207
-10269
-8373
-3636
772
1814
782
-1565
-2764
-2653
-2672
-1163
1784
8496
13723
10906
1297
-5637
-226
10088
14314
8734
1307
-494
2261
4321
1065
-2762
-1076
3598
2065
-6276
-10374
-6465
-3093
-5544
-8583
-6267
-2303
-2264
-7234
-13190
-13020
-4971
3487
3852
-1020
-3075
-2223
-3642
-4813
-314
7252
10574
6943
803
-2343
-365
4240
5872
4098
4342
6303
4377
-1502
-2549
2385
4158
891
-123
2881
3136
305
-1250
-2157
-4541
-3214
3894
6794
971
-4330
-2545
-1128
-4112
-3579
2431
4556
-247
-3576
-2469
-1577
-1753
-380
172
-2712
-3342
750
2557
-1227
-4240
-1934
20
-878
402
2926
2560
-59
583
2952
2187
2161
4815
5583
1377
-125
5387
8912
4800
-570
-153
1918
1073
678
2376
2756
-609
-4630
-6243
-6495
-4710
-2073
-1739
-4922
-8333
-7505
-4739
-3732
-4253
-3373
523
3541
2393
-1896
-4831
-2988
2741
9860
13339
10034
1899
-1974
2502
9725
11254
5872
1178
1194
4952
5375
885
-2682
-1437
478
-2948
-7322
-5548
-862
-1674
-8292
-12023
-8402
-2421
-800
-6156
-11283
-9786
-2987
297
-1713
-1549
502
-469
-4403
-3178
3461
7416
6383
3705
1360
253
2371
6437
6294
2579
3236
5864
3328
-1805
98
5680
3952
-1485
-1108
3010
2126
-844
-284
-547
-3945
-3650
1585
2428
-1993
-2480
100
-2745
-6936
-2824
3643
1128
-4305
-2568
806
-1807
-4036
-102
2051
-2240
-3931
448
2731
496
-599
610
-631
-1703
1312
3606
1885
1232
3956
3946
-476
-804
4161
5359
2581
2504
5962
4717
-288
-824
1656
1802
-75
1028
2407
-168
-3657
-4761
-5084
-6212
-5155
-1990
-1669
-4556
-6830
-6366
-5251
-4267
-2225
-123
1733
2748
2134
-789
-3879
-2843
4485
12489
14894
8312
-1118
-2128
4793
11890
8944
1871
569
4930
6901
377
-5177
-2627
2913
982
-6794
-8242
-2313
-19
-6019
-12611
-10590
-3184
1533
-1867
-10104
-12653
-6801
617
395
-1212
2426
4383
-1517
-7471
-2123
7752
10098
6206
3217
2005
1338
2222
3866
3222
3620
6923
5640
-1750
-4753
1332
4652
-1344
-4682
1077
4423
-685
-4684
-2599
-2344
-5173
-3404
1604
2058
-506
-388
-1698
-6633
-6741
1350
6325
2026
-2030
-745
-816
-3969
-2186
3607
3697
-1626
-2750
665
1421
-560
-885
-134
-850
-164
2486
2198
-596
-80
2495
1439
-1234
2052
7014
4843
-397
-3
4788
5016
2125
1838
2197
-5
-1693
702
3112
1463
-1730
-4050
-5755
-5960
-3224
-587
-2358
-5651
-5953
-3588
-2472
-2890
-2082
-181
1592
2132
1146
-1059
-2143
2508
9792
12084
6634
423
1881
6864
8121
3567
-214
2025
6914
7640
977
-5561
-4675
60
-367
-5708
-6361
-1675
-1187
-7602
-12836
-9811
-3545
-721
-3499
-8492
-9022
-5034
-1258
-2300
-2222
3365
6531
1153
-5494
-2257
6730
10186
7033
3772
3599
4308
3655
2067
1112
4291
8153
5234
-2705
-4946
1054
3057
-2763
-6079
-796
3268
-571
-5232
-5537
-4402
-3851
-1813
-113
-703
-733
1011
-873
-5979
-5284
2038
5697
1882
-702
1296
1369
-1756
-1768
2208
3801
1403
-88
-98
-208
-90
716
344
-1469
-564
1378
791
-902
921
3826
1219
-2689
-808
4085
4487
2038
2801
4324
1980
-398
1393
3358
1370
-610
719
1706
33
-1965
-3207
-5335
-6293
-3107
191
-1803
-6037
-6223
-3064
-2589
-3633
-1636
2462
4035
845
-2445
-3323
296
7300
11453
9191
2770
1046
4781
7232
5369
1618
1219
4019
6966
5771
-668
-5293
-4608
-2341
-3513
-4522
-841
676
-4955
-13010
-13810
-7283
-1105
682
-3335
-8079
-8285
-4853
-2585
-2485
1673
7136
5378
-1756
-3939
2042
7065
7661
7269
6640
4856
3146
2971
1585
752
4487
7616
3025
-3967
-2450
1852
-1747
-7615
-4594
2661
1729
-3777
-5714
-5709
-7117
-5493
-182
1184
-996
-836
353
-3316
-6232
-1112
5220
4574
968
1740
2718
-26
-1113
1844
3883
2108
1122
2241
1187
-770
-429
430
-1295
-2530
375
2078
-490
-2602
-527
1189
-1270
-1868
1287
3068
1239
699
3692
3797
855
-77
2252
3314
1151
669
1396
1085
-901
-2737
-3362
-4084
-2997
-940
233
-540
-2588
-4400
-5709
-3868
1411
6109
5393
-852
-5140
-1927
6119
9966
5987
2151
4452
8361
6223
297
-1418
1989
5485
5790
3386
137
-2027
-3112
-5801
-9366
-7622
-150
3048
-3793
-11946
-12095
-7943
-7001
-7523
-5137
-1519
-602
-2974
-5651
-5626
-936
4492
4620
1344
2148
7502
8738
4284
2093
6143
10349
8906
4950
3283
4345
4868
2317
-825
-521
2345
1587
-4007
-6911
-4060
-1504
-3246
-5133
-4585
-5324
-7556
-6716
-3476
-2080
-1946
-342
127
-3185
-4580
-641
3868
4394
3751
4306
2317
-927
-417
3324
4581
3105
3591
3622
-108
-3428
-1420
1779
-59
-2410
-1077
284
-1703
-3356
-1386
-826
-2709
-1999
1827
3201
1271
1266
2822
1696
16
2770
6753
5239
793
552
3087
2565
-492
-1320
-585
-1294
-2334
-1769
-1112
-1722
-1447
-1296
-3772
-6357
-3286
3366
4194
-1534
-5015
-832
4698
4590
1552
1414
5570
8673
6474
394
-3597
-249
6519
8940
4533
-276
-420
-627
-4662
-8793
-6375
172
2100
-2090
-7601
-9709
-9166
-8437
-7918
-7001
-3745
-209
-746
-5371
-8162
-4551
551
2193
2344
4695
7418
6135
2319
789
4384
10267
12583
8696
3334
3353
6487
5379
442
-69
4333
4590
-1709
-6323
-4033
-979
-2178
-5127
-6357
-5973
-5607
-4762
-4539
-4906
-4049
-2568
-2060
-2833
-1871
324
862
874
2218
4065
3204
1585
1941
2499
2110
2189
4023
4146
1520
84
673
-29
-2538
-2458
288
428
-2737
-4060
-2005
-1241
-2973
-3353
-1184
361
594
1880
3042
1716
-487
375
3254
4529
4330
4351
4076
1478
-1421
-1547
271
1721
1718
1257
264
-1432
-2237
-2165
-1903
-1561
-352
477
-1405
-3413
-1301
3773
4849
-143
-3609
540
7725
8653
1931
-4142
-2801
3565
7180
4730
1232
1262
1821
-2450
-7935
-6246
1076
3662
-2507
-8651
-7505
-3416
-3605
-7988
-10740
-8209
-2580
643
-1328
-4863
-4967
-3040
-3330
-3726
1372
9462
11163
4423
-1813
-579
5326
9015
9040
8754
9290
8100
3016
-1396
500
6142
6777
779
-2894
-484
1183
-3047
-7662
-6377
-3340
-3849
-5854
-5083
-2802
-3312
-5473
-6343
-4853
-2421
-472
728
693
469
169
-206
198
2164
4585
4522
2271
1075
1826
2114
909
613
1894
2224
345
-1898
-2548
-1928
-943
-542
-1334
-2866
-3031
-1550
-799
-1210
-301
2816
3860
1174
-1145
630
4111
4767
3802
3956
4846
3716
688
-1163
-416
2115
3847
3223
867
-1236
-1852
-2650
-3426
-1819
1813
2960
-1604
-6502
-5497
-68
2740
625
-1398
388
3887
3920
-548
-4996
-3747
2769
7567
5963
1263
-532
160
-1274
-4565
-4518
732
5280
3242
-3754
-8853
-7978
-4388
-2943
-4311
-4635
-2755
-1921
-4240
-6936
-5726
-2052
100
-535
-738
1948
4583
3963
791
-58
3765
8378
9364
6611
4322
4370
4875
4561
3958
3902
3561
2419
806
-805
-1704
-1799
-1670
-2486
-4022
-4921
-4954
-4623
-4328
-3957
-3569
-3266
-2805
-2724
-3509
-3531
-1081
2033
2264
-3
-551
1436
2834
2212
1697
3047
3967
2950
1049
95
551
1032
992
-21
-923
-845
-603
-1196
-2518
-2998
-2385
-1709
-1286
-554
506
583
-647
-1612
-817
1626
3563
4024
3527
3073
2768
1917
1254
1859
3772
5220
4453
1877
-322
-555
747
1518
956
65
-54
326
-331
-1976
-3246
-2779
-1091
-196
-633
-1351
-1377
-1256
-1890
-2597
-2381
-1238
21
1149
1578
249
-2227
-3439
-1984
168
828
188
-232
-504
-1782
-3547
-3977
-2328
-453
-277
-1554
-2452
-2424
-2563
-2855
-2264
-485
1068
1646
1862
1557
614
-52
1065
3275
4724
5364
5392
4441
2335
1079
2009
3213
3093
2334
2157
1616
-243
-2272
-2857
-1902
-1018
-1197
-2148
-2773
-2695
-3298
-4713
-4847
-2325
446
342
-1232
-1510
-819
-1095
-1265
591
3045
3651
2634
1738
1007
153
31
1179
2457
2701
1925
476
-1271
-2477
-2377
-1287
-11
971
686
-1437
-3887
-4217
-2240
-115
1146
1618
1005
-1000
-2374
-903
2138
3790
3184
2260
2097
1962
1656
2034
3214
3939
3072
1408
664
1446
2362
1636
-544
-2135
-1240
1292
2500
627
-2908
-4843
-3433
-343
1210
-357
-3339
-4352
-2380
147
590
-821
-2123
-2396
-1696
-333
897
647
-795
-1349
-517
192
-511
-1520
-1521
-704
206
197
-892
-2315
-2438
-1013
-283
-1218
-2447
-2227
-631
802
1268
348
-1086
-1113
491
2227
2817
3205
3768
3494
2396
1645
2078
2509
2519
2866
3247
2753
1170
-533
-1717
-2145
-1210
60
-89
-1609
-2631
-2270
-2249
-3063
-3366
-2085
-318
272
-85
-531
-408
-76
75
371
1275
2572
3004
2091
998
819
807
100
-474
300
1908
2244
446
-2101
-3406
-2787
-1380
-575
-623
-857
-1134
-2078
-3230
-3244
-1547
387
712
-230
-644
455
1856
2036
1168
1014
2423
4114
4585
4010
3572
3178
2170
1124
1294
2729
3756
2837
215
-2267
-2762
-1383
-128
-651
-2130
-3031
-3307
-3689
-3998
-3294
-2106
-1803
-2619
-3505
-3426
-2331
-1032
-424
-710
-1081
-507
612
1195
1222
1305
1399
949
524
1200
2718
3428
2323
388
-823
-465
656
1289
1031
398
-49
-723
-1362
-1014
258
924
13
-1029
-941
-414
-98
673
1874
1680
-389
-2011
-1060
1212
2220
1485
200
-848
-1693
-2064
-1311
438
1500
377
-2102
-3362
-2180
-357
242
213
752
988
-155
-1041
-61
1600
2058
1903
2338
2551
1613
346
166
915
1605
1930
1866
1124
-59
-981
-1351
-1292
-886
-331
-78
-502
-1597
-3015
-3931
-3192
-1284
-258
-836
-1619
-1541
-1465
-2074
-1909
-38
1945
2280
1239
466
738
1542
2190
2600
3118
3567
3225
2128
1486
1944
2402
1837
1073
1074
1199
553
-545
-1417
-2057
-2237
-1613
-858
-1058
-2199
-3075
-3277
-3390
-3264
-2279
-1054
-945
-1890
-2630
-2294
-1233
-158
650
910
734
387
229
687
1728
2627
2482
1465
815
896
900
648
610
868
628
58
101
521
287
-471
-429
367
716
250
126
527
481
107
252
773
528
-254
-447
-113
27
-110
-135
-343
-1121
-1621
-1377
-933
-888
-934
-716
-862
-1395
-1648
-1034
182
1216
1238
177
-373
629
1835
1511
648
1261
2402
1938
541
414
1450
1567
541
-109
44
198
149
-56
-895
-1970
-2041
-984
-586
-1555
-2469
-2216
-1540
-1653
-2155
-1939
-801
73
-272
-1033
-701
583
1160
815
1079
2323
2908
2148
1575
1988
2405
2381
2691
3233
2746
1343
548
974
1594
1511
843
-280
-1451
-1799
-1187
-568
-788
-1645
-2380
-2645
-2638
-2635
-2640
-2256
-1498
-1176
-1933
-2807
-2366
-1155
-572
-667
-148
890
1050
310
-188
167
753
1210
1758
2105
1842
1072
252
-182
145
1129
1771
1374
486
228
376
-120
-681
-143
1058
1277
350
-193
71
63
-622
-806
156
1185
1014
-378
-1499
-1411
-687
-420
-760
-731
-286
-382
-1274
-1752
-1029
-20
255
112
165
86
-263
17
1080
1684
1200
565
583
714
703
1116
1939
1989
1045
303
339
618
368
47
22
54
-277
-988
-1309
-1158
-1026
-1382
-1626
-1072
-507
-1126
-2390
-2414
-1149
-393
-710
-692
153
418
-519
-974
210
1905
2491
1857
1252
1281
1565
1619
1539
1964
2623
2367
996
-123
211
1184
1347
515
-356
-741
-968
-1054
-835
-704
-1010
-1822
-2631
-2641
-1884
-1087
-1216
-2118
-2733
-2324
-1349
-730
-468
-298
-267
-558
-738
-150
1077
1794
1175
-3
-369
391
1468
1972
1657
966
480
416
527
675
1209
1818
1527
374
-278
324
1013
771
327
711
1302
989
4
-569
-238
285
360
83
-81
-135
-661
-1655
-1976
-945
74
-369
-1418
-1405
-647
-637
-1285
-1077
158
837
191
-623
-477
309
808
645
303
382
890
1204
1013
668
584
561
473
635
925
969
468
-346
-1055
-1235
-688
23
60
-730
-1412
-1397
-1266
-1340
-1197
-553
-19
-345
-1102
-1317
-733
-90
187
237
470
827
720
405
459
1091
1699
1702
1360
1196
1199
929
596
660
1006
1122
687
6
-335
-305
-146
-136
-431
-824
-1046
-1047
-1110
-1412
-1679
-1609
-1438
-1477
-1516
-1170
-818
-1006
-1438
-1284
-211
801
792
22
-431
142
1029
1212
841
981
1519
1225
247
31
1231
2182
1522
278
124
1062
1394
672
52
555
1317
981
-49
-421
259
782
230
-474
-64
721
520
-505
-968
-569
-285
-433
-523
-343
-454
-1001
-1389
-1210
-745
-411
-364
-571
-875
-967
-659
-96
320
249
-172
-479
-300
87
495
891
962
456
-360
-568
91
852
941
526
187
-130
-608
-916
-545
169
210
-547
-1092
-911
-554
-718
-1073
-818
-212
-118
-527
-510
72
362
18
-268
138
864
1202
1108
954
928
905
782
934
1476
1874
1577
799
266
345
667
748
597
351
53
-308
-677
-887
-727
-447
-565
-1144
-1537
-1329
-981
-1208
-1711
-1516
-779
-342
-629
-1027
-938
-504
-186
-142
151
716
946
492
8
388
1215
1389
877
513
619
758
637
585
743
719
436
234
157
234
555
815
597
69
-167
95
238
55
-67
-76
-87
-127
-69
-5
-105
-374
-477
-271
96
305
44
-458
-695
-514
-380
-353
-136
59
-241
-609
-423
48
107
-270
-291
73
190
-54
-134
89
187
-110
-553
-684
-334
161
180
-354
-891
-1026
-819
-408
36
116
-419
-1088
-1168
-586
2
227
131
-344
-886
-868
-85
780
1042
746
253
-53
-38
454
1246
1686
1566
1127
771
633
741
1143
1504
1585
1354
856
329
77
237
470
419
101
-274
-651
-994
-1121
-1045
-927
-940
-1056
-1147
-1277
-1423
-1419
-1257
-1005
-827
-713
-600
-496
-356
-240
-141
56
448
742
730
648
852
1222
1090
565
435
1025
1566
1302
625
252
381
571
471
344
476
573
292
-252
-457
-186
-18
-161
-363
-236
67
-37
-581
-909
-547
82
266
-77
-472
-494
-237
-148
-312
-370
-109
54
-178
-543
-487
8
206
-104
-492
-417
27
199
47
20
238
286
-54
-410
-301
82
201
-64
-412
-435
-279
-266
-489
-639
-417
-59
1
-407
-749
-629
-144
165
16
-322
-480
-247
72
228
332
464
502
379
196
337
806
1267
1359
916
419
404
849
1191
1092
847
776
698
395
-1
-83
237
422
79
-510
-800
-651
-656
-1059
-1345
-1099
-586
-660
-1234
-1418
-1010
-624
-762
-1018
-749
-204
47
-155
-372
-186
217
400
245
276
556
872
973
844
820
906
1013
967
889
955
1027
992
673
263
162
350
536
376
83
-44
-122
-389
-729
-647
-135
218
11
-467
-716
-612
-445
-354
-260
-20
198
98
-217
-432
-288
0
139
169
186
87
-148
-268
-171
-75
-65
-49
-21
-179
-465
-522
-318
-199
-360
-461
-283
-136
-379
-794
-858
-454
-113
-239
-554
-497
-223
-284
-637
-660
-85
340
115
-335
-307
54
261
239
243
461
576
456
183
67
331
784
1139
1147
846
526
390
448
725
1082
1347
1348
864
132
-244
32
603
745
341
-96
-362
-604
-804
-754
-461
-361
-697
-1041
-1076
-905
-760
-726
-807
-904
-879
-642
-266
-67
-174
-498
-596
-183
417
670
511
366
377
492
587
846
1240
1174
691
234
319
817
1088
934
512
146
-46
-44
79
265
289
-15
-472
-704
-438
-15
3
-381
-694
-741
-507
-255
-113
-82
-182
-300
-345
-234
-79
148
248
117
-70
-76
141
180
45
-99
-59
62
19
-97
-199
-166
-164
-298
-438
-416
-149
-25
-290
-644
-666
-392
-274
-423
-504
-360
-192
-247
-417
-441
-255
-27
56
0
-4
180
299
145
-74
31
405
615
403
120
158
403
645
641
465
404
469
527
493
507
744
951
752
297
141
372
550
454
255
148
75
-67
-300
-462
-344
-171
-268
-582
-821
-695
-458
-490
-696
-726
-595
-531
-505
-360
-191
-192
-322
-367
-121
197
399
429
354
354
395
398
410
597
826
844
646
396
234
183
274
471
581
450
125
-145
-285
-311
-205
-71
-40
-237
-476
-491
-416
-369
-457
-552
-401
-136
15
-87
-341
-374
-223
-143
-90
44
246
238
48
-150
-122
77
256
274
53
-63
-110
-88
-73
-93
-146
-247
-300
-304
-192
-132
-150
-257
-458
-522
-301
34
101
-156
-308
-199
-50
36
54
139
256
231
89
9
136
330
389
344
234
199
348
435
384
263
204
291
360
419
397
360
400
344
182
77
210
441
343
-32
-126
66
132
-130
-328
-259
-122
-132
-352
-427
-391
-378
-539
-734
-581
-272
-123
-464
-766
-607
-378
-231
-325
-194
81
62
-83
-82
198
524
628
390
165
276
640
849
793
521
394
353
251
344
516
663
507
160
-179
-319
-174
125
196
-5
-274
-445
-428
-422
-298
-242
-169
-229
-408
-370
-275
-95
-119
-298
-285
-187
28
126
-10
-139
-233
-191
-87
79
241
163
-85
-357
-465
-259
29
124
-7
-201
-315
-274
-157
-129
-13
27
26
-19
-12
126
171
144
-6
8
244
452
452
277
104
36
38
148
304
489
481
230
-40
-188
-46
55
141
165
161
74
-112
-173
-120
62
127
121
69
-2
-47
-102
-97
-32
77
114
6
-70
-64
-15
-23
-115
-163
-144
-132
-227
-266
-269
-279
-400
-474
-300
-152
-91
-142
-300
-361
-227
-59
150
325
379
233
38
-15
189
633
756
550
276
186
313
373
413
398
463
460
137
-145
-181
95
309
142
-189
-291
-155
-87
-215
-378
-318
-181
-114
-246
-346
-326
-288
-265
-231
-94
174
251
-110
-396
-401
-28
281
265
121
-15
-91
-277
-341
-254
6
160
-20
-224
-274
-157
-132
-194
-166
-129
-50
-11
16
130
109
32
-62
-27
190
370
464
310
122
81
154
305
313
267
280
246
121
-13
-49
59
98
19
9
-37
-77
-129
-228
-196
-106
-23
5
-60
-153
-204
-234
-101
69
123
146
93
119
8
-21
120
183
202
-6
-137
-30
148
96
-133
-303
-321
-227
-138
-120
-119
-65
-234
-375
-400
-300
-12
146
152
-19
-108
35
179
291
271
322
426
359
245
201
290
369
353
255
271
293
124
-19
-54
10
55
37
-7
-152
-303
-415
-373
-135
-15
10
-120
-193
-172
-277
-149
0
123
158
-82
-140
-128
-161
-64
-35
55
51
-126
-193
-221
-167
-163
-137
-84
-160
-202
-277
-339
-262
-121
-35
-59
-110
-129
-22
113
115
82
143
243
325
280
177
317
384
302
192
272
497
468
277
6
-39
65
186
242
158
85
-189
-407
-354
-89
127
44
-148
-324
-313
-268
-189
-33
25
68
-51
-173
-131
-23
104
102
43
8
85
198
109
-48
-129
-102
35
50
-7
-94
-179
-258
-309
-109
102
155
-28
-287
-287
-102
110
191
187
163
57
-20
12
178
380
319
202
186
173
272
292
208
145
71
63
105
60
1
-47
-149
-205
-271
-113
86
28
-132
-324
-260
-120
-49
26
13
-75
-148
-195
-138
3
65
129
9
-78
-96
-127
-53
66
87
-34
-165
-257
-199
-188
-213
-255
-173
-152
-257
-261
-164
-26
-80
-155
-151
26
148
116
107
91
126
135
110
247
422
449
311
124
136
229
349
342
228
192
129
80
57
53
79
41
-111
-237
-179
-26
35
-79
-189
-181
-158
-97
-38
82
187
-33
-249
-202
-30
143
111
12
-64
-77
-84
-81
38
126
83
-50
-132
-164
-106
-85
-91
-44
-84
-116
-119
-120
-78
8
4
11
70
98
191
166
140
195
191
233
211
247
364
336
194
21
0
161
201
142
72
6
18
-162
-279
-234
-49
75
-66
-215
-379
-327
-239
-238
-176
-120
-81
-163
-235
-203
-194
-41
66
25
9
-75
-43
-41
-79
6
30
41
-50
-212
-187
-122
-44
-1
-50
-28
-24
-78
-119
-44
63
100
95
86
144
134
60
81
145
221
259
218
207
148
161
170
83
124
119
134
100
-34
-79
-83
16
-11
-126
-118
-139
-111
-80
-118
-96
-86
-97
-34
14
-2
-21
-19
9
50
78
132
203
126
-7
-38
91
211
171
180
80
32
25
-67
-33
32
157
159
-17
-146
-231
-206
-121
-108
-60
-36
-24
-28
-65
-83
-68
56
151
174
121
15
9
-15
-3
89
97
80
6
-26
-36
-41
76
111
55
19
-26
-49
-44
-17
51
13
-47
-146
-148
-63
-8
75
-8
-70
-113
-77
32
56
38
-66
-172
-182
-143
-107
-105
-149
-136
-169
-197
-211
-140
-74
-120
-186
-252
-167
-155
-141
-132
-155
-119
-70
22
94
117
72
69
93
197
244
247
253
177
128
116
148
223
277
260
221
155
170
226
206
110
13
34
70
58
-9
-9
22
-23
-69
-51
53
122
83
-20
-22
42
29
5
4
7
-20
-117
-140
-67
7
27
-36
-71
-104
-82
-29
-11
20
-11
-99
-164
-181
-144
-72
-28
9
35
38
26
14
59
128
187
215
178
111
100
59
32
37
23
104
137
110
51
17
5
-78
-57
-3
19
-2
-106
-179
-203
-177
-152
-118
-95
-108
-139
-209
-203
-192
-143
-65
-66
-60
-110
-168
-142
-161
-159
-99
-31
15
-73
-100
-84
-76
-51
-20
40
12
-42
-107
-114
4
88
30
-36
-55
46
118
91
131
123
131
124
102
126
229
318
239
120
43
83
99
136
205
169
139
84
-1
36
83
25
-10
-21
25
18
-61
-99
-62
6
-1
-28
-54
-10
-20
-74
-63
-47
55
123
74
82
104
123
78
43
145
156
108
44
-27
-29
-12
-10
-39
-119
-99
-24
10
59
26
3
-12
-38
8
37
80
31
-64
-138
-199
-108
7
98
41
-41
-65
-103
-27
-20
0
-41
-120
-155
-200
-112
-22
-19
-64
-149
-180
-35
7
5
-5
-74
-101
-148
-71
-2
-14
-73
-134
-104
-76
-79
-39
-44
-60
-63
-56
-24
-36
18
-7
-5
-16
-31
30
11
24
-7
6
48
44
26
41
66
64
103
91
110
101
62
69
85
100
59
50
51
77
95
57
52
80
121
139
109
73
64
66
48
58
116
92
69
17
24
52
36
12
-71
-31
-23
-16
26
13
66
105
29
-26
-42
31
110
66
56
1
-10
-40
-45
14
-6
19
-54
-95
-111
-100
-15
-20
44
16
-29
-26
-73
-41
-63
-73
-62
-105
-100
-110
-115
-54
-67
-77
-33
-60
-12
32
36
3
-89
-60
-47
5
2
-35
-25
-51
-10
-5
37
74
29
4
3
-34
-32
-15
-7
-9
-47
-70
-134
-104
-81
-60
-34
-47
-48
-65
-32
-35
-34
-1
14
10
10
-20
-60
-28
9
29
50
48
11
35
72
41
22
53
85
90
73
57
46
53
65
46
115
171
135
91
-4
-7
54
9
7
1
-5
28
2
20
60
143
148
32
-27
-9
60
79
37
-19
-22
-48
-95
-70
21
82
50
3
-3
14
77
129
91
49
10
19
-9
-14
26
7
-28
-72
-62
8
62
11
-45
-37
-29
-28
37
82
38
-17
-93
-180
-148
-50
-1
-13
-69
-136
-147
-128
-70
20
-1
-7
-55
-116
-82
-41
-30
-47
-61
-86
-90
-79
-27
22
55
65
-8
-63
-41
6
28
-7
-65
-70
-62
-99
-65
-42
-16
0
-45
-9
20
62
59
49
17
-34
-25
-15
27
-6
-1
9
-60
-44
38
69
99
72
28
47
54
93
117
129
130
70
54
56
43
94
97
93
68
54
49
50
124
115
104
62
25
0
19
10
-6
-18
-85
-77
-70
-53
-31
25
26
0
-39
-31
-7
-37
-35
-9
5
-43
-38
-42
-13
21
16
29
61
89
79
79
63
53
43
15
-9
17
-1
-78
-114
-105
-78
-45
-57
-93
-116
-91
-38
-55
-59
-21
-6
-4
-62
-55
3
27
47
-23
-27
-39
-30
-23
-35
-15
-25
-39
-86
-71
-55
-25
-52
-82
-73
-33
-4
4
32
-12
3
-8
-16
-25
-27
31
7
-22
-50
-26
-6
-4
12
21
25
12
43
8
21
75
81
64
28
-5
-6
13
-10
21
64
66
28
7
3
15
62
130
148
82
46
4
-20
-19
17
66
104
88
44
69
75
94
78
69
75
61
52
33
16
-28
-35
-63
-60
-25
-17
11
-1
-53
-41
9
69
92
53
5
-67
-111
-129
-69
-3
-6
-34
-106
-132
-120
-47
63
72
56
48
1
-16
-13
-14
9
-3
-31
-69
-107
-118
-103
-91
-62
4
-2
-9
-38
-36
-10
-33
-16
-10
-3
-10
-38
-60
-18
14
6
29
-7
1
15
-7
30
35
43
36
-12
-42
-31
-13
26
36
-5
-11
-36
-42
-19
25
38
21
-14
-44
-38
-32
12
-9
13
12
0
33
7
37
80
97
95
77
38
1
16
56
63
102
67
3
-3
-15
-22
-28
15
9
-12
-10
-1
-20
-22
-29
-19
32
45
60
26
3
26
18
32
65
94
118
65
-29
-85
-51
-38
-9
17
-3
-42
-111
-82
-60
10
108
92
38
-7
-44
-51
9
28
40
51
15
-17
-28
-19
-25
18
16
15
5
-21
19
0
-44
-69
-61
-26
-31
-65
-47
-61
-67
-47
-21
30
25
15
-35
-21
-21
-25
-29
-37
15
-41
-28
-7
19
83
68
35
-3
-32
-19
18
21
22
-21
-89
-141
-134
-89
-81
-59
-68
-55
-32
-29
-20
4
59
39
29
26
-10
12
33
34
11
8
-1
-4
12
19
34
3
36
77
95
113
104
74
23
6
48
101
76
56
72
70
46
60
73
61
50
40
-16
-115
-137
-86
7
12
-18
-14
-35
-31
-11
27
62
104
110
-1
-47
-33
-69
-51
-44
9
79
44
-31
-92
-31
29
56
31
-15
18
-2
-26
-58
-48
10
28
60
47
22
10
-19
-16
-11
-25
33
33
-39
-86
-130
-141
-78
-12
19
-3
-72
-83
-98
-62
27
45
-21
-27
19
50
78
45
2
-32
44
59
-25
-34
-69
-70
-51
-49
-3
32
16
-49
-105
-104
-77
-37
-24
-63
-54
-6
-44
-63
-20
23
60
77
113
155
157
50
-44
-51
-66
-68
-50
-44
-37
62
28
-76
19
56
77
115
83
123
151
127
44
-14
-12
47
145
118
67
65
51
29
76
121
69
57
48
-34
-87
-92
-81
-18
3
-22
-42
-96
-35
-22
-53
-3
16
54
3
-28
42
45
-4
-37
-37
-70
-54
-10
-47
-43
-42
-75
-69
0
34
3
-39
-95
-61
-31
13
46
17
-72
-78
-54
-28
68
79
70
26
16
-9
-61
-82
-51
10
-2
-54
-29
-62
-84
-22
-37
24
124
160
93
79
13
12
82
10
-7
19
46
-4
-4
21
10
-33
-91
-136
-113
-88
-134
-142
-101
-48
-71
-110
-77
91
316
339
154
144
219
414
461
-97
-617
-353
333
457
293
-360
-906
-252
430
235
-542
-981
-602
446
980
275
-493
-768
-174
784
527
-253
-254
163
525
674
83
-716
-470
178
421
195
-175
-94
339
585
187
-437
-740
-209
555
582
74
-408
-355
-42
119
-233
-597
-344
300
739
420
-165
-410
-225
-16
63
-46
-56
361
492
126
-378
-512
-196
120
173
34
103
237
252
-25
-537
-506
-86
374
546
345
119
-7
19
-160
-130
-67
-11
330
370
121
-122
-325
-519
-229
29
88
282
204
139
-28
-362
-513
-209
99
247
484
174
-158
-166
-342
-400
-251
-110
86
321
168
-91
-331
-591
-280
76
295
378
264
131
-103
-216
-275
-122
116
333
291
-6
-117
-196
-218
-235
-158
-19
177
364
246
6
-169
-215
-86
102
218
326
331
127
52
-77
-209
-70
74
252
264
147
-27
-208
-230
-132
81
194
304
345
244
79
-135
-186
-156
-41
88
99
73
-105
-213
-339
-392
-180
63
327
402
243
-127
-260
-188
-106
117
195
201
145
21
-220
-338
-321
-157
168
163
93
87
-61
-243
-268
-215
-102
152
209
78
-151
-251
-136
-47
59
120
205
215
132
70
-79
-113
-75
-51
44
91
89
-38
-143
-98
24
97
83
122
89
81
38
-111
-201
-113
87
162
119
76
44
37
56
7
34
133
185
169
70
-63
-119
-111
-138
-129
-34
16
-34
-79
-133
-187
-210
-154
-53
76
131
76
-8
-114
-155
-105
7
41
47
78
25
-79
-152
-183
-103
44
72
58
17
-105
-128
-66
-35
46
117
138
138
74
-38
-104
-78
14
136
227
197
94
40
-68
-98
-23
57
149
199
133
24
-39
-105
-2
71
69
108
104
88
42
29
-23
-25
34
86
78
79
81
21
5
-19
-1
-16
-2
22
-1
-66
-92
-23
-70
-60
-29
-56
-64
-69
-70
-133
-113
-57
-42
-20
-16
-16
-60
-51
4
-4
-5
16
33
54
62
3
-23
-49
-86
-30
1
12
22
6
-24
-66
-88
-54
-13
33
59
28
-38
-85
-55
-33
13
1
0
16
-9
-18
-87
-92
-72
-64
-50
-10
16
-10
-32
-44
-36
-32
-58
-98
-74
-29
-2
23
23
12
3
1
13
38
110
172
177
138
76
33
4
47
96
124
146
86
30
17
0
6
52
88
111
130
98
28
20
29
41
72
57
57
68
97
81
32
15
10
61
75
55
70
40
0
-48
-58
-56
-34
25
-3
-42
-76
-95
-114
-97
-49
-17
10
-7
-29
-86
-124
-136
-105
-52
-55
-35
-47
-91
-120
-126
-121
-174
-144
-82
-69
-59
-69
-108
-144
-95
-67
-57
-53
-67
-53
-61
-60
-63
-35
24
32
46
35
32
51
64
97
81
49
29
26
32
40
44
60
51
58
38
-8
-21
-16
56
124
139
59
34
45
47
67
48
57
82
104
111
121
39
-10
26
42
108
138
124
107
76
46
40
30
38
63
51
34
2
10
34
1
-9
-10
-50
-46
7
37
39
-5
-41
-41
-55
-50
-51
-89
-57
-64
-94
-82
-105
-76
-73
-65
-55
-66
-54
-41
-59
-72
-26
-12
-11
-42
-85
-86
-80
-55
-21
-31
-13
-10
-54
-41
-66
-51
6
40
54
0
-44
-50
-45
-54
-19
31
47
62
34
9
-17
-4
66
104
101
69
30
-10
-12
-13
-21
-13
29
48
40
17
-49
-26
15
22
36
31
19
10
12
35
50
82
113
110
84
13
-10
-21
17
28
8
21
9
22
-4
-40
-69
-95
-76
-74
-50
-29
-56
-51
-49
-45
-31
-7
31
70
23
-10
12
16
57
57
34
32
48
34
50
76
32
-2
13
26
12
0
-32
2
61
52
57
43
23
0
29
44
32
79
39
55
15
-53
-53
-51
-41
-41
-7
-29
-37
-27
-89
-123
-117
-108
-50
-35
-48
-55
-57
-19
-20
-37
-19
10
68
60
26
-1
-41
-57
-50
-18
-12
30
14
-15
-59
-86
-24
-14
12
11
3
15
0
4
-21
-25
-17
-18
31
21
11
-3
-1
20
40
82
47
26
12
36
31
23
24
31
54
-11
-3
-15
-34
-55
-54
-9
16
59
105
99
48
8
-34
-3
40
81
75
47
29
-10
-32
-57
-12
17
5
0
-12
-47
-79
-60
-36
-3
41
55
57
31
-32
-42
-5
34
54
78
90
38
-19
-51
-62
-41
-16
7
35
-10
-53
-72
-103
-97
-81
-51
-24
-20
-47
-38
-42
-6
40
42
79
57
50
21
8
17
19
25
49
100
66
28
19
21
38
20
2
-4
-9
-12
-22
-38
-47
-44
-60
-27
-7
-15
-12
-37
-31
-21
-29
-17
16
6
25
8
6
23
-14
3
-10
-1
-23
-45
-43
-59
-57
-47
-23
0
-3
-1
10
0
48
69
54
24
24
26
-17
1
6
-3
-15
-28
-22
6
-5
-23
21
-5
-12
4
2
26
-17
-9
-16
-37
-35
-53
-14
-6
-4
16
0
-1
-9
-7
16
0
-4
-18
20
18
-2
31
4
19
22
49
76
41
46
31
22
36
17
50
67
50
70
69
60
23
15
29
37
78
52
23
45
34
-6
-7
28
36
19
2
-12
-41
-64
-50
-31
4
16
-36
-28
-32
-58
-60
-60
-50
-62
-57
-62
-42
-66
-45
-36
-41
-16
-63
-31
-16
-6
-31
-25
-5
-35
-1
-22
-29
-15
-32
-25
4
-4
-24
-5
-6
-26
-45
-78
-79
-41
-26
-32
-6
12
-10
-6
-5
-11
-7
15
23
12
42
42
5
5
11
0
10
15
32
23
26
29
13
38
31
49
70
56
47
77
50
33
22
42
87
63
72
60
70
66
79
82
67
70
76
64
35
45
25
33
16
13
-13
-22
-22
-56
-28
-50
-39
-12
-19
-45
-66
-56
-74
-79
-25
-7
-31
-26
-40
-38
-24
-14
-13
-47
-50
-23
-14
-20
-44
-63
-36
-14
-11
-13
-44
-32
10
10
13
21
19
1
3
-10
10
-2
-9
25
-2
-21
-48
-26
-17
-12
13
38
11
-23
9
-10
-29
-50
-44
-33
-17
-20
-79
-93
-76
-48
-35
-22
-22
-9
2
-5
15
28
38
1
8
10
-12
21
4
6
22
31
62
59
49
58
68
50
43
43
14
17
-1
6
25
24
17
46
58
36
57
61
72
32
31
20
-27
-2
6
16
22
-7
-6
15
4
-1
9
19
3
6
16
3
6
7
-6
-37
-34
0
0
29
27
-6
22
12
18
28
6
29
24
6
26
29
12
-27
-39
-51
-41
-17
-27
0
13
8
-18
5
7
-42
-8
-1
-34
-37
-35
-58
-69
-47
-48
-54
-60
-34
-28
-50
-58
-77
-72
-90
-64
-48
-66
-87
-86
-69
-53
-32
-23
-2
-39
-42
-22
11
-3
-26
21
4
-38
-22
6
-24
-38
-3
23
27
40
53
86
101
94
92
80
68
28
37
32
24
60
63
48
45
59
36
26
53
46
52
95
78
36
38
15
6
19
38
41
46
51
44
39
25
46
30
38
42
12
18
8
-2
-9
-23
-24
1
3
12
-23
-12
13
-6
9
-25
11
-5
-3
-18
-42
-11
-64
-44
-53
-62
-37
-40
-46
-45
-42
-54
-28
-36
-35
-17
-29
-6
-3
-10
-16
-20
-21
-23
-32
-60
-49
-52
-63
-56
-37
-40
-63
-52
-34
-57
-42
-32
-49
-27
-32
-24
-34
-53
-33
-11
4
-21
-49
-63
-65
-47
-12
1
-35
-7
-11
-2
28
20
34
31
66
74
100
62
51
80
55
94
98
92
79
127
101
38
64
60
75
95
86
82
81
68
67
26
61
75
62
43
28
73
47
69
45
15
31
21
27
29
35
19
-1
-1
-22
-22
-12
-31
-31
-31
-14
-16
-34
-45
-66
-92
-95
-101
-93
-101
-110
-122
-135
-97
-96
-92
-95
-92
-88
-75
-81
-93
-43
-64
-66
-42
-21
-12
-13
-31
-31
-17
-18
38
13
-11
-25
-9
18
7
8
34
58
25
14
-3
18
53
35
43
75
66
64
71
54
51
34
10
4
23
9
3
-13
9
45
28
31
36
40
11
4
29
41
22
9
-6
-6
8
18
34
28
37
25
56
58
35
26
14
28
-24
-26
9
30
42
45
31
38
75
45
40
25
10
12
9
22
24
3
4
-1
-33
-20
-18
-35
-41
-16
-15
-18
-49
-50
-59
-72
-57
-108
-91
-100
-98
-88
-102
-82
-73
-59
-83
-73
-37
-45
-56
-35
8
-26
-57
-38
-39
-29
-30
-35
-34
-42
-50
-8
25
19
25
54
43
31
44
6
52
47
54
58
15
53
38
56
68
71
82
73
43
69
94
59
66
44
42
16
22
42
24
-3
13
38
26
57
32
50
75
58
36
30
17
-24
-25
-27
6
-7
-10
8
-5
0
-3
11
6
6
4
-20
-23
-10
-20
-37
-14
-18
-37
-9
24
-6
-26
-31
-34
-26
-69
-37
-44
-55
-40
-60
-50
-83
-91
-83
-79
-85
-57
-65
-74
-17
-10
-42
-76
-54
-38
-42
-16
-12
-14
-7
-12
-27
-16
-11
-6
12
14
-5
-3
15
0
35
48
57
63
38
35
39
61
69
79
68
44
38
36
47
56
49
76
97
97
89
65
75
57
47
47
51
19
-6
8
1
48
40
35
35
4
17
-9
-1
9
15
0
-22
-3
5
10
14
17
-16
1
-13
-5
-1
-38
-40
-58
-45
-48
-35
-51
-64
-73
-84
-87
-105
-87
-82
-80
-77
-64
-88
-102
-95
-105
-66
-60
-79
-17
-16
-34
-41
-46
19
8
19
56
41
35
57
57
22
18
19
-15
-5
24
20
25
12
13
17
34
21
24
49
54
55
54
71
32
38
54
48
57
61
67
19
8
43
48
6
-6
5
-4
38
26
0
3
3
4
33
46
8
7
28
48
16
23
18
10
12
-20
-39
-70
-31
-27
-6
41
23
-3
0
7
-19
-33
-51
-54
-23
-20
-25
-52
-75
-35
-21
-2
-22
-19
-27
-18
-15
-43
-3
-7
3
-7
15
1
-23
-13
-5
28
40
17
-31
-19
-41
-39
-6
-15
-25
1
-23
-39
-19
-47
-43
-46
-4
-39
-67
-61
-72
-45
-60
-16
-27
-25
-10
-6
24
34
37
55
87
79
97
63
47
80
47
79
91
61
57
45
60
35
38
36
26
67
53
9
-14
-16
-19
-29
-8
-6
-1
18
-23
-14
-22
-36
-23
-7
0
-8
-14
-57
-43
-34
-35
-16
-17
-4
14
-8
-3
3
10
29
22
59
54
51
45
46
54
46
56
53
39
35
40
19
1
-14
-9
-8
-16
-25
-17
-9
0
5
-35
-53
-75
-98
-88
-67
-88
-101
-94
-85
-63
-82
-85
-94
-101
-77
-92
-92
-100
-60
-38
-47
-29
-24
6
10
22
22
32
48
19
31
21
28
71
69
84
71
85
74
64
65
64
94
44
56
70
62
51
64
79
45
60
53
44
40
38
42
29
-10
-1
-2
-2
-7
-39
-1
6
37
50
26
40
44
31
7
10
23
1
10
24
-22
-19
-7
3
-11
6
5
-38
-35
-62
-73
-85
-84
-82
-76
-73
-66
-60
-56
-28
-35
-53
-58
-64
-84
-66
-70
-72
-60
-60
-56
-79
-53
-19
-24
-33
-25
-19
-19
-20
9
-4
-18
0
0
18
11
40
47
58
62
53
22
23
76
53
61
53
69
52
67
75
25
41
19
26
42
63
53
67
62
68
53
18
69
52
63
80
77
48
23
8
-4
3
23
42
1
-1
6
-3
-19
-28
-18
-21
-7
-17
-43
-40
-65
-68
-44
-44
-75
-87
-64
-68
-60
-29
-46
-98
-86
-76
-68
-50
-47
-40
-31
-53
-37
0
-35
-39
-24
-11
-34
-39
3
6
-6
8
29
24
3
14
21
19
21
25
18
35
82
53
36
29
54
72
72
87
44
53
63
47
32
26
32
28
31
29
37
40
42
22
14
30
-1
-5
27
13
-26
-31
-7
-27
-71
-61
-47
-50
-40
-27
-31
-41
-51
-64
-37
-30
-44
-16
-19
-52
-66
-46
-70
-84
-49
-27
-9
3
22
7
28
29
47
47
5
23
0
15
19
-5
11
-6
-3
4
1
0
-16
10
13
44
63
10
16
13
44
55
22
40
31
20
20
8
9
18
11
26
35
47
54
5
26
23
11
25
15
15
-6
5
13
16
10
21
53
29
29
28
3
41
31
2
-18
-69
-92
-90
-60
-41
-41
-63
-57
-50
-51
-49
-45
-20
-28
-38
-45
-46
-42
-51
-67
-25
-21
-48
-60
-51
-48
-76
-74
-73
-58
-57
-25
-16
-11
6
-14
-13
10
25
-22
-7
24
12
40
54
66
57
39
54
51
53
57
76
74
72
77
65
105
86
86
73
60
103
85
63
59
87
62
57
72
95
42
-10
39
30
48
21
-5
-13
-35
-33
-6
7
-20
-30
-34
-44
-47
-76
-110
-81
-100
-114
-106
-86
-73
-75
-63
-65
-92
-110
-74
-93
-82
-110
-95
-53
-89
-48
-44
-48
-22
-20
-13
-2
26
41
40
13
-6
30
47
51
73
75
91
101
65
92
100
69
82
90
91
76
58
51
31
42
97
58
44
76
67
42
19
3
-36
-8
-8
-30
-42
-53
-45
-76
-54
-42
-50
-41
-50
-79
-65
-44
-58
-42
-51
-54
-72
-47
-35
-49
-22
-28
-36
-47
-20
-4
-16
-8
16
11
-10
-8
-3
-13
2
6
16
47
38
44
28
26
50
64
34
28
42
30
58
39
61
54
19
56
70
52
28
19
6
21
8
-4
-12
-1
-1
-16
5
-13
-24
-37
-15
-16
-21
-12
-25
-22
-15
10
-4
-6
-5
0
0
-36
-16
-23
-47
-41
-42
-5
-1
-7
2
-9
6
1
4
11
8
42
18
-2
-5
4
28
39
46
28
13
-6
6
-18
-43
-73
-52
-32
-54
-5
-24
-25
-3
31
50
-7
-30
-13
-9
-4
9
13
-2
-34
-35
-37
-33
-18
-5
3
-2
-16
-44
-49
-38
-29
-10
14
-4
-5
3
22
53
19
45
57
77
98
72
76
46
50
48
44
32
32
12
-12
10
-14
-13
10
29
39
33
22
-10
-18
-12
-6
-7
-16
-13
-15
-22
-16
-32
-66
-41
-42
-55
-60
-81
-59
-69
-56
-36
-81
-79
-31
-53
-41
-10
-10
42
53
40
41
61
82
70
77
72
77
92
82
89
91
74
77
86
73
39
27
32
-2
20
36
-7
2
13
10
-16
-48
-37
-26
-13
-13
-30
-37
-47
-63
-93
-86
-75
-78
-73
-85
-90
-88
-93
-84
-64
-49
-38
-41
-19
-38
-47
-59
-63
-23
-5
8
0
-1
-25
-2
7
-11
6
-11
-18
-11
-3
32
29
7
36
27
41
31
24
43
26
32
47
64
67
64
55
60
22
0
47
55
65
69
57
69
63
80
78
70
54
28
47
29
71
75
37
47
38
76
44
10
17
2
13
21
40
26
1
-19
-37
-31
-64
-67
-38
-62
-70
-88
-89
-41
-62
-70
-63
-56
-71
-87
-67
-95
-80
-76
-92
-69
-61
-74
-100
-80
-47
-60
-71
-64
-79
-62
-66
-29
-2
-38
-11
9
12
16
31
27
65
77
63
87
28
39
26
53
98
28
53
44
38
47
47
48
20
45
47
52
48
50
70
43
57
44
7
49
47
27
9
22
35
9
2
-4
-4
-16
10
-10
-12
6
-31
-38
-5
-3
-14
6
-16
-6
-13
-1
25
0
-15
-32
-10
8
-4
-13
-26
-32
-37
-31
-9
-37
-34
-33
-29
-20
-34
4
4
-4
-3
16
4
-31
-10
11
-7
-10
10
-6
-16
-20
-15
-22
-32
-46
-40
-47
-34
12
12
4
23
16
16
28
29
17
-4
37
24
-15
-5
25
20
22
39
40
41
28
41
41
20
16
31
33
54
32
3
-28
-68
-72
-24
-26
-38
-16
-54
-26
-50
-61
-72
-50
-44
-59
-37
-48
-3
-21
-11
-4
9
27
-9
-15
19
26
6
5
-3
14
-14
-29
13
14
16
54
48
53
28
18
62
38
24
56
84
39
72
62
29
39
-5
2
5
6
0
7
10
0
18
41
33
8
15
4
8
22
12
1
4
-7
-6
4
5
15
-12
-35
-46
-15
-17
-44
-40
-61
-51
-59
-53
-64
-50
-27
-50
-55
-27
-36
-56
-32
-33
-15
-7
16
-28
-41
-23
-26
4
-22
-24
-23
0
-1
-16
-7
-13
4
40
12
7
18
10
31
21
48
43
25
19
16
10
13
40
64
66
5
20
26
-17
-22
-14
-4
3
12
17
40
25
3
19
20
5
2
15
38
41
16
12
22
31
25
0
2
-13
-31
-22
-12
-9
1
-1
-26
-16
7
20
-12
-30
-25
-48
-30
-36
-28
-17
2
13
-20
-2
-13
-14
-5
5
9
-6
-5
-11
-3
-2
-22
-42
-4
10
-1
-11
-5
30
55
23
-21
24
10
-7
-7
4
5
-12
0
35
30
-3
28
4
-5
1
-16
-45
-44
-26
-19
-15
-2
17
-24
3
-6
7
36
29
39
44
58
9
5
7
0
-3
27
33
9
23
31
13
9
0
-27
12
-13
-37
-41
-34
-31
-29
-7
-38
-50
-31
-23
-10
-16
-28
-24
3
44
0
-6
-16
-59
-61
-62
-23
-19
-35
-38
-39
-44
-19
-10
15
28
-1
-7
1
30
46
34
18
-1
-13
26
39
30
29
16
24
40
45
14
17
38
22
29
61
54
19
10
16
33
29
30
28
60
69
42
47
29
44
6
-18
5
-3
3
20
31
18
27
27
13
-1
-21
-29
-18
-24
-33
-47
-79
-73
-62
-66
-52
-47
-58
-17
-35
-35
9
-16
-4
-7
-9
0
-25
-41
-45
-51
-53
-25
-6
-9
4
-21
-31
10
-32
-13
2
-15
4
-13
12
-23
-10
-2
-9
18
-27
-7
-6
9
25
22
29
25
17
0
15
5
-10
-11
9
10
10
12
10
3
-9
-4
24
32
33
50
35
20
0
15
19
21
50
68
69
60
77
49
42
63
50
22
4
-18
-40
-36
-52
-29
-10
-13
-42
-35
28
13
-5
22
15
4
3
-18
-22
-43
-34
-35
-28
-28
-57
-55
-34
1
-28
-10
-31
-42
-12
-23
3
-26
-19
15
2
-2
-18
-10
-7
8
15
12
43
27
28
37
47
43
7
21
18
15
36
39
10
-38
-4
32
24
49
33
25
1
0
16
0
-2
-27
-35
-26
23
3
-3
-18
-36
-12
-30
0
-23
-44
-64
-54
-51
-66
-62
-58
-16
-22
-1
-16
-35
-26
-17
-25
-44
-37
-33
-9
-9
2
10
32
42
17
31
3
-13
17
23
3
-9
10
10
10
6
-3
-15
7
12
47
60
25
33
-3
45
54
57
56
13
32
48
38
1
33
41
21
17
41
33
5
13
16
30
39
43
-2
19
37
31
61
37
38
39
6
-16
-20
-28
4
-12
-25
8
-29
-35
-33
-38
-42
-52
-69
-83
-53
-52
-47
-28
-47
-66
-38
-9
-40
-38
-30
-27
-10
-34
-62
-52
-29
-41
-25
-17
-24
-10
3
-7
-14
-10
-8
16
27
31
-15
-8
11
14
9
-12
-4
-11
6
16
15
7
24
39
38
22
30
7
23
46
14
32
-5
2
3
17
23
18
41
17
34
33
25
14
12
10
21
37
31
23
16
25
21
53
23
3
21
6
6
-9
4
-22
-34
5
23
-3
9
15
-33
-36
-32
-38
-32
-26
-18
38
39
1
0
-16
-22
-13
-33
-21
-30
-51
-29
-44
-33
-22
-12
10
15
7
7
6
1
0
12
0
10
41
-11
-9
-2
26
15
-11
23
34
56
4
-7
13
10
7
0
-11
-37
-25
-37
-52
-51
-25
-5
-13
-4
3
-5
-23
-31
-29
-40
-29
-9
-28
-25
-14
-33
-43
-48
-32
-4
8
16
19
-8
-6
-7
5
46
31
9
0
29
45
25
25
45
38
42
29
-5
18
12
9
-14
-1
17
18
8
4
23
-4
2
-4
2
6
0
-15
-13
13
19
34
34
57
52
31
42
26
20
18
53
82
43
31
32
30
-15
3
10
-16
-5
-38
-12
-7
-20
-33
-38
-25
-16
-16
6
6
-6
-6
-40
-7
-14
-35
-34
-29
-62
-69
-51
-76
-58
-44
-49
-22
-33
-81
-68
-57
-50
-70
-44
-26
-34
-5
6
-15
-10
3
-12
9
4
-8
-11
7
-3
1
49
64
43
35
62
51
63
67
60
17
12
12
2
3
-14
31
48
64
54
80
79
53
35
9
11
-9
-3
16
20
-9
25
27
13
20
-6
4
31
25
20
-5
5
20
-21
10
9
15
30
0
-15
-32
-40
-25
-36
-42
-42
-31
-28
-32
-27
-28
-2
-9
-14
-33
-28
-12
-16
-22
-36
-28
-22
-39
-82
-66
-84
-72
-21
-31
-38
-19
-2
-21
-21
3
10
-1
22
41
35
41
49
27
46
50
50
55
38
57
25
14
16
25
32
48
47
29
31
4
26
16
1
28
0
6
-1
-37
-25
-5
-10
-16
-1
1
6
-15
-31
-33
-25
-16
7
-3
-44
-30
-24
-36
-51
-51
-31
-22
-17
6
-11
-25
5
-7
-16
18
28
18
-6
-7
18
20
-6
2
15
6
1
-25
5
-13
29
74
58
32
4
23
1
31
21
37
28
4
12
4
16
2
12
31
47
33
18
-26
-25
-15
-48
-28
-16
-17
-13
-1
-10
-10
16
19
28
41
26
-1
-34
-42
-44
-51
-42
-38
-40
-14
-6
-18
6
-5
-25
30
22
-18
-11
-35
-6
-16
-13
22
-5
-17
-25
-35
-33
-17
-22
-3
-7
9
-14
-28
4
-16
-1
5
-11
-13
7
-16
-36
-21
21
54
53
66
71
61
28
-3
3
48
74
37
22
35
17
30
38
24
42
48
54
36
-4
2
11
17
1
-10
0
-15
-4
10
3
-1
-12
-35
-9
-23
-30
-14
-24
-25
-13
-5
-41
-54
-40
-28
-24
-17
-9
0
-2
-1
-4
-8
-27
-18
11
-1
-29
-50
-33
-44
-15
-11
-33
-3
-32
-23
-20
-73
-26
-34
-64
-20
-28
-16
-25
-42
-11
3
-1
11
48
85
82
60
60
74
66
51
39
30
44
51
52
50
47
19
28
18
-16
14
5
6
9
-7
7
35
26
26
30
14
14
12
24
35
42
31
21
10
-10
-16
-18
-5
-38
-33
-18
-27
-20
-56
-67
-64
-76
-77
-75
-65
-55
-46
-38
-44
-15
6
-26
-46
-13
3
12
24
-15
-13
8
-10
-4
8
-14
-23
-8
-8
-19
-47
-38
-18
-17
19
50
41
39
43
63
90
101
85
56
63
43
23
27
26
8
1
24
10
7
-4
-10
-4
-17
0
-19
-20
-19
-23
-17
-9
42
33
13
16
6
16
22
-12
11
35
32
12
-39
-35
-21
-29
-33
-30
-26
2
-20
-47
-64
-68
-55
-50
-33
-22
-25
-28
-23
-40
-14
7
-9
-10
6
15
24
6
30
75
63
44
29
47
43
12
-7
-26
-34
3
-13
-3
22
10
21
3
37
19
-6
30
38
41
4
-9
-4
-26
-47
-13
-3
-10
21
9
0
15
19
10
16
-15
-28
-13
-20
-12
-5
22
22
-7
11
-3
-12
25
-16
-4
1
2
13
-15
19
-13
-8
-19
-29
-3
10
-6
-26
12
-13
-7
-25
-10
-10
-39
-18
-31
-16
-34
-25
-25
-53
-15
6
15
15
