-26
-42
-41
-26
-35
-49
-27
13
13
-18
-11
4
-7
12
9
0
17
13
20
27
23
14
11
38
50
31
24
25
15
37
18
-3
5
-12
0
7
4
15
-1
1
1
-3
-6
-25
-26
-21
-19
-34
-13
-2
-12
-9
-16
-6
0
16
6
25
27
15
32
13
19
7
6
10
20
26
17
14
6
25
12
9
16
25
29
6
10
22
11
-6
3
15
43
17
-7
19
7
27
20
-1
29
1
-12
-13
-25
-38
-32
-2
-54
-86
-54
-37
-46
-53
-33
-39
-35
-27
-44
-40
-19
0
-14
6
12
-4
5
13
33
38
32
31
38
32
35
25
9
23
15
26
16
5
19
16
29
32
7
-12
9
-2
-3
0
-1
-6
-34
-26
-21
-22
-16
-28
-49
-38
-40
-49
-34
-40
-23
-21
-47
-27
0
-8
-8
-5
-15
19
0
29
36
6
35
19
32
29
35
34
45
37
45
50
23
33
16
28
10
-12
-8
9
-1
-16
-6
-30
-16
-1
-16
6
-4
-27
-14
-21
-8
-15
-9
19
28
16
10
6
21
24
6
18
8
30
14
4
-2
9
31
6
13
0
-7
-32
-33
-9
8
0
-1
3
-9
9
1
4
10
5
-13
-21
-35
-35
-40
-41
-30
-39
-35
-46
-38
-53
-68
-38
-30
-50
-27
-34
-31
2
-9
0
21
41
28
51
42
50
43
35
79
43
51
51
36
26
44
28
0
3
-2
-8
-25
-23
-27
-19
-24
-13
-16
-17
3
9
-7
-13
-9
-2
-2
-20
-3
-5
4
4
11
7
1
6
3
31
34
6
12
29
26
-6
0
31
-8
3
17
31
21
11
19
0
0
-1
5
4
-12
-34
-11
-22
-32
-15
-22
-43
-31
-29
-35
-22
-43
-43
-40
-22
-3
-5
4
9
-8
-21
-43
-11
17
4
12
14
26
13
6
6
7
0
16
26
-3
23
38
15
10
7
16
6
16
38
22
19
7
5
38
22
1
19
4
13
4
3
14
-20
-10
0
-3
-6
3
-2
-8
-14
-13
-4
3
-11
-32
-17
-16
-9
-16
5
10
15
19
-3
8
-4
-1
-7
10
21
-15
-24
-13
-13
-39
-29
-21
-38
-60
-50
-24
-43
-25
-30
-22
4
-6
13
-7
-11
-15
-22
16
10
15
13
7
32
23
18
12
1
17
19
24
15
19
9
27
56
21
19
5
25
26
29
32
32
46
12
42
38
23
9
27
44
-9
24
-9
-19
9
-27
-10
-39
-42
-26
-53
-41
-45
-61
-49
-41
-35
-37
-35
-19
3
1
-8
3
-1
0
-10
3
11
-7
0
15
28
17
19
26
40
38
18
20
21
38
21
21
17
6
0
-23
-3
-7
-22
-2
6
-10
-35
-26
7
-9
-12
2
-5
0
4
0
-3
12
7
10
9
-10
-3
-17
-32
-18
-25
-29
-17
-27
-23
-31
-27
-1
-19
-18
-23
-33
-16
-28
-37
-9
13
-12
5
11
-9
17
31
25
9
27
13
4
23
11
32
28
38
47
22
11
-4
5
-1
5
1
2
19
-10
-10
2
9
0
4
24
-1
8
19
9
13
32
44
50
61
47
33
36
33
17
12
35
50
22
-1
22
23
22
1
-13
-13
-31
-42
-50
-35
-57
-51
-50
-69
-59
-44
-58
-60
-36
-51
-23
-43
-35
-40
-50
-36
-41
-9
-19
0
-8
-16
-3
-5
-9
-7
0
0
10
20
7
-14
10
27
23
23
-3
23
52
28
37
26
35
39
30
26
30
25
19
27
-6
19
20
-5
-12
-16
-8
-2
-9
-15
7
-19
-25
-12
-7
6
-26
-19
-30
-31
4
-12
-1
4
-8
1
17
20
25
14
11
63
65
55
49
59
45
34
73
55
22
28
16
8
6
-13
-1
-12
-36
-46
-49
-62
-53
-40
-44
-47
-44
-38
-25
-9
-40
-20
-19
-26
-14
-30
-37
-34
-11
-31
-23
12
-6
-6
-1
15
35
11
16
18
28
36
19
15
31
25
6
11
17
23
0
18
22
19
27
-9
-29
-15
-39
-47
-9
-9
-16
-12
-4
-24
-19
-30
-19
-1
-18
11
5
-10
-3
-19
-12
6
0
14
3
0
22
29
51
56
44
39
51
31
25
49
1
5
25
3
0
-2
29
15
3
13
-13
9
9
-19
-26
-31
-23
-33
-37
-30
-22
-52
-63
-49
-38
-35
-50
-10
-25
-26
-22
-34
-17
-34
-4
6
0
4
14
25
41
51
45
40
53
65
48
57
70
47
10
17
32
33
33
22
25
19
3
2
19
13
-15
-15
-7
-25
-34
-26
-28
-45
-51
-35
-33
-45
-64
-34
-22
-30
-14
-27
-1
-24
-29
-5
12
4
6
16
-21
-10
-8
8
11
19
33
14
-2
7
2
0
4
-3
6
4
19
19
1
-4
17
29
9
-7
18
25
11
3
8
5
9
-1
-4
-4
-11
-3
-11
8
-10
-39
-40
-29
-28
-16
-6
-5
12
13
12
23
28
7
9
29
8
3
22
12
10
15
13
-6
-3
-12
-28
-5
2
0
-16
-28
4
2
-18
-22
-10
18
10
25
14
7
-3
-13
-7
15
18
-4
21
10
14
10
0
2
1
6
9
-1
-31
-13
1
-1
0
2
19
10
3
3
5
6
3
13
9
-7
-14
-6
-8
-29
-17
-18
-32
-13
-19
-25
-28
-41
-19
-23
-15
-6
0
-16
-34
-11
-24
-14
-9
-1
-10
-5
-6
-10
8
8
4
8
19
16
35
3
32
37
21
28
6
16
23
53
18
29
40
27
49
43
46
23
22
16
13
19
-1
28
-1
-9
-1
-15
5
-24
-36
-45
-9
-11
-35
-19
-28
-25
-25
-22
-22
-16
-21
-10
-8
-10
-7
0
-5
-12
-8
-16
-5
-23
-13
-1
-9
-35
-40
-25
-38
-20
-36
-32
-18
6
6
-7
-5
4
5
19
30
-2
11
-5
21
22
30
36
36
50
36
28
22
42
-7
-9
19
17
9
1
-8
-18
-21
-16
-2
20
18
36
35
17
30
12
35
22
70
56
35
49
48
60
44
20
-24
11
-3
-2
-25
-25
-30
-36
-42
-65
-57
-70
-39
-63
-57
-42
-41
-44
-31
-15
-10
-21
-27
0
-16
-10
6
-6
-9
-4
-6
0
-19
-4
-17
-12
12
-18
6
-7
-10
-3
-12
14
25
44
49
13
16
35
21
13
26
25
16
6
3
9
0
-6
-1
-2
-7
-29
-38
19
-1
-15
-1
-19
-10
-6
-11
0
-1
-33
-1
6
3
-21
-39
-2
-2
16
30
31
36
44
28
39
26
35
55
50
54
40
38
45
37
6
11
26
26
8
-5
-1
-17
-36
-16
-19
-23
-11
-30
-38
-31
-24
-28
-14
-21
-43
-43
-35
-26
-24
-15
-2
-7
-19
-16
-10
0
-12
-10
11
1
16
21
17
-1
0
16
6
0
6
20
-2
8
14
-3
13
5
-16
1
-9
-17
6
7
17
4
-1
9
7
-5
2
-4
-8
-16
-35
-13
-13
-18
-13
-32
-34
-25
-57
-37
-9
-35
-40
-22
-10
-11
-10
5
9
20
38
26
32
13
44
50
42
64
34
63
52
47
65
53
54
53
48
54
40
2
12
-13
-1
28
-13
-9
-11
-18
-16
-24
-25
-29
-50
-65
-33
-53
-64
-31
-44
-36
-38
-27
-5
-13
-11
15
19
3
12
20
7
-5
24
20
12
20
18
10
-17
-6
6
-12
-2
-7
-2
-13
-29
6
4
-11
-21
9
26
2
-6
-17
-37
-16
4
0
0
-6
-11
-5
-1
-22
-3
-2
-14
4
-7
-3
-7
7
21
3
9
9
17
21
25
26
12
29
15
40
41
13
32
6
12
1
14
42
17
23
23
12
6
8
1
-3
-4
-13
-25
-30
-38
-35
-28
-22
-25
-37
-19
-34
-39
-47
-53
-22
-28
-38
-32
-7
-5
-32
-19
-6
-6
-1
13
27
21
30
47
18
3
13
26
31
32
51
22
22
15
3
9
14
19
-5
35
27
21
33
22
38
24
35
7
-15
21
17
-19
-31
-11
-22
-16
-4
-35
-39
-39
-47
-22
-16
-28
-41
-62
-35
-36
-32
-3
-9
-5
0
-4
-4
-6
-12
26
25
4
15
29
14
40
50
6
27
22
13
3
2
9
-18
-7
-4
-19
-16
-31
-31
-24
-38
-30
-25
-21
-25
-17
-11
-7
13
9
-5
13
28
13
19
21
38
32
31
47
44
53
41
51
48
28
33
38
61
61
51
51
23
-3
-15
5
-9
-33
-24
-32
-34
-38
-34
-45
-46
-48
-50
-33
-25
-42
-41
-14
-42
-44
-18
-19
-16
-8
-14
-7
6
5
24
26
-6
-15
5
22
9
-10
-4
-5
-26
-25
3
-19
-7
9
8
1
-21
0
-9
-17
-25
9
-9
0
19
1
26
4
-4
-16
-1
0
-4
5
19
34
18
22
8
5
10
-15
10
22
15
19
4
21
4
16
44
62
35
28
59
16
19
22
19
21
8
16
9
2
-14
-12
9
-12
-38
-37
0
-4
-39
-28
-31
-39
-31
-29
-33
-22
-22
-15
-9
3
8
9
12
14
38
20
6
23
26
19
32
12
-2
11
-1
-14
-13
-16
-32
-28
-16
-3
-26
-20
-32
-40
-22
-18
-4
-19
-10
-9
-1
-1
-4
-10
-21
-4
-3
-1
-13
-24
-5
0
-2
3
-3
9
-12
-4
-4
-17
0
0
11
23
32
20
34
11
2
32
32
49
22
9
38
25
37
29
13
28
16
26
28
25
1
-2
6
-7
-15
-24
-18
-21
-34
-33
-29
-31
-53
-34
0
-18
-38
-18
-14
-52
-13
9
4
16
8
16
20
24
17
2
-2
4
4
15
4
10
4
-16
-16
14
12
-4
25
6
7
3
9
9
-6
8
14
26
26
44
30
30
23
-18
-16
-12
-9
-31
-46
-20
-25
-50
-44
-41
-28
-19
-28
-35
-34
-22
-57
-16
2
-7
9
-8
29
39
52
44
38
47
65
59
45
48
39
41
32
35
0
9
15
13
-8
-15
-13
-12
-16
-58
-31
-31
-29
-17
-15
-38
-45
-40
-35
11
-6
-7
-11
-22
-20
-29
-12
-14
-19
-13
3
4
5
9
-3
-16
-3
17
14
10
13
9
-1
31
19
0
36
25
18
20
13
24
14
11
3
7
-2
6
7
-20
-14
-5
-10
-9
-21
-38
-3
-25
-29
-22
-31
-19
-10
-3
-13
10
3
22
15
3
22
28
37
40
28
38
38
26
56
39
15
12
22
16
12
-7
3
4
-5
-11
-19
9
-36
-25
-1
0
-10
-18
-22
-28
-14
-21
-3
-5
19
-10
-60
-28
-32
-40
-13
-39
-25
-8
-11
-1
-11
7
0
9
10
34
26
27
29
33
51
35
37
35
45
6
4
12
-13
-7
11
7
-20
-39
-28
-25
-31
-25
-21
-26
-40
-51
-69
-54
-62
-52
-41
-34
-13
-22
-22
-4
-15
-9
22
11
-4
-13
13
23
35
16
31
42
49
50
16
44
46
55
43
66
48
37
58
45
34
19
38
30
31
16
6
6
-13
-27
-24
-7
-12
-21
-22
-45
-33
-26
-46
-38
-35
-13
-30
-36
-2
-25
-16
8
-17
-6
0
-16
-9
-8
-7
6
10
7
-10
-12
13
4
1
9
23
17
10
36
23
15
23
17
25
18
15
10
-9
3
15
5
-3
-6
-3
4
-19
-36
-29
-31
-29
-6
-10
-22
-47
-30
-3
-36
-41
-37
-6
-7
-5
-9
-10
0
-18
8
16
2
9
4
29
52
18
43
33
28
28
3
10
-15
-1
3
9
34
6
-13
11
4
13
16
19
28
-9
9
13
-16
-35
-13
10
0
13
0
-12
-5
-29
-64
-34
-24
-38
-23
-34
-10
-29
-35
0
4
29
34
24
39
41
33
53
48
58
57
45
41
27
28
15
16
8
-9
-13
-17
-17
-22
-37
-19
-53
-64
-41
-60
-39
-52
-50
-25
-15
-17
-27
-12
-19
-21
-20
-11
-5
-18
-16
-18
-4
19
20
3
27
31
37
43
14
34
13
6
12
19
31
22
4
17
40
36
47
38
50
35
16
19
35
16
-2
0
-15
-7
-16
-6
-6
-28
-30
-38
-50
-19
-21
-54
-50
-33
-28
-24
-32
-32
-19
-14
0
-31
-19
-6
-1
-1
0
7
9
17
12
13
28
38
6
3
22
48
28
25
33
19
40
19
32
28
-1
13
8
20
13
6
-6
-3
1
-27
-25
-34
-32
-39
-70
-51
-23
-27
-30
-32
0
0
-11
-12
-9
-14
-5
18
2
11
10
33
20
19
17
18
3
7
18
-1
6
-20
11
1
-9
-25
-12
-19
4
28
18
52
17
15
16
-2
12
30
1
17
-5
-11
-10
-15
9
-7
12
-7
-3
-12
-7
-5
-20
-12
-18
-18
-36
-29
-29
-42
-21
8
21
29
29
7
-6
3
0
14
8
7
3
3
32
8
19
36
27
10
-4
3
-12
-22
-1
-4
-40
-34
-10
0
-12
-22
-2
-5
-9
7
-1
0
4
8
22
24
54
42
3
24
20
15
15
24
25
2
16
17
1
-8
-13
-28
-15
-9
-29
-34
5
-28
-33
23
-8
-19
-16
-1
3
6
-15
-6
-4
-23
7
-12
2
0
-5
9
-6
-2
-8
-3
0
-9
-12
-26
-23
-3
-12
-23
-20
-15
1
2
-6
-20
-18
3
-6
8
25
-3
1
13
14
-3
10
22
9
3
1
16
18
16
-4
23
25
24
15
-9
18
-3
-10
-12
12
7
-9
0
-24
-27
-19
-16
-20
-9
-4
5
12
12
23
-2
13
27
13
34
21
41
32
32
44
23
52
50
41
51
50
32
46
31
20
3
-9
26
15
3
-6
-18
-51
-37
-28
-35
-58
-73
-56
-55
-48
-62
-32
-43
-58
-51
-57
-61
-47
-22
-52
-56
-28
-19
-22
-8
-15
-19
-13
-13
-17
-8
4
14
38
39
41
51
29
6
26
43
25
31
42
45
22
10
32
20
12
15
23
-2
-15
-3
-1
-2
-19
-25
3
5
-10
6
-11
-14
-13
0
-4
0
10
14
13
-4
21
26
48
47
26
27
33
47
40
32
43
25
6
9
16
7
-12
-7
-28
-8
-15
-44
-31
-48
-50
-68
-58
-53
-63
-49
-47
-38
-57
-44
3
-10
-19
8
6
12
22
19
38
28
33
39
53
60
42
39
22
29
23
14
40
43
15
0
28
25
-19
-8
-4
2
0
-23
0
0
-1
3
3
-10
-13
-36
-34
-2
-37
-42
-28
-43
-50
-53
-64
-55
-47
-64
-63
-24
-5
9
0
-8
-1
6
11
14
35
19
26
24
47
41
29
47
19
19
-10
9
31
12
-2
6
6
6
19
2
4
-23
16
12
-9
21
7
16
1
7
-6
2
-2
1
3
-20
11
-6
-10
-26
-21
-3
-10
10
-7
-19
-5
10
10
8
33
35
28
21
19
23
26
29
9
11
14
12
13
-1
7
-6
-23
-17
-19
-32
-14
4
-28
-30
-21
-12
-8
-6
6
-25
-32
-16
-16
-13
-22
-5
-7
-16
-16
-44
-26
-3
-13
-26
-4
-6
-12
11
-6
4
20
42
31
14
3
-1
26
18
9
-12
2
6
23
32
-9
4
17
18
7
5
1
-3
-2
-8
10
-4
-6
3
-1
0
-20
-22
-13
-9
-25
-2
6
6
-3
-18
7
-15
-10
-7
2
-10
-10
-11
-17
3
-7
38
11
5
38
34
32
20
26
12
8
29
37
52
43
35
40
8
26
7
2
-5
-21
-4
-15
-29
-41
-4
-48
-44
-36
-40
-31
-82
-46
-20
-42
-54
-29
-52
-19
-9
-28
9
15
25
12
17
9
22
26
33
32
43
49
31
31
23
46
22
19
19
33
29
17
22
12
12
-7
13
17
0
-2
-19
-15
-10
-40
-28
-15
-30
-35
-29
-29
-45
-34
-25
-14
-37
-25
-28
-30
-2
-7
-3
-12
-1
-19
-12
-7
-9
5
-3
-1
0
6
16
7
-2
18
25
40
31
19
16
-7
12
-2
-22
12
17
9
7
23
18
0
28
-9
2
-8
-27
0
-12
0
-6
10
5
19
19
-9
16
19
13
28
41
45
31
1
21
31
45
44
30
41
10
9
23
-2
-6
0
8
6
-32
-22
-6
-14
-18
-17
-22
-37
-22
-18
-45
-49
-28
-41
-43
-40
-39
-45
-32
-38
-60
-32
-24
-35
-14
-16
-54
-19
-13
-4
8
1
6
-20
16
21
6
8
28
35
24
31
23
21
14
12
16
28
23
21
26
12
15
6
12
25
5
-17
-28
-14
6
21
-8
-38
-19
4
-4
-13
15
15
16
6
-2
12
13
0
6
27
22
34
27
18
21
25
33
28
19
24
53
45
16
22
13
10
9
18
13
-8
0
-23
-12
-8
-13
-41
-53
-60
-60
-46
-66
-45
-50
-56
-47
-23
-28
-41
-33
-25
-12
-13
-6
-13
-14
-7
-5
2
5
16
31
24
18
24
27
31
36
16
10
38
43
42
31
12
6
11
18
4
7
15
15
-13
-6
20
-22
-35
-39
-42
-48
-29
-22
-24
-25
-27
-19
-26
-20
-40
-15
0
8
-1
-9
-8
-8
6
-9
18
12
12
26
30
27
30
33
13
15
0
53
77
47
43
44
64
39
32
17
29
38
8
37
7
6
4
-19
-1
-7
-1
-20
-21
-15
-38
-31
-31
-55
-40
-52
-40
-17
-57
-57
-41
-32
-33
-40
-37
-23
-11
-16
-7
7
2
3
14
35
29
10
27
26
3
7
21
16
21
21
31
34
22
20
1
-4
-9
-28
-34
-25
-26
-24
-7
-42
-25
-2
-15
4
-21
-12
-17
-1
9
-8
-10
-25
0
7
19
22
17
24
26
20
28
42
46
23
4
38
27
10
21
23
26
26
23
-9
13
17
-3
18
1
-1
-12
-22
-10
-31
-22
2
-28
-12
3
-16
-17
-33
-30
-29
-25
-18
-17
-11
12
-25
-28
21
3
16
-3
-2
25
22
19
20
44
31
16
27
47
41
6
4
3
-2
28
-2
-19
-12
-33
-22
-23
-23
-39
-49
-32
-25
-40
-41
-34
-47
-32
-32
-28
-32
-42
-41
-38
-29
-13
3
-10
1
-3
0
3
16
43
22
6
27
34
38
45
38
35
39
30
37
53
37
52
48
34
36
19
19
52
37
4
19
-7
-9
-10
-6
-5
-19
4
-19
-39
-12
-1
-28
-29
-10
-40
-25
-9
-31
-20
-54
-30
-13
-23
-10
-8
15
10
16
17
25
12
18
32
24
34
41
16
20
27
1
1
-10
11
-11
-13
-6
-17
-7
-9
0
-9
-21
-9
-22
-48
-48
-41
-32
-57
-51
-42
-15
2
-16
-4
-29
-36
9
15
-3
3
-1
-3
-3
13
13
0
38
39
14
24
31
33
9
22
34
32
27
27
34
1
25
31
30
26
36
37
9
15
9
19
-6
-20
-15
-16
-32
-43
-31
-38
-44
-54
-41
-31
-27
-6
-26
-40
-13
-25
-4
13
-1
12
-6
12
25
20
23
18
38
29
14
19
15
13
10
22
25
27
21
6
-3
-6
7
19
6
-3
17
21
7
-33
-23
-13
-51
-41
-22
-26
-47
-31
-15
-45
-50
-41
-53
-28
-12
-21
-2
-23
-1
-4
13
32
48
49
13
46
32
45
12
7
48
26
16
10
28
22
-2
11
22
-10
5
8
-13
-16
-8
22
9
7
30
6
-15
-6
-20
-29
-4
2
-8
-13
-8
6
1
4
-6
-16
-16
-19
-6
3
10
-5
-1
-11
-5
7
-13
-4
6
9
2
1
-13
13
28
0
5
9
1
12
28
22
9
7
5
-24
-41
-44
-25
-35
-32
-26
-30
-23
-51
-56
-43
-26
-34
-28
-28
-7
-28
-21
3
-27
29
7
-3
25
37
23
22
42
52
56
47
68
54
51
48
54
15
23
28
-2
22
18
34
10
-1
9
16
10
3
4
-3
-8
-19
4
-22
-32
-16
-39
-20
-1
-3
-17
-26
-5
-6
-12
-10
-10
4
3
2
6
28
9
0
37
15
19
9
-6
4
7
5
15
6
-24
-10
-9
-2
-9
-20
-8
-18
-29
-41
-34
-35
-38
-29
-20
-38
-47
-29
-42
-24
-25
-42
-37
-39
-24
-9
-24
-18
-16
-15
2
0
2
-4
6
16
1
6
15
33
73
41
5
34
53
51
49
42
64
56
24
45
59
70
37
27
19
12
18
15
15
15
16
-2
6
-3
-15
-12
-29
-25
-9
-26
-13
-32
-27
-9
-22
-12
-5
-15
-12
-1
-8
16
0
10
-4
-6
-13
-38
-9
22
57
32
22
16
6
9
34
36
2
-10
9
10
-29
-6
-12
-28
-25
-28
-3
-9
-32
-52
-49
-20
-2
-33
-51
-36
-31
-54
-34
-25
-25
11
-16
-2
6
4
3
-26
-33
-70
-37
14
-6
-2
15
36
28
34
53
42
42
23
43
63
48
27
15
36
48
47
26
22
35
31
35
47
46
-16
-46
-11
-32
-82
-32
9
-47
-80
-63
-27
-15
-4
-5
-31
-46
-48
-43
-6
-16
-54
-28
20
52
22
-3
30
80
57
61
73
16
-12
8
-6
-51
-8
50
28
-35
10
52
28
60
60
47
40
53
39
-41
-26
4
-24
28
57
19
-9
35
25
-12
34
10
-35
-79
-31
-28
-88
-20
21
-37
-59
11
4
-86
-71
29
-39
-99
-48
-45
-112
-63
12
-72
-63
16
42
-9
-30
19
-5
-9
5
-3
6
39
72
-23
0
75
20
-1
41
108
38
-7
52
56
10
-3
-10
-54
-17
27
-55
-115
-55
-9
-67
-91
-24
8
25
22
-21
-7
97
108
34
50
89
69
0
-28
16
88
109
48
-4
47
124
42
-62
-35
24
19
-3
24
-50
-120
-62
-6
-13
-82
7
-12
-100
-32
13
54
1
21
-40
-69
79
125
73
-75
-32
111
101
82
-51
-144
-99
34
146
-26
-42
85
38
-122
-81
209
118
-66
-128
-90
78
51
-9
-233
-265
-11
23
-2
-91
52
15
-163
-91
-69
117
67
-82
-200
-166
133
31
-45
-67
-57
49
29
108
0
111
105
-200
-184
49
337
48
-128
40
-107
66
346
324
-92
-242
239
185
84
88
13
-58
-92
337
156
92
244
-73
-238
-48
575
226
-302
-262
-535
-301
195
302
-588
-901
162
27
-550
-439
63
-29
-479
141
149
-7
354
286
-78
-145
766
852
232
213
210
316
306
568
398
-225
-48
94
168
78
-146
-451
-704
-332
-316
-412
-179
-89
-318
-657
-407
-397
-541
-109
24
-207
-214
304
252
-387
-367
83
370
297
435
591
366
-19
-237
129
451
227
-5
137
334
59
-139
19
71
22
3
47
-50
9
174
146
60
88
317
294
303
505
539
498
505
656
458
168
296
486
655
593
351
-63
-446
-326
-107
9
-73
-389
-723
-1032
-1269
-1305
-825
-495
-847
-1180
-1072
-908
-1238
-1257
-712
-365
-205
-250
-255
-389
-522
-202
133
433
499
281
-145
-537
-445
-423
-233
139
170
-130
-389
-57
-94
-199
539
1537
2030
1339
419
222
1284
2903
2886
1782
1492
2375
2871
1981
1095
897
1398
1783
888
-441
-733
286
11
-2384
-3063
-1012
-24
-2240
-4084
-2767
-1262
-1708
-2326
-1853
-1645
-2140
-1691
-777
-467
356
1688
1746
37
-315
1877
2809
1608
1208
2626
2882
910
328
1144
1085
491
442
739
-119
-615
-444
-1338
-2124
-1610
-277
-1030
-2546
-1900
-1168
-1928
-2980
-1228
564
-1004
-2344
-990
752
-718
-1977
250
1785
475
-1013
500
1913
647
319
1381
1758
506
270
1581
988
-265
-377
309
-60
-990
-569
-485
-797
-1250
-1033
-250
-490
-517
-663
-423
290
868
1796
1455
1160
1607
2146
2268
1986
3088
3589
2909
2007
1569
1755
1167
1555
2169
1423
125
-709
-64
-794
-2411
-2083
-623
-81
-2109
-3438
-2742
-2054
-2380
-3160
-1755
-210
-461
-1407
-1532
-538
-861
-823
925
2528
2411
548
124
985
1173
745
950
2086
1318
-491
-688
1
-529
-1844
-1209
-195
-1057
-2216
-1856
-1205
-2372
-3125
-1700
-350
-950
-2337
-1936
-1048
-1439
-1483
130
1638
565
-995
-452
915
888
487
1741
2717
1635
139
552
1698
1438
1078
1723
1999
746
-358
44
334
-562
-956
-142
148
-1007
-1968
-1085
-759
-1440
-917
842
1590
112
-585
366
1968
2858
2355
1921
2110
3630
4382
2970
1954
2166
3817
4290
2665
1096
-111
707
1051
708
471
-158
-117
-2381
-4060
-3651
-2134
-873
-2682
-3720
-3969
-3648
-3187
-3828
-2888
-2621
-1715
-373
-455
-177
-881
468
1059
518
2054
2545
2407
746
1348
2835
1499
792
413
1343
619
-1086
-1198
-1981
-861
-639
-1787
-2680
-3403
-2158
-2656
-2464
-1607
-1741
-1809
-2809
-2053
-1908
-1039
131
-680
-480
-363
494
379
280
2050
2569
2384
1035
1043
2352
2237
1811
1164
2547
3019
1691
1003
287
732
476
1193
1469
-82
-478
-1142
-1148
-1907
-1644
-362
-1187
-1389
-1049
284
-38
-1065
252
1309
2537
1901
1431
1709
1459
3852
5809
6445
4271
1647
3271
5040
5111
2539
1171
1775
1688
2343
894
-840
-2132
-2612
-3296
-6102
-4687
-1903
-2747
-6595
-8611
-5561
-4514
-5516
-5770
-5093
-3974
-3499
-1015
120
-711
-775
414
2045
1554
3132
5578
5211
2821
1686
4618
4986
2216
1216
2751
3753
1059
-605
-498
-1444
-2336
-2387
-1823
-2452
-2111
-2180
-5095
-6213
-3989
-1331
-3080
-4419
-1828
-923
-2295
-2916
-315
693
-1329
-1108
1950
3932
2102
901
1946
1775
1000
1718
4063
4191
2325
2204
1723
392
-307
1274
2131
-313
-1907
-1182
-154
-1635
-2507
-875
192
-171
-759
555
1387
1166
1695
912
-50
1322
6469
9705
5559
1126
1970
6282
6901
4502
3431
2672
3225
4160
4722
1596
-2487
-1224
-671
-3483
-5263
-1967
1287
-4830
-11177
-9574
-4154
-2848
-6756
-7667
-7141
-5929
-4969
-4452
-2435
-1187
969
-367
-3100
-707
3960
6465
3236
1504
3691
3808
3383
3545
4824
3503
890
2212
2312
1485
709
-246
-2452
-5399
-2015
1492
-889
-4795
-4651
-2507
-5403
-6745
-2170
1529
-1184
-5712
-3374
-253
-1604
-2896
-714
3145
1771
-673
772
2127
1686
536
2204
4060
3192
2425
2189
1623
496
1567
3750
3199
1563
357
1301
1555
-122
492
1318
1199
-1129
-3868
-2532
-120
307
-1644
-2753
-1442
-656
-1610
-1868
303
1888
2395
2567
1320
-377
-999
2385
8268
9807
7543
3585
1925
4862
7036
7459
5335
3486
4176
3856
2142
123
-639
-188
-1759
-4865
-5140
-3359
-4026
-8019
-10656
-9460
-6646
-6242
-7150
-8458
-10591
-9141
-6402
-4297
-3118
-1899
471
-1181
-4847
-3243
3138
6918
5133
3719
5279
5250
2553
2101
5478
6877
6102
5861
4991
2743
-611
-1530
-1174
-1445
49
1827
202
-4552
-7522
-6695
-5058
-4044
-2832
-1146
-1867
-4508
-5256
-3891
-1134
-585
-271
1985
3000
2360
878
1675
3529
3943
3933
5049
6643
6256
4021
2350
2877
3873
3602
3068
3053
1947
110
-1013
-793
-1170
-3113
-3877
-3905
-4939
-5548
-4132
-3271
-4401
-5378
-3333
-1535
-2261
-928
2487
4022
371
-2599
812
7940
12652
10415
5864
4374
7947
11479
9008
4731
3059
5299
8233
7122
4048
-808
-3763
-4094
-6278
-6223
-4233
-1863
-5323
-14392
-16865
-12047
-6086
-6977
-11485
-12247
-10424
-7765
-8086
-6848
-2437
360
38
-4271
-2109
5666
9004
6795
2848
6138
10367
8972
6084
4945
7461
8545
7641
6225
4680
4962
2658
-1821
-4641
-1726
4106
1965
-4177
-7453
-6715
-6783
-9559
-6564
-420
590
-5043
-9016
-6245
-4030
-4058
-1866
3350
5162
1427
-484
295
1366
2409
4618
7605
7092
5246
4536
3330
1410
836
4042
7173
5825
1978
-483
-1061
-1817
-1689
13
1554
-22
-4581
-7038
-6751
-5238
-4768
-5655
-5004
-3544
-2911
-4213
-5824
-4144
276
3877
4391
1453
-2311
-1912
5630
15095
17127
9304
1423
4000
11866
15115
10209
4216
4565
7080
7207
3840
538
922
268
-4631
-9188
-7385
-1679
-3199
-12206
-17798
-13708
-6363
-5524
-11103
-16390
-14648
-9843
-8269
-8585
-5221
2299
1997
-7002
-10318
-1094
11477
11879
5403
5372
9485
10437
5600
3617
8017
12784
13603
8974
4653
3998
3978
331
-3985
-242
6733
5350
-4470
-10491
-7479
-6376
-8630
-6747
-1081
32
-6477
-10360
-8642
-5746
-3531
-1880
780
1990
1197
-595
-2221
-588
3127
6113
6026
5133
5999
5724
3548
1969
3437
5257
4588
3759
3040
1411
386
419
-288
-2429
-2603
-1022
-2705
-6722
-5851
-1230
-2131
-8417
-10434
-4916
-2828
-5458
-3824
2194
3199
-3953
-6188
980
7599
6280
1993
3136
8805
13089
12720
7561
2903
5272
14503
19837
12675
1718
-2765
2279
7108
5532
3059
2495
1955
-6041
-15715
-14762
-5277
-158
-6913
-14649
-13547
-9948
-11058
-16626
-17527
-11030
-4893
-3474
-6581
-7260
-4413
-2759
-4398
-4053
3813
12437
12869
5285
364
4124
10096
11844
9894
9606
13184
12470
5195
-685
2828
10734
8724
173
-2232
1292
-592
-7724
-7709
-815
-686
-8340
-11127
-6874
-5151
-7853
-7217
-3059
-3007
-6867
-6345
-3198
-2000
-1220
1646
3925
862
-363
3559
5418
2846
2142
7387
10306
5690
974
1477
3445
2728
2494
4776
5808
3133
-2276
-6157
-5802
-1697
1281
-1142
-4114
-4352
-5383
-9498
-11921
-6726
-980
-1407
-3745
-2589
63
-2445
-4907
-739
6456
8784
5313
3280
5374
9799
12791
11589
7671
7520
14298
19899
15075
3356
-3222
1990
10461
12083
6210
30
-1193
-5932
-13775
-15545
-6251
2729
-3835
-16455
-20859
-15544
-11830
-14254
-15199
-12394
-8328
-7465
-8966
-8587
-6093
-2035
-1828
-3109
627
7840
13188
9090
2963
3662
9983
15451
12832
8911
9542
11979
10387
3651
2867
8454
8645
224
-6252
-1459
1610
-4683
-8845
-5049
-2983
-10777
-14530
-7806
-3866
-7530
-8994
-3731
-3082
-8946
-8436
-1481
1197
-516
1649
5477
2419
-1878
1929
8535
7479
3727
6597
10260
6884
696
1532
5775
5306
3246
4047
5248
2565
-1976
-4577
-3932
-1281
1370
877
-2602
-4744
-5889
-7580
-8239
-5274
-1616
-2710
-5264
-3698
-1099
-1363
-3281
-2464
718
2836
5710
6912
3786
-1103
1059
11325
16463
11252
4664
7617
14482
13602
6213
388
1998
8965
12419
7758
-1413
-4322
-1910
-5056
-10659
-9340
-388
-546
-12392
-19925
-16625
-9378
-9508
-12921
-14742
-13452
-7915
-5795
-9251
-11879
-5602
3123
-676
-6752
220
12912
12319
36
-466
11231
17370
11935
6750
9669
11941
10286
7259
5636
7518
9156
6751
-1365
-6698
-1478
3091
-1004
-8210
-8057
-4744
-9459
-13630
-9116
-2573
-4066
-9584
-8182
-4800
-6013
-6892
-3701
324
1522
2321
3253
1733
689
2582
4677
5122
8060
11763
9322
2109
-1270
2964
6185
6373
7592
6803
1622
-4509
-4756
-1017
120
722
1673
-2473
-8758
-8925
-4179
-3981
-8842
-6461
171
-2868
-10926
-8784
1552
3042
-4596
-3462
5808
7974
3444
2239
4906
2912
3971
15980
23436
13314
-136
4182
16929
17306
6484
2037
6964
9193
6054
682
-2564
-1236
-1730
-6377
-12210
-11484
-4517
-6650
-15945
-20200
-14194
-7997
-11119
-16078
-17474
-13319
-8093
-5981
-5916
-5188
-229
1213
-5241
-7038
3984
16751
14349
4401
4196
10432
11005
6105
8484
15403
15181
8312
2164
2197
5127
6040
3520
-1084
-2430
-30
-1240
-6701
-9437
-7078
-6194
-9216
-9161
-4459
-3070
-7670
-10347
-7392
-3905
-4097
-3519
-260
2381
2700
1218
-39
-6
3938
7894
7032
5133
7394
10333
5926
-729
764
7722
10201
6450
3193
2574
-62
-3156
-2610
737
2927
1392
-2990
-7779
-7902
-3760
-1917
-5850
-8288
-4033
-1977
-7517
-11907
-7008
-155
-985
-3769
-206
3243
469
-1684
4125
10452
8023
2883
4710
12437
16537
13835
8836
7149
10602
15634
14307
4988
-2610
505
9301
9907
885
-5078
-3259
-5650
-14181
-17207
-7972
621
-5896
-17567
-20438
-14893
-11663
-13633
-14473
-10538
-4701
-3193
-7059
-10055
-7242
-677
1534
201
4262
10135
10105
3557
313
5686
12700
15588
13457
8597
4498
4548
6264
4784
4111
8866
9755
-438
-11003
-6641
3299
813
-7348
-7503
-3450
-7120
-11152
-6142
-1298
-5209
-10022
-5857
-924
-2986
-4086
-319
1261
-1865
-1223
5756
7692
2962
1397
5490
6458
3200
4497
9167
9334
4061
1904
3700
3727
2011
988
1613
1562
887
255
-2498
-4960
-5643
-5675
-4825
-2936
26
-1900
-7833
-10457
-8377
-6381
-6332
-2960
1471
1716
-2641
-4437
-1526
106
1301
6538
13141
12089
3372
-2400
3057
14090
18754
14689
9835
9806
12482
10315
2999
-1543
1450
9721
12416
5083
-5917
-8692
-7112
-10685
-13367
-8646
704
-1345
-14977
-23166
-20221
-12722
-8995
-8682
-8852
-7828
-6491
-9561
-13123
-9569
1587
8471
1653
-3332
2615
7834
3639
-352
7196
15067
13117
7513
6295
6681
5596
8034
9261
5287
4448
8377
6802
-5335
-9888
1364
6753
-2496
-9006
-2189
-782
-11975
-14870
-4018
3070
-3716
-8642
-3488
-2235
-6231
-5783
191
3029
1805
4550
5601
946
-1916
2661
7252
4684
5026
10034
9654
1713
-3298
1136
5516
5354
4529
2617
-688
-3300
-2015
-936
-2859
-2047
-906
-3654
-7513
-4845
1050
-1813
-8883
-8250
-2715
-2813
-6104
-3175
1526
-2315
-8141
-4627
3303
4265
942
2924
6676
5402
2584
4450
6999
5972
8800
16442
17311
6612
-1360
5103
14541
12338
2991
-622
3334
6454
3362
-2745
-6216
-4121
-3204
-6859
-9852
-7804
-5361
-11036
-17367
-15631
-8740
-5749
-8061
-10998
-13452
-12739
-8088
-3968
-4229
-4446
934
3780
-2638
-7024
-383
9426
8798
3837
7515
14244
12125
2821
510
6835
13004
13568
9180
5716
4180
2249
-906
-2996
1992
7552
4046
-4414
-8524
-6998
-7772
-8049
-2966
1572
-1425
-7505
-7510
-5598
-6711
-6257
-1547
2421
1402
377
888
-1242
-2413
1240
6208
5039
2265
5077
7311
3770
-167
3222
6904
4116
814
1982
3683
1288
-738
-183
-824
-2230
-2026
-2312
-4829
-4713
138
466
-6249
-9543
-4740
-1456
-5271
-6155
-1245
-147
-6025
-7847
-909
3635
1802
-10
3046
6052
5782
5829
5166
2446
3423
12163
19560
16108
5441
1560
7232
11964
9598
4476
3153
5469
6458
1516
-5744
-7032
-1629
-945
-7279
-12523
-8989
-4596
-10476
-17024
-16303
-8881
-4810
-8518
-13893
-15084
-10038
-6767
-8144
-7483
266
7309
-313
-11414
-6942
6687
12600
6927
6570
13288
11729
2871
-39
8847
16210
15257
10483
5538
4212
4186
3712
923
-1496
3536
6436
-388
-8253
-7877
-3559
-6681
-9806
-4915
172
-4067
-11123
-9677
-6037
-5681
-5680
-2920
655
1115
6
-2302
-4569
-1000
6247
8522
3769
1712
5280
6021
3156
2762
8162
9327
3760
247
464
2053
2459
2888
1239
-2511
-2967
-1654
-3574
-6673
-3662
1969
-1343
-8127
-6885
-1894
-4203
-10213
-6425
2173
1619
-5500
-6420
-1805
-1201
-1711
3449
8969
7731
3940
5305
6399
1132
-431
10330
24260
23554
9101
-1704
446
9010
13683
12489
8462
4201
776
-1513
-3535
-3839
-981
610
-4106
-11265
-13924
-11000
-9953
-13274
-14788
-12577
-8629
-8023
-12254
-18469
-19157
-11449
-4171
-2796
-2816
1212
1909
-6876
-10588
587
13503
14774
10197
11073
10972
4522
1259
7737
15298
15950
14756
10610
1997
-2573
2195
7141
1311
-3230
3406
4739
-7397
-15111
-6338
269
-8197
-13404
-5025
275
-8145
-13244
-6019
-2065
-6502
-7505
-349
4169
2040
1460
1994
435
1112
7452
10485
5422
3244
7602
9426
4341
2266
6907
6709
365
-1820
1845
3758
1027
-1635
-3657
-5964
-5274
-2456
-3019
-5969
-3799
438
-3190
-9982
-7761
69
-44
-6538
-5113
2413
2386
-4376
-6322
-1706
1974
4390
8110
8929
4397
1192
4235
6709
5008
6220
13006
18364
14871
5678
-632
691
9211
16522
13636
2077
-5684
-2835
1312
-642
-4592
-3165
-121
-5853
-14756
-16505
-10642
-7109
-11722
-15472
-13387
-8932
-8661
-13037
-16488
-15452
-8745
-2653
-953
-385
791
549
-4546
-5694
4077
15072
16681
9983
6423
6729
6110
6257
9122
13435
13484
9986
4894
-816
-407
4731
5451
-1555
-5748
-223
1255
-7120
-11675
-5245
-1912
-9311
-11919
-3958
-21
-6654
-10035
-3577
-406
-4551
-4494
2644
6146
2535
1280
3888
4705
3946
6391
9211
6483
3947
5307
7175
5752
3653
3843
1574
-1146
-344
1415
464
-2682
-3185
-3501
-5807
-6217
-4330
-3481
-4986
-3513
-586
-2403
-6152
-5540
-1306
-1373
-3465
-134
3813
1633
-4155
-4621
-129
2361
4505
8211
9484
4245
-957
1834
7323
7840
5608
6899
12062
13794
8718
939
-2966
2450
11759
14499
6359
-3902
-6665
-3388
-1573
-3732
-3493
47
-1118
-9704
-17792
-16588
-8580
-5870
-9314
-11972
-10034
-7147
-9317
-14031
-15208
-9398
-2106
832
245
171
1654
-253
-3949
-1281
7139
13843
13700
9980
6766
3880
3707
6183
9321
10228
10603
10512
4009
-2777
-2047
3196
3081
-2966
-2259
1868
-2132
-10131
-9186
-2005
-3234
-8734
-7147
-1418
-2760
-7739
-4088
1198
-1097
-4763
-1204
5362
4595
1991
4472
6657
4210
1777
4429
5871
4441
4880
6525
5543
1413
-176
-390
-1827
-854
1742
1612
-2716
-5639
-4354
-4630
-6313
-4963
-2072
-2285
-3559
-1546
-1001
-5091
-6539
-1047
2298
-1863
-3448
2843
5748
-1201
-6428
-1293
4930
3761
3329
8743
9771
1894
-2416
3445
8079
5080
4448
11993
16044
8042
-1967
-2352
4040
9639
10261
6002
-260
-4738
-3301
-1159
-3674
-5641
-2445
-669
-6170
-13724
-15092
-10372
-7978
-8589
-9495
-9917
-8471
-7557
-11227
-15870
-11896
-709
4036
-1574
-4201
2105
4370
-2428
-2408
8424
15119
10946
6637
9006
8598
3730
3825
9115
10378
8038
8050
5905
-1042
-4681
-188
3673
-1198
-4491
-435
-1022
-7967
-9891
-4062
-2414
-7142
-6298
-629
-1422
-6485
-3498
2366
-541
-4593
510
7152
4635
194
3416
6944
4354
2545
4685
3669
334
2581
6289
3934
-752
168
1759
-3216
-6331
-1775
2005
-1435
-4224
-2364
-3627
-7990
-7870
-2600
166
51
2464
2003
-4240
-6499
-796
2775
-976
-285
7572
7638
-3017
-8048
-916
2908
-209
2767
10652
9086
-2257
-5357
2730
6406
3034
3550
8682
10061
6667
3822
1379
-1667
1617
10954
13542
4452
-5301
-6650
-3119
-1268
-1076
-148
849
-1655
-7925
-14425
-15449
-7874
-1834
-4229
-9607
-9294
-5011
-7291
-13966
-14066
-4871
2954
2038
-765
-122
2147
772
-3022
-370
6882
12419
12630
7742
3137
1090
2559
4745
5248
6103
8392
8092
250
-6507
-3621
2114
1198
-3737
-1934
2384
-2561
-9420
-6095
416
-1698
-6418
-2808
1965
-1677
-5191
349
4360
-874
-3908
1978
5728
1319
411
6774
7949
186
-3020
2127
3905
218
537
5423
4548
-2074
-4171
-1505
-1137
-2665
-1735
6
-1747
-3134
-2149
-2992
-5416
-4450
196
1569
96
1075
2537
11
-3369
-1951
932
1100
2353
5561
4460
-2471
-6397
-3018
-388
-453
3314
9526
7540
-3288
-7776
-579
6496
5966
4100
6030
7501
5825
3365
1805
969
3454
10102
13589
7124
-3631
-7781
-3437
2049
2229
487
1591
1178
-6476
-15377
-15222
-6264
-487
-3724
-7432
-7309
-8180
-11518
-12545
-10033
-6185
-2660
-150
455
-2086
-3226
-1328
-1072
-1493
1964
8204
11009
7880
3099
763
997
3096
6661
8417
7697
7127
4029
-1526
-3520
299
4053
2002
-475
809
-268
-4871
-4259
954
-178
-5902
-4145
2761
825
-6602
-3749
4551
1498
-7367
-4952
4161
3896
-1488
1068
5669
880
-5500
-2003
3363
1934
319
3817
4763
-908
-3872
-978
-211
-2001
138
3774
1894
-2170
-1571
-629
-3376
-3638
1701
4754
1655
274
2414
600
-4131
-2888
2823
3737
861
1773
2854
-2538
-7933
-5218
326
806
1052
4773
4963
-1624
-6581
-2764
3510
6274
7120
6170
3043
2004
5555
6552
2040
1704
10079
15380
7038
-5133
-7318
-1596
3000
3642
2806
1149
-1725
-6511
-12310
-13562
-7291
990
333
-8529
-12628
-10120
-8639
-10085
-9176
-4919
-2913
-3751
-3397
-1606
-1500
-1148
345
-196
-662
3148
9173
9483
3436
243
2822
4874
4211
5349
8152
7286
2870
-399
349
2367
2569
2065
735
-1174
-2759
-3077
-1037
1425
388
-3819
-5935
-4149
-2464
-2901
-1169
2937
1720
-5058
-7008
-1297
2848
1529
1921
5127
3313
-2864
-4051
481
2257
1668
4541
7412
3477
-3294
-3769
-634
-305
92
4365
6358
1164
-4280
-4409
-2316
-1664
309
4236
4599
1189
-1192
-2360
-4180
-3969
731
4555
2029
-1909
-2437
-2918
-5992
-6167
-719
3942
3960
2485
1267
-1825
-3818
349
6994
7367
3435
3689
8162
9377
4813
1397
3132
8216
11774
9356
2086
-4250
-3849
885
2722
1285
272
-305
-4281
-11081
-13550
-9435
-3580
-2365
-6245
-10422
-11725
-10061
-8957
-9494
-8894
-5385
-1903
-2598
-4429
-2258
1570
963
-2592
-1386
5001
8734
7078
4844
4856
4028
2409
3367
5978
7564
7465
6793
3950
-421
-1365
1702
3133
1404
670
1031
-1884
-6178
-4022
1557
1327
-4206
-5574
-2572
-2746
-4348
-1380
3120
271
-6090
-5120
1055
2761
1098
2731
5084
1706
-3277
-1843
2378
2812
2235
5128
6331
1751
-3219
-2488
719
785
1031
3562
4202
-47
-4367
-4028
-1974
-1289
-1024
1232
4004
2935
-1641
-5413
-5218
-1710
565
1001
1770
2176
-767
-5907
-7312
-3632
573
2651
5407
6900
2196
-4826
-4988
2060
6996
5573
4597
7439
8717
5384
903
72
2814
8170
12404
10007
838
-6937
-5968
-549
1880
1321
1988
1943
-3716
-12297
-14844
-9060
-2167
-1415
-5122
-7746
-8294
-8747
-10588
-11237
-8667
-3881
-284
19
-857
-970
-1160
-3042
-4329
-859
6180
10890
9952
5176
591
-1687
-758
3118
7567
10246
9880
6228
32
-4239
-2604
2128
5117
5198
3890
508
-4944
-6538
-1869
2111
454
-2137
-1516
-1987
-5422
-5276
475
2744
-2590
-6104
-2179
1780
571
-529
2312
3600
-144
-3355
-1539
2291
4113
4120
2881
1511
1061
898
-5
-604
1204
3091
2074
-299
-473
365
-1370
-3438
-2444
-47
1301
1673
1775
-89
-3502
-4177
-1915
-145
549
2513
3177
-935
-6039
-6515
-2960
-261
2148
6025
6547
724
-4807
-2956
2821
5141
4173
4455
6400
7287
5826
2492
-823
261
7057
12327
8653
-724
-6159
-4601
-869
615
734
1732
1715
-2627
-10107
-14024
-9392
-1279
155
-4843
-7837
-6028
-4909
-8394
-11173
-8579
-3300
-302
-205
-352
-182
-467
-2604
-4987
-3127
3096
9288
9949
5121
690
-703
3
1331
3914
8014
10373
7521
279
-3623
-669
3081
2962
1540
3025
3506
-1210
-4543
-1686
1231
-1460
-4210
-1736
103
-2614
-3811
-104
457
-5228
-7222
-1718
2623
895
-426
2509
2603
-2828
-5612
-1453
3743
4328
3475
4231
3827
997
-1688
-1298
1432
3623
4070
2885
1375
272
-1545
-3515
-3516
-954
1367
1467
1228
773
-1240
-4286
-5030
-2174
318
1253
1926
1631
-986
-4745
-5080
-2082
511
2465
4806
5857
2764
-1682
-2127
1266
4476
5761
6859
7326
5456
2659
1231
1909
2894
4110
6456
6928
2973
-3894
-7880
-5587
-440
2004
328
-1550
-2736
-6048
-10679
-11509
-6294
-1398
-2222
-5084
-5762
-5452
-6729
-7683
-6340
-4549
-2822
108
3207
2569
-935
-2626
-2243
-1530
660
5836
10258
8336
2076
-1706
-1193
1131
4295
7763
8422
4941
554
-1210
-441
816
1875
2268
1172
-756
-1905
-1556
-419
-339
-2129
-4199
-4176
-2088
-558
-578
-656
-678
-2523
-5313
-5145
-1086
2994
4143
3095
1100
-1616
-3918
-3210
301
3953
6143
6527
4685
462
-3301
-3193
161
3579
5024
4845
3361
71
-3548
-4881
-2841
645
3061
3259
1682
-532
-2835
-4131
-3640
-1127
1616
2621
1793
-52
-1652
-2928
-3113
-1080
2218
4662
4701
3176
1297
-1043
-2136
139
5129
8000
6198
3253
2032
1795
242
-451
2393
5632
5087
1196
-2119
-3831
-5086
-4514
-1557
714
-905
-4516
-5642
-5574
-6543
-7076
-4758
-1403
-1751
-4851
-6419
-5066
-3579
-3517
-3142
-1816
-278
567
835
1102
656
-142
45
1660
3777
4922
4899
3731
1581
-718
-635
2521
5341
5084
2602
654
-409
-1512
-1591
414
2441
1857
-559
-2741
-3776
-3182
-1185
811
354
-2252
-3418
-2213
-1184
-1392
-995
105
86
-1246
-1720
56
2189
2754
1908
446
-629
-487
719
1848
2522
3656
4803
3776
322
-1837
-481
1881
2502
2148
2655
2574
-63
-3267
-3613
-1270
753
1524
1845
1315
-624
-3498
-4541
-2533
324
2221
2549
1887
166
-2157
-3104
-1701
1223
3603
4762
5024
3403
-228
-3086
-1644
2992
6172
6149
4732
3427
1084
-1930
-2893
-504
3178
4574
3041
-270
-3940
-6455
-6836
-5122
-2378
-58
-136
-2930
-6296
-7959
-7289
-5339
-2814
-656
-655
-2716
-4419
-3892
-2672
-2301
-1518
592
2690
2840
1881
1396
783
-304
-333
2233
5703
6825
4763
996
-1987
-2744
-919
2496
5088
5050
1755
-2754
-5210
-4537
-1968
776
2824
2903
165
-3795
-5666
-3762
-667
1151
1848
2061
1125
-1433
-3252
-2367
153
1837
2159
2417
2313
1138
-553
-1061
318
1599
1922
1762
1600
1262
464
119
316
790
1063
1367
1829
1458
456
-278
-157
316
254
337
1335
2316
1552
-734
-1977
-1032
618
903
379
447
336
-700
-1827
-1374
104
367
-531
-506
912
1579
536
-588
-354
1033
1994
1912
1439
1246
2136
3545
3654
1474
-961
-573
2260
3849
1752
-1425
-2251
-1495
-1886
-3707
-4069
-2088
-735
-2334
-5292
-6164
-4469
-2597
-2641
-3796
-4153
-3700
-3252
-3130
-2595
-1491
-769
-873
-1209
-828
409
1933
2950
2470
897
194
1583
3804
4429
3437
2179
1085
41
-73
1498
3173
3062
1201
-766
-2070
-2633
-1690
407
1839
1108
-921
-2442
-2961
-2367
-797
1036
1594
602
-568
-1303
-1386
-823
419
1663
1847
1330
756
221
-273
-84
1101
1910
1547
541
76
495
848
897
609
627
1182
1430
1025
320
337
825
747
304
285
709
762
545
543
174
-500
-607
140
519
-113
-284
316
343
-736
-1033
448
1447
605
-452
238
1348
906
18
529
1927
2109
1073
486
976
1626
1328
339
-527
-707
149
977
305
-1718
-3115
-2563
-1830
-2721
-4159
-3643
-1820
-1763
-3611
-4593
-3206
-1772
-2175
-2872
-2272
-919
-380
-610
-372
238
446
356
747
1541
2067
2336
2414
2216
1512
647
628
1400
2001
1805
1235
599
-773
-2390
-2600
-963
566
-98
-2017
-3061
-2626
-1873
-1727
-1477
-561
281
-81
-1184
-1352
36
1756
1897
832
718
1924
2693
2109
1506
1975
2669
2433
1588
1221
1453
1803
1913
1465
462
-528
-645
-23
447
625
727
478
-538
-1626
-1542
-444
235
-116
-598
-574
-667
-1474
-1983
-1076
468
1042
130
-760
-372
314
271
69
877
2390
2867
1541
157
898
3124
4511
3696
1906
1621
3002
3989
2812
-7
-1654
-20
3324
4463
1698
-2660
-4837
-3896
-2094
-1188
-1406
-2648
-4442
-5741
-5896
-5499
-5737
-6137
-5044
-3178
-2923
-4348
-4937
-3312
-1362
-1162
-1704
-980
681
1704
1998
2297
2477
2370
2463
3286
4133
3845
3375
3784
4191
3352
1636
867
1327
1531
941
674
936
449
-1095
-2422
-2371
-1546
-1242
-1396
-1504
-1948
-2812
-3117
-2287
-1160
-877
-1247
-1133
-455
74
359
510
461
570
1363
2440
2711
2023
1465
1753
2092
1775
1421
1614
2053
1921
1023
-67
-678
-515
17
189
-119
-270
-166
-398
-1020
-1269
-748
-142
7
43
298
588
518
321
373
580
775
985
1480
2062
2089
1321
394
385
1295
1951
1699
1055
575
133
-265
-297
-143
-355
-841
-873
-605
-1091
-2219
-2621
-1881
-1405
-1888
-1994
-1170
-701
-1446
-2444
-2307
-1641
-1519
-1367
-552
231
-94
-1100
-1679
-1485
-886
-94
1164
2133
1816
243
-1266
-1166
253
1612
2255
2545
2424
1101
-875
-1674
-495
1247
1693
1023
149
-917
-2101
-2570
-1773
-739
-618
-1070
-1283
-1423
-2034
-2384
-1725
-611
-114
-383
-474
-116
43
-174
-169
390
1047
1326
1372
1712
2168
1875
1181
875
1209
1713
1960
2457
2769
2064
543
-399
-147
543
1205
1765
1949
695
-1525
-2533
-1467
306
1087
1000
758
223
-955
-1993
-1428
428
1906
1946
961
12
-604
-648
35
1266
1953
1449
658
299
239
-251
-608
113
1328
1443
155
-841
-871
-680
-1133
-1443
-441
620
128
-1575
-2419
-1651
-895
-1187
-1487
-702
-82
-848
-1994
-1819
-471
109
-474
-807
-205
246
-277
-908
-751
-130
305
651
862
500
-133
-244
262
638
529
549
890
723
-169
-682
-81
790
514
-508
-729
-63
143
-682
-1293
-925
-411
-793
-1405
-1139
-620
-662
-1072
-973
-666
-844
-1053
-568
486
821
224
-419
-440
60
652
1234
1520
1342
688
279
652
1293
1559
1258
982
994
764
161
-23
594
1049
672
214
315
273
-598
-1102
-273
897
764
-392
-679
-198
101
-8
475
1277
1155
419
129
946
1506
1413
1287
1451
1325
539
387
1260
1991
1401
366
81
157
-144
-415
187
752
-63
-1450
-1818
-1060
-484
-812
-1178
-1162
-1339
-1868
-2124
-1621
-690
-221
-767
-1783
-2213
-1545
-417
-1
-260
-364
-262
-475
-945
-796
11
517
329
-50
-140
-187
-279
-165
306
801
782
585
537
395
-101
-526
-61
1025
1692
1204
105
-619
-840
-625
31
842
873
-135
-1262
-1704
-1451
-1048
-577
-226
-346
-793
-1136
-1205
-1281
-1159
-438
427
552
28
-255
43
429
579
732
1074
1353
1309
1241
1284
1380
1307
1007
925
1123
1212
932
582
422
257
67
153
534
495
-274
-832
-533
38
-233
-875
-721
-61
192
-237
-416
-180
13
-1
33
371
521
413
268
333
427
356
316
413
559
488
238
155
319
354
125
-89
47
246
256
190
101
-13
-148
-111
12
138
150
-116
-508
-599
-221
11
-370
-808
-530
5
-244
-924
-890
-322
-259
-805
-966
-565
-362
-555
-620
-372
-341
-457
-393
-120
53
73
231
305
60
-307
-228
410
964
849
132
-501
-641
-391
-79
78
135
-145
-789
-1297
-1204
-705
-470
-653
-901
-932
-687
-515
-638
-836
-842
-477
-61
152
211
162
12
-154
-30
492
1004
1203
1139
774
230
76
582
1272
1474
1023
672
625
555
413
432
845
1166
930
355
172
557
955
818
282
56
396
848
903
605
404
303
134
-12
26
394
695
613
194
-322
-646
-549
-76
310
250
-210
-574
-565
-459
-390
-243
-113
-244
-559
-407
57
51
-389
-595
-262
30
-55
-201
-149
-249
-615
-780
-539
-282
-309
-369
-491
-822
-1044
-670
-83
-119
-631
-836
-570
-445
-638
-462
170
382
-206
-752
-380
420
607
281
220
395
211
-122
255
1125
1205
174
-711
-452
325
539
277
166
83
-401
-932
-748
23
493
165
-460
-645
-388
-96
45
117
251
260
127
77
124
221
152
82
125
203
307
383
333
-116
-673
-720
-27
625
382
-345
-674
-540
-545
-699
-410
318
500
-270
-953
-501
468
714
226
-19
455
892
826
732
975
1231
961
499
570
1125
1556
1413
904
462
284
327
425
602
678
441
85
-63
-95
-270
-311
-139
-110
-440
-717
-373
59
-273
-963
-950
-419
-231
-490
-551
-275
-387
-866
-1025
-647
-256
-227
-262
-220
-359
-655
-650
-231
131
145
62
146
175
-124
-443
-244
288
452
223
100
322
346
-161
-558
-324
136
312
321
235
-145
-787
-1132
-869
-440
-214
-116
-153
-467
-1065
-1401
-1010
-267
162
-24
-409
-453
-179
15
-94
-7
437
654
444
338
802
1080
521
-170
9
808
1264
1057
565
169
-155
-213
188
737
896
481
-95
-391
-410
-215
155
543
604
237
-158
-232
59
314
358
316
401
622
672
613
551
413
173
16
243
770
1044
704
31
-442
-514
-317
-1
359
417
-84
-786
-1093
-764
-327
-120
-105
-208
-548
-958
-866
-315
11
-272
-471
-199
19
-221
-510
-334
-12
19
-57
34
154
35
-204
-194
-6
153
281
401
315
22
-180
-107
194
378
401
332
85
-307
-492
-151
270
213
-269
-512
-398
-370
-422
-354
-145
-179
-548
-768
-647
-484
-460
-343
-117
-229
-596
-694
-320
133
157
-25
-90
-11
145
330
553
683
599
309
23
82
578
1092
1048
537
154
74
28
-9
229
548
456
-3
-336
-322
-241
-239
-96
134
140
-150
-414
-257
163
302
117
105
403
464
102
-117
283
809
798
438
296
454
423
267
319
559
600
249
-70
-54
64
26
-106
-160
-132
-173
-283
-398
-408
-369
-312
-222
-245
-498
-711
-521
-111
7
-272
-378
-140
17
-220
-474
-159
309
281
-139
-312
-76
53
-107
-174
19
129
-10
-143
-124
-96
-177
-284
-195
-22
24
-117
-305
-315
-182
-31
1
-56
-56
-76
-185
-217
-80
139
226
94
-111
-125
-26
72
137
151
163
3
-120
-66
160
312
201
8
-117
-26
182
436
473
214
-8
-25
6
24
177
418
455
51
-408
-329
91
183
-12
-117
-51
-20
-181
-195
-69
-95
-170
-152
-38
31
50
201
285
165
46
177
480
559
332
123
248
457
493
312
114
72
10
-79
-68
138
231
-59
-474
-581
-366
-231
-215
-154
-109
-332
-621
-547
-212
57
83
14
-20
-29
-71
-57
170
386
386
196
158
307
246
-50
-157
154
417
250
-13
3
78
-115
-360
-289
7
141
40
-146
-351
-437
-296
-4
142
73
-86
-215
-173
-10
124
141
114
106
91
-82
-243
-72
295
312
-151
-455
-345
-162
-141
-124
-15
-55
-347
-585
-418
17
246
52
-242
-310
-262
-186
-48
181
326
106
-269
-377
-158
91
155
162
72
-199
-348
-190
85
132
2
22
123
123
21
59
254
354
395
415
322
326
458
486
359
268
429
573
438
122
65
229
274
150
90
161
100
-74
-270
-200
84
216
75
-121
-184
-202
-234
-197
58
246
64
-250
-343
-205
-79
-73
51
157
-51
-330
-411
-264
-92
-61
-69
-118
-279
-414
-464
-293
-45
12
-151
-298
-207
-34
-9
-138
-74
172
227
5
-108
56
190
152
142
273
352
214
60
68
217
369
315
222
173
151
64
-30
72
251
235
-16
-176
-166
-139
-194
-194
-94
-99
-265
-391
-353
-266
-249
-268
-275
-272
-208
-116
-120
-186
-259
-244
-169
-96
33
116
96
-75
-221
-261
-110
183
327
221
-72
-207
-105
23
24
52
183
299
170
-94
-100
86
296
318
185
149
270
247
42
-17
182
385
288
108
153
280
213
61
25
227
405
320
142
29
63
142
187
226
265
174
-30
-110
21
205
183
27
-15
-6
-52
-141
-121
19
59
-73
-303
-388
-293
-164
-87
-139
-288
-385
-416
-379
-271
-128
-9
-90
-294
-391
-247
23
150
120
44
43
120
110
110
230
312
245
136
147
268
290
137
18
-35
-76
-28
66
113
-75
-350
-378
-288
-241
-274
-211
-168
-312
-522
-562
-290
-19
-5
-202
-300
-195
-106
-82
14
110
130
-3
-157
-48
186
305
228
69
-45
-47
-19
49
177
197
158
13
-156
-158
3
214
260
148
16
-45
-38
7
127
342
438
232
-32
-113
-4
192
294
242
133
57
13
-75
-97
72
262
285
99
-42
46
153
190
201
269
313
229
144
184
281
262
223
254
235
140
47
17
26
53
-39
-169
-244
-293
-281
-272
-261
-258
-301
-359
-400
-397
-303
-221
-157
-77
-86
-202
-186
-60
86
211
253
309
246
159
87
159
277
294
269
184
132
-16
-119
-70
12
-21
-182
-327
-369
-344
-325
-331
-375
-416
-470
-495
-501
-417
-224
-149
-267
-410
-361
-209
-38
104
157
135
-1
-99
-48
101
205
269
271
145
34
-44
-6
68
152
232
152
79
78
122
91
-16
45
196
239
108
60
137
65
-47
-50
146
278
173
26
-23
21
-62
-95
53
212
245
136
-12
-14
180
313
305
257
309
396
321
202
269
392
341
242
224
289
281
188
164
144
8
-134
-96
-37
-28
-121
-192
-244
-404
-383
-297
-256
-300
-325
-214
-232
-337
-328
-168
-30
-31
-69
-25
34
45
102
151
106
81
95
140
135
128
173
111
-32
-104
-39
6
46
11
-83
-236
-318
-297
-309
-255
-206
-195
-325
-449
-444
-304
-207
-282
-344
-240
-148
-194
-158
-47
-3
-67
-113
-85
53
183
173
18
-116
-104
19
153
258
290
168
12
-144
-126
28
192
304
279
136
-137
-287
-115
136
218
193
167
120
-14
-140
-37
184
275
206
76
98
141
110
126
233
301
237
187
146
198
261
292
250
116
136
202
255
224
185
237
215
102
-28
24
172
170
120
72
-11
-116
-189
-139
-73
10
31
-48
-115
-240
-299
-241
-88
26
39
-15
-121
-139
-146
-78
24
76
97
36
5
13
-13
-5
32
51
26
-28
-10
4
-48
-129
-198
-283
-349
-269
-153
-104
-195
-382
-440
-451
-482
-405
-215
-136
-255
-387
-438
-364
-291
-199
-50
42
19
-66
-92
-53
13
63
173
247
288
230
113
46
50
157
210
272
259
209
98
-22
-53
-4
112
160
160
87
50
-20
-43
21
70
122
158
189
140
110
101
120
165
169
188
192
192
190
158
125
113
139
107
52
101
126
56
-25
-30
28
54
19
20
50
112
95
-18
-66
-97
-48
58
115
53
17
20
-57
-127
-126
-3
83
59
-22
-67
-69
-59
-66
-45
44
49
7
-9
25
35
-4
55
100
79
117
114
57
10
-52
-67
-39
-55
-73
-48
-60
-123
-228
-327
-315
-247
-197
-212
-268
-287
-367
-413
-366
-278
-205
-176
-153
-194
-225
-240
-147
-29
23
68
93
122
52
-36
-29
99
164
177
209
186
101
-19
-4
81
164
203
141
50
-15
-63
-77
-17
47
77
36
-24
-68
-81
-47
-7
44
73
64
-22
-39
24
85
123
126
133
79
64
91
119
158
199
236
228
192
145
148
194
231
236
211
158
118
87
66
76
90
75
61
36
-23
-3
3
31
22
-39
-32
-37
-29
-54
-79
-66
-85
-130
-104
-38
-23
-15
-72
-132
-148
-132
-67
-17
18
-9
-76
-100
-113
-76
27
98
114
87
31
-31
-19
32
59
95
51
-12
-75
-148
-152
-149
-149
-171
-185
-214
-242
-252
-307
-314
-285
-256
-223
-204
-194
-180
-182
-164
-106
-35
47
28
21
22
38
103
132
166
196
197
168
143
73
61
102
112
77
58
35
-2
21
31
16
9
-1
9
29
-6
-10
-15
5
11
27
50
57
120
115
92
95
101
116
145
156
158
170
146
66
71
108
122
142
165
174
92
68
42
63
126
123
91
17
-38
-55
-32
-12
3
16
-51
-141
-171
-129
-66
-45
-23
-15
-53
-85
-94
-88
-48
-15
-36
-34
-19
-21
12
25
29
15
-7
31
67
86
74
36
-21
-66
-44
4
38
10
-74
-139
-172
-160
-126
-111
-100
-118
-186
-258
-262
-239
-205
-158
-104
-113
-144
-138
-129
-67
-40
-7
28
68
123
146
105
38
48
63
137
214
234
201
79
-27
-56
19
136
205
155
32
-68
-124
-123
-77
13
72
19
-95
-165
-124
-40
-26
-45
-33
-18
-10
-22
-70
-48
9
34
42
51
117
106
69
35
15
79
99
117
110
103
101
99
118
114
111
126
92
49
42
49
94
29
0
6
14
50
83
101
32
-34
-89
-15
3
-19
8
16
-3
-74
-73
-32
7
7
32
70
50
4
-48
11
48
-2
-4
29
75
77
33
-41
-32
-4
-26
0
45
102
45
-93
-166
-145
-89
-61
-31
-54
-132
-219
-288
-265
-168
-31
3
-77
-140
-212
-205
-171
-111
-109
-54
-19
-53
-55
-123
-83
-43
27
69
111
110
48
6
-85
-81
-3
106
137
81
9
-31
-54
-56
-15
68
110
74
-13
-89
-70
-7
42
54
61
45
108
104
44
34
79
146
88
73
111
110
74
39
29
55
73
86
70
4
-16
21
32
15
20
32
37
38
63
64
53
59
38
82
168
189
206
183
108
46
32
47
33
57
70
46
-11
-98
-63
-13
-9
28
8
-36
-45
-62
-91
-81
-63
-83
-111
-92
-66
-72
-97
-93
-56
-39
-48
-100
-82
-47
-72
-138
-133
-56
-8
7
-42
-88
-100
-104
-132
-142
-79
2
-11
-46
-66
-45
-12
-26
-15
-12
22
66
59
-11
-56
-54
-46
-32
-63
-39
-13
-19
-64
-110
-72
-10
47
18
-31
-48
-10
-14
-33
8
6
-5
-30
-37
-38
30
63
45
63
60
69
93
97
62
49
69
105
68
65
64
32
28
35
85
118
154
112
82
64
64
105
84
66
44
41
73
102
101
122
110
77
82
44
42
70
97
106
46
-2
-3
19
39
37
23
34
8
-35
-53
-43
-50
-50
-40
-55
-45
-69
-66
-59
-62
-91
-86
-41
-66
-127
-116
-55
-51
-33
-22
-27
-50
-61
-41
-37
-18
28
54
16
-68
-85
-82
-94
-72
-64
-31
-21
-71
-116
-155
-136
-91
-95
-104
-124
-94
-70
-75
-62
-41
-26
-16
-32
-97
-50
-34
-39
1
-7
18
23
8
-13
-21
25
98
106
64
54
56
31
34
38
65
118
105
100
63
11
10
30
38
16
35
48
54
31
39
61
39
37
20
48
58
64
57
37
52
90
91
76
85
76
89
80
86
77
82
69
67
76
87
92
86
103
61
60
62
77
76
30
-20
-12
-9
-29
-20
-32
-21
-57
-80
-112
-140
-136
-111
-78
-72
-71
-88
-89
-81
-92
-57
-7
2
8
-5
3
-14
-19
-6
6
9
23
19
-16
-27
-23
-16
-23
-28
-60
-44
-57
-79
-78
-110
-102
-87
-93
-107
-167
-167
-124
-119
-72
-60
-62
-54
-60
-92
-56
-31
-23
12
5
0
-3
4
-6
-4
3
46
44
32
30
29
35
1
-10
18
45
21
47
48
29
25
20
34
44
59
50
42
28
50
74
89
100
66
58
67
50
53
79
97
93
92
94
82
81
121
126
120
110
120
132
80
56
36
58
90
65
79
86
41
28
19
10
-12
-12
6
-20
-42
-66
-42
-34
-50
-42
-35
-56
-75
-58
-48
-57
-32
-23
-46
-55
-76
-47
-31
-25
-25
-21
-24
-68
-51
-58
-99
-83
-57
-86
-81
-82
-92
-81
-96
-83
-58
-50
-65
-42
-65
-75
-64
-59
-30
-64
-98
-104
-114
-102
-61
-47
-26
-38
-36
-38
-47
1
28
38
58
57
41
60
41
43
34
17
30
24
53
51
48
70
85
75
54
65
45
39
69
57
54
51
57
42
28
38
7
9
16
-2
3
-4
-11
-19
-13
14
-7
-12
-3
10
47
41
50
47
56
87
76
63
69
76
63
51
38
48
60
57
60
39
23
28
37
26
-3
4
2
-9
-16
2
26
-11
-7
-13
-17
-3
-13
-10
16
25
6
9
-21
-32
-13
-18
-4
3
-4
7
-37
-16
-19
-61
-36
-64
-55
-60
-64
-60
-49
-40
-47
-30
-65
-72
-59
-66
-66
-80
-78
-92
-98
-103
-119
-73
-80
-100
-91
-70
-72
-69
-53
-53
-31
-29
-14
1
-10
7
27
9
27
12
1
24
41
44
43
47
36
50
27
25
31
46
32
43
44
27
27
28
48
18
26
25
41
38
32
38
39
41
23
38
40
46
67
61
43
24
13
44
29
41
75
69
83
48
47
41
18
37
44
52
32
33
38
37
57
41
48
42
34
25
3
3
-16
10
17
4
6
-15
-28
-60
-46
-40
-53
-29
-27
-27
-36
-66
-78
-62
-37
-26
-31
-41
-36
-10
-8
-3
-7
-5
5
-9
-14
-40
-34
-52
-56
-6
-18
-24
-38
-50
-26
-50
-25
-19
-53
-45
-42
-46
-78
-26
-12
-20
-32
-44
-38
-54
-39
-41
-38
-41
-40
-41
-17
-34
-54
-41
-31
-23
-15
1
-4
17
9
1
1
9
38
46
32
34
39
36
30
4
-7
12
24
32
42
32
44
44
38
67
43
46
87
90
107
86
97
92
63
83
57
56
61
21
15
24
17
1
9
19
-9
-11
-21
1
8
15
38
23
31
41
30
-1
-6
-9
23
43
29
37
19
0
7
16
32
26
15
14
5
5
-6
-13
-36
-27
-18
-16
4
-28
-27
-46
-84
-50
-41
-51
-83
-69
-44
-70
-88
-66
-51
-94
-102
-103
-98
-85
-89
-94
-94
-118
-94
-90
-89
-41
-33
-19
-14
6
7
15
21
9
29
27
38
66
50
50
18
19
42
28
20
17
21
7
-13
-3
11
-16
-1
5
23
50
5
-7
47
29
24
37
14
48
39
34
29
17
40
18
20
29
19
61
57
66
47
57
46
-7
25
-18
29
29
28
82
42
60
65
57
35
19
35
-9
-4
-8
-31
-9
-14
3
-12
0
-2
-28
-1
-18
-15
-2
7
-1
0
17
-9
-3
18
32
15
17
19
-15
-4
-12
0
12
19
36
-5
0
-22
-37
-10
-35
-53
-37
-49
-70
-64
-65
-70
-51
-40
-72
-70
-32
-43
-28
-50
-37
12
-43
-40
-79
-37
-50
-81
-56
-121
-103
-106
-69
-68
-59
-10
-12
-18
15
20
13
40
75
85
26
51
42
13
-5
-15
-21
-10
-22
-29
7
-16
-25
-15
19
2
19
16
25
69
25
57
89
104
85
52
87
50
57
80
99
117
68
104
77
107
120
73
134
101
103
90
84
54
2
52
45
51
46
19
-12
-13
-10
-45
-12
1
-3
13
-38
-50
-57
-39
-19
-56
-27
-55
-75
-98
-97
-108
-129
-95
-90
-80
-112
-93
-56
-79
-52
6
-14
-7
-19
-14
-19
-51
-17
-33
-17
8
-21
10
20
-6
21
-32
9
-9
-34
12
-27
15
-6
-8
-11
-45
-36
-66
-22
-23
-44
-30
-57
4
-31
-12
-2
-21
20
-5
22
13
31
11
-8
-2
-7
22
12
43
20
4
45
18
31
6
24
66
4
33
23
38
50
9
31
9
40
20
45
91
58
70
22
49
29
-6
25
7
57
62
31
47
44
58
42
50
50
27
56
9
37
29
19
22
-2
24
-12
-5
-22
-30
-34
-27
-35
-41
-39
-39
-54
-52
-16
-38
-8
4
-18
-34
-27
-34
-44
-32
-5
-1
-3
-4
-13
6
-8
-4
-15
2
13
-9
-23
-39
0
12
-3
-34
-37
-18
-45
-26
-37
-54
-86
-107
-62
-85
-80
-63
-43
-46
-58
-22
-40
-38
-42
-32
3
-16
28
18
7
34
45
69
60
91
63
66
71
65
69
14
34
30
19
5
-13
8
-35
-38
-6
-7
-11
-44
-23
-23
-28
8
6
22
11
15
35
34
38
24
40
44
3
10
27
58
47
29
56
47
43
39
54
28
34
39
19
32
29
18
14
18
42
32
2
12
3
24
-7
-7
-13
-19
1
-8
3
-22
-25
-10
-6
-12
-15
-6
-10
-26
-20
-34
-13
-1
-13
-13
-11
-45
-85
-67
-50
-33
-41
-63
-57
-60
-72
-76
-50
-23
-28
-7
-28
-12
-36
-35
-2
-22
19
1
22
38
59
59
57
34
15
11
-9
9
-15
-12
-18
-29
-18
-7
-8
-16
-18
7
-12
-4
-14
-18
19
-14
-4
0
22
20
-1
1
2
24
16
9
32
13
0
21
23
14
7
13
-10
9
4
7
27
1
17
0
8
2
-13
12
1
4
-7
-1
13
14
16
15
41
30
4
7
14
6
-9
23
26
20
39
19
21
3
22
53
32
6
-17
16
31
63
53
19
27
40
44
-10
12
31
32
32
9
11
-25
-9
-6
-36
-18
-60
-28
-25
-34
5
-37
-32
-65
-36
-30
-85
-68
-61
-21
-46
-37
-20
-45
-32
-24
-7
-74
-76
-61
-62
-55
-98
-82
-85
-35
-31
-48
-52
-73
-1
-10
-9
17
12
87
51
41
70
38
44
-10
47
35
53
32
12
67
1
66
24
18
-3
2
53
-6
21
15
57
37
18
20
-29
-3
-19
-6
-12
-3
19
6
68
35
59
60
24
54
39
89
28
16
21
-25
26
-22
-12
-26
-28
47
5
32
-6
10
55
11
9
26
74
51
47
24
-10
-39
-25
-40
-86
-48
-57
-4
-14
-45
-15
-77
-21
-38
-44
-4
-61
25
-8
-15
-3
-41
9
-38
32
17
-19
64
9
56
18
-4
4
-42
31
-32
-17
1
-12
-27
-47
1
-31
-23
-75
-50
-43
-72
-43
-58
-4
-31
-43
-43
-50
-26
-52
-63
-52
-14
-50
-46
-8
-71
-30
-1
23
9
32
116
89
109
72
51
102
120
75
69
65
44
75
38
20
22
63
36
-5
8
-28
-22
-35
19
-10
-52
12
-13
13
-57
-72
6
-51
-49
-54
-47
-51
-20
75
78
57
67
125
88
90
67
19
72
71
85
26
-41
-86
-50
-67
-14
-22
-143
-37
-87
-64
-14
0
45
34
90
76
62
29
36
102
50
33
55
30
-16
-26
-14
-46
9
11
13
-48
-101
-102
-122
-144
-183
-66
-105
-50
-81
-145
22
-54
-7
56
56
63
-14
76
-14
-75
35
-6
15
-101
20
118
-27
61
-75
-110
-139
-168
-150
-270
-217
-263
-123
47
-115
-62
47
190
428
468
226
252
667
557
645
341
-570
-456
705
911
154
-118
-963
-419
704
521
-385
-1687
-1184
107
962
371
-725
-1254
-1295
961
1171
-647
-454
-326
103
1154
1195
-496
-1227
49
589
904
485
12
68
251
934
46
-923
-373
-92
302
960
-68
-812
-95
-417
-481
-104
-567
-262
622
565
120
-95
-773
-764
56
154
365
348
450
524
-214
-271
-452
-617
209
699
538
260
247
-105
-617
-392
-490
8
788
571
374
-81
-316
-546
-500
-121
-223
342
735
432
-46
-705
-709
-514
-172
228
304
386
215
-15
-331
-481
-631
-218
630
764
605
178
-223
-434
-433
-278
52
339
499
521
153
-239
-635
-454
159
238
383
520
259
75
-291
-342
-331
-189
400
508
403
55
-429
-517
-278
-34
50
170
171
66
15
-190
-223
-241
-43
309
233
218
-69
-207
-221
-404
-158
126
240
214
85
-79
-234
-162
28
126
236
189
101
-2
-106
-142
-131
48
92
114
127
110
-30
-161
-92
-123
-54
133
307
310
20
-244
-294
-224
-43
205
230
101
96
-26
-160
-164
-137
-23
152
269
115
1
-92
-227
-265
-172
95
194
233
169
-139
-334
-308
-199
10
172
72
-29
-71
-193
-179
-92
7
22
138
354
137
-30
39
-75
-54
219
217
211
255
117
-26
-145
-57
-140
-158
133
78
-158
-148
-209
-360
-143
72
-7
49
138
73
45
19
-67
-116
85
174
136
274
149
-1
16
-55
-74
-7
90
176
119
52
-91
-269
-151
-84
-26
145
143
46
-13
-53
-173
-200
-25
146
183
191
136
-87
-215
-107
-98
-26
150
123
110
-42
-208
-239
-276
-58
41
51
139
-45
-121
-80
-11
34
57
132
94
136
36
-85
-107
-141
-92
50
151
64
-35
-59
-44
-41
62
145
104
48
15
-19
-27
-66
-18
48
36
28
-24
-3
-39
-26
-41
-16
-17
-59
28
-32
-30
-75
-91
46
13
-19
-37
-124
-145
-123
12
24
-4
40
12
81
163
175
124
161
100
52
71
35
63
20
88
100
-83
-63
35
-46
6
49
-18
-47
-41
-16
0
-23
-25
16
35
186
167
24
-34
-73
-52
79
109
17
-48
-62
-39
-109
-76
-167
-262
-84
-36
-110
-84
-188
-284
-159
-22
22
-25
80
120
27
80
15
-74
65
172
135
151
107
-88
-44
-1
-49
6
43
87
15
28
21
-87
8
19
-63
95
125
-11
37
33
-11
28
83
94
91
177
142
64
78
0
-38
34
54
-41
-2
-11
-166
-73
-100
-172
-143
-130
-82
-70
-15
-123
-189
-122
-143
-89
17
-2
-36
43
22
-50
-7
-54
-125
1
57
51
68
3
-95
-73
32
8
16
101
79
-19
36
43
-32
115
165
149
219
183
164
158
179
172
125
157
141
155
98
-14
-41
-47
-34
-43
-6
-67
-81
-40
-83
-67
-112
-139
-101
-80
-19
-35
-77
-80
-97
-26
-30
-1
19
-13
-5
-24
-6
-70
-91
-124
-151
-82
-48
-45
-88
-129
-177
-155
-63
-54
-25
25
42
34
87
140
54
40
111
160
179
141
73
-47
-3
42
-17
50
27
-5
-13
45
-33
-84
16
-78
-34
33
59
14
10
65
-30
23
75
46
122
132
77
112
142
29
-20
32
-45
-24
18
6
-92
-110
-70
-158
-86
-135
-193
-126
-28
-10
-32
41
-60
-29
83
46
71
56
58
56
71
75
-76
-36
9
-3
73
59
-31
-54
9
-61
12
57
-42
-1
0
-31
-81
-22
4
-73
9
26
17
60
95
32
69
172
98
146
155
107
74
28
23
-78
-95
-85
-123
-31
-70
-162
-138
-45
-16
-75
-23
-98
-100
-29
-22
-30
-91
-18
-35
16
89
-41
-23
-9
-43
-31
10
-16
-66
41
30
-9
-26
6
-14
-26
78
-10
72
95
1
54
22
30
2
57
98
55
73
50
46
-24
9
22
-11
47
-24
3
-14
-35
28
-25
-4
-3
25
72
38
31
-28
-26
32
33
38
7
-49
-17
61
-35
-47
9
-80
-19
22
-12
-46
-70
-6
9
38
51
10
7
50
26
-44
-3
-36
17
95
30
19
-19
-40
-75
-44
19
-5
-6
-21
-44
-86
-104
-130
-142
-115
-107
-43
-2
-31
-36
-44
-15
68
66
25
25
13
23
28
17
15
-35
19
56
37
108
38
-16
63
72
39
29
-3
-41
-10
14
-9
-6
16
40
78
115
67
10
69
60
35
87
38
9
13
51
94
12
21
27
-5
17
-32
-61
-109
-121
-96
-75
-50
-82
-48
-32
-20
-10
-12
15
-22
55
97
29
2
-3
4
-21
22
36
-11
23
53
17
-34
-45
-65
-66
-65
-78
-89
-114
-105
-103
-98
-32
-35
-41
1
-31
3
0
-4
6
42
84
39
29
42
40
27
43
62
53
35
44
-14
21
41
50
60
32
78
17
41
60
26
14
55
34
-22
-3
-43
-26
19
24
39
66
56
23
4
-13
-18
-33
-12
-6
-62
-46
-63
-82
-84
-114
-71
-38
-34
-24
7
-14
-7
5
-5
9
19
29
20
15
34
25
19
52
31
44
64
13
-9
17
-2
0
7
-29
-31
-34
9
-8
-13
0
-19
9
1
-1
-4
8
-3
8
53
19
4
-3
5
7
0
-11
-28
-14
-13
-16
-29
-34
-39
-29
9
13
13
-7
-25
-23
-32
-36
-27
-7
7
34
22
2
-15
-34
-8
13
22
23
29
43
51
28
8
0
13
20
14
-6
-14
-13
-44
-9
-22
-42
-16
-15
0
-21
-28
-47
-31
11
3
22
-2
6
19
-1
15
22
51
38
45
79
64
44
64
59
21
35
27
40
40
5
-6
-25
-17
-45
-45
-16
-38
-44
-24
-25
-40
-16
12
-3
1
-9
-29
-28
-34
-12
-24
-19
-10
-31
3
-22
-32
-33
-61
-20
-20
10
6
9
32
-14
8
5
36
38
-6
19
13
36
34
16
27
42
68
35
24
8
-12
-4
-7
-9
-23
-6
-13
-46
-37
-20
-34
-28
-2
7
-9
-35
-50
-53
-15
8
-2
8
7
-20
-31
-22
-23
2
22
27
33
9
13
9
11
17
31
63
47
51
45
18
19
28
37
37
35
35
34
28
-17
-29
-13
-8
1
-3
-2
-31
-33
-19
-15
-18
-36
-30
-9
-14
-27
-29
-30
-4
-30
-20
-28
-54
-3
-16
-25
-26
-38
-29
-7
22
22
28
53
38
41
33
30
25
13
28
14
23
10
-14
-4
12
-3
6
13
2
2
12
15
-17
-3
-30
-25
6
-34
-24
-35
-61
-45
-25
-16
-33
-31
-10
-30
-12
1
-8
12
6
18
25
27
21
13
26
32
30
26
30
41
30
28
-1
-19
20
29
58
54
40
31
1
6
2
13
7
-7
-6
-19
-26
-42
-59
-50
-40
-46
-42
-38
-50
-66
-43
-28
-27
2
-24
6
44
9
6
-13
-4
20
25
31
31
32
26
30
29
24
48
31
39
54
32
51
46
46
28
25
35
-3
-18
-45
-32
-33
-46
-29
-23
3
-15
-28
-57
-46
-17
-37
1
-20
-22
-24
-37
-11
-33
-26
-32
-16
-19
-22
-8
-20
-3
-29
11
30
33
53
28
50
30
29
30
26
32
10
26
42
31
5
5
-17
-29
-3
4
-18
-31
-34
-38
-26
-22
-22
-31
-31
-39
-23
-29
-44
-14
18
27
-16
-12
-17
-11
-13
30
63
34
54
44
72
53
3
11
16
24
38
34
14
0
12
16
26
29
2
9
-3
16
-3
-25
-18
-20
6
5
6
6
-19
-26
-13
-20
-37
-52
-35
-27
-19
-28
-23
-22
-49
-4
8
20
39
8
8
20
35
26
1
18
27
24
13
24
10
-3
23
15
37
25
-11
-16
-4
2
-16
-9
7
6
24
33
17
-11
-15
3
-9
-7
-14
-28
-40
-42
-48
-57
-48
-54
-65
-42
-20
-49
-43
-61
-52
-24
-31
-18
-17
-13
4
-15
-22
13
-21
-24
16
13
22
3
2
24
25
51
35
20
50
29
39
36
35
47
35
57
36
37
48
31
58
32
22
24
0
12
-18
-22
-18
-24
-24
-31
-2
13
10
0
9
26
32
49
47
41
38
31
40
54
33
10
10
0
10
1
-4
-5
-32
-22
-9
-25
-12
-19
-28
-5
-6
-5
-35
-32
-18
-9
-35
-60
-22
-41
-43
-42
-53
-61
-64
-31
-35
-14
-20
-37
-29
-41
-22
-22
6
16
-6
4
-13
-29
-19
-10
3
13
22
15
-10
-6
-1
6
10
10
2
-6
13
9
0
3
16
38
25
38
19
8
20
-1
34
47
25
31
29
25
25
28
18
13
16
5
1
6
-10
-26
-31
-25
-7
-19
-20
-13
3
10
24
49
29
9
17
31
43
19
19
22
-12
15
-2
0
16
-2
29
5
3
-3
-18
-15
-23
-12
-33
-22
-26
-23
-5
-13
0
-4
3
-5
-6
-22
-23
-30
-15
9
-11
14
20
20
22
27
32
7
-7
-4
7
4
-12
13
10
19
12
-1
-3
-27
-3
-23
4
-7
-35
-11
-28
-16
-21
-29
-23
-26
-38
-34
-12
-38
-38
-12
-28
-26
-28
2
3
2
18
1
1
3
7
4
5
11
0
-11
-6
0
25
38
19
17
60
59
49
47
13
33
41
22
19
22
-9
-11
-12
-28
-36
-28
0
-9
-12
-12
-9
-21
9
15
9
-3
-25
3
0
1
3
10
15
5
-10
-11
-6
-20
-21
-12
-18
-12
-13
-9
31
28
32
24
17
44
35
43
30
20
33
39
33
19
40
28
35
28
-9
0
-26
-18
-25
-35
-45
-47
-26
-30
-46
-65
-44
-52
-62
-45
-41
-51
-16
-13
-35
-20
-21
8
26
13
7
3
13
4
7
47
53
37
41
66
36
33
52
12
3
14
20
-3
13
47
25
-3
-1
5
-10
-7
-21
-31
-43
-40
-23
-47
-37
-4
-25
-33
-45
-55
-32
-29
-25
-34
-40
-27
-31
-41
-24
7
0
12
10
2
16
14
17
24
26
28
19
19
28
-6
0
27
19
23
28
26
20
10
-1
16
18
15
20
31
18
16
-2
6
23
7
37
18
22
38
20
-2
5
4
19
23
-18
-11
-23
-20
-17
2
-12
-3
4
12
49
12
25
57
52
38
15
9
-1
-19
2
0
5
2
-33
-50
-68
-64
-62
-47
-57
-51
-43
-69
-44
-24
-34
-46
-9
7
-32
-12
-3
-28
-34
-18
1
-13
-10
10
-5
2
5
10
13
-9
13
-7
-9
22
-18
-21
11
6
4
6
17
25
16
15
35
48
28
12
27
35
31
19
17
26
8
6
11
9
6
-8
-10
2
-9
-12
-12
-23
4
-2
-6
17
11
18
6
11
15
20
32
27
43
39
35
9
14
27
-7
6
19
13
-4
-16
-4
-31
-47
-29
-12
-12
-24
-29
-48
-11
0
-31
-4
5
0
-2
-7
-10
-5
13
24
-5
7
-4
-20
-16
-33
-6
-9
12
0
-1
5
-6
19
-6
12
29
1
28
28
22
27
-6
6
0
-3
9
2
-7
-10
5
-6
-1
-14
-32
-47
-22
-18
-49
-40
-37
-37
-46
-45
-66
-49
-41
-55
-16
-16
-19
-19
0
-3
-14
15
17
24
44
55
61
50
26
31
41
50
37
47
40
32
40
16
41
32
25
9
21
21
10
22
0
28
-3
-7
-10
-21
-18
-24
3
-23
-22
-26
-27
-12
-35
-18
-21
-22
15
8
3
-29
-12
33
20
23
5
13
-1
-11
1
26
20
-2
30
17
16
13
25
15
13
25
25
20
0
14
-14
9
20
0
1
-12
-6
-10
-32
-48
-35
-22
-17
-30
-39
-50
-66
-56
-16
-28
-54
-22
-16
-45
-45
-12
-16
-10
7
12
4
-14
5
9
7
33
34
54
41
41
48
38
46
14
14
5
-10
-13
-6
-6
-13
-16
10
-8
-27
-20
-37
-26
-61
-25
-19
-41
-2
5
19
-9
-20
-19
-13
-20
-27
6
-3
4
20
15
16
18
25
15
16
18
4
22
40
30
31
26
35
38
42
29
22
29
28
84
75
61
60
54
77
60
47
30
29
6
-6
-1
-15
-29
-47
-54
-36
-36
-63
-49
-71
-51
-43
-68
-32
-26
-13
-28
-29
-7
-16
-3
-19
-17
7
-11
-14
0
6
-16
-22
-14
-26
0
-11
-19
-11
-18
-6
-16
1
-9
-16
-3
0
-3
-3
6
-4
-16
-10
8
3
-4
-15
-13
-7
4
7
10
3
-7
10
2
11
-6
-19
-18
-19
-23
-50
0
13
-8
6
-1
16
36
32
32
29
41
71
54
64
56
35
54
44
27
-4
19
10
4
-1
-14
-1
-5
-9
-34
-10
-4
-10
0
19
-11
0
6
-5
13
-6
8
-8
-10
-28
-2
6
-14
-2
-21
-10
4
26
25
29
39
36
26
26
50
38
31
22
-12
9
28
-18
-27
-18
-26
-37
-34
-37
-45
-34
-40
-43
-56
-21
-5
-24
-11
-28
-16
-17
-17
0
-10
-31
-35
-6
-14
-15
8
6
1
-12
-1
-6
-20
-6
3
-7
0
12
-18
-29
-23
-22
-26
-16
-3
16
11
1
6
3
45
54
51
38
22
28
17
28
24
1
-13
-28
-17
0
-26
-33
-10
-21
-33
-14
0
32
14
11
35
20
59
79
72
50
58
61
38
57
44
35
22
-9
15
19
-12
10
21
-3
-45
-40
3
-25
-31
3
-12
-20
-11
-30
-34
-17
-22
-17
-2
-15
-24
-27
-6
0
-21
-18
-15
-23
-26
-29
-27
-28
-25
-19
-27
-15
-21
-35
-33
7
-7
-14
20
6
22
11
22
37
43
45
41
60
38
22
16
9
9
0
-6
-10
-17
-31
-13
-3
-11
-18
-18
-22
-20
-1
-24
-13
-16
-4
3
13
16
-13
-1
-18
14
-5
-15
-6
7
4
-7
16
-6
6
9
19
20
4
14
2
-3
3
-5
3
1
48
57
24
37
19
28
29
25
16
31
32
4
8
3
-12
-16
-13
-32
-34
-57
-54
-37
-44
-38
-51
-32
-6
4
-19
-18
6
-9
0
7
9
5
-5
10
-3
1
14
9
19
10
4
-6
0
5
-28
2
12
-16
-13
6
26
-3
6
10
4
26
3
-1
10
5
-6
7
31
11
-6
1
13
9
-2
6
-10
-13
4
-5
-3
11
17
28
37
33
20
32
55
25
36
44
37
44
4
-2
19
10
-3
-14
-7
-35
-53
-23
-50
-38
-51
-64
-45
-52
-38
-45
-35
-33
-16
-21
-35
-53
-62
-53
-41
-26
-35
-29
-18
6
-29
-26
3
7
20
3
2
3
18
37
16
48
59
44
62
66
79
55
47
45
33
38
28
38
27
17
29
0
-3
-16
-15
3
-30
-32
-22
-12
-23
-30
-35
-19
-13
-16
-8
-6
-9
-31
-15
-14
-3
-17
-9
-10
-17
-3
-12
17
27
45
25
17
19
29
22
8
19
8
22
25
49
20
12
16
-2
19
23
30
12
-10
13
0
21
22
-21
9
-6
-19
-31
-36
-32
-25
-10
-23
-35
-55
-45
-30
0
-23
-22
-38
-41
-26
-46
-5
-28
-11
9
6
11
4
16
-2
-3
0
0
13
25
10
18
25
-2
-1
9
12
-9
-13
-6
-26
-14
-7
-5
3
-4
-10
-38
-10
-17
-48
-16
1
-19
-7
3
-6
8
-12
0
10
28
18
5
52
63
29
28
58
45
45
29
54
62
22
35
40
35
41
35
19
40
14
5
11
-4
12
6
3
2
-7
-31
-26
-35
-22
-15
-61
-64
-48
-51
-42
-29
-25
-22
-29
6
-10
-29
-25
-20
8
-6
-5
-6
8
-2
0
7
6
26
16
24
6
-14
-15
7
29
-7
-11
-13
-17
-8
-8
22
6
-14
-31
-23
-24
-60
-27
-7
-23
-23
-7
-5
-20
-13
6
-9
-7
6
14
22
9
-7
-15
13
36
34
26
33
15
23
25
25
47
41
27
34
57
8
11
15
19
1
-4
17
-20
-9
-6
-5
-12
-1
-9
7
4
-32
-13
-23
-16
-27
-24
-19
-24
-5
-4
-17
-9
-13
-10
-7
-14
-4
-6
12
-4
10
48
52
50
35
54
32
29
40
27
34
32
37
23
25
14
-19
-7
1
9
3
0
-6
-19
-22
-11
4
-29
-51
-42
-53
-47
-55
-36
-9
-62
-37
-28
-48
-49
-59
-53
-28
-16
-41
-32
-39
-26
-18
-8
3
-15
-3
13
14
14
24
-6
-3
-3
16
25
28
63
39
41
51
36
32
54
36
22
49
47
48
35
37
50
22
23
19
-12
11
17
6
13
-6
-20
-13
2
-13
-15
-15
-37
-26
-18
-15
-38
-47
-16
-17
-4
7
-16
-15
-16
-28
-29
-26
-5
7
-19
-31
-11
-17
-10
7
-3
10
15
-3
19
24
26
35
18
38
32
45
53
28
25
32
32
27
41
25
18
8
13
1
-5
3
-8
-1
-1
-13
-15
10
-17
-28
-14
-32
-32
-26
-49
-42
-21
-35
-17
-32
-41
-14
-20
-48
-39
-34
-43
-53
-32
-15
-40
-28
-40
-22
-9
-5
-23
-31
-13
-10
-3
-2
6
-18
1
11
20
21
1
37
57
41
38
34
23
21
35
56
27
40
35
42
60
57
62
43
60
60
72
28
31
35
12
43
16
26
3
-1
10
-8
-29
-34
-5
-37
-47
-33
-24
-19
-45
-37
-14
-38
-42
-51
-54
-27
-35
-38
-26
-50
-53
-42
-26
-3
-9
-13
-5
19
4
2
29
24
7
13
31
4
20
26
-7
6
8
18
31
49
22
9
26
10
32
9
4
9
2
4
-22
-26
-9
-12
-17
-7
-39
-8
7
-19
-3
-16
-29
-19
-15
-5
4
-1
6
3
-2
-10
-18
-14
-13
-13
-12
-34
-35
-22
-18
-17
-37
-37
-20
-13
-8
-11
-1
-7
-34
2
2
7
13
13
50
42
48
41
28
39
55
56
57
70
74
79
70
42
40
31
13
22
7
-10
9
-3
-18
-13
-23
-10
-18
-4
28
-5
4
-2
-1
27
-6
17
10
-3
-2
-17
-35
-61
-32
-50
-43
-57
-75
-57
-85
-89
-69
-57
-57
-22
-17
