-11
-38
-57
-28
-22
-42
-25
0
-38
-51
-31
-55
-29
0
-16
-24
-25
-7
0
-1
22
13
6
6
15
-3
2
22
18
41
38
44
54
41
41
26
16
30
43
45
34
50
39
18
-3
9
15
1
12
-10
-8
-20
-4
0
-13
5
7
13
3
23
9
-17
11
6
-2
-3
16
18
-4
5
13
24
3
-13
-25
-28
-16
-19
-6
-19
-19
-16
-19
0
-8
-19
-10
-2
-11
-22
-15
-33
-23
-26
-33
0
-9
-4
-4
-20
-29
-22
-45
-35
-1
-1
0
-39
-14
-28
-43
-18
-3
12
6
9
10
15
-11
-12
20
22
15
15
3
13
8
9
31
16
53
58
29
51
24
11
27
20
25
23
18
13
22
5
9
35
34
34
11
6
-6
-3
25
29
8
-4
7
3
-16
-26
-9
12
-5
-12
-5
-2
-15
-13
13
-4
-24
-14
-13
-37
-35
-25
-54
-43
-25
-33
-28
-20
-8
-16
-24
1
7
-3
-18
-17
-5
-25
-4
24
4
-29
-6
3
-16
-2
-4
-19
-28
-14
-25
-17
-4
7
12
18
50
2
-10
9
0
31
51
33
25
29
28
32
40
29
2
6
16
22
12
22
16
11
23
-6
6
12
26
50
21
6
4
4
12
-6
-3
-6
-22
-29
-10
-13
-51
-39
-25
-17
-26
-31
-36
-42
-68
-36
-3
-22
-13
-5
-3
-36
-35
-30
-10
7
25
-1
-7
12
-10
3
6
20
-6
11
7
27
28
2
36
29
22
24
44
43
34
42
46
27
9
18
38
4
7
11
16
36
8
40
10
-5
0
2
-3
-11
22
-5
-28
-44
-22
-14
-32
-21
0
-8
-15
-31
-41
-43
-33
-10
-34
-53
-69
-36
-29
-37
-16
-4
-18
-20
-22
-17
-15
-18
8
12
11
-2
11
-8
-8
19
12
-9
-1
10
-4
12
4
7
4
4
20
0
4
1
9
38
17
20
29
27
16
26
27
22
48
44
35
7
21
40
28
31
51
48
35
-3
-10
19
8
-7
6
1
-19
-1
-20
-23
-23
-5
2
-25
-15
-3
-7
-9
-8
-33
-4
-14
-13
10
-16
-22
-10
2
-1
3
-13
-15
0
-7
-26
-28
-35
-35
-45
-44
-10
0
-1
1
-9
-22
-13
-31
-19
-23
-23
-15
-19
-7
-18
3
-4
-22
-22
-22
-6
6
7
35
17
43
34
14
31
17
52
33
51
38
28
43
18
23
35
13
1
3
-6
-4
-14
1
-9
21
26
18
26
20
15
19
38
15
10
-2
9
1
10
7
4
18
-6
-23
-31
-10
-6
-33
-12
2
2
11
6
-17
-46
-39
-38
-26
-39
-54
-55
-38
-14
-16
-1
-3
-22
-42
-25
-9
12
0
-2
5
-4
-3
1
11
6
15
25
6
-10
-12
-37
2
11
-24
-16
7
1
6
19
13
18
23
15
7
35
4
5
42
43
9
18
15
0
32
21
25
20
23
9
1
0
-16
-6
22
28
12
-9
-28
-17
-13
-6
10
34
-3
-22
22
9
-9
-10
-7
3
-13
-17
-13
-34
-21
2
-15
-9
-13
-8
-3
-35
-50
-42
-40
-35
-35
-13
8
-3
-3
-6
-2
-16
-16
7
1
12
14
14
18
14
36
30
30
38
3
11
10
8
31
35
49
45
16
15
17
29
39
31
38
18
22
-1
-11
-3
-13
3
-16
-21
-22
-19
-16
-35
-41
-45
-44
-31
-29
-54
-48
-39
-38
-14
-20
-29
-2
-6
-12
2
15
-8
-5
18
-6
-11
8
18
-13
5
32
4
6
9
-9
0
22
22
40
40
25
23
29
32
12
25
15
10
17
11
22
3
10
23
24
21
22
19
-16
1
10
-13
-15
-21
-23
-32
-35
-21
-22
-16
9
-13
-31
-13
-29
-22
-16
-41
-24
-4
-11
-3
-11
-16
-2
16
-5
-24
-12
10
13
6
18
9
9
6
1
-15
6
19
10
25
9
-4
4
17
9
-2
18
31
-18
-31
-5
-4
-37
-31
5
-2
-17
-18
4
-6
3
12
29
55
41
12
-3
7
4
26
31
10
1
-4
-5
3
29
18
9
0
10
6
-17
8
-6
13
25
10
30
6
2
6
21
0
-5
6
-3
3
-10
13
-10
-27
-17
-31
-51
-58
-29
-3
-5
-22
-22
-38
-48
-48
-39
-25
-24
3
3
-3
3
-12
7
13
8
7
5
-4
-11
14
33
15
36
27
-18
10
6
32
40
20
14
12
12
-26
-14
0
-4
-6
10
7
-18
-32
-7
-8
-23
-13
-42
-16
-8
8
1
-31
-2
-12
-12
-12
4
9
10
22
22
45
25
31
16
19
33
29
60
40
17
-3
20
29
-4
25
34
28
30
24
42
9
25
14
-11
9
-29
0
0
-13
-22
-47
-39
-32
-45
-61
-34
-25
-44
-63
-32
-31
-35
-30
-24
-1
-19
12
1
6
29
16
15
16
25
19
14
8
3
0
11
20
15
-5
-32
-28
2
-3
23
24
4
22
-6
-11
-15
15
14
-17
-12
-26
-23
-25
20
26
14
18
-4
16
-10
-23
4
-1
-10
-10
15
16
14
16
6
10
-5
-2
-4
-6
-5
-10
-10
-11
-22
-21
15
4
-11
-13
0
-6
-20
-33
-16
-20
-43
-19
-15
3
14
34
19
9
26
27
32
38
29
9
26
41
43
45
31
38
38
10
23
12
32
23
-3
6
13
18
-5
6
6
-2
-11
-4
6
7
-12
-13
-10
-17
-22
-25
-23
-25
-57
-38
-20
-58
-30
-43
-36
-29
-32
-20
-19
-7
-19
-23
-32
-25
4
-3
-2
0
-13
4
-8
3
-14
-24
16
20
1
11
15
-8
-23
-26
-2
2
3
3
-2
0
22
19
10
-6
7
43
31
42
28
26
40
55
47
37
41
22
48
36
27
35
47
42
-7
28
31
-6
-1
-6
-3
13
-1
-19
-23
-29
-22
-8
-8
-41
-32
-13
-5
-32
-36
-16
-28
-35
-41
-4
-9
-26
-32
-38
-25
-14
-12
-28
-15
-3
14
7
14
23
6
23
10
4
-21
-20
3
-6
13
6
17
-2
-4
1
7
28
-1
18
24
2
0
26
9
-8
16
18
5
3
20
-12
-22
-17
-41
-33
-35
-37
-16
-12
-10
-20
-7
-9
-15
4
-9
9
9
4
32
34
44
40
20
28
31
28
36
16
13
35
10
13
23
-7
-2
3
-16
-45
-48
-38
-37
-38
-25
-6
-1
-7
-23
-13
10
-5
-3
3
-3
38
26
4
-9
-5
22
-5
1
-13
-25
-36
-26
10
-7
7
0
-6
-17
-28
-9
14
30
33
31
21
19
-9
10
17
2
28
14
42
51
2
-1
13
7
9
27
29
24
2
0
0
-24
-8
-7
-6
10
-4
-28
4
11
-8
-3
-4
-8
-16
-15
-51
-9
-11
-31
-17
-32
-5
-40
-29
-17
-24
-3
10
33
13
-5
-28
-20
-8
-18
-3
-17
-13
0
-10
-7
-8
0
-12
-6
22
12
9
22
9
4
20
-2
13
27
-2
-9
-14
-13
13
27
15
13
4
-3
3
-3
13
38
12
6
8
11
22
-6
-9
19
23
2
-3
5
6
1
0
7
5
10
-7
-19
-15
-32
-7
-15
-9
14
-26
-31
-19
19
7
2
31
23
13
-19
1
7
-10
-13
-17
6
-2
19
35
14
26
18
19
-16
-13
12
6
26
-9
-3
16
-6
-12
2
-15
-38
-9
-14
-11
13
15
1
-14
-17
8
-10
-14
5
-6
1
-3
3
-9
-25
-5
2
-3
3
15
29
5
-3
-9
9
19
-9
4
-2
-2
-5
-10
-10
-19
-9
26
23
16
24
10
38
26
21
25
10
3
-21
-25
-48
-42
-28
-29
-26
-13
-26
-58
-50
-18
-18
-24
-16
-29
-16
-15
-16
-18
10
12
17
33
38
34
30
46
-1
35
41
34
34
29
50
20
30
19
-14
-19
-5
-5
-4
-22
-10
-12
-12
11
-6
-9
-24
-25
-8
-9
-8
-10
-18
-23
-46
-18
3
12
-4
6
21
-22
6
10
3
21
26
29
20
4
0
-3
-6
2
9
22
12
6
29
19
23
23
30
35
29
53
22
20
3
3
23
-3
-9
-7
6
7
-14
-17
20
23
14
-13
-10
-19
-64
-46
-38
-51
-34
-32
-39
-44
-60
-42
-25
-16
-24
-35
-12
-8
-6
9
11
32
11
-21
-19
-25
-26
-6
14
-2
-10
-9
-2
19
38
13
20
32
39
37
7
4
16
32
40
47
32
10
1
25
26
17
-14
3
6
-7
0
-10
-5
-21
13
-12
-10
-40
-70
-24
-22
-24
-35
-5
-8
-34
-43
-35
-21
-7
-2
0
6
-16
-12
8
-10
-13
34
12
10
33
31
38
16
34
11
14
51
40
63
59
42
38
23
16
24
9
13
18
10
48
35
26
15
1
-7
-5
6
-5
-7
-31
-27
-11
-20
-26
-36
-47
-49
-49
-38
-35
-30
-23
-21
-38
-35
-27
-50
-26
-35
-51
-21
-24
-36
-9
-22
-27
-11
-15
-11
0
14
20
18
0
15
10
35
31
6
21
-1
4
4
10
15
34
25
28
57
30
33
38
51
38
8
22
28
33
22
23
10
-7
12
16
25
29
3
-2
-5
-21
-14
-25
-26
-34
-24
16
-4
-34
-26
-39
-29
-17
-3
-7
-23
-7
-33
-25
-6
20
-6
-12
-30
-49
-33
-43
-13
-6
13
0
-16
-13
1
10
22
13
-8
12
9
20
-6
0
16
-4
6
0
9
6
6
26
29
20
24
35
6
5
27
16
22
7
10
-2
9
36
18
13
-6
6
15
4
-6
10
0
-13
1
-10
-2
-25
-19
0
-13
-4
2
-3
3
1
-10
-2
-26
-17
8
-22
-6
-4
-15
-32
-40
-8
-23
-39
-24
-18
-17
-6
-13
-6
7
10
26
13
4
-3
4
9
-6
0
3
-5
-32
-24
-11
-27
-12
12
23
15
3
-12
-17
-7
14
24
21
22
32
32
26
28
39
22
13
25
18
33
29
33
29
13
14
16
-1
-22
-12
1
8
-13
-35
-32
-36
-44
-29
-13
12
13
-16
-29
-12
-13
-42
-4
0
-24
-18
-25
-23
-28
-14
6
-3
-13
10
14
3
23
10
26
18
7
42
29
9
13
48
41
25
6
-6
13
5
25
31
51
50
26
16
-7
-17
-32
1
-1
-4
-17
-18
-9
-43
-5
-3
-40
-34
-37
-44
-39
-43
-43
-34
-23
-34
-20
-22
-22
-30
-36
10
-13
-6
-13
-5
-2
-8
7
10
30
9
35
45
0
1
15
20
15
4
11
0
8
3
18
16
17
28
6
44
38
26
-4
8
20
-2
21
5
-19
-10
6
-12
-16
-13
-10
5
18
28
13
-5
15
1
6
23
12
4
-1
15
20
23
1
1
18
21
19
1
1
4
4
1
9
-19
-47
-12
-21
-35
-13
-15
-2
-30
-28
-32
-40
-10
-15
-13
-25
-16
-10
2
-3
-8
-18
-16
4
-4
2
-3
10
12
34
19
0
5
20
53
25
45
50
6
-16
-3
1
-8
-9
-22
-13
-15
-24
-15
-50
-73
-54
-47
-33
-23
-21
-18
-26
-37
-13
2
-18
-6
13
13
20
17
16
6
0
45
57
56
56
36
51
34
39
37
7
16
5
13
44
23
-8
18
16
6
20
18
4
-14
8
12
31
22
3
9
-14
3
6
-16
-30
-14
9
9
-10
-6
-13
-22
-2
-5
-16
-24
-22
-31
-52
-34
-24
-25
0
-13
-18
-12
-3
-3
-6
2
-8
-15
-4
-8
-10
-3
1
28
-2
-13
-17
-19
-12
-26
-7
-13
4
-10
-6
24
13
0
-9
16
7
-21
-6
21
-6
0
19
10
-2
-6
34
10
22
23
25
19
-4
2
-10
26
29
9
16
21
1
-8
-12
19
9
-9
-4
-24
16
-10
-18
-11
-15
-1
20
29
3
10
-5
9
-7
0
10
3
15
-3
9
10
23
6
-3
14
12
-3
0
1
-5
11
22
3
-15
2
-5
-17
-2
-12
-33
-34
-66
-54
-57
-47
-40
-44
-16
-15
1
7
27
23
25
-4
-3
32
35
45
44
17
11
25
8
12
8
-23
-25
-13
-11
-9
1
-7
-24
11
8
12
4
7
29
10
18
16
28
13
24
37
22
21
-3
-25
-30
-13
-11
-12
-8
-19
-32
-49
-44
-37
-63
-60
-14
-3
-18
-13
-9
2
10
10
-4
16
41
41
25
16
34
10
27
29
15
14
13
25
0
-2
16
45
49
31
14
7
6
-12
-11
-2
32
38
0
-4
-3
-23
-25
0
9
0
-8
-32
-24
-46
-46
0
-34
-18
-27
-35
-21
-43
-34
-35
-10
-18
-20
-20
-19
2
-12
24
21
-1
-11
-13
13
6
29
26
11
29
8
9
41
40
28
32
32
41
19
28
20
7
22
17
33
-4
10
16
1
0
4
7
-31
-12
-12
-20
-18
-9
-7
-3
16
25
17
-8
-16
4
8
4
-10
-26
-22
-25
-10
-18
-5
-21
-41
-25
-50
-69
-49
-16
-6
-15
-23
18
6
-7
-2
-29
-1
0
4
6
-6
2
-6
-3
1
6
19
24
4
-4
11
0
-17
3
-13
-12
25
23
-3
-14
18
12
6
10
9
-1
16
40
32
33
31
34
36
28
-15
-3
-19
-19
31
5
19
25
13
-1
-7
18
19
-1
-5
30
37
31
4
3
22
7
35
21
10
8
-4
-12
-25
-17
-18
-3
-16
-21
-23
-41
-23
-26
-37
-41
-25
-1
-26
-39
-29
-15
-25
-27
-6
-12
-7
-16
0
10
6
15
14
19
6
-2
-9
11
-2
-15
16
16
2
19
9
25
42
16
0
-18
9
-6
-17
-13
-15
-12
-26
-22
-36
-27
-8
-32
-32
-13
-31
-20
-5
-2
3
-1
0
-4
-22
7
16
-4
22
22
33
12
34
48
30
47
24
29
22
37
13
25
43
2
-2
-26
10
23
-9
3
18
5
-4
10
22
-4
-9
-10
-26
-20
-6
3
-16
-26
-19
-14
-11
-18
-29
-14
-22
-12
28
15
-3
9
14
-11
-6
18
26
35
20
20
16
31
35
16
29
-8
-1
-18
-53
-40
-20
-1
-2
11
-13
-19
-15
0
-15
-24
2
-21
-14
19
25
4
29
9
4
31
2
-10
1
6
-12
7
-7
-26
-12
-9
-19
-26
7
-1
-9
-18
-41
-32
-13
6
-1
-18
-31
-25
-7
-41
-25
13
-10
-3
3
-5
-1
-6
7
10
0
12
-6
6
7
-4
16
28
22
7
5
21
21
1
-6
-12
29
28
11
26
10
19
4
4
22
-3
0
13
20
5
-9
20
35
47
41
9
12
38
32
20
54
51
23
21
-12
-10
-15
-7
16
-13
-6
-19
-15
-7
-12
-9
-10
-10
-12
-26
-20
-8
-33
-42
-47
-33
-34
-36
-25
-17
-14
7
-1
-14
-19
-57
-45
-35
-41
-32
-15
-23
-25
-48
-34
0
-31
-31
-26
-28
-16
7
18
24
47
54
31
33
39
32
61
60
43
63
66
48
52
37
32
39
29
21
-6
15
15
-13
0
3
-15
-3
12
-3
0
-24
-5
13
-13
0
7
-17
-23
-23
-33
-23
-21
-3
10
-2
-10
0
-1
-10
7
5
2
-23
-30
-6
2
6
-28
-28
-12
-14
-11
-5
-3
-1
4
1
0
0
7
12
-15
-28
-7
-22
-38
-11
-9
-24
8
2
-6
-13
-12
25
15
3
19
24
23
31
12
19
-3
17
44
16
11
7
34
12
7
13
56
49
8
14
-10
3
4
9
0
-6
-11
-31
-38
-20
-7
-10
-14
-30
-23
-3
-24
-31
7
-22
-6
-28
-34
-6
-15
0
-27
13
-3
9
21
22
30
17
16
-15
-1
-7
2
-3
-1
-15
9
19
-6
19
13
-13
-30
-13
0
8
-6
-4
12
2
-6
-18
-31
-16
4
-1
9
10
4
6
-18
-15
-3
2
-3
-29
-19
-17
-4
-3
12
16
5
5
-1
15
22
43
34
34
47
41
23
26
12
23
37
11
38
26
8
4
-22
-12
-6
-18
2
12
24
12
2
15
-10
-8
10
-3
-3
-10
-21
-5
-7
0
-10
-19
-22
-32
-8
-24
-32
16
-1
-10
-13
-31
-26
-55
-51
-35
-38
-42
-10
13
7
-15
-18
3
-22
-20
-25
-30
-23
-9
-8
-2
-10
-15
1
-24
5
-1
-3
16
0
-6
3
12
1
15
7
15
43
31
28
16
13
22
11
21
48
65
52
39
41
44
41
47
80
41
17
39
14
0
5
22
29
6
3
6
-13
9
4
-1
-7
-21
5
-4
-24
-50
-25
-22
-26
-10
-44
-41
-32
-25
-1
-22
-25
-9
-48
-44
-19
-19
-6
0
-13
-48
-61
-46
-12
-7
-25
-18
22
8
-18
-11
-9
-10
13
55
9
4
2
-4
18
10
12
1
-5
-19
13
-2
1
20
3
17
12
0
9
21
22
19
10
9
-14
-13
-14
-18
-15
-1
16
-3
2
12
-4
12
7
3
23
7
24
16
40
40
26
24
25
14
-2
35
12
18
13
12
36
44
8
-14
9
3
-13
-18
13
-10
-31
-44
-25
-26
-40
-35
-46
-17
-35
-32
-21
-28
-50
-41
-22
-38
-21
-26
-16
2
-5
4
9
7
-10
-8
-3
-14
13
28
23
22
38
37
28
23
19
11
-4
5
-6
-1
-7
-13
-25
-4
2
-7
-2
-42
-22
-21
-16
-11
-26
-23
-20
14
8
-3
6
13
28
12
14
37
9
25
45
46
48
28
34
24
14
13
32
47
21
3
19
22
-4
-5
-4
3
10
23
31
23
24
29
7
-1
7
-21
-45
-30
-16
-15
8
-16
-30
-42
-27
-15
-34
-9
-12
-12
4
-12
-25
-13
-12
10
6
-2
-18
-26
-25
-33
-8
-13
-4
-15
-38
-25
-35
-37
-13
-25
-60
-62
-23
-8
-25
-32
-15
-10
-3
30
41
35
8
29
32
12
25
15
11
6
18
10
11
23
3
0
-16
-13
11
0
16
28
24
51
36
13
31
28
25
22
11
17
19
9
0
8
22
38
13
10
37
13
31
30
15
22
-2
9
11
-25
-22
1
2
2
3
16
15
-11
-9
-4
0
10
13
-1
-22
-16
-40
-34
-45
-40
-51
-47
12
-25
-10
-37
-45
-41
-44
-18
-19
-6
-22
3
-8
-11
-1
-12
-5
-7
-22
-1
5
-11
-6
-19
-1
3
-1
-7
-18
-16
-21
-17
-11
-9
6
5
-15
-4
3
1
-9
13
28
17
32
40
20
13
30
28
22
12
16
18
4
15
34
25
21
42
24
21
30
35
22
17
11
0
37
22
-7
13
3
-15
-2
7
2
-10
-12
-6
-1
-10
-6
-12
-16
23
33
-1
8
3
-20
-6
-9
18
-3
-3
7
-5
10
5
18
-5
-24
-47
-32
3
-28
-41
-37
-48
-19
-7
-3
0
-16
-14
-1
-29
-50
-4
-18
18
29
10
-16
-38
-25
-21
5
-29
-1
0
-22
-27
19
21
-29
-29
-27
3
-9
-13
-22
-2
-11
1
24
19
15
19
0
-29
10
18
2
4
31
6
-1
-21
30
47
-7
17
62
30
0
69
48
4
13
45
41
56
1
34
74
13
73
69
36
-14
15
-13
-32
29
-59
22
11
-57
40
-2
-56
-34
-11
-50
-34
12
3
-27
-49
-30
-28
-78
-20
62
-57
-15
-9
-82
-6
1
-19
-75
-10
11
-4
14
-50
-29
-68
32
91
-28
-14
-14
-22
-78
0
60
-12
39
56
123
-22
-59
72
6
15
55
43
-29
24
48
-45
-25
28
-55
36
38
-28
-3
18
53
-55
-27
-46
56
-46
-13
132
-40
-48
21
12
-98
55
22
-90
39
73
8
2
-35
-105
-61
33
52
88
15
-8
28
-95
33
27
-89
-17
160
50
-46
131
93
-147
23
86
-86
-10
23
85
-118
-35
-142
4
-20
-27
153
-130
41
-26
36
-136
52
-5
-92
263
-5
20
43
10
-73
-56
-7
-35
13
-12
39
39
-80
69
-15
-109
39
-55
38
70
31
-49
-29
16
-22
28
-30
77
-59
-99
134
-20
-208
66
156
-121
47
53
-11
-2
-28
38
-52
-99
36
76
9
-11
34
-30
-29
153
-5
-1
50
230
-25
71
63
-166
112
9
75
-206
38
-84
88
-7
-76
226
-394
-71
68
-38
-240
139
36
-148
138
-251
122
83
-221
17
123
-97
46
116
-90
-6
-218
-87
333
44
-225
202
-84
-173
217
68
-72
-32
80
40
145
-222
83
127
-302
216
175
50
67
121
-46
75
-40
-185
230
-97
20
101
6
-90
12
-115
-87
143
-318
201
200
-94
17
63
-185
204
-31
-178
284
-188
-82
-27
150
-225
404
-244
-123
159
-364
351
-47
76
-235
201
-162
-1
15
-239
-46
-144
-107
235
213
-287
115
-334
-23
-238
484
149
-133
38
17
-66
-190
248
-346
320
-30
267
-164
176
-207
-95
165
-469
476
-165
400
84
101
-472
-11
416
-410
520
-79
-377
292
108
40
-143
-21
1
-254
313
-335
427
-166
-194
192
-310
243
-225
350
-159
134
-267
244
380
-330
152
-293
315
-57
-14
98
72
-561
123
468
-548
295
131
-190
-167
110
-10
98
116
-290
321
-286
-357
453
-67
-120
1
160
-229
51
154
-186
9
-291
181
36
302
-19
-109
-317
-64
347
-63
-43
-24
21
-353
861
-408
170
-180
-192
443
-446
438
-838
742
-532
485
48
-447
510
-870
806
-562
830
-488
138
73
-422
706
-485
234
-383
164
-249
748
-183
-158
-121
-79
224
94
-131
-98
383
-942
782
-25
-236
-491
417
22
-670
744
135
-368
-246
629
-420
-45
99
19
29
294
-406
397
147
-1137
1207
-285
-370
172
556
-278
62
439
-1034
702
-663
684
109
-342
76
-437
734
-446
481
-199
-279
13
-68
600
-512
-323
399
-443
556
-247
-387
557
-490
-110
597
335
-916
1262
-428
-520
765
-720
433
121
-37
-162
493
-645
-37
866
-1049
417
143
-270
-40
265
-32
-553
427
-390
540
-716
691
-115
-877
1450
-478
-601
624
-11
-955
997
-71
-516
305
5
-816
832
93
-88
494
-1423
306
362
-434
-330
820
-600
-303
1126
-402
-469
-260
-701
1041
-294
601
1039
-1914
373
398
-110
-636
777
528
-818
1282
9
-598
-248
-380
685
7
-15
684
392
-919
189
833
-1508
531
638
-655
18
476
404
-334
-572
-6
396
-439
-212
823
-629
11
765
-1178
791
-557
-30
341
-62
499
-344
405
-989
747
-1396
859
688
-1637
1238
-196
119
-709
586
-567
-182
49
119
608
-1402
1141
329
-1487
816
759
-1023
467
-520
341
-361
922
2
-130
181
-1314
2578
-2146
1058
50
-502
877
-1044
1238
-1601
877
-685
377
517
-945
995
-797
482
-816
-547
560
-29
357
-141
699
-1019
187
752
-681
245
-592
429
872
215
47
-1001
765
-735
193
909
-854
974
-901
1623
-637
-533
49
-704
508
-520
1122
-207
74
-139
244
-413
180
-934
125
-76
459
165
-491
1213
-1358
680
-465
415
-773
69
259
-161
539
-902
822
-748
331
-140
386
-193
-765
1229
-815
-577
1061
-711
44
164
319
-114
-544
75
520
166
-1377
1502
-1326
97
895
-488
-154
1215
-549
-713
2316
-2383
1227
-56
-397
553
-191
-7
-252
1520
-1726
916
153
-1009
1048
-588
655
-949
366
31
-646
2180
-2009
-166
750
-222
-654
657
148
-935
1160
-1194
1346
-807
-1322
1704
-128
-944
256
466
-673
349
393
133
-700
-485
1246
-166
-694
485
327
-727
1172
-628
279
682
-1690
1151
368
-282
-920
2542
-2331
974
615
-2602
2391
-1030
477
-686
1014
-1099
488
-5
-374
980
-1399
-114
894
368
-1070
549
488
-804
-796
1240
-728
903
-1466
1486
645
-1552
1431
-1635
1121
-1440
-61
822
996
-1213
192
1032
-1958
1431
-1452
373
1076
-2148
1224
1318
-991
-76
64
527
-1886
1232
675
-445
565
-1077
1638
-869
58
251
206
169
-1373
2545
-333
-1363
837
-770
436
-743
969
-294
64
-272
-570
1712
-1942
4
590
-703
-254
1640
-1446
557
-478
-1519
2959
-1765
-184
1203
-568
-901
765
368
-1319
1041
85
11
1618
-1813
-11
1001
-1311
-21
846
-399
567
413
-358
906
-1261
-312
720
-894
-275
2037
-1774
1134
245
-967
1491
-1422
60
996
-669
-686
2308
-1443
-122
394
-221
-130
-184
110
-101
826
-946
-393
691
-152
-1447
1121
-236
-765
26
805
-242
21
-946
-40
1808
-1824
100
1235
-161
-1004
2135
-421
-1540
1037
273
-220
421
237
-376
81
579
421
-942
80
-48
1114
-1332
-296
1537
-583
-1177
1293
735
-2203
1290
-397
282
-262
-698
952
260
-558
-480
1441
-753
-57
130
179
-763
351
636
-390
-255
-513
892
-768
557
-1315
689
-268
-892
1437
-448
66
-1596
2015
-1714
241
310
-960
1803
-1021
584
-1425
1555
-420
-1294
1732
381
-1335
2155
-619
-417
721
-2070
2618
-1156
-3
573
-140
282
-24
-786
575
-165
-1621
2210
-274
-2244
2326
69
-1084
1422
-1548
1262
-1123
271
-101
70
1409
-1793
1118
-69
543
-1622
139
1889
-2215
947
496
-159
323
-1108
1262
-1275
1020
-882
466
1196
-2647
2310
-1763
1517
-1833
-124
2050
-2116
2137
-1664
1484
-655
-1703
2040
-1080
-784
957
1313
-902
42
138
-576
1341
-2384
1355
1480
-3271
2701
-111
-703
865
-1515
-25
1456
-903
-950
3437
-3515
271
1166
-1333
1213
-1022
167
-127
2025
-2396
1743
107
-2200
2324
-1005
244
795
-986
353
1054
-1918
1699
-810
-875
1797
-640
-1388
1549
-184
-1674
1839
-1010
279
-418
132
-187
462
-1542
1381
236
-2178
2410
-1194
1517
-1915
777
399
5
-226
-400
2913
-4117
1368
163
1140
-484
-3196
5496
-2609
-1389
3153
-679
-1102
317
512
-1637
3604
-3518
411
2576
-4249
2633
245
-178
-493
-710
122
986
-394
-635
710
-468
337
651
-917
1292
-1753
-352
2698
-2662
414
318
1588
-2323
1980
-580
-1397
1998
-2368
2291
-1369
473
-771
1064
-931
905
-509
-1753
3127
-2133
134
1897
-446
-2134
2379
-2078
1552
186
-1618
2246
-922
195
44
643
-2254
1731
-94
-1205
2181
-1231
-825
2664
-2040
34
670
-1801
2008
-979
-111
634
28
-1884
2347
-631
-1811
2379
-2141
607
1173
-1318
363
1271
-2665
1276
1156
-2030
1330
56
-927
1166
39
-1165
2473
-2151
-894
2214
-1282
-255
774
277
-1700
801
1204
-670
214
-1255
1073
114
-25
-137
-46
997
-2356
3076
-579
-1257
723
285
-494
-810
2490
-2701
1448
572
-2015
2219
-1746
622
839
-2182
969
-80
225
-1223
1333
-5
-249
469
-1534
3144
-3723
1316
1937
-3593
3328
-1291
-121
235
-40
-973
711
359
-1981
3912
-3277
1905
-687
-1119
1758
-1011
-332
651
1081
-2586
3838
-2717
-50
1350
-1845
1296
574
-1269
396
1026
-1232
189
615
-1550
842
1968
-3717
3753
-2028
-733
1806
-2098
1421
106
-70
-1929
4752
-4026
371
2008
-3722
3989
-2527
-627
1922
112
-2850
3604
-1271
-2806
3928
-2729
1592
685
-3628
3996
-990
-2867
3607
-919
-516
-753
2117
-1996
1004
-1837
2064
1092
-4339
4571
-1086
-133
-997
1922
-2098
1330
-1322
1339
1888
-2973
1585
595
-971
-1744
3506
-3325
2165
-1288
1263
-187
6
377
-1972
2116
-3047
2921
-1788
1254
-190
137
135
-632
809
-1915
1772
-1311
-327
1683
-682
-876
1842
-1412
-1305
1579
-742
-451
-76
1702
-1512
513
564
-938
1568
-2935
3709
-1823
-562
1912
-1296
1091
-1232
337
178
1046
-2866
2699
-443
-1188
1314
-242
-1442
1685
-198
-2388
3503
-2833
1672
-1891
2228
-255
-1578
1800
-1141
1103
-1448
1847
-2617
2191
-869
454
-107
-2273
3374
-2481
730
293
-237
-1215
2028
245
-849
127
-2128
3949
-2816
632
2136
-2970
1549
1590
-1416
-1165
2220
-2219
240
2629
-2955
1872
881
-3008
3195
-1745
-1033
656
733
-696
-496
2691
-3217
3148
-2488
594
1153
-1815
2108
-2390
2205
-2037
1788
-766
-875
2201
-3789
2348
255
-1439
146
647
494
-1904
1672
588
-2056
969
173
-105
258
-368
1142
-1693
523
-231
133
523
-1447
2728
-1854
626
347
-1541
227
-99
130
-115
846
-82
199
-1275
1261
-260
-520
-139
1775
-813
-236
1543
-2304
1652
-2468
1926
379
-1404
1797
-143
-1108
13
665
-1715
1678
-1211
190
1757
-330
-2037
2620
-1665
-735
2173
-3313
3661
-1795
195
1154
-1197
-62
-138
374
183
754
-1933
2510
-1408
-962
2260
-2100
72
749
-210
1313
-296
-242
191
-50
-1705
2494
-977
-2396
4027
-2424
1421
-1435
1046
-136
-1191
1605
-1737
825
-1617
3012
-2630
499
871
-3022
4231
-2429
-66
2666
-4309
2575
910
-1697
-165
1383
-527
-1670
4478
-4599
1508
997
-1785
1733
-856
-218
-454
1795
-1988
1515
275
-2834
2453
70
-1126
2168
-1854
1206
-991
753
1164
-2101
1195
-1785
1790
-1317
1348
-918
-164
2168
-2753
1521
-328
-854
683
-1788
1325
-287
291
214
-43
1863
-4252
3221
-1092
260
457
-1874
2364
-796
21
-916
2174
-2018
-1076
2629
-537
-1392
1427
-350
101
-578
680
-612
1167
-1005
332
2051
-4117
3230
-935
372
-1884
2249
-963
177
1243
-2555
3711
-4032
665
2255
-2579
1131
874
-2768
3030
-1082
-360
736
102
-1827
1382
1808
-3394
3979
-3790
402
2217
-3151
2940
-977
-805
1227
-508
193
-1584
2710
-3296
70
3454
-2848
1734
-1594
1821
-2140
190
2443
-3104
2795
-1223
630
706
-2515
30
1641
1005
-3383
3670
-700
-1474
2343
-3131
3373
-3887
1454
2497
-1705
984
-941
1135
-1399
702
-2618
4571
-2605
-1158
4653
-4335
932
491
-871
-145
791
-2529
2965
-607
-1814
3737
-2889
41
620
-115
-1357
2141
-1510
-473
2821
-3006
1745
-1281
1474
-1122
-485
868
-733
1938
-1420
1266
-1823
997
459
-1638
2165
-1425
-388
1557
-1050
617
-199
-439
-577
2093
-1499
-1156
3919
-4948
2807
766
-2668
3099
-1978
-716
1214
1804
-2938
2364
413
-3609
5070
-3288
861
133
-1607
1693
-1307
2191
-1738
718
-640
474
-1559
1107
1434
-3427
2992
-1132
-1146
1625
-100
-1091
1531
-1432
844
-353
-611
2891
-3447
79
2495
417
-3756
2253
-100
-1089
1839
-2062
3259
-2301
-1042
3185
-2008
-440
225
-1535
3183
-934
-1438
2822
-1576
-782
1207
-500
-2040
3814
-2569
-787
3964
-3241
816
966
77
-3369
3033
-475
-811
3016
-2551
1660
-632
-650
10
-467
210
802
-1825
2635
-497
-1182
1116
-1089
-346
-204
486
-242
439
-2288
3625
-1629
-1506
2529
-1704
-360
1306
-212
-1083
600
-206
1499
-1622
605
-646
-18
976
-1434
1694
-250
-86
-281
774
-103
-1507
2015
-1115
1074
-333
-814
1667
-2711
1964
-402
180
-625
312
51
-280
992
-1752
2039
-1351
-1451
2308
-185
-2111
2590
-2052
1455
677
-702
1860
-2425
-1306
1155
2065
-3135
3034
-118
-1773
2239
-1700
-57
704
-1432
196
774
916
-478
-119
-40
-58
-1640
686
2001
-3900
3862
-2223
362
-565
1218
-442
-1463
2602
-3776
4739
-4411
2874
-692
-951
2010
-2820
2981
-1011
-876
914
1043
-1536
797
-1069
1722
-1191
2183
-2860
1541
855
-2839
3981
-4123
3614
-2919
859
383
29
-210
-163
2144
-4750
5010
-2902
-539
2799
-3077
1223
-1086
1151
453
-1197
286
-14
649
-1211
1199
772
-2579
1177
1095
-2349
2946
-1921
-14
3052
-3068
303
1019
-1055
-1096
3288
-3074
1255
1687
-3624
3436
-434
-3109
1924
823
-2541
3177
-2057
-680
2913
-2683
315
2178
-1490
-888
2810
-3592
1567
-281
-2330
4523
-1869
-1221
1240
-616
679
939
-1920
1169
140
-509
866
890
-2536
191
1256
-1302
2457
-1708
1054
-19
910
-1947
-815
2086
-2025
1159
400
289
-739
777
-909
-448
205
-1604
1686
562
213
712
652
-1967
852
207
-3340
4130
-2265
96
1954
-1359
418
840
-969
-1753
2633
-1196
-540
1590
-803
-924
1967
-2709
2100
-2771
2109
-852
-1104
3573
-4291
3199
-3238
4648
-3972
1474
843
-3341
5256
-4639
2256
-122
-1806
1436
-485
537
-216
432
-512
-661
5394
-6313
2130
551
-2296
2369
-1646
2624
-2255
2189
-3128
2630
-616
-2721
2753
-1472
669
1483
-88
0
-589
-2168
1741
-249
540
31
-605
443
254
-885
996
127
-1751
1756
-370
1012
-899
455
424
-2798
2552
-1819
1311
-686
271
861
-2894
3765
-3584
3130
-1237
-1484
2871
-2244
1139
-1127
1216
-2932
1899
686
-293
1635
-978
707
-1190
-147
1360
-1042
-1661
2599
-34
-307
-836
1034
-1664
-465
1849
820
-1225
-1133
2165
-1814
1667
-2174
638
1140
-266
273
-584
486
-2434
1943
-729
211
1210
-1579
2198
36
-3517
1296
-223
-2040
2804
-1144
120
2057
-2845
1424
624
-3637
3346
1214
-2733
3111
-773
-2123
1934
-1139
-441
1882
-1206
1598
1207
-2067
-33
-831
39
393
1222
232
-1127
786
-565
-1390
1309
-1387
-466
1087
1172
811
239
-1167
-1696
1063
-766
1793
-755
579
-2293
1544
1163
-1432
1368
-3878
2477
343
7
-583
393
-2094
420
1847
-1276
1839
-2113
583
1081
440
-1288
-149
-60
378
1242
1076
-1645
-407
2150
-1803
1166
-1024
200
-159
-98
1868
-2314
444
-496
116
1393
-722
394
-1001
1482
-2284
263
1193
-1111
1325
-2823
3240
313
-3037
2247
-356
-1191
1302
-192
79
357
-413
-773
2852
-3871
855
1818
-4786
5277
-3475
1131
984
-1131
205
-137
-292
-1211
1617
-2053
2926
-1619
1300
643
-1508
1242
-1177
-378
1954
-327
-1105
1953
-1865
1780
-347
-1476
1400
-392
-379
758
1046
-3289
1495
464
-1223
2636
-2716
2298
-1015
-723
938
-663
345
-1329
1820
-2399
1988
-785
1191
422
-1557
1199
-1210
396
-544
283
-1408
1456
71
-290
1466
-148
-2096
1001
818
-1841
2065
-697
-745
2159
-624
-1142
436
174
108
804
-1011
1116
-808
-1812
3353
-1628
-304
-487
-386
685
-132
261
-1398
-39
-33
725
461
755
-1747
-186
365
429
1125
-1248
-1291
744
794
-975
2556
-1740
-15
599
-198
1084
-1376
870
-1163
499
102
2122
-1523
-1654
1577
-1239
1072
107
0
-313
-490
25
-66
390
-107
-1993
2292
240
471
155
-1993
1874
-1535
902
522
889
-520
-855
1857
-2024
964
-119
-2515
1825
781
-1674
1855
35
-1921
464
-1003
1507
1003
-2867
814
1313
-1310
1028
-422
-1182
1007
-57
-334
1762
-383
-2645
1203
525
84
133
-1123
1242
-349
-279
1563
-810
-96
-760
419
296
-347
325
-1147
887
-835
243
1256
-1141
11
211
-2082
2133
588
-1616
1312
-411
446
-627
2005
-635
-1025
-8
441
821
-1831
3116
-1101
-1931
1463
503
-454
-684
-329
1247
-1275
103
2411
-2485
1002
-1115
-87
489
-492
1083
97
-315
-1479
1830
-699
-491
777
-589
556
625
141
-378
-193
271
-513
763
1231
-1238
1914
-897
-520
1187
-877
2050
-1678
881
1554
-1246
189
599
-1193
-371
1386
-994
1671
-1650
-1010
-402
-1523
1089
-109
-1428
875
-1290
-1501
840
-2571
931
-1469
-30
390
696
131
-308
19
-1206
602
-1437
3049
142
-942
451
-1033
775
1746
-1795
-13
132
-1175
-149
487
-224
-3491
15
-745
250
-331
-711
-395
-356
-1291
67
847
-546
1173
328
-39
1870
1581
736
3666
341
2285
3819
3328
3902
1857
302
2286
3129
3109
3986
1163
1410
299
25
361
194
-1886
-1474
-2327
-1108
-1143
-3677
-3417
-5427
-5475
-4845
-1275
-2254
-3611
-3261
-3999
-2764
-1572
-1789
-1599
-1485
-1472
145
2082
3329
1339
308
1056
1726
4100
6287
3110
1888
2212
2337
3825
2665
1284
377
485
832
2400
2355
-1003
-3730
-3565
-825
-644
-42
-5
-4368
-3914
-2330
-1667
-1670
-2841
-2922
-2085
349
1601
344
-2939
-3055
-1616
-43
2463
1546
-1892
-2516
-928
852
-493
-1696
-1211
-591
1779
2380
1021
-1827
-1315
19
-34
1607
1012
2463
3561
3285
4561
2729
1787
3908
7011
5145
3481
2866
3892
6288
4692
3622
3767
2996
118
1411
2393
1913
-1355
-3521
-1272
-1111
-1630
-1752
-3786
-8082
-9007
-5117
-1992
-3029
-6623
-7799
-5019
-6478
-4377
-4747
-5581
-4100
-5461
-284
1223
288
-1505
-3862
-2747
909
5776
7199
3544
2449
3705
5336
4808
3659
5110
3837
5148
6542
8847
6311
-528
-2716
-919
2258
2136
1852
970
-2518
-4426
-3563
-2699
-4595
-7013
-4343
-2991
-1821
-1457
-3957
-4428
-6402
-6542
-1143
1718
58
-1124
-1429
167
1082
603
771
-109
-277
2013
3112
2930
154
-2241
-1580
-611
354
1996
771
-1094
489
20
133
-1730
-988
924
639
232
1317
4288
4181
4715
1346
2357
5173
7349
9139
7294
3007
-161
5703
10099
8678
4142
3012
2655
2664
2129
2051
1788
-2653
-5668
-2431
2402
200
-5834
-11454
-11342
-8972
-4147
-2532
-6175
-9809
-11157
-9428
-6368
-5173
-8400
-8671
-7352
-3962
950
1275
-1753
-4896
-5120
461
5404
9893
6564
1709
4237
7159
10402
6430
4934
5956
7165
9001
10271
8998
3609
-2546
-2673
3628
4272
1134
-1804
-2000
-4234
-5142
-5227
-6305
-8821
-8495
-3482
-1049
-1984
-6443
-8035
-7441
-6460
-3232
2243
1211
-575
-7
806
1771
140
1078
1371
2745
4995
5294
3768
737
-2469
-2534
-207
1154
3550
4370
1769
-1111
-2213
-1950
-1873
38
845
712
-483
1963
6139
6026
1638
-4696
939
9558
13054
9107
2723
-1094
982
6292
10782
10247
2515
-356
681
6012
4272
-52
-3906
-6113
-3572
877
5255
-192
-9991
-17310
-14102
-4365
1182
-2448
-9440
-11638
-10096
-7435
-5814
-6116
-7956
-8177
-5215
1142
4545
494
-5596
-8827
-3685
4789
10665
11521
5926
1342
1883
6456
8123
7229
5868
5716
7290
9946
10383
6269
-1185
-5547
-2405
4077
7794
3143
-2534
-7391
-7649
-5636
-4647
-5075
-6511
-6277
-4717
-2689
-3250
-5885
-8506
-8646
-5148
1492
4093
2169
-2960
-3663
-399
2037
2984
3356
3454
1886
2368
3456
3132
-539
-2254
-1988
944
3643
4330
2317
-822
-3130
-3052
-178
548
2237
1026
-353
-1606
2300
6958
6649
1405
-2372
4378
11120
12342
7080
1198
-2335
2998
10970
13893
8924
909
-2129
943
4834
3844
1124
-3772
-4138
-2739
1457
2049
-4323
-13219
-17249
-9818
-796
1274
-5514
-11830
-12918
-11662
-9190
-5009
-3543
-5861
-7736
-5562
-203
2037
-1489
-5791
-5546
-439
7244
12026
8543
2234
-230
3048
7113
8129
8677
7487
5610
4303
6400
6881
2860
-2425
-2854
913
3215
2008
-1287
-4171
-7781
-7425
-6283
-4788
-4168
-4049
-3951
-5047
-4700
-3927
-3484
-3740
-3985
-1133
3214
3707
1815
8
746
1854
2871
4986
6721
4065
2060
2168
979
1526
925
-785
-735
-410
1063
3026
636
-2455
-5106
-3214
-683
832
1877
-239
-2992
-1787
5537
8579
4282
-2083
727
8888
13983
9549
1863
-1161
2188
9316
12740
11829
3397
-1837
-1650
2486
4702
1810
-2923
-5977
-4081
-1012
-570
-4113
-10912
-16982
-13808
-6130
-396
-3144
-9991
-13807
-13940
-11130
-7608
-3477
-2147
-4512
-6547
-3287
900
2148
-1233
-4036
-1617
5924
12652
12058
6968
2603
2404
4275
8054
12075
13005
7740
2478
3107
6466
5557
809
-1959
-1386
906
1332
921
-2258
-7781
-10590
-8894
-4877
-1851
-1743
-3968
-7103
-8189
-5859
-1516
-291
-2722
-3122
153
3773
3166
1590
218
408
2513
4211
6838
6565
2939
-401
-1998
601
2964
1481
-1098
-2780
-1308
827
442
-1470
-3434
-4332
-4269
-1573
1872
2444
-2409
-6155
-459
6623
8252
2279
-278
3890
8889
10830
7254
3088
-173
3224
10702
14577
9412
1832
-506
935
2890
3529
1613
-910
-2638
-3350
-2185
-3016
-4511
-10306
-14243
-11224
-4955
-2410
-4994
-8498
-12222
-13638
-12378
-7100
-1575
-893
-4842
-6476
-4103
-567
399
198
-205
254
5462
9969
9848
6697
3644
3450
4208
6032
11295
12647
8180
2600
932
3254
3804
1942
347
-307
-1540
-2088
-1072
-2435
-5806
-8414
-9706
-6440
-2694
-434
-2396
-7198
-7738
-5595
-1542
89
-168
-70
-211
1436
1837
2530
2876
1868
2778
3638
6105
5947
3360
1319
-1031
-186
1102
1371
515
-1359
-1529
-979
-1858
-999
-1107
-2997
-5233
-4050
280
1844
-349
-5138
-1384
4332
6448
3064
166
4409
7919
9809
7012
3085
832
3912
10492
13533
9250
3628
700
1487
2804
2272
1414
-332
-706
-2021
-2893
-4874
-5583
-9654
-12640
-11177
-7113
-3209
-5279
-8400
-12510
-14627
-13917
-8634
-1922
-209
-3174
-6615
-6996
-3453
-455
1745
1652
1623
5116
8301
9777
6650
5008
3904
4764
8261
12250
13705
8406
3085
1685
5015
4934
2659
3350
1459
-1169
-2733
-1003
-1202
-5785
-6528
-7178
-5736
-4480
-3101
-2355
-7201
-7335
-5660
-2189
-202
-754
-549
-3150
-1331
1241
2657
2424
1384
3091
2166
2863
4183
4061
2886
-152
1443
1902
151
-685
-1672
-588
-1986
-1865
-564
-130
-2715
-6947
-5412
-1974
1283
-23
-1957
-4007
-3380
854
4532
6428
2943
1694
3913
9233
9718
4413
433
2498
11514
14977
11223
6136
2026
696
243
3317
7133
5094
1138
-3388
-4760
-5564
-5404
-4517
-6239
-8294
-9129
-6638
-5656
-7759
-11857
-14241
-11889
-7387
-3792
-2477
-4777
-8231
-9953
-6787
-573
3695
3874
958
434
2415
4246
4391
6711
9361
10062
7364
5657
7374
8518
7830
5578
5862
5306
4849
4863
2936
-982
-3312
-2159
-334
-653
-2433
-4839
-6909
-7979
-7413
-4410
-2952
-3303
-5271
-5977
-5109
-3868
-3094
-2160
-754
539
404
-93
1035
2848
3057
1039
1394
3758
6603
6071
3195
445
-180
4
673
2139
3481
2347
-2192
-3978
-3810
-1292
-1949
-2057
-1622
-1286
-793
-2976
-3367
-5254
-3028
863
6593
7652
2326
-111
191
4729
5629
4937
6151
8759
11624
8956
4443
2465
2396
4232
5308
7074
6331
1929
-2280
-4259
-3926
-4728
-2987
-880
-1962
-6979
-11744
-12003
-9947
-7934
-6786
-6971
-7786
-8985
-10332
-9816
-8942
-6356
-3713
-2367
-1213
-1059
-1545
-2023
-1454
1175
3907
7109
10346
10947
8052
2345
2175
6411
10491
11721
11102
10287
6267
2675
1249
2165
3359
3755
3650
2476
-54
-3799
-6513
-6683
-5876
-3492
-1807
-2354
-4067
-6918
-8249
-8234
-5932
-3241
-1656
-992
-595
-1347
-3045
-3039
-1756
946
2551
3304
4311
4373
2715
291
911
2779
3488
2580
2975
4217
1793
-1273
-2756
-1048
-401
-861
-239
566
36
-3127
-4901
-4103
-1977
-1441
-431
-294
27
50
90
826
458
1294
2794
6178
7443
5963
2463
1907
4041
5830
6315
5804
6167
4826
2954
655
739
1415
2008
1469
593
-757
-2691
-3257
-4692
-5990
-6767
-6516
-5379
-4427
-5374
-7070
-8910
-9294
-8096
-6421
-4889
-4039
-3816
-4304
-4358
-3174
-1157
-544
-235
1156
3221
4233
4133
4498
5369
5076
4922
5488
6446
6970
6374
6074
5243
4474
3399
2077
564
860
2131
2347
1118
-1372
-2632
-3320
-3914
-3840
-2631
-2402
-3208
-3817
-3770
-3436
-3890
-3735
-3393
-2536
-882
415
528
-902
-1366
-482
498
644
1044
3112
3508
2398
699
1163
1585
868
1568
2228
3359
2164
737
-556
-667
15
442
781
332
69
-895
-1055
-1577
-1082
-339
378
348
-708
-557
-325
-281
-813
-300
924
1367
1390
1588
1286
411
583
1801
3316
3569
1772
175
654
2400
3213
2458
1257
465
-408
-1139
-425
258
164
-1030
-2314
-3161
-3303
-2273
-2547
-3115
-3745
-3915
-3316
-2579
-2258
-2877
-2961
-2573
-1900
-1660
-1408
-769
-481
-452
-79
788
1201
646
597
1168
1283
1214
1444
1930
2124
1902
1272
1586
1859
917
614
1467
2020
1026
51
155
103
-80
-41
592
562
-555
-1336
-1229
-585
-619
-593
-282
242
121
-1024
-1602
-812
27
220
319
440
454
-209
-410
102
710
743
361
586
947
1032
654
316
862
994
336
-110
556
1333
1037
465
97
270
329
44
-575
-550
-112
-520
-1041
-893
-681
-677
-1081
-1414
-837
-243
176
-426
-937
-395
-23
-12
173
418
512
430
-168
27
928
1364
795
594
971
841
772
707
880
859
971
839
893
1523
852
-265
-672
-137
349
425
309
-229
-555
-821
-1387
-1459
-856
-770
-1116
-1434
-1561
-1662
-1289
-1194
-1454
-1271
-919
-453
-504
-146
-127
-670
-1131
-1236
-87
1100
1282
520
-618
-1335
-1306
-371
799
1017
437
-251
-226
-467
-691
-426
-47
385
166
-102
-28
240
-47
-530
-631
286
1128
1167
763
360
731
963
664
848
1631
1708
1180
841
1145
1581
1482
942
1246
1748
1670
844
208
265
146
28
-478
-406
-275
-554
-979
-1584
-1699
-1377
-1157
-1055
-1240
-1095
-1194
-1672
-1914
-1681
-662
-240
-140
-484
-435
-229
-178
227
708
1437
1745
1397
835
884
1374
1962
2040
2026
1878
1626
1321
891
874
1045
1094
812
685
468
-23
-548
-739
-848
-903
-1090
-1221
-1510
-1959
-1961
-1822
-1436
-1549
-1693
-1820
-1813
-1425
-1221
-1054
-991
-925
-652
-552
-445
-306
-320
-298
-553
-182
160
420
700
577
314
-271
-180
450
1130
1267
738
282
-205
-324
184
874
1044
606
352
433
909
831
806
1194
978
767
624
838
1056
882
538
413
897
1288
1013
228
-282
-155
122
440
173
-406
-886
-1302
-1114
-1024
-802
-675
-752
-1247
-1722
-1314
-655
-342
-1053
-1397
-1241
-613
-140
-524
-628
-519
-266
-146
103
348
536
644
813
1170
1141
691
480
971
1545
1532
978
844
876
951
890
854
1046
846
771
822
873
550
-102
-407
-306
-86
192
409
285
-374
-887
-1116
-920
-249
132
171
-269
-790
-1278
-1359
-836
-457
-729
-1093
-1222
-848
-858
-1518
-1634
-1306
-816
-611
-421
-427
-701
-1053
-690
-83
228
106
-222
172
395
506
527
788
837
925
1368
1782
1791
1242
1068
1289
1774
1777
1325
880
709
551
907
1183
803
-116
-1127
-1044
-495
-92
-505
-1183
-1434
-1441
-1663
-1807
-1630
-1366
-1264
-1340
-1327
-1152
-988
-924
-976
-932
-431
5
709
946
687
364
250
558
1025
1799
2125
1807
1041
623
960
1518
1561
1105
867
863
550
389
109
-177
-302
-523
-375
-403
-269
-605
-1154
-1287
-1192
-947
-758
-494
-257
-124
-470
-797
-884
-340
317
787
1026
485
-140
-192
238
729
878
621
301
35
-6
12
87
-129
-477
-724
-443
72
-10
-480
-1113
-1089
-281
279
143
-252
-549
-410
-165
435
675
463
430
621
932
1085
1431
1590
1589
1102
804
1250
1655
1354
864
563
388
174
45
91
-69
-401
-1271
-1700
-1558
-1143
-1179
-1671
-2168
-2519
-2503
-2211
-1729
-1715
-1949
-2223
-1947
-1452
-976
-795
-652
-358
-313
81
824
1497
1450
939
784
1398
2261
2626
2214
1678
1381
1362
1546
1696
1626
1276
913
472
236
-37
-66
-60
-305
-602
-854
-721
-715
-1075
-1352
-1285
-911
-728
-733
-405
-166
-226
-652
-688
-81
725
885
498
474
506
618
505
585
827
786
475
341
545
615
151
-270
-172
-177
-211
-310
-163
-104
-350
-804
-939
-484
-142
-149
-239
-75
-18
-195
-209
273
722
888
591
499
946
1240
1256
935
833
883
996
1120
923
743
644
266
-190
-426
-374
-209
-423
-1083
-1684
-1844
-1817
-1895
-2028
-1986
-1971
-2260
-2598
-2526
-1991
-1526
-1535
-1549
-1236
-838
-659
-588
-53
618
860
967
1169
1489
1774
1678
1743
2081
2392
2335
2078
2038
1753
1410
1291
1444
1403
965
443
161
172
-152
-483
-500
-632
-1001
-1367
-1353
-1123
-1144
-1224
-1182
-1193
-1318
-1433
-1127
-568
-244
-339
-623
-481
-51
186
239
402
581
736
832
818
935
948
819
822
1082
1083
924
828
709
638
513
428
282
177
70
139
114
-137
-387
-495
-358
-259
-143
21
24
-286
-494
-214
314
487
319
38
168
587
711
568
444
437
224
179
291
395
153
-338
-525
-464
-466
-894
-1322
-1207
-1026
-1165
-1401
-1684
-1857
-1915
-1749
-1476
-1255
-1229
-1395
-1369
-1229
-1029
-699
-215
97
-7
25
343
599
686
620
813
1231
1521
1492
1231
1082
1078
1108
1292
1430
1375
1185
781
540
491
619
591
408
234
-94
-145
16
82
-129
-418
-526
-492
-367
-200
-84
-217
-546
-674
-451
6
144
-67
-55
36
161
361
505
464
355
320
412
647
765
660
547
539
424
215
184
383
601
567
155
-314
-377
-237
-247
-259
-191
-152
-419
-863
-938
-594
-231
-322
-601
-591
-384
-275
-325
-380
-346
-328
-443
-361
-11
218
-78
-584
-617
-210
115
73
-89
-272
-407
-363
-279
-214
-330
-596
-570
-236
24
-89
-380
-611
-594
-217
134
249
174
-21
-265
-313
-54
341
544
364
19
-20
351
623
599
401
326
439
458
462
521
572
430
150
187
496
599
274
-60
-38
205
357
270
79
-145
-351
-357
-89
137
38
-216
-389
-414
-272
-48
105
57
-77
-71
100
342
409
317
244
271
447
611
670
701
639
535
427
429
648
849
831
562
226
8
19
174
279
292
84
-356
-620
-396
-29
-32
-442
-804
-788
-569
-453
-497
-566
-787
-1122
-1192
-932
-654
-658
-833
-939
-949
-948
-899
-654
-521
-615
-688
-559
-427
-479
-403
-231
-83
-58
14
378
661
452
40
45
499
901
790
495
436
533
527
441
538
613
512
351
346
487
557
470
271
89
-9
141
322
342
140
23
119
98
2
-28
176
244
177
92
111
106
-231
-411
-260
107
197
-47
-205
-226
-227
-176
-41
119
127
-73
-74
22
95
-78
-260
-29
353
554
452
354
267
121
-40
40
354
581
502
217
-19
-111
-50
74
233
300
342
247
38
-115
-98
83
234
229
64
48
-14
-108
-237
-321
-288
-269
-211
-392
-423
-424
-584
-896
-1127
-901
-554
-392
-694
-952
-1016
-884
-698
-623
-541
-486
-502
-511
-392
-223
-112
-223
-154
-43
176
356
403
326
200
256
393
712
778
688
557
532
534
481
529
639
667
566
432
484
603
479
316
227
435
614
580
387
148
56
121
182
113
-23
-137
-134
-110
-90
-122
-160
-220
-294
-429
-391
-231
-251
-435
-486
-276
-106
-120
-236
-77
133
198
40
-88
-50
17
63
2
40
13
24
-40
-113
-62
-111
-142
-42
47
44
-29
-164
-252
-229
-64
105
124
32
-10
21
109
232
240
230
272
290
270
163
171
166
159
206
210
242
193
152
10
-112
-101
-3
-73
-198
-269
-444
-519
-525
-373
-259
-257
-448
-576
-544
-469
-415
-442
-330
-307
-248
-278
-257
-255
-311
-245
-152
-19
22
98
75
-23
-22
61
83
141
282
433
468
426
382
345
371
357
431
535
673
671
423
245
255
450
518
393
273
215
189
103
163
294
269
167
196
310
273
60
-146
-102
73
142
27
-77
-141
-233
-227
-172
-131
-144
-264
-473
-630
-589
-546
-484
-519
-586
-503
-538
-565
-487
-359
-472
-556
-397
-369
-348
-303
-90
82
145
441
503
702
406
587
298
99
23
-412
-8
-376
861
263
843
607
594
804
-12
459
-1307
-689
-1684
-657
-484
226
1005
509
962
468
658
-470
-188
-784
-703
-929
36
414
535
376
251
574
123
721
339
366
-305
-176
-278
-84
-36
102
75
-3
468
436
627
240
67
-306
-124
-233
-414
-13
-136
0
23
-50
-19
-282
-209
-367
-452
-330
-32
-107
-229
-221
14
41
-80
211
503
561
130
380
184
323
120
124
383
449
521
260
128
-21
48
-100
-228
-271
-456
-636
-562
-793
-330
-443
-366
-638
-669
-569
-595
-463
-499
-18
-265
45
-301
-114
-73
7
133
119
185
238
420
305
372
265
462
365
258
275
564
594
401
-46
127
187
229
190
392
406
116
-168
-394
-84
-265
-143
-452
-147
-181
-122
-135
-164
-136
-123
98
94
189
-46
-51
-158
-56
133
430
541
576
303
343
314
455
304
229
299
247
173
-92
155
23
145
-68
-46
-182
-209
-321
-488
-330
-433
-230
-246
-200
-111
-161
-170
-396
-369
-387
-326
-178
-169
242
94
334
82
251
227
92
-29
-339
-190
-515
-325
-334
-137
-260
37
218
588
631
661
405
111
-243
-425
-428
-513
-557
-800
-22
-40
755
437
1047
589
182
-143
-605
-497
-1510
-710
-887
242
285
845
788
421
351
-186
58
-482
-112
-604
-123
60
382
499
261
288
-13
151
-32
94
-74
-193
-325
-162
54
86
142
155
269
323
279
199
219
-157
-268
-211
154
234
487
681
649
674
355
458
-133
133
-77
-350
-358
-455
25
-48
415
367
524
263
83
128
-302
-273
-420
-326
-250
-151
-24
-229
-187
-219
-235
-247
-465
-143
-421
-310
-551
-441
-138
-606
282
-474
-32
-280
-242
-117
-614
383
-676
831
-189
159
490
-177
171
-802
343
-602
548
42
318
700
125
839
-308
356
-24
403
404
250
698
197
636
-50
388
350
-125
-92
-317
404
-121
114
28
-212
-287
-98
-86
-738
-748
-570
-423
-92
-47
-503
69
-667
-272
-689
-106
-109
68
313
41
716
-268
371
-232
468
-821
332
207
304
737
662
757
-320
1417
-572
770
-1056
-89
130
-656
586
-64
1057
-511
1869
399
-551
164
-993
395
-320
71
-187
81
660
-217
1238
-467
138
-516
-791
482
-718
441
-1009
322
-182
-115
144
-246
20
-879
-166
-381
-585
126
-370
-782
-240
-697
282
-998
860
-552
51
5
-173
607
-1877
1150
-805
770
163
624
794
167
1884
-272
1115
-23
-149
839
-369
257
643
13
1078
964
862
-656
-139
-732
-1097
595
-1741
80
-295
-224
1097
-577
-225
-1370
-727
-472
-881
506
-1588
782
-1003
83
928
-512
1020
-2538
1707
-1546
374
885
-418
286
-1267
2043
-645
1897
-254
-130
582
-703
1276
284
43
-167
-236
1056
106
849
916
-519
174
-1242
115
-261
14
154
865
459
-390
771
-380
-484
-326
-949
857
-593
277
1649
-666
897
-1488
760
-300
115
355
-441
-304
-1012
2235
-584
1281
-123
-1517
-101
-600
-246
-873
-393
-40
-141
710
225
817
-1504
-1353
362
-1910
-340
276
545
670
847
107
686
-311
-54
-1381
168
-1027
553
1879
-370
2395
-353
528
-1457
2049
-1268
-589
889
-2770
2338
967
800
1657
-588
-893
39
-830
-245
-1181
-505
-535
1289
-40
314
-137
-1498
-172
-821
-118
-965
-545
48
475
-1390
-144
1211
-37
-341
582
-959
-127
-225
656
90
-10
979
803
1612
-281
701
-1535
609
-49
-333
801
21
1103
92
259
532
508
-377
143
-682
-1370
1169
503
38
771
-1047
-28
1042
456
-276
-279
-1320
-303
-61
-110
1369
-687
-771
1159
-722
-762
-591
-498
782
-1275
1042
1121
-891
375
733
-1364
597
-325
-219
1099
-1202
457
1902
-879
-316
1466
-2407
1532
-707
-485
1217
280
-912
782
796
-2865
878
-1801
380
556
-588
1455
208
-1215
883
-1007
-484
280
-802
1259
815
-147
607
1504
-2100
801
198
-1178
499
-766
1042
867
-1709
1527
-400
-1284
-614
-46
-298
-1105
951
-1108
1742
-2461
187
1371
-1362
732
-1560
1025
-211
467
-830
-211
1275
-3285
3083
111
-129
709
-1023
2431
-665
-415
261
1561
-1444
1466
265
1111
-508
-330
1464
-965
750
-1697
2065
-708
1787
-1021
-564
1830
-2309
806
-1283
-207
-10
-780
40
166
-22
-308
336
392
-917
-244
-287
-466
-483
-557
1811
489
1588
-61
-844
1083
-1689
-609
513
410
121
1694
922
441
407
-1713
283
-813
-1393
546
106
524
1288
525
314
-1100
-296
-1501
-422
-460
-2762
2205
-173
1926
-572
-356
1433
-1836
114
-1941
1928
-2258
1519
1323
-357
454
-2224
1849
97
-1200
-52
1950
-2595
953
-158
-34
-1045
-342
157
-13
415
-2423
2188
-1602
1257
-1004
138
751
-802
726
472
-70
-1770
910
-228
-159
494
430
1255
348
506
1470
-1960
2228
-689
-1352
2566
-1544
706
1988
-364
-243
1034
-2036
385
621
-1425
732
670
-697
578
73
-1002
-742
-1015
158
-519
225
677
-339
-110
940
-1875
-176
865
-670
989
218
242
496
-709
-841
1037
-498
-1064
2410
374
-1371
2704
-1321
120
1278
-2466
629
860
-923
-184
1276
-936
264
597
-473
827
-609
-2244
1190
-881
-296
395
14
425
-213
1238
-552
831
-1397
-818
217
-145
370
362
-1038
2523
-1090
-960
847
-1291
1056
-664
-306
-529
2383
-2718
1202
551
-2426
633
-165
-910
1343
-1138
-1125
2356
-2051
1636
-1248
1159
-853
-439
629
-76
-850
-662
3080
-2017
1190
1184
152
1538
-1452
-676
2922
-2950
517
2595
-1244
936
-195
319
499
-1128
-854
784
569
-267
-934
1670
-716
-2122
-100
1573
-1987
-748
1160
-1618
1381
-1076
-183
2041
-691
-499
1798
-192
-1714
1061
701
-1795
1384
686
1088
-582
-346
1753
-1558
177
182
493
-967
241
917
689
-588
-595
-215
580
-1612
497
594
-450
220
-614
2226
-2674
1740
-883
-716
438
195
-560
483
-444
253
1357
-3051
3481
-1836
178
-910
1126
-1240
-469
1566
-2615
2446
-1973
1550
-216
239
-816
-494
825
-1302
44
519
-187
-1561
2253
-1743
1918
-1505
-84
521
-1629
1853
-1719
2706
-1118
551
-246
1022
-1147
-739
1658
-1104
1871
-2322
1893
-659
-89
1903
-575
345
-654
257
145
-404
-159
239
-375
-916
1085
148
-1467
2375
-2835
1579
772
-2292
884
-2126
1517
-2009
2164
271
686
179
-885
1458
-2107
1018
-2105
1438
-95
1583
753
934
-746
-415
-87
-2748
2510
117
769
-1316
4397
-1795
-1611
1424
-1929
252
-1741
2821
-865
1045
919
-2617
1807
-1973
-108
1281
-1062
999
-151
965
-1767
579
-1233
-1710
1953
-2270
2688
-624
-625
1584
-2200
576
-1502
693
826
78
270
1296
-155
-1808
1394
-872
-382
583
-601
2466
-378
-1516
2989
-2519
53
-838
1400
-928
-126
1630
-1631
2013
-2246
2701
-2513
-460
1068
-423
-392
75
1066
-812
890
-450
1012
-1001
-624
-283
311
-654
139
-469
1319
13
-1320
109
597
-2577
1073
268
-1087
2542
-2936
2624
-1314
-654
-36
612
468
-368
1137
71
-388
237
851
-143
-388
915
2356
-3488
3665
-1914
24
-22
519
1098
-1178
2000
-2382
2824
-3177
1466
914
-2137
1568
-125
-590
972
-2140
328
1276
-1548
1627
207
-751
-340
1076
-2729
2478
-2087
-91
883
-2767
3551
-2704
722
546
-665
-761
-530
-1
-907
2139
-2598
2299
1298
-3275
1446
301
-1942
313
-91
844
1369
73
1026
8
623
-2976
2133
-709
-267
1322
-808
2403
-295
18
-1438
1733
-2843
712
1855
-1158
1344
-864
582
940
-2729
420
1383
-1872
712
-582
2004
-2355
371
-18
77
-651
-1261
3060
-3631
2043
-1224
-263
1190
-2118
1280
-926
1785
-1031
-722
1382
-1393
207
-28
1895
-1529
227
1247
-279
-204
-687
2120
-1147
1291
-1103
1019
1487
-3714
2296
952
-1785
1233
253
591
-1013
1134
-865
-150
712
-2170
2630
-2050
1756
-861
-1051
3389
-2993
738
475
-2041
1023
-189
-291
326
759
-1078
1002
-403
-3028
3085
-3405
348
2196
-1539
370
-163
675
-1739
635
-597
549
609
-2477
2429
-210
-1831
2595
-1354
986
-518
1135
577
-1540
2204
-1654
3284
-3980
3827
-613
-3110
4265
-3556
2887
-1613
2349
-1309
812
-529
-833
1480
-2564
1624
137
597
-1938
2297
-2750
441
79
-727
1606
-1717
1305
-89
922
-2347
300
-38
-1317
1350
-775
1497
-814
-1390
1993
-3198
1447
-682
457
1462
-2601
4614
-3387
292
-4
-974
464
-1696
3824
-1969
1421
433
91
315
-2355
1970
385
470
-376
1024
-36
-1856
2044
-1370
195
848
-717
1554
-1400
1499
-2025
141
840
-1031
1464
-1577
1253
-831
-145
-797
-189
1607
-2018
1033
1943
-2714
861
-1392
745
-440
-1177
2983
-3622
3823
-2950
1154
748
-3484
4389
-2984
2145
-2881
2037
92
-2471
4876
-4587
4697
-2127
-197
2421
-3707
1864
-1844
3483
-2500
2366
681
-2204
1970
-1996
-567
445
90
169
1652
-895
1000
-2203
1161
-2174
1579
-1467
193
1961
-2609
3705
-3079
3060
-3231
774
-11
-182
852
-2632
4208
-3700
2006
666
-2068
673
96
-404
584
-895
-529
1576
-1017
985
307
-874
-857
1808
-1257
1668
162
-3003
3754
-676
-586
831
924
-1559
1232
478
-1246
533
-996
941
-1137
1814
-952
334
-829
838
-1665
-1520
2076
-1920
2129
-844
532
-1354
1313
-1269
-876
982
-1132
956
-663
1310
-1019
1282
-995
253
-391
-561
1021
-890
843
-90
1201
-2370
1235
568
-1061
706
-381
564
-929
834
-684
1211
-1760
508
2897
-1154
420
-207
444
-1628
140
1962
61
-1312
2138
1385
-1513
742
-91
-1161
-553
1666
-1392
988
255
-1305
979
-2247
1266
-2151
-134
836
-1088
689
-919
2116
-3118
2204
-1364
-827
1723
-2815
2974
-1999
1763
-382
1114
155
-1985
2164
-1340
760
-1245
-409
1748
-1439
1480
-111
-624
1309
-2947
2211
-1575
339
1218
-639
1629
-810
958
-872
2173
-2878
185
1450
-2079
2892
-502
-332
437
-490
-7
-166
-341
494
-209
-374
1336
-589
-456
1254
-1953
35
375
-582
78
995
-1119
-216
1379
-3645
3575
-962
-774
108
-1699
2752
-2038
826
540
-582
-309
511
1730
-1646
-1667
3012
-1725
1525
-273
512
814
-2888
3027
-2426
1570
-2226
561
-169
956
1246
-2099
3226
-2464
436
972
-2043
330
-99
-655
2902
-2155
1505
812
-927
67
-485
231
-790
1167
-1703
1434
-324
-1054
1457
-1040
-489
14
-333
357
-290
186
-152
1451
-322
-125
-86
-1086
1916
-328
-1194
2985
-2386
-461
2772
-1929
1216
-1568
2779
-1438
16
576
-360
-1566
-966
4039
-5050
3295
-128
-1399
1126
-914
-502
827
206
-2153
2442
-1297
-743
1359
-41
-820
435
-1332
879
-369
-1062
1784
-1342
735
1229
-1058
-307
1059
-1468
-1017
2402
-973
328
513
-486
1569
-2088
1262
25
-763
187
-573
1137
-691
274
-1202
1547
1232
-2453
1416
49
-654
-198
215
1210
-1179
443
1110
749
-609
377
-528
509
418
-1910
3093
-1528
-994
1183
-381
-83
-949
436
-556
-232
-583
1448
-661
-402
1370
-2987
1026
553
-1428
810
297
189
40
45
119
-674
-400
380
377
331
-225
1083
-1661
711
-98
-934
1211
274
279
-1591
2653
-1933
-494
884
196
754
-892
759
-1608
2865
-2659
180
1753
-2406
1226
156
1026
-1406
678
-333
601
-366
-614
1017
-2583
1942
-374
-363
1952
-1187
-928
529
599
-2350
1195
679
-1114
902
-1112
1756
-1281
-213
322
-1031
663
-430
1630
-580
355
-500
1039
-161
-82
85
-783
523
-341
1179
-805
1566
-2300
908
612
-1438
273
-1789
2120
-1045
873
-496
359
605
-1249
1469
-839
170
-181
-307
865
-111
-966
1802
-1600
1307
732
-1527
14
-242
807
-3075
3461
-2101
885
941
-1572
1363
-1719
187
-252
1686
-1690
1753
-660
680
207
-845
710
-862
-506
947
753
-903
2134
-1903
2775
-1687
-490
837
-949
296
-1512
3310
-1773
1097
-451
-147
542
-1489
597
-1089
1005
-1066
1324
158
-1065
646
-1937
182
586
-1098
-87
-439
746
95
-1486
2342
-1355
-309
1200
-557
-223
344
-456
-756
2022
-1879
1564
503
-1202
1358
-924
-55
1344
-326
-1666
1598
-312
-1281
2073
-1070
375
582
-709
296
-195
495
-273
1213
-1540
2065
-1053
-962
1777
-2221
752
768
-679
584
295
-1935
2876
-2123
-784
1664
-483
-951
1583
-197
-1302
1958
-2325
2114
-1270
111
1222
-1160
-270
609
-1462
433
-131
-516
2794
-3014
1509
195
-1087
-140
38
-748
1150
270
-981
3906
-3480
245
2440
-2292
793
-256
-4
338
-48
604
953
-1200
-447
842
-2319
2206
-295
-2117
2617
-829
-1158
1448
-1016
-909
1198
-945
751
65
-572
499
-421
237
-488
-87
-521
71
511
-323
771
-171
89
-303
163
504
-566
246
-306
780
514
-413
1455
-92
-1474
1221
-957
1067
-144
-731
810
-730
759
-218
103
-1331
1013
-525
619
844
-1538
-496
1116
-1149
347
795
-1179
1511
-1625
2007
-1584
611
-326
-677
902
223
635
-2272
2282
-1205
-63
274
-496
-394
29
-530
671
657
-1170
-93
293
209
-2091
2010
-854
-782
1879
-784
1008
-296
-797
864
-299
-1436
1660
155
-510
1485
-1429
857
135
-838
887
-295
-799
1211
188
-554
1155
-1107
65
806
-1487
903
1410
-2964
2255
-28
-1875
2284
-1159
-1007
647
-37
-834
832
538
-898
485
228
-226
654
-1707
1526
-482
626
-587
-191
1310
-1622
1407
-1196
1077
-859
436
392
-453
-1025
959
184
-1420
1525
-1164
935
-723
589
-468
-157
-796
806
499
-1532
2129
-1011
797
-514
442
-99
-1241
873
-235
803
-641
-25
1177
-626
-1010
924
278
-401
151
590
-302
-612
-25
614
-427
-1102
1803
-1221
347
1012
-2053
1401
-221
-550
488
-24
-166
467
-512
-612
1493
-1462
370
1440
-1802
751
537
-1429
1340
-959
-478
489
-110
187
22
182
-677
1386
-1624
351
998
-1558
940
-169
-1104
1228
-202
-399
1153
-975
498
68
573
147
-907
62
-56
1226
-357
-543
509
109
-164
-206
387
-1398
706
785
-815
586
-401
-530
416
406
-516
581
-1350
889
781
-758
-562
470
677
-932
1715
-1331
1093
-838
-126
285
-823
905
-1341
1293
-428
1327
-1049
164
541
-1003
815
-709
640
-374
-966
607
1123
-959
546
-495
852
-38
-150
183
-1314
1360
-2173
1487
395
-814
300
-473
1502
-2074
855
423
-603
343
260
186
-592
-50
-433
918
-1151
-105
921
-721
55
704
-908
210
484
-803
780
-797
-115
250
-585
566
-88
-702
421
220
360
-49
-279
146
827
-491
406
1194
-1753
634
147
684
-1332
-521
1665
-1467
719
-130
155
-230
-940
614
-74
695
-1823
1410
1137
-2651
1530
20
294
-515
1186
-519
777
410
-1567
1885
-1391
456
-433
665
-336
-52
-733
405
580
-1302
440
373
-102
-1518
1150
-1016
665
-80
10
864
-447
-136
684
-29
-1489
1019
-710
185
964
-184
-116
900
-639
-150
353
-520
516
-542
140
-299
186
427
-278
575
-985
652
191
-731
522
-617
20
-236
1516
-1012
178
45
-764
827
-1420
1250
-695
471
-224
92
1305
-1629
233
520
-137
-305
454
-290
442
-406
-35
846
-885
275
-156
696
-375
140
-270
-463
394
-800
920
-991
44
45
49
-165
423
117
-968
1504
-770
-622
1155
-131
-1043
1415
-490
-609
227
-47
348
-492
377
269
161
-643
-168
447
16
-298
-91
-56
-31
553
-228
-43
257
-1360
1480
-275
160
213
-1191
1144
-410
740
-355
652
-171
-639
625
265
79
-618
881
-486
-488
812
-220
-248
-240
364
376
-428
349
-627
717
-366
-1207
1214
-145
-109
-289
1235
-352
-1153
1056
-651
424
-169
-739
616
726
-1066
334
343
-1555
719
264
-824
437
368
-1328
1936
-204
-324
579
-1132
528
-101
-163
-1263
1497
-567
164
768
-652
670
-1013
241
369
-273
-975
688
-162
-257
374
-429
-11
370
-1003
239
1537
-1712
1203
91
345
-127
-772
1233
-912
-318
-140
1431
-645
169
450
44
111
-908
1062
-449
-383
319
-328
50
48
-263
623
66
-808
29
634
-1024
1170
-84
-372
1442
-562
-133
-96
-24
-708
77
-28
251
-808
241
1328
-688
-341
968
-533
-114
670
-868
1103
-1318
-402
1423
-731
178
-93
-551
1156
-428
-478
1152
-1305
-293
370
-785
448
33
-1516
1512
126
-1482
1368
-37
-494
372
-34
415
349
-673
941
-31
-371
56
636
-422
-757
245
-171
950
-1079
1169
-113
-367
595
-495
-46
-495
582
-1033
1073
-358
-453
485
-662
1166
-497
-25
1041
-183
-482
51
-374
-151
189
-552
772
362
-2118
1013
172
-1725
900
164
579
497
-266
-247
607
-566
-811
813
56
-41
479
7
28
-307
-570
888
-651
623
99
-162
866
-923
188
112
30
-1124
724
-437
-813
1415
-439
453
-116
-163
-20
595
-545
-87
759
-1028
1238
45
-1255
95
167
-246
189
682
531
-289
212
-135
-206
-178
-603
570
-211
328
-413
963
203
-1170
280
300
-896
129
618
-1302
917
-3
102
591
-882
-157
535
-1086
269
427
-165
249
-361
152
455
-206
-992
1302
-792
-110
432
19
356
-681
281
-147
-394
193
73
11
277
-897
410
-313
-283
422
-269
280
-45
242
246
67
-252
16
-300
168
816
-563
253
386
-579
229
0
-235
510
-367
128
-114
-154
257
311
-72
-636
1182
-1152
339
220
350
-513
147
804
-1040
1370
-1358
413
39
-182
-50
1161
-223
-275
238
-593
737
-1010
808
-716
972
-764
-305
362
-70
-164
-783
1231
-639
-82
216
-252
-307
-209
-618
1311
-969
15
1082
-856
310
176
-794
520
554
-1529
1748
-578
-471
952
-138
-295
225
-134
-332
1263
-1409
195
533
-779
294
428
101
-287
-49
-128
-448
-101
234
148
-188
-132
744
-191
-241
214
77
-290
-224
680
80
-506
530
-101
-469
532
-518
665
350
-764
676
-122
-181
-131
-580
59
61
-585
552
618
-1299
687
241
-639
1321
-232
-514
825
-635
-308
1002
-697
-107
209
-367
584
317
-170
359
-15
-610
523
330
-448
-310
-372
-119
537
-359
45
37
-175
318
-82
497
-229
-858
378
316
-804
456
137
-76
-322
233
608
-139
-4
231
501
-551
221
-159
-470
38
145
-286
392
-398
-349
-82
-767
478
-382
218
168
227
-309
7
-107
-102
150
-251
382
-343
575
501
-56
-331
377
-582
234
430
-53
416
-361
465
-120
-385
-157
-89
-382
467
-707
373
216
-76
72
-298
899
-828
348
-240
72
96
-445
1052
237
-655
609
207
-604
3
460
128
166
183
-182
898
-1254
-9
113
-650
203
147
46
-175
126
-234
636
-415
-59
231
71
-294
6
-365
62
8
212
329
-333
76
-1113
1051
-728
215
442
-261
663
-571
334
-373
-231
-240
26
-60
358
-271
149
318
-88
43
-123
248
-540
-274
-102
208
-670
287
313
-922
931
-42
138
645
-767
419
311
-20
-81
375
-327
-292
-144
-109
353
-521
739
-213
660
139
-284
-285
-564
189
-940
474
35
254
258
-76
880
-421
-462
489
-74
59
-96
355
145
-414
382
-248
-163
167
359
104
-103
168
-24
-158
-68
-25
-289
-425
342
37
-216
317
-384
118
101
-287
582
-416
-533
665
-551
-5
419
-255
477
-157
-75
669
-420
46
347
-589
111
62
352
-195
98
-317
-124
158
-596
532
-444
146
-274
351
327
-961
428
-38
-221
316
4
35
31
12
475
-229
90
-48
-239
541
-129
-138
220
166
-157
-103
78
-483
43
-190
83
237
-200
86
-99
72
-532
-323
-218
288
-104
251
557
-203
256
17
-145
75
-47
-569
759
194
-293
571
-76
-126
296
-501
-55
301
-595
268
130
-252
234
-321
-436
286
-767
115
996
-371
312
207
-479
6
107
-89
-28
389
-325
634
161
-551
557
-581
274
46
149
65
-193
446
-453
-32
-110
-68
42
182
-6
-314
219
-147
248
2
-143
267
-530
258
417
-302
-102
37
18
482
-173
318
21
-482
254
50
389
-414
331
-384
-161
-19
-316
54
-198
62
-493
238
-253
132
-26
-196
139
-317
-12
230
-11
-20
187
227
-74
-115
294
40
-20
-341
391
9
39
21
-147
126
-774
-44
35
43
-413
133
217
-134
339
-218
384
-288
-252
342
231
53
248
361
-16
0
-132
294
-313
-227
303
-59
-101
373
-133
-299
-139
-567
289
31
-117
304
173
-126
178
-51
-144
440
-146
337
610
12
-217
231
-86
-277
-47
-263
51
-4
49
72
149
-255
-158
-121
209
193
-332
256
-56
48
59
-288
-246
38
-336
362
531
-556
632
-416
-411
576
-667
342
4
-612
52
98
-349
82
243
-901
170
-79
-111
382
-151
-38
23
11
278
221
-183
296
-53
70
333
241
45
-117
26
40
-129
-73
311
-51
-149
-89
-61
26
-185
-203
76
-159
72
137
-32
139
282
-217
-44
681
-135
243
175
-73
-84
-216
-110
114
107
-546
583
-12
-305
471
-170
-165
-107
-267
74
218
-434
65
-89
-327
-101
-262
-45
-134
2
654
601
-292
406
75
-504
73
268
187
174
-2
12
329
-355
-180
-317
-101
-317
-76
277
-41
-23
-379
-94
-291
185
-226
247
517
-374
171
542
-6
-152
428
173
-68
230
195
65
160
-204
135
-265
-270
146
-278
-128
62
-85
-171
-111
-39
59
-135
86
86
-141
-50
431
-240
-68
121
-344
65
70
240
-44
40
-138
-9
66
-116
-216
-147
264
-24
63
114
49
-160
-461
-79
106
-392
173
375
-162
-175
-189
-14
5
28
-294
321
325
-228
644
398
-104
152
-120
-117
214
103
-80
120
373
-296
-44
-38
-93
-122
-242
380
-201
271
208
11
54
-91
-324
-312
499
-312
-55
295
-16
83
25
41
-24
17
-124
25
195
-14
-117
138
149
-228
-61
123
-205
-124
2
-106
-66
-7
70
-36
-79
-41
-370
-74
114
-60
81
144
104
-368
43
162
-263
94
51
-58
194
-57
-98
191
-111
-53
139
-76
-109
192
70
-4
243
103
-136
134
135
-250
-95
-117
-102
132
-69
-108
105
-282
78
69
-51
232
-143
-28
198
181
-94
2
-29
241
-62
-143
289
57
-139
-72
365
-42
-91
169
-100
-149
117
-230
145
274
-444
-170
-133
-248
-47
-5
-10
312
37
-138
274
-10
-259
221
16
181
225
-36
244
114
-18
86
183
-258
-6
-10
-166
16
-11
-191
-118
47
-362
-338
-87
-162
-102
181
22
189
56
-88
58
-178
-69
228
78
164
194
-135
233
16
-137
284
-139
-221
371
7
-45
216
-208
-163
85
-164
-352
51
-138
-164
158
-101
-13
68
-32
36
91
111
97
50
95
-13
-103
145
153
-59
130
-11
-15
111
-200
-36
148
-57
-3
266
-88
-125
-148
-23
-46
-148
169
28
-65
-37
-24
-163
40
-74
63
109
-44
25
137
8
-164
121
-33
106
191
118
75
72
-86
-28
55
-115
-97
81
18
-90
121
-12
-27
-156
-141
21
-50
-115
29
-45
-150
97
-76
-173
-9
-51
-96
149
85
52
171
44
77
36
-20
-48
72
52
56
268
-36
-109
38
-249
-122
-159
-167
77
-78
90
75
-169
-95
13
-222
-44
18
-55
302
-11
-33
166
-86
78
205
-2
168
57
3
239
116
30
37
7
-20
29
55
-59
-100
-50
-120
62
-51
-44
-35
-133
39
-44
-70
33
60
-114
152
-84
-162
167
-103
64
222
75
84
92
70
62
-109
-25
11
29
-19
-109
-6
-22
-134
-66
54
-284
-81
-130
-158
8
-143
-25
13
92
-35
-34
-51
74
52
46
200
73
-20
50
-3
66
3
-145
217
-108
40
138
-128
47
-88
-108
30
-39
-98
88
-15
-23
60
-101
66
146
-108
135
48
-50
70
-15
139
35
10
40
-15
-34
-59
1
-12
63
94
-45
23
-35
-50
22
33
24
-95
-4
93
59
-72
60
99
-137
-11
52
-13
-5
31
102
25
-9
-31
17
-83
-64
68
-22
120
11
-161
-55
-166
-160
-71
-13
66
-108
90
-24
-34
60
-140
93
-75
75
93
-7
27
-99
63
-21
8
95
-12
36
9
-21
-43
-77
16
-132
13
-5
-22
-93
-82
169
-182
54
134
-10
29
44
107
-10
32
124
64
43
117
46
97
7
-22
-17
-13
-93
-62
-20
-80
0
-32
-78
-104
34
-146
-2
18
-98
-12
-11
-1
1
29
-18
50
-56
122
83
33
128
113
-2
50
20
-68
53
11
105
-44
100
33
-93
-34
-56
-51
-78
-1
63
38
-76
-58
-130
-144
-169
-1
-8
21
124
116
78
46
69
-61
17
111
162
50
41
94
47
-22
94
-2
-1
68
3
7
-152
-44
-81
-123
-127
-103
-162
-43
-35
-110
68
-24
-37
-23
-30
-57
-11
30
-2
49
97
-12
34
20
-16
18
5
37
28
101
-22
8
14
-56
8
-23
56
34
-10
25
-61
-25
-86
-95
-36
-135
8
83
-19
58
140
-8
38
105
15
25
106
103
81
126
54
11
61
-61
-53
29
-89
-40
-71
-23
-86
-98
-23
-90
-87
-58
1
-84
32
-13
-51
128
52
38
187
62
75
96
90
76
2
99
-43
26
-39
-30
-16
-108
24
-60
-110
-22
-77
-122
-105
-146
12
-83
-85
36
-34
-48
46
40
-18
43
-22
-1
-14
40
77
130
109
143
189
26
52
39
-5
-32
25
-22
3
6
-73
-35
-112
-98
-100
-131
-70
-67
-109
2
-85
-64
-8
-98
10
10
45
102
94
79
66
35
19
-42
13
5
26
129
90
146
77
70
46
-8
19
3
-53
-7
12
-63
-35
26
-2
-53
2
-46
-73
-35
0
-35
33
24
-2
50
1
42
46
33
33
106
51
45
25
-34
0
-60
-28
-39
-121
-64
-78
-95
-70
-148
-81
-91
-22
7
-20
66
44
60
20
84
32
-16
82
23
-15
83
54
-43
85
71
-17
60
21
-100
-71
-66
-83
-77
-85
-33
-69
-30
-59
-91
-13
-39
-45
53
65
13
84
50
59
31
48
68
26
91
17
28
7
-13
39
-28
28
51
-25
77
15
-78
-23
-50
-65
-78
-40
-22
-45
-25
25
32
18
45
25
16
53
-13
-41
-1
4
28
24
44
26
71
68
-14
57
52
-23
-10
-27
-53
-42
-13
4
-22
70
37
-22
49
-4
-24
23
3
-6
38
34
40
52
9
-24
10
37
-18
-17
21
-42
22
60
-13
48
2
-20
-23
-68
-47
-46
-42
-60
-70
-90
-95
-102
-63
-88
-112
-50
-70
-65
-12
-22
9
60
-26
-10
23
-7
6
20
0
72
101
5
83
59
-55
17
37
-31
25
-9
-64
-13
-50
-30
-25
-28
-39
-74
0
45
19
44
98
47
51
66
61
79
59
80
64
65
78
85
71
37
41
33
34
33
-7
1
-2
-48
-19
-8
-80
-51
-5
-46
16
1
9
17
-15
12
-6
28
38
34
43
57
4
10
22
-24
-34
-15
2
-75
-61
-60
-98
-94
-117
-126
-115
-72
-76
-77
-63
-26
-9
-6
4
-22
18
45
17
11
39
46
4
25
15
-23
28
39
13
-8
18
11
-14
2
10
18
-16
0
-13
-5
36
-20
-10
-1
-30
5
9
24
29
41
60
60
57
58
39
-2
12
19
4
-1
5
4
24
38
38
-1
-21
-23
-35
-12
-10
11
6
12
16
-14
-24
-3
-14
-34
6
-13
-20
36
39
30
10
10
-2
-10
52
11
-1
22
-24
-15
10
-19
-56
-49
-48
-60
-67
-56
-64
-29
-6
-34
-15
15
7
-6
7
10
0
-8
21
3
17
22
13
52
53
26
-9
-10
2
7
-14
10
20
2
6
23
20
-27
-44
-18
7
-18
6
31
12
5
14
29
20
-25
22
54
0
25
32
33
18
22
23
23
28
0
-9
-31
-49
-50
-31
-45
-57
-68
-63
-90
-85
-57
-82
-57
-44
-31
-7
-19
3
14
-8
26
4
42
51
25
60
46
66
59
72
54
70
88
42
42
38
15
13
3
-8
-9
-29
-23
-39
-10
0
-21
-15
-13
-6
1
6
7
28
15
45
54
35
27
23
17
10
13
19
19
-28
-26
-16
-22
-35
-28
-31
-59
-46
-66
-63
-32
-37
-17
-20
-41
-36
-18
-5
0
5
10
15
10
29
30
12
12
23
23
23
7
-11
-15
-44
-14
-17
-29
-38
-33
-17
-76
-59
-22
-27
-26
0
-3
-22
9
-3
13
57
45
56
61
43
23
64
83
46
61
60
54
34
25
8
-4
1
-20
-18
5
-19
-51
-39
-40
-4
11
12
7
-10
8
-12
23
41
27
38
36
38
29
28
8
8
14
-10
-2
9
-11
-29
-46
-58
-58
-41
-79
-84
-49
-47
-41
-51
-42
-51
-33
-10
-33
-51
-30
-7
14
12
-1
19
26
4
-6
34
22
-4
-9
16
37
33
45
56
51
18
-6
11
3
-16
15
30
39
25
16
0
-1
19
15
10
22
44
29
44
49
43
26
-9
-3
18
8
1
20
21
-12
-11
3
-19
-10
-3
-34
-55
-53
-63
-65
-38
-25
-24
-14
-7
-1
0
13
0
-16
-13
-19
-7
7
13
-15
-7
0
0
3
-26
-35
-23
-18
-28
0
-6
-31
-22
-30
-26
4
26
17
-3
-1
9
-4
0
4
3
3
13
30
28
64
46
45
38
9
35
26
34
20
22
26
-5
-16
-1
-1
45
53
-12
-7
-18
-12
-34
-32
-21
-47
-17
-19
-16
-25
-23
-2
-9
-6
-12
6
24
11
9
10
29
-7
4
26
13
25
18
44
-3
-10
-23
-51
-12
-16
-11
-38
-25
-7
-26
0
6
1
-1
13
29
8
-2
11
14
14
23
12
27
28
0
4
-1
-17
-12
5
21
30
26
10
-16
-8
-11
-19
-6
-15
-33
-28
-29
-36
-3
5
-15
-10
5
26
21
15
22
5
18
-7
-24
3
-21
-13
-8
-3
-27
4
0
-41
-13
-12
5
-37
-22
18
-6
-13
-16
-8
-20
-28
-4
-7
-16
-3
6
16
30
24
6
22
16
18
30
25
33
15
4
-5
10
3
16
66
48
30
18
20
-9
-13
-4
0
17
-11
7
-1
-22
-28
-27
19
-9
-20
-15
-19
-19
-19
18
-9
-4
6
19
11
20
53
23
38
37
35
27
13
-2
4
-5
-21
-22
-28
-36
-35
-17
-53
-46
-32
-16
-7
8
3
-30
-37
-26
-31
-44
2
10
8
-6
-18
3
-17
-21
-10
-4
-2
13
17
-6
1
7
13
16
3
16
12
25
13
-4
23
18
11
-13
-15
-15
-21
-4
-6
-14
-3
9
-12
-8
0
-1
8
14
26
29
31
26
15
32
50
31
36
13
0
24
14
-6
-1
10
18
48
35
59
38
9
-4
-39
-25
-38
-2
20
-1
-2
-19
-59
-71
-45
-29
-5
5
-13
-33
-66
-50
-21
-45
-45
-20
-13
-11
-5
1
-5
-26
-24
-29
-40
-40
7
25
10
4
-4
-4
-2
13
29
51
36
19
34
28
25
41
31
40
22
28
49
34
32
45
43
-2
7
2
12
16
16
25
9
-3
-28
-15
-4
-5
-21
-10
-16
-29
-24
-38
-34
-41
-27
-3
-29
-19
1
1
15
18
-9
-37
-22
-18
-25
-6
13
-5
-1
3
2
9
22
48
29
31
11
3
13
-11
-47
-41
-5
-26
-10
-22
-24
-3
-27
-38
-47
-31
-34
-29
6
36
7
20
64
23
17
20
16
34
31
31
38
19
27
40
31
23
-25
-31
-18
-12
3
6
-9
-14
-14
-35
-30
2
-7
1
38
32
34
13
9
31
19
2
1
29
35
21
39
53
-4
-5
-3
-18
6
-7
-19
-29
-45
-51
-36
-46
-47
-45
-32
12
3
-16
-13
-10
-15
5
20
10
13
7
12
-9
-1
18
-7
-3
0
5
15
14
-2
-21
-26
-32
-18
0
1
0
-1
-12
-19
-7
-13
-2
9
1
-5
-12
3
0
18
6
-1
12
0
25
19
-16
-19
-17
-44
-35
-2
5
0
-9
-28
-37
-12
0
-13
-14
-12
-14
9
13
-1
6
31
68
73
72
82
85
106
106
77
44
35
61
43
24
22
4
-3
-8
-30
-47
-32
-40
-40
-33
-55
-35
-20
-28
-41
-51
-37
-41
-27
7
-6
-3
5
-3
0
-3
4
15
22
45
22
-17
-7
-35
-16
10
-26
-32
-3
-16
-32
-45
-66
-31
-31
-39
-42
-48
-50
-23
-15
-7
25
29
37
41
27
6
11
7
35
30
13
26
35
25
13
7
-9
0
-5
6
7
7
16
23
-7
-44
-23
-13
-15
16
26
18
4
9
25
-1
20
28
10
19
55
46
47
32
0
20
0
30
37
34
32
16
4
-35
-34
-14
-9
-16
-4
-10
-7
-13
-46
-41
-29
-35
-13
-13
-7
-9
-3
32
12
11
23
-6
-42
-20
-9
-12
-28
-44
-7
3
25
21
-19
-3
3
-10
-31
-38
-30
-31
-34
-35
-21
-50
-35
-32
-36
13
0
13
28
13
-16
-29
-12
-4
14
10
35
31
27
38
14
15
28
43
40
53
54
24
22
4
3
-1
1
12
-3
23
17
3
-5
-9
2
-13
0
18
38
37
23
20
4
6
9
15
25
25
19
4
-4
-6
-32
-41
-7
-1
-4
13
-27
-52
-41
-53
-62
-44
-2
-19
-29
-4
4
-11
-12
-13
-13
32
24
31
35
-9
-28
-35
-27
-25
-6
14
16
22
7
-32
-35
-28
-3
0
-12
6
0
-4
-16
-16
10
-4
6
45
14
2
13
18
28
9
25
30
11
16
19
32
28
0
3
-1
-8
-14
-8
9
-8
-14
-6
-14
5
1
-2
7
9
15
-6
21
13
-6
9
-7
-4
-13
-31
-12
-26
-40
-22
-28
10
-5
-28
-14
-5
-2
-6
-2
-51
-40
-15
-7
28
12
-11
0
14
29
24
4
19
16
3
-6
11
11
-7
34
24
45
46
39
60
-3
7
7
12
11
-2
16
7
19
-8
-22
-15
-16
0
18
-10
-28
-1
-9
-35
6
18
-6
6
11
20
17
25
13
3
6
-6
-7
-11
-7
-31
-26
-24
-30
-25
-52
-55
-37
-10
5
0
-2
-9
-38
-36
-31
-44
-30
-6
-26
-22
-3
-23
4
15
26
41
12
-11
-3
0
-17
-1
-22
-16
9
-9
-3
2
19
9
27
20
-15
11
-6
0
16
5
6
25
42
22
26
32
37
41
44
55
68
54
40
44
61
58
15
-1
-3
6
-5
-2
-4
-1
16
-1
-16
-30
-35
-9
3
0
-22
-38
-33
-36
-36
-11
-13
-6
19
-8
-19
-28
-31
-38
-38
-43
-32
-9
-43
-36
-9
-3
-25
-7
-4
-19
-41
-42
-29
-35
-7
-26
-17
-10
-13
9
39
53
45
47
22
16
38
25
9
42
24
10
23
27
22
0
12
11
3
22
40
26
19
23
17
-9
6
4
1
50
32
15
-9
-9
-1
-12
-24
-35
-19
-26
-25
1
19
-19
-26
-13
10
10
-22
20
13
-8
-6
-18
-18
-56
-44
-17
-28
0
3
-9
-20
-29
-23
-12
-16
-40
-34
-32
-30
-28
-23
-16
-1
12
19
25
27
57
37
44
48
19
25
8
9
16
8
12
26
35
53
35
13
32
29
21
25
40
-4
-21
-1
-22
11
9
8
13
20
37
-3
12
12
-10
7
19
-4
-12
-20
-24
-25
-31
-34
-25
-1
-8
16
6
-13
-39
-56
-50
-60
-54
-44
-42
-35
-10
-22
-16
-20
0
0
-22
-20
-18
-24
-6
-10
-22
13
-15
0
30
34
-1
6
27
0
20
28
34
26
-1
-9
1
6
0
10
42
19
16
16
16
54
51
51
25
3
2
-6
-4
5
-5
8
26
11
6
15
36
6
-5
0
-15
-2
-6
0
11
28
28
-11
-17
-20
-29
-12
-3
-2
-15
-30
-19
-42
-42
-21
-4
22
21
28
3
-10
16
-9
-12
-2
-7
-12
-6
-3
-19
0
20
16
-7
-17
-17
-21
-7
3
-25
-9
13
-15
-6
-22
-39
-26
10
5
2
13
-18
-12
-3
20
10
6
4
-11
-1
-12
-19
-34
-13
1
6
18
-2
3
0
19
16
14
37
46
34
26
47
32
28
22
35
24
28
35
18
14
6
-2
-20
-28
-59
-40
-43
-50
-34
-25
-10
-18
-8
-25
-19
0
-21
-52
-48
-22
-16
-9
-14
-35
-27
-4
13
37
13
-7
25
41
52
43
17
23
25
39
52
35
44
70
54
15
15
16
-12
-25
-26
-1
-10
-31
-13
3
16
20
22
10
12
6
12
-20
-33
8
-21
-3
-3
-36
-30
-5
-7
-18
-6
-30
-25
-7
0
-12
-12
-10
-28
-28
-9
-28
-50
-11
19
28
17
33
22
-9
3
16
13
-13
-6
5
6
-9
-6
10
-11
-2
3
1
7
6
6
1
11
7
0
-6
-16
15
31
32
45
20
1
0
-7
-38
-51
-34
-46
-49
-41
-27
-45
-45
-15
-26
-29
-15
-6
-13
17
22
20
25
-3
0
20
31
15
34
63
53
39
44
47
44
40
32
51
27
-2
19
13
18
6
3
-1
-29
-4
6
4
-2
0
-5
-13
-19
-41
-42
-39
-16
3
-4
-2
-43
-59
-25
-31
-42
-28
-32
-38
-13
-16
-25
-10
9
0
28
56
41
-13
-7
19
4
30
13
25
12
8
17
42
62
47
67
40
28
19
29
4
-13
16
3
1
-6
2
-8
-26
-9
-18
3
-1
-14
-8
-34
-41
-53
-35
-47
-66
-48
-57
-46
-56
-65
-35
-29
-36
-54
-46
-33
-58
-36
-10
-19
-3
0
-10
8
10
36
51
21
44
70
70
74
61
37
21
46
54
53
57
60
75
47
60
53
33
38
32
22
25
7
-14
0
-7
7
-6
-16
18
13
-12
5
-7
-31
-31
-22
-18
-16
-22
-53
-52
-56
-51
-46
-35
-36
-55
-54
-64
-57
-61
-61
-28
-32
-51
-32
-2
-16
-21
3
13
32
22
26
25
20
31
15
22
58
57
57
60
41
31
-1
29
42
9
19
35
39
28
28
39
50
36
35
40
15
-12
-25
-33
-30
-42
-38
-39
-43
-61
-76
-47
-43
-21
-41
-35
7
-13
-16
-10
-5
1
15
27
5
1
-7
-20
-11
-16
9
3
8
20
19
48
42
37
16
21
26
7
7
5
3
-1
-22
-15
19
0
-9
-23
-33
-12
-22
-34
-22
-22
-43
-47
-18
-13
-32
-25
13
35
22
22
28
19
17
13
22
60
39
35
28
6
5
-17
0
13
19
-5
8
22
8
25
25
32
28
26
-1
3
-2
-9
41
19
10
7
3
3
-19
-14
-30
-10
-21
-31
-9
-19
-29
-38
-26
-52
-44
-33
-26
-6
-37
-21
-14
-21
-15
-19
4
-8
-17
-1
-5
-43
-41
-21
-47
-29
-13
-1
32
27
-11
10
10
-6
50
48
41
31
19
36
41
63
35
28
17
19
42
-17
-5
-3
-32
-5
13
29
4
-10
0
10
6
-3
10
13
6
-19
3
-3
-13
-3
-28
-8
-10
-12
-36
-26
-14
-64
-35
-16
-19
-20
-4
17
16
14
3
9
21
17
16
51
50
35
40
52
47
13
4
35
17
-5
30
24
4
0
-3
5
2
6
10
-10
3
4
-23
-8
6
-6
-26
-47
-48
-38
-49
-29
-23
-40
-26
-35
-41
-26
-49
-30
-16
-8
17
2
6
0
-28
-32
-14
-19
-6
-12
-4
10
7
31
28
8
-6
23
21
15
7
4
-3
0
0
3
31
-6
19
22
14
-3
-13
31
1
-24
-25
-15
-7
-8
-6
24
37
19
10
19
-9
-22
21
34
25
-4
35
41
12
32
35
22
3
-15
-16
3
-3
-15
-3
-8
-8
13
13
7
-10
-15
-1
9
9
-6
-22
-9
15
9
13
29
19
10
-15
-3
21
-2
-10
-13
-19
-19
-18
-7
3
0
14
10
-22
-12
-22
-20
6
-32
-17
-22
-29
-18
-27
-20
-25
16
-8
-16
-11
-13
9
1
10
0
4
12
4
-1
-11
0
-14
-22
-7
-15
2
7
-3
-12
5
1
-11
-3
-22
-8
-19
-3
-8
-22
11
8
13
-14
0
25
6
29
32
27
32
13
0
17
10
13
12
-13
3
13
41
14
13
29
6
26
18
38
48
26
12
28
31
10
28
23
12
38
28
9
14
-16
-4
14
6
-3
-5
-23
-40
-35
-48
-54
-48
-32
-47
-53
-55
-44
-41
-40
-19
-18
-31
-27
-8
-10
-11
-11
9
6
12
10
-3
13
7
18
7
4
9
-22
-35
-60
-43
-15
-39
-9
-7
-18
-42
-20
35
1
39
49
16
19
25
19
6
8
25
63
