28
43
60
58
63
63
34
23
19
-7
-3
-12
-21
-6
-15
-9
2
13
24
0
11
35
32
38
45
42
43
52
47
43
47
25
6
-5
-15
-18
-36
-41
-50
-41
-38
-34
-43
-53
-14
-19
-28
-26
-26
-11
-16
-5
3
-3
9
-15
-39
-40
-34
-44
-54
-51
-61
-44
-27
-44
-32
-6
-14
-2
3
-5
-3
3
15
23
39
38
21
8
13
11
-15
-24
0
19
21
36
30
21
37
36
50
62
44
38
37
44
48
31
31
41
42
20
0
17
-2
-13
-36
-53
-33
-32
-36
-63
-57
-37
-26
-6
-15
3
39
31
10
3
2
-8
-18
-17
-13
4
-1
-10
-14
-17
7
4
-1
-9
0
14
16
26
32
29
20
31
35
29
13
-15
-29
-31
-41
-69
-52
-30
-37
-33
-28
-13
7
24
28
9
22
45
24
44
51
66
70
25
37
24
9
-16
-17
-4
-14
-22
-40
-44
-44
-48
-48
-31
-34
-20
-8
-11
-16
-16
-15
-21
-1
2
-2
-5
-16
-25
-7
7
-5
-5
-9
-15
-5
-3
8
41
43
16
21
24
7
11
4
23
22
9
24
-3
-6
-10
-28
-13
-15
-20
-7
2
0
-8
4
7
12
25
46
44
38
57
26
12
21
16
13
5
13
17
9
19
13
-4
-5
-6
-9
-17
-6
7
1
2
-7
-12
-8
-4
-9
-23
-22
-13
-12
-22
-27
-14
-14
-19
-10
0
9
10
-15
-3
9
-1
-5
4
24
20
8
-12
-17
-24
-14
-15
-28
-24
-39
-48
-46
-51
-28
-19
-41
-33
-20
-10
-25
11
26
25
30
13
25
22
26
28
34
35
22
14
11
13
21
23
16
10
34
44
36
18
7
21
7
2
-3
5
19
10
-7
-13
-27
-28
-17
-28
-28
-15
-24
-28
-23
-25
-13
-13
1
6
21
38
12
10
27
24
13
13
20
32
10
1
0
-3
2
-3
-9
-18
13
19
7
16
20
20
-7
-20
-1
-3
5
13
16
17
5
-4
-20
-17
-8
-13
-4
-3
-8
3
-3
-3
-15
-15
-3
-29
-22
-26
-44
-27
-32
-36
-47
-63
-54
-45
-48
-38
-27
-25
-12
-4
3
-13
6
9
13
29
29
50
49
44
29
23
30
30
22
20
25
26
-7
-3
19
7
16
6
7
-2
-17
-16
19
28
16
29
35
25
22
9
-12
0
-19
-23
-21
-13
-22
-17
0
-32
-19
8
17
10
24
14
15
34
18
15
8
12
9
9
17
-2
18
20
9
13
-13
-9
-9
2
13
7
20
13
-7
-13
-2
14
2
-31
-9
-6
-6
-16
-21
-11
-31
-24
-38
-40
-35
-44
-60
-68
-44
-38
-23
-10
-13
-12
-9
-22
-10
-9
-12
-3
-10
6
-8
-1
21
9
19
29
20
19
15
42
33
21
38
36
49
32
29
16
16
0
-16
-21
-27
-17
-35
-27
-22
2
1
-3
2
-3
12
8
14
15
21
15
17
19
9
17
1
-19
-12
-3
-16
-14
-12
-12
-19
-36
-21
-10
6
7
15
29
21
52
63
47
45
37
26
43
44
33
35
22
11
-14
-6
4
9
-1
-14
1
12
23
3
-8
-19
-32
-34
-27
-26
-17
-21
-41
-47
-50
-41
-52
-65
-62
-67
-54
-52
-56
-35
-29
-29
-17
-7
-2
9
13
0
8
5
9
31
28
22
22
22
25
22
2
7
16
3
9
29
31
19
27
35
30
29
36
24
16
12
10
8
7
4
-4
-7
-22
0
-3
-12
-11
-11
-5
-6
14
12
13
27
19
6
10
14
-7
-18
-20
-30
-36
-29
-25
-9
-21
-28
-9
-4
4
6
1
13
12
0
3
10
24
10
15
0
-16
-7
-15
-14
-19
-13
-9
-6
-10
-24
-29
-9
5
10
13
21
33
29
29
28
48
55
45
36
12
6
17
26
0
-2
6
1
0
3
-7
-19
-9
-13
-17
-25
-22
-16
-16
-17
-12
-22
-18
-29
-50
-44
-57
-35
-44
-63
-60
-35
-18
-13
7
25
24
28
42
31
46
38
50
44
46
42
25
36
8
5
10
-10
1
-6
-25
3
-9
-7
-5
-1
0
-13
-8
-23
-14
-16
-10
-9
-17
-22
-26
-22
-23
-31
-26
-14
-31
-19
-20
-10
14
7
23
47
51
35
36
33
42
36
25
24
27
21
-8
-9
-14
-6
-18
-17
0
-1
-1
-9
-6
4
19
29
36
32
46
38
26
34
39
22
0
12
6
3
-25
-40
-25
-24
-18
-22
-10
-3
-3
-2
10
-3
-9
-9
-10
6
-9
-10
-19
-34
-35
-34
-37
-37
-47
-60
-63
-53
-37
-57
-50
-31
-25
-17
0
34
24
34
39
25
35
34
26
-10
6
13
-10
6
1
0
10
24
19
1
4
22
32
31
44
53
64
66
53
45
32
25
16
8
0
-5
-16
-44
-55
-51
-38
-30
-20
-10
-6
-3
13
22
-8
-5
5
4
6
5
3
3
-2
2
-3
-1
11
-12
-6
14
3
-13
5
3
-9
10
10
34
23
-4
9
16
8
-13
-19
-32
-52
-59
-64
-58
-62
-59
-43
-57
-53
-34
-28
6
6
12
20
39
57
47
73
90
64
64
55
29
32
12
8
5
15
17
-6
6
-12
-19
-21
-30
-23
-10
-15
-9
-9
-16
-12
-22
-12
2
-5
-16
-18
-5
-15
-16
-15
-15
9
0
4
14
20
33
17
32
37
22
25
24
14
20
19
10
3
-18
-20
-32
-28
-35
-42
-28
-22
-19
-16
-1
2
-12
-14
3
7
-1
9
15
17
18
2
16
14
8
9
8
16
13
16
13
11
8
18
-10
1
8
-2
14
-5
0
-14
-31
-28
-34
-35
-37
-31
-19
-35
-15
-6
-16
-15
-15
20
25
31
26
25
41
38
23
29
33
30
18
6
4
-16
-23
-16
-13
-25
-17
-21
-28
-14
-5
4
-2
-4
-3
-3
-3
6
8
9
25
18
12
11
-3
-8
-7
9
-1
-14
-6
-19
-19
-22
-6
-3
-1
14
-1
14
14
-2
-2
17
29
16
7
-3
-8
-15
-19
-24
-14
-17
-22
-6
-16
-7
22
10
29
51
35
40
35
39
36
25
17
16
29
1
-15
-29
-44
-43
-39
-36
-38
-31
-14
-21
-32
-15
-4
3
-2
-7
12
10
3
0
6
7
-6
10
10
-6
9
10
-3
-3
-5
-3
1
5
6
4
17
20
30
34
32
18
1
4
-13
-23
-35
-29
-33
-39
-63
-67
-53
-37
-19
-30
-7
-6
10
15
19
43
44
61
68
62
66
47
42
47
18
22
11
6
4
-11
-9
-4
-11
0
-8
-21
-14
-35
-32
-33
-16
-13
-20
0
-9
-23
-18
-23
-40
-34
-14
-7
-18
-16
-25
-7
10
14
35
38
58
67
31
29
39
49
49
11
-3
-13
-15
-29
-41
-34
-43
-44
-50
-33
-38
-37
-10
-10
1
14
24
16
23
34
36
27
22
15
5
-2
-25
-26
-21
-32
-10
-4
-22
-16
-9
9
14
22
16
32
53
41
42
26
19
22
29
6
9
17
9
8
-22
-22
-23
-22
-19
-29
-28
-11
-12
-7
1
5
19
24
10
1
-14
-13
-28
-40
-16
-36
-19
-22
-35
-16
-9
-3
-14
-8
18
36
48
48
35
34
25
32
34
18
5
4
-4
-9
-27
-44
-43
-42
-38
-50
-51
-66
-50
-20
-7
-8
-3
17
28
55
48
53
54
39
31
42
34
19
16
-10
3
2
5
10
-4
-5
-10
7
3
10
28
16
18
2
-10
14
10
-21
-50
-64
-69
-63
-75
-81
-79
-72
-42
-38
-22
9
22
24
51
97
98
113
128
128
137
111
70
47
38
3
-25
-32
-31
-39
-44
-63
-83
-72
-69
-58
-51
-27
-9
-16
-6
-17
-2
-12
-13
10
-5
-3
-1
-16
-24
-43
-76
-88
-75
-35
-12
9
18
18
27
36
40
38
50
41
46
32
51
71
54
10
-6
14
-11
-4
-21
-20
-34
-44
-32
-37
-23
-25
3
33
51
73
66
63
47
14
19
18
21
-1
-11
-23
-69
-79
-84
-97
-94
-83
-82
-47
-25
-17
6
23
60
71
72
86
87
85
83
61
31
22
21
7
-8
-23
-58
-57
-39
-24
-25
-6
41
57
62
78
79
64
54
28
29
25
13
18
-13
-44
-77
-103
-103
-101
-97
-80
-109
-105
-64
-47
6
17
22
29
34
69
60
37
46
50
31
17
9
-3
-27
-44
-70
-104
-114
-113
-110
-110
-92
-60
-30
15
41
56
76
81
90
90
86
95
96
87
63
31
28
27
7
32
47
13
10
10
10
21
13
28
22
18
29
31
6
-35
-43
-53
-33
-45
-67
-70
-95
-82
-83
-72
-58
-67
-42
-25
-27
-19
27
51
53
52
46
60
70
91
72
44
39
33
26
16
3
-18
-11
-4
-12
-4
-4
-21
-21
-28
-8
1
0
11
-6
0
-14
-37
-35
-22
-7
-11
-29
-50
-52
-30
-19
-22
-14
-20
2
20
27
50
38
27
27
27
38
33
21
19
-4
-7
-10
-7
6
-9
-16
-33
-15
10
25
21
3
10
26
20
16
31
31
12
-20
-13
-4
1
-25
-38
-37
-46
-33
-37
-32
-24
-29
-16
-7
-24
-7
6
17
20
18
25
13
16
-3
-3
7
0
-6
2
-21
-32
-16
-21
2
10
29
31
26
22
11
35
45
53
31
10
10
3
17
5
-10
-10
-14
-7
-37
-45
-33
-31
-35
-26
-8
6
14
-5
0
-4
13
30
23
21
22
13
11
17
-3
-1
-8
-22
-26
-22
-22
-9
-7
-7
-10
4
42
22
25
43
25
21
28
5
-4
6
1
-15
-34
-9
-5
-7
-7
-28
-13
3
12
15
4
0
11
19
9
8
6
-11
-19
-27
-25
-40
-26
-23
-41
-42
-42
-29
-26
-21
-41
0
15
18
45
31
40
18
24
42
65
72
42
29
22
1
-13
-13
-12
-21
-33
-32
-36
-17
-25
-21
-16
-16
-25
-1
27
22
47
22
32
26
10
19
1
7
-1
1
-2
-16
-21
-22
-21
-19
-29
-18
13
10
7
6
9
26
38
18
8
4
-1
-6
-12
-29
-34
-36
-53
-40
-40
-32
-38
-28
-31
-36
-5
-7
4
7
21
18
12
37
53
81
69
42
33
53
62
34
21
5
14
32
23
12
12
1
3
6
12
27
17
16
-4
-6
-7
-17
-6
-26
-46
-41
-28
-11
-13
-45
-44
-55
-64
-44
-36
-6
-5
-24
-26
-36
-46
-41
-32
-29
-50
-50
-44
-26
-14
-34
-16
-2
9
28
34
41
47
47
50
57
60
56
45
33
44
46
46
64
50
40
25
18
34
24
40
43
28
19
3
10
9
-3
10
23
12
-3
1
-4
-6
-18
-44
-50
-43
-35
-54
-73
-66
-36
-37
-45
-49
-59
-33
-45
-48
-13
1
0
-6
-23
2
2
-13
-6
-13
-4
-9
-13
-2
13
9
19
5
3
27
20
31
19
13
22
5
-13
-11
-14
-4
10
22
29
31
19
14
9
-7
0
2
12
28
28
9
13
26
31
26
7
-5
-11
2
-4
-2
3
-1
2
2
-1
3
15
14
3
1
5
2
12
0
-7
14
6
-7
2
-2
-9
0
-13
-10
6
-10
-30
-26
-28
-23
-9
-28
-16
-9
-19
-19
-15
-3
-6
-4
-1
-2
-22
-33
-8
2
12
6
7
13
0
-7
-8
16
6
10
20
3
10
18
31
25
19
16
-4
0
-2
-13
0
3
7
-1
4
7
-12
-16
-32
-19
-13
-25
-28
-25
-12
-7
-5
-25
-17
-4
6
20
21
18
19
12
10
2
2
12
-12
-10
-13
-17
-8
-3
11
22
5
12
21
1
40
33
24
36
10
12
21
6
1
21
22
10
11
13
6
-14
-8
-5
-27
-16
-14
-6
-18
-29
-34
-44
-20
-30
-30
-26
-39
-30
-11
0
-14
-12
-3
1
3
21
19
11
8
9
14
-1
12
19
25
34
28
32
28
42
41
18
18
15
10
-2
0
3
-4
9
25
20
-3
0
1
2
11
7
-13
-15
-8
-14
-11
-16
-15
-22
-34
-33
-20
-32
-25
-16
-17
-12
-28
-29
-28
-16
-14
-14
-7
-2
6
7
2
8
-11
-17
12
9
15
1
2
-4
-10
-17
-29
-8
-16
0
3
0
10
-4
11
30
22
22
28
22
22
11
11
16
5
7
25
20
15
8
-5
14
16
13
9
6
21
17
20
23
31
28
21
22
31
34
3
4
-10
-9
-12
-12
-3
-23
-32
-47
-32
-38
-47
-37
-25
-34
-31
-15
-36
-40
-28
-22
-36
-32
-20
-36
-15
7
-13
3
9
20
24
18
35
31
23
13
37
62
50
29
22
32
32
7
-7
-12
-9
-9
-14
-14
-26
-12
-3
-21
-20
-16
-4
3
0
16
13
14
39
33
18
24
23
17
18
7
4
0
-13
-2
-3
-21
-22
-21
-11
-10
-14
-32
-35
-20
-18
-22
-25
-22
-32
-25
-10
-2
-10
-3
18
31
38
31
39
26
25
29
35
25
19
23
3
12
-2
-22
-9
-13
-14
-11
-32
-35
-41
-29
-41
-41
-29
-49
-39
-44
-10
-13
-9
4
15
35
9
-1
1
31
33
39
34
11
9
25
26
31
37
34
37
28
29
7
-8
-4
-10
-27
-13
-25
-45
-23
-18
-21
-12
-15
-16
0
5
10
17
19
10
9
1
17
10
-4
17
29
36
12
10
23
27
19
3
7
19
15
10
13
6
-16
-26
-16
-10
-20
-25
-11
-13
-22
-7
1
-6
-13
-29
-24
-7
-2
-13
-17
-20
-28
-3
-19
-27
-20
-1
9
13
7
-13
7
13
0
-30
-16
-6
-13
-34
-44
-37
-63
-36
-29
-9
19
29
17
5
25
30
33
25
39
27
29
32
-4
17
25
37
51
38
33
-1
22
38
5
7
-6
-1
6
-3
-9
-14
-9
-6
2
-6
-16
-19
-34
-12
-4
-22
0
6
0
3
-1
9
10
-3
3
19
13
3
-10
3
11
-6
-17
-14
1
2
-12
-25
-18
-7
-3
-6
-21
-19
-11
-9
-1
-2
-5
7
17
9
5
-4
-12
13
18
11
28
42
38
12
16
17
6
10
8
12
15
33
22
5
11
3
9
7
7
2
-7
-3
-14
-18
-36
-44
-56
-58
-60
-63
-48
-52
-48
-57
-30
-18
-22
-8
-18
-4
2
1
11
20
3
17
29
21
12
-7
0
-1
9
4
8
5
18
29
10
24
13
12
21
32
24
20
17
-2
-3
15
34
6
16
15
-1
-1
-10
-11
17
34
25
26
21
22
22
37
41
43
35
32
20
-6
-4
-1
-1
-8
-13
-21
-20
-32
-28
-16
-14
-13
-25
-21
-21
-23
-28
-38
-33
-14
-40
-39
-13
-15
-31
-41
-21
-4
5
-4
-1
16
20
2
-3
9
13
10
1
2
1
-1
-3
-16
-36
-41
-40
-11
-14
-42
-24
-22
-19
-20
-38
-11
6
-8
7
16
38
41
27
46
45
44
64
50
48
33
17
45
33
31
23
17
13
0
-3
0
10
26
47
21
16
18
16
6
-7
6
29
30
11
10
4
-6
-37
-31
-26
-35
-34
-34
-47
-60
-41
-42
-19
-29
-29
-19
-16
-2
-5
9
-9
-23
-25
-18
-2
-9
-39
-25
-6
-16
6
-13
-16
11
10
-6
-7
41
44
13
22
16
1
7
5
-13
-19
-19
-16
-14
-34
-34
-18
-15
-16
-12
8
20
0
-1
2
6
25
30
35
29
27
15
34
36
4
20
16
5
9
-3
-15
7
31
14
3
26
41
26
18
43
44
53
59
17
19
2
15
11
-28
-20
6
0
-73
-58
-12
-7
-23
-36
-29
-15
4
9
-2
-3
30
42
8
-19
9
2
-7
-28
-54
-41
-35
-43
-63
-38
-66
-66
-30
-21
-40
-58
2
29
2
10
53
45
12
17
31
-12
-25
-1
-19
-62
-48
21
-37
-67
-14
6
-13
-16
40
43
46
72
104
50
28
85
83
67
-7
5
28
-4
-26
-57
-22
-13
-22
-21
-9
-27
-30
9
-6
-6
-2
7
42
25
-2
53
91
49
27
38
19
-27
-41
0
3
-46
-3
44
-26
-82
17
78
-43
-41
67
42
-29
34
85
-39
-76
50
23
-110
-87
-9
-56
-113
-50
-21
-92
-100
-32
-26
-89
-62
50
23
-41
54
104
-6
24
116
58
-22
16
70
-22
-5
74
40
-55
-15
66
-18
-79
-12
46
-5
25
82
63
1
69
103
29
24
28
13
-37
-10
-21
-36
-37
-67
-70
-22
-13
-82
-23
43
-16
-34
109
87
-60
1
133
26
-101
66
93
-42
-65
43
32
-124
-56
30
-54
-152
-58
51
-39
-82
30
77
-12
-20
56
55
-48
-28
84
50
-102
-68
104
-33
-196
-23
99
-88
-169
105
105
-165
-38
192
-25
-229
155
272
-93
-36
221
132
-113
41
213
-73
-166
114
142
-167
-117
142
-19
-166
-1
116
-98
-77
189
40
-120
90
193
-79
-48
196
66
-166
-41
92
-51
-110
5
15
-126
-27
39
-54
-126
-38
107
15
-38
22
83
78
16
-9
25
33
2
-45
16
-67
-181
0
25
-25
-197
10
216
-104
-7
106
74
-139
111
273
-192
-7
187
54
-112
87
124
-196
-61
155
-87
-189
38
52
-137
-75
218
-136
-131
111
1
-97
26
122
-116
108
-12
-29
70
-30
-133
-72
278
-139
-226
72
187
-183
-270
350
-23
-277
173
387
-216
-301
409
271
-296
-152
420
-29
-425
96
296
-395
-262
242
16
-217
-128
336
3
-192
29
238
1
-212
220
255
102
-125
171
366
-202
-182
311
45
-315
-6
300
-77
-429
107
235
-285
-328
218
144
-352
217
318
-103
-188
81
216
-190
-20
-32
41
-46
-21
89
-60
-150
-228
344
-37
-306
117
160
-147
-165
285
6
-235
67
296
11
-161
51
79
-113
-44
102
-107
-70
-2
64
-26
-246
98
-21
16
-57
-17
257
-261
247
79
-78
79
32
21
-126
314
-167
27
139
-235
98
173
-376
-266
301
155
-459
38
607
-482
-206
557
198
-695
43
644
-243
-288
77
367
-199
-292
226
303
-389
-179
489
209
-382
-369
538
151
-479
54
730
-304
-578
590
378
-483
-489
505
137
-332
-78
371
-80
-541
295
240
-239
-440
374
297
-390
-143
434
43
-346
397
162
-198
-225
398
-22
-297
104
18
2
-357
435
-29
-628
-24
315
-38
-538
192
225
-354
-92
450
-167
-536
127
613
-404
-555
731
55
-383
-87
575
-176
-343
542
152
-58
-385
515
12
-205
222
214
-23
-214
283
46
211
-538
217
373
-233
143
17
60
-171
50
99
156
-191
-133
390
-50
-376
206
93
-320
44
59
-7
-98
-158
224
32
-269
-14
129
6
-241
324
-300
-171
424
-371
-79
113
74
-371
-52
470
-277
-640
393
321
-339
-421
301
423
-782
248
233
-72
-567
285
843
-1019
84
486
30
-564
-135
854
-159
-397
188
713
-315
-659
913
162
-785
271
788
-567
-311
711
-162
-90
-313
416
106
-249
234
-255
331
-355
207
52
-257
368
-324
343
-346
157
373
-537
320
-304
441
-122
-335
455
-145
-136
-185
603
-439
-361
723
46
-902
305
616
-232
-804
605
820
-1435
302
636
551
-1734
579
1378
-1080
-259
79
1312
-1407
-159
535
500
-729
-734
1584
-287
-1458
292
1747
-1198
-1163
807
1270
-1356
-804
1131
202
-683
-792
1300
8
-1170
196
876
-73
-1382
428
1741
-1197
-871
522
1433
-667
-1561
1783
407
-1015
-507
1639
-121
-1644
1151
784
-1226
-40
634
301
-778
-471
1498
-696
-438
327
1200
-1250
-477
1959
-1187
-301
322
1067
-1014
-719
1346
147
-1149
-372
1765
-497
-1236
695
1211
-1063
-922
1339
425
-1244
-28
1169
-290
-1127
204
1085
-531
-920
491
1136
-858
-887
1156
0
-888
177
799
-267
-894
872
170
-980
193
662
6
-956
863
210
-641
192
-66
593
-995
283
871
-565
-653
705
563
-1405
559
632
-490
-1022
978
184
-1031
81
475
-143
-724
1018
-369
-185
-33
773
-368
-636
816
328
-787
-22
1122
-1167
506
51
378
-481
-13
665
-719
805
-760
412
-136
253
-244
-291
1583
-1576
105
921
-221
-734
356
673
-840
-115
391
414
-1064
478
445
-303
-870
1282
-16
-1436
1467
-422
76
-909
1229
-481
-873
949
-564
304
-647
776
-12
-274
-108
277
-52
-286
450
-171
-531
554
338
-925
417
53
36
-325
257
337
-354
-198
651
367
-1179
-25
1222
-94
-1449
1304
332
-1371
668
741
-911
-347
1089
-277
-1124
279
1234
-666
-1422
1220
1482
-2576
686
1837
-1499
-404
645
674
-1545
810
98
76
-202
-488
971
-697
147
-209
1119
-1346
263
983
-555
-400
-90
861
-971
310
-439
975
-250
-630
689
616
-919
-482
1297
-592
-377
-207
1031
-567
-201
234
281
-405
-439
1397
-1159
150
829
-488
-569
745
370
-1531
1251
66
-850
792
-47
-495
-15
1314
-1821
790
891
-1539
573
-75
896
-1841
956
287
-374
-116
55
1342
-2370
1084
389
-260
-1042
872
45
-27
203
-1027
1654
-1156
340
-652
1448
-1183
-695
1855
-1178
-5
-539
1254
-807
-614
876
490
-1002
211
987
-540
-830
1151
513
-1869
1464
-236
399
-699
52
932
-740
16
-326
1315
-1555
325
1043
-811
-307
340
572
-465
-100
-16
1033
-1281
620
789
-1146
222
146
990
-1977
930
419
-854
360
-910
1739
-1625
253
477
26
-193
-987
2182
-1483
-340
929
485
-1146
-276
1927
-1220
-735
847
945
-1511
-565
1943
-510
-1333
262
1247
-577
-1400
999
926
-1067
-827
1758
-137
-1242
291
895
-10
-1416
980
140
97
-670
315
705
-972
383
-342
682
-621
-48
473
140
-682
147
1086
-1334
174
908
-264
-1040
1341
-4
-761
-100
998
0
-1285
922
316
-19
-1328
1035
481
-733
-906
1109
792
-2060
778
713
-5
-1271
519
744
-422
-637
78
1187
-732
-555
784
-49
-233
31
-489
1155
-601
-197
217
527
-115
-667
418
309
325
-1309
744
625
-340
-1130
1165
421
-1145
-197
1149
-109
-1315
1266
-192
126
-1160
1331
35
-1323
606
546
-326
-921
1479
-599
-630
733
-290
163
-143
-551
1092
-849
113
-322
1140
-1105
-986
2905
-2026
-292
376
2058
-2997
-438
3833
-2754
-799
1193
1591
-2126
-886
2667
-634
-1527
561
1237
87
-2158
1060
1335
-743
-1616
1033
2536
-2983
-438
2565
-58
-2983
1840
1145
-1212
-1078
1395
1232
-2294
857
-195
1503
-1982
426
839
85
-854
-955
3468
-2881
-157
1476
-5
-1221
208
1168
-624
-968
730
800
-1117
-495
1121
523
-2786
2746
-505
-822
467
-111
732
-1389
1044
-620
1023
-1331
541
1167
-1628
194
1050
-394
-1322
2066
-979
-749
1300
-165
-1172
907
572
-1680
1066
594
-1289
451
431
-6
-751
122
1297
-1644
178
733
72
-1191
674
575
-1122
550
-167
579
-808
169
237
240
-200
-570
616
34
-351
-43
647
-443
-311
770
-617
-162
1203
-1256
66
918
-553
-373
275
340
5
-641
177
990
-279
-1118
846
1200
-2191
1263
163
-597
500
-596
516
-100
599
-1641
1154
661
-1182
212
17
914
-764
-255
-430
2481
-2307
-1210
3325
-1285
-979
-347
2627
-2076
-398
953
81
-26
-1390
1767
-192
-571
-603
1698
-1091
237
79
-288
456
-557
588
-1478
2268
-1857
-585
2024
-1277
-656
915
510
-2237
1913
-16
-1400
1187
-374
-71
300
-50
-801
1360
-185
-1354
1099
1050
-2083
286
2159
-1427
-477
318
1717
-2179
663
772
-606
344
-538
999
-841
1115
-1280
88
1798
-1086
-2350
3453
167
-3306
1294
1385
327
-3876
2650
1700
-2661
-589
1956
897
-3175
1363
1696
-1242
-315
-249
1541
579
-3516
2315
1098
-1063
-1934
1647
3010
-5673
2165
2174
-1689
-1765
1701
1555
-2544
-158
1822
249
-2235
798
717
947
-3802
2927
832
-2755
1129
-205
1449
-2855
1649
390
-1226
288
665
-405
41
-573
1217
58
-1495
2127
-1343
1295
-1724
1045
976
-1434
18
280
1988
-3133
576
2220
-1222
-1712
1127
2376
-3271
-10
2508
-1665
-360
520
127
-25
-36
-717
700
789
-1410
-593
2200
-907
-1222
1024
424
-635
-916
1863
-1974
1691
-1147
-758
2958
-2120
-1112
1850
1798
-4279
1430
2897
-2208
-919
1595
861
-1231
-515
1313
15
-294
-677
163
2511
-3178
233
2171
-748
-1512
1027
1282
-2069
911
607
-1000
-169
1563
-984
-954
873
1600
-2767
-969
4966
-3551
-2127
3860
451
-4008
1555
3013
-2650
-2026
3189
1144
-4499
2361
1131
-1259
-1623
2465
447
-3524
2377
651
-1263
-666
1778
-781
-786
1236
-778
396
617
-2432
2831
-451
-2523
2435
839
-2748
-343
4962
-4442
-657
3198
-631
-2143
637
2199
-1334
-1486
1095
2188
-2999
140
1357
699
-2386
639
2919
-3661
1826
244
-728
1595
-2381
1561
801
-1244
-660
2594
-1360
-2617
5409
-3761
-1169
3681
-1431
-2364
1879
2352
-4369
1995
534
-549
287
-1416
1851
726
-3250
744
4012
-4104
-956
3089
653
-5018
3870
654
-3500
3223
-3174
3497
-1851
-485
527
287
1546
-4275
3414
1164
-3529
1055
2452
-1566
-1558
959
2100
-2176
-567
1118
1174
-1326
-2259
4362
-909
-3420
2240
2051
-2256
-1104
2709
130
-3245
1914
1411
-1055
-1759
820
3497
-4631
119
4038
-2165
-2413
1469
4587
-5277
-1848
7355
-4502
-1589
2814
581
-1634
-1814
4137
-1434
-1575
1057
550
-254
-1033
1317
-14
-1913
1901
759
-3620
3113
433
-3317
1752
1569
-989
-3003
3565
180
-2945
1674
-174
1871
-3581
-33
5421
-4995
-1049
3849
-212
-2427
-2518
8547
-4975
-6223
9907
-1882
-4794
-33
8578
-6608
-4495
10512
-4111
-3969
2433
4628
-4863
-1302
4752
-1756
-1250
72
2050
-499
-2420
1721
2288
-3282
-798
3239
269
-3539
415
5213
-4100
-2884
5544
-203
-4585
741
5900
-4802
-2498
5131
-89
-4281
951
4342
-4317
-444
2605
790
-4717
3714
619
-2848
678
1514
643
-4698
5427
-2313
433
-1379
2352
-393
-2549
2346
414
-140
-3261
4668
-2380
1070
-3199
4694
-2128
-2602
3844
-1207
366
-4067
6753
-3987
-974
2309
509
-1519
-1154
2693
200
-3474
2422
906
-2104
954
-1555
5133
-7452
4455
436
-1418
-1225
1331
3598
-7840
5782
-564
-581
-2618
4471
-1425
-2318
1919
1863
-3351
-341
5324
-6516
3577
-1273
2461
-6059
5691
655
-7427
6315
-327
-97
-5989
7700
-320
-6815
2627
6742
-6652
-3350
8871
-2118
-5204
1343
7277
-6457
-2935
6199
1055
-6254
1977
4719
-3507
-2272
3617
587
-2887
822
464
2368
-3646
1182
1344
-270
-1695
72
3085
-2918
-288
1478
1031
-3198
1798
1491
-1783
-346
127
2695
-2727
-604
2726
-1659
-48
-690
2783
-2061
-2000
4225
-3281
2369
-2331
426
1653
-2128
2551
-3615
2556
-329
-1313
785
309
660
-3807
2998
1638
-3305
-378
2575
-215
-2515
1027
2791
-3121
-1059
3484
-470
-1322
-1156
3238
-1337
-1699
1958
917
-2404
1050
1075
-1844
3511
-4795
2518
480
-1072
1271
-2231
3448
-2708
895
-376
1562
-657
-3087
3177
1162
-1403
-3095
4259
953
-4449
665
4090
-2577
-2772
3404
325
-970
-1888
1920
1678
-3854
917
2077
-1469
-137
-1346
3081
-890
-2147
2327
-2156
3200
-2238
-1460
3764
-1353
-3509
3361
3356
-7383
2033
5229
-4701
-2701
6342
-2526
-2032
1054
2313
-252
-4586
5843
-3163
1529
-1173
-525
3237
-2735
-568
1755
2306
-5035
1882
1231
573
-3504
1699
2384
-3246
737
83
1876
-3269
1724
-359
320
-280
-988
1183
148
498
-2413
2633
84
-1591
-486
2664
-2292
148
761
6
90
-1125
2527
-3201
3878
-3953
1861
659
-1471
1494
-2406
4978
-6399
4923
-314
-4615
4921
-2461
715
-391
2453
-2453
-2115
6706
-6175
1576
2471
-5808
5797
-2528
-545
1306
-598
287
-3029
6270
-3879
-2769
5386
-3069
937
-478
528
-92
-1782
2775
-2165
2332
-1980
-813
4096
-4839
3578
-1227
-958
997
-114
1109
-3084
4341
-4054
1362
311
974
-977
-3004
6736
-5777
2471
-240
-11
-700
-1395
4553
-3889
665
605
531
-720
-1281
2075
-399
-2465
3274
-1221
-223
157
-402
2644
-4424
2234
406
495
-2159
1060
2648
-5132
4293
-996
-1021
492
34
1471
-1401
534
-389
437
464
-532
-2017
3111
-515
-1359
424
1484
-985
-3195
5961
-2840
-2338
2552
1537
-2472
-847
1945
344
-1449
-1271
4737
-3698
-266
1946
450
-1392
-1454
2930
-1724
102
109
342
-204
-1936
3093
-1868
-1300
4948
-5605
791
4780
-3704
-1141
1674
1151
-2548
318
1888
-907
-1182
-124
1523
922
-2663
-1245
4599
-1133
-3623
2654
2170
-4106
-248
5375
-3956
-503
1863
-7
-7
-1786
1438
81
89
-1892
1394
3220
-4184
-377
3837
-2262
-1945
1696
2075
-2614
-1717
4695
-312
-4674
2696
2048
-2297
-720
1432
2097
-4114
794
3384
-1872
-2154
1228
2332
-2672
-149
2062
125
-2538
932
1989
-2055
-324
745
1529
-2931
1427
366
-1115
939
-871
1998
-1975
1357
-659
811
-1451
-889
2689
-1630
-312
1315
-125
-1024
1608
-1439
1459
-2551
608
2422
-396
-2192
784
2457
-2687
145
310
1656
-4106
2050
2086
-1183
-1193
1267
336
-1961
2741
-3615
2872
-148
-1982
553
871
1466
-4279
3023
1151
-3422
566
1990
-344
-1974
1941
466
-1781
522
1460
-3124
1225
3857
-4382
-217
2617
514
-3559
2770
2271
-6421
3800
920
-929
208
-1172
1032
-1545
2619
-2491
-1597
5023
-2454
-2617
2269
2294
-2215
-3135
3888
832
-2634
-649
3036
536
-4669
2676
2020
-1284
-1616
571
2761
-871
-1792
675
586
-402
-1391
1130
889
-2411
702
833
1888
-2301
-183
661
-49
-646
-818
3134
-2894
2023
597
-2568
2943
152
-4387
3608
158
-3055
2490
-627
1102
-2365
1343
-232
480
-1908
918
2209
-3682
2804
-2627
351
1743
221
-2011
1707
1791
-3837
1398
1175
-801
-875
446
1951
-354
-1908
1676
-822
-100
-1339
2228
978
-3357
2744
214
-1898
-1095
1782
-1391
-441
3751
-1196
-1652
2733
-1151
-313
-24
-1532
2044
-2060
2168
1465
-3471
344
1500
-1083
-786
600
416
-554
414
448
-2269
1962
-633
-119
603
317
1231
-3331
2807
214
-2463
1025
734
1631
-3289
1100
3072
-2569
-1566
286
1758
-3055
1377
1608
-3107
1471
-151
447
-495
1539
-3077
309
4333
-3758
918
617
624
-1567
1718
1012
-2259
942
-137
-192
437
1125
-1531
754
-316
113
-1687
779
1026
-2216
483
2979
-232
-3775
3181
-396
-1565
26
2725
-2643
-458
2663
-942
1175
-3413
2301
-473
-363
1443
-1258
-254
-291
67
22
413
-465
-450
1306
142
-1041
860
-2812
1867
282
-930
2553
213
-788
-753
2579
-1522
-2007
1327
-781
338
1333
277
-412
-1574
491
-270
1366
-2106
222
1682
-2819
2813
-503
-1001
-1252
2420
-140
-1056
2144
-1911
545
-1609
1527
889
-994
-437
915
1054
-1394
-931
-692
1486
-521
-330
1374
813
-2751
886
2194
-1629
-273
-305
1888
43
-1446
811
686
-1601
442
1201
-1786
434
892
-917
59
-425
553
918
-1538
-128
757
-1073
-445
463
-296
-801
716
1448
-210
-428
-1148
1920
-784
-717
776
-568
1945
-1741
1895
-584
-1035
1634
-1249
1145
-781
410
970
-1308
-1361
1351
1188
-3097
1174
2552
-3220
707
1682
-1178
-1810
45
3390
-2474
386
1349
-1602
463
-179
18
-880
384
-507
1547
346
-1573
509
-227
-73
473
578
15
512
-807
1447
150
-1589
159
414
460
-629
875
325
-1672
-411
1211
-1278
410
33
-1099
953
21
131
-736
-813
612
609
53
17
-408
367
-464
700
299
-995
229
602
427
198
-327
-853
1189
-164
-892
306
1195
-1810
536
1947
-1407
788
-793
54
132
-700
-4
683
1
-1618
541
1533
-1492
-648
1478
-741
-93
-94
661
-158
-1212
-252
1458
162
-2111
1808
260
-896
829
383
-291
-248
596
-263
30
436
-319
309
-279
960
479
-1436
668
-678
1020
-704
22
1397
-2276
177
673
581
-1213
-676
708
-3
-393
-621
578
427
-1251
305
1028
138
-1221
-737
2505
-1394
-750
702
600
-519
-1109
2559
-412
-1299
15
1087
357
-1612
1081
304
-914
39
289
307
-1211
17
269
-272
372
-107
380
-760
-443
591
-201
262
82
205
-152
784
-121
78
666
-849
775
28
638
-731
264
1406
-708
553
-78
250
-804
-605
1401
-862
51
197
-676
1037
-836
452
43
-257
225
-890
1542
-833
-815
950
-603
-194
428
314
-713
163
458
-260
156
433
23
-1133
898
546
-779
-542
310
416
-1120
846
457
-292
-484
134
693
-1413
-1059
670
-321
-1745
60
-344
-1416
-780
-271
-437
577
-138
-590
1335
-32
-730
65
1097
-893
-349
1388
992
-118
-372
884
-605
134
-138
342
-37
-1137
32
-944
-1930
-1467
-878
-1105
-910
50
1277
493
-285
1103
1476
511
989
3178
2994
1489
2403
4890
2527
-322
4046
4095
858
846
4593
2459
-2822
431
886
-1834
-3027
-313
23
-3303
-3696
-1296
-1883
-5352
-4141
-1766
-1512
-3869
-1451
1123
-1692
-3266
-556
1288
-2476
-2273
1373
1677
25
842
3048
1382
-1394
981
2119
212
-691
1258
2592
-739
317
961
-902
-1262
-1005
401
-448
-938
-30
-476
-87
-580
-498
275
-774
-130
385
1107
279
-21
1289
1146
34
77
1072
-654
-1136
-61
-716
-3174
-3499
-3530
-3752
-4627
-5623
-4483
-4902
-2913
-900
954
842
393
4191
5525
6393
5062
3054
2446
6245
13651
13737
8487
6456
10561
13948
11098
3303
-3653
-7283
221
7117
2057
-5778
-7123
-5
-2772
-8197
-11985
-16251
-16261
-10487
-3045
-4509
-4724
-1301
-3894
-8836
-6643
-1631
-1995
-6523
-1803
9273
14296
11328
5271
1447
-2122
1988
6306
2825
-1875
1634
10911
9940
1198
-2904
-3644
-6412
-7079
-3183
1244
-2242
-2447
1773
1284
-2086
-3693
-1998
-6455
-5938
1121
6597
3852
-2041
1548
4614
1915
-1143
-303
-274
-2010
2313
7014
2914
-1778
-290
1177
-1827
-2671
-1037
-2350
-2374
1278
4001
712
-3833
-2512
-459
-1708
-1228
1076
1209
-291
2031
3648
-32
-3354
-3003
252
545
1139
2132
-224
-3561
-4817
-3994
-5774
-8655
-7849
-3242
-716
867
2653
2760
459
1476
6508
9892
8466
5290
6851
7770
12016
15551
14768
9074
6653
12986
15605
10066
-4469
-11081
-7477
120
2402
-4144
-9619
-9675
-4522
-5835
-12184
-19296
-21301
-14031
-4648
-1246
-2956
-1418
312
-5712
-8353
-2777
58
-2829
-2696
7214
13460
13647
10055
1603
-5253
-4347
3615
5408
-3159
-4425
4280
9389
3316
-6417
-7864
-8842
-7405
-3424
41
-636
-2290
3255
5554
2205
-2993
-2593
-1209
-2979
661
5773
6376
1797
1333
5029
3306
-38
-2251
-2191
-1123
2222
6129
2863
495
1131
1901
105
-847
327
-3003
-1267
3778
5959
1903
-1483
29
-625
-848
-986
-249
-1483
-979
2752
3192
-657
-4632
-3992
-2328
-2630
-2231
-732
-1895
-4686
-4025
-3689
-7277
-8975
-6693
-3282
-1629
1606
5822
5842
3247
4451
10215
12372
9687
6470
6297
8939
12819
15913
13566
6876
4379
10516
14407
3553
-11825
-16024
-10362
-2571
-2689
-8017
-12226
-11634
-3815
-4043
-12864
-22250
-20009
-7181
-1692
1510
1624
3961
4653
-1413
-1368
-2732
-2917
-1930
-52
9380
13896
14197
7485
-3740
-8423
-7870
-34
-852
-7145
-3999
4328
9455
1559
-7961
-9975
-8123
-2892
991
2515
3230
5536
9369
8057
2760
-1078
-659
-288
-47
1916
4570
5122
1150
-1110
-238
-501
-3180
-5482
-4773
-1442
2596
4850
1705
539
2279
2527
1465
-288
1390
1099
2324
6173
5033
237
-2161
-1111
-1835
-3680
-2834
-1354
-2770
-2092
798
-832
-6023
-7779
-4940
-2470
-992
707
160
-1120
-416
-378
-2779
-6236
-4605
-916
-13
-427
-327
-330
-3049
-779
4047
8056
9313
10068
13230
12889
11795
7622
3414
1465
6626
16234
17902
9329
1458
3733
7632
3103
-12148
-21952
-18444
-5784
421
-5742
-11261
-11484
-6270
-3133
-6712
-16583
-20777
-8392
4528
4666
1742
4461
8465
3081
-4066
-4227
-4667
-6935
-5522
4744
12391
9693
6053
321
-8844
-11121
-4412
-1105
-8434
-8633
5364
14003
7456
-3878
-6694
-5890
-4072
2123
7002
6363
6178
11495
13782
5156
-5673
-5109
300
989
729
4692
7161
2604
-2348
-1182
-2876
-8989
-8368
-1628
4300
2523
3665
6036
2024
-558
1168
4293
-194
-3324
2980
5695
4660
3718
1439
-2346
-7179
-4444
-2408
-4622
-4209
-233
2749
-942
-4163
-6010
-7169
-6476
-3395
-547
1036
2060
2417
2139
100
-2912
-4811
-3998
-1658
780
1730
-126
-3548
-4659
-5060
-2729
-377
4290
8628
9009
10418
8212
8936
6438
5379
5611
2669
8639
15244
19072
8354
-2994
1780
4625
3199
-6916
-14059
-14246
-10270
903
-3253
-12044
-13231
-4362
5225
-4961
-12799
-13402
-6356
2112
1490
3966
4183
7488
8744
1080
-6018
-11034
-6493
-463
2376
8097
8878
6389
53
-8094
-10432
-10303
-7234
-6966
-5505
2337
9388
8133
-2689
-9286
-5276
2360
5980
6175
5104
7247
11067
11219
4994
-5122
-7124
-822
4646
1934
-2856
-2157
1399
-1083
-5117
-5343
-6467
-5622
-2908
5190
5702
273
2299
4277
5693
872
-1139
1262
-1955
881
4958
5506
1566
-4520
-2719
-3470
-4501
-3560
-3477
-319
683
3200
2938
-2430
-4800
-3924
-847
1108
2475
3422
4826
5892
4663
356
-5000
-5046
-1416
2536
2515
176
-2525
-4537
-6853
-8463
-9366
-8534
-2267
4384
9925
8685
6775
5718
7012
7743
5831
5181
5327
14932
18464
16952
8127
439
3335
4683
5339
-8771
-21043
-19720
-9410
-1537
-7993
-9468
-6562
-4541
-4405
-10323
-15031
-17801
-9200
4447
6267
6767
10243
15014
6873
-7969
-10272
-7676
-2102
2913
7851
11007
6964
4621
-263
-10891
-16681
-14397
-7553
-6666
-2775
8203
11203
3769
-6754
-6655
-1067
1826
4390
6261
7970
10484
14130
12337
856
-8675
-3150
4946
2943
-1624
-742
4602
3298
-993
-1852
-4682
-6466
-4533
1617
4119
411
1957
4836
3129
-1089
-4555
-4018
-4658
-3736
634
1388
-60
-1958
-2679
-4168
-7264
-6096
-2523
793
4367
4936
3334
1548
-842
-1163
-762
75
1318
2551
6006
7319
4802
1640
-2550
-4173
-1988
682
3174
971
-2098
-3330
-3692
-5772
-11593
-11050
-5465
2241
5972
6431
7650
5116
7026
7937
11502
12953
8904
11073
11439
14227
11437
6249
2434
-1480
1467
2545
-795
-14755
-26191
-22590
-11709
-6520
-10585
-8930
-3923
-3108
-5655
-9113
-10309
-11058
-3268
8930
11316
11488
13718
14048
2573
-11774
-10795
-3414
1867
2042
2012
3576
777
-1222
-6608
-14974
-19138
-15983
-5470
-479
2386
6821
6632
2431
-1836
693
5396
6210
7528
10017
12005
12637
12063
9234
643
-6582
-3052
2956
1378
-2290
-2042
667
-2835
-4942
-1349
-3386
-5491
-2872
3605
4752
1063
3977
4613
-295
-2853
318
3114
-299
-947
1193
-498
-2050
-1380
-2784
-7417
-7765
-1339
1798
77
-78
769
-676
-2871
-1737
-1751
-2435
-638
2685
5529
5654
6471
4314
-649
-3523
-2124
1744
1951
1883
2615
931
-1988
-5533
-8439
-11523
-11386
-4517
946
3006
3660
6555
7296
2329
2900
8114
13082
11601
7386
7210
8829
9347
8163
4507
-938
-1147
2094
5016
-4336
-18881
-21660
-12794
-2802
-4126
-4301
-1172
-2435
-4785
-6853
-5964
-8154
-8343
1528
7752
9617
9476
9435
3880
-9633
-12330
-6596
-1033
-1442
-3115
2520
4551
2319
-2192
-8493
-12428
-13212
-6193
736
3014
5457
8279
8805
3773
252
1813
4184
3674
2292
5106
9049
9695
4603
-2073
-5304
-4779
-1344
-1490
-2406
-3350
-1903
2013
1579
1020
-1655
-957
1414
584
2697
4045
6113
4869
582
1563
1807
645
-1998
-4644
-3136
-2512
-627
-409
-3723
-4847
-4476
-3086
-2509
-2221
-752
885
2322
3470
1217
-1006
862
1784
2179
2855
5765
7217
2481
1030
1830
931
-241
-252
2773
444
-3853
-3059
-2810
-6854
-12465
-9417
-3734
-3736
-4663
-2706
1070
-1507
-327
6122
9719
10912
11838
16734
13307
2155
-1017
6521
11987
10086
5549
5520
6105
3291
-728
-12263
-20091
-21326
-11766
-59
-1352
-4694
-10096
-8490
-5494
-10071
-11107
-10848
-4146
1184
3595
11150
11726
8142
-1249
-6426
-3039
-3720
-373
1679
3290
5910
6112
9236
1961
-10387
-13644
-9644
-3404
-2301
3092
9948
8460
2435
-1039
199
-2239
-5746
-2418
3147
4364
5794
8886
6902
-1892
-6355
-1392
1561
-1866
-1075
4398
7708
5091
757
2787
55
-3670
-2916
-293
4615
2531
2502
3406
-629
-2485
-4681
-1727
-2071
-6968
-4560
-2017
-23
-2447
-3468
-80
-3314
-4222
228
4293
3051
-1652
1703
5111
2325
545
1200
2529
907
1125
4515
3456
-704
-699
2332
877
-3324
-2478
1734
-142
-4552
-4447
-2801
-3282
-6287
-5257
-2773
-2804
-2763
-763
3100
2026
2514
7958
13002
13137
10750
13041
9524
-291
-2470
5928
13120
9220
3004
3953
3198
-637
-5981
-15076
-22741
-23785
-10340
807
-937
-5347
-8058
-5152
-7214
-11660
-10863
-8941
-1653
4518
9630
13001
10828
7813
-1785
-7157
-5885
-1905
3740
4266
7489
8153
5364
3019
-3426
-10470
-14730
-10584
-1425
1673
2490
3725
2929
-1539
-6774
-5416
-2933
-2076
37
5040
9535
9062
7426
5866
2213
-1728
722
5395
6532
4478
3741
6403
5189
541
-3268
-4044
-3750
-2937
-425
2366
2186
-1730
-4297
-4313
-4200
-5013
-4180
-1815
-1005
-1713
-163
1583
130
-1577
-1788
-238
760
2385
5131
5075
3048
1446
998
989
-82
-275
-523
-1202
765
2903
2743
-1171
-3802
-3380
-3289
-2079
-1799
-442
-602
-1097
837
-288
-2125
-5147
-4112
-324
52
931
1054
1622
1742
3206
8133
10251
8464
7797
7570
3719
-2489
-3192
3638
8209
8044
4536
2153
733
-1816
-5461
-11975
-15429
-13170
-4181
2934
927
-4124
-7166
-4697
-4052
-8185
-9549
-7418
-1628
2256
4746
7182
5442
1776
-4209
-5473
-4360
-3733
-556
2359
5527
5476
5446
5281
-946
-7565
-9085
-4309
777
1332
3023
3755
2332
-340
-1930
-534
-3023
-4934
-1888
2462
5095
4935
5209
5031
1903
863
3597
4924
3554
516
1779
4753
4046
2562
1234
1790
-155
-1080
1531
1111
-2725
-6373
-4800
-2552
-2897
-2213
-1262
-2436
-4726
-4363
-2091
-1510
-665
1281
2119
1478
2434
4849
4868
2888
1128
1500
1949
1899
1576
125
-1038
-739
888
792
-1198
-2388
-2045
-2554
-3740
-3010
-1410
555
1451
2187
2104
401
116
-944
-2306
-3034
-2087
317
328
-1163
-1109
1102
3360
3641
2186
2009
1566
1420
1211
-645
-1219
923
5587
6685
3246
-122
351
2540
3547
1632
-3331
-5961
-4612
-872
-1634
-3234
-1957
-1442
-2174
-6522
-7852
-7676
-8263
-4799
-2245
-788
-476
973
2789
-1858
-6113
-6206
-2598
574
990
5201
9613
10376
7139
1545
-1105
-1795
-1391
-393
-342
1575
4125
4281
2167
-1514
-4708
-6036
-4925
-2370
-744
920
4639
7044
6434
3235
1277
1866
1309
2063
3676
6409
7426
5189
3904
2709
724
-2597
-4354
-4087
-4558
-5552
-4465
-2299
-2748
-4634
-6009
-5641
-5601
-5824
-2857
524
2260
2066
2161
3266
1195
-35
1536
4284
5215
3079
3567
3856
1568
-1089
-918
1552
798
-370
457
1238
-1289
-3822
-3317
-2795
-2664
-2552
1397
4224
2999
2106
1660
903
-2671
-3469
208
1800
1000
-606
-128
-50
-3258
-4237
-2910
-1152
-1023
-957
1470
2354
1007
-515
-1370
-2421
-2040
869
6387
7426
4014
3750
5218
5389
-1016
-5547
-3446
-519
1804
1009
2124
1739
-1309
-1883
-3380
-5135
-7989
-6826
-1590
-473
-1197
-889
1445
36
-4917
-6070
-4259
-1866
-1167
1442
4908
4834
3204
889
-385
-2748
-4082
-1394
1489
2771
1946
2719
3682
1575
-174
-138
1466
1856
1479
2861
4648
5273
4234
2863
1424
616
-55
131
1050
-230
-1813
-3702
-3919
-3799
-4866
-4081
-4731
-5630
-6082
-4495
-1456
-1081
-274
1049
2437
3064
1693
944
605
1676
4139
4339
4139
3595
3170
2775
923
185
-602
-648
147
175
53
7
476
108
-1977
-3411
-2963
-1502
-101
766
2696
3877
3320
2805
2498
2461
1514
792
2069
2851
3222
3098
2771
2144
-1786
-4531
-5496
-6276
-7664
-8345
-5354
-3988
-4414
-4301
-2937
-3112
-5721
-5485
-2593
-103
317
1601
3000
3058
3515
4950
6698
4781
4608
7150
8729
7329
2436
1307
1414
1776
1695
1418
3562
2631
837
-1586
-4677
-6784
-8992
-6633
-4192
-3998
-3182
-2066
-488
-3679
-7098
-7458
-6788
-5618
-5167
-1214
2498
3504
3124
1947
1769
731
1103
3056
4162
4823
6244
8194
7803
4996
2704
2824
2577
1226
534
707
1235
258
-213
-1057
-3482
-5548
-6787
-5829
-5915
-5883
-3921
-2271
-706
-772
-365
49
-848
-461
777
1981
2237
2455
3683
3717
1970
876
1406
1542
552
-64
1246
2267
1926
1500
1279
1532
-10
-1196
-580
996
2591
2324
1818
762
-129
444
1226
1447
609
532
2081
2664
1353
-564
-994
-107
10
-675
-1349
-1903
-2110
-2653
-3422
-3726
-3757
-2935
-3428
-4838
-5336
-5135
-3760
-3560
-3669
-3321
-3280
-2191
-2040
-1807
-847
-152
1395
2057
2504
2527
1586
1131
974
2419
5817
8737
8929
7976
7506
7416
5488
2742
1495
798
2134
3070
3892
3693
1318
44
-2753
-5317
-7713
-8990
-6518
-5095
-4374
-4254
-3698
-2671
-4600
-5884
-6259
-5786
-3797
-1741
1990
4661
5629
5865
4187
2232
622
706
2526
3446
3553
3737
3889
3234
1150
-1265
-2580
-3318
-3140
-2437
-2404
-2194
-1812
-1078
-1179
-1854
-1597
-904
-57
99
251
892
1354
1667
1732
1606
1333
803
383
626
677
426
232
836
1814
943
-628
-1416
-759
13
62
1133
1638
1008
587
1454
2752
1988
1059
1557
2248
1785
986
1466
1517
321
-955
-1093
-597
-1020
-1470
-1628
-1604
-1516
-2204
-2684
-3345
-3216
-2061
-1840
-1807
-2215
-2258
-1890
-1785
-754
-566
-997
-575
-363
-920
-2540
-2554
-932
-1391
-3052
-3487
-2042
-126
483
1277
2453
2371
2098
2254
2783
2304
1586
4501
8235
9629
8230
6780
7809
7065
5423
4024
2307
1014
-87
715
1002
-460
-1715
-2508
-3412
-5603
-7655
-7258
-5688
-4588
-4351
-4099
-2657
-1884
-2645
-3827
-4584
-4664
-4132
-2772
-68
2286
2530
2155
1364
299
-1066
-1485
205
611
244
713
1618
1744
273
251
668
107
-516
-358
657
398
306
1934
3167
2162
286
149
1297
637
-764
-191
617
510
38
1181
1786
141
-919
-768
-402
-1649
-1623
66
1161
1187
437
1049
842
-54
-438
306
1528
1122
1314
1814
2288
1501
308
636
378
96
-496
-179
417
-178
-533
-750
-959
-1938
-2754
-2319
-1585
-1764
-2035
-1421
-1111
-1770
-2576
-1835
-766
-636
-590
-106
1215
1382
1124
790
-458
-952
-1710
-1268
-897
-1358
-420
154
154
-1361
-1687
528
1747
2371
3014
4148
5040
4567
4469
3593
2876
3928
5453
7031
5449
4611
5391
5285
3902
-1113
-3315
-3144
-1648
244
-437
-565
-2149
-2965
-4365
-7360
-8805
-9382
-6626
-4505
-4066
-3182
-3208
-3042
-4615
-6460
-6542
-6148
-4256
-1463
1445
3593
3403
2179
500
-942
-721
406
2209
3580
4854
6208
5781
4138
2251
1375
1038
40
77
1443
2493
2523
1558
924
-77
-1602
-1223
-82
186
-841
-897
691
835
-199
-596
-202
-820
-1404
-499
1023
926
-329
-232
60
31
-759
-577
-139
-611
-708
-791
791
1462
915
599
-211
108
136
352
1220
1146
596
-12
190
547
-196
-437
17
433
72
-1022
-370
156
-166
-517
-669
-285
-968
-1200
-745
-178
-223
-519
45
641
478
-420
-468
-1150
-1689
-2517
-2071
-139
-353
-28
-479
100
-93
304
2700
2894
3789
3209
4996
5480
3451
2122
694
3348
4770
6085
5257
4305
4549
2940
2417
-1331
-4093
-5283
-3564
-1201
-2289
-2280
-3020
-3371
-6673
-10317
-10628
-9893
-7062
-5710
-4570
-3326
-2391
-1763
-3090
-4320
-5010
-4324
-2200
884
4423
6815
6725
5052
2901
988
1506
2889
3929
3955
4248
6263
6111
3447
476
-270
445
-272
-193
849
1576
1847
696
-459
-2055
-3254
-2062
-911
-242
-919
-1158
202
404
-314
-1696
-1459
-625
-742
103
1040
1187
96
-645
-38
118
263
721
992
691
-690
-1052
-648
-283
-169
-319
611
951
699
355
639
945
46
-461
-121
1130
1669
1356
991
280
-309
-581
115
760
518
283
253
80
-483
-840
-648
-544
-887
-1238
-477
865
1077
364
-1217
-2208
-3025
-3498
-2043
-801
575
340
73
-73
324
2302
1985
2997
3241
5012
5899
4199
2907
23
3042
6175
7861
5177
2313
4923
4104
2516
-3263
-6502
-6650
-4765
-872
-2702
-3375
-5377
-6426
-8677
-12049
-10327
-9004
-5426
-4267
-4549
-3330
-1908
49
-3039
-5471
-4657
-1408
2389
3880
6506
8121
6817
3601
996
1082
2684
4263
5600
5871
4551
4230
3781
1410
-1914
-3158
-1227
-461
22
679
1078
-97
-3556
-4509
-4381
-2197
-71
1123
2567
1545
1136
-180
-688
-894
-821
785
1951
3578
3269
3209
1471
-951
-2492
-3107
-671
189
1320
1332
395
-917
-3261
-2623
-2261
-918
256
1384
3187
2685
3487
2540
1052
-37
-733
927
2070
3983
4161
2366
95
-1514
-1707
-2210
-1616
-868
-754
-1444
-2238
-2000
-2180
-2688
-2963
-2001
-931
-528
249
751
1338
-458
-2135
-1875
-1494
-530
-661
1387
1640
248
-9
274
1855
894
3599
5925
6395
4561
1427
1825
991
4044
5642
5916
4651
2832
4114
2751
209
-6124
-8576
-5981
-2011
342
-1807
-2402
-5598
-9196
-10831
-10670
-8612
-7301
-3662
-2114
-2609
-2387
-1096
344
-3281
-5154
-2946
1066
4429
5288
7528
7314
4477
1599
378
1433
2579
4066
3967
2453
1814
1534
134
-2380
-3277
-2059
-741
431
1937
2595
1431
-795
-3126
-3508
-3077
-71
3938
4137
2548
-53
815
603
-1713
-1794
-980
1223
905
3002
4450
1806
-1597
-4847
-3275
-2362
-719
2189
3213
3038
-476
-1487
-600
214
-73
-258
2497
3302
3402
3329
3203
1099
-1764
-547
1086
1300
731
1469
1167
-1838
-3568
-2563
-839
-1150
-275
1356
1321
-20
-1014
-144
-1055
-1975
-892
1232
1286
-369
7
121
-1558
-4553
-4363
-2699
-3079
-3664
-2123
40
-898
-1099
857
1607
4
986
6131
8312
4940
670
736
4677
7173
8685
6742
4063
4129
4169
5200
-973
-8151
-10675
-5714
1441
-1117
-2816
-4502
-5583
-10466
-15222
-9717
-6151
-3497
-2538
-1433
234
-2035
-629
-1756
-4353
-3920
-435
6476
6131
5264
6108
3854
379
-3794
-2370
1756
3913
3475
1518
1491
1892
-527
-3579
-4386
-2494
-30
2108
5687
6061
3847
1194
-1231
-1252
-2016
-55
3484
4641
4164
1687
1308
-60
-3840
-4642
-2041
57
-284
-280
1886
2673
-1023
-3054
-2074
-2
865
1313
3769
3858
2662
-182
-208
1205
-289
1188
2286
3273
1213
-1313
1485
-93
-2701
-2510
686
2495
-635
143
717
-1459
-3869
-2437
1266
407
584
1912
2024
-436
-2985
-1163
-295
-1005
-33
2093
2111
-817
-3272
-2447
-1613
-3330
-2641
-1414
-839
-3068
-5037
-2816
-3454
-3437
-2752
1072
2867
1048
3541
4011
5371
3691
3437
4732
1036
4368
8388
10760
7770
683
2189
1881
2066
-820
-6026
-5991
-6393
-344
-359
-3584
-5138
-8839
-7487
-9177
-6433
-3509
-3229
134
-1133
-1001
-329
1431
1476
-4192
-3109
1312
3456
2783
1631
4325
2562
-1756
-1947
-328
616
458
849
1483
-576
-751
1653
268
-2983
-3758
1606
4875
3438
3992
4319
3335
-1586
-2901
1202
1639
1334
1217
2420
1286
-2871
-2534
-1410
-2467
-2981
89
2849
1617
-151
1076
1596
-1662
-2104
593
3654
3143
2912
4068
1767
-608
-2679
-130
1330
643
2502
1650
1152
-1411
-2490
-611
-1476
-313
321
794
876
-131
240
-1544
-2791
-1910
987
2738
1362
971
480
-689
-2338
-2430
848
1940
980
561
-439
-1582
-3462
-3185
-1499
-1504
-1082
28
-353
-3244
-5557
-4890
-3857
-3685
-3434
-579
3400
3863
3306
1320
2354
3504
3483
6538
5737
4342
1559
5720
10530
6625
1544
-1825
1246
294
1145
388
-5150
-8177
-7527
-420
-2787
-5700
-4635
-4621
-4923
-7866
-3878
-1871
-1652
-599
-1181
1563
1920
3470
138
-4555
-2104
-921
2023
1940
3288
4649
94
-1446
-2816
-2146
-672
654
2085
-308
-219
2399
2216
-1936
-5063
-743
3747
3088
3018
4382
4201
-160
-3525
-296
1722
605
1516
2840
2138
-2096
-1873
2382
-433
-4031
-2913
3412
4255
85
1815
1538
-1319
-5012
-508
5466
2260
1094
1707
2654
-733
-3352
-57
518
-128
-173
2100
3182
548
-1485
-2531
-1348
-1756
-2048
1120
2743
1594
-1390
-1586
-666
-2315
-1831
1440
2671
322
-485
674
-488
-3002
-2419
904
1229
-518
23
1051
-534
-2563
-1140
970
-217
-2104
-651
392
-2331
-4060
-2557
-638
-1955
-2399
1299
2316
687
1290
3423
3865
798
2624
6978
5162
1372
70
5447
5609
2180
-99
-1071
1940
582
2725
-1267
-8507
-10036
-6109
1858
-1479
-3275
-2343
-2334
-4089
-7233
-2570
-2344
-2749
-126
2304
5330
2831
1651
-2203
-5666
-3691
-1588
3170
2977
3430
3368
-1068
-2928
-4840
-2477
-171
288
1927
1964
3791
3515
133
-3449
-4147
827
3688
4254
4899
4326
2520
-1238
-2361
-703
-264
889
3031
3928
2086
-2064
-3165
-2582
-2872
-2079
-39
2298
2109
1510
2171
370
-3895
-5026
-996
3605
3118
2566
4382
1872
-2586
-4225
-419
582
-1148
2718
5015
2348
-2268
-1904
-488
-3935
-3315
187
2177
1511
616
1598
-1322
-4089
-3161
-437
1574
1399
2735
3390
1449
-1474
-2522
-750
100
-206
1399
3656
3280
717
-1461
-1424
-1516
-2231
-1613
-29
1072
17
-982
-2105
-4350
-5279
-4590
-1198
866
1748
3212
3121
2404
-631
-999
1595
2930
2689
223
1454
4806
4568
2193
-2568
-3322
-1162
1624
4140
-1086
-5639
-7560
-2153
2282
-1804
-1685
-2067
-256
-2210
-3821
665
-1242
-1062
537
3116
4643
555
5
-2743
-4081
-3134
-2025
2475
1106
1767
2254
-580
-2587
-5720
-1708
1317
999
2382
3430
6240
3747
-1247
-3012
-2090
2063
3234
3713
4021
1189
-941
-2273
-1889
-2275
-3317
-1015
1157
1620
162
-1453
-1753
-2551
-2899
-1323
1228
2755
2649
1934
1637
-522
-2402
-1770
723
2837
1200
1472
2045
348
-2010
-3353
-98
585
433
2465
2377
640
-1629
-301
426
-1734
-1330
882
2627
1695
832
382
-2673
-3032
-761
1369
2148
1885
3160
1089
-1125
-1005
-1217
-284
-23
1932
2625
2343
3069
757
-1858
-2971
-970
-304
-1020
861
1465
-334
-3526
-3915
-3184
-4453
-3264
-458
628
-65
190
2587
1290
-2326
-2929
-195
2576
2227
1808
1251
1431
1311
1261
977
-1004
-16
1868
4825
2776
-3160
-5091
-3238
2206
1052
-624
-357
-815
-620
-2930
325
-826
-3716
-1913
387
4058
22
-663
-1389
-5481
-3636
-1566
2589
165
-697
3862
1908
-737
-3631
-528
1767
-13
2223
2388
3386
2016
771
337
-2821
-1167
391
1968
2350
1050
384
-2637
-3119
-2262
-1772
-1617
-1356
377
766
858
306
-1115
-2468
-2156
589
1913
1867
1764
2304
1680
-887
-1832
-1050
345
928
1499
2091
1042
-249
-1010
-325
510
989
1857
1934
1897
1051
339
146
-224
76
642
1484
599
-1292
-2096
-1349
-124
-82
234
760
645
71
219
663
-39
-620
275
1646
1655
1640
2288
1545
-693
-1543
579
1827
647
13
512
518
-1270
-1119
1002
811
-780
-1314
699
527
-1510
-1168
-680
-1907
-4645
-3903
-1296
-1814
-3280
-3393
-2235
-3561
-5016
-2592
136
-14
-2207
-1669
489
534
-204
293
1488
1031
569
2218
4436
4020
1957
1367
2088
2294
1933
2819
3431
2584
1492
1657
1949
654
-512
-283
586
104
-485
-86
137
-647
-1920
-1431
-694
-632
-940
-1039
-744
-1495
-1986
-2449
-2310
-1345
-799
-280
-965
-1279
-1235
-1462
-975
-972
-789
-557
186
612
-247
-167
601
465
-1028
-1106
638
1126
529
527
1215
146
-1526
-1242
65
706
246
387
285
-235
68
1316
2206
1014
521
1544
2274
1961
1467
2439
2486
1590
1581
2100
2024
366
-589
-552
-163
550
853
662
-297
-613
-334
-532
-610
-62
1007
1183
728
795
744
606
392
195
-82
-99
592
545
-218
-601
-473
-833
-1729
-1467
-728
-788
-1186
-1277
-1164
-1776
-2487
-2539
-2723
-2641
-2045
-1595
-1906
-2405
-1998
-1817
-2152
-1877
-983
-129
239
639
1110
764
359
620
983
1252
1510
2499
3163
2258
1466
1174
1379
987
821
2315
2691
2075
1065
955
1235
504
733
780
688
726
701
872
-285
-1112
-1602
-1844
-1128
-465
174
-765
-2099
-2524
-2162
-1654
-2324
-2602
-1995
-1175
-1377
-1895
-1299
-721
-805
-1493
-1231
-575
-45
823
811
341
-521
-342
335
154
177
-2
17
-469
-487
676
1022
338
-1026
-865
327
947
1247
1166
1372
1241
1487
2057
2431
2521
2217
2187
1825
1881
1862
1461
1147
1015
1342
900
260
-288
-682
-289
51
89
-369
-746
-183
319
727
529
-115
130
526
1179
1304
1348
1616
793
392
433
846
688
-415
-564
-786
-927
-980
-1049
-1079
-2077
-2332
-1861
-1456
-1561
-1905
-1655
-2012
-2320
-1844
-839
-492
-1011
-1175
-1358
-1358
-1200
-522
-278
-842
-872
-915
-646
-737
-756
-633
-1212
-627
190
594
128
-558
135
264
602
1010
1295
1614
1287
1896
1955
1432
1429
2031
2911
2416
2084
2325
1989
1165
416
671
638
274
109
-421
-1073
-1559
-1296
-1218
-1643
-2092
-2374
-2127
-1610
-909
-760
-846
-1212
-1508
-843
-145
58
-496
-344
313
86
-170
73
435
-289
-1079
-523
236
79
-411
-47
-35
-821
-869
-134
373
90
166
488
251
370
1177
1993
1527
740
998
1531
1713
1324
1307
1190
729
786
956
1230
790
272
123
-29
589
1258
1423
776
-17
219
788
1157
1126
903
868
647
631
1019
1258
959
465
419
621
383
-114
-307
-428
-693
-1120
-1070
-1007
-1475
-1805
-1856
-1394
-1281
-1376
-1265
-1470
-1487
-1541
-1098
-541
-657
-661
-688
-498
-624
-1174
-1250
-1417
-1557
-1525
-1235
-668
-900
-1665
-2215
-2190
-1645
-1354
-1086
-745
-230
382
505
347
-67
-69
337
703
1547
2250
2442
2195
2014
2076
1575
1316
1587
1867
2019
2004
1916
1177
302
61
-37
-290
-408
126
555
26
-538
-680
-634
-661
-605
-70
241
356
483
167
-221
-489
-498
-377
-280
285
485
-53
-717
-1141
-1069
-1158
-1206
-1018
-1022
-1036
-1014
-656
-462
-953
-1202
-1067
-571
44
515
1056
1019
871
739
611
909
1038
1186
1109
978
1089
950
845
365
-139
-56
187
409
167
70
364
418
265
180
525
918
966
870
849
852
932
1152
1175
1184
1417
1408
1015
815
833
583
143
130
477
110
-748
-1254
-1263
-1056
-1000
-859
-937
-1396
-1438
-994
-842
-1117
-1189
-877
-853
-1000
-689
-243
-371
-1183
-1933
-2098
-1937
-1611
-1197
-1012
-1495
-2269
-2203
-1648
-1235
-1214
-1137
-562
-94
576
869
600
369
341
817
1113
1580
2152
2140
1835
1367
1226
892
507
904
1465
1605
1106
693
596
399
302
225
14
-152
123
501
329
-103
-263
-329
-446
-171
542
844
214
-372
-370
-261
-226
-325
-387
-407
-328
-73
-281
-760
-1051
-1194
-1096
-984
-670
-425
-287
-16
-29
-129
-266
-127
195
420
904
969
603
391
467
755
407
101
316
392
426
177
149
2
-445
-368
-179
70
138
307
474
189
263
468
470
410
628
1059
884
762
924
796
751
982
1338
987
315
397
514
388
271
87
-299
-808
-628
-246
-710
-1140
-983
-593
-731
-1017
-711
-634
-593
-328
150
262
57
419
581
245
-174
-109
32
-374
-510
-290
-423
-987
-1363
-1312
-1563
-1955
-1696
-1174
-1026
-1225
-1279
-969
-642
-423
-453
-584
-374
127
677
1010
1168
945
506
367
559
889
920
750
613
443
390
390
164
-48
-169
-225
-211
-287
-44
136
-155
-420
-418
29
283
401
584
531
536
397
406
320
277
435
325
384
329
256
-50
-540
-396
-187
-120
-236
-248
-114
-225
-124
48
327
520
601
611
393
486
761
865
664
568
748
675
317
129
252
109
-406
-547
-362
-332
-547
-618
-236
-209
-561
-668
-460
-70
75
281
437
218
-31
-104
188
145
-31
122
290
411
215
106
-158
-524
-593
-524
-249
-304
-296
-123
-97
-219
-382
-252
-243
-96
192
559
686
492
709
861
816
562
495
597
451
458
335
130
-176
-305
-268
-659
-903
-953
-759
-583
-703
-489
-319
-229
-202
-356
-269
-148
218
646
751
629
335
530
598
303
159
66
36
-345
-340
-198
-510
-809
-1029
-970
-1135
-1199
-1061
-1132
-1254
-1217
-788
-676
-803
-684
-499
-480
-667
-454
-39
118
97
74
102
-120
-69
208
271
89
50
503
633
583
508
580
638
656
1074
1106
1140
1209
1307
1448
1272
1354
1177
806
513
433
739
569
366
381
275
-10
-553
-577
-415
-410
-358
-281
-87
-237
-316
-217
-299
-320
-139
379
522
196
163
355
455
146
-57
78
75
10
-49
112
0
-314
-340
-281
-312
-417
-154
-119
-528
-774
-534
-221
-429
-498
-338
-299
-468
-540
-224
-93
26
96
122
161
104
350
315
92
16
161
527
453
259
307
416
369
114
244
508
548
608
593
713
670
535
442
199
320
449
483
343
29
-143
-517
-715
-808
-797
-780
-1002
-1126
-1279
-1248
-1252
-1413
-1483
-1424
-1158
-954
-887
-947
-1093
-1138
-1071
-853
-528
-251
-117
-55
8
3
6
19
166
314
312
414
506
480
215
-40
-17
117
378
480
508
563
571
726
739
732
696
712
924
991
1211
1284
1058
676
236
322
500
621
609
391
258
90
99
95
93
155
174
342
360
331
332
247
149
76
267
430
441
290
105
-8
-161
-172
-230
-168
-121
-193
-255
-340
-328
-433
-441
-290
-231
-246
-274
-182
-252
-439
-342
-242
-158
-178
-176
-77
-77
6
-15
-33
-72
-26
114
112
267
189
-26
-135
-91
184
154
143
110
81
164
102
149
84
177
311
267
253
287
339
51
-233
-294
-297
-231
-249
-267
-456
-723
-860
-904
-786
-835
-839
-799
-754
-639
-672
-682
-738
-769
-708
-536
-194
45
99
-190
-563
-648
-459
-127
3
92
201
215
67
-196
-260
-229
-135
30
118
289
351
218
59
-63
87
192
323
609
864
897
650
653
652
593
632
666
786
741
663
563
382
137
-84
-25
92
222
317
297
219
101
104
92
139
381
667
895
770
559
356
224
306
324
463
358
167
152
176
212
-56
-272
-360
-181
105
117
152
-32
-246
-407
-488
-208
-50
41
-44
-158
-139
-217
-124
-211
-269
-269
-187
5
-29
60
42
-200
-556
-574
-27
275
127
-191
-440
-508
-546
-397
-261
-306
-423
-459
-269
-177
-132
-140
-227
-230
-152
58
220
292
240
68
-73
-287
-394
-277
31
116
-233
-540
-598
-491
-467
-462
-353
-246
-256
-266
-251
-348
-429
-347
-315
-450
-404
-114
67
-36
-130
-66
-3
-45
101
383
418
218
28
80
113
6
-107
-96
67
120
68
54
20
-24
1
196
407
473
533
588
621
495
387
423
461
432
357
349
215
89
73
75
-85
-275
-154
79
242
355
469
501
281
173
392
637
732
698
753
699
612
612
596
502
323
337
437
445
335
120
-12
-127
-236
-182
-136
-146
-323
-413
-369
-382
-398
-441
-409
-407
-295
-160
-110
-152
-190
-153
-167
-94
65
150
44
-138
-186
-100
-144
-235
-205
-233
-388
-551
-534
-486
-569
-610
-623
-609
-473
-259
-190
-289
-340
-283
-185
-77
132
212
49
-116
-109
-114
-181
-195
-153
-94
-201
-287
-219
-137
-133
-199
-227
-212
-231
-190
-49
42
-78
-217
-301
-265
-49
26
94
76
6
29
38
123
154
222
308
265
225
235
304
251
150
142
147
236
284
265
99
-44
89
295
430
376
326
292
319
427
461
423
256
162
60
50
179
141
10
-186
-208
-133
-147
-9
194
374
327
174
196
295
400
379
363
366
312
291
291
273
176
11
1
119
209
239
218
70
-205
-240
-108
13
-78
-275
-268
-208
-160
-106
-70
-192
-344
-230
65
221
196
136
42
-100
-90
73
114
-32
-170
-110
-74
-146
-203
-268
-404
-506
-436
-312
-246
-291
-300
-275
-329
-362
-278
-55
80
61
15
-10
13
-41
-105
-147
-185
-171
-195
-124
-97
-223
-410
-571
-482
-404
-359
-250
-195
-202
-321
-372
-348
-289
-129
50
138
116
110
124
173
159
85
148
270
329
334
384
339
122
-60
-92
-16
54
142
196
179
76
-82
-117
-83
2
32
44
143
233
344
303
83
-51
-21
183
420
552
516
297
129
34
15
97
107
100
181
313
380
306
163
51
62
158
247
373
388
398
296
99
58
-18
58
77
104
152
93
49
-37
-51
-171
-196
-124
-44
17
14
-16
-165
-235
-237
-138
-3
53
37
-57
-72
-98
-145
-123
-124
-81
-112
-105
-35
-80
-104
-154
-75
3
39
116
69
40
-17
-61
-47
-31
7
30
18
-60
-152
-211
-260
-220
-183
-193
-207
-258
-254
-319
-379
-397
-448
-449
-379
-227
-173
-224
-277
-319
-249
-148
-75
19
64
94
97
72
13
-46
-51
-42
54
132
158
132
61
-18
-6
-4
-26
27
95
197
83
-8
13
-35
-37
-16
92
197
222
194
55
-54
-124
-112
22
6
40
136
151
116
-29
-94
-63
81
278
392
410
291
159
149
182
278
318
238
217
271
355
295
171
106
105
188
225
178
118
81
55
11
-13
-8
-13
41
70
100
113
38
-44
-62
-72
-47
6
14
20
-9
-57
-191
-209
-94
5
10
-82
-26
35
39
51
33
14
17
116
204
140
-10
-79
-12
53
85
56
-20
-97
-104
-63
-122
-218
-301
-293
-231
-197
-180
-177
-202
-297
-319
-262
-193
-149
-109
-28
-65
-185
-259
-218
-117
-134
-164
-219
-247
-164
-159
-183
-287
-283
-142
-53
25
64
62
-63
-104
-32
56
97
95
94
113
157
154
71
-18
-11
-25
24
77
126
129
-27
-152
-194
-142
-64
-10
6
-23
-51
-10
56
60
62
100
113
159
245
284
239
122
73
151
312
369
275
167
104
94
174
223
155
72
3
93
206
196
108
-6
18
60
63
125
140
96
19
24
75
48
95
78
59
10
-38
41
42
-17
-114
-112
-85
-34
66
53
-29
-144
-148
-11
110
131
90
98
85
59
84
120
65
-9
119
190
119
23
-30
1
-10
-16
-42
-84
-97
-120
-137
-201
-304
-322
-268
-218
-216
-145
-81
-128
-167
-218
-157
-68
-54
-22
12
18
-56
-102
-80
-82
-135
-220
-195
-104
-57
-117
-249
-238
-231
-206
-167
-166
-132
-113
-74
-79
-70
-61
-39
61
145
232
282
292
202
80
116
174
184
154
158
116
-21
-97
-95
-112
-227
-276
-219
-106
-86
-128
-127
-157
-167
-69
116
243
211
133
170
199
239
224
186
149
83
116
197
207
117
28
-30
-83
-107
-19
20
35
2
-73
-57
-32
15
80
151
152
148
152
165
171
164
146
125
95
59
89
87
104
79
31
-13
-7
101
159
170
136
66
65
110
189
243
214
168
100
145
187
143
49
-47
-16
-1
52
51
-48
-103
-164
-173
-157
-155
-196
-256
-240
-172
-158
-195
-248
-277
-236
-149
-78
-53
-101
-180
-202
-167
-86
-53
-90
-151
-186
-205
-188
-126
-148
-185
-167
-127
-70
-19
-22
-73
-129
-114
-24
38
82
40
23
52
38
10
0
63
87
129
113
82
52
5
17
-19
-20
-35
-31
-29
-70
-88
-135
-175
-218
-201
-117
-39
9
-3
-65
-104
-114
-32
35
53
107
102
113
89
140
179
126
91
78
149
180
180
106
25
-21
-23
48
81
91
81
51
-1
36
64
36
51
83
139
190
229
209
154
180
218
232
299
319
300
280
270
240
196
181
147
164
146
146
120
8
-42
-71
-35
23
10
-5
0
-45
-120
-135
-108
-87
-107
-100
-79
-83
-45
-63
-129
-224
-277
-220
-119
-111
-220
-294
-355
-332
-275
-235
-179
-212
-228
-172
-160
-146
-123
-133
-129
-99
-40
15
50
59
13
-36
-50
-58
-6
13
29
26
-42
-74
-76
-51
-37
32
97
84
63
74
54
20
37
23
50
71
61
80
92
82
-2
-98
-142
-102
-16
28
-42
-94
-115
-151
-139
-104
-70
-84
-43
-21
-10
-31
-38
3
-17
71
164
211
211
138
76
50
63
91
111
123
95
71
80
54
41
-11
-40
5
81
168
141
69
19
-12
36
116
189
224
150
132
158
168
185
141
127
114
167
238
236
148
35
29
8
10
43
87
65
0
23
7
-59
-114
-101
-66
-26
-15
-69
-120
-146
-180
-199
-166
-143
-126
-113
-110
-123
-151
-171
-182
-162
-97
-35
-14
-19
-76
-108
-124
-79
-5
3
24
22
-2
4
9
-17
-36
-33
1
22
58
64
30
-26
-73
-7
44
81
57
26
-3
-44
-63
-79
-29
-3
15
14
-29
-97
-123
-110
-108
-88
-40
-9
-3
-13
-35
-82
-115
-122
-130
-83
-9
49
32
20
-31
-126
-141
-47
66
117
91
61
44
9
2
-6
62
91
100
134
136
73
-22
-41
-28
32
85
85
47
25
-6
-50
-91
-67
-32
15
72
117
106
1
-34
-34
19
100
141
163
151
86
20
-3
32
49
53
127
172
192
143
56
-2
-28
-14
59
142
162
118
23
-9
-17
-29
18
63
60
61
52
35
-19
-98
-120
-88
-33
-13
-7
-4
-26
-83
-98
-54
-18
17
60
147
164
66
-29
-69
-66
-18
50
83
70
31
-36
-74
-95
-91
-63
-60
-31
-46
-74
-98
-159
-214
-206
-142
-78
-19
-3
-17
-79
-135
-135
-114
-40
34
78
82
27
-26
-85
-126
-94
-72
-51
-21
-34
-75
-163
-226
-214
-186
-133
-101
-35
28
29
-1
-104
-134
-83
-28
34
95
120
91
34
-33
-21
64
123
123
123
124
67
-40
-85
-66
-41
-14
22
66
92
60
6
-40
-46
22
100
195
231
189
96
35
34
46
121
142
151
173
129
104
86
67
70
58
71
131
157
156
106
13
-25
-19
28
58
114
164
110
45
0
-16
-19
4
17
26
73
80
20
-31
-57
-54
-63
-66
-13
10
9
-35
-85
-136
-129
-51
-6
33
31
17
-55
-92
-72
-63
-41
-44
3
-2
-21
-72
-121
-126
-139
-123
-101
-56
-31
-51
-100
-125
-146
-108
-67
-23
38
16
7
-1
-14
-40
-57
-35
12
46
35
3
-88
-163
-138
-83
-36
-25
-37
-32
-50
-63
-77
-110
-116
-106
-101
-45
16
55
35
-52
-87
-60
15
68
98
112
62
15
16
38
107
111
56
34
24
0
-15
-5
-9
-43
-76
-34
28
73
53
13
-47
-80
-58
-3
75
102
129
111
92
95
106
94
135
176
148
165
157
130
90
79
80
50
97
126
112
110
76
28
-38
-49
-38
11
59
31
22
3
-17
10
34
9
60
118
80
35
20
23
4
-22
-21
4
10
-2
-32
-62
-90
-105
-88
-105
-107
-97
-65
-79
-109
-84
-78
-72
-70
-65
-28
9
-7
-7
-33
-53
-35
-26
-2
-1
4
-9
-17
-3
6
-16
-25
-25
-40
-9
-3
-26
-52
-95
-100
-74
-3
20
-32
-53
-57
-44
-9
-5
-14
8
7
-29
-41
-20
-35
-53
-31
-38
-23
-13
-41
-58
-68
-61
-76
-45
10
-53
-73
-40
-17
10
-4
7
18
37
32
10
15
-6
-33
-27
-33
-35
-18
-4
-15
-50
-33
-7
6
26
36
14
32
65
41
51
97
121
108
109
134
150
161
158
148
121
91
95
73
63
82
95
91
91
60
-2
40
58
70
105
71
58
30
9
26
46
44
48
52
31
15
3
12
16
1
7
13
-5
-9
-13
-31
-29
-22
-50
-64
-33
-22
-30
-45
-38
-10
7
-9
-32
5
1
-9
-8
-13
-9
-32
-56
-66
-42
-48
-76
-107
-101
-85
-85
-51
-47
-38
-46
-76
-66
-67
-31
-22
-29
-22
-49
-41
-32
-43
-54
-38
-51
-82
-100
-88
-88
-112
-108
-109
-80
-83
-96
-88
-60
-42
-48
-35
6
-1
-29
-40
-33
-12
-22
-19
-39
-22
-28
-5
30
-16
-35
-45
7
39
53
27
23
55
39
85
130
120
51
20
54
79
88
96
81
60
50
62
107
136
147
140
123
103
107
71
83
95
44
58
85
81
61
56
26
28
47
81
90
42
15
41
60
45
54
63
84
87
74
41
4
-23
-3
23
57
56
25
30
-10
-11
-15
-26
-25
-28
-22
-21
-46
-32
-15
-2
5
-25
-11
-2
-21
-37
-31
-56
-73
-75
-83
-95
-92
-95
-98
-64
-92
-99
-100
-77
-59
-74
-63
-72
-69
-81
-95
-99
-100
-91
-74
-60
-98
-103
-86
-114
-81
-73
-89
-86
-55
-13
-44
-61
-78
-56
-48
-52
-13
-12
-20
-21
-16
16
19
4
-13
-38
-4
7
2
15
12
5
18
27
38
56
35
49
60
81
85
67
84
77
56
54
70
59
44
51
54
75
96
101
107
87
108
116
107
136
121
114
108
80
43
63
91
68
54
29
24
29
53
57
22
21
41
29
24
15
3
36
18
21
46
18
13
-6
1
7
-2
4
-53
-55
-22
12
2
-23
-14
-55
-55
-57
-31
-40
-44
-13
-44
-24
-17
0
1
-13
-23
-54
-56
-85
-110
-94
-91
-92
-57
-67
-91
-81
-91
-93
-64
-21
-2
-35
-40
-20
-15
-12
-31
-11
-10
-37
-15
3
9
3
-20
-33
-39
-41
-19
-2
-20
-31
-18
-22
-16
-16
1
-3
-18
-4
-9
-20
-28
-20
-48
-45
-26
-28
-11
-28
-34
-28
-6
21
16
10
6
-2
-25
-24
-13
6
28
29
51
42
6
7
19
48
39
41
96
85
62
31
31
58
44
67
104
114
89
71
80
70
53
57
56
43
70
52
26
34
25
9
11
32
41
37
13
17
6
19
25
43
54
36
25
4
3
-3
29
11
-24
-44
-10
41
32
19
6
-1
-22
-32
-16
14
32
3
-7
12
-11
-2
-3
-12
-25
-26
-1
-2
-13
-38
-29
-41
-44
-43
-51
-53
-61
-44
-47
-44
-29
-25
-29
-22
-38
-83
-94
-93
-92
-91
-105
-82
-83
-76
-37
-57
-67
-94
-114
-60
-28
-34
-34
-41
-47
-50
-59
-48
-35
-6
7
-27
-31
1
39
26
26
41
31
34
23
22
12
18
48
59
62
49
41
41
35
19
30
45
39
36
38
53
46
40
60
69
63
34
35
59
59
63
69
63
63
47
35
54
58
44
35
22
20
28
35
48
36
3
-11
19
29
22
27
6
17
19
19
19
16
32
10
-26
-27
-7
-21
-9
-14
-35
-47
-37
-19
-25
-17
-18
1
-22
-50
-48
-9
-2
-47
-48
-33
-1
-2
-23
-46
-51
-54
-51
-22
1
-8
-34
-28
-6
-5
-27
-11
9
18
-2
-7
-9
-1
-1
-19
-16
-34
-28
-39
-24
-15
-36
-37
-26
-25
-39
-16
1
12
6
9
38
44
30
19
12
-22
-18
-8
-23
-16
-19
-18
-23
6
17
28
38
6
1
0
6
7
-14
-50
-29
7
10
30
31
6
-2
2
4
17
42
36
20
24
-4
-1
20
10
-3
-18
-13
-1
20
34
26
27
26
42
28
30
52
19
-8
-23
-11
-11
4
-7
-25
-20
-32
-3
9
9
-12
-16
-11
-10
-9
-29
-4
-1
-3
27
35
41
16
-17
9
18
13
-12
-28
-13
-2
-3
3
11
4
-3
1
8
-7
8
12
28
36
16
14
-27
-22
7
7
9
2
-13
20
9
-1
19
19
14
-15
7
7
9
18
39
31
16
41
30
21
12
24
31
20
11
17
-6
-22
-18
-18
-4
-19
-15
-1
4
19
26
6
8
-14
-22
-37
-92
-73
-55
-60
-47
-16
-18
-28
3
1
-6
-2
-16
-8
-5
3
-3
-27
-42
-40
-28
-19
-16
-38
-25
-29
-31
-14
-16
-4
-22
-27
-19
-27
-43
-33
-19
-30
-44
-59
-49
-51
-35
-13
-22
-16
-17
-46
-42
-10
-5
-4
24
47
66
87
73
59
25
1
7
16
38
40
41
47
27
15
38
28
36
42
35
56
77
52
15
34
33
28
3
19
56
81
81
48
73
69
55
45
76
97
54
23
22
51
32
14
10
-4
1
-4
-14
-15
-26
-62
-50
11
12
-9
-28
-23
-15
-12
-7
-13
-8
2
19
9
12
-4
-27
-21
-37
-56
-51
-66
-97
-66
-53
-67
-85
-64
-38
-29
-24
-28
-27
-54
-28
8
-20
-40
-18
-2
-19
-9
19
-7
-32
-26
-8
-17
-34
22
13
-18
-51
-54
-18
-37
-12
-22
-24
-32
-23
10
-10
0
1
5
4
-5
2
9
-11
-9
12
25
22
24
35
-6
-18
-23
-19
2
-6
-6
-20
-17
-6
-31
-32
-61
-70
-12
29
39
25
52
74
56
50
77
78
35
38
67
88
64
25
15
7
23
37
34
46
32
9
32
66
72
67
73
73
49
43
54
38
44
82
85
41
19
10
12
14
1
17
29
6
-36
-40
-11
-13
-40
-40
-31
-50
-51
-23
-26
-27
-32
-34
-12
-5
7
11
-19
-45
-33
4
14
-26
-2
-4
-28
-37
-51
-41
-65
-61
-66
-48
-70
-115
-70
-44
-2
-1
-44
-50
-22
-19
-15
16
19
19
-12
-41
-17
-6
-9
-9
-33
-27
-20
-36
-44
-53
-37
-7
0
4
9
-6
-31
-72
-57
-25
-28
-44
-41
-10
-17
-19
-2
26
47
33
41
88
72
39
17
15
36
37
28
18
29
15
20
14
31
53
42
69
59
38
19
5
6
47
57
54
45
50
53
31
45
33
39
50
47
25
34
32
27
36
25
19
11
58
9
-26
-22
-27
-7
-16
8
-7
-19
-16
-22
4
-21
-32
-22
-38
-13
-7
-39
-19
9
31
28
-18
8
10
-16
-7
4
37
13
-42
-55
-6
-7
-38
-22
-23
-24
-22
-48
-55
-20
-28
-31
-21
-11
22
13
-3
-27
-16
9
-3
10
3
-5
-6
-14
-11
-6
1
-22
-37
7
9
-2
13
1
5
-16
-25
-21
-37
-29
-61
-41
-16
-37
-28
-23
-24
-36
-58
-33
-7
-7
3
-20
-14
-17
-19
-17
-22
-5
-7
1
11
15
8
-18
-28
-9
4
-16
-31
-10
21
18
19
21
16
22
9
38
51
38
47
48
46
36
42
28
39
67
33
7
42
57
29
32
54
69
53
39
41
34
25
44
75
77
35
13
19
17
10
16
19
9
-7
-14
2
-7
-7
-10
-26
-19
6
-5
-3
10
8
12
4
0
2
6
4
3
-8
-18
-15
1
-14
-24
-4
13
-11
-24
-9
-30
-35
-58
-36
-24
-24
-43
-69
-52
-32
-34
-45
-41
-60
-41
-56
-55
-31
-31
-29
-15
-15
-44
-38
-46
-22
-12
-39
-28
9
1
-37
-41
-30
-7
-12
-10
-2
5
2
-3
32
29
16
31
8
0
11
-7
-11
1
7
-10
-3
10
16
9
-9
18
21
2
14
32
10
-6
-20
-5
18
7
26
54
51
34
37
35
24
19
21
9
3
4
3
-4
-9
-3
17
38
29
62
66
32
15
16
16
23
35
24
9
1
38
70
44
38
67
42
52
55
41
45
7
-13
12
15
-5
-17
-18
-30
-52
-28
-20
-31
-19
-7
-10
-10
0
2
16
22
20
10
5
13
0
7
-14
-22
-33
-76
-54
-56
-53
-80
-89
-56
-54
-40
-19
-13
-25
-39
-43
-15
-8
-13
19
28
4
-6
10
18
-8
9
13
-33
-13
3
-15
-24
-30
-56
-63
-52
-38
-59
-93
-64
-52
-37
-25
-21
5
6
-3
4
29
35
15
35
42
25
50
50
43
4
-37
5
15
-7
-19
-17
2
-31
-32
16
13
13
31
34
56
64
40
41
78
76
41
42
53
56
41
58
79
73
69
57
40
23
3
3
31
-2
1
9
-6
-26
-43
-9
-1
9
4
23
22
5
6
-11
-6
-23
-19
-12
0
3
-11
-21
-32
-21
-70
-44
-18
-15
-2
-40
-9
-3
6
11
10
28
13
-7
8
25
-5
-28
-25
-16
-44
-57
-42
-41
-51
-23
-17
-29
-31
-31
-8
1
-5
-35
-31
-10
-1
-5
24
55
37
3
30
46
0
-1
23
45
1
-4
6
-10
-25
-37
-51
-52
-41
-57
-39
-40
-22
-9
0
10
13
13
-3
-3
0
16
22
9
4
19
15
18
-24
-24
20
32
23
-2
10
4
7
4
23
22
12
27
19
27
18
17
9
5
-6
5
16
21
42
8
-5
7
31
50
6
-21
0
31
28
17
25
-3
9
3
-16
-19
-15
-2
-13
6
-6
-17
6
3
-3
18
16
3
-21
-35
-4
-22
-44
-34
-31
-32
-35
-21
5
16
16
10
30
26
26
31
31
39
10
-2
-3
-6
-9
-4
3
-9
-29
-42
-32
-27
-36
-15
-9
-2
3
-13
-16
-9
0
-22
-5
14
14
38
53
38
20
29
42
43
24
6
16
24
7
-19
-21
8
-4
-15
-37
-57
-55
-65
-66
-47
-12
-27
-41
-46
-35
-2
-6
-6
-7
-12
-10
-32
-2
28
13
23
11
19
23
2
5
13
14
-3
4
13
26
53
12
8
27
27
36
41
41
16
25
5
-7
6
12
21
-19
-22
-2
12
18
9
9
-3
-10
-45
-53
-25
-15
-29
-57
-40
-14
-14
-7
-1
-13
24
19
-3
22
44
21
-3
38
27
7
-2
-13
-1
0
-4
-8
-2
-7
-14
-4
-15
-25
-3
-4
-3
12
16
1
-10
-3
15
31
26
17
3
12
12
-12
-7
4
12
4
-6
16
35
39
8
7
31
3
-11
-6
-12
-25
-40
-19
7
13
10
-3
-3
-6
-13
27
37
25
34
22
32
39
6
-24
-28
-17
-12
-9
-6
-26
-31
-38
-22
4
3
16
10
-13
-29
-34
-18
-12
-18
-3
-9
-10
-39
-51
-25
-16
-2
-32
-54
-38
-16
4
-15
-6
6
-38
-20
2
20
23
-9
3
0
-1
-5
-3
7
9
7
-3
5
12
20
14
0
-13
5
32
13
-4
24
61
39
21
26
28
9
-5
11
12
19
21
10
-4
15
16
19
40
27
10
15
24
12
-1
-9
-9
1
2
-23
-16
-5
2
0
0
2
-2
22
11
1
19
17
1
-7
-1
11
-3
-22
-16
-3
-5
-2
-10
-11
-13
-9
3
-14
-19
-19
-2
-26
-44
-21
6
12
-6
8
4
-16
-28
-31
-21
-12
-16
-7
3
-13
-17
-10
-6
-4
1
2
-3
-8
-28
-35
-20
-9
6
11
6
-19
4
26
-9
13
6
9
16
8
12
3
37
28
21
39
64
45
0
15
15
18
22
-16
-3
7
-4
-3
-21
-21
-21
-1
-4
-27
-25
-9
9
6
6
17
-6
-12
-28
-28
-6
-12
-4
7
23
16
13
20
11
-9
3
29
29
19
-2
-35
-36
-22
-39
-43
-35
-21
-31
-52
-42
-39
-38
-17
-19
-9
-16
-34
-16
0
3
9
50
70
36
27
57
40
29
30
31
28
11
3
-1
6
-13
-14
9
17
28
35
21
25
19
-1
34
42
30
47
19
19
23
17
22
7
18
13
10
-4
0
-20
-54
-53
-51
-35
-32
-37
-41
-41
-62
-73
-51
-16
0
-16
-14
-26
-28
0
5
8
23
29
38
29
17
6
-20
-40
-42
-22
-13
-19
-20
-8
15
-9
-13
3
-7
9
11
12
27
60
50
26
40
48
34
28
47
35
29
26
-9
-16
-4
-25
-27
-15
-26
-18
-22
-47
-49
-50
-60
-63
-51
-20
-13
-5
-5
-7
-17
-14
-2
9
18
18
25
6
15
7
2
3
-10
-21
-30
-31
-34
-1
14
6
-14
-19
-12
-19
-14
14
48
76
80
69
85
78
51
56
60
70
66
30
21
20
15
1
1
-29
-19
-27
-22
-10
-22
3
-1
3
-14
-14
-28
-6
5
-13
-10
6
6
-14
-10
-31
-32
-43
-18
-30
-31
-34
-56
-29
-19
-3
-9
3
16
15
4
-7
13
18
4
18
38
54
44
29
47
42
15
-13
-13
-6
7
-12
-34
-28
-37
-38
-59
-57
-59
-73
-70
-57
-47
-35
-16
-36
-18
-22
-23
-2
-9
9
19
15
24
29
7
-10
-13
12
29
23
12
7
18
6
-12
-33
-15
10
28
39
39
55
82
87
62
66
75
83
82
68
47
23
23
10
-3
1
-19
-39
-34
-26
-18
-1
-10
-41
-50
-35
-23
-32
-30
-23
-28
-20
-19
-4
8
-8
-6
19
35
-2
-12
-5
-18
-16
-21
5
-15
-52
-31
-22
-10
-6
-6
-22
-27
9
6
-15
-11
20
56
52
33
41
58
34
26
45
43
21
15
7
-4
-1
-29
-56
-56
-48
-38
-31
-40
-41
-29
-53
-67
-34
-24
-31
-16
1
13
7
1
18
16
3
-4
11
25
12
11
16
16
23
38
31
18
11
16
19
22
45
41
12
11
13
28
39
16
34
57
59
41
32
15
23
13
-20
-9
-17
-34
-65
-45
-35
-58
-51
-36
-48
-56
-48
-31
-11
-22
-29
-29
-25
0
8
26
26
9
14
14
18
8
1
-37
-18
-6
-36
-54
-43
-13
-52
-51
-23
20
14
0
3
20
36
4
-13
10
44
16
3
13
34
29
13
17
45
51
9
22
36
29
15
1
21
23
25
24
6
16
7
9
16
16
19
25
22
-15
-3
-9
-16
-10
-29
-22
-22
-31
-26
-8
-6
-6
-20
-10
9
2
10
10
-1
-6
-9
-16
0
-4
-23
-29
-28
1
4
-1
-3
-6
7
10
9
10
9
12
20
19
4
21
21
16
12
-8
-8
-32
-22
-16
6
15
-27
-21
7
-1
-51
-38
-32
-13
-7
-30
-1
-19
-38
-54
-54
-26
-9
-13
-26
5
25
10
6
-6
1
7
0
8
5
37
60
34
30
42
49
45
36
44
32
9
9
28
41
32
24
2
22
13
-17
-7
-12
-9
-21
-35
-51
-34
-26
-32
-19
-45
-36
-48
-42
-33
-39
5
6
3
-9
14
17
4
16
30
57
50
49
57
70
47
19
2
-4
-10
-21
-12
-32
-31
-32
-25
10
3
-7
-4
11
19
4
-4
0
0
4
4
1
5
12
19
19
22
28
30
15
-7
-24
-29
-32
-41
-41
-34
-4
1
-16
-3
29
