-33
-41
-6
-31
-41
-6
-7
7
7
23
25
3
16
10
29
39
14
13
22
13
14
3
-2
-1
-3
-11
-44
-64
-59
-41
-56
-68
-60
-52
-58
-54
-45
-50
-40
-31
-24
-30
-16
8
15
3
10
28
34
38
39
37
28
49
32
29
32
26
26
14
0
-3
29
36
29
24
28
21
13
33
36
38
44
37
16
-8
2
2
5
-9
-18
-11
-15
-17
-22
-39
-53
-60
-58
-63
-68
-29
-31
-20
-12
-17
-1
15
28
7
10
0
9
12
25
27
31
38
52
54
34
42
7
6
22
43
38
34
14
-3
-3
-29
-35
-46
-22
-13
-7
-6
1
-1
3
10
3
-3
-17
-1
-6
-11
-23
-25
-40
-35
-21
-29
-31
-33
4
-12
-25
-15
-22
-18
-13
-13
-19
-11
-10
-34
-13
-13
-6
12
6
33
15
7
5
2
16
15
18
35
49
41
28
21
20
12
3
0
4
-3
3
7
10
3
2
6
4
-4
-3
2
-10
14
25
9
10
9
20
17
21
36
10
2
1
-10
-7
3
2
8
20
4
9
-6
-22
-17
-29
-36
-32
-29
-22
-15
-23
-13
-28
-23
-13
-26
-19
-16
-6
-7
-7
-1
-9
-13
-6
-6
-10
-13
-12
-10
-13
-15
-13
-11
-7
19
9
6
19
17
19
-3
6
17
14
5
-3
5
9
20
14
-3
-6
-18
-1
5
-13
8
17
51
59
53
59
42
38
22
25
19
21
32
21
23
12
-6
4
1
-1
-2
1
7
-13
-10
-13
-3
-1
-9
-4
-10
-12
-39
-39
-39
-61
-39
-51
-58
-35
-36
-35
-35
-31
-35
-41
-38
-32
-35
-22
-12
-20
-7
15
31
41
35
22
25
57
59
40
32
22
13
16
42
23
1
12
1
13
0
6
4
-6
-2
0
17
-10
-4
-19
-23
0
6
8
-6
-9
-34
-24
-11
-12
-10
-14
-34
-42
-15
-21
-22
-19
-18
7
-6
-21
-19
-18
-4
12
8
19
13
17
41
33
44
44
55
38
45
62
52
56
50
60
53
51
41
10
0
-2
-11
3
-1
-2
-3
-10
-18
-10
3
-2
-7
-28
-26
-22
-25
-35
-40
-44
-24
-25
-36
-13
-20
-12
-6
-11
-18
-16
-19
-38
-21
-10
1
-13
-15
-7
-4
-5
-28
-28
-35
-25
-2
25
20
-8
-2
-12
-9
-14
-12
28
33
26
31
13
14
10
10
25
10
7
3
1
-19
-21
-8
-12
-20
-34
-30
-13
-6
-12
-16
-6
7
-3
9
17
-1
-6
-2
3
30
32
-3
-1
-12
18
41
37
44
38
32
18
34
28
32
24
41
64
44
35
6
5
20
15
-9
-15
-23
0
23
19
13
1
10
3
5
4
1
11
28
32
30
8
-12
-9
-24
-25
-32
-33
-31
-37
-53
-48
-31
-35
-36
-18
-21
-34
-16
-38
-40
-38
-46
-20
-22
-44
-32
-2
7
13
16
-4
-38
-29
-12
-4
-4
-7
3
-1
4
16
17
7
-2
-3
3
-5
-24
-20
-7
6
12
32
10
-25
-7
-6
-23
-7
15
28
14
-6
21
26
29
29
23
41
65
81
66
44
34
38
39
51
37
19
16
10
6
-5
1
-6
-3
3
1
6
10
7
-9
-4
5
-6
-12
-29
-45
-29
-2
-2
-20
-24
-40
-36
-31
-37
-46
-49
-28
-6
3
-6
-16
-20
-2
7
2
-4
-6
3
15
25
15
7
4
-5
-3
-15
-13
-1
2
19
21
-10
-9
10
10
25
8
22
25
-4
1
-3
22
31
35
28
7
-2
3
4
-26
-40
-29
-17
-37
-37
-31
-49
-20
5
-12
-20
-32
-35
-12
-7
1
0
-9
6
12
5
7
21
27
34
37
35
41
25
22
39
29
28
31
22
9
15
34
27
18
22
21
-6
7
17
6
3
-18
-20
-10
-12
-7
-27
-42
-19
-23
-23
-33
-29
-26
-17
-22
-41
-24
-29
-23
-9
-26
-31
-25
-33
-27
-39
-23
-21
-15
9
-16
-20
-9
-1
13
28
7
9
29
22
10
-1
8
13
18
17
21
33
31
52
60
41
53
58
65
64
50
38
41
39
30
42
31
21
24
34
16
-3
-15
-16
-1
-7
-12
-26
-34
-64
-68
-51
-50
-41
-69
-69
-58
-42
-28
-41
-23
-35
-27
-9
-12
-24
-16
-10
-17
-3
-14
-15
-25
-20
-3
-3
-1
-16
-4
7
6
6
3
-2
-12
-6
19
10
15
45
33
46
53
61
58
60
67
30
21
7
0
-6
-10
-18
-5
-10
-12
-5
-22
-16
-9
9
-2
0
1
2
-3
-3
-3
-3
1
-19
-6
0
10
6
12
23
16
16
-6
-1
-3
-7
6
7
15
7
3
0
-1
9
20
31
8
9
10
4
14
12
-2
0
-3
-6
10
-8
-14
-20
-19
-13
-7
3
-7
-12
-23
-34
-32
-25
-44
-39
-37
-35
-9
-9
-7
-3
4
15
13
9
6
-2
-18
-10
4
-6
0
-15
-21
-7
-10
-13
-9
-5
-25
-30
-22
-9
6
16
14
-9
-1
2
7
16
5
20
29
28
25
29
37
36
32
19
13
18
34
22
1
-2
-3
7
11
19
30
38
24
23
26
12
3
9
23
20
25
7
-6
3
10
19
16
3
3
-3
-6
-10
-35
-34
-45
-60
-66
-72
-56
-63
-64
-31
-15
-22
-22
-17
-37
-48
-38
-17
-3
1
-2
-2
0
12
14
13
20
18
5
10
37
28
39
42
23
13
26
23
5
31
32
38
27
0
-4
16
30
12
3
16
19
7
-6
-18
-15
-4
-32
-39
-16
-16
5
-2
3
6
-7
-2
-1
4
0
6
9
-6
-13
-1
9
8
-18
-10
9
4
9
-10
-32
-35
-44
-53
-54
-57
-58
-58
-35
-6
7
13
22
29
33
40
18
16
19
9
22
14
9
14
26
38
26
19
26
38
28
3
0
-8
-18
-22
-34
-26
-13
-17
-13
-22
-5
14
-6
1
-1
6
20
17
20
9
12
1
-7
1
-7
2
16
29
24
41
45
0
-14
-10
3
0
-10
-7
-6
7
-10
-1
-11
-16
-1
-11
-11
-33
-19
-3
-9
8
3
-2
-6
-29
-24
0
9
21
25
18
9
22
26
2
0
9
9
1
-4
6
-3
0
-3
-15
-13
4
-6
-25
-17
-10
2
-2
-8
-24
-15
-19
-32
-28
-26
-9
-9
-23
-28
-23
-18
-16
-19
-13
-7
8
-1
-22
-19
-25
-34
-22
-15
0
38
30
22
32
37
47
64
50
34
45
44
39
14
24
38
31
40
40
37
32
11
18
14
4
-4
-17
-9
-36
-44
-33
-32
-40
-26
1
11
0
1
7
-20
-13
-8
-6
-9
-15
-21
-31
-27
-22
-13
-9
-21
-11
5
-8
-20
-41
-40
-27
-11
-15
-15
0
-1
-12
5
32
12
29
39
35
54
61
42
26
27
31
29
19
22
15
12
4
7
9
15
10
-7
-18
-27
-11
-15
-1
-2
-6
9
6
6
-7
-3
10
15
4
-3
5
4
-9
-16
-10
3
-6
-17
-18
-21
-25
-43
-38
-57
-45
-26
-32
-36
-50
-40
-40
-48
-36
-9
0
6
-10
0
-9
-20
-12
-31
-1
9
10
5
25
19
32
36
8
13
1
8
15
38
40
37
16
23
22
18
50
45
47
38
43
43
29
13
13
20
31
12
9
21
25
48
41
48
34
26
0
-24
-19
-32
-18
-5
-18
-14
-10
-29
-33
-40
-25
-22
-41
-62
-60
-61
-68
-51
-66
-47
-25
-16
-23
-16
16
13
29
16
9
10
-1
1
-6
1
22
49
47
46
9
13
32
10
-3
-13
20
4
-8
1
-2
-9
-10
-1
1
7
5
11
14
9
-6
4
3
5
17
4
-9
-23
-25
-22
-22
-11
-1
4
4
-14
-38
-43
-21
-20
-31
-24
-35
-34
-28
-28
-26
1
13
-8
-6
-14
-21
-25
-15
5
12
31
50
64
54
39
40
56
61
57
53
25
23
43
42
47
39
28
35
10
9
12
22
18
1
9
10
10
-13
-8
-6
-16
-3
3
10
19
-3
-14
-26
-21
-32
-54
-32
-42
-31
-10
-7
-27
-22
-27
-29
-29
-37
-28
-46
-45
-56
-43
-35
-42
-25
-19
-12
9
27
26
19
34
26
7
14
3
10
4
6
5
-16
3
18
22
17
1
13
14
13
15
22
21
9
19
0
3
-3
-22
-22
-13
3
3
1
-22
-12
-16
-27
-25
-13
17
20
19
19
13
22
45
18
-2
6
12
9
-15
-25
-20
-30
-37
-54
-41
-18
-38
-26
-29
-25
1
21
33
26
37
46
40
13
28
69
79
64
40
25
29
20
4
22
18
13
3
-1
5
0
0
-19
-19
-8
-10
-1
13
0
-18
0
-9
-11
-19
-20
-1
-10
7
6
11
10
-16
-22
-34
-34
-22
-28
-39
-30
-22
-35
-53
-44
-25
-19
-17
-23
-31
-13
2
9
22
-1
9
12
9
10
8
29
19
14
3
13
20
1
-3
-7
7
0
-35
-38
-38
-20
-12
-19
-4
14
26
11
12
7
17
29
26
-2
11
38
10
-2
0
-1
-16
-19
-29
-15
-9
-1
-10
-28
3
1
10
15
18
18
29
20
6
18
28
17
30
50
15
35
32
21
-6
-9
22
35
13
-16
10
18
12
5
19
13
38
32
-10
-12
-13
14
13
7
-5
5
11
-23
-19
-3
7
3
-22
-23
-4
4
-42
-60
-62
-44
-36
-72
-87
-79
-31
-53
-74
-59
-53
-25
-21
-16
-2
0
2
5
5
25
36
42
22
0
13
19
18
12
-4
-5
6
10
13
11
21
32
21
28
35
12
15
15
11
2
8
19
-10
-1
7
1
0
-14
5
13
14
-3
4
7
7
19
19
25
10
10
-8
-12
-13
22
35
4
-4
-4
6
10
18
16
20
48
40
3
19
24
27
22
13
12
25
26
4
8
-7
-1
-19
-24
-29
-41
-43
-43
-40
-37
-35
-49
-38
-35
-30
-30
-36
-47
-49
-44
-38
-34
-43
-42
-19
-16
-33
-4
1
-1
5
-11
3
15
16
15
-3
15
15
8
30
17
-4
20
39
11
16
6
13
9
15
30
13
21
2
8
31
22
16
11
6
17
16
11
-7
-10
-2
4
-7
-13
18
18
22
3
14
21
3
17
10
-1
10
30
31
25
13
26
38
19
0
17
30
24
15
-2
-2
11
7
-20
-28
-25
-15
-6
-21
-25
-15
0
-13
-42
-37
-27
-40
-57
-39
-22
-13
-31
-35
-13
-4
6
4
-14
-27
-6
-5
7
-3
-12
-23
-32
-16
-23
-3
-21
-38
-32
-41
-43
-39
-21
-28
-16
-22
-18
-18
-36
10
20
18
15
26
46
61
53
39
62
74
73
62
65
58
63
56
50
43
29
27
9
-1
-4
11
8
-11
-24
1
6
-11
-13
-13
-15
-20
-23
-12
-3
-9
-4
-3
3
4
14
12
6
10
5
7
-9
-12
7
5
-3
5
-12
-22
-15
-10
-13
-13
-2
-24
-20
-17
-25
1
-4
-17
-24
-26
-5
-9
-18
0
3
12
-4
-24
-7
-10
-12
-42
-26
-4
-12
0
-21
-7
0
-22
-28
-22
-26
-2
3
-10
-1
-19
-7
1
-2
-9
6
32
14
8
16
39
35
17
27
33
32
16
22
11
8
19
31
28
14
16
19
23
-1
8
27
31
-6
-12
0
-18
-12
-22
-11
-12
21
19
-19
-1
20
28
7
1
8
16
32
12
18
32
10
18
10
10
-8
-8
-3
-17
-3
-9
0
-6
-13
-26
-10
6
-19
-28
-19
-28
-44
-35
-38
-30
-37
-32
-15
-26
-22
-28
-41
-54
-35
-4
-25
-38
-31
-25
-6
10
13
15
16
9
12
-6
-9
10
5
18
21
4
9
26
16
9
30
27
28
29
38
48
33
32
18
31
28
5
9
15
13
-3
12
21
18
3
-7
-12
-21
0
-10
3
-14
-19
0
-4
-10
-31
-25
-13
-1
-12
-21
-2
-7
-25
-8
-7
-15
-5
18
13
13
32
15
25
37
62
53
50
39
1
24
27
2
-10
6
9
13
-11
-30
-27
-16
-16
-39
-34
-41
-23
-29
-32
-19
-7
-1
-28
-29
-13
9
3
8
-1
13
16
-4
5
-3
9
6
-13
-25
-27
-15
3
-19
-25
-25
-24
9
6
-16
-27
-10
-4
-30
-51
-43
-35
-23
-48
-51
-5
9
-1
-23
10
29
25
25
40
66
64
60
63
50
38
37
28
48
46
42
33
28
33
20
25
-3
-19
-20
0
9
-19
-30
-19
-4
-9
-11
-18
-14
-12
-6
-30
-42
-29
-47
-31
-22
-13
-4
4
9
6
13
29
32
23
19
17
22
18
18
0
-5
-12
-16
-7
-18
-2
10
-15
-6
22
16
11
4
16
32
33
6
22
25
19
18
-10
17
10
15
-13
-10
0
-23
-36
-56
-23
-25
-30
-26
-32
-30
-19
-20
-23
-29
-35
-28
-14
-22
-32
-20
-15
-24
-19
6
5
20
19
-3
-1
15
33
21
5
10
4
11
7
-7
7
14
9
-13
-21
-6
4
2
-3
-7
8
10
3
7
0
5
1
-10
-2
-15
-6
1
-4
-3
0
14
28
12
0
21
8
26
32
42
56
40
65
53
50
40
30
37
20
25
22
7
-8
-12
12
9
-13
-28
-45
-38
-32
-42
-58
-50
-24
-20
-30
-30
-17
-27
-53
-36
-31
-12
-31
-47
-29
-43
-10
-9
6
25
28
30
20
-1
17
32
26
36
19
37
28
33
23
22
16
30
34
-5
9
5
10
-6
-10
-27
-13
-17
-55
-52
-30
-3
-22
-28
-13
-3
6
5
-6
-3
6
9
-2
-28
-39
-16
-7
-10
-6
-13
6
-13
-28
-16
-19
3
-4
0
8
22
26
-5
4
-1
12
32
16
10
25
32
35
38
30
31
35
40
19
32
52
30
22
14
5
15
23
16
-3
-2
-2
-29
-53
-49
-35
-57
-69
-70
-54
-38
-19
-33
-19
14
8
11
1
31
30
25
50
48
31
42
37
43
26
22
50
21
2
-25
-20
-28
-34
-40
-37
-53
-76
-56
-50
-40
-53
-36
-28
-17
-22
-6
0
-6
12
19
56
21
5
36
28
1
1
17
34
30
7
13
4
10
25
0
-11
-5
-3
-20
-15
-6
-2
7
-1
-10
-7
22
16
-2
-16
-20
-9
-4
2
8
29
25
7
12
10
9
16
12
14
4
4
16
1
1
17
20
-18
-13
5
-6
-11
-27
-3
-14
-14
-21
-43
-25
-20
-17
-6
-5
-19
6
22
10
-20
-15
9
-14
-11
-11
-2
-6
-11
1
4
-5
-12
-3
1
-2
12
35
17
35
26
25
29
23
52
16
15
25
23
28
27
25
6
3
10
12
4
1
-12
5
6
-6
4
0
3
-19
-24
-17
-23
-14
-20
-21
1
-3
0
-17
-26
-9
-15
-14
-8
-20
-31
-7
-14
-18
-27
-29
4
-13
-35
-35
-14
-33
-33
-16
-7
7
-13
-5
14
13
16
37
44
15
14
45
28
6
4
9
17
-4
-15
-15
-9
-16
2
21
-3
19
13
6
32
20
9
-6
6
13
7
8
15
16
19
25
18
9
-10
-1
-5
-9
-20
-29
-17
-23
-13
-32
-32
-13
2
5
-12
17
15
1
-5
1
5
-6
7
5
-2
7
7
-3
1
2
0
-2
-2
8
7
-10
-9
0
-10
9
13
7
7
-8
20
13
-5
1
11
37
2
-16
-3
2
2
-1
5
4
13
11
13
10
-6
-1
-2
13
19
26
38
16
9
15
6
6
4
2
-13
-24
-26
-16
-11
-16
6
-12
-16
0
3
3
-21
-35
-32
-17
-18
-35
-51
-32
-26
-55
-51
-57
-32
-16
-37
-29
-39
-29
-38
-26
-17
-43
-29
-21
-5
-3
14
26
43
52
43
62
55
49
52
57
32
46
32
1
31
45
48
39
26
36
34
22
22
8
35
31
15
10
6
7
3
11
-25
-18
-11
1
-5
-13
-16
-36
-23
-37
-26
-23
-25
-32
-13
-3
-14
2
-16
6
26
35
32
24
19
15
18
17
20
8
-1
11
20
22
25
2
0
-6
-17
-22
-16
-16
-14
-12
-36
-45
-51
-36
-22
-19
-14
-25
-37
-33
-45
-48
-32
-39
-35
-16
-12
-17
-24
-23
-10
-7
0
-11
-9
-9
-3
1
11
21
0
26
27
38
52
43
64
47
24
35
45
44
50
58
40
31
12
7
21
-10
-6
-5
-2
-19
-27
-7
-10
-31
-37
-41
-50
-10
-33
-25
-30
-47
-3
-4
7
-6
-3
2
0
10
16
16
34
28
36
34
10
44
19
21
25
31
43
22
31
30
30
24
6
-6
2
-6
-10
-18
-26
-32
-23
-3
2
-9
-13
3
-5
-13
-9
-13
-19
-14
-28
-24
-9
4
-3
-14
-7
-23
-7
6
-6
-15
-1
-9
-26
-13
-16
-28
-13
-16
-25
-12
-21
-30
-32
-15
-13
5
0
-3
17
-3
-1
2
19
9
-7
4
-3
4
15
18
16
3
-4
-13
-15
-17
-14
-5
-19
3
-2
-14
3
4
20
27
38
28
30
40
36
37
21
21
35
30
40
32
42
31
16
30
25
26
12
19
3
6
4
10
22
-3
8
10
18
7
5
-14
-30
-7
0
-9
-5
-19
-30
-16
-32
-35
-34
-45
-36
-39
-41
-35
-54
-39
-35
-45
-38
-26
-19
-13
-7
-6
-1
-14
-9
0
8
15
7
9
17
9
9
8
2
3
11
20
12
22
3
-1
4
-7
11
21
14
-6
4
26
25
12
23
12
5
23
12
8
5
1
-13
1
-4
-31
-13
-26
-28
-15
-25
-13
-23
-14
7
11
2
0
2
-1
13
23
33
14
9
2
2
10
3
-6
2
7
-1
3
-5
1
-4
-5
-3
1
-4
-13
-28
-30
-8
-22
7
3
22
51
29
41
31
35
28
23
22
21
46
24
19
21
8
9
-13
-13
-7
13
15
-8
-20
-25
-19
-22
-24
-32
-29
-30
-25
-12
-13
0
-2
-25
-25
-19
-3
-10
-3
-9
-30
-8
-21
-31
-19
-25
-18
-9
-24
-19
-12
-2
-8
-17
2
-10
6
10
-3
13
15
7
11
32
29
13
16
23
22
33
35
37
31
4
6
-3
-5
2
11
16
8
22
9
-1
-1
3
-3
-10
-16
-14
-26
-28
-7
-10
-5
-18
-25
-22
-27
-22
-14
-14
-9
12
13
11
20
15
14
12
25
23
16
20
-3
2
13
25
10
29
36
22
14
10
22
10
8
-5
16
7
9
-1
2
12
-3
-4
-4
-8
-31
2
0
-1
-18
-13
-2
-24
-13
-9
-20
-32
-45
-59
-41
-32
-26
-29
-21
-25
-25
-22
-10
7
2
10
-16
-15
-8
-5
-25
-26
-17
-22
5
3
-7
-16
17
18
4
3
-4
23
28
24
22
31
29
7
23
18
10
33
31
47
35
32
39
20
18
26
37
24
26
23
10
0
-2
1
-5
-7
-4
3
-13
-23
-16
-13
-21
-7
-3
-5
0
-2
3
6
14
-8
-25
4
10
-7
-18
-29
-2
3
-14
-26
-25
-14
-19
-4
-4
-26
-18
18
28
20
7
6
25
29
25
19
30
19
11
3
5
17
0
-9
-18
-6
-22
-22
-16
-35
-35
-30
-31
-39
-37
-43
-50
-58
-40
-56
-83
-58
-36
-36
-37
-13
-1
-1
18
35
41
30
23
38
50
43
32
36
51
44
53
55
43
46
36
28
19
7
-7
7
10
-7
-6
7
12
-24
-12
-2
-8
-1
-9
10
-3
0
1
-3
12
3
11
13
14
19
18
12
9
11
12
1
4
18
3
-10
-18
-6
-4
0
2
4
12
9
26
30
31
23
6
13
16
5
-3
-5
-14
-28
-18
-10
-30
-39
-37
-42
-33
-28
-26
-16
-31
-43
-50
-40
-35
-43
-41
-32
-16
-21
-9
1
-8
1
2
-5
-9
3
-3
-7
-6
-25
-19
-26
-25
-17
-14
2
-20
-26
-14
2
13
26
35
22
33
35
32
43
34
29
27
45
50
48
56
39
41
30
15
15
9
4
5
13
25
21
6
8
9
23
11
10
13
-12
0
-3
-6
-4
-23
-28
-15
-11
-3
-7
-18
-9
-3
5
-2
1
15
-3
-21
-1
2
-7
-4
2
-5
-34
-32
-24
-12
-12
-14
-7
-14
-11
-17
-16
-16
-23
-23
-21
-1
-20
-20
-6
-23
-14
-19
-21
-23
-23
-20
-19
-14
-27
7
42
36
24
35
33
40
35
27
51
41
31
18
32
36
18
16
25
32
4
-8
3
-4
-2
9
7
7
-16
-18
1
-1
0
-3
6
2
-6
-19
-6
-13
-15
-4
-3
6
-3
6
-13
-2
12
-7
3
-1
-2
-6
-16
-18
-30
-19
-16
-24
-6
-14
-23
-38
-44
-46
-69
-65
-64
-53
-34
-27
-16
-22
-7
12
-3
10
23
4
12
16
35
48
41
45
31
39
17
18
34
11
28
33
16
15
24
16
22
44
60
49
38
28
35
22
7
22
14
6
6
24
6
11
19
1
6
5
1
10
22
-15
-16
-13
-17
-18
-13
-14
-20
-16
-20
-12
-32
-31
-30
-31
-31
-20
-22
-22
-1
5
14
13
1
-9
6
8
6
-5
-25
-33
-31
-19
-33
-42
-43
-53
-44
-44
-31
-53
-72
-39
-29
-23
-28
-24
-15
-16
-10
25
23
0
10
39
44
14
25
42
39
17
26
25
33
36
34
40
36
39
21
32
8
6
23
9
0
2
31
31
23
15
14
17
23
32
19
23
31
9
-7
-5
-1
-3
-12
-7
7
2
10
-2
-6
-10
-18
-22
-25
-29
-28
7
2
2
-2
-1
-6
-16
-9
-25
-20
-26
-22
-13
-19
1
-1
-5
5
0
3
-4
-12
-4
-3
9
7
-10
-7
-3
2
-3
-8
-16
-8
-12
-19
-17
-22
-3
-7
-3
-19
-20
16
19
23
19
38
31
16
14
-9
-10
-4
-10
-27
-27
-13
1
-24
-41
-22
8
-6
-6
1
-25
-39
-40
-11
7
0
0
16
6
0
2
25
20
20
8
-3
21
9
38
48
32
8
12
36
22
11
19
15
1
-7
-19
-12
-5
-9
-6
10
2
0
9
12
-6
-9
-19
-13
7
-4
6
5
4
-4
1
14
27
28
31
15
1
16
17
32
21
9
19
12
9
3
-3
13
18
6
6
21
16
1
-1
-7
-20
-41
-22
-19
-16
-31
-57
-53
-57
-51
-66
-60
-60
-43
-38
-43
-36
-44
-24
-22
-19
-25
-24
3
15
-4
-24
9
16
17
36
22
15
19
25
19
17
28
25
26
30
31
18
11
27
12
5
0
7
23
9
17
19
29
21
9
19
21
33
29
26
28
17
6
-1
-3
0
-5
-11
-14
-28
-21
-13
-26
-42
-51
-39
-39
-27
-7
0
-10
-22
-1
-8
-14
-14
-16
-10
-19
1
9
15
28
35
50
10
20
50
36
43
57
59
16
7
29
29
-2
-13
16
-10
-25
-21
-36
-33
-31
-32
-33
-19
-22
-41
-35
-20
4
-13
-27
4
12
26
17
9
30
38
23
-16
-13
20
7
-11
9
16
-5
-10
5
-2
-27
-16
12
-11
-19
3
2
-5
-18
-9
31
33
-9
-25
-12
2
10
-4
-24
-32
-21
-4
6
-3
-24
-28
-14
-7
-28
-32
6
5
10
10
-12
-2
-16
6
22
25
-1
-14
29
27
4
-12
-13
-10
9
1
0
-4
25
34
1
24
31
71
71
7
-4
21
35
21
-17
-3
34
8
-3
29
59
14
-15
2
-22
-58
-15
14
-31
-11
9
-14
-42
-53
-31
-20
-20
-43
-48
-30
-16
5
1
-7
-1
-12
9
18
13
2
23
69
37
38
70
59
13
-4
3
40
25
-23
-34
25
62
-14
2
12
28
5
-47
-23
-4
-55
-76
-31
-85
-90
-85
-70
-41
-62
-6
3
-2
4
9
31
-16
-12
-22
7
45
19
29
41
66
32
0
13
32
0
15
54
38
29
28
38
26
-17
-12
22
-11
4
21
32
-13
-37
-21
-35
-13
-37
-51
-70
-31
4
-34
-44
-24
19
26
-16
-38
2
50
64
31
-13
17
76
39
-9
-9
17
-6
-14
3
25
33
-8
31
49
56
0
-23
-3
-7
7
-6
-12
-40
0
19
-6
2
-15
-26
-1
-53
-87
-34
48
47
-16
45
74
44
-1
-15
3
-22
-12
24
-5
-23
1
12
-3
-47
-34
-7
-1
-14
6
34
29
9
-25
-20
4
-15
-35
-13
12
5
-19
-12
-21
-21
-36
-40
-26
-21
-34
-22
17
-5
12
34
19
-8
-12
10
-3
-3
-11
1
-1
-2
2
-29
-5
3
17
23
5
0
10
28
-1
0
37
40
16
12
14
37
26
25
36
39
56
52
66
34
25
49
38
20
4
0
11
-6
-9
-2
-26
-25
-38
-38
-28
-4
-7
-31
-8
-14
-9
-3
-11
-14
-20
-30
-35
-37
-45
-27
-19
-25
-19
-9
1
-1
-4
6
-1
-5
-15
-19
-17
-18
-14
-12
-1
-15
-6
11
-9
-43
-33
-11
-16
-15
13
13
3
0
-8
-2
5
7
0
12
3
7
8
19
25
19
22
20
18
-6
-1
-3
12
13
22
21
12
9
12
25
18
34
25
9
-6
10
9
-16
-7
16
16
4
-1
6
22
22
29
12
5
12
27
17
22
55
59
73
37
16
26
20
32
33
17
3
-2
-6
-23
-26
-21
-53
-51
-29
-38
-62
-63
-57
-56
-54
-54
-51
-57
-52
-53
-63
-54
-25
-25
-16
-27
-45
-20
-21
-8
-39
-29
-9
-10
-9
-31
-6
-6
-1
-3
13
29
14
45
57
26
29
42
44
47
49
57
35
22
-1
-12
-12
-9
-4
-12
12
6
9
33
47
38
44
57
45
38
44
63
31
17
33
38
25
-13
-26
-7
-1
-35
-51
-36
-38
-62
-70
-40
-45
-82
-69
-48
-35
-53
-66
-18
19
32
11
31
69
31
23
69
78
42
20
57
80
10
-28
-10
14
-2
-54
-23
-35
-57
-20
-10
-35
-75
-41
-21
-41
-26
-19
8
28
13
2
7
13
4
-23
-35
-18
-13
-38
3
32
-48
-37
37
41
-9
9
75
66
57
61
91
98
114
148
145
166
141
168
253
222
165
163
198
188
122
47
50
82
-4
-29
-17
-56
-121
-113
-98
-149
-213
-260
-180
-199
-257
-297
-313
-254
-244
-265
-255
-226
-223
-194
-160
-138
-154
-157
-83
-23
-38
-42
-31
-23
-40
-51
-74
-91
-35
-19
-13
8
16
-9
-22
-50
-53
-28
-35
-23
-15
42
53
66
89
115
144
157
209
218
257
269
320
338
308
325
324
331
320
357
310
267
238
192
171
112
53
-38
-64
-83
-183
-284
-288
-316
-427
-516
-474
-437
-499
-552
-482
-378
-395
-373
-278
-85
0
84
239
384
493
554
736
863
931
932
1011
1110
1154
1148
1078
1059
993
942
783
648
588
514
366
105
-14
-135
-332
-548
-675
-795
-964
-1103
-1227
-1236
-1275
-1394
-1502
-1452
-1397
-1429
-1393
-1285
-1128
-1041
-1009
-944
-776
-660
-586
-412
-339
-277
-188
-37
102
95
155
252
311
318
340
383
418
437
427
450
425
392
342
321
371
320
209
185
305
323
224
220
331
454
375
362
470
540
533
581
752
784
707
725
884
901
781
737
818
831
599
433
510
560
373
117
15
-63
-249
-574
-765
-768
-966
-1213
-1242
-1098
-1142
-1234
-1091
-834
-712
-765
-659
-437
-171
-19
162
386
622
987
1355
1548
1564
1769
1975
2000
1912
1868
1799
1656
1513
1419
1391
1113
702
301
100
-35
-379
-920
-1409
-1384
-1337
-1637
-1969
-2141
-2095
-2098
-2258
-2439
-2510
-2319
-2031
-1912
-1960
-1895
-1565
-1258
-1166
-1043
-763
-506
-302
-47
209
225
191
330
493
480
338
467
587
546
527
531
561
507
407
275
202
93
25
58
142
179
39
29
241
430
278
73
227
502
574
565
712
907
985
1081
1198
1190
1149
1148
1315
1429
1342
1315
1353
1353
1261
1122
1084
1046
938
768
545
416
351
306
81
-183
-416
-655
-724
-804
-964
-1295
-1574
-1655
-1692
-1773
-1941
-2094
-2257
-2124
-1619
-1145
-1034
-1144
-945
-357
257
435
87
-281
160
1534
2645
2488
1664
1631
2765
3876
3759
2455
1235
1383
2573
3297
2702
1437
561
512
945
985
-195
-2043
-2865
-1946
-925
-1658
-3304
-3936
-3033
-2255
-2838
-4125
-4577
-3709
-2771
-2613
-2915
-2852
-2470
-2114
-1754
-1430
-1312
-1138
-472
222
233
4
598
1643
1801
924
406
892
1536
1541
1102
910
1173
1534
1527
1216
944
767
609
575
595
362
27
208
1024
1497
956
293
444
1052
1261
973
728
886
1277
1546
1448
1273
1367
1594
1546
1172
890
768
863
1054
1090
783
418
442
552
245
-248
-351
-269
-353
-607
-795
-917
-1066
-1062
-989
-1173
-1589
-1710
-1463
-1290
-1463
-1730
-1733
-1623
-1678
-1930
-2080
-1852
-1465
-1265
-1056
-613
-228
-49
240
793
1207
1002
546
556
1118
2036
2703
2671
2271
2296
3138
3891
3686
2538
1341
1202
1960
2504
2206
1363
581
283
447
441
-565
-2324
-3434
-2829
-1728
-1950
-3132
-3796
-3173
-2387
-2664
-3813
-4626
-4146
-3132
-2666
-2714
-2716
-2342
-1844
-1336
-904
-850
-876
-537
208
605
467
609
1260
1754
1470
946
879
1298
1607
1372
1043
1198
1720
1860
1555
1391
1404
1137
585
431
531
288
233
935
1837
1701
843
609
1009
1245
896
496
595
1092
1425
1335
1240
1299
1325
1022
506
274
163
54
180
429
403
84
60
262
125
-319
-534
-506
-617
-762
-749
-664
-641
-654
-590
-615
-886
-1102
-1036
-832
-835
-1052
-1329
-1462
-1446
-1476
-1586
-1683
-1704
-1723
-1475
-927
-432
-422
-531
-178
474
748
421
33
-27
691
1934
2753
2482
1781
2067
3248
3926
3273
1751
914
1402
2447
2987
2460
1323
374
431
1024
913
-640
-2603
-3061
-1869
-928
-1725
-3116
-3454
-2574
-1936
-2602
-3962
-4645
-3894
-2774
-2390
-2625
-2761
-2393
-1762
-1063
-771
-969
-1104
-728
37
345
236
509
1220
1638
1304
852
1118
1722
1953
1581
1096
1307
1689
1832
1684
1366
1223
964
757
556
215
-43
160
896
1221
853
439
455
819
930
653
281
275
573
709
875
958
873
778
660
593
373
17
69
528
788
555
398
655
746
492
189
-12
-145
-221
-255
-271
-257
-131
-22
123
31
-471
-841
-936
-728
-751
-1315
-1900
-1984
-1771
-1737
-1953
-2067
-2024
-1761
-1147
-767
-682
-723
-382
334
720
523
-169
-174
800
1932
2585
2238
2001
2545
3461
3810
3114
2030
1103
1293
2061
2387
2213
1410
597
150
414
425
-1089
-2636
-3384
-2665
-1689
-2135
-2913
-3358
-2900
-2289
-2421
-3297
-4458
-4255
-3207
-2696
-2536
-2682
-2581
-1919
-943
-339
-861
-1059
-739
-103
507
-188
264
1075
1982
2132
1322
1640
1441
2442
2098
1399
1343
1335
2406
2262
2692
1972
1509
1754
1241
1573
682
237
452
744
1477
1113
1242
927
712
807
127
204
85
-298
-387
-289
258
547
569
712
92
-194
-534
-610
-115
-308
-90
161
298
436
314
215
-370
-734
-349
-423
-206
-84
230
746
741
624
-49
-286
-539
-683
-938
-2015
-3188
-3451
-2979
-3084
-3342
-3926
-3451
-2240
-651
200
-590
-138
668
3072
3421
1722
-40
-442
3048
4668
5671
3613
2951
6014
7576
7346
1980
-1191
-1633
-1026
93
-2340
-2097
-492
1935
2805
-863
-2546
-4524
-4175
-4179
-6105
-5148
-4480
-601
2351
1016
-868
-3329
-2441
-2558
-5137
-5332
-5259
-1450
1676
1672
1515
-263
1179
1849
-256
-1435
-2450
-387
587
848
2889
2229
2342
1863
1910
1175
-1575
-1488
-545
1057
618
40
908
1980
2587
891
-584
-1725
-462
867
596
1358
1829
3505
3634
2345
1563
140
790
1273
1568
1812
473
1140
1817
1820
501
-1849
-1079
83
712
-261
-1316
-99
461
485
-595
-1291
-966
-526
216
-444
-704
-538
-327
200
-467
-456
-229
-400
-81
-662
-1061
-1784
-2444
-1966
-3431
-4761
-5316
-5119
-4271
-5176
-4424
-2578
-134
2066
3541
6029
6869
7265
7213
7651
6855
3567
126
-1631
1389
4044
4575
1673
682
4780
6680
4338
-4503
-9750
-8547
-5552
-2268
-3833
-2077
1993
5709
8013
2380
-1769
-6009
-6740
-3174
-4040
-3168
-4151
266
6897
3328
-3094
-10525
-9094
-3992
-6209
-6618
-5678
1559
8114
6094
3781
695
1117
1108
-2127
-2466
-2532
-2221
172
3367
6298
3832
-1129
-249
1350
-190
-4678
-6644
-1134
2194
2533
2001
2306
5023
4299
2137
-415
-1641
-85
2035
4436
5177
4999
4106
3878
3029
-211
-2032
-3013
-379
1160
476
1172
-507
590
366
-1162
-2191
-4915
-2262
46
-111
-97
-1251
1474
2344
403
-805
-2969
-1564
259
83
-241
-826
783
2273
724
180
-447
-1511
-1204
-422
1664
606
-1264
680
1921
-816
-4611
-5351
-3031
-3611
-7026
-5785
-3920
-2740
-2810
-1462
3128
3749
5435
7105
7721
6805
4134
4592
2509
-1276
-4849
-3552
2074
4430
4976
2099
4243
7541
5655
-228
-9689
-9296
-6058
-2364
144
524
5404
6305
7017
4363
-2773
-7071
-9997
-6798
-3972
-3325
-669
974
4702
4491
-557
-6397
-10076
-6636
-3489
-4143
-3309
1273
7325
7368
2104
-527
-1982
-3442
-4747
-4871
-2272
-1749
-596
3866
6552
5482
1462
-329
2185
1624
-1598
-2850
-1529
3559
4016
3054
3327
2199
3601
1027
-428
-1096
-1713
1119
2073
3466
2928
1576
1912
1083
-296
-2324
-3215
-1755
-234
-145
-1164
-1485
-1065
-968
-1400
-1823
-1315
-220
1267
2407
2142
1483
504
901
1990
483
-170
569
1749
1613
-88
327
162
-1370
-2583
-1562
55
-1036
-1733
1018
3525
1575
-670
-627
213
-1671
-5547
-4934
-3759
-4415
-5075
-5468
-2838
-4782
-5964
-3153
-483
3645
3399
7598
9665
8163
7066
4748
5770
108
-4890
-5589
-297
5294
4405
3662
3711
7157
6720
3118
-3108
-8168
-8267
-5308
455
1482
2270
3438
5359
5808
-274
-4567
-8553
-9100
-5755
-3665
-178
46
1814
4131
2451
-1913
-7949
-7648
-4391
-3317
-2199
-712
2734
5952
3665
350
-1369
-2394
-3501
-5333
-4444
-2278
-1471
379
3407
6123
5345
1354
2045
3641
2271
-903
-2077
539
2441
2494
1294
1397
779
818
159
-1251
-2229
-3063
-126
1281
1179
1443
1475
2768
2191
116
-6
-491
-621
-548
-1343
135
-375
-628
453
272
1514
1188
1380
2284
1534
1674
807
456
923
583
1534
1515
831
359
-381
-980
-1931
-2373
-2264
-1812
-1464
-266
1217
874
805
1140
1501
57
-3073
-3267
-3679
-3529
-3463
-3450
-2820
-5079
-5984
-6262
-5981
-6721
-6095
-2400
1355
5536
8662
11044
9846
8007
6642
5365
1501
-3988
-5817
-2147
4277
6290
6470
5307
6908
7303
5353
293
-7662
-8764
-6948
-1788
1527
2909
4515
4393
5057
2401
-761
-5060
-9513
-6975
-3027
-1182
-838
213
2717
3065
-186
-5778
-7713
-7351
-6793
-4755
-2179
-545
1518
3532
2422
832
-491
-2301
-3408
-3799
-2577
-1131
-570
1425
4272
6693
4778
3089
3308
1925
-809
-3638
-2463
-1392
195
-51
-528
152
137
1374
-323
-2080
-3390
-1378
1553
1953
2737
3642
4994
4244
2570
850
-651
-1981
-2591
-1545
-889
-623
33
1561
3001
2349
2000
1837
1217
1278
977
1425
909
1167
2638
2794
1901
-370
-1222
-1029
-2109
-3005
-2406
-1576
-1052
-485
749
1579
296
-335
384
289
-1219
-2440
-1549
-1066
-1888
-2108
-1279
-2041
-4458
-5581
-6623
-7459
-8424
-6722
-3680
-2539
28
3718
8030
8862
6263
5875
6807
6494
4174
918
-504
-699
1468
4970
6877
5031
2293
4576
6621
5515
-965
-6182
-5446
-2844
174
6
730
794
1048
3107
839
-2862
-6034
-6815
-4350
-3378
-3582
-2032
675
1303
1116
-455
-4002
-5828
-5191
-3665
-3566
-3828
-2242
1171
2925
1588
873
576
-1555
-2306
-1269
-1730
-3924
-3611
1321
4852
4082
2428
3670
4381
823
-2678
-2541
-2151
-3464
-2987
-32
2236
1630
1794
3004
2014
-852
-1916
1081
2948
2223
2904
4775
5201
3323
1373
299
-1025
-2013
-1942
-1219
-1130
-1035
847
3388
3776
2882
2145
1523
1329
768
-88
-384
159
1199
2165
1098
-612
-515
-226
-1433
-2899
-2497
-1754
-1543
-717
49
473
-367
-1792
-566
-327
-2079
-3286
-2613
-340
-804
-1046
-651
-1230
-2211
-3858
-3997
-4678
-6638
-7091
-4554
-2915
-3053
-2250
1045
5443
7758
9382
9188
9431
9096
9025
7287
1614
-3776
-4171
2851
5832
4927
1909
3486
7649
6261
3209
-4347
-9733
-11040
-8232
-2429
1064
633
-580
2970
4480
2141
-1246
-6787
-7506
-4742
-3088
-1288
1500
3095
2111
393
-4371
-7210
-7048
-8452
-9465
-7289
-3957
820
4900
3892
2923
2526
382
-1427
-2495
-2403
-2770
-2860
1155
5927
8720
7046
3646
2572
1295
-2024
-4830
-5639
-5069
-2470
398
4103
5062
4420
3751
2624
1685
-1442
-1650
923
2576
3760
4780
5149
4021
1522
-151
-1092
-3339
-4718
-3773
-1291
380
1095
3033
4163
3497
2732
1845
1110
-145
-1029
621
1064
-123
200
601
269
-395
-1227
-2137
-3382
-3090
-1889
-2868
-3591
-2628
-267
45
-2473
-1333
1069
775
296
1020
856
-1045
-2622
-1229
-1145
-4175
-4309
-2559
-1451
-4120
-6326
-3705
-3286
-4624
-3881
-408
3874
6012
9848
13433
13493
11357
9737
8202
1987
-4903
-8322
-2854
2612
3736
4729
4657
7194
8118
7203
-1020
-11109
-13390
-9285
-2741
-618
-237
2310
6034
6027
2973
-105
-5871
-10291
-9700
-7364
-4037
-927
1572
1701
-906
-4121
-5563
-6446
-10019
-12565
-9019
-3133
1586
6912
7645
4386
2443
2956
3192
-975
-5417
-4240
-962
1680
4573
7425
7846
3619
1887
2931
-70
-5472
-7004
-3573
76
943
3260
6843
5998
4043
2731
2086
-212
-3655
-691
3720
4062
3210
2894
3927
1962
-2558
-3979
-4739
-4481
-2979
-2047
-188
1034
2724
5382
4552
2023
1460
1309
2189
954
-671
-142
-411
1275
908
-1338
-2056
-2906
-2637
-3009
-4266
-3894
-2990
-2612
-1946
-1625
-513
420
315
2246
2761
1508
924
27
175
-1203
-3137
-2355
-1478
-1559
-2124
-2552
-2905
-3952
-5019
-4468
-4065
-3295
-563
3052
8600
11844
12751
12941
11597
8498
4962
1104
-2589
-5532
-6801
-420
4958
6884
5370
3585
4896
3072
-165
-5867
-11474
-13348
-9132
-610
4375
2299
481
2219
1765
-829
-3651
-7268
-9932
-9754
-5315
1686
4160
1753
-547
-2585
-4906
-5090
-6030
-9079
-9285
-4078
2723
6791
6770
4619
2500
1444
1426
329
-1975
-4227
-2220
2179
4251
5386
6500
5241
2254
558
486
-934
-4299
-4430
-1637
1203
2228
3717
5401
3752
1717
889
1232
-1479
-3150
-15
2931
3747
1600
2472
3311
-101
-2226
-1834
-962
-2354
-4011
-1597
2018
2323
2067
3165
3228
2407
2294
2842
1700
-565
-713
-55
62
-1657
-2852
-1926
-2688
-3637
-3450
-2829
-2852
-3174
-1997
-1031
-317
529
1177
2422
2536
1559
1917
2190
660
-1014
-2703
-2206
-1325
-2556
-2805
-3119
-2241
-2879
-4203
-3740
-3991
-3028
-980
2142
5200
8378
11110
12066
12040
9440
7449
4906
-752
-5865
-9611
-5150
583
3382
4591
2165
4698
5666
4779
-816
-11533
-15690
-12618
-3747
2942
3429
2387
1119
1165
2546
306
-6509
-14054
-14296
-5437
2836
5286
3754
1810
199
-3313
-4111
-4893
-8768
-9990
-5856
3404
9205
8434
5000
1222
-41
698
-502
-2773
-5223
-3527
1757
3725
5723
5656
3809
2482
1136
2700
1894
-2162
-3739
-2011
1711
2529
1199
1461
1307
340
676
620
-481
-1198
-380
3995
5242
3947
3551
1372
-140
-1677
-1360
-217
-2710
-3654
-1697
-110
708
-621
-605
794
1091
3138
3899
2822
2484
1874
1370
-230
-1792
-1273
-1861
-2876
-2169
-1311
-1373
-3008
-3602
-2149
-1432
-1153
-731
11
1160
1943
2918
2952
1815
850
-50
-406
-507
-950
-771
-382
-488
-776
-1942
-2881
-3991
-4614
-4686
-3826
-2030
-999
1407
4059
7287
8728
8962
8288
6424
4503
1860
-473
-5000
-7965
-6398
777
6172
5013
1387
-370
2195
3898
1117
-6375
-13211
-12385
-2590
7022
7594
560
-4558
-3279
184
1194
-3068
-9731
-11069
-4078
6361
10365
4238
-2672
-4879
-3604
-2857
-4348
-6661
-6864
-2801
3786
7994
6485
1286
-3261
-3488
-1199
432
-77
-600
989
3354
4208
4947
5195
2965
-699
-1988
1103
3206
2139
-874
-1314
535
880
1118
1209
-445
-1876
-637
2103
2633
-372
-254
3283
5111
4291
2273
1072
-1201
-3340
-1315
203
-2368
-4979
-4433
-894
-157
-1659
699
2787
2804
2832
3748
4498
1148
-719
514
835
-67
-1288
-718
-1075
-3052
-3123
-2403
-3604
-4052
-2794
-739
503
657
2229
2402
1206
816
1091
1379
517
513
1500
1198
167
-78
-884
-2056
-2873
-3030
-2942
-4679
-4597
-3588
-2939
-2489
-2060
981
4274
8145
10400
9716
7708
5341
4358
2140
-2104
-7139
-9101
-3432
3979
8677
6132
116
-476
1989
4031
-2158
-11937
-15759
-9092
3451
10463
7562
-1299
-5935
-3654
983
184
-6644
-11631
-7271
3469
10387
7989
628
-4769
-7416
-7321
-4739
-3739
-4308
-2888
2151
7366
5964
1453
-3229
-6952
-6839
-2623
3691
6334
4461
3090
3062
3021
3478
2452
-109
-2586
-682
6261
8440
3538
-2830
-4906
-2433
-2136
-1607
-134
197
1067
2702
6150
4539
-544
-1728
932
4081
2782
1367
677
-840
-1821
-1809
-2083
-4793
-5962
-3803
-160
1268
1363
2924
3224
2311
1750
2082
2530
896
63
1485
2117
1878
139
-2582
-4637
-5219
-3849
-2247
-2271
-1428
275
584
956
288
-549
-1365
-1259
2196
4671
4697
3646
2009
352
-2338
-2949
-2099
-2537
-3227
-2032
1188
520
-3467
-6050
-5055
-4209
-3719
-710
3118
6210
7485
9687
9338
5218
555
-209
1028
-1263
-4470
-4792
1589
7407
8762
4696
-1703
-3169
-689
2759
-1021
-9360
-12402
-5598
4937
7847
1830
-6448
-8136
-3357
1133
192
-4612
-6219
-2480
3949
6801
3623
-1427
-5084
-5908
-4888
-3086
-1670
-526
-21
-118
-303
-816
-1254
-3572
-6300
-4279
2342
8243
8643
4773
1712
173
836
3520
4216
2547
840
2704
5840
3722
-1606
-5805
-5891
-4361
-2034
2551
5605
4951
1079
-495
-142
-1026
-1465
138
4013
5831
5102
3942
926
-3350
-6978
-6625
-4141
-2934
-1619
343
2133
832
-665
100
848
583
1227
4650
7539
6574
3465
1030
-1160
-2996
-3984
-3957
-3813
-3247
-1465
-418
-1107
-2313
-2423
-1861
-1101
999
3310
4002
3354
2970
2858
950
-1105
-1492
-1106
-1524
-1958
-458
99
-1792
-4177
-4866
-4484
-5107
-3862
-1540
-341
-269
1901
6733
8409
6863
4348
3931
3680
3339
2170
-1575
-5624
-4891
3072
8975
7435
781
-2601
-131
3258
1712
-5748
-12488
-10526
491
8814
6914
-2321
-9083
-7748
-3019
-193
-1617
-4481
-2405
2405
5087
3570
-254
-2887
-6251
-7630
-3395
2325
5059
2883
-500
-2380
-4253
-3985
-3526
-4297
-4132
-821
5889
9271
6063
404
-4026
-4183
41
5298
8317
6687
5055
5160
3030
-1756
-6304
-5932
-3914
-2382
1481
5427
5410
535
-3926
-4375
-3479
-1826
2538
6709
7758
5923
3338
785
-3590
-6418
-5007
-2313
-554
529
1452
1026
-2283
-4984
-3742
-876
2086
4227
6248
7345
5732
3439
649
-1905
-2905
-2083
45
1080
170
-1236
-2813
-4453
-4757
-3492
-1028
1229
1706
2289
2701
2220
1443
-173
98
1260
1856
2349
1711
658
-524
-1794
-2586
-3441
-4487
-3770
-2501
-2644
-3273
-3727
-2799
-2026
-1069
2481
5576
6082
4760
3967
3526
2727
913
-557
-2300
-2754
3049
8541
9276
2486
-4507
-3377
1137
4706
821
-6963
-9586
-4512
4146
5193
-2765
-10520
-11780
-5155
1364
2706
332
-3000
-1615
908
1818
2184
607
-415
-2817
-3197
961
2934
3031
-1217
-5827
-5839
-3800
283
-1060
-5378
-4185
673
6040
5475
1551
685
558
3116
6244
7204
6553
3324
2328
2044
-71
-1265
-2005
-1259
-1291
-2391
-1058
-362
-1228
-3513
-5111
-2810
595
4146
5891
5145
3653
1441
-608
-1926
-1744
-363
521
153
-99
-929
-3218
-5040
-4368
-1501
777
2391
4167
5071
4073
2540
1979
1538
1346
1327
1705
1621
-386
-2144
-3268
-3770
-3374
-3026
-1039
1337
1685
629
-925
-886
110
662
1456
1423
1520
2071
1660
680
-1180
-1879
-1380
-969
-603
-1139
-2567
-4325
-4463
-3755
-2387
-2070
-1986
-296
1832
4963
4751
2578
1053
2014
5353
4965
1045
-3024
-1139
5475
8939
6142
-942
-3459
274
4744
4186
-3506
-9613
-8534
-1127
5449
2270
-5435
-10437
-9376
-3642
-1142
-357
-868
-1749
647
933
335
-184
-604
-256
-2345
-1122
3845
6262
4116
-2426
-6832
-6533
-3596
-282
-1435
-3374
-2461
658
3083
1142
-376
-57
1742
4943
6771
7620
6071
3165
1422
-288
-471
502
1033
442
-2055
-3099
-2456
-2112
-2725
-4080
-3715
-1163
2221
4506
4468
2412
-77
-747
469
1813
1630
1162
1233
410
-1104
-2460
-2627
-2524
-2079
-274
1189
1676
1844
1878
1825
1690
2331
3565
3444
2653
1660
104
-1166
-1590
-1015
-801
-1491
-1214
49
386
-476
-1710
-2129
-1441
-242
1417
1938
434
-312
261
798
77
-1165
-662
8
-791
-2555
-3814
-3473
-2486
-2123
-2005
-2104
-2416
-2021
327
3517
3994
1614
415
3603
7189
6040
-75
-5336
-2496
5610
11147
7969
-841
-4674
-875
5927
6015
-2350
-8643
-7219
1262
5788
1014
-6001
-11566
-9712
-4613
-929
1126
-1930
-2393
-1676
-2135
-1441
-2485
622
1729
-699
590
2211
6598
5453
-1462
-5095
-6169
-409
2708
-1014
-3673
-5296
-1789
121
-1395
-112
-670
1563
4654
5390
5376
1978
2197
4018
2473
1475
1086
3184
3284
-720
-2122
-2450
-2012
-2174
-2799
-1403
-1422
-1381
54
1336
1543
-337
-1099
799
2414
2393
1781
1871
1781
-80
-1823
-1509
-882
-638
-446
568
1300
196
-334
390
2035
2861
2562
2774
3430
3691
1238
-1595
-2061
-926
-202
-1606
-1717
-194
-70
-948
-2103
-1613
-982
-1465
347
2169
2088
445
-1075
223
250
-1114
-679
289
428
-2137
-4042
-2302
-1699
-2433
-2886
-2158
-470
-1168
-252
2263
2124
650
1
3738
6417
3347
-1770
-3472
2512
8445
9204
3918
-2496
-2148
1951
7045
4543
-4050
-7475
-3439
5237
4732
-4283
-10675
-11444
-5044
-245
620
-1197
-5688
-5116
-2920
-2172
-2065
-1637
1892
1227
-1533
-850
2151
5971
3182
-1442
-3296
-2206
3217
2689
-1250
-4233
-5308
-1671
-994
237
1187
-876
857
2567
4315
3552
-318
1054
2894
4157
4395
1968
1662
-71
-386
1156
127
-485
-1504
-1122
-998
-2870
-1551
617
508
-1800
-3091
336
3150
2650
1254
301
787
877
1112
1170
-625
-1478
-553
955
1405
61
-898
-972
86
1982
2598
2405
2568
3235
2793
484
-835
-489
-261
-561
-404
391
156
-1076
-1341
-1050
-1569
-1981
-770
1133
1283
-374
-1436
-1395
-1178
-1426
-1344
-241
-279
-1717
-3028
-2603
-1421
-1135
-1328
-1314
-747
110
1215
642
-103
438
2602
5418
4414
1214
-2110
33
6794
8113
3948
-1821
-547
5201
6810
4493
-1946
-5027
-3386
2160
7672
3689
-4949
-11451
-9781
-3019
295
388
-4329
-8830
-8081
-4354
-761
-1700
-2489
-1839
-2951
-1981
485
3517
3508
-293
-1318
-764
1912
4529
2435
-759
-3254
-2474
-654
-1397
-738
-308
-832
-889
325
3494
2843
-272
-735
1474
4318
4059
2884
2264
726
765
1781
1593
182
-1254
-544
-455
-1729
-598
1026
-14
-2940
-4037
-874
1942
2516
2547
1159
-11
-147
1777
3643
1870
-140
-489
556
1689
1538
1056
-155
-1151
-627
439
1725
2521
2554
2092
702
-95
-130
-220
-259
-606
-318
-331
-1060
-1289
-1463
-1650
-1808
-1040
370
342
-821
-1584
-1732
-1513
-1402
-1305
-1621
-2492
-2527
-2163
-1462
-771
-171
597
955
1854
1692
34
-887
728
4274
4999
2192
-300
839
4753
5806
2631
-1096
-705
4270
7594
5485
-722
-4379
-2050
2420
4632
1886
-1690
-4088
-5401
-4022
-1810
-737
-3543
-7599
-7834
-5985
-4058
-3108
-3080
-4182
-5847
-3891
129
1848
380
-1458
-1264
-364
1468
3260
2875
1478
1585
2411
928
-1183
81
2034
409
-2468
-1649
1771
2125
303
20
985
1239
699
1284
2145
2184
2888
3342
1588
-940
-1510
331
1252
594
1256
1547
-281
-2417
-2275
338
1198
373
-51
-468
3
687
1191
742
-328
685
1743
693
-859
-584
1851
2808
1666
279
-963
-779
248
1273
1244
755
2272
2786
553
-1942
-1699
1133
1464
-160
-1290
-1556
-893
-1435
-1189
-454
-817
-1020
-1908
-1927
-1792
-2339
-1803
-1639
-1440
-1880
-3150
-3418
-3685
-2109
1403
4181
3725
-18
-911
1850
4475
4186
1718
1297
2896
6017
7290
3809
-631
-1575
3330
7486
5390
147
-3914
-2529
1423
3666
2517
-1688
-4617
-5518
-3942
35
2219
-718
-6726
-8572
-4863
-1981
-2516
-4086
-5338
-7013
-6781
-2227
1471
42
-3752
-4601
-2025
-99
992
1694
1614
1622
1553
1381
1155
2594
5198
4418
946
-608
1143
1742
-818
-1684
699
2722
1289
-1208
-1577
-813
423
1822
2299
1481
276
316
764
597
1105
1683
841
-803
-645
1179
1395
151
-76
541
61
-956
-494
923
1108
723
1179
1022
-399
-1524
-801
683
1456
2050
1699
287
-753
-227
968
717
522
899
576
-487
-1053
397
1468
829
244
-80
-519
-1528
-1614
180
1160
211
-1965
-3205
-2845
-2386
-1939
-1779
-1674
-1618
-1435
-1581
-2542
-2524
-529
1796
1523
165
943
3331
4485
2224
-322
645
4951
7647
4976
1185
844
4327
7164
6085
2327
-1585
-1400
1588
3653
2851
-673
-3534
-5864
-5882
-2313
793
45
-5635
-9327
-6900
-2752
-275
-1378
-3443
-6144
-8044
-4835
-97
1871
-1640
-6064
-5396
-2272
679
-177
-2058
-365
1489
1260
-1416
-1003
3495
4353
1943
708
3274
5764
3283
592
685
2071
2987
1813
475
-363
-256
1254
1024
-446
-764
-26
526
137
1308
3143
1444
-1593
-1953
337
1900
1353
1768
2189
1007
-256
-421
599
830
1127
1873
992
-427
-637
816
1422
275
-25
-43
-710
-1006
364
1597
617
-371
-165
-120
-1235
-1670
-638
-415
-748
-157
763
393
-1071
-1073
-231
-384
-592
-283
-356
-2127
-3955
-3540
-1978
-1499
-2534
-3879
-3812
-1994
428
2130
1308
-283
-406
955
3103
3237
1990
1362
2844
6182
5998
2076
-844
1030
6305
7946
5237
1230
-552
1309
3284
4303
3278
1328
-612
-3174
-3360
-1333
1207
164
-5302
-8612
-7631
-3995
-2044
-3005
-4546
-7107
-7484
-4510
-887
339
-2298
-3740
-2523
-465
393
-1587
-2191
-538
1143
846
-852
260
1495
189
-995
240
2846
2045
2
1065
2912
3170
2089
2264
2869
1574
670
1416
2472
2205
436
-1472
-2379
-1173
1769
2722
263
-1983
-1618
577
1364
798
1158
854
-36
-490
399
2194
2324
2426
2221
272
-1404
-1326
1409
2974
1283
-437
-937
46
676
281
41
-344
-260
-43
-8
-258
-895
-788
-236
-54
-844
-1733
-1642
-1121
-620
-659
-979
-1229
-1245
-1153
-1584
-2081
-1894
-1162
-1101
-1960
-2290
-1450
-355
-553
-1163
-549
1286
2820
2073
549
561
2935
5328
4721
2474
962
2316
5042
5586
3810
1261
977
2171
2364
2249
1816
1341
-545
-1925
81
2252
1952
-1598
-4023
-3104
-2299
-1689
-2072
-2995
-4724
-6965
-5726
-3157
-1824
-2605
-4792
-5319
-4737
-2699
-1104
-1821
-1350
756
1667
-955
-3012
343
3771
2574
-408
-218
1701
651
-649
545
2071
1451
-170
-12
433
350
1184
2094
1594
183
340
2110
2808
2364
2145
1974
1374
667
510
373
-130
243
996
466
-847
-901
382
528
-309
275
1821
1697
-124
-875
69
1226
1956
1852
841
-566
-766
160
385
473
917
981
-554
-1749
-323
1348
580
-1855
-2279
-884
-690
-1534
-1432
-368
-723
-2725
-3541
-2780
-1746
-1188
-1238
-1303
-2002
-1992
-650
480
454
-366
223
1297
1296
834
531
809
974
1998
3765
3419
957
-183
2831
6377
5585
1975
-64
1136
2958
3407
2885
1806
531
-336
-543
-37
1028
1467
-64
-2905
-4037
-2143
-198
-511
-2243
-3790
-3783
-2939
-1603
-888
-2152
-3613
-4403
-3688
-2379
-1901
-1545
-1566
-1868
-2737
-3075
-1187
560
106
-1306
-680
2020
2258
18
-893
653
2361
2018
1647
1699
545
-765
-699
892
2139
1907
728
-1218
-2038
-419
1922
2543
1227
452
973
1598
2219
2773
2475
1185
460
1429
1752
38
-1451
-947
-70
-632
-773
463
850
-921
-2449
-1209
1130
1948
1003
-194
-336
489
1644
1634
314
-181
506
725
-567
-1059
692
1723
176
-1925
-1710
-211
-138
-1240
-2030
-1881
-1437
-1463
-1726
-1925
-1424
-638
-581
-942
-1072
-170
437
-252
-1032
-859
772
1520
893
613
814
1194
577
184
1109
1894
2046
1609
1530
1514
840
874
1621
2445
2420
1437
617
255
963
1845
1458
179
-793
-476
51
-9
58
-210
-1115
-2239
-2420
-1452
-910
-1150
-1681
-1749
-1415
-1454
-1819
-2315
-2366
-1676
-1265
-1605
-2049
-1737
-1428
-2144
-2451
-1082
754
608
-1021
-1439
-287
918
1106
1170
1782
1828
1154
400
383
1136
1566
1401
455
-38
625
1189
905
-105
-102
658
652
402
287
692
958
759
1014
1036
1090
955
376
189
-233
-276
-342
-633
-398
-391
-292
-370
-205
579
726
762
658
660
990
737
899
1178
1397
1255
215
-157
53
373
-36
-994
-1015
-613
-692
-1592
-2088
-1456
-992
-1523
-2567
-2491
-1708
-1680
-2097
-2264
-1441
-406
149
162
-538
-562
87
518
741
1064
2087
2244
1466
1293
1795
2654
2372
1716
1621
1642
2244
2461
1944
883
75
706
1247
1243
1061
733
360
-674
-1101
-635
-41
156
-599
-1271
-1534
-1377
-1031
-1314
-1672
-1733
-1470
-1232
-1800
-2190
-1882
-1232
-897
-1407
-1620
-1535
-1411
-1161
-1072
-984
-1211
-1130
-549
-171
-223
-345
318
968
802
219
-83
555
1356
1651
1148
434
1154
2163
1683
-159
-959
697
1970
1204
-300
-619
177
255
-184
-205
258
773
234
-579
-604
517
1666
1000
33
158
1451
2105
910
20
131
753
1101
662
592
464
494
631
321
641
788
921
453
-455
-398
-150
-31
-679
-1272
-1053
-1124
-1498
-1730
-1435
-1064
-1386
-1729
-1804
-1506
-1035
-957
-978
-1134
-1256
-1250
-1378
-1169
-517
259
507
135
123
660
1279
1461
1379
1498
1732
1711
1671
1757
1853
1899
1523
1037
765
989
1388
1123
177
-687
-794
-382
140
271
-221
-955
-1203
-533
-23
-144
-767
-804
-296
-420
-576
-803
-319
25
-214
-756
-1253
-377
43
-276
-959
-1418
-533
-200
-293
-421
-677
-142
-190
-257
-602
-892
-280
-381
-517
-547
-59
531
-32
-550
-330
298
672
573
909
1081
645
191
165
565
795
713
438
180
23
112
-58
-62
236
572
471
52
172
304
285
123
469
1059
1070
786
506
600
862
763
671
793
1034
803
-135
-780
-565
374
773
28
-1134
-1698
-1220
-509
-287
-605
-999
-1142
-1230
-1056
-584
-205
-342
-721
-950
-1049
-732
-377
-36
-188
-533
-197
222
473
114
-308
-170
27
507
825
579
170
-271
46
940
1463
1467
846
386
554
902
1169
816
394
325
136
-42
-180
6
134
-262
-764
-984
-720
-381
-386
-607
-561
-152
155
-31
-444
-471
-46
384
547
449
84
-364
-594
-371
69
361
484
124
-617
-1101
-922
-209
288
346
118
-354
-679
-594
-319
-138
-284
-467
-420
-415
-554
-714
-520
-7
368
429
222
184
458
587
559
447
533
687
501
367
424
373
16
-238
122
746
813
311
-180
-173
208
594
759
582
335
86
-7
243
869
1374
1237
591
114
347
650
411
-60
-351
-475
-845
-1289
-1331
-1090
-836
-953
-1049
-799
-445
-323
-642
-640
-39
439
274
-298
-309
166
275
-55
-345
-14
337
157
-235
-285
216
395
-94
-641
-547
130
285
-389
-940
-610
271
614
220
-344
-324
406
1026
1094
488
-221
-456
-168
469
807
580
-16
-458
-376
-157
-22
82
222
408
326
15
-180
-102
358
650
431
290
551
754
219
-432
-268
433
698
209
-362
-614
-671
-645
-602
-603
-631
-838
-1049
-1052
-865
-529
-253
-203
-248
-317
-394
-526
-449
-17
328
366
112
-64
-149
-60
332
841
1122
854
297
-45
341
1016
1233
825
301
345
496
414
262
147
116
47
73
102
139
195
187
240
345
415
344
237
335
500
417
259
181
323
426
178
-229
-407
-250
-144
-254
-544
-610
-344
-179
-180
-141
-58
71
156
197
85
-47
72
262
377
68
-382
-678
-832
-850
-920
-997
-948
-1031
-1352
-1644
-1710
-1359
-1029
-911
-882
-834
-758
-894
-854
-347
198
468
425
365
523
626
660
806
1106
1322
1292
981
653
679
960
1069
918
841
627
242
93
478
996
890
360
69
250
495
418
273
319
246
-98
-380
-424
-314
-420
-769
-832
-493
-211
-521
-1076
-1071
-595
-238
-435
-646
-376
-7
-17
-313
-119
268
374
34
-168
147
559
613
86
-101
105
335
260
-7
87
533
806
489
7
-97
189
503
645
427
237
40
-105
43
249
420
185
8
45
119
411
637
710
406
53
-59
89
610
801
508
126
24
291
481
205
-205
-346
-310
-351
-375
-277
-572
-960
-1154
-1144
-791
-657
-922
-1084
-959
-865
-961
-1091
-1161
-1043
-841
-886
-961
-1037
-919
-832
-881
-628
-392
-252
-409
-387
-146
-17
275
481
628
543
366
686
1100
1319
1393
1302
1362
1322
1327
1283
1204
1390
1340
1108
698
490
682
642
149
-152
18
434
395
-294
-705
-641
-163
61
-157
-376
-560
-528
-557
-771
-702
-420
-277
-420
-687
-737
-395
-53
-55
-187
-476
-278
237
292
-75
-163
115
284
402
243
189
357
549
583
343
354
439
387
269
-146
-171
110
66
-310
-183
373
10
-118
-422
-379
521
709
330
-187
354
12
-3
562
-341
189
649
350
200
177
343
123
816
288
-29
914
-310
20
408
-413
138
-118
-104
-545
-837
-547
-729
-422
-1169
-1464
-1203
-1586
-1211
-1526
-1741
-1351
-1517
-1025
-1133
-1374
-576
-601
-620
-170
-33
105
-239
207
682
597
621
229
726
1081
904
954
959
820
1021
1394
1015
765
948
957
1007
833
579
739
652
486
320
553
731
517
367
-112
-149
114
385
341
-310
-573
-396
-211
-61
-312
-392
-111
-278
-376
-419
-456
-6
44
-341
-503
-557
-117
-10
-388
-348
-407
-187
-150
-522
-370
-214
-181
-137
-484
-519
-116
2
35
-254
-215
161
199
361
407
469
574
367
219
216
242
497
490
307
124
212
400
340
587
639
584
443
464
636
500
301
224
396
220
-200
-255
-176
-108
-124
-259
-209
-343
-358
-340
-603
-568
-467
-351
-616
-1057
-842
-647
-709
-888
-983
-728
-761
-888
-859
-764
-719
-794
-971
-900
-602
-583
-387
-378
-408
-32
151
278
289
453
796
802
743
543
756
1111
1075
975
770
781
1007
1027
798
801
845
844
648
331
242
355
495
415
256
191
19
-94
85
161
386
314
16
-73
-69
-61
-97
27
-35
-243
-502
-682
-474
-264
-363
-634
-882
-607
-470
-621
-686
-772
-487
-360
-597
-727
-466
-204
-110
-195
-225
47
99
148
171
352
592
336
237
417
401
517
588
291
385
399
450
696
472
576
575
354
317
274
373
193
69
67
-25
187
-30
-204
-48
-115
78
20
-156
-170
-56
69
-102
-231
-206
-121
-140
-240
-318
-163
-93
-216
-503
-480
-415
-593
-526
-776
-703
-678
-908
-868
-873
-692
-473
-438
-607
-736
-625
-241
-83
-20
-42
-258
-138
-129
102
427
389
399
332
183
197
651
919
861
502
248
569
802
867
696
764
931
872
653
465
651
893
907
433
85
29
129
323
2
-149
-70
-156
-142
-210
-235
-168
-78
-255
-395
-267
-144
-173
-162
-80
-280
-250
-290
-401
-294
-303
-440
-395
-395
-477
-495
-594
-355
-187
-48
-78
-294
-115
125
200
276
369
262
246
220
222
478
557
414
221
49
118
203
115
-25
-245
-293
-244
-149
37
57
-66
-171
-122
142
275
136
-69
-151
-18
55
-51
-113
-30
-69
-114
-61
-22
-44
-69
-137
-81
-1
-138
-153
-278
-258
-174
-225
-157
-14
-29
-260
-339
-338
-302
-240
-345
-526
-402
-354
-468
-478
-339
-124
25
66
-98
7
234
315
310
360
437
461
429
284
465
638
709
629
485
478
413
583
559
483
565
452
307
244
382
537
565
446
287
300
369
264
86
121
-10
-140
-216
-424
-339
-279
-403
-680
-755
-560
-385
-376
-566
-557
-490
-369
-408
-425
-227
-88
-133
-324
-395
-262
-35
-2
-71
-308
-342
-307
-263
-35
-81
-127
-167
-159
-158
30
292
230
143
23
10
98
301
374
246
120
-94
3
192
260
79
-160
-304
-441
-259
-53
46
-56
-113
-92
50
302
364
309
272
277
280
444
405
243
121
85
108
152
251
119
89
69
-56
-5
-14
-49
-78
-101
-152
-185
-73
-100
-44
-38
-107
-107
-79
8
-159
-237
-154
-71
-52
-155
-155
-80
72
-3
-71
116
241
392
296
214
218
327
408
287
345
356
388
358
286
224
360
332
180
213
111
192
93
1
13
-83
-30
28
59
15
-155
-210
-161
-205
-264
-419
-505
-542
-604
-609
-639
-534
-506
-584
-639
-541
-307
-365
-375
-394
-404
-212
-77
-20
-102
-113
-120
-130
-25
151
143
129
21
-225
-148
-46
177
169
-45
-85
-38
222
301
296
275
267
388
371
428
381
186
123
117
79
122
69
-158
-267
-248
-140
-150
-108
-32
13
53
-9
129
349
312
322
410
410
572
588
491
391
278
382
459
419
325
70
3
75
53
147
69
-16
-31
-32
-74
-198
-64
-5
-75
-113
-209
-327
-271
-158
-157
-146
-241
-281
-161
-119
-240
-193
-72
31
169
48
25
63
90
146
139
199
126
99
148
32
1
8
-142
-20
28
-35
-95
-280
-122
-107
-200
-170
-145
-88
-137
-177
-195
-95
-39
-180
-188
-172
-150
-200
-360
-455
-504
-380
-319
-278
-412
-522
-563
-527
-275
-144
9
-84
-130
-141
-111
124
174
202
222
69
73
274
250
229
216
196
177
158
120
46
53
73
125
80
127
156
197
145
72
191
227
266
165
128
195
274
260
100
118
124
183
248
295
285
123
174
245
280
427
490
495
413
348
350
406
548
522
355
158
35
60
130
-6
-167
-148
-224
-262
-350
-414
-443
-444
-405
-528
-531
-503
-421
-440
-509
-360
-254
-222
-251
-201
-26
73
1
-23
60
103
136
133
144
190
158
92
38
92
201
229
182
84
33
31
-35
-105
-74
-114
-107
-155
-176
-87
-82
-128
-217
-192
-174
-124
-229
-244
-152
-177
-264
-318
-139
-116
-190
-318
-299
-146
-63
-121
-207
-132
-47
-17
-99
-105
-39
48
12
-69
17
119
138
126
77
87
111
96
173
148
194
153
123
174
83
54
99
199
113
41
10
34
119
183
221
111
90
34
110
171
95
101
108
173
183
189
209
278
263
236
300
281
287
289
315
316
173
113
165
189
237
156
172
228
95
-10
-43
-16
-27
-101
-193
-250
-405
-438
-358
-363
-333
-307
-279
-288
-291
-286
-215
-142
-129
-148
-119
-45
-19
25
94
135
110
82
129
192
180
113
14
19
-15
-131
-101
-9
-16
-205
-234
-112
-91
-96
-116
-67
-19
-82
-168
-162
-103
-50
-88
-195
-184
-76
-19
-37
-90
-8
80
13
-34
-91
-4
102
62
-43
-99
-13
6
-7
-50
-99
-78
-28
-30
-60
-117
-120
-82
-93
-64
-68
-64
-97
-132
-73
-14
0
54
79
87
85
44
110
164
128
67
85
104
116
62
-13
-12
36
167
177
164
117
74
107
123
127
128
187
190
134
121
240
293
287
291
330
371
298
287
281
312
277
158
139
164
132
76
73
61
36
23
54
45
12
-67
-133
-146
-232
-250
-236
-220
-261
-389
-311
-219
-226
-278
-344
-265
-209
-203
-190
-180
-119
-136
-170
-106
-53
-42
-85
-92
-85
-45
-25
-29
-10
-47
-44
-60
-76
-76
-56
-62
-89
-64
-25
24
22
28
44
68
51
58
113
85
66
8
-15
-16
-16
-7
-37
-6
-28
-16
26
39
73
29
-38
-46
-26
-48
-52
-64
-127
-129
-111
-89
-54
-68
-95
-86
-15
-1
-26
32
53
15
-10
-14
29
66
57
23
83
135
132
138
100
119
118
140
115
69
107
66
21
68
114
129
183
223
208
162
169
224
236
212
187
202
210
158
127
149
233
229
166
127
134
167
87
54
45
-22
-50
-57
-108
-139
-160
-208
-194
-187
-205
-173
-195
-242
-277
-282
-288
-287
-274
-269
-273
-299
-248
-204
-174
-164
-159
-145
-98
-79
-19
21
-11
17
-25
30
45
-5
-15
-5
25
25
7
46
79
70
84
56
88
74
78
104
150
122
56
93
108
145
94
51
70
78
48
9
-11
-1
-4
-79
-98
-95
-48
-57
-115
-114
-114
-52
-41
-47
-91
-100
-77
-110
-50
-49
-22
-55
-101
-48
-16
-7
-8
37
20
21
48
86
118
100
87
81
108
118
116
111
116
116
111
123
124
104
88
103
115
88
44
69
148
137
67
79
93
107
103
117
143
86
63
35
54
108
27
36
57
16
55
27
32
-4
-20
-16
-60
-50
-107
-155
-208
-199
-177
-187
-181
-228
-219
-198
-200
-208
-205
-196
-243
-246
-168
-188
-227
-208
-170
-110
-117
-96
-115
-78
-61
-84
-51
-17
59
69
71
93
164
157
139
135
155
198
202
188
136
170
164
124
96
131
155
157
164
135
169
170
139
155
118
108
85
33
31
5
10
19
-17
-37
-41
-66
-97
-130
-103
-90
-101
-126
-159
-141
-133
-142
-146
-135
-120
-82
-106
-119
-146
-158
-106
-121
-81
-91
-83
-64
-76
25
61
80
35
37
58
52
87
96
98
44
96
111
111
110
79
61
61
118
121
102
82
111
118
88
97
120
89
76
115
130
75
73
75
82
72
23
71
25
12
29
10
-18
-28
-22
-54
-92
-99
-98
-142
-132
-165
-167
-168
-177
-169
-166
-155
-173
-151
-184
-173
-122
-126
-117
-125
-118
-119
-122
-55
-58
-45
-11
-29
35
51
28
58
64
67
75
79
100
85
108
136
130
151
146
114
107
115
138
140
108
111
92
135
122
108
115
66
89
61
54
41
3
-30
-77
-44
-22
-17
-29
-79
-68
-56
-63
-53
-20
-16
-64
-42
-30
-6
2
-35
-69
-52
-12
-29
-76
-102
-48
-91
-104
-64
-84
-82
-102
-79
-54
-41
9
-6
-30
-33
-60
-32
14
-3
-21
15
17
52
70
43
31
42
70
71
67
64
64
43
36
49
83
76
70
72
48
37
38
70
45
53
44
-13
-1
8
33
32
18
7
13
41
-15
-43
-41
-33
-64
-95
-95
-58
-22
-42
-35
-64
-34
-28
-56
-78
-70
-22
-32
-36
-53
-16
0
-6
-51
-35
20
-3
9
5
-16
-13
2
10
43
8
15
38
38
49
51
38
34
34
9
48
23
34
18
10
25
23
7
-5
32
-15
-11
0
23
17
17
22
-41
-47
-15
-26
-37
-15
3
12
8
18
-6
2
-11
-17
7
-3
5
13
-5
0
33
54
55
20
-2
-29
-6
-35
-52
-32
-29
-2
-31
-23
9
12
-2
-1
25
51
23
-11
-16
15
11
-7
22
-13
-17
15
13
14
18
23
-3
-19
-17
-56
-45
-29
-43
-50
-24
19
16
9
16
11
-18
-19
-32
-6
-31
-57
-16
-24
-13
-28
-16
-24
-16
28
-4
-20
-6
-26
-36
1
9
-10
12
78
109
88
28
21
53
27
-4
9
30
-21
-25
-11
14
29
1
-2
-7
18
-14
-9
-6
-36
-46
-46
3
0
-1
26
19
2
6
14
-29
-25
-21
-38
-27
-45
-1
-16
-3
5
23
90
65
56
39
51
54
49
50
59
56
26
26
30
46
60
76
57
59
47
43
16
-12
47
27
17
25
18
-7
-5
-13
-40
9
24
-33
-89
-67
-91
-68
-57
-73
-50
-58
-52
-49
-24
-10
-32
-72
-67
-85
-76
-72
-91
-76
-61
-58
-61
-45
-43
-65
-85
-81
-78
-52
-63
-81
-77
-41
-35
-9
-3
-1
18
-1
27
13
20
8
19
51
63
79
46
48
67
77
94
85
67
62
37
44
57
98
139
97
102
116
123
122
63
54
60
53
53
57
40
54
41
-23
-23
-4
9
-30
-34
-19
-13
-16
-8
-36
-54
-34
-44
-30
-67
-63
-58
-21
-5
-25
8
-27
-35
-25
-26
-24
-46
-47
-21
9
6
15
19
14
6
6
19
23
35
15
6
19
12
19
34
-4
-1
6
-3
24
32
38
-1
1
18
22
-2
-31
-4
24
-5
-48
-28
-22
-39
-74
-87
-95
-87
-86
-69
-56
-91
-38
-41
-59
-44
-34
-33
-27
-4
-28
-35
-54
-38
-57
-75
-57
-61
-35
-40
-7
-5
-13
6
-9
3
16
22
27
29
37
54
80
85
64
66
65
41
12
40
72
47
2
-32
9
44
48
36
41
56
47
16
26
43
38
79
68
69
79
76
56
31
62
55
44
49
31
6
23
41
9
14
9
1
1
-3
13
-1
0
25
17
9
-16
-19
6
-9
-44
-54
-42
-26
-54
-52
-3
-5
7
-17
-7
-20
-15
0
-15
-6
-28
-26
-45
-23
-29
-25
-31
-35
-20
-24
0
-47
-64
-63
-67
-47
-43
-41
-39
-53
-53
-56
-17
-13
-28
-39
-57
-12
-19
0
-22
-47
-52
-78
-60
-49
-52
-68
-34
-16
-17
-3
0
39
65
64
71
63
67
72
55
53
60
62
44
20
32
71
53
12
-2
19
20
-20
-17
0
25
5
6
27
19
53
26
1
29
35
32
18
11
-2
-9
-5
-5
-6
14
14
-27
-40
-10
-7
-30
-18
-4
31
25
0
3
-6
9
-1
16
32
26
18
18
65
56
44
30
0
26
27
46
65
67
76
45
35
65
47
25
16
-3
26
16
-13
-9
-2
-14
-26
1
-3
-18
-52
-79
-85
-75
-26
-50
-45
-28
-61
-46
-47
-57
-50
-61
-68
-86
-84
-73
-76
-75
-67
-45
-50
-50
-87
-84
-61
-69
-41
-36
-12
-15
-51
-51
-44
-19
-5
0
29
38
25
-2
-3
1
13
44
37
26
28
-3
12
54
85
111
101
127
100
77
89
110
126
105
94
70
74
36
19
64
47
26
32
13
-3
1
-6
-8
2
-10
-7
12
16
-15
-19
7
-22
-38
-39
-19
-42
-57
-69
-70
-46
-67
-45
-60
-67
-94
-90
-26
-19
-9
-12
-12
-25
-29
4
16
32
58
42
36
28
51
88
81
98
77
60
45
6
4
-10
-3
25
16
5
1
-15
13
39
41
20
-16
-31
-18
24
13
-15
-46
-44
-45
-94
-77
-67
-60
-45
-44
-37
-41
-47
-38
-3
2
-3
-9
-25
-44
-41
-12
9
10
-40
-63
-63
-37
12
22
12
-18
-44
-39
19
50
50
62
47
36
35
37
26
18
15
10
25
34
10
2
7
38
75
75
62
28
-7
-1
3
13
39
32
-1
-13
-5
-9
-22
-50
-25
-9
-20
-46
-59
-48
-73
-54
-28
-31
-22
-21
-34
-46
-41
-23
-12
17
36
-1
-6
-16
-15
10
30
71
56
47
41
45
57
51
88
115
106
66
63
85
97
89
66
69
45
2
8
19
8
29
17
-10
-25
-16
0
-11
-41
-60
-63
-58
-80
-102
-38
-6
-25
-53
-96
-95
-87
-89
-65
-75
-79
-61
-48
-54
-73
-41
-26
-29
-50
-76
-56
-28
-6
49
73
58
12
-23
-7
-12
21
38
47
53
10
-15
4
37
57
86
95
49
-1
-41
-9
-5
-25
25
-4
-16
15
31
43
34
61
100
86
62
23
-5
-18
-50
-44
-24
-20
-1
12
-6
0
6
-9
-13
-3
-4
-1
-6
-10
8
16
4
15
27
19
45
25
16
28
19
28
14
16
22
21
29
32
52
46
47
32
-11
-16
-15
1
-10
-2
-3
-19
-2
-21
-36
-25
-29
-50
-41
-64
-68
-62
-60
-36
-51
-49
-29
-32
-32
-10
-46
-25
-21
-41
0
5
0
-6
-15
-44
-28
-8
-6
-25
-12
1
-14
-9
-9
8
23
9
-3
28
32
14
23
32
31
34
6
15
28
54
58
24
37
29
45
45
31
45
31
16
5
5
9
-4
-1
1
15
10
-16
-41
-34
-25
-29
-28
-21
-4
-30
0
-20
-9
10
-9
13
10
33
35
25
15
27
13
2
29
16
-6
4
-10
-2
2
-3
16
1
-15
-32
0
6
8
5
3
13
5
9
3
6
10
3
-5
-4
4
14
-5
-17
-32
-29
6
-10
-25
-15
-10
-11
-28
-31
-26
-23
-33
-41
-12
-17
-10
-1
-20
-31
-26
-13
13
10
-4
9
-7
-22
-46
-22
-4
16
38
0
-2
10
19
4
22
27
-11
0
-7
-41
-29
7
9
10
6
0
-13
-14
19
25
20
13
13
17
32
72
76
23
26
54
63
54
49
52
-17
-10
25
9
-20
-17
16
-12
-34
-2
-14
-54
-33
-40
-30
-10
-52
-66
-94
-67
-25
-29
-41
-70
-59
-49
-4
10
9
21
44
54
53
58
51
50
48
108
82
50
70
91
57
8
-11
16
13
-28
31
-2
24
7
-12
-20
-12
23
-31
-19
-14
-27
-26
9
12
17
12
31
-16
-5
42
21
26
1
1
-37
-54
-79
-67
-58
-85
-68
-63
-118
-140
-120
-133
-124
-94
-77
-109
-88
-65
-67
-14
13
8
3
9
17
28
45
22
61
67
15
32
84
49
7
93
78
23
100
163
58
74
139
95
100
86
69
52
111
79
40
46
22
43
53
30
6
90
78
22
7
29
-3
-65
-2
-2
-31
-64
-66
-51
-60
-72
-75
-76
-104
-79
-42
-97
-121
-63
-73
-112
-102
-103
-104
-52
-80
-117
-73
-46
-28
3
25
36
73
76
82
86
104
104
66
82
36
28
30
3
2
-3
6
24
51
-6
17
81
10
-67
31
63
-30
6
63
24
-15
97
10
-88
29
2
-54
-2
51
-17
-20
-16
-17
76
-15
-35
21
-9
-178
-34
116
-246
-138
89
-82
-212
44
51
-232
-38
82
-114
-145
17
85
-23
-46
105
92
-13
32
154
55
-26
175
195
-25
42
205
93
-23
36
104
-57
0
86
-25
2
45
41
-42
-39
38
47
-17
-24
34
27
-57
-60
33
-67
-92
-2
-48
-85
-44
-71
-43
-36
-87
-84
-31
-82
-127
-7
-99
-40
60
-70
-93
66
26
-105
-21
60
38
-26
31
53
94
-4
27
143
22
-3
135
148
-18
63
160
78
-14
178
176
-44
101
164
64
-3
84
106
24
63
-43
-16
11
-105
52
-82
-177
-113
-70
-66
-214
-70
-106
-77
-56
-155
-147
-59
-16
-136
-64
-18
-27
-94
38
-32
-172
71
-59
-33
73
-89
-85
30
7
-120
29
35
-62
122
102
44
114
18
75
255
69
-67
167
175
27
117
129
-92
36
129
-32
-28
-15
11
41
107
118
-54
-99
56
103
74
-75
-71
87
12
33
92
-45
-183
26
177
-174
16
-54
-280
58
48
-168
-256
68
-91
-93
28
-155
-51
-85
-118
8
-17
-154
50
50
-166
42
205
-106
-212
190
271
-188
-41
171
63
-39
-28
200
-121
133
156
-2
232
-21
185
41
-17
61
179
92
-245
193
198
-110
-84
107
-13
-60
-26
26
35
-209
-10
137
-45
-183
-47
80
-155
-16
69
-73
-91
-29
284
-132
-242
199
-31
-197
19
131
-103
-220
137
207
-106
-153
101
57
-260
113
137
-308
-93
217
-52
-233
183
-31
-177
77
48
58
-83
-7
20
48
100
-47
112
13
-162
241
51
-282
7
260
-106
-218
283
-78
-209
74
64
-192
-42
180
-88
-6
-113
88
80
-130
63
152
7
-236
211
116
-161
-58
54
208
-233
-117
203
-40
-221
48
297
-137
-233
337
170
-151
38
170
180
-85
61
142
14
-34
116
153
-162
54
45
43
-104
-147
185
-95
-180
26
101
-152
50
150
-192
127
170
-70
-158
169
117
-209
125
-82
-108
6
16
78
-277
34
121
-10
-56
-97
188
-138
-130
194
47
-209
-99
187
-71
-93
-60
48
55
-226
105
49
-38
-117
-43
151
-136
-108
-49
146
-138
-147
110
26
-49
-167
199
112
-166
-52
163
-7
-132
140
-6
-174
12
98
-57
-115
87
75
-76
74
-28
7
93
66
-72
-86
227
-127
-35
115
19
99
-144
147
147
-145
-98
239
76
-366
140
169
-210
-95
229
70
-189
12
92
46
-94
-15
200
46
-167
9
242
-58
-245
178
77
-106
-8
63
53
-66
-20
12
113
-53
-63
80
145
-3
-69
155
55
-51
14
105
-114
51
105
-67
48
-35
19
-26
3
-50
-26
24
-92
-51
-19
60
-77
-58
11
-20
-53
-89
39
-51
-107
-26
23
8
-131
-85
25
-34
-92
3
29
-76
-10
83
43
-119
-7
191
-3
-28
111
15
-78
9
63
-2
-18
4
36
41
13
48
4
0
-23
-19
39
-91
-57
-58
-66
34
-36
-64
-41
19
70
42
-5
30
89
-7
-26
-17
-37
-52
-40
-7
-46
7
-2
-7
51
-66
-44
31
-13
9
85
71
-55
90
53
-29
31
58
105
-44
65
63
6
24
-18
43
24
66
28
28
28
32
46
28
65
-6
20
22
10
2
-3
31
-28
-16
-9
-2
-41
-61
16
-36
-70
-52
-35
-24
-85
-13
-6
-70
-43
-63
14
-38
-38
60
6
11
20
4
-20
-22
-95
-88
-12
-13
-53
-95
7
-30
-84
15
29
20
69
127
143
60
51
124
98
13
19
116
64
-12
-9
84
19
-68
-7
-25
-13
-71
-48
-30
-44
-35
-82
-15
-50
-28
12
-60
-29
4
-11
-98
-66
-7
-19
-31
-97
-41
-15
-40
-80
-82
10
-38
-38
29
20
21
10
23
41
24
33
24
19
14
51
86
-17
-5
63
52
-4
12
98
73
70
51
42
75
88
56
45
47
17
49
42
1
-15
37
76
18
74
21
-31
21
-9
-27
-62
11
-32
-16
3
-65
31
-1
-19
-61
-26
5
-50
-2
-35
-26
-31
-6
-4
-29
-9
-58
-22
-59
-71
10
-33
-70
-37
16
-19
-60
-32
-12
-23
-80
-40
-6
-48
-5
26
19
-9
23
46
-35
4
64
-5
-62
-32
7
-57
-63
-10
23
25
-25
3
40
25
-39
11
44
-34
-8
-4
16
-27
-25
23
-28
18
18
50
91
52
44
47
71
28
53
53
28
28
10
37
-10
26
60
52
47
31
25
-5
0
-19
-2
-17
-33
3
-12
5
-12
4
10
-12
19
12
14
7
24
22
-4
-10
45
34
-16
22
31
19
-9
3
-25
-13
-13
-49
-24
-27
-3
-70
-70
-13
-28
-33
-71
-45
-26
-29
-29
-35
-11
-28
-15
-5
-15
-21
-16
-21
-48
-30
-31
-35
-59
-47
-22
-10
-11
-16
26
0
-25
-19
8
-4
-19
-7
7
16
1
19
15
35
37
54
60
41
46
67
80
32
40
73
73
42
31
39
31
9
9
19
3
1
7
12
8
-10
-8
8
-6
4
-25
-18
-20
-48
-25
-34
-30
-30
-6
-15
-13
-16
-19
-7
-18
-16
-19
-19
-24
-16
-31
4
19
21
31
26
26
15
27
16
20
2
-10
-11
3
6
-5
6
3
-2
6
-10
-27
-5
1
-3
4
19
-3
16
22
19
53
34
34
33
31
22
16
9
-1
-2
6
0
-14
-30
-19
-4
-27
-23
-39
-42
-51
-53
-47
-64
-34
-28
-42
-10
3
-13
-6
-3
25
7
13
26
3
-7
-32
12
16
8
19
25
16
10
13
-11
-17
-9
-15
-45
-29
-18
-16
-22
-23
2
-12
-2
-16
-11
9
-4
-11
-9
7
0
0
-11
8
17
13
27
27
53
39
22
17
15
19
15
22
25
32
34
23
24
27
23
26
19
19
29
31
19
6
7
22
15
27
25
26
19
-7
6
-5
10
-14
-26
-9
-8
-9
-17
3
-6
-23
-23
-12
-35
-51
-44
-34
-30
-25
-9
-18
-34
-34
-13
-15
-1
-6
-17
-7
-25
-29
-41
-42
-16
-15
-25
-26
-8
10
14
-2
13
22
2
20
29
25
0
-3
16
35
46
35
25
0
-1
-16
-2
3
-16
18
9
-9
-2
19
17
-4
8
16
-4
-15
13
-7
-25
3
-4
-18
-7
-9
9
9
-3
4
-8
-16
-28
-38
-43
-25
-19
-2
4
4
27
15
0
-6
12
-11
-20
-3
7
25
22
48
15
11
27
12
28
0
-4
9
-10
-12
2
12
0
-10
0
-10
6
10
12
19
12
22
3
0
26
42
26
32
47
46
41
52
39
32
32
-3
-4
-22
-12
-16
-19
-19
-27
-21
-40
-1
6
-22
-9
-22
-26
-20
-35
-16
-15
-28
-12
-4
-15
19
24
-19
-12
-12
-20
-44
-47
-46
-46
-49
-56
-35
-36
-30
-15
-36
-13
12
0
3
15
33
21
30
32
-5
5
15
4
-5
-6
-14
-27
-17
-19
-24
-26
-12
12
19
19
5
15
27
10
19
30
18
22
22
34
34
24
35
67
61
53
80
63
37
16
24
22
25
20
5
4
-16
-22
-32
-32
-34
-26
-15
-44
-47
-23
-30
-15
10
1
5
-16
-32
-13
-28
-28
-26
-20
-1
-17
1
6
3
-1
22
36
23
40
39
29
32
40
40
20
3
26
22
21
16
15
5
-20
-15
-20
-28
-25
-7
-12
-22
-29
-37
-51
-38
-41
-39
-26
-29
-11
-9
0
-25
-27
-36
-55
-36
-12
-8
-46
-39
-12
-10
-14
-13
-17
-7
10
17
6
1
16
22
29
14
29
40
19
32
56
52
35
39
32
11
18
15
24
12
-6
13
2
12
7
17
10
-15
0
6
-3
-13
12
16
7
-3
14
22
8
12
19
20
4
-9
-17
-18
-19
-4
1
-14
-18
2
4
8
6
-15
4
0
-23
-12
-21
-51
-46
-33
-23
-22
-9
-18
0
1
-12
-3
0
14
4
24
7
0
6
-19
-15
2
-2
-11
-4
17
14
-25
-16
5
6
8
12
13
15
10
10
8
13
15
26
41
28
3
8
-10
-34
-27
-6
7
-12
3
-15
-14
-7
-4
-4
10
10
10
35
-3
16
17
22
61
59
64
56
41
31
3
-11
2
3
1
-20
-30
-48
-51
-39
-31
-10
-22
-19
-15
-18
-33
-32
-14
-16
-28
-27
-16
-44
-21
-26
-24
-14
-32
-22
-23
-10
-30
-22
-19
-13
-3
-18
-21
-10
-7
6
31
21
21
27
20
-4
19
38
39
26
25
45
16
34
47
39
30
26
28
-1
-6
-11
-7
-16
-47
-41
-45
-27
-9
-11
8
-7
-13
-17
35
82
61
47
6
27
67
94
92
57
75
68
52
54
9
-50
-3
17
20
46
9
-29
-57
-69
-96
-70
-52
-50
-3
17
7
-20
-42
-52
-44
-13
18
-1
15
25
-14
-38
-44
-49
-77
-85
-34
-12
-67
-56
-69
-92
-86
-98
-31
7
35
59
65
49
-9
0
30
20
37
51
44
-3
-56
-64
-57
-35
-5
54
66
39
2
-35
-37
-6
9
36
67
63
80
45
8
-1
23
54
76
95
92
58
-2
-12
-17
4
35
69
73
47
20
-3
7
-18
-6
29
54
39
0
-8
-47
-97
-73
-28
6
4
-5
-15
-68
-76
-79
-62
-33
-19
-26
-24
-53
-86
-68
-50
-44
-61
-48
-31
-13
10
23
27
16
-25
-26
18
46
51
42
40
30
12
3
26
11
16
8
8
40
8
-8
-7
-7
-14
5
49
71
37
7
6
-31
-44
-22
6
7
0
10
37
52
13
-2
39
41
22
35
34
4
-35
-28
-23
-36
-29
-21
3
-21
-57
-63
-81
-53
-32
-9
29
41
38
28
45
15
-12
-11
17
56
88
98
92
60
13
1
-8
6
2
-6
-7
-21
-44
-39
-31
-26
-28
-37
4
0
-4
-10
-37
-45
-42
-32
0
16
2
2
6
-13
-31
-21
-22
-5
20
40
13
-22
-35
-39
-11
1
23
29
6
-19
-21
-39
-47
-32
-41
-19
-12
-32
-36
-41
-41
-9
17
34
21
37
21
0
21
-12
0
16
30
38
37
19
-2
4
16
30
26
45
39
34
32
18
2
8
3
-6
25
3
12
8
-4
17
29
33
12
20
53
50
41
46
46
56
26
22
18
2
7
1
-5
-18
-15
-22
-21
-37
-54
-34
-50
-57
-41
-37
-33
-43
-35
-20
-19
-11
1
0
-3
7
-12
-23
-23
-22
-12
-32
-47
-42
-22
-4
-25
-33
-24
-19
-15
-17
-16
-33
-20
-38
-45
-20
-23
-13
-10
5
-5
-8
25
40
32
39
46
60
54
18
34
43
43
40
26
16
2
16
16
28
6
6
19
-8
7
4
12
7
-7
-2
1
-10
-23
-12
-15
-10
9
40
34
20
23
20
19
29
25
14
-10
-25
-6
-2
9
4
18
44
48
32
18
21
7
6
13
0
-10
-13
-28
-21
-10
0
-7
-11
-13
-19
-13
-28
-18
-25
-23
-31
-51
-52
-78
-60
-50
-66
-53
-50
-45
-34
-15
-2
-2
-5
-6
0
-4
1
-3
-3
7
1
0
8
26
12
9
3
15
31
17
29
21
6
-3
13
26
35
31
18
38
48
51
48
27
32
16
6
29
0
3
12
-1
-7
-22
-25
-10
-10
-7
-1
-2
20
13
4
23
36
21
13
23
37
39
26
35
27
-1
-36
-31
-22
-32
-28
-32
-37
-50
-47
-45
-57
-48
-38
-44
-58
-45
-22
-22
-20
-16
-9
-1
5
8
5
14
19
13
7
16
21
43
46
34
45
34
38
31
22
22
20
21
7
-3
-4
-22
-32
0
-9
-22
-10
-5
-12
1
14
10
12
-2
-1
-5
-2
-8
-3
20
9
-6
-3
-10
-13
-20
-18
-13
-16
-11
-27
-19
-35
-11
7
13
19
0
20
-3
12
9
-3
6
-4
4
-10
-29
-26
-17
-30
-18
0
2
-1
-10
-16
3
6
-10
-11
-16
-9
4
8
-3
14
30
25
25
20
31
29
16
28
23
36
37
28
37
25
27
31
39
21
23
19
6
3
-25
-1
-1
-4
-1
4
5
-16
1
15
21
11
9
16
-1
4
9
-10
-20
-37
-25
0
-13
-25
-25
-33
-39
-29
-32
-22
-46
-50
-56
-64
-28
-29
-21
-35
-19
6
-15
-4
-6
-16
-3
-10
-14
-14
-20
-28
-14
7
-9
3
0
-5
-5
3
32
27
15
14
19
16
18
24
30
22
18
23
38
34
38
29
3
17
6
21
22
12
11
10
20
15
20
18
36
41
29
33
26
19
15
-9
7
12
0
-2
-8
-16
-32
-19
-14
-16
-9
-3
-13
-32
-29
-30
-29
-32
-38
-37
-34
-36
-32
-19
-23
-30
-21
-14
-28
-13
0
-8
-7
9
19
8
21
19
26
29
20
16
21
33
25
16
9
18
32
37
20
15
9
-1
16
10
10
-3
-2
-14
-30
-26
-25
-22
-41
-29
-20
-22
-13
-4
-1
-6
19
29
31
38
23
14
6
3
7
18
25
23
34
26
25
15
11
-8
-32
-15
-25
-20
-23
-32
-16
2
-1
-3
-8
-23
-40
-54
-44
-69
-73
-59
-60
-43
-49
-31
-9
-10
-18
5
15
15
25
25
24
22
26
22
39
41
35
25
19
37
26
29
33
28
20
6
18
19
9
34
39
14
22
19
2
14
30
21
3
-6
-6
-18
-21
-37
-25
-32
-38
-3
-24
-15
-16
-1
4
-5
4
0
12
1
8
29
21
-18
0
20
17
19
13
16
7
6
-5
-6
7
-9
-18
-4
-9
-8
-20
-1
-3
-24
-22
-37
-18
0
10
11
0
3
6
-15
-11
3
-7
-12
-12
-16
-30
-24
-16
-22
-23
-29
-16
-10
-21
-13
-12
8
-1
-10
0
-17
-10
-27
-25
-15
-9
4
3
8
5
25
26
13
43
47
39
54
45
30
13
0
14
19
22
34
45
40
41
25
26
35
30
34
-2
-1
6
-4
2
-1
-6
-19
-26
-28
-25
-16
-19
-21
-15
-26
-28
-31
-30
-25
-37
-43
-23
-8
-20
-38
-30
-40
-46
-27
-40
-42
-31
-18
-19
-7
10
17
20
22
28
34
28
22
44
28
17
34
36
56
66
47
34
48
48
19
23
22
29
22
18
12
-4
10
4
25
16
0
-3
-7
-4
-8
8
1
-3
12
0
-25
-33
-18
-16
-17
-9
-28
-36
-45
-45
-54
-57
-39
-36
-19
-16
-15
-28
-34
-32
-29
-25
-21
-11
-28
-34
-31
-23
-18
-10
-9
0
7
-3
18
26
34
32
36
32
28
22
23
28
22
31
21
19
20
14
-9
-4
-5
7
-1
-10
4
-10
0
14
14
13
27
9
26
25
15
22
10
30
12
-4
-3
-7
-15
-16
-11
-1
-8
-7
7
-6
0
0
1
-15
-13
1
-4
-11
-12
-7
5
-3
-9
