4
42
45
34
16
5
13
7
32
22
-2
8
-16
-27
-3
-9
-9
-32
-9
-20
-43
-14
-29
-29
-36
-9
5
-23
-52
-41
-29
-29
-6
1
14
13
0
-9
16
3
-9
1
-3
12
31
41
20
-29
-19
5
-12
4
4
22
23
23
10
6
41
4
18
39
62
42
20
21
-4
1
-17
-25
-28
-26
-16
-9
-22
-37
-33
-42
-54
-50
-35
-35
-15
5
-25
-28
-17
-3
27
16
-7
10
20
3
15
23
24
6
23
38
10
12
7
17
5
-4
11
5
19
30
26
-3
10
23
37
50
26
38
13
10
25
9
19
29
13
9
17
-10
-13
-31
-60
-50
-51
-25
-16
-35
-13
-10
-38
-49
-29
-10
-11
-25
-37
-16
-35
-54
-17
-9
-18
-18
-34
-13
-10
-13
3
22
42
0
17
38
-5
-21
15
21
-4
6
-11
6
-2
-13
27
55
50
23
33
10
3
22
11
34
38
22
-7
11
27
-10
12
-7
-1
0
-15
10
9
-2
5
59
38
35
33
13
1
-11
31
17
11
3
-11
0
6
0
-9
-14
-7
-24
-21
-24
-48
-47
-82
-86
-81
-49
-30
-45
-16
-16
-47
-32
-6
-18
-25
-26
-38
-24
-13
1
38
16
9
-9
-4
17
17
17
31
52
41
44
-4
11
12
-8
19
5
22
27
20
9
26
34
0
29
37
28
40
31
41
19
8
29
42
31
9
20
32
10
1
0
-19
-13
-15
-15
-8
-12
-23
2
9
1
-5
-22
-16
-3
19
1
-19
-36
-18
-10
-20
-10
-38
-62
-30
-16
-48
-57
-48
-9
-16
-33
1
20
-10
-37
-9
-13
-12
-15
-12
16
6
13
13
16
14
-9
-11
1
10
-16
-16
-24
-18
-8
-22
-1
-9
10
4
7
56
46
35
46
56
53
40
15
6
13
15
16
30
16
26
14
-3
12
9
29
10
8
7
-36
-32
-9
-15
-8
0
-2
-6
-21
-15
13
-3
6
23
5
7
10
7
-14
-13
-1
14
-16
-28
-13
-3
10
-3
-7
-12
8
-3
0
-1
10
7
-25
-22
-31
-15
-13
-15
-18
-32
-26
-67
-62
-12
-6
-10
-11
8
5
9
-4
-12
12
-8
7
5
-1
32
41
38
16
13
36
28
26
38
41
29
8
-2
13
26
10
10
20
9
-1
-27
-23
1
-3
-8
-20
4
-2
-11
-13
-22
-19
-44
-25
-35
-24
-8
-5
0
6
19
4
4
-15
10
33
15
16
54
22
-13
-11
-10
10
3
25
30
24
0
0
8
5
-7
-13
6
-12
-26
-16
8
-12
-23
-6
0
-27
-37
-44
-35
18
7
2
13
25
19
4
38
38
-9
-11
20
19
10
-5
6
0
-19
-34
-31
-20
-17
-19
-23
-9
-15
-13
-7
14
8
19
38
21
18
23
16
13
31
34
26
31
34
-3
-8
-14
-30
-60
-51
-24
-33
-21
-45
-28
-12
-4
-13
-6
-18
-39
-22
-13
31
20
-18
5
14
14
31
13
22
13
11
12
7
12
0
0
-12
-13
-23
-14
-22
-38
-25
-18
-12
4
-3
15
44
51
72
25
19
44
18
15
18
13
-4
4
15
0
13
-17
-25
-20
-10
16
-16
6
6
-8
20
23
11
16
26
26
35
24
16
21
36
22
-10
4
-1
-19
-21
-2
15
10
7
-10
-22
-30
-19
-32
-44
-18
-28
-40
-28
-40
-51
-45
-54
-62
-47
-11
-16
-17
-32
-1
25
2
-11
-57
-18
13
6
-15
16
20
-8
4
-9
22
22
11
11
13
25
29
20
21
15
23
47
41
25
25
27
5
28
35
40
59
15
-34
-38
-4
-19
-22
16
2
10
1
-13
-10
6
26
18
29
20
21
-11
-22
-12
-15
-22
1
-4
-29
-19
-40
2
-24
-10
-20
-54
-4
-31
-41
-16
-10
-34
-10
-3
-7
-3
-15
-1
7
12
0
16
22
41
75
44
35
26
1
-4
-10
7
14
-2
-7
-12
-10
-13
-16
22
31
31
39
31
9
27
42
13
1
-12
26
14
1
-4
-22
-25
-24
-30
-35
-35
-66
-34
-20
-26
-19
-29
-12
13
9
-17
-14
4
-4
-13
-19
-31
-6
1
9
22
15
26
16
52
60
15
24
18
19
22
35
33
7
6
-27
-16
-17
-42
-15
1
-6
-12
-1
-2
-7
-8
-10
-22
-31
-19
-33
-29
-54
-67
-22
-15
0
3
1
2
-7
-20
-8
13
22
29
26
38
25
15
31
34
27
37
36
38
29
28
53
20
13
41
31
29
35
-5
-19
-25
-42
-13
-26
-45
-28
-13
-5
-22
-43
-16
-16
-40
-6
-8
0
-5
-13
22
-2
-5
6
13
15
7
-17
-23
3
-4
-3
1
-1
3
-2
3
21
-10
-17
12
32
43
26
4
-14
-13
11
33
12
17
29
25
16
-8
-19
-22
-19
-28
-11
-12
-15
-7
-19
-18
-11
-5
3
-7
-30
-10
-2
-10
19
29
7
7
-7
-19
-29
-3
5
-19
-18
-12
-7
-12
-23
-34
5
13
12
13
10
35
37
38
42
24
29
44
15
2
-3
15
19
-3
3
18
-11
-28
-7
0
-20
-8
8
-8
3
4
9
-23
-39
-19
12
3
-19
-12
-15
-11
-31
-30
-7
9
19
20
0
0
-3
-6
-17
-20
-1
3
-2
-21
-16
-23
-12
-7
-15
-3
-15
3
10
16
23
18
51
48
45
58
40
30
25
13
6
12
-10
-16
12
-15
-31
10
16
13
12
1
1
-6
-19
-41
-5
-13
-44
-36
-22
-27
-47
-3
-18
-39
-34
-43
-6
-5
-27
-10
-26
-38
-43
-24
19
21
24
20
31
41
14
3
25
17
42
63
48
55
31
19
16
6
-6
9
16
-4
-13
-4
-6
-29
-13
0
13
31
39
30
21
31
29
-1
24
18
-1
7
-19
9
7
10
-6
-31
-18
-19
-28
-16
-10
-22
-21
-43
-23
-25
-45
-31
0
-12
-38
-19
-12
-42
-47
-8
0
-7
-21
-3
13
-2
-14
-19
-7
-2
-12
9
27
19
1
-13
12
6
-16
-15
-9
-16
-15
6
-4
-3
-3
-3
31
22
-3
22
9
3
37
38
48
49
38
48
67
54
38
25
44
50
56
40
20
4
-9
8
-16
21
2
-8
-15
-16
10
4
-22
-38
-18
-34
-20
-35
-4
-12
-30
-28
-36
-17
-15
-10
-15
-17
-53
-62
-48
-36
-40
-27
-28
-20
-29
-11
21
2
-3
-9
18
-2
-10
-3
3
-6
-13
9
4
3
-10
-24
-7
-7
22
24
8
30
20
39
26
18
20
42
31
23
57
10
2
23
44
16
-6
10
6
-16
1
53
23
16
30
4
-14
-38
1
-16
-47
-18
-41
-13
-10
-19
-11
-18
-5
-15
-22
-38
-26
-20
-17
6
25
22
19
15
38
52
13
39
32
11
20
2
-15
-6
22
12
5
-12
-41
-59
-46
-25
-39
-17
-9
3
-11
-32
-11
-7
8
5
22
29
19
13
16
26
26
28
-11
5
4
-32
-48
-24
-8
-29
-28
-31
-27
-51
-31
-16
-10
-32
-32
-2
-10
7
5
35
10
26
28
4
16
17
47
27
19
7
25
10
-21
11
19
30
34
16
-9
-17
18
8
13
16
16
38
16
16
24
47
14
-7
16
6
-1
-1
11
16
10
-6
-10
-10
-38
-57
-23
-30
-23
-1
2
-2
-12
3
-19
-21
-2
-8
-31
-33
-42
-38
-21
-13
-9
-36
-53
-38
-28
-25
-24
-20
1
-13
-22
-13
12
29
56
54
29
42
18
23
23
25
25
16
26
25
35
14
10
6
0
16
11
22
15
17
16
29
16
-9
11
-15
-25
-2
-10
1
-8
-9
26
-2
6
2
-3
13
-6
-8
-29
0
7
12
10
0
7
-22
-35
-58
-51
-25
-37
-34
0
1
-12
-25
-16
-19
-22
-2
-10
-45
-48
-12
-31
-13
-2
-19
-6
14
-7
-13
25
33
24
-4
25
21
19
31
25
54
40
32
26
19
6
39
47
24
28
9
0
-22
-10
-14
-13
3
-6
-23
-31
0
-9
-4
9
11
19
24
25
37
33
20
42
47
32
19
31
1
-9
-25
-16
15
-54
-62
-55
-47
-34
-52
-37
-27
-29
-29
-39
-25
-7
-19
3
26
24
16
0
21
32
15
-3
9
1
-9
-13
-26
-4
-16
-19
-5
-8
-20
-4
4
-7
-10
-31
-15
-10
-21
-8
-9
-17
-9
-9
0
18
-4
9
15
-3
23
19
19
21
31
57
18
14
3
-22
-6
10
13
20
21
4
20
34
51
51
28
33
27
28
55
20
-2
22
38
44
-6
-15
18
18
1
-4
7
8
-21
-70
-44
-22
-15
3
-6
11
-35
-43
-42
-60
-44
-41
-29
-55
-39
-57
-58
-34
-23
6
9
21
6
-25
-13
-7
0
2
-9
1
0
25
4
4
0
-7
10
8
16
-20
12
3
4
9
-8
19
16
10
2
32
43
22
-10
-5
9
-20
-20
-4
10
7
-7
9
9
13
22
17
37
23
24
38
20
-3
-6
15
14
7
-17
-13
-13
14
23
-10
-15
-12
14
4
9
29
25
39
37
27
13
-13
-7
-12
-22
-8
-16
-27
-6
-19
-21
-3
0
14
10
-17
-46
-34
-49
-27
-2
-26
-36
-24
-31
-57
-33
-24
-7
-10
-3
3
5
31
18
36
52
21
-4
9
28
-6
30
40
-11
-1
-6
1
-9
-9
20
21
12
6
24
15
1
18
9
-3
-8
4
0
-18
-7
-34
-52
-22
25
15
9
7
13
-8
-33
-5
-25
3
-5
-2
-16
-50
-22
-21
9
-29
-50
-8
-23
-16
6
20
36
50
52
9
-6
19
36
45
38
32
34
10
6
31
22
15
15
6
2
-13
-6
1
-15
-13
-11
-11
-4
14
17
-5
-1
-8
-19
-23
-15
8
-13
-27
-23
-10
3
-21
-22
-23
-46
-37
-19
-28
-40
-50
-36
-26
-46
-17
17
16
26
12
42
48
54
69
41
51
52
47
26
28
13
5
7
6
7
-3
-10
1
-3
-15
10
-18
5
-16
-28
8
11
3
-17
-17
-16
-23
-60
-39
-26
4
29
13
13
26
16
43
31
-21
-10
-29
-7
6
2
-7
4
-9
-32
-32
-36
2
2
-7
-22
3
10
-10
3
-7
-5
2
10
-14
-21
-6
-21
1
13
8
-13
-16
21
6
-12
-6
29
12
-9
13
19
4
-6
11
3
16
24
27
34
42
22
22
50
11
19
28
3
0
-3
-9
-17
-20
-24
-30
-32
-32
-28
-31
-36
-24
-31
-10
2
-11
-4
-3
7
-7
-4
12
3
-1
-7
-10
-10
-2
-35
-52
-2
-7
-29
-25
-19
-1
2
17
9
14
21
9
-3
14
37
13
17
26
12
-8
15
27
1
-2
25
55
41
29
24
38
50
2
7
15
-6
46
59
62
35
18
25
1
2
-2
11
7
-14
-15
-20
-27
-31
-46
-63
-54
-36
-28
-41
-58
-35
-38
-46
-35
-40
-10
-34
-38
6
-6
-19
-2
-9
-19
-16
-42
-37
-29
-3
-16
-25
3
-7
-14
-13
13
24
28
15
29
29
14
8
19
56
20
16
42
54
45
28
19
5
8
30
11
35
41
-3
15
9
47
45
40
38
24
27
10
7
-13
-26
-47
-44
-19
-20
-26
2
3
-12
-42
-28
3
-14
-20
-3
-7
-9
-17
-31
-16
-22
7
-3
-9
-30
-35
-33
-37
-10
-36
-16
-31
-16
-13
-25
-5
1
-10
-1
7
-14
24
42
57
49
36
-3
18
31
19
10
10
52
19
19
23
32
0
2
13
9
6
-15
-4
-4
-19
-33
2
8
8
-16
-6
30
23
-6
-8
-10
-22
-2
6
30
-1
-5
-10
-4
12
5
16
-5
-1
9
-1
10
4
-19
-32
-28
-16
-16
13
3
-16
-23
-31
-15
-9
7
-7
-16
-24
-23
-37
-29
-4
-20
13
11
5
-8
-34
-19
-21
14
7
11
24
16
16
0
5
-10
15
6
-10
-26
-34
-15
-19
-2
17
47
-10
-4
9
-5
20
19
57
34
30
28
24
33
16
29
29
34
55
73
58
28
25
13
2
-5
-3
-1
-5
-3
-2
7
-13
-9
-29
-47
-43
-14
-9
-51
-33
-12
-15
-24
-5
-4
-28
-46
-9
-18
-44
-38
-32
-16
-35
-22
-38
-49
-34
-9
4
25
6
1
22
-13
0
23
30
2
-1
13
40
38
38
19
-4
29
18
47
55
42
23
17
19
-16
11
13
3
0
3
7
-9
4
-9
-19
-14
-13
-14
-10
-19
-38
-21
-16
-12
-25
-16
10
-10
-13
-19
-34
-28
-15
-12
-31
-13
-5
4
35
45
37
21
54
55
34
55
40
8
13
35
32
21
-6
-33
-8
-16
-35
-15
-16
6
10
-1
0
-13
5
-5
-44
-48
-22
-30
-33
-3
-11
2
-7
-11
-22
-21
10
-1
-1
5
37
32
6
25
35
25
1
10
11
-16
-6
-3
3
29
-2
-14
19
13
1
-2
-4
9
31
5
-12
10
16
5
-31
-13
-19
-40
-32
-11
4
-22
-18
-32
-18
-19
-27
-29
-39
-38
-41
-26
-39
-20
-4
13
4
7
38
10
20
14
16
46
29
19
36
34
32
17
-6
5
33
23
17
21
0
19
39
42
47
57
31
40
26
5
17
-25
-49
-28
2
-18
-23
-18
-39
-38
-32
-53
-22
-17
-47
-19
1
-3
-28
-13
-6
-10
-18
-19
21
40
44
53
51
45
35
15
-16
-38
-3
3
4
0
-21
-18
-20
2
-23
-23
-1
7
5
-1
-1
-25
-20
-25
14
3
-27
-14
-26
-2
2
-9
-3
2
-9
-26
-41
-46
-48
-34
-10
-2
7
12
17
16
2
25
26
8
27
0
5
17
27
19
16
41
22
13
-6
22
31
-10
15
43
52
35
25
41
31
33
25
25
19
31
29
22
-4
-18
8
-4
-7
-20
-4
-11
-4
-19
-32
-21
-37
-53
-52
-32
-31
-20
-61
-45
-30
-62
-56
-42
-9
-25
-2
7
-16
-22
-21
-15
-28
-10
-12
22
10
-16
-5
0
4
12
46
29
7
13
16
-7
8
32
23
8
34
19
7
26
15
32
19
32
47
52
25
15
14
6
13
-16
15
14
-4
6
16
7
-3
9
9
29
14
19
-20
-25
11
0
2
-14
9
1
-8
0
-6
-3
5
6
-5
-16
-31
-22
-25
-41
-57
-7
7
-36
-53
-63
-55
-35
-12
-15
-30
-22
1
-12
2
22
7
13
10
-12
22
19
-10
22
3
10
38
31
7
-26
-16
16
7
16
38
18
35
25
39
39
-14
4
10
7
-13
-21
2
-4
-8
-43
-20
-7
-15
-19
-8
23
-31
-16
-8
0
10
-7
5
-4
3
0
2
9
26
6
-19
-19
-23
-8
2
-1
0
18
6
0
-14
-30
-21
0
24
1
16
38
22
23
35
22
21
41
27
41
32
39
12
-17
3
-30
8
-9
-11
-11
-19
-12
-32
-10
-37
-9
9
21
29
23
31
3
7
16
15
20
16
4
-25
-42
-15
-19
-49
-47
-22
-17
-52
-50
-61
-47
-33
-49
-29
-25
-14
-33
-25
3
-10
10
10
-2
-1
-3
5
19
17
25
41
28
19
53
47
22
35
35
57
60
25
6
23
21
-7
3
17
39
30
-2
-9
-5
-12
-12
-31
-20
-5
-37
-31
-44
-40
-31
-26
-3
5
-6
-16
4
22
33
-15
-12
8
0
22
15
20
11
-13
-14
-11
2
0
17
48
6
-13
4
-15
-34
-51
-23
0
-15
14
14
-3
9
1
13
23
34
40
19
18
19
29
31
24
12
5
22
23
28
7
10
-4
-14
-23
-37
-36
-49
-48
-78
-28
-13
-29
-18
-36
-38
-71
-54
-22
-2
1
-3
-1
3
26
11
18
28
16
-3
6
27
18
4
7
16
-8
17
27
13
19
3
18
12
-6
15
23
9
14
16
9
0
-4
15
3
-24
-2
14
-5
0
1
4
-3
-28
-7
16
3
15
23
0
2
-7
-28
-16
3
-2
15
13
2
26
25
51
20
-15
18
17
10
2
1
1
-16
-28
-10
1
4
-11
-33
-21
-8
-6
-24
-16
-7
-10
-3
-22
-17
-26
-29
-17
-24
-19
-35
-53
-37
-37
-35
6
7
-12
-22
-15
-10
-3
3
4
12
33
35
0
18
8
15
54
32
1
14
29
15
13
10
13
4
2
13
24
66
41
13
14
3
16
12
2
-28
-20
-14
-5
-4
8
37
37
41
0
-10
-14
-14
-26
-14
-7
-7
0
-10
-7
-32
12
15
-19
-31
-4
14
-8
-5
0
15
11
-3
-17
-13
-21
-7
-13
-22
-31
-23
-6
-29
-35
-50
-31
-37
-16
-13
-41
6
-6
-31
-11
19
12
-1
7
13
12
23
43
63
62
39
67
34
37
23
1
29
-6
-1
-1
-2
-6
-17
-16
-26
-26
-17
-38
-29
6
-7
10
6
27
47
28
13
20
57
23
40
45
7
15
19
33
2
7
1
-25
-42
-67
-50
-15
-4
-30
-28
-27
-25
-20
-9
12
10
24
27
-2
-28
-32
-32
-44
-34
-12
-20
-14
-4
3
-11
-31
18
30
35
27
13
-5
0
13
-24
-4
-10
10
10
-8
-16
-27
-24
2
7
-12
25
0
5
-19
-12
-7
-6
-1
-25
-19
-25
-22
-38
3
0
2
16
37
44
34
35
54
56
19
24
13
17
8
11
19
30
29
15
28
11
6
16
28
53
32
-9
3
14
9
-14
-12
10
-20
-39
-40
-51
-41
-44
-41
-19
-22
-52
-42
-27
-29
-30
-27
9
-16
-22
14
-3
12
6
11
22
13
41
32
19
17
-6
11
30
26
25
17
10
-14
-15
-20
-16
-1
-31
-10
3
-11
-13
-10
-13
-19
-7
19
29
-1
6
9
25
7
19
47
-13
-13
-11
18
-10
-4
38
19
10
8
14
-4
16
-4
-14
-10
-2
-24
-46
-48
-59
-30
-35
-21
-24
-26
-8
-7
-16
-9
-5
6
36
25
9
9
14
-15
3
17
0
6
6
1
-3
-13
-34
-23
-21
-15
17
15
-7
-7
-19
14
7
-7
16
29
22
-6
25
28
22
-1
-7
14
29
70
57
54
63
38
15
17
27
7
6
-3
0
23
-8
2
10
-10
-54
-47
-6
-22
-20
-27
-31
-16
-8
0
14
-4
-1
8
-7
-14
-10
13
-3
26
24
25
3
-18
9
-19
-13
-11
-9
-28
-25
-20
-26
-33
-25
0
-21
-44
-53
-23
-1
3
-5
1
-24
-16
-6
-6
-3
13
26
2
16
8
26
35
36
2
12
11
-12
8
-15
16
24
28
39
23
25
3
-38
-23
-22
-31
-28
-38
-22
-25
-24
-12
-6
-1
23
28
-4
0
-10
-16
-10
-12
20
18
16
19
23
4
-16
38
53
17
10
41
43
28
35
50
39
-12
-8
1
-12
6
2
9
2
-4
19
14
-6
-14
-17
-12
2
-3
-19
-3
0
-4
-6
0
22
-12
-3
-23
-13
13
-20
-15
-31
-17
-48
-42
-12
-14
-39
-44
-11
-12
-15
-25
-13
-11
-31
-12
-1
-8
0
-11
3
16
22
-2
26
34
8
2
14
36
-8
24
16
15
32
27
34
18
34
3
-4
16
1
27
21
11
-4
-6
5
-5
-6
-25
-2
-3
-25
-24
22
32
21
28
19
15
-4
-7
-28
-26
-38
-42
-48
-57
-57
-56
-30
-26
-18
-19
-23
-23
-29
-14
-13
3
3
0
18
21
35
36
19
-4
31
79
63
24
15
1
-17
9
17
2
3
7
3
8
9
8
16
18
-2
-5
6
25
45
37
26
19
37
54
23
21
23
-4
19
-8
-27
-14
-18
0
0
5
-6
-4
10
-9
-23
-26
-18
-61
-83
-29
-21
-25
-22
-24
-28
-25
-3
-29
-50
-39
-21
-21
-21
-20
-18
-28
-28
-32
-53
-24
-11
12
17
21
19
18
18
-5
18
48
50
33
28
6
13
17
20
28
32
35
27
28
13
-3
-4
3
-5
-12
-32
-18
-19
-19
-27
-16
10
-16
10
16
28
45
21
12
44
16
0
17
10
23
7
28
31
6
4
0
24
21
28
44
16
-16
-25
-17
-1
20
-13
4
12
-17
-2
-9
-13
-5
20
11
1
8
-15
-14
-19
-31
-29
-35
-47
-49
-26
-42
-34
-46
-72
-53
-44
6
-18
-54
-18
0
-25
-22
-3
-8
-20
-11
-4
0
3
-10
8
18
25
2
25
41
20
35
5
3
29
32
31
30
45
54
19
-4
18
0
-11
9
16
37
31
42
41
22
38
35
20
12
24
25
40
6
-16
13
-8
-6
-25
-16
0
-19
-17
-37
-43
-12
-11
-37
-57
-51
-35
-36
-41
-25
-14
-14
10
-3
-13
-15
3
3
-39
-32
-26
-9
-19
-31
-17
-7
5
-6
17
33
28
23
22
15
25
50
7
9
25
0
30
28
37
18
3
37
29
30
-14
-3
-13
-25
-5
-5
45
16
9
16
-10
-24
-22
-22
-21
-14
-33
2
16
11
-18
-21
4
-7
3
-4
-2
-28
-31
-8
5
29
1
0
12
-22
-19
5
9
18
6
16
12
6
13
14
16
5
21
2
-16
-9
-14
5
-7
-6
19
-9
-2
7
11
-3
2
40
25
19
-13
-7
-26
-42
-30
-20
-23
-59
-55
-47
-17
-25
-38
-3
-16
-43
2
22
10
29
30
-13
1
35
21
24
29
43
3
7
22
13
-22
-13
23
2
26
35
27
27
25
3
38
38
21
24
-4
4
7
8
29
16
1
28
-32
-16
4
-6
0
-14
7
-22
-38
-26
-16
-45
-48
-33
-45
-58
-66
-44
-24
-15
7
-2
-3
-4
-14
8
-18
-12
-20
-23
17
20
16
12
34
46
51
39
31
23
39
41
15
32
-6
-17
-7
-27
-38
-30
-5
-18
13
3
-5
8
-6
-1
11
31
-17
-9
4
6
-2
-25
0
15
21
3
23
4
-6
9
-4
-22
-20
12
24
12
14
33
-30
-14
22
-9
18
18
9
-14
-6
29
25
-23
-13
24
-2
15
29
3
-6
3
8
7
0
14
6
-1
15
0
13
28
-6
-31
-10
-12
-16
-21
-68
-32
-7
-48
-23
-41
-66
-32
-44
-66
-46
-5
-34
-54
-7
-45
-73
-40
-16
-4
-23
-1
3
-3
0
-8
32
-2
37
91
30
43
105
41
-18
50
63
22
17
30
61
84
13
65
79
36
43
63
100
35
32
32
74
14
-31
58
-24
-79
-41
29
-27
-92
29
11
-75
-74
20
-55
-132
25
-32
-63
12
22
-63
-99
-64
-59
-60
-69
8
-93
-73
60
-29
-75
-30
0
-43
64
52
-15
-8
18
112
13
70
124
-3
-16
195
21
-95
61
-42
-49
21
-30
2
177
-107
75
33
-162
143
122
-51
-32
95
-207
106
96
-121
83
-63
-65
34
-28
-141
67
-67
-141
60
58
117
29
-27
-18
-61
-161
60
163
-59
108
9
-58
-96
-69
47
-263
-140
183
186
-25
217
107
-341
-17
-104
-79
171
-27
52
133
102
15
-25
93
58
-117
-35
253
-37
-180
19
-87
-2
-11
19
266
-186
-199
363
-133
-311
132
48
-45
198
37
-41
111
-268
37
208
-101
-2
-4
-64
52
41
-160
99
-160
-316
180
199
-149
-130
197
-18
123
-10
34
-8
-178
-13
-241
-18
74
78
50
260
-397
-301
382
32
-167
18
8
-8
327
-37
394
-264
-464
466
193
-67
137
-6
-406
214
-80
-97
382
-336
-83
269
-175
-54
-83
-161
167
137
0
398
6
-331
-63
-198
-70
151
-175
273
208
-308
431
-193
-452
-10
-182
-229
391
83
-284
340
-82
-179
122
92
12
85
61
209
-91
-70
144
-4
-132
26
372
-127
39
224
-157
-377
65
273
-40
294
34
-90
1
-39
371
-171
-292
170
11
1
86
162
-318
-362
-164
239
70
-536
220
-86
-294
357
186
-254
-152
-8
6
107
-239
-170
112
5
46
184
129
-152
-91
64
-72
-140
-173
174
-30
86
-12
350
-50
-405
496
-464
66
196
156
-20
3
192
-317
189
-77
-109
-257
99
112
63
94
42
-104
289
-384
-177
918
-1012
453
130
-118
182
431
151
-808
872
-975
742
-309
106
521
-708
588
-208
328
-1183
679
-78
-145
539
-109
142
-594
347
-403
-45
3
177
92
122
115
-498
2
-123
198
4
-283
274
415
-175
87
118
-863
683
79
-574
480
275
-253
-550
785
-238
-324
-248
405
350
-1335
844
464
-839
-416
588
244
-742
857
80
-481
-156
261
87
-807
509
446
-198
-209
627
-433
-138
602
-803
-12
452
115
-505
403
-295
-128
-250
237
658
-1107
471
646
-311
-708
890
-281
-386
235
-69
586
-954
515
846
-1004
-193
983
-1117
122
692
-216
-29
90
44
-98
407
-1114
1187
-671
-47
1126
-867
769
-485
230
-228
61
5
-236
685
-27
85
-198
-537
750
-544
-83
433
-1139
961
-245
954
-790
-112
58
-424
833
-759
470
-516
896
-476
359
104
-674
-243
482
-28
-205
468
-565
591
-815
-34
151
-18
-944
1102
657
-884
162
163
-278
-470
345
27
321
-567
513
514
-575
-435
600
-762
-112
41
193
341
-984
1345
-417
-777
533
306
-918
548
789
-1013
994
-166
-215
611
-1131
451
616
-800
462
733
-578
-182
613
-674
-105
362
-602
589
-100
-758
1261
-807
52
207
-921
721
50
239
-353
719
-810
-68
725
-427
128
-608
1254
-64
-606
111
641
-444
-1524
1473
352
-928
136
964
171
-1094
537
-446
358
-237
-124
1449
-1350
5
-182
749
-167
-576
172
-702
1260
-328
-717
-310
896
-873
477
1230
-1335
303
-443
243
-14
-155
-127
798
291
-1089
914
-448
-729
851
-373
119
169
-170
47
118
29
-818
1005
-169
-179
131
457
-53
-1479
1045
477
-470
116
324
-99
-1107
1093
236
-1394
808
-46
595
-108
-29
-107
-405
-110
76
323
-1022
1400
138
-1167
50
176
293
-1116
778
687
-1487
638
915
-502
-1037
1406
-1174
206
1490
-1455
687
-354
856
-1195
1023
135
-975
857
-830
1754
-1374
-145
447
181
-225
-903
1841
-818
-572
919
267
-775
28
1117
-852
-152
504
-789
902
489
-1629
472
326
-617
-170
272
-215
-142
650
-962
698
-606
-454
361
222
-20
-540
885
-733
941
-818
147
549
-367
310
-1147
1869
-349
-924
1197
-27
140
-1298
1411
-739
-1215
1737
-836
1128
-802
1080
-845
-488
337
-783
1424
-1297
871
604
-582
-389
181
22
-179
-1083
1616
41
-512
-50
-151
457
-1231
826
-320
1243
-1461
-84
2231
-2175
-491
1656
-883
205
-333
567
-76
72
189
-1454
2052
-2375
2095
-618
-959
847
-760
2179
-2331
2463
-1541
-1107
1476
-1560
1842
-1397
882
425
-300
810
-1778
2010
-1969
708
372
-1059
2062
-1991
1895
-808
-517
508
-969
1216
-341
-577
363
-869
1058
-408
-197
-340
196
1188
-2283
2193
-1606
608
-354
-719
2193
-782
-472
190
960
-1582
1233
428
-479
555
141
-738
778
-497
-94
97
-701
1431
-435
459
-692
625
-83
-1283
107
363
967
-1826
1383
605
-2224
1405
-716
75
-332
-400
-14
811
224
-957
1658
-1743
-418
642
318
-509
663
-532
512
272
-1538
2478
-1269
-1241
822
1230
-508
-117
323
-426
613
-1343
346
1008
-2050
859
1464
-1330
1158
-367
-1220
1773
-1278
-1289
2382
-1141
-1185
2595
-1257
-314
2176
-2059
1076
-727
-416
1281
-531
-861
-59
2700
-2459
749
1117
-1130
15
134
662
-1219
62
253
322
373
-1368
1298
218
-1996
1690
-500
154
-390
426
184
-1441
1413
-309
-602
-317
1570
-31
-909
1364
-1154
-527
755
-1118
369
406
-255
935
-76
660
-1223
57
342
-1029
742
-513
954
-1042
1745
-1212
-378
1871
-2904
1998
-756
39
919
-783
-1239
629
952
-2435
1716
321
-866
534
-609
1496
-1512
-433
1693
-1275
89
70
1269
-1018
327
169
334
12
-1420
2644
-1171
-1318
1363
176
-1408
1948
-311
-243
378
-868
-714
971
699
-3432
3610
-1841
317
945
-1090
1441
-1537
475
-1119
2247
-1942
346
1557
-2183
1593
-420
331
429
-571
932
-877
515
-828
910
-860
-713
3235
-3434
1436
689
-262
-626
976
-387
-2154
2339
-1881
421
117
-248
38
-360
516
929
-652
-1001
1575
-418
-1759
1077
76
-217
-285
710
628
-539
-32
946
85
-2080
1740
191
-752
60
1462
-1295
491
55
-742
432
-308
8
-6
1624
-2963
2458
104
-2631
1660
-293
-1009
962
-37
-625
289
-194
-1035
1091
134
-1151
2305
-1076
1239
-1413
685
451
-2546
1209
599
65
-577
1290
-948
1538
-1079
-333
1213
-970
-42
261
1159
-1555
-270
-32
725
-694
628
-296
-213
601
-681
455
-419
-184
-637
1624
-982
292
626
-1301
1181
-915
-475
1252
-661
-733
1239
361
-1212
902
703
-614
590
-1123
347
617
-1176
983
-237
-485
522
300
48
219
405
-1945
1811
-1162
453
1081
-2506
2117
-2206
1098
10
187
-451
-100
2420
-2544
1334
-468
-470
416
-637
63
999
-1376
832
1519
-1227
92
-1485
1349
-362
-587
-692
1660
-276
-1767
3849
-2072
-358
660
-2115
1397
-217
-1274
1326
-479
301
536
-238
1261
-1131
762
-1607
975
41
-1356
2695
-3349
2292
-534
-683
1352
-977
1793
-2656
1997
-392
584
-979
-527
3317
-4195
583
1350
-1516
930
318
-451
1345
344
-962
401
400
-2913
1990
-192
-1303
2668
-2207
1149
-329
274
-307
-301
145
122
579
-652
1373
-785
103
-676
973
-1513
77
256
-425
1176
-1363
2154
-283
335
-399
802
-1247
-731
729
-2011
1917
-1305
399
975
-213
-617
1163
383
-1450
1176
-297
-872
-651
825
-1605
1633
-1037
385
423
386
2680
-3596
1714
-1092
470
-2057
2021
-188
-1996
3307
-3368
3884
-1833
-649
2028
-2475
1620
-999
497
-342
-368
733
-1935
4046
-3366
993
818
-2333
3869
-2920
1977
-1870
1106
-471
-639
2528
-2274
1659
-1980
1127
892
-2312
1094
-143
655
-247
-709
1917
-1828
699
41
261
83
-2346
3647
-2929
213
1448
-1403
1814
-1928
1853
-2004
641
1893
-2121
866
-2087
1805
-1254
845
720
-2178
3221
-1962
1814
-1142
-1442
2939
-2928
518
245
1010
-1788
246
2320
-2681
2070
-288
-199
-524
639
127
-1971
1480
-1065
-61
1635
-971
443
867
-705
739
-199
-631
24
567
-2126
1195
1309
-812
197
-1008
1183
-386
-706
1023
888
-3978
2709
995
-1728
2279
-2594
1057
713
-167
-1864
1978
-1137
-955
2855
-1808
1771
-1065
-1014
1765
-62
-1514
-473
1268
-1345
-502
2111
-770
-103
-637
1181
660
-449
-1068
338
851
-1822
2184
42
-1328
-708
1443
-1534
993
517
-551
1178
-2069
1641
682
-1653
-156
866
-1981
876
1827
-2173
846
1475
-3558
3784
36
-3631
3578
-1634
-380
1000
-831
139
1150
-1470
-278
2373
-2531
-313
2640
-3290
2834
-497
-2163
3645
-2924
1844
-586
103
-464
941
-21
-1648
2521
-4702
3880
-1012
-469
1345
-872
1545
-1594
1829
-2836
1440
-2383
1673
691
-2187
2231
-714
2409
-2896
2344
-949
-939
1672
-1391
1795
-1474
-354
161
1370
-617
-1708
2634
-941
-1301
2473
-2643
588
780
-1820
2628
-445
-496
-782
1382
-2076
-465
2656
-4077
4079
209
-1355
813
752
-1031
-2961
3941
-1748
827
-256
-331
1144
-2192
-136
1017
-1036
-502
1631
1037
-525
-729
983
-1730
705
-1792
2309
-297
-1483
2407
-734
426
-147
914
-2290
2129
-806
-854
1492
-2023
1151
106
-133
-843
1408
-1570
408
1930
-3570
2258
-334
888
-835
1301
617
-3502
2926
-2066
1843
-1151
517
937
-177
218
-1579
2542
-3234
-124
2407
-554
-1185
-195
998
583
-1973
1674
-1272
900
595
-1242
2198
-2173
-218
-365
3289
-2666
234
2227
-2564
1706
-1047
15
518
-1688
-388
2017
-80
-2504
3777
-1608
-3490
4470
-1597
55
504
-284
174
-250
407
-787
1119
-75
-346
709
-845
-57
-340
62
-769
1365
1178
-3576
3465
-17
-3531
1583
515
-1439
254
939
986
-1083
-528
1175
148
-1298
702
1126
-654
1034
-1907
1924
-302
-2351
2653
-499
-1981
3269
-1848
-796
952
-778
901
-656
1335
-2203
2659
-1901
-509
1469
-1476
1065
-1138
2896
-2503
24
254
689
689
-2632
3271
-1111
-923
493
306
251
-997
-249
102
912
-413
-844
1301
-1235
270
292
-561
1562
-2515
2493
-2033
1528
-697
-1830
2676
-732
42
-1559
3682
-2201
302
-445
232
-28
-616
387
1013
-409
-1360
1962
-1885
1584
-925
-239
557
356
-2092
2804
-403
-1546
2235
-867
204
427
-1389
50
2705
-3929
2121
-216
-511
264
577
-720
-182
1681
-2208
4072
-3644
-392
1542
-1868
1055
-1300
1504
-795
1253
200
-423
2552
-3979
511
230
948
-1734
-404
2818
-3268
3410
-2368
562
-440
-1050
1867
-380
-91
265
1901
-5124
4512
-2305
-1640
4491
-4228
2170
958
-755
133
1483
-3074
423
2651
-4238
4011
624
-3120
2253
79
-1116
-1022
140
708
745
-2580
1717
1825
-3186
1723
-86
666
-530
-1123
1352
597
-900
-1321
1741
211
-1263
1683
170
-791
633
-885
631
-1552
1726
-1432
1172
604
-3284
3770
-3214
-511
2114
209
-1267
2142
1705
-4502
1454
-21
-568
1124
-2783
2275
2261
-1973
-611
1707
-1289
-2048
2507
-1647
1502
-234
-1837
3292
-2410
-459
652
-668
1191
550
-1030
-508
3525
-3375
792
1100
-2250
2788
-2988
768
1551
-944
-1156
3174
-1533
-2169
3694
-3200
623
1915
-4083
2755
1815
-5041
3822
-556
-1591
652
2090
-2158
669
1543
-2964
4352
-2789
836
-257
-363
684
-1536
1918
-554
-1461
676
277
284
-1401
2579
-1358
-1558
2241
-1196
1462
-3584
2501
-127
-802
1684
-1332
1877
-947
-1136
2706
-1768
-181
-218
694
-106
-388
1117
-2483
2775
-4147
3613
-624
-1086
3197
-3426
1492
45
-551
-1538
3259
-1032
-1512
3239
-2505
1105
-1104
-2525
4096
-2675
889
531
58
646
-2864
3566
-2778
200
691
-236
1825
-3350
4473
-4349
3256
-583
-3898
7031
-6234
3475
-1040
770
-2718
2482
794
-4694
7015
-4256
-246
2995
-3080
-1130
2814
-2178
1525
-1068
2537
-1657
567
-457
-442
1519
-4591
5662
-3286
1090
953
-1552
814
-150
1015
-2278
2232
-3
-2459
4100
-4445
2858
465
-4520
5374
-1797
-1466
477
2735
-4281
2697
174
-3258
4896
-4203
785
3270
-5833
4259
87
-2238
1519
-1071
2353
-2705
2814
-2932
1505
-1309
-740
3833
-4287
1710
1616
-1317
227
643
-331
-546
5
474
-928
2572
-3589
2162
1271
-2455
-54
2152
-1660
-2793
3743
194
-1680
-293
3476
-4029
1985
-1498
-136
777
-385
1574
-43
-480
-191
1783
-2628
2168
-1219
-105
583
985
-2747
3445
-2204
-1298
4040
-3509
1337
-402
1666
-2703
2074
-673
232
-53
-1814
3030
-2407
-698
1730
658
-2007
924
-465
998
-1810
1056
1424
-744
-24
-1017
2982
-4786
1989
68
-605
1380
-959
4403
-5028
2134
233
-1729
1510
-1402
1394
-3122
4266
-1571
-898
1303
-2376
1579
-392
-140
139
-792
-778
1984
-1829
1198
-484
901
-2270
1643
2167
-4670
4106
-1888
126
27
872
159
-1711
2216
-976
551
-1167
501
379
-2771
2417
933
-2871
3007
-832
-1905
3005
-1438
-471
1397
-729
-722
3979
-4038
-275
4463
-6020
3084
2059
-3846
1014
3085
-2888
745
1715
-2160
1145
-1805
871
1095
-1169
65
540
-1338
1302
-322
-987
1325
-2307
2328
1421
-3242
2447
-23
-3399
1769
2688
-4020
1412
2909
-3458
2579
-1118
-71
178
-1285
589
-388
457
-75
-71
788
-1951
125
1187
-2262
1957
213
-205
83
-255
99
-481
-653
-135
1395
-158
-894
1270
-333
866
-1820
-747
2835
-2011
394
80
2312
-234
-3600
3056
754
-3521
1803
-670
1849
169
-3264
3443
-1088
-1655
-415
2300
-1386
77
83
-310
2295
-3442
1103
-135
526
1222
-1191
746
73
-1799
693
656
-1167
133
772
1297
28
863
-1959
-130
8
394
-11
-340
2043
-1092
-796
613
574
-2644
2098
-393
735
-234
-619
1198
-1248
390
-2370
3484
-2752
2661
-865
-451
2040
-4275
3496
-1660
294
661
-64
-233
855
-863
-878
740
-600
-168
1079
-1915
1102
1596
-3033
2996
-1469
-60
-120
-417
1673
-487
-1487
1162
-729
-267
1448
-105
-384
-1121
2100
-986
2142
-2895
9
-35
1030
-231
-1894
2695
-2760
2127
-1280
1211
-1954
1220
271
-735
2384
-3393
2866
-158
-1086
-25
720
-100
-1255
2296
-2343
-2
3603
-3589
655
1385
-1081
-904
347
1530
-489
-1014
-92
1681
-2392
1302
1118
-1398
-771
1431
236
-1323
1187
-488
1004
-1141
752
564
-1214
800
-654
-259
836
-8
-418
-127
752
153
-924
110
778
-1243
-1426
4333
-1852
-2748
3989
-1860
-1480
2616
-639
159
-636
-400
3038
-1769
-3025
3790
-691
-4144
6174
-1886
-2437
2253
-2440
1595
304
-941
760
-112
239
1497
-2023
-1489
3073
-1470
-2446
5646
-2339
-3407
4029
-955
-1336
-67
927
-708
-300
1103
669
855
-4093
1658
1613
-2870
3268
-1096
-782
-497
615
1744
-2044
-645
1288
-1030
-277
4034
-2029
-2273
1521
1033
-2629
1421
537
998
-1756
-2487
6913
-4694
-668
3031
-306
-910
-6
1236
-1128
363
-2121
1946
-486
-375
1754
38
-1243
1274
-1369
-857
1668
-1745
1313
-40
1423
-3156
1851
440
-2451
1452
-523
1650
-1028
-86
1149
-731
-2203
1453
655
-1333
-1350
3210
-766
-1304
357
45
465
-2732
2690
-420
-814
1255
856
-1972
537
973
-669
-701
1746
535
-1548
678
-103
615
-2694
2597
-138
-432
412
348
1651
-1640
286
-1209
-471
446
1043
289
407
605
-1551
464
229
-658
1215
-2013
1577
-206
-1163
1530
-844
74
-876
549
-182
466
162
-282
-807
-952
1830
17
-1877
1827
-547
204
96
-1183
1330
-2437
1061
310
867
-350
-311
894
-2664
2227
-896
-948
892
3
283
-2002
1794
-744
-900
1512
-879
1566
21
-332
-78
424
-812
-365
3023
-2362
666
1069
-1431
1087
902
-889
-1614
1188
841
176
-791
1216
-1137
-1185
679
-218
-285
815
423
-939
1092
54
-816
-1215
1226
-395
170
-214
1162
614
-3237
779
116
-1126
92
1258
4
-1035
598
401
-1859
141
1318
833
-2003
2231
1141
-2589
1820
-1091
1475
-1227
815
3023
-1891
-696
1128
767
-1545
570
-1076
-227
1901
-1399
709
110
-2073
530
854
1060
-537
491
-841
686
691
-1271
1247
-1539
-81
900
898
-1196
518
-268
-1748
690
-293
-54
-68
-740
357
542
-2071
-492
-785
1246
-1058
-200
767
-1167
37
-466
915
-1630
198
67
738
-19
-878
482
-130
-365
10
753
-531
183
-202
941
20
412
430
-865
154
956
-714
206
1316
-791
109
75
1070
109
414
-259
1530
567
-905
2431
-265
-376
585
592
800
666
902
1035
550
824
-235
424
1574
513
-196
788
856
-605
242
-404
-695
-1240
-904
-58
-788
-580
-658
-2337
-1047
-796
-1928
-1928
-897
-1779
-2153
1039
-1138
-2164
-726
-735
-595
753
-371
-858
1796
12
-510
887
-1017
563
1161
2081
1517
-729
722
-18
552
1597
-282
-273
2790
-495
-133
1126
-1136
-1879
-824
583
128
-427
-1697
-567
-2716
-1316
-1468
-1407
-123
-1338
84
-135
-823
-1168
1472
-518
308
453
710
4574
3683
3412
639
3591
4306
4863
5266
2287
3004
2574
4960
5851
2867
1326
2385
214
434
135
-1048
193
-2445
-5151
-2403
-2844
-4373
-3811
-8206
-7160
-5105
-4127
-4136
-4409
-5317
-5177
-4137
-4216
-1569
-2507
-331
43
-1635
3249
3642
1169
1064
1460
3211
5999
7007
3877
2682
3862
4344
3638
3161
2867
2502
2357
1467
1160
1596
-1734
-4743
-1128
-246
-1467
-1727
-2109
-4196
-4305
-3015
-3007
-2552
-4172
-1873
-525
-1445
-2596
-2118
-77
-1774
-372
1454
2012
789
220
1264
1525
1307
1000
739
1040
2323
839
5
-1834
-556
-440
-1232
-2290
-515
1124
-709
-41
-1946
-1676
-1387
-276
589
1546
-2042
1819
5597
6127
3768
-1584
3942
8527
10398
5485
4302
2645
5398
7803
7213
6944
4341
3726
1270
1452
915
461
-1652
-2442
-3839
-3454
-2362
-2689
-7514
-12731
-13171
-8313
-3959
-5632
-8641
-9525
-8626
-11118
-9532
-7024
-3795
-2088
-3396
-2872
168
1787
566
-2619
-1728
3519
9088
10255
7992
8063
5622
4529
4256
7537
9821
8483
5136
5506
7136
4714
-33
-2320
-503
-1856
-1012
963
20
-5232
-7696
-6909
-6850
-7960
-5452
-2379
-3415
-6431
-7017
-3285
-3233
-4613
-4598
1313
3327
1111
361
1989
2890
832
2969
4067
5490
6299
5189
2785
2437
2536
2369
1343
-38
2507
2299
-1257
-3305
-1823
-1416
-2455
-2966
-1554
-710
-2448
-2373
-656
-1864
-5285
-3486
3597
8659
6591
982
1983
5327
8133
7297
6033
7499
5447
8301
10584
9965
5613
2628
3181
3198
2362
1836
2639
-601
-4612
-8478
-5599
-2631
-3624
-10097
-14745
-12783
-10807
-7826
-10644
-11989
-10564
-12032
-12877
-10808
-7237
-4565
-6513
-6770
-3593
601
3492
865
-594
582
3993
8602
11272
12002
11305
8217
6703
6184
10258
13277
9618
7927
7684
8383
5233
1639
-805
-1823
-814
-764
453
-568
-5369
-8950
-9434
-9614
-8292
-4881
-1129
-4803
-9223
-6808
-5030
-5554
-6430
-2589
2324
2852
1161
526
1747
2360
271
2227
6367
8240
8659
5885
3431
1954
3035
2163
1697
4623
5074
2220
-2331
-4265
-3527
-3307
-5755
-4473
-357
1133
-2794
-7114
-5657
-6132
-3755
-2549
-88
349
889
5306
5020
3820
-1047
2806
11257
16890
12268
6044
4214
6672
10851
9148
10476
10298
9575
2440
-123
1171
1538
-473
-3708
-3654
-4554
-3062
-4938
-9775
-16986
-19125
-15005
-8081
-6766
-10590
-12456
-15197
-17142
-15799
-10680
-5248
-2676
-3435
-5346
-4350
474
2060
104
-1623
2723
12148
15498
10374
7928
9395
8570
5504
8250
15725
14498
8883
4751
7191
6722
550
-743
681
731
-2067
-495
153
-5482
-9271
-9252
-8042
-7869
-7308
-2715
-2430
-7507
-8754
-5774
-2990
-3858
-2299
1329
2278
2369
3389
2472
1677
3946
5343
6169
6497
7905
8322
5602
2702
2394
3999
3813
1908
2165
3979
891
-5136
-5904
-4447
-4644
-5438
-6357
-2906
-2966
-4835
-7834
-7756
-6294
-6152
-417
1051
728
-4098
-544
5323
7156
5009
3681
10346
13858
14469
8480
7253
6394
9209
13117
14526
12321
8740
4955
-181
-1010
-776
3270
1679
-1970
-7942
-9460
-9645
-10149
-11994
-17899
-18152
-14392
-9309
-11095
-14256
-15950
-16881
-18130
-15443
-7467
-1725
-1434
-4732
-5630
-4038
282
3480
5288
6731
8437
12630
11456
10018
11318
13338
12378
8145
11472
16889
16139
8841
5835
6701
5310
742
679
3697
1596
-2290
-3884
-2815
-7672
-10031
-8368
-6697
-8436
-8679
-4052
-4761
-9448
-10681
-6837
-3572
-3108
-2654
1677
2574
11
-1323
894
4273
6087
7256
6131
6092
6209
5141
3354
3648
6177
6406
3088
437
2239
3391
111
-5592
-5654
-2422
-3288
-5444
-6836
-4194
-6474
-8525
-7439
-4364
-3423
-8275
-6360
-1036
1737
-1890
-3486
-150
4553
6672
8814
8834
9855
9707
10980
13085
9979
8766
8170
15193
14539
12042
9390
6144
4120
-133
-1352
974
3462
1009
-4835
-11382
-12227
-12199
-9794
-13060
-15364
-14814
-12835
-13720
-16236
-14589
-15020
-14549
-14376
-10148
-6675
-3240
-3445
-5490
-5329
-3145
1574
6950
8336
6620
8352
9417
8713
9705
14140
15816
13491
10693
10131
10564
9940
9736
9968
8107
4213
800
1139
14
-1606
-901
-2081
-4634
-7027
-6483
-6821
-9765
-9778
-7790
-7195
-6471
-7304
-4700
-4755
-6758
-6242
-4130
531
1182
2774
3148
1544
1529
2510
4090
5220
6916
8480
6632
4460
2868
3690
3910
2403
3799
4735
4771
882
-1530
-2118
-4144
-5448
-4021
-865
-746
-3954
-7332
-7783
-7951
-8012
-5324
57
1305
-2386
-4383
-3373
-2434
-1017
551
2886
7556
8506
9207
4947
2706
4646
7933
13871
11889
10413
6885
6346
6152
4924
6273
6080
6368
3373
-473
-2940
-3380
-3475
-4194
-6266
-6025
-6360
-6573
-10002
-14731
-15615
-12267
-7875
-8652
-9067
-9459
-9938
-11778
-11410
-8061
-3312
-867
-640
-617
-1266
-768
139
2223
4674
8185
9635
8456
7021
6896
7401
8232
7612
7762
9259
8074
6899
6643
6259
3755
640
134
1830
1629
698
-372
-2099
-4289
-7131
-6862
-5043
-4172
-5119
-4983
-4859
-5869
-5634
-5057
-4342
-4169
-3331
-859
325
266
882
453
854
2059
3461
4144
4346
5894
5011
2978
2651
3595
4654
2394
673
2701
4181
2334
-1303
-17
1080
-1550
-2955
-1516
654
-483
-1780
-2697
-2695
-2863
-3146
-1849
-173
628
-652
-1833
-1299
335
-90
533
2136
2496
1813
1207
2093
2096
1398
3088
4964
3745
2511
2838
4421
2757
2871
3656
1963
361
294
2623
1630
46
-391
-1367
-3224
-3963
-3106
-2674
-3889
-3816
-4103
-5997
-7733
-6120
-3643
-5794
-7208
-5169
-2364
-3934
-5756
-4477
-2220
-2837
-2843
-1069
-214
34
-286
-71
-449
853
2432
2471
1063
2461
3692
2836
1242
1751
4363
4553
2787
1765
3351
2890
1865
1270
2805
3992
1982
-92
-252
348
508
710
1418
1429
50
-240
-1281
-1715
-654
826
1041
682
8
-99
-318
-997
-241
1702
2428
619
-263
-21
27
-1234
-791
-70
211
-29
264
49
-1532
-1886
-1839
-790
-660
101
664
151
-1175
-1958
-1053
120
402
1018
1919
1210
394
88
1052
1709
1906
1887
2331
3327
1931
1203
1829
2051
2159
2606
3249
1694
19
-537
-198
-272
221
-33
-951
-1961
-3477
-3741
-3378
-2242
-3033
-2972
-3723
-3904
-3296
-3794
-4131
-3271
-1771
-2217
-1714
-1446
-893
-1021
-924
-422
963
1840
1967
1848
887
951
1143
2200
2628
2637
2007
1457
225
570
1757
2199
1694
373
539
107
177
-708
-803
-781
-1376
-1580
-1885
-1185
-1204
-2169
-3126
-2671
-2107
-1600
-1308
-1056
-1811
-2484
-1481
-321
552
368
932
851
556
815
1978
3177
2769
2537
2773
2826
2615
2831
3121
2909
1970
2100
2389
2370
1721
884
158
114
191
-807
-353
-86
-394
-1525
-2200
-2464
-2157
-1335
-1096
-1009
-1187
-1439
-1673
-1705
-1445
151
960
911
46
317
1026
1354
1891
2192
2383
2146
2112
2282
2711
2303
1897
1589
2001
1590
1294
364
60
-217
-867
-898
-1453
-1244
-2252
-2962
-3470
-2981
-2830
-3122
-4257
-4720
-4056
-2970
-2386
-2598
-2399
-2814
-2826
-3100
-1730
-188
1427
988
-162
-369
446
1505
1779
2323
2295
2695
2613
2130
1598
2268
2306
2261
1718
1748
1914
1382
1096
292
464
226
68
11
-147
-512
-1189
-1575
-1452
-1053
-1111
-1563
-1084
-1031
-1588
-1675
-1223
-470
-702
-656
292
653
506
281
344
896
1139
1338
1190
1593
1583
1251
760
740
1158
663
351
93
501
411
-148
-513
-729
-776
-1044
-1162
-943
-1208
-1354
-1473
-1265
-1012
-1348
-1343
-1391
-626
-56
208
-135
-331
92
323
796
1107
1750
1976
1498
1257
1346
1861
2307
1944
2114
2118
1904
1908
1446
1422
942
402
-75
65
817
636
357
-638
-1526
-1504
-1276
-900
-402
-161
-712
-1754
-1965
-1424
-772
-119
-459
-314
-328
-519
-815
-794
-134
-55
395
151
-229
108
-230
-984
-939
-357
99
-582
-943
-1052
-1190
-1505
-2162
-1308
-608
-1042
-1754
-1943
-1651
-1120
-830
-688
-469
-200
-160
-367
-190
827
1379
986
846
780
1258
1597
1455
1771
2150
1758
1465
1251
1110
1153
999
868
930
771
349
-109
-486
-193
-461
-612
-593
-421
-353
-749
-1040
-1361
-999
-628
-383
-142
-308
-484
-170
-164
-179
419
1341
1431
807
479
548
968
924
1212
1689
1627
917
360
208
473
781
438
64
-317
-204
-359
-644
-1059
-1385
-1405
-1410
-1157
-1161
-1229
-1637
-1765
-1317
-1028
-946
-476
-378
-111
105
84
531
767
1056
1334
2104
2150
1949
1775
1714
2045
2383
2690
2476
2054
1331
1136
1278
1432
872
460
36
-652
-1284
-1761
-1205
-833
-1586
-3124
-3571
-3009
-2724
-2665
-2561
-2730
-2837
-3318
-3332
-2626
-1788
-1079
-1106
-1124
-1093
-629
3
519
622
832
1663
2469
2473
2054
1576
1518
1911
2066
2151
2470
2642
1557
442
225
448
721
599
-14
-351
-718
-1395
-1865
-1381
-1192
-1891
-2092
-1806
-1333
-1395
-1291
-1678
-1762
-1327
-857
-51
760
830
273
310
650
1351
1932
2544
2485
2380
2125
2087
2278
2564
2819
2648
2648
1777
1277
1239
1408
1080
605
221
175
-114
-747
-1121
-1433
-1125
-1500
-1798
-1740
-1421
-1662
-2206
-2308
-1982
-1362
-1031
-1073
-1123
-653
-678
-777
-552
209
765
857
815
675
628
652
1232
1467
1111
627
481
569
570
402
186
-88
-650
-956
-769
-359
-651
-1479
-1913
-1947
-1991
-1893
-1648
-1401
-1334
-1621
-1685
-1725
-1260
-788
-705
-513
-335
253
503
397
402
622
1049
1219
1387
1835
1975
1785
1551
1561
1707
1609
1869
1672
1591
1611
1063
797
626
763
653
352
303
44
-271
-481
-875
-751
-575
-746
-853
-968
-834
-1009
-1073
-1121
-987
-619
-515
-410
-466
-234
-25
-28
99
253
422
438
557
933
906
645
522
395
668
859
686
477
217
102
58
-3
35
95
-163
-474
-732
-419
-117
-563
-897
-988
-481
-135
-312
-450
-562
-425
-361
-195
200
415
383
27
-8
403
609
929
776
533
423
390
837
887
818
280
-156
50
-24
-36
15
-59
-311
-1065
-1469
-1166
-652
-521
-1133
-1414
-1524
-1443
-1392
-1636
-1315
-1017
-939
-1096
-1093
-774
-702
-502
-339
-379
9
459
453
167
-150
142
747
962
939
948
909
635
345
532
1041
1205
1091
809
753
868
738
740
727
716
767
897
1005
1070
946
627
566
687
889
986
941
1013
1040
624
422
584
977
1194
937
680
360
277
349
420
598
473
1
-408
-617
-485
-242
-481
-945
-1259
-1566
-1700
-1546
-1398
-1547
-1940
-2306
-2568
-2443
-2033
-1954
-1965
-1930
-1933
-1824
-1854
-1696
-1292
-783
-563
-654
-384
38
470
453
493
996
1432
1535
1335
1484
1787
1830
1814
1678
1644
1860
1801
1647
1392
1146
1028
965
829
546
477
484
215
-279
-488
-430
-345
-397
-564
-664
-739
-915
-1003
-762
-548
-560
-683
-692
-547
-457
-370
-403
-391
-222
-143
-81
143
101
-107
-77
-71
56
167
247
68
-76
-87
-144
37
154
2
-220
-250
-210
-80
69
95
-88
-148
-227
-184
170
378
286
182
220
213
324
523
782
921
831
499
587
1012
1204
1163
1004
890
702
754
895
1051
1045
771
339
-102
-116
177
446
237
-505
-859
-784
-814
-814
-830
-729
-908
-1403
-1659
-1421
-1034
-1061
-1185
-1302
-1256
-1068
-941
-891
-842
-702
-622
-631
-457
-203
-85
3
-120
53
455
658
658
436
372
486
765
989
837
609
749
850
666
441
448
835
791
232
-159
109
471
214
-190
-171
96
118
-115
-410
-425
-302
-243
-278
-260
-348
-265
-76
-291
-504
-377
-39
-7
-158
-176
27
86
-204
-508
-177
331
352
139
-129
-266
-340
-201
13
313
418
22
-284
-106
143
196
224
97
38
109
35
44
374
346
21
88
252
461
504
458
469
310
209
88
310
799
757
525
407
412
333
200
128
191
473
347
69
-27
28
-191
-447
-394
-210
-55
-95
-321
-681
-714
-726
-547
-350
-415
-473
-409
-577
-915
-771
-369
-287
-543
-451
-323
-219
-308
-475
-265
-34
0
-79
-31
-11
93
212
191
139
169
412
483
469
738
911
938
649
337
543
790
1014
1201
1079
818
585
651
657
567
720
793
572
61
-190
-281
-342
-417
-601
-560
-627
-854
-1031
-1346
-1528
-1410
-1397
-1453
-1477
-1368
-1344
-1581
-1778
-1672
-1272
-948
-774
-682
-578
-656
-693
-574
-44
403
443
505
490
676
607
721
925
1163
1117
970
1322
1466
1269
930
998
948
969
777
795
916
592
369
293
396
294
337
177
18
-32
136
52
-31
-6
-131
122
185
431
303
88
124
12
52
158
890
854
677
616
358
709
91
129
-33
526
117
-49
483
129
675
-312
-137
-1141
-1138
-1120
-1236
-804
-1111
-130
-796
-1142
-1033
-1145
-1867
-2020
-1364
-1159
-1387
-605
168
161
-563
-472
12
-680
-419
342
997
961
1381
1446
1188
742
770
1014
648
970
1506
1226
1007
978
602
219
-122
16
-139
124
-453
-455
-338
-970
-1302
-1426
-958
-1171
-1227
-998
-918
-1074
-1360
-1288
-902
-1183
-920
-304
-129
-540
-532
-322
-332
-43
199
529
696
661
403
475
323
941
530
714
932
788
725
511
1051
530
718
312
468
497
379
457
219
409
268
63
-95
158
704
327
-58
107
-12
242
526
1025
686
784
299
235
368
463
908
761
1126
821
683
303
612
347
-159
-276
59
249
-36
-131
-203
-271
-546
-370
-671
-701
-1174
-1036
-974
-993
-660
-430
-504
-1057
-1253
-1356
-771
-1183
-1023
-615
-335
-582
-634
-157
-978
-656
-500
-254
-185
102
869
884
905
964
1197
1212
1258
1363
1200
761
732
-97
-103
375
180
-204
-346
18
-450
-292
-875
-1351
-1584
-2214
-1879
-1764
-1895
-822
-338
-506
9
124
-269
-794
-314
-417
291
462
1250
1870
581
1062
1105
679
97
-17
57
763
1247
967
1786
1850
184
-221
-471
-738
-445
-443
271
791
845
356
652
-536
-918
-1011
-559
-695
-41
1204
167
1150
379
840
-362
-256
216
-149
350
382
1930
534
828
1962
802
-65
405
-483
-457
-1105
676
773
-256
713
513
637
-2152
231
-1414
-2519
-516
-819
735
-777
160
-492
-891
-769
-1041
255
-2170
-113
172
-423
1483
-278
583
173
-494
-1293
-53
1470
-644
533
1163
1058
300
-477
751
-848
-1558
984
1134
-216
1009
2005
-130
-1825
14
-1327
-2191
0
-9
1155
-56
1529
-327
-2180
-1810
-1969
-835
-2641
1949
55
15
1090
-181
-201
-1252
-547
-2448
-17
-316
1647
2101
170
360
-249
-1131
-558
602
-12
125
673
511
393
2645
147
1342
1458
-96
-819
353
513
-1702
1802
644
1289
453
-163
1785
-381
-2414
185
590
-2137
1335
2463
32
1264
1389
-842
-1077
-668
-658
-78
1031
310
1867
607
236
741
-505
143
-1967
-1751
-2066
360
957
-115
2346
-137
-439
833
-1960
-1021
-2386
-1292
594
212
434
251
3348
-3012
-434
-1158
-2534
231
-1177
1800
16
1930
-387
1714
-375
-1361
22
-1093
722
144
1140
-408
2518
673
-1541
1010
1424
-386
-1174
1579
-459
-1546
2039
-570
601
73
-1182
1184
-1536
-886
-382
-1286
-1625
-276
223
-1833
-370
732
-2213
606
-1752
-1728
-967
-474
1367
-2518
739
1741
1384
-2249
2530
574
-2290
286
1162
927
-1357
3414
1806
1531
-1504
1989
1022
-808
832
1731
-303
-429
1800
-17
1747
-1010
901
-581
1045
-940
-50
505
-2274
-692
161
1820
1037
-705
-656
1674
-4245
-1361
2874
-1448
-1245
1952
1852
765
-442
478
-981
-577
-2913
2024
1409
-2163
3818
-1776
2039
-1618
-580
-576
-2517
-518
-14
247
-78
2123
-1446
-1433
1111
-1349
-4032
2364
-2594
201
196
1347
1095
-458
768
-1566
1924
-2181
603
1667
1100
-361
1705
738
1896
10
1093
-706
-1337
594
-1563
2628
-1009
1039
-692
3253
-1113
-329
563
-3086
-2577
-1093
2227
-3319
3307
293
81
-491
-930
109
-3942
-1000
-732
1265
-379
537
1870
-1718
-936
471
-1404
-3317
374
3429
-2001
1495
3829
-2148
539
117
147
-762
-2762
1702
-62
1820
753
2061
2219
-2492
3397
-2364
362
433
-1313
1838
-1712
6036
-2007
-868
2752
-3470
1002
-2488
959
-756
738
1863
-1828
4002
-2901
144
1062
-3313
1068
-2253
60
2087
1327
-783
964
2114
-4502
2057
-410
-2157
-221
418
3518
-1292
2092
-900
-610
-1066
355
-1847
-1332
3713
-2093
1956
1514
-834
-1839
-411
-1325
186
-1601
1284
1462
-1317
-458
377
366
-2912
2960
-4128
3310
-1388
720
1331
-2407
2034
-2332
2417
-1631
2913
-4279
2984
41
-2519
2293
-2344
3024
-2099
-1358
4177
760
-6017
3194
1220
-4146
839
1700
-764
1277
-1238
-84
2588
-6066
2243
1520
-3690
2272
614
-165
744
948
-2943
1999
405
-3792
3668
-751
438
1069
-57
-305
62
-787
1926
1086
-3023
1962
344
-2162
2006
1712
-3444
2990
-808
-480
-174
177
-1230
1005
362
668
1707
-3684
3819
-1822
-336
-1893
2680
-1149
940
590
348
1275
-4181
3523
-1455
-76
-842
3142
-52
590
-154
845
303
-1813
730
986
-1382
-2608
3934
-2308
724
-107
599
9
-1678
841
541
-506
-3299
2750
-105
-1935
3667
-3612
1535
-1337
-1675
3651
-3074
2088
-1209
2102
-2059
2239
-1725
-2362
3151
-4190
2941
-1496
45
622
-471
-298
408
-2522
313
1046
-3428
3421
-395
-2347
1673
843
-2757
1252
-460
-1904
2461
-1014
-380
2540
-2389
-318
3278
-2508
1382
76
-1437
1449
1011
-1689
582
1216
-1325
1813
-875
997
639
-969
2021
1839
-2955
1437
712
-1175
115
-1155
44
502
1289
-1958
2571
-2433
-1343
630
-1017
-72
-279
957
-229
2297
-2370
1245
56
-1968
2933
-1429
872
1484
422
-58
68
3800
-3446
2382
-227
-1468
2233
-2560
2686
-340
1158
-1518
1852
-1233
-2106
499
-770
1069
-404
-600
-427
2900
-3241
542
-1708
964
-2434
1875
1909
-3662
5734
-3778
1403
-1073
-1672
-521
2040
552
-1873
4297
-3715
1930
1360
-3997
2502
-1795
-1241
2680
-1454
680
-1476
377
-393
-511
-1615
2574
30
-4293
3594
-3003
1367
-712
-3587
2728
255
-3503
2794
802
-4023
1773
1641
-1231
1986
-97
-3288
2647
-1787
419
531
2354
-104
-1763
2500
-677
-1148
1127
204
498
1526
-1315
2474
-1878
1073
-2757
2357
492
-1321
3849
-3817
2360
-1551
1001
-468
57
779
-987
2433
-1681
-1606
1376
-974
88
90
159
1550
-2259
1877
-1633
1097
-422
-926
2578
-1481
678
-48
-601
94
1573
-767
-974
1073
160
-1889
3946
-1641
-1688
2932
-3314
1628
-1169
1702
-1385
-855
3504
-2556
896
-63
-658
746
-1740
-9
2065
-891
-2070
1951
4801
-6949
3054
2477
-4373
4181
-4768
4140
-472
-964
2107
-1598
2449
-4309
1504
-737
-2
1071
-3400
5035
-3359
-602
1020
-2594
2227
-4399
2786
-1102
-1137
1998
-2666
2355
-1846
-1112
962
-1359
294
-633
480
346
-625
1801
-1665
677
490
166
-1082
-1597
2860
-862
-110
2318
95
-250
1400
-2080
1113
250
-2025
868
2809
-2217
248
4471
-4151
1233
957
-1571
-526
2004
-1691
758
2327
-3281
3603
-1556
-1170
1251
-2187
394
1624
-1264
2011
-103
-1964
2432
-1634
-822
1230
409
-3398
5056
-2253
-2367
5977
-5245
2077
49
-1181
-438
1388
-1548
-785
3056
-3887
2262
154
-1386
619
-687
-48
2180
-3748
2704
747
-3812
3366
-1299
513
-830
2988
-3370
1823
1575
-3519
5079
-4573
2200
2056
-2102
1729
853
-897
-1906
1514
-466
-205
1323
241
1109
-937
411
480
-2549
2270
-3214
999
957
-224
1149
-2026
796
-1419
116
-1933
3069
-1819
-500
1639
-409
-1777
469
-382
-515
20
-1727
3501
-4994
3993
-3449
1591
379
-956
2905
-3488
3525
-5738
3824
-2057
-114
2983
-2651
3003
-164
-169
-2207
682
-1364
-173
3807
-2364
1500
885
-1770
2235
-3371
204
1785
-1748
808
2161
-818
387
2045
-1210
-700
276
144
164
385
933
-92
-831
1870
-1057
116
-1013
-1076
1899
-1591
465
1911
-1770
-973
1996
-2429
-1778
2531
-2238
101
2405
-2736
2349
92
-2401
1397
533
-2668
3120
1735
-4980
4825
-1660
-1225
2514
-891
-179
923
825
-1781
3315
-2663
393
1276
-2414
2454
307
-1938
1832
462
-2083
1927
-1385
1900
-900
-112
607
-29
-1017
-1652
4740
-5204
2215
1757
-3355
1827
-303
-115
-1949
1082
-332
-177
1094
-1129
492
354
-2272
2332
-1770
-1206
2353
-1398
451
-1500
1984
-1571
138
759
-1067
352
-925
1592
-2837
1950
-56
-1072
2509
-1914
1212
-1595
306
202
-502
1699
-1665
3509
-1893
-133
1549
-2027
-274
-167
2434
-1665
1154
703
-938
1566
-2963
953
1907
-3362
2730
-890
-697
407
-408
-327
-85
1835
-3113
2424
-729
-1117
-318
1234
-455
-503
2459
-2039
577
-228
13
-1567
367
989
-671
903
867
-498
-205
-302
1139
-1321
1163
917
-2727
4189
-2731
1450
1339
-1578
2052
-2226
1882
-1277
2005
-782
-1177
3126
-4429
3388
-1664
-281
2030
-2989
2955
-3360
2598
-952
-1134
2295
-2318
2409
-2248
1263
-1398
1006
-52
-3616
6325
-4283
-210
3091
-3688
1964
-500
-192
-358
1810
-1303
-1462
4158
-3617
203
1343
-2728
2237
-1079
-569
2425
-1281
-386
-135
2524
-4542
2104
1990
-4897
4996
-2600
1706
-508
307
-1344
-479
1639
-2118
4118
-2478
1061
541
-1938
492
-102
-1182
1428
-658
652
730
-1637
451
339
-374
-2119
3954
-2574
-717
1967
-2209
693
-827
1196
-566
-326
146
-955
514
-949
893
241
38
599
-1074
372
-206
310
-297
865
1271
-1969
1568
-127
-823
-66
626
2227
-3277
3794
-845
-1973
2549
-1276
317
-1032
2982
-2756
1727
1172
-2496
1450
-677
905
-1379
892
-197
308
263
-474
-125
439
228
-705
-206
1107
-678
-1385
3519
-3356
463
1042
-316
-188
-541
1672
-1489
1444
-1597
-1031
2356
-1690
-1783
4062
-2216
-933
985
596
-1738
686
531
-2557
4327
-4000
1562
479
-1548
883
-713
1211
-1699
283
306
-121
381
-1242
1018
273
-242
524
-1229
2280
-2014
348
399
389
-750
-399
2524
-2217
1541
-224
-1
1
-603
362
-128
129
344
1024
-1301
637
616
-2426
972
24
-473
254
574
559
-886
115
-749
880
-1458
193
352
-462
1096
-1047
1469
-713
101
278
-1145
1179
-66
-326
-1277
3048
-1710
-672
2261
-1820
1103
-802
114
-276
996
-1673
1575
524
-1957
584
933
-904
-1185
1590
-1784
1862
-1470
1294
-322
-377
14
-110
751
-878
2152
-3337
3719
-1828
-993
2348
-1107
1039
-1778
3387
-1852
-204
1773
-2181
2388
-2815
1387
1025
-2382
2777
-1987
870
-576
1108
-2020
500
2493
-3998
2824
-493
-699
913
-861
-439
910
-1045
228
-100
1116
-1191
-1137
2537
-1458
183
-544
1202
-1381
-1325
2204
-458
-934
325
-230
717
-1299
848
-1129
507
-240
-575
3153
-4189
2720
-716
-431
-316
102
828
-1878
2495
-935
129
845
-1099
324
1655
-2448
1589
-526
-221
440
243
-177
-914
1843
-972
1649
-2084
693
41
5
898
-1510
1246
422
-808
796
-24
-1339
546
62
507
-314
1249
-700
1132
-732
-269
-273
-992
773
-420
1755
-1732
1846
-584
-129
-228
-810
-349
277
1240
-1718
1678
-1176
1065
-1191
930
-405
-985
1619
-1882
2648
-2416
1277
-122
245
-435
-1560
2994
-3098
2470
-1212
-263
751
-856
557
-954
959
-640
-65
698
689
-1583
212
261
-249
-1464
2241
72
-962
433
-45
1006
-2931
2164
10
-1125
1071
-531
1233
-198
-3398
2580
904
-2367
927
1287
-1148
31
1332
-2231
1977
-2031
479
1071
-1162
478
-573
1146
469
-441
-1211
1912
-1086
-850
1021
258
-657
997
567
-1452
665
-1101
714
919
-799
395
337
38
-1674
788
1338
-2601
1712
198
-715
1099
-740
17
-447
319
-273
861
319
-1572
2164
-1280
200
915
-2830
3536
-2439
223
1669
-1928
1458
-795
1836
-2168
428
849
-1368
1180
-1104
1134
-608
22
656
-491
-63
-743
615
330
-157
407
-239
-173
187
-387
219
-226
374
546
-956
535
582
-1148
1241
-938
1255
41
-1892
1188
-521
368
-1724
2016
-449
-174
358
-1134
1065
-1622
292
893
13
-1267
1189
178
-776
-117
-654
534
408
-1263
1276
169
-1069
644
-698
455
-1425
1428
-968
704
611
-2244
2268
-339
-742
-1026
2037
-1324
70
1562
-2220
2287
-503
-1885
2363
58
-2892
2698
-441
-106
879
-688
559
-37
86
-892
2161
-2209
822
719
-1640
1928
-731
-397
664
724
-1545
618
200
-174
-249
-67
1642
-1780
384
-467
346
138
-920
1281
515
-902
-995
2199
-1883
11
1288
-993
477
-286
607
-772
38
606
-763
160
239
-83
-108
-21
754
-999
602
-340
71
597
-1396
1989
-1359
-33
527
-82
-83
-1524
2927
-1780
-357
2617
-1932
-509
1002
-438
28
857
-832
310
738
-949
-794
1240
-1049
707
241
-250
249
-1973
2198
-1517
-220
1345
-958
265
1257
-1619
344
879
-1822
846
79
717
-1714
1502
-786
292
-49
-1352
2641
-2894
1408
168
-678
846
-784
1060
-782
1558
-1995
357
1598
-3302
2068
-495
460
-29
-319
248
-419
497
-707
107
-358
275
-330
1279
-737
472
-918
791
-472
199
310
-1812
3205
-2892
1055
965
-790
-495
176
1466
-1768
1092
313
-667
152
368
-449
301
444
-114
-901
1423
-329
-1364
2471
-1996
1457
-247
-841
1015
-898
1566
-1445
844
237
-442
579
-252
-596
513
-465
629
286
-433
-377
-25
1176
-2002
2236
-1328
591
38
-746
999
-1027
717
-1485
597
767
-549
-766
2325
-1678
-1381
1777
177
-1744
135
1462
-1676
724
-61
985
-743
-95
283
-289
402
-1237
558
-380
734
-91
30
689
-755
-508
155
196
-606
-351
1254
-881
-511
2087
-2495
1063
307
-947
349
585
181
-2322
2575
-764
-530
1513
-2112
1230
-218
-150
910
-1673
2172
-1841
1072
601
-1026
121
-1031
2851
-3834
2065
1427
-1910
1487
-334
974
-1980
-263
2498
-2105
287
545
515
-88
-895
1659
-1592
929
-1062
1181
148
-964
706
-867
605
304
-950
1236
-244
-1695
2030
-632
-258
-344
1458
-2059
1179
134
-1178
1761
-830
394
-317
178
-348
77
-889
1638
-1267
51
1229
-624
-689
719
-800
409
861
-2255
2382
-959
-886
1151
759
-2104
1102
486
-955
1595
-1203
578
107
-319
142
-91
308
-684
446
174
-524
406
174
865
-1556
770
-496
-49
550
-1111
1149
-371
250
-462
734
-298
-1118
1043
-26
-674
285
-637
920
-456
-446
650
-996
103
-456
1401
-1629
559
14
-522
1393
-1262
366
-834
905
-602
356
337
-671
638
-219
-267
329
690
-1131
-17
1007
-840
-78
1459
-995
787
-1281
736
795
-882
328
-794
1768
-1437
831
638
-1219
97
586
-86
-420
339
-760
366
555
-778
374
984
-1338
489
-34
660
-57
-346
1458
-1781
203
933
-161
201
665
-667
-677
2127
-2495
888
904
-2077
2057
-1008
595
-309
-868
235
577
-161
-1133
1490
-906
-451
1060
-820
264
-567
-139
1286
-1387
915
-511
-121
36
-279
816
-974
1088
-712
233
297
-600
467
222
-567
71
704
-107
47
-679
722
-779
124
-218
174
377
-937
1278
-1275
1248
-1461
52
1344
-1578
814
-649
1474
-1412
410
572
-895
1386
-1890
795
988
-1189
265
124
239
-547
870
-883
758
446
-2553
2907
-1476
-1009
1327
41
-303
-645
850
-82
85
-727
585
431
-1033
700
562
-824
302
198
94
-824
1355
-659
-1073
2200
-1209
-207
981
-437
-371
813
-858
-248
857
-870
814
332
-493
515
-622
313
23
-991
433
590
-541
1172
-514
-685
834
-619
366
-850
957
-1211
1301
408
-1126
1177
-1189
1239
-871
30
715
-398
145
500
266
-653
-538
267
-351
226
13
203
160
-636
1075
-751
-367
-257
-219
498
163
-239
524
-245
-748
700
172
-429
-159
-20
719
4
-725
505
123
-847
585
175
-808
954
-1142
237
-231
100
418
-759
346
178
-322
-716
1158
-537
-582
806
-356
433
189
-1502
1066
85
-573
366
274
-576
466
546
-205
104
-1008
807
492
-218
-848
817
20
303
297
-287
463
-730
-503
1155
-873
-538
1184
-173
105
-514
914
-1227
448
-325
35
218
-627
1124
-15
-510
-309
885
-829
666
-451
379
450
-361
309
-320
306
-193
38
179
-23
416
-79
-143
235
315
-624
-1298
2063
-1298
48
1361
-1303
380
-356
-149
-420
545
-630
298
1259
-1324
695
-365
224
-216
-1347
2084
-1244
438
201
400
-125
-733
933
-1199
1210
-2181
1531
1264
-1840
1057
-171
-75
-14
-719
336
149
-693
34
304
1498
-2101
440
565
-65
-643
-541
1471
-1616
922
-353
456
30
-603
357
474
269
-1533
803
447
-480
-72
215
495
-627
71
1192
-695
-831
756
-32
-467
87
365
47
-252
105
-5
405
-1069
837
-267
-707
856
-476
822
-640
129
470
-209
-752
-60
889
-204
-494
1300
-613
-202
857
-1038
449
216
-354
-651
1314
-431
-528
1029
-408
-232
343
-350
296
-30
-755
646
198
-454
-143
882
-381
86
-68
-384
271
-224
-522
644
-32
-13
79
127
593
-1479
527
-190
386
-549
59
679
98
555
-1307
1499
-885
-385
418
347
-632
-611
1632
-962
462
5
-688
-271
969
-1100
-582
1675
-1375
33
1459
-1218
89
1236
-2320
1730
-397
-1202
1463
-238
204
-276
1123
-1708
1190
-361
-1029
1029
-917
947
-380
273
-315
448
-546
-112
344
-718
315
899
-530
-344
907
-942
582
45
-184
18
-109
-459
895
-457
-634
1335
-680
76
532
-635
29
215
-385
-23
275
-93
-424
1558
-661
368
154
-431
437
-909
490
-129
331
146
242
88
-100
-646
175
-81
-200
-346
503
575
-1112
544
-187
437
-1025
243
408
-1022
318
758
372
-1125
804
-289
130
461
-997
8
321
-64
4
1057
-682
-486
510
-72
132
-210
125
-187
69
322
-16
24
-352
96
8
217
164
-245
260
-344
12
99
-153
-472
311
437
-744
648
-170
-844
273
132
-643
662
338
-760
831
-245
-812
756
-403
-720
952
-360
464
768
-850
-131
146
-290
-559
673
130
-334
633
-468
382
-570
-347
181
-293
726
-645
1058
-699
-147
492
-392
628
-729
391
476
270
-315
75
-268
218
27
15
778
-504
-358
426
715
-823
366
1
-248
384
-626
947
-586
-466
359
-207
364
133
198
-213
357
-495
69
238
-468
-292
557
26
-596
1361
-370
-516
-274
-2
-257
68
155
-143
604
-690
707
-283
-559
-156
-389
-40
764
-5
-654
1118
-843
-562
59
187
-224
-249
154
165
194
-366
290
77
-476
-154
338
31
61
-387
908
-86
-63
656
-769
-58
138
98
79
-101
-7
405
33
-192
321
153
-580
493
134
-63
-135
-214
293
-57
108
214
253
338
-414
-745
792
-754
63
431
-70
266
384
-260
-1074
765
-694
-506
802
330
-355
122
175
-167
-236
-64
-926
971
-36
-1099
1914
-1209
114
291
-191
-113
-203
-340
-20
550
-834
1073
-400
-16
466
-484
-307
491
-609
338
696
-918
440
587
439
-950
473
-141
-176
896
-155
-244
-181
446
44
89
-233
405
-30
-782
1096
-311
-936
819
-174
-96
578
-527
-89
593
-719
-169
125
8
-161
161
220
-72
114
-556
456
-455
-160
-176
-24
458
-412
74
80
290
-385
-633
735
43
-982
1084
-278
-45
179
-401
142
-40
2
-42
609
-429
493
-650
-142
751
-176
-226
746
-520
-701
1058
-510
-263
135
142
-263
864
-438
-118
478
-599
-210
17
389
-401
355
441
59
-166
-382
517
-461
-180
651
-538
602
-850
527
653
-672
308
-293
223
-395
62
35
103
101
-735
605
483
-1053
1077
-71
-566
-239
324
56
-500
1247
-974
457
56
-702
322
-394
50
100
177
15
-132
175
-240
10
-383
152
192
-523
870
-224
-97
-70
194
2
125
114
-253
331
-451
119
612
-142
-455
650
-469
246
294
-745
-114
339
74
-90
530
-369
410
-60
58
74
-340
-410
-61
415
-333
488
-376
-70
241
-130
-226
-9
188
-435
424
-220
104
80
-412
190
-16
59
-111
91
-116
319
214
45
-115
-327
12
201
122
-143
226
-210
49
-10
99
-102
118
53
-240
506
-674
-333
565
-305
58
89
-28
3
-153
-93
-39
432
-902
91
450
-135
40
-308
296
-249
98
-30
-118
244
-405
185
706
-438
-70
245
-79
85
99
-40
-50
290
-76
-101
94
-188
270
48
-326
668
-218
-76
-42
128
300
-594
460
53
143
-174
-24
477
-413
142
-21
86
329
-408
19
210
-572
-18
328
-149
-24
133
-231
-224
334
-533
-243
634
-747
86
270
-229
57
-434
445
-293
49
470
-183
91
-162
164
-73
-299
110
-73
290
-141
-216
217
-294
284
-132
351
103
-278
645
112
-422
138
-104
-261
532
-143
172
17
-45
-164
-60
128
-72
-1
139
237
-301
330
-28
-576
58
279
-321
89
49
-106
413
86
-214
65
-45
-489
217
164
-256
-96
154
61
-154
-115
-154
-201
-25
133
-78
258
210
-374
125
169
-339
223
-21
-340
263
-81
-167
135
-132
-91
-17
-46
206
-42
-131
101
12
139
-118
86
175
-128
-63
94
184
-69
429
135
-72
374
-387
192
201
-261
528
118
-130
-106
110
-342
-42
180
-339
351
-59
60
187
-241
-175
118
90
-91
256
10
-197
72
-110
-238
88
19
-396
245
138
-293
142
54
122
-435
46
9
-465
251
-77
-288
244
-61
-261
254
-239
-271
190
-63
-15
366
-12
-14
-234
-230
126
-261
0
383
-177
-118
388
-167
-93
102
123
-57
426
166
-175
431
-263
-135
268
151
-155
111
220
-308
-33
331
84
-17
207
-39
65
-101
-295
-57
2
-149
135
271
-140
118
-142
-129
-95
-79
152
232
98
-34
50
-146
-93
-125
-213
-93
293
-160
12
98
-153
-149
5
128
-170
91
60
-79
-30
215
-305
35
24
-195
227
-31
-136
-149
236
-31
1
328
98
-176
47
9
-295
-96
125
-53
77
349
-185
100
119
-194
-246
93
174
-246
314
-37
-127
76
-169
-75
75
-97
-213
230
-83
7
44
107
272
-98
1
219
-76
-99
86
-104
192
62
-69
165
80
-256
207
-10
-223
316
-9
94
-39
76
-89
-73
-150
-195
145
-77
34
-16
-38
-56
215
-75
-138
-2
-123
-24
-14
-98
-20
-85
-268
423
-169
-245
149
-165
42
-22
179
124
-50
76
76
-60
-87
70
-54
-195
101
18
65
103
39
-53
-133
182
-298
-89
283
55
79
28
5
-61
6
-16
-84
121
214
-49
107
282
-179
-91
164
-299
-2
173
-174
97
112
-117
1
62
-157
-20
25
-15
-18
47
53
86
78
-17
229
-47
-123
21
25
10
18
62
-89
67
-43
-163
-46
-63
89
-34
100
26
-299
177
12
-192
81
-85
-185
-86
-20
-127
28
66
-129
164
-27
-144
-50
-159
6
-75
116
150
63
-34
-58
62
-123
-22
62
24
226
141
-27
40
-72
51
11
108
35
22
159
22
95
-151
182
55
-32
114
-109
37
-2
-138
-91
171
39
-93
-37
83
-127
1
152
-9
-137
-57
143
-212
50
23
-109
-41
-19
-94
-115
108
-170
-80
173
-122
-126
242
-64
-129
62
24
-203
90
264
-135
60
100
-26
-142
6
27
-43
123
103
44
186
65
-85
-43
35
-59
-57
134
-106
201
40
-111
119
-80
-58
-69
46
17
-12
3
6
-57
-126
-37
73
-86
-130
15
-41
-48
9
127
5
11
52
-2
-55
37
-44
-117
234
12
-123
222
33
-137
152
-12
-103
175
68
-76
155
35
-187
87
2
-116
16
80
5
25
102
-28
-20
-113
-138
-76
-51
8
-64
10
17
-79
-32
-33
-30
-57
-38
-38
-11
-23
-73
-39
14
-22
-19
30
-22
121
-38
55
89
-28
25
-3
87
-104
35
52
-4
159
22
72
90
-140
11
50
-34
8
59
72
-12
77
-48
-17
-9
-56
24
84
50
8
36
-2
6
-17
37
-27
52
5
-42
43
72
-44
-89
100
-46
-62
94
-6
-114
56
-37
-141
84
-61
-198
103
-11
-172
147
105
-95
94
53
-130
-6
-5
-88
-39
98
-55
-42
116
-13
-56
-5
-14
-100
54
72
-37
62
70
-90
-64
72
-68
-136
45
24
-11
62
42
-42
-100
22
-56
2
63
-38
-7
-3
27
-107
-33
104
-125
26
140
-88
68
158
-23
-64
113
-95
-118
126
-76
6
60
36
61
0
67
3
16
-9
-35
101
-2
83
62
-53
52
-57
-46
13
54
-61
62
103
-135
16
46
-95
-78
46
-42
-119
26
5
-149
78
50
-177
73
67
-169
53
126
-163
24
134
-84
-53
191
-94
-79
277
-99
3
235
-14
-15
101
29
-93
24
78
-101
48
80
-82
39
52
-72
-108
92
-49
-122
137
24
-11
34
35
-28
-30
56
-47
-65
83
2
-98
48
-13
-82
-22
35
-12
-123
-41
5
-162
-4
-51
-200
46
-81
-132
24
40
-81
17
38
-115
-25
1
-89
-55
41
33
-17
39
46
-24
76
-1
3
49
43
85
76
33
44
61
-3
64
102
100
52
36
27
58
50
-20
45
55
-15
30
39
22
38
55
13
-19
75
-8
6
60
-52
-57
72
-53
-70
97
-41
-74
19
-28
-82
-27
17
-34
-13
37
-89
-35
53
-113
-53
62
-150
-80
47
-117
-90
43
-49
-81
47
-56
-26
23
11
-17
-23
54
-43
28
57
-42
57
46
-61
35
32
-53
4
92
-20
-14
77
-68
-13
30
-6
-16
36
8
-25
72
10
-66
-23
87
-39
-26
99
-19
-6
25
-7
-39
45
19
-68
14
-3
-26
-30
44
7
-37
67
22
-23
84
38
-57
98
27
-22
32
-25
-2
-34
-2
17
-54
-15
-18
-40
32
12
-11
11
19
-5
-4
-2
13
10
-11
11
-4
-22
0
0
-21
10
-10
11
-22
35
3
-76
88
41
-90
30
49
-75
15
4
-20
3
9
4
-15
17
20
-16
12
38
-69
12
54
-51
1
33
-27
-33
34
-1
-72
41
13
-29
37
-6
-5
36
8
-56
8
4
-86
10
32
-46
0
4
-44
-47
10
-23
-21
19
-45
-8
72
31
-28
48
69
7
9
66
33
9
55
25
-6
27
39
-55
-10
13
-24
-25
-48
-81
-60
43
-56
-10
79
-11
-9
43
52
-32
6
-28
-76
23
-25
19
49
-52
7
16
3
-25
19
54
-43
28
26
15
35
14
-4
29
8
-33
23
33
-23
11
96
-38
24
19
-45
-40
17
31
-83
42
-39
-41
55
11
-9
50
29
-75
13
28
-70
-7
25
-51
-38
-48
10
-34
-48
-64
-60
7
-78
-38
15
0
-28
25
-2
-56
1
-26
-13
31
-30
13
25
-19
39
28
15
-14
20
20
12
47
35
44
29
52
18
-7
23
22
44
73
54
32
50
-5
-16
56
28
-25
37
7
-47
-2
-62
-39
-13
-12
-2
9
75
-6
6
-2
-70
17
12
2
38
18
20
41
36
28
50
40
12
10
11
23
0
-22
20
-39
-62
-26
-78
-89
-49
-51
-72
-62
-69
-73
-73
-58
-22
5
-44
-39
-18
-13
-54
-59
35
-44
-28
-44
-46
0
-31
-1
20
19
-18
22
51
3
51
97
37
16
37
42
24
101
61
29
61
19
51
44
33
0
98
32
-9
99
38
18
46
65
-8
-7
26
-5
-52
-7
-50
-57
38
-29
-29
16
-13
-69
15
22
-49
9
-22
-51
-42
-37
-55
-82
-34
-31
-23
-7
-25
-34
-29
-27
-62
-1
15
-51
-10
4
-5
30
61
39
14
34
40
33
12
-15
15
38
-27
-20
5
-32
-8
43
19
26
38
-3
33
35
-11
19
47
-18
3
12
-15
25
35
22
-9
23
15
-6
-10
5
-10
-38
29
3
-19
41
42
4
16
37
50
48
20
7
-2
-10
-37
-67
-44
-60
-107
-67
-42
-54
-51
0
-23
-41
-10
-47
-31
-37
-23
10
46
40
-3
31
16
-5
21
22
17
0
-1
10
-15
7
0
-32
-8
12
1
-7
6
-9
-33
-11
1
-29
-6
-18
-26
-6
-24
-8
-17
40
37
8
69
41
22
10
3
9
25
54
42
41
62
20
39
84
27
20
29
-7
-34
-21
16
25
11
-22
-48
12
21
2
29
3
-4
-24
-9
-4
-32
-10
-19
-9
-11
-19
-2
-8
-6
-36
-33
-22
-28
-25
-41
-30
-51
-46
-10
-24
-28
3
20
12
16
12
-6
-9
-4
-23
-8
20
19
31
28
22
10
9
-22
-27
-9
-38
-9
21
5
6
-5
12
27
29
38
26
32
5
-8
5
0
3
10
-7
-10
-11
-22
-8
-5
11
-1
-2
3
-2
0
-5
0
-10
-19
-6
20
16
-2
36
20
-25
25
2
-3
3
5
19
-16
12
8
12
26
-19
-12
9
-5
7
4
-17
-32
-24
-13
-28
-39
-28
-25
-11
-16
-20
6
0
9
-5
11
1
-6
9
19
40
25
44
36
33
9
20
22
12
-1
-15
23
-10
-8
-9
5
6
-10
3
10
22
22
19
27
26
8
14
-21
-14
-16
-11
-6
-16
-23
-15
-10
-22
-9
-62
-59
-55
-36
-48
-86
-32
-16
-28
-42
-3
12
1
10
-11
-10
16
17
17
-3
-3
5
9
44
48
37
52
34
6
19
34
38
16
31
27
25
43
-6
-20
21
19
10
21
13
3
-3
1
4
6
-14
-12
-16
-31
-13
4
2
-4
-6
-29
-5
29
25
3
-7
-8
-16
-27
-26
-12
18
16
-15
2
6
-5
-4
-4
1
9
-10
5
-2
-22
-22
1
22
-19
-10
-2
6
-22
-28
4
-22
-22
-28
-11
8
-7
-7
-2
16
-1
12
29
-6
-1
-2
-11
-15
-6
16
20
6
-10
-27
-18
4
-8
-12
-12
-9
13
7
-14
28
41
2
2
11
15
25
6
2
26
15
7
-11
25
29
4
28
24
13
17
13
9
41
22
13
5
-5
-2
-15
-7
-39
-66
-69
-58
-60
-25
4
-6
10
-6
-47
-41
-18
0
6
-1
8
-14
-2
22
18
-4
-10
-42
-46
-35
-9
30
22
19
3
29
31
36
37
40
48
47
29
19
16
14
14
-6
30
7
29
35
11
23
9
10
3
7
1
0
19
20
12
10
6
9
-5
-1
-6
-7
3
-21
-29
-11
-18
-69
-65
-46
-36
-30
-35
-3
-27
-34
-16
-63
-62
-43
-26
-36
-31
-3
-22
-19
-28
-31
-13
-3
9
-11
-25
10
-7
-14
-25
-6
18
11
19
11
53
51
35
12
16
9
18
31
18
40
7
15
25
27
43
60
51
49
48
21
47
43
25
21
-1
3
15
21
17
19
25
11
13
15
-27
-54
-70
-79
-43
-13
-13
-26
-26
-16
1
14
9
9
3
-3
-18
-51
-31
-2
-36
-16
4
-16
3
-6
1
9
-16
-21
-50
-51
-30
-27
-18
-5
2
29
18
6
28
5
9
16
38
13
14
36
3
12
13
25
-6
2
21
-6
-16
-23
12
-6
-16
7
-4
-16
-37
-16
-13
-11
-2
13
33
0
0
16
21
9
2
1
0
6
27
59
22
-3
24
32
-3
-4
-4
-23
-29
-25
-13
-9
-14
-18
-13
4
15
-3
10
-6
-29
-26
-44
-38
-41
-55
-33
-10
-15
-16
-15
-14
-6
9
-8
-7
16
9
-14
-15
5
14
38
67
51
20
34
21
7
9
38
34
9
18
2
-7
0
19
17
19
27
37
21
-14
-7
15
12
-28
-3
18
4
9
12
29
7
19
33
22
6
-17
0
-21
-10
-3
2
0
-15
0
-15
-9
-22
-48
-53
-33
-43
-84
-80
-82
-53
-18
-4
-3
23
42
1
6
-1
-11
3
9
-27
-51
-19
-23
-5
15
28
37
50
42
3
9
4
-10
6
-3
-16
-19
-1
-1
-4
22
18
22
7
-8
22
23
-2
-22
-45
-22
19
13
17
-5
22
61
38
17
11
23
-6
20
33
-1
12
3
9
23
18
23
-3
-13
20
3
-6
-4
-7
-2
-2
-4
0
17
2
-3
17
20
16
13
-6
-3
-9
-32
-35
-32
-23
-28
-21
8
0
5
0
-47
-55
-73
-56
-31
-60
-76
-54
-13
2
-11
-1
29
20
-7
7
25
14
3
2
28
56
49
67
65
50
50
16
24
19
5
15
13
5
-6
-7
-3
-1
-15
10
11
10
9
-1
-15
-7
15
-23
-3
-33
-25
15
2
23
-9
-32
-17
-28
-49
-25
-31
-37
-20
-38
-8
4
-20
-20
-22
-44
-37
-14
-23
-13
1
-1
3
18
18
-3
7
18
25
36
29
27
39
55
44
12
-4
14
7
1
18
0
4
-2
4
32
16
8
23
19
11
16
7
20
-4
-17
28
29
0
-12
-7
6
-8
-18
-1
-2
-6
-19
-6
-1
15
17
18
25
0
3
7
0
-36
-25
-3
-9
-1
-3
-16
-21
20
3
-37
-31
-45
-32
-7
23
11
-22
-13
-22
-31
-16
-24
-28
-17
-25
-22
-24
-14
-17
-41
-7
-3
-5
9
-5
17
14
-7
33
16
-4
9
3
18
-1
12
-4
7
6
-5
40
25
38
15
18
39
4
3
5
15
12
-9
9
24
31
41
35
14
26
34
1
8
-1
9
18
-3
31
28
-23
-10
2
-9
-3
-28
-29
-36
-46
-35
-15
-31
-53
-36
-31
-12
-35
-29
-14
-35
-17
4
-13
-4
-3
-17
9
23
60
50
27
21
4
18
16
-4
-12
7
2
14
16
-14
-20
25
22
-17
-29
-4
9
-18
-19
1
-4
-34
-4
3
30
25
9
29
19
19
12
25
4
4
-2
-12
15
22
19
-9
-11
3
-13
9
13
-3
3
-8
-7
-13
-19
-31
-13
-20
-25
0
6
26
34
11
18
35
14
14
-5
10
6
9
29
27
13
-12
-18
-23
-38
-54
-35
-25
-1
-16
-30
-31
-37
-57
-61
-19
-13
-3
-16
-25
-32
-34
-29
-17
-15
-8
2
-13
0
1
6
13
20
44
44
23
19
16
9
12
23
44
42
34
39
53
29
1
20
46
27
1
3
18
26
28
59
57
41
26
13
2
9
14
14
-2
-28
-32
-63
-19
-16
-37
-6
-3
-24
-43
-53
-35
-21
-31
-20
-28
-19
-32
-32
-35
3
21
-9
-5
-31
-5
9
-6
-14
-22
-22
-32
-38
-41
-21
-7
1
10
-12
-17
10
46
53
23
24
45
42
26
43
33
22
24
23
41
19
4
9
-9
-25
-17
0
32
10
11
37
10
23
13
-4
-7
-26
-35
-18
-7
5
3
-22
-14
-20
-16
4
3
7
0
-1
6
14
5
-3
1
-6
-33
-42
-15
5
-5
-25
14
6
6
-8
-33
-19
-6
9
-9
19
3
-1
-16
-4
15
-31
-29
-34
-26
-35
-29
1
-7
-2
21
24
10
9
38
13
20
28
-16
7
1
-13
22
44
35
10
20
33
9
27
37
20
23
18
16
1
1
-13
-33
-42
-29
-35
-38
-10
-19
-11
-2
6
4
25
50
42
38
4
-7
-3
0
-7
-38
-1
34
-4
-22
-26
-12
17
16
11
4
5
13
-2
-5
-6
-14
-22
-44
-20
-13
-31
-36
-28
-16
-55
-26
-20
-15
0
-18
17
-15
-32
-15
6
3
-9
-2
-2
0
-21
11
19
18
38
43
69
63
62
57
39
17
-17
5
13
9
-4
-26
-7
-5
6
22
22
51
63
35
17
4
32
31
5
5
9
-6
-17
4
-6
4
-11
-42
-45
-37
-19
-7
-1
1
0
-17
-20
-22
-16
2
-7
-21
-12
-22
-35
-42
-35
-12
-27
-27
-21
-24
-2
-17
-12
-17
-28
0
-12
7
5
-6
-3
-26
3
6
12
12
-13
15
2
-17
-18
-16
21
-9
-22
-11
-31
-16
6
26
8
17
1
-13
-1
19
54
45
53
45
54
45
52
21
13
43
13
41
16
31
19
10
34
22
25
8
25
11
12
13
-8
-27
-13
-6
-16
-17
6
-7
-14
28
-6
-1
16
36
27
23
-8
-31
25
-6
-9
-31
-50
-48
-56
-43
-54
-34
-44
-61
-55
-44
-25
-44
-35
-18
-20
-15
-19
19
12
-3
-2
-12
-4
-14
-3
2
-23
-12
14
-2
11
13
-5
16
6
-4
15
31
28
35
25
7
6
8
-9
-19
16
8
7
5
-3
-3
-4
6
0
-5
20
29
9
15
4
21
8
-15
-13
-5
21
6
-11
-7
11
13
33
20
1
-7
1
16
15
23
16
19
-10
9
5
10
19
5
-20
-21
11
26
38
12
11
-1
18
0
-19
-26
-32
-15
-36
-25
-12
11
13
-4
-1
20
3
3
27
25
6
0
7
-22
-44
-37
4
33
4
-6
15
12
-2
-5
-31
-46
-12
2
16
-12
-36
-2
-13
-2
-13
-26
-10
-35
-30
-16
-6
8
-4
0
-4
-7
-29
-38
-15
-34
-39
-16
-30
-26
-19
-22
22
1
10
6
0
-1
-42
-30
-6
26
-4
0
-7
6
25
12
15
4
8
36
17
16
50
26
81
98
78
77
58
63
72
57
45
34
11
6
10
31
31
25
13
19
8
-9
-27
-25
-12
-19
-19
-34
-2
-21
-20
-8
-10
0
-7
0
-20
-25
-30
-44
-58
-31
-43
-66
-42
-40
-69
-76
-23
-15
-42
-50
-19
7
-16
-16
-3
-10
1
0
0
10
-4
3
-3
18
30
5
35
35
2
11
0
-7
9
-9
3
21
45
29
15
53
35
25
21
26
-12
-18
-13
-29
0
-19
9
24
19
6
19
18
13
20
3
47
7
-10
-1
-30
-26
-2
1
-9
-10
-32
-35
-48
-39
-15
-10
-5
2
2
-3
-8
-19
2
-6
10
13
-14
0
6
25
52
47
8
4
22
38
16
2
32
21
10
8
24
25
-6
-7
-6
10
6
-10
18
20
-4
-21
-2
22
16
11
16
18
13
13
1
-13
-23
-20
16
0
-39
-42
-45
-45
-50
-24
-11
-7
-38
-58
-32
-13
-6
-13
22
14
14
6
-30
-14
2
2
9
29
-3
3
25
14
14
-10
-19
-4
-4
-13
5
0
-1
-10
-28
-9
-5
0
-21
-16
-19
-41
-35
-19
-15
-27
-3
-9
3
4
-11
3
4
4
-20
3
9
28
19
6
45
44
58
51
41
20
45
40
3
20
27
40
38
31
43
57
44
50
25
4
0
20
34
6
19
32
0
-23
2
-9
-14
-31
-26
-10
-29
-10
-10
-36
-43
-25
-8
-3
-6
-19
-30
-45
-41
-30
-25
-18
-36
-16
-20
-39
-40
-22
-42
-33
6
-22
13
-3
-15
13
-3
-38
-23
-8
-9
13
3
-4
-18
-6
0
15
25
12
5
-10
-9
6
-15
-12
12
-18
-32
-10
22
0
29
56
30
18
-10
1
13
27
21
50
60
37
35
47
54
19
12
25
38
10
20
16
0
13
13
20
17
19
6
2
3
-1
-10
4
22
19
-8
-22
-6
-12
-11
-18
0
-26
-50
-33
-18
-22
-58
-29
-15
-13
-17
-26
-38
-54
-41
-57
-33
-9
-23
-1
-3
-12
-4
-26
-42
-49
-45
-5
8
-2
10
19
30
39
30
10
14
41
53
25
25
45
34
13
5
44
31
10
14
29
9
6
28
0
0
2
-3
0
-2
-21
-15
-9
-19
3
7
-25
-28
-16
-14
-14
-11
12
-10
-4
6
-5
15
20
-2
-4
-7
-41
-18
-20
-9
-7
-36
-19
-6
-9
16
38
26
31
29
34
45
49
37
38
41
16
-10
-11
-9
3
-6
-8
-3
-9
-9
-28
-20
-22
-4
-5
-16
-26
-17
-15
-31
-10
-6
27
21
9
12
34
19
-16
9
7
4
-15
-42
-55
-23
-9
-51
-44
-3
-25
-56
-25
-8
9
16
15
32
28
38
5
-4
28
33
33
27
16
-8
-7
-12
-1
6
-13
8
16
20
-9
-5
21
10
24
21
33
17
-9
-17
4
15
-2
25
18
-10
-10
-11
-5
17
10
17
10
0
0
-19
-25
-21
-19
-3
10
13
19
-15
-9
-9
-16
-29
-50
-35
-22
1
-6
-13
3
-11
6
20
-14
-18
-10
7
-10
-12
5
-11
-14
-33
-41
-28
-15
-25
-57
-41
-1
-3
-16
6
26
6
17
25
-2
4
