10
3
35
28
-12
-25
-1
20
6
3
13
-1
-30
-14
4
13
29
35
6
6
24
11
13
28
17
6
38
59
29
8
28
9
-25
-14
-21
-58
-37
-21
-39
-24
-12
-6
4
13
43
24
-5
5
-2
17
25
7
16
31
-2
11
10
-7
5
-20
6
-21
-48
-34
-38
-13
-6
-32
-38
-47
-60
-37
-23
-16
-57
-62
-34
-31
-24
-13
-14
-12
7
10
29
19
-9
9
4
21
42
35
31
10
2
17
7
-18
4
14
1
-6
16
9
-1
26
16
25
26
32
37
0
23
58
38
33
12
22
15
-17
-12
-29
-22
-5
-25
-41
-10
-7
3
48
46
20
6
0
0
23
18
16
0
-46
-17
-18
-19
-11
-48
-39
-38
-30
-28
-32
-23
-19
-12
-3
34
22
14
26
-11
0
10
6
28
18
35
6
7
26
16
32
-16
19
35
10
12
4
3
-29
-22
-12
-8
4
11
-27
-28
-28
-34
-33
-53
-27
-39
-10
-5
-2
16
-1
27
21
-15
-23
0
10
-16
-18
-8
-6
-20
-37
1
3
-14
-27
-26
-21
-16
-41
-20
24
24
34
19
21
12
40
45
55
46
25
37
3
-2
2
8
32
54
30
42
31
24
31
-1
36
61
21
16
44
23
-10
-18
-27
-7
12
-10
-12
-10
-12
-6
-10
-11
-25
-4
26
-22
-19
11
-18
-8
-35
-62
-56
-41
-3
-7
5
17
-1
-4
-2
-1
3
-38
-59
-51
-37
-33
-25
6
9
-19
-9
17
14
15
-13
0
-39
-63
-19
-13
-24
-48
-19
-9
-31
-25
4
7
41
28
11
8
-28
-11
-7
5
-16
-1
-5
-16
35
46
27
9
23
38
37
36
42
13
0
0
18
26
25
31
20
40
53
49
28
-4
-3
9
0
7
-18
-19
0
16
22
18
28
11
11
-6
9
16
24
29
34
53
41
10
4
3
-21
13
7
9
2
12
30
-16
11
-7
-19
-19
-30
-38
-44
-22
-31
-30
-32
-35
-67
-46
-31
-46
-19
-16
-38
-61
-29
-53
-58
-28
-11
0
-26
-23
-26
-17
7
3
-11
5
2
-9
-10
28
49
16
12
0
-2
11
25
12
19
19
7
-24
-13
15
0
5
-22
-31
-36
-19
-20
-44
-15
12
5
2
-22
-15
18
15
0
-32
9
-8
6
42
40
91
53
61
63
97
88
28
51
55
39
9
22
15
14
21
12
-4
-19
-2
-15
-20
6
20
15
19
8
0
7
13
31
26
38
18
-13
1
-10
-18
-30
-45
-60
-38
-13
-7
13
0
-25
-27
-6
-13
-19
-35
-35
-18
-32
-18
-7
5
-1
-19
-34
-54
-51
-35
-22
-51
-47
-20
-15
-7
-10
-22
-31
-7
5
12
6
7
4
-12
-12
-2
19
-3
-8
-2
5
19
48
46
22
18
-2
10
-25
-38
-26
-25
-8
-22
-3
18
64
48
13
11
25
33
27
31
7
31
26
38
25
33
38
20
62
22
19
10
-1
31
62
38
11
17
-4
3
-17
-15
3
-12
-16
-22
-31
-50
-55
-19
-32
-60
-56
-53
-66
-16
-4
-22
32
13
-8
7
44
51
7
7
-6
-22
-29
-4
5
-19
-5
-26
-43
-35
-23
-1
16
12
16
-29
-55
0
6
20
-12
-10
20
7
26
24
28
22
19
29
8
3
2
10
32
35
41
41
15
-1
38
50
51
28
28
22
-12
27
25
-4
2
-1
-27
-48
-59
-36
-52
-63
-57
-91
-91
-69
-53
-61
-25
-22
-11
-16
-19
18
8
14
3
13
-5
0
13
-1
21
13
11
12
13
55
43
25
48
44
54
16
46
85
29
25
25
10
3
-26
-24
5
-18
-32
-30
-6
-3
-23
7
23
-15
-51
-16
-7
1
-4
7
18
9
3
-9
8
-3
34
24
1
20
5
-13
-3
4
-16
-41
-57
-36
-53
-33
-25
-32
-2
-13
-34
-25
-19
-45
-16
-6
-17
-19
-12
31
32
28
55
43
13
27
21
20
6
8
28
15
16
9
-10
-16
9
14
9
-1
6
14
15
40
9
12
25
21
20
3
29
22
-2
-5
-10
4
20
18
0
-22
-42
-38
-44
-45
-32
-16
19
16
6
-7
-14
-13
7
25
-13
-3
-7
-19
-27
-41
-18
-16
-32
-24
-16
-6
10
-5
16
24
-1
0
-9
-16
-17
-28
11
48
32
43
23
10
34
21
26
56
32
16
-10
-22
2
8
40
15
21
16
-31
-31
-31
-28
-41
-10
-40
-64
-16
-30
-33
-41
-47
-56
-60
-49
-57
-59
-19
18
8
44
46
34
27
16
17
41
34
3
12
4
23
-2
16
41
31
21
52
47
16
29
1
-9
-11
40
29
31
56
46
12
19
69
41
58
42
32
13
-9
3
7
26
-4
-19
-29
-58
-65
-54
-46
-42
-49
-31
-42
-58
-12
-32
-57
-53
-40
-40
-57
-37
-35
-50
-40
-17
-19
-13
18
14
-14
-6
23
25
7
17
29
-7
-8
-18
-33
1
-7
-12
11
20
31
34
33
61
38
25
34
12
5
0
10
2
10
0
-1
9
9
25
19
26
28
13
5
28
30
25
18
16
32
17
-15
-16
2
22
41
30
27
9
-6
-16
-13
-35
-50
-47
-19
-20
-61
-54
-60
-53
-18
-18
-13
0
-31
4
-13
-17
3
-17
0
-16
-4
2
12
17
37
25
27
57
22
6
-13
2
6
-24
-19
0
1
-4
11
6
-5
19
57
35
7
1
6
16
38
50
32
6
-16
-15
-23
-9
-48
-32
-25
-51
-42
-60
-36
-15
0
-9
-22
-11
0
-4
23
39
22
-12
-39
-16
-6
-3
12
29
29
22
40
56
4
-10
-4
-25
-14
-31
-20
-13
4
13
-7
-14
-28
17
44
31
-3
5
34
2
7
24
20
16
0
26
38
1
28
26
11
24
10
6
23
27
33
6
9
0
-82
-60
-34
-25
-19
-19
-28
-22
-42
-39
-17
-28
19
-5
8
9
-12
-8
10
27
-3
-8
6
3
-15
3
23
5
-7
5
-1
24
47
37
0
-6
-15
-46
-15
-6
-6
3
-5
2
-4
-1
-2
-7
15
1
-22
-29
-50
-50
-6
1
-15
-7
-11
-17
-8
-13
-14
6
17
-3
9
22
4
36
26
16
0
4
7
-11
34
31
16
8
13
-23
-25
13
7
22
9
-13
-16
-29
-16
6
10
12
-3
19
19
27
65
41
13
15
8
-2
-7
-10
15
-4
4
25
5
26
0
14
18
-9
-15
-7
-4
2
28
-4
19
11
-6
-12
-38
-1
16
-15
-21
-15
-31
-19
-37
-43
-56
-51
-62
-95
-70
-88
-50
-10
-16
-8
-15
-13
-19
24
47
20
13
41
55
41
38
7
18
48
43
7
-5
-4
4
16
-4
-18
-7
29
13
22
32
35
35
48
39
-12
25
15
17
7
-14
4
-14
-9
0
2
-17
-47
-71
-26
-24
-26
-16
-26
-2
-5
-10
-1
16
4
-2
-29
-59
-34
-27
-22
3
-3
17
18
14
9
7
49
41
19
-3
-10
-26
4
14
25
53
8
7
2
3
13
10
22
33
44
31
28
41
30
59
39
-5
-3
7
40
26
11
7
-7
6
-6
-4
5
-6
-21
-38
-41
-74
-69
-56
-41
-23
-18
-27
-50
-41
-53
-57
-79
-86
-50
-44
-41
-40
-33
-2
-7
-26
-12
-4
-20
-6
13
34
38
12
37
32
54
47
47
66
53
65
47
59
47
30
30
47
22
-7
10
-5
2
-16
-4
-18
-36
22
-3
14
25
17
22
-9
24
-5
-42
-12
-19
-22
-41
-43
-2
-20
-22
-1
6
20
23
5
26
34
13
9
-4
1
-8
15
31
38
15
37
36
13
33
22
46
20
5
-18
-26
-4
-31
-8
0
-37
-56
-83
-64
-50
-40
-12
-15
-16
-21
-7
-13
5
15
0
6
-14
-25
-37
-40
-51
-24
-6
-7
-12
-16
4
-21
-1
23
40
4
-15
10
-7
-3
28
44
35
19
5
37
4
-2
14
-22
-19
-4
15
-4
-27
-22
17
9
2
16
-7
20
8
8
13
17
13
11
37
-9
11
10
24
49
28
57
60
65
31
54
61
25
12
13
9
-6
9
-19
-4
11
-2
-19
-32
-16
-41
-51
-29
-16
9
-15
-30
-51
-46
-23
-27
2
-25
-16
-30
-31
-15
7
32
12
19
0
-10
-15
6
-10
-19
-13
-32
-50
-44
-19
-44
-31
-9
-33
-46
-38
-15
1
-30
-40
-42
-28
-7
7
19
22
5
8
41
19
29
45
44
36
28
41
21
-7
-11
7
32
31
17
21
47
56
69
74
12
29
24
15
20
-29
5
23
42
34
-24
-6
8
0
13
15
22
20
2
3
2
-31
-30
-36
-24
-27
-63
-9
6
6
-24
-21
-28
-42
-44
-63
-39
-26
-9
-30
19
33
29
16
4
19
-3
3
26
35
-7
0
1
18
7
-18
-32
-17
-4
3
16
-6
15
-3
6
7
10
-1
-1
-6
0
18
4
19
-22
-22
-33
-32
-28
2
12
6
-7
-44
-35
-40
-44
-44
-30
-42
-10
-44
-10
-21
-53
-6
-20
35
3
24
24
-19
-4
-11
-8
5
2
9
7
-13
22
44
58
59
73
82
40
25
16
44
70
28
32
43
17
-13
3
24
55
60
33
48
33
27
2
-5
-33
-66
-28
0
-1
-8
7
-7
-4
3
5
18
12
6
18
23
25
8
-29
-15
-9
-9
-19
-35
-16
-17
-55
-47
-62
-71
-51
-47
-46
-47
-60
-89
-53
-33
-48
-25
-2
14
-9
5
19
0
26
10
42
48
31
14
-3
15
-18
5
11
31
19
-13
-12
-41
-35
-20
-11
-4
-18
6
13
17
17
4
15
1
52
36
15
15
1
47
23
11
2
-15
-3
-12
-48
-19
2
-6
5
-3
8
0
23
25
29
45
44
51
38
13
-7
0
16
30
13
19
15
-2
-5
21
-13
-31
5
-13
17
-3
3
12
-6
19
8
16
14
-21
-16
7
-29
0
0
-19
11
-7
-1
4
4
-20
8
3
-15
-35
-51
-13
-34
-27
-13
1
-15
-51
-34
-10
-3
-6
-19
-28
-13
1
12
7
8
16
-3
-22
1
5
-19
-7
5
6
-5
-2
2
12
13
11
20
16
29
22
8
25
24
26
-7
-15
6
-31
-37
-9
14
7
-13
-16
-3
-17
-12
14
26
28
1
-24
7
-4
-22
-6
-26
-4
-5
23
12
-9
-11
-56
-47
-29
9
-5
-21
-19
-16
13
-13
12
27
16
33
10
35
12
33
65
20
35
27
53
50
28
58
66
45
59
70
41
26
-9
11
22
-18
7
18
10
-16
-3
-13
-54
-45
-29
-13
-44
-35
-33
-38
-32
-47
-36
-32
-42
-62
-37
-39
-50
-49
-41
-22
-45
-35
-50
-50
-35
-18
-25
-36
16
-12
-13
17
32
44
24
28
16
26
64
35
15
5
9
42
23
20
23
-23
-20
16
5
29
47
42
35
12
-15
-14
11
28
30
29
40
5
-24
-38
-28
-22
-25
-33
-38
-13
15
19
17
7
-6
6
3
19
20
23
17
37
55
53
61
65
68
43
41
25
0
-33
-25
-36
-53
-47
-67
-64
-86
-55
-7
-29
-41
-23
-18
-50
-31
-12
4
51
22
38
34
9
2
-8
9
-9
-14
-8
-4
0
-16
-28
-3
-41
-33
-14
-25
1
-4
10
-4
-11
-13
-26
-19
22
41
31
18
23
37
19
2
-15
26
22
-22
-18
-7
-2
2
-23
-43
-10
-11
-33
-25
-26
3
30
9
12
6
34
64
19
35
24
48
79
44
43
20
19
12
18
26
22
-13
-12
5
-19
-1
-22
-34
-33
-15
-26
-15
-7
-3
-2
-6
25
-4
16
-15
-9
14
2
13
-2
7
-47
-32
-13
-42
-35
-27
-12
-37
-46
-18
-39
-48
-47
-8
8
-6
10
4
28
39
53
28
6
47
32
15
23
9
18
0
-6
9
-2
9
-29
-21
-28
-35
-25
0
17
7
17
11
32
-10
21
27
3
34
-1
1
6
10
4
-11
-4
-20
-50
-50
-43
-42
-33
-28
-12
-21
-22
-28
8
23
27
60
29
30
25
11
42
66
78
66
38
19
22
25
22
16
-10
-11
-34
-52
-45
-34
-7
1
21
0
-1
41
18
-7
6
0
23
5
-29
0
-38
-33
-16
-6
6
-13
-29
-69
-37
-23
-32
-7
-34
-40
-34
-25
-11
-35
-19
-20
-21
-11
-28
7
26
18
6
26
38
32
29
-2
14
24
20
19
8
0
-15
-22
-5
-5
-10
9
16
49
38
7
8
-16
7
44
66
69
55
71
54
63
48
12
25
-8
-40
-44
-46
-35
-27
-30
-40
-16
-22
-51
-1
12
23
-13
-19
14
-23
-16
-23
7
34
26
9
-9
-3
4
-4
-19
-18
-12
-22
-32
-35
-50
-23
-14
-25
-35
-22
-15
-38
-29
-12
19
40
48
38
30
46
41
29
29
30
34
13
0
-12
5
4
-15
7
-5
-23
-19
-17
-32
3
11
-2
-25
-20
5
-6
5
-21
-6
0
-4
-2
-8
10
3
7
-2
10
9
-19
3
-5
-17
-9
10
3
14
56
29
2
6
14
20
27
13
13
27
20
15
-2
5
17
5
-2
12
6
-13
-15
-39
-45
-44
-16
-14
-45
-6
-20
-46
-12
-28
9
36
37
30
14
18
4
10
3
16
-6
-25
-43
-38
-4
4
10
6
-16
-15
8
-23
4
46
16
16
35
39
54
17
28
48
31
23
4
21
32
48
31
7
-7
-6
-1
-15
-20
-42
-28
-38
-56
-70
-68
-41
-103
-94
-60
-42
5
-9
36
35
16
24
2
10
35
36
19
36
34
28
32
-9
-7
7
-16
-35
-65
-38
-30
-26
-34
-21
8
13
15
-12
6
7
12
1
10
9
13
19
-17
2
20
44
20
1
2
-38
-36
-13
6
41
22
9
3
-8
48
69
66
57
2
7
28
-5
13
53
52
11
-20
3
24
18
4
19
0
3
-1
-9
12
-27
1
-12
-20
7
-20
-34
-38
-30
-28
12
12
-10
-25
-34
-18
-23
-26
-36
-42
-33
-34
-42
-21
-16
-25
-30
-9
-14
-34
28
15
14
49
28
21
8
2
5
5
0
1
-6
-15
-40
-24
4
-12
-14
-3
10
11
5
18
32
7
7
10
2
3
9
34
14
13
41
37
30
12
29
55
32
26
12
23
3
-44
-23
-26
-35
-54
-63
-59
-34
-7
-17
-3
-15
4
-10
-19
22
-13
2
17
17
4
5
24
-16
-8
10
23
22
35
1
16
28
-38
-8
4
20
32
10
3
6
16
45
51
50
47
19
41
14
0
22
-16
-18
-27
-16
-15
-47
-19
-12
-39
-25
0
-16
-31
-38
-10
-45
-48
5
2
-13
-44
-49
-25
-13
-44
-35
-47
-44
-24
-22
-10
-19
29
38
34
32
-5
4
6
23
54
57
44
27
41
18
19
21
11
40
45
46
23
5
-6
0
1
-3
-5
-7
-4
7
-17
-17
5
-29
-19
-25
-23
-6
-16
-18
-4
-9
-5
-14
-36
-4
-10
-40
-43
-26
0
-23
-31
-24
-35
16
25
44
51
18
24
22
22
25
41
64
77
42
53
54
46
42
10
25
13
-1
0
18
1
3
1
-24
-17
-36
-57
-73
-64
-53
-61
-21
-6
-28
-13
-19
-3
-7
-15
8
-15
-13
-1
-13
0
-11
-11
5
-1
2
9
31
12
3
-6
0
12
3
-25
-51
-16
-32
-29
-31
-22
0
-14
-23
-49
-33
1
16
10
-11
-13
13
13
5
13
22
42
56
51
47
56
68
38
7
15
25
38
7
5
7
6
24
28
44
60
45
31
9
3
-25
-30
3
-3
29
18
13
7
6
4
-18
0
-11
1
13
-3
-33
-39
-15
-13
-50
-70
-51
-45
-44
-38
-26
-11
-26
-77
-40
-51
-54
-2
-32
-9
-16
-24
-33
-54
4
-3
7
22
10
34
0
5
36
31
29
-5
-3
-7
-5
25
22
16
11
9
36
37
1
32
28
-16
21
42
50
74
49
35
29
41
44
16
49
32
-5
-1
-8
-10
-39
-38
-15
-10
-22
-7
12
-8
6
3
-2
4
-6
-9
0
-6
-10
-21
-30
-9
-32
-41
-46
-35
-42
-59
-22
-28
-28
-25
-12
3
24
21
3
1
3
13
3
24
15
23
17
8
40
19
20
9
10
47
36
11
-10
-31
-32
12
-21
-50
-45
-68
-29
-35
-31
4
-1
-16
-48
-56
-26
-15
-21
-23
-12
22
36
23
50
60
48
59
19
13
15
11
32
-3
12
7
16
17
-38
-33
-2
12
-15
-16
16
25
18
23
29
36
29
32
37
56
48
23
3
-18
13
-24
-3
-7
-26
-16
-68
-34
-29
7
33
29
67
18
-15
-30
-31
-26
-20
-1
-25
-7
-41
-32
-6
-44
-14
13
2
-15
3
-16
-25
-24
-17
4
0
3
-17
-19
0
6
27
38
16
58
51
26
20
12
6
-19
16
13
-3
-35
-40
-14
-27
-28
-30
-44
-25
-15
-26
-4
3
-1
-11
-16
-9
-44
-67
-51
-39
-3
-3
-1
20
7
-4
0
26
17
21
34
24
10
5
23
49
63
42
19
44
50
37
33
1
15
7
-22
-32
-37
-1
-2
7
10
3
21
3
17
6
-10
16
40
19
-15
2
8
1
-1
16
13
0
16
31
29
38
23
21
49
32
15
1
4
18
25
1
-10
-12
-19
-30
-56
-49
-49
-61
-53
-31
-43
-57
-32
-33
-67
-36
-2
-4
-3
-11
-15
-53
-37
-14
-18
12
-22
1
-7
-56
-23
-29
0
-16
1
15
-34
-16
-4
-14
-17
7
0
-2
10
28
72
68
35
49
22
18
32
57
49
13
34
6
5
10
-16
-44
-35
-16
-38
-28
0
-8
14
32
-4
7
20
28
50
38
27
11
24
30
7
36
23
20
34
30
40
13
25
13
4
31
27
35
17
-10
-22
-41
-21
-1
-11
-10
-13
1
-11
-35
-22
-5
7
8
-14
-44
-30
-19
-38
-36
-24
-42
-44
-38
-55
-49
-19
7
-16
-20
-2
3
2
4
-3
-5
-3
11
25
13
26
30
28
11
4
0
-14
-23
-18
-9
-18
3
4
-25
-39
-53
-56
-29
6
2
-17
-4
-16
-29
0
36
12
-7
25
29
33
46
83
76
85
104
73
9
12
1
1
-4
-40
9
-18
8
-16
-26
-20
-35
-11
0
3
-13
21
0
-10
-28
-17
-9
-7
-15
-28
-28
-13
26
3
25
6
2
5
-2
7
13
49
39
6
28
43
22
8
4
18
-3
-5
-8
-45
-27
0
-9
28
25
-1
-5
-24
-30
-54
-39
-16
-25
-16
-3
-8
-18
-36
-19
-2
6
28
54
40
7
16
19
0
-26
12
14
-1
-20
-38
0
-9
2
-1
-3
-9
-23
-7
-50
-58
-12
-5
-24
-53
-35
1
13
34
18
33
17
16
25
14
39
41
37
19
47
24
21
42
25
47
29
37
30
10
4
4
21
-22
-19
-7
0
-16
-38
-37
-40
-25
-37
-33
-59
-76
-81
-79
-69
-67
-32
-13
12
0
10
16
5
17
-7
-13
20
25
18
19
41
55
16
11
54
45
35
23
0
0
-17
0
1
-23
-16
-6
-22
2
0
13
6
5
38
6
9
1
54
38
42
55
36
75
34
27
17
8
0
-22
-33
-49
-41
-56
-63
-44
-31
5
-7
-36
-19
9
-12
-34
-13
0
7
15
1
-20
-1
-15
0
5
-10
-11
-23
-22
-13
-34
-21
0
-33
-14
-20
-6
34
11
1
28
26
28
19
19
-3
-6
21
6
29
10
12
-16
-13
4
-9
29
25
6
2
-9
-28
-27
-6
11
-10
-9
-28
-58
-27
30
69
61
61
35
19
24
-3
6
27
26
21
31
32
32
45
31
9
2
-4
-18
-47
-79
-64
-29
2
-22
-25
-20
-39
3
1
0
7
3
-10
-19
-17
-8
0
-43
-45
-39
-28
3
-6
-8
-7
-6
-25
-34
-31
-45
-25
-23
-25
-16
-9
12
12
17
36
35
58
37
26
71
50
19
3
-1
2
0
-3
6
9
8
25
8
-18
-3
-7
7
25
-9
22
10
9
29
23
33
29
45
63
21
-6
31
0
20
29
8
-9
-1
1
-25
-25
-41
-7
-10
-4
-19
-23
-18
-26
-5
-3
24
-13
-38
-21
-39
-18
-20
-12
13
-20
2
-15
-29
-23
-37
-4
-20
-32
-23
-23
-26
-14
-21
-7
18
-6
-12
2
10
10
9
-10
0
-2
-7
12
18
0
-20
6
-3
-10
7
28
36
7
35
28
17
35
11
26
48
31
47
71
45
69
54
8
23
10
15
16
-3
15
19
-8
1
-19
-80
-87
-76
-32
-31
-30
-18
-48
-5
-11
-23
-12
-31
-1
-5
-32
-37
-29
-22
-33
-29
-24
-25
-41
2
23
1
34
28
31
8
22
53
3
7
17
35
47
29
35
31
22
27
-3
-39
4
21
6
29
10
10
21
-7
13
21
-1
-9
-22
13
4
-7
26
-1
-25
-21
-11
-31
-40
-29
-28
0
-29
-46
-31
-32
9
-12
21
35
-3
9
-2
23
18
19
41
15
-4
9
5
16
9
-2
20
38
13
-16
13
26
25
17
7
5
-16
-62
-61
-25
-25
-22
-7
0
-22
-30
3
-1
12
16
-1
6
-25
-36
-11
1
-6
-21
-60
-69
-54
-37
-8
0
-13
-16
-3
-21
-9
-29
-10
45
30
30
44
39
19
23
27
13
24
25
15
23
0
1
19
32
59
48
41
41
47
53
69
41
18
26
7
18
-5
3
-37
-59
-40
-79
-44
-30
-19
-12
-47
-20
-22
-47
-28
-27
-17
-13
-23
-47
-41
-16
-25
-13
-6
-9
-3
-4
-26
3
16
18
-12
-12
29
7
10
19
51
65
38
0
13
12
20
18
13
38
32
47
22
19
6
15
22
18
23
21
33
19
12
3
12
6
5
-23
-15
14
-10
-30
-31
-4
-14
-50
-31
-31
-27
-8
-38
-25
-53
-64
-16
-17
6
-18
-35
-19
-54
-39
-5
-38
-26
-39
-37
-12
-34
7
11
10
12
9
5
14
25
20
25
16
45
10
-10
11
21
48
25
27
30
4
-9
-9
-6
-7
18
12
11
16
-2
20
19
20
11
-15
-13
1
16
18
28
24
-21
-22
-11
-10
12
22
41
39
29
22
-12
6
6
7
69
54
4
1
31
12
-29
15
34
23
10
11
-6
-16
-15
-52
-23
-26
-31
-28
-34
-25
-56
-42
-53
-63
-41
-30
-20
-25
-22
-16
-22
-16
-14
7
19
29
35
19
34
20
43
34
0
-8
-36
3
-1
-13
0
-50
-43
-45
-70
-26
-12
-4
-12
0
12
-2
16
12
-7
6
16
13
0
-25
-16
-4
8
15
3
6
2
2
5
-11
-7
-16
-9
-14
-29
9
-5
14
29
13
18
35
51
47
47
47
83
71
10
28
53
50
18
-12
16
6
-16
-22
-12
-3
-29
-18
-21
-26
20
25
42
73
63
22
16
27
37
38
22
16
-19
-19
-37
-19
-20
-22
13
-31
-37
-47
-32
-27
-22
-34
-35
-16
-32
-66
-75
-42
-41
-44
-54
-7
-24
-1
4
-12
22
-1
8
-7
-7
-30
-39
-36
-28
-21
-42
-22
17
12
-7
15
19
9
-6
11
7
-21
-13
-2
-15
9
28
9
30
31
38
26
-7
-12
-12
17
38
42
47
25
-9
0
21
1
2
9
9
19
7
4
22
26
42
40
1
-1
-16
-29
5
8
21
16
-4
20
1
10
47
41
29
4
-7
11
31
44
40
14
13
19
26
-3
-37
-16
0
-22
-19
6
-34
-41
-19
8
28
14
-15
-12
-4
-32
-10
0
-22
-41
-56
-25
-4
-22
-39
-70
-58
-47
-41
-32
3
4
-11
8
8
20
9
18
19
20
38
18
-8
-11
-28
-20
-30
-9
10
-12
18
27
15
-6
0
3
10
-15
3
13
-10
-1
-25
-11
-34
-29
-18
-32
-9
-29
-23
-7
-19
-4
-23
-12
17
40
18
11
36
-2
19
7
16
17
4
40
15
17
35
0
6
37
34
38
29
43
33
39
15
23
56
19
48
22
8
-8
4
26
25
38
-7
5
-1
-17
-33
-22
-23
-22
8
-2
-1
-15
-23
-7
-18
13
22
-14
1
-15
1
3
-15
-20
-34
-28
-28
-21
-18
-13
11
19
-11
6
29
31
13
-14
-23
-13
-29
-42
-47
-57
-40
-38
-33
-52
-9
-30
-89
-47
-37
-25
-23
-5
-2
-25
2
6
-1
0
-4
4
22
15
2
22
10
28
40
18
33
33
12
-19
-2
33
8
-3
-1
0
29
45
60
60
51
66
52
57
46
22
49
87
73
73
35
12
22
11
1
-31
-53
-33
1
-47
-28
-36
-38
-7
-14
-9
-37
-34
-50
-17
-37
-54
-11
-11
12
4
-4
7
-2
8
4
-9
-19
-47
-35
-35
-47
-60
-60
-63
-47
-16
-22
0
-5
-2
-9
0
25
37
39
39
52
31
63
50
45
46
16
-3
-11
9
5
13
2
-21
-31
-15
-8
7
3
-22
-29
-15
32
8
17
60
63
31
7
12
3
2
7
44
8
-8
-3
-42
-45
-36
-32
-32
-44
-48
-57
-51
-1
-27
-10
-15
-32
-1
6
-1
19
53
37
33
22
27
-9
-22
21
9
3
2
6
12
14
35
50
2
-15
14
2
14
12
21
29
1
11
20
-1
10
5
4
16
-3
39
0
-29
-19
13
9
-50
-10
-15
-66
-72
-35
-47
-48
-40
-42
1
1
-4
6
6
15
14
31
34
-10
5
-21
-40
6
17
6
-23
-6
-10
-26
-20
-15
-4
0
15
6
12
-6
-9
3
22
28
30
66
55
60
35
37
35
8
39
34
14
16
26
18
3
-1
0
-16
4
19
19
6
-2
-9
-29
-14
-17
-21
-36
-44
-42
-29
-48
-32
-13
-22
-14
-55
-32
-41
-44
-5
-33
-45
-38
-15
-26
-41
-37
-39
-21
-19
13
33
38
62
51
34
28
57
41
41
23
22
34
-14
34
54
66
73
50
61
25
5
7
-11
-26
-20
6
-17
-47
-41
-28
-20
-48
-30
-23
-35
-14
-21
-23
-16
-15
-8
-31
0
11
0
15
-3
22
17
8
23
37
35
0
1
2
3
9
-19
-15
-13
-23
-3
26
21
-2
16
6
16
-9
-6
-8
-26
-23
-31
15
-18
-31
-6
13
13
21
57
15
17
29
9
16
6
19
2
1
21
-6
0
17
18
0
-15
-16
11
-28
-41
-35
-60
-38
-62
-57
-48
-45
-25
-16
-10
-2
-7
12
16
4
11
12
49
31
7
-2
-11
0
3
35
42
21
47
45
32
31
39
48
-19
9
-3
-23
5
1
38
-4
1
-2
-31
-24
-22
-12
-31
-11
-3
-9
-10
-19
-4
1
23
-24
-22
-17
-31
29
7
-9
-42
-43
-35
-57
-40
-25
-13
-10
-14
20
31
30
36
-2
41
41
27
52
44
51
56
49
24
40
79
57
29
16
14
6
-37
-3
12
-10
-12
-1
-6
-35
-39
-35
-25
-31
-25
-19
-3
13
12
4
-9
-27
-63
-51
-58
-35
-9
-32
-29
-28
-28
-40
-15
29
19
-22
-32
-35
-38
-32
-24
19
37
19
-9
-3
21
45
46
28
29
17
-10
-21
4
10
10
0
6
16
-6
-1
11
25
35
27
37
23
-7
14
17
29
20
-3
18
11
-27
-5
48
38
39
43
30
26
-16
-17
5
-28
-9
-32
-16
-7
-23
18
3
24
23
18
17
-5
-5
-16
-22
-25
-28
-39
-45
-47
-63
-63
-38
-18
-35
-31
-26
-18
-12
-21
-5
-1
-1
8
51
10
-6
10
-12
-3
-19
15
26
-12
-6
7
2
-4
-19
16
26
-3
0
14
-13
-16
13
0
19
6
16
-4
-6
31
25
59
75
69
37
46
43
34
55
52
38
18
12
-21
-22
0
-2
-9
-24
-16
-4
-7
-35
-57
-27
-39
-44
-26
-29
5
0
-13
-10
24
25
-32
-25
-33
-27
-25
-7
26
7
3
-29
3
7
-40
-23
5
8
3
-15
-34
-16
-35
-32
-10
-15
-9
-6
4
-2
-18
11
13
-7
-15
-13
31
44
24
22
40
18
8
21
16
35
45
28
37
50
6
-14
-10
-4
21
21
-11
-26
-25
-21
8
15
-13
-16
-12
-12
4
14
50
25
11
46
37
46
23
9
13
3
17
-3
20
46
26
25
10
-14
-25
-34
-46
-25
-25
-7
-16
-44
-61
-37
-4
-47
-15
-32
-33
-46
-56
-38
-42
-38
-60
-58
-62
-40
-27
-4
-1
-9
3
21
6
-18
10
25
15
7
22
61
40
55
62
60
69
4
62
45
14
48
31
25
11
28
19
-1
9
7
-7
2
-5
-5
-22
-23
-51
-17
0
-24
9
13
33
34
55
22
27
1
-10
12
-20
-13
-42
-12
-21
-38
-47
-34
-22
-42
-16
-56
-28
-8
-19
12
25
54
33
38
22
-3
16
-9
9
0
-30
-11
-49
-35
-41
-42
-20
-19
35
5
31
32
32
65
81
71
22
63
31
23
13
0
-10
4
31
-9
-2
10
2
-16
-14
-9
-44
-35
-16
-31
-5
-41
-18
1
-38
-27
-68
-23
-42
-48
12
-4
14
-16
0
7
22
40
-12
43
22
-14
20
-7
-26
-69
-41
-2
-93
-63
-57
-56
-50
-60
-30
-36
54
16
58
94
62
80
39
63
58
37
67
9
-44
35
4
-9
15
16
-9
-13
-9
-7
51
29
11
1
44
34
-7
22
34
27
2
25
16
47
55
7
61
24
26
-14
-37
-15
-68
-22
-28
1
-67
-32
-23
-33
43
-14
35
-18
-36
-35
-42
-3
-38
-29
-38
-42
-13
-36
10
-49
-61
8
-27
-43
-78
0
-17
-25
1
31
3
-51
-36
-15
49
-3
30
46
59
36
56
69
36
18
-10
89
27
23
32
31
15
-70
-12
21
25
5
38
24
5
41
-3
7
-31
6
44
6
54
3
56
38
-18
-3
-24
-25
-114
-78
-76
-49
-42
-58
-10
-78
-58
-13
-3
10
-10
-12
-17
-45
-22
6
15
-2
-23
2
45
1
-22
21
3
49
30
28
24
7
-1
-15
9
-19
7
-23
-13
-44
-11
53
13
40
-23
13
13
-14
32
12
56
9
19
76
32
5
28
75
46
34
16
21
1
-29
29
21
34
19
2
4
-4
5
3
-7
-38
-15
-23
-5
5
6
35
-16
-3
-13
-16
-28
-46
6
15
34
-10
25
47
-4
-9
-15
18
-32
-53
-51
-6
-6
-61
-66
-79
-48
-64
-19
-12
-34
-38
-28
-24
-39
15
0
3
-34
-47
-41
-66
-14
49
28
-8
-48
-42
24
-16
11
12
-17
-42
-44
22
34
24
0
-9
19
28
18
42
25
19
-8
62
72
20
16
14
72
42
63
64
41
-25
-14
50
54
42
5
0
-19
13
77
122
38
13
15
47
76
60
95
20
-23
-2
46
47
-42
-64
-70
-62
-13
-66
-37
-81
-89
-35
-28
-33
-91
-32
-90
-12
-12
13
-1
-94
-3
-34
21
-24
10
13
-103
-90
-63
69
59
-12
-44
-50
6
7
77
28
2
-3
-12
72
42
60
-22
-47
-20
60
65
-29
13
-16
44
20
28
45
32
32
-23
46
7
21
-38
-68
4
-10
43
-5
94
0
-141
-64
13
151
4
32
3
-16
29
38
123
-22
-45
-41
40
-51
-85
19
-71
-74
-127
-19
-37
-152
-126
-105
-9
-82
-28
-13
-25
-4
-20
62
-29
-1
-92
-31
63
47
16
-106
-46
-60
29
-3
17
-23
-19
-24
-60
133
146
220
66
74
128
219
192
86
170
136
263
193
313
139
25
22
72
173
-63
40
-48
-83
-278
-196
-38
-80
-88
-287
-202
-313
-168
-47
4
49
-79
-51
-168
-21
-23
-101
-72
60
253
-16
-132
-80
99
-21
-152
69
161
155
-92
84
179
100
125
283
372
63
37
196
335
61
-21
149
131
-19
-215
-92
-109
-94
-73
-58
-147
-396
-360
-332
-307
-384
-402
-266
-318
-355
-369
-262
-190
-238
-29
142
220
70
-92
-18
21
177
140
117
-57
-73
84
112
128
-126
49
63
258
192
68
200
-102
55
7
299
312
249
207
-153
-71
3
489
298
97
117
269
417
177
498
425
391
224
347
631
407
424
193
165
-69
37
376
208
5
-256
-14
-177
-325
-205
-189
-221
-508
-245
-224
-289
-398
-416
-246
-412
-246
-250
-162
-247
-245
-130
-234
-54
-112
-95
-196
-153
-129
-251
-208
-166
-69
-294
-394
-245
-84
-122
-347
-380
-269
-65
77
-145
-355
-500
-213
386
518
246
-370
-205
135
294
-54
-485
-266
-268
-172
-640
-696
-886
-957
-905
-899
-288
-123
333
-249
-596
-240
1275
2870
1973
96
-1025
1447
4767
5500
2663
-462
378
3567
5538
2954
-574
-1270
1288
3722
2450
-235
-1963
-1562
-1648
-2544
-1991
-541
-386
-3236
-5578
-4794
-1828
-82
-1871
-4823
-5317
-1816
1274
622
-1395
-1103
488
-147
-658
1662
4511
3484
242
7
2268
3731
2988
1826
1016
767
1323
1812
1380
410
150
-843
-2489
-2405
141
1188
-1570
-3776
-2659
-1062
-2070
-2727
-939
94
-1531
-2480
-520
501
-1427
-2197
473
2380
1084
60
1259
1238
-968
-720
2678
3871
1009
-667
1015
1529
-387
-461
2134
2508
-460
-1906
-299
343
-1110
-1606
-343
-446
-2225
-2707
-1876
-1421
-1666
-1126
-789
-1344
-1261
-55
709
199
1263
2950
2476
440
1139
5157
6495
4419
2431
3345
4699
4793
4521
2384
296
1185
5533
6198
206
-4604
-3133
3
-1361
-3041
-1572
-1084
-5388
-8815
-6575
-3102
-2691
-4325
-4674
-5724
-6487
-3628
3
-396
-3419
-2250
1815
2137
-543
-115
3591
4504
2310
2289
4742
5035
2451
853
2017
3078
2567
2515
2868
1729
-1322
-3495
-2712
-637
701
500
-1317
-3777
-5243
-4479
-2278
-911
-612
-1170
-2250
-3010
-2914
-1647
-528
54
806
1379
1313
534
176
632
1170
2216
3358
3659
2677
956
87
232
1181
2404
2757
1668
-79
-988
-726
182
890
843
-321
-1533
-1792
-1492
-1094
-665
-163
-818
-2093
-2240
-1092
-453
-977
-410
1192
1566
-123
-895
1061
2917
2764
1914
2729
3606
3097
2501
2795
3368
3298
4410
5311
2985
-1268
-2005
1628
3423
1131
-776
113
-903
-5003
-6758
-3583
-748
-1733
-3208
-3390
-4343
-6451
-6104
-3715
-2674
-2673
-1212
173
-2003
-4775
-3557
247
1685
1098
1996
3248
1803
-1377
-1399
1664
4084
4073
3078
2396
381
-1673
-1442
1321
3301
2239
378
-1047
-2335
-3204
-2134
190
492
-1082
-1775
-1430
-1940
-2869
-1678
632
1016
-265
-366
368
-230
-1272
-132
2640
3380
2144
1307
1306
743
16
1436
3634
3833
2136
556
450
247
467
1739
2412
1358
-1020
-1432
-1256
-1743
-2538
-2196
-1151
-2628
-4229
-4546
-2504
-1528
-1406
-1199
-1297
-872
-440
2993
3544
565
-3675
-453
9607
14047
7951
-3449
-3049
6669
15899
11997
-204
-6441
-650
11776
12339
2484
-6467
-3012
2105
-1021
-6200
-4382
1997
-1045
-9906
-14820
-8255
570
-260
-10805
-19115
-11548
2462
5510
-5122
-12176
-5775
1190
421
-1701
2201
6798
4128
-823
-1051
4168
9333
8968
3392
-262
2281
5992
4906
1771
2884
3261
-988
-4478
-1476
3083
1140
-2723
-3992
-3969
-4789
-4582
-1789
-1476
-3556
-3427
-1362
-1682
-4125
-3752
238
2312
1015
1460
3543
3480
-381
-1571
3445
7649
6186
2306
2401
3868
2109
247
2390
5427
3467
-883
-1234
1226
1585
-441
-1472
-1144
-1704
-2087
-988
-42
-707
-1568
-2282
-2998
-3365
-1941
-526
-1381
-2018
-1647
-1584
-3740
-3800
-1418
429
900
2325
3792
465
-3285
-1581
4837
6373
4415
3618
5382
5803
4345
3816
1142
873
5589
13535
10209
-3376
-11201
-3803
8086
7213
-229
-4457
-2167
-3211
-7910
-9651
-6132
-1472
-1866
-5319
-9735
-10243
-7084
-4637
-7582
-11244
-5654
4504
5800
-4690
-11691
-5437
3433
5280
3528
6017
8036
3559
-1915
-922
6008
10664
10624
6357
1546
-1270
383
4291
5175
3475
592
-595
-2098
-2673
-1777
-953
-1281
-3024
-3253
-3263
-3205
-3368
-3373
-3088
-2232
-475
36
-951
-1995
-934
318
1613
3765
5139
3426
-444
-782
2728
5994
5887
4060
2349
831
-277
-152
1404
3216
3358
501
-2809
-3781
-1441
-334
-1849
-2393
-805
88
-2666
-4556
-2931
-514
-620
-1104
165
177
-1930
-2907
-415
952
-336
-1336
241
773
-1391
-1789
192
1904
1101
1572
2750
2037
-286
1165
4970
4506
3
-2098
4246
9130
7373
-709
-4042
937
7184
8613
874
-5897
-6970
1304
8193
4853
-4696
-8746
-2590
36
-4286
-8091
-2757
1364
-2906
-9249
-9259
-3462
-1339
-3361
-7988
-8466
-2114
4919
3829
-4715
-7150
-818
3816
2375
1440
5398
6294
1407
-1195
2344
7241
6637
2794
338
2100
4841
4267
402
-1525
1129
1467
-1627
-3197
561
2365
-1955
-5878
-4833
-1668
-1725
-2205
-1624
-1506
-1904
-1359
-761
-1898
-2081
1205
4307
2972
605
1148
2404
1232
777
4181
7024
4513
-314
-1180
1457
2711
1743
1261
1418
148
-2750
-3828
-1618
833
886
-1528
-2978
-3145
-2942
-2830
-1724
797
1917
936
-1977
-2880
-1936
-30
1588
2823
4039
2236
-1172
-4668
-3637
215
3661
3516
483
-948
-1458
-629
-2174
-1997
865
5943
7851
1969
-4657
-7226
444
8232
10822
5997
-377
-518
1851
5138
1878
-1768
-1598
5633
10696
4208
-6856
-11351
-3719
1078
-584
-3567
-1291
-724
-8149
-14240
-12844
-3679
2344
787
-6505
-13168
-10141
-1432
2638
-1361
-4248
609
4682
1642
-2696
214
6027
7290
4730
4186
6624
6835
3977
328
1660
5108
6351
3626
533
825
-855
-3726
-4177
-106
2411
-611
-4109
-4845
-4799
-5527
-3690
-425
155
-1799
-1463
-12
-1733
-3255
-170
5128
4833
1548
1810
3701
3294
972
2450
5467
4904
2366
1015
1300
882
637
991
510
-1009
-2317
-2185
-1989
-1246
-405
-1226
-3577
-4743
-2652
-736
-102
296
1362
418
-2548
-2559
411
3588
2923
1907
2203
1854
350
-1539
-548
712
2187
2237
1378
-865
-3739
-3429
-1749
1162
1725
2207
1654
39
-1510
-2566
-1557
-1565
3248
9524
11594
1966
-9752
-6747
5821
13577
5172
-3816
-3952
2532
4830
-586
-5176
-5367
42
1898
-1198
-6510
-6841
-4606
-5177
-7809
-8132
-989
3105
-2124
-13531
-16954
-5957
5923
7095
-106
-3741
-1955
-1863
-2599
300
6663
10161
7991
3852
292
93
3359
6291
5552
4535
4831
4913
1115
-2519
-1067
-61
3
-297
1673
1517
-2927
-5554
-4953
-3302
-2775
-789
2003
1618
-2197
-4348
-3378
-1328
553
3173
5917
4217
346
-1104
418
2361
2939
4460
5564
3411
245
-1062
-83
592
768
1380
782
-995
-2654
-2621
-2377
-2118
-612
-96
-1701
-3402
-1575
547
-649
-2080
180
3391
1943
-772
-443
1668
1212
991
3921
5532
2027
-2941
-2394
499
2167
1871
1290
-900
-4955
-6104
-4217
-1571
-381
1390
1162
-3052
-7599
-6043
401
2793
568
-2249
1245
5946
5924
579
-5005
-1577
7039
14554
10907
-728
-8525
-4268
7221
10502
4608
-1058
391
-175
-5745
-8992
-3584
3238
1342
-4564
-9626
-8610
-5066
-3942
-7364
-11614
-6316
3301
4068
-4826
-10131
-5039
-405
-237
2392
8200
9082
2027
-3379
-1737
3966
9190
10879
7131
2324
688
1148
1076
1644
6217
6905
452
-5244
-3335
1108
224
-2041
-1316
-537
-2618
-4276
-3013
-1608
-1657
-580
192
-953
-2389
-2087
-699
-439
1310
4396
4672
807
-2534
-1521
1750
3723
4002
3870
2665
471
-1585
-2028
-932
1852
3917
2537
-720
-2655
-1036
-295
-1643
-1598
946
3263
1857
-489
-889
-333
-860
-1196
741
3290
3062
-124
-2495
-2344
-1206
-1397
-1287
184
448
-1422
-4625
-5697
-4551
-3298
-1493
-478
492
353
-1294
-2963
-3489
549
4705
4552
-291
-1761
4429
10058
7997
-332
-2027
3958
10919
9853
2376
-3261
-2894
4541
8173
4512
-3474
-5170
-1490
-1704
-5713
-7053
-2170
-900
-5752
-11520
-10109
-3821
-1255
-5652
-12287
-10236
-1006
4578
220
-5681
-3466
1323
1452
50
3084
8489
8422
3476
97
977
5503
8864
7215
2955
968
2237
2450
875
2419
4082
534
-4665
-4369
785
1495
-1244
-1900
-2245
-4743
-6432
-2192
2544
1121
-1925
-1934
-1396
-2212
-2570
523
2688
1814
2232
2585
1650
-1007
-1465
1239
3097
3415
2807
1742
279
-1202
-1932
-860
1026
3068
2102
-576
-1186
-474
-421
-1970
-810
2838
3752
1269
-714
-133
692
-103
-42
1261
1718
1423
419
-383
-1100
-919
-535
-1686
-2666
-1200
1287
388
-3336
-6309
-5301
-3108
-1257
365
1412
1713
-1208
-4008
-4406
511
5105
4167
-311
-784
5543
8453
3967
-3381
-1483
6476
11670
8047
-799
-5646
-3477
5179
8328
3183
-3638
-3432
-771
-3885
-8280
-5595
1460
1390
-4983
-10269
-8511
-3978
-2409
-5160
-8734
-5883
918
2848
-2438
-6068
-2913
-166
-1405
-443
4863
7766
3719
-1637
-2440
359
5064
8577
6795
2061
4
1266
1665
1313
5170
7998
2965
-3784
-3324
1894
3046
1901
2245
1343
-2852
-4889
-1270
1199
238
-263
586
-796
-3953
-4379
-1407
592
574
844
279
-879
-2575
-3147
-1535
807
2447
1707
377
3
-582
-2063
-1766
1996
4643
2674
-43
559
2417
1416
-924
396
3620
4659
2909
904
890
1073
555
-329
-139
1628
2563
524
-2470
-2955
-1882
-2368
-4177
-2952
121
260
-3466
-6926
-6632
-5020
-3100
-777
1376
1665
-1112
-3836
-3922
-59
4702
4949
341
-2114
3823
11274
9556
-972
-4846
3077
12789
12154
1810
-4501
-2865
4596
7561
3254
-1543
-1495
633
-2674
-8060
-6980
497
2398
-3693
-11001
-9981
-2938
-477
-5361
-12728
-10078
-329
3873
-1298
-7196
-4400
-1085
-3217
-4133
1279
8434
7959
1066
-3673
-2464
3547
8700
7496
4673
4407
4578
1609
-1351
4154
9832
6293
-1227
-2240
2957
2796
-75
1073
2534
-661
-5482
-4140
491
851
-1193
-2602
-3882
-4352
-3987
-1816
-689
-1499
-786
-566
-1419
-2584
-2538
77
2082
2089
632
-88
1757
2632
509
-1030
1301
4867
3992
368
629
3214
3017
-389
-1471
2178
4414
3047
587
41
1009
383
-905
-839
630
1852
250
-2014
-2028
-1074
-1922
-4412
-4415
-1093
978
-841
-3853
-6222
-6280
-5425
-3322
-201
1844
3075
-213
-5286
-7046
-1260
6892
7154
1560
-2515
1746
7442
7871
2814
-1196
2157
8712
12312
5826
-2697
-5382
1548
9024
7061
1055
-2289
582
-1052
-6953
-9006
-1798
4737
775
-7554
-11378
-6587
-3104
-4041
-8417
-9447
-3949
1475
826
-5659
-7877
-3819
-1077
-2080
-965
4979
8465
3125
-3708
-3263
3011
8253
7600
4911
4589
3971
1893
63
3589
9303
7685
911
-2838
166
2405
769
843
2591
1111
-3969
-6205
-3117
-874
-1199
-988
-1158
-3023
-6532
-6897
-3029
-190
625
37
-1070
-2099
-4014
-3485
-222
2803
4006
2590
1751
1356
275
-686
324
3973
6305
4997
2420
1356
1280
331
-376
2026
4870
4816
2177
-11
-90
-1286
-2678
-1676
1792
3594
767
-2854
-3728
-3180
-3819
-4402
-2499
1043
1172
-2451
-6298
-7198
-5052
-2805
-1049
768
2530
2561
-1069
-5542
-5203
1623
8363
6872
-380
-3843
2612
9465
7778
228
-1638
4837
9833
8232
1529
-2176
-1929
3270
7548
5434
-344
-2582
375
-903
-5932
-6470
558
2958
-3292
-9822
-8555
-2802
-1663
-5250
-10061
-9319
-3112
1594
-494
-5219
-4665
-1911
-3294
-5400
-1619
6147
8276
2536
-2897
-2834
2080
6288
5501
3450
3937
5691
3436
-462
2188
7484
5719
-1456
-2363
3266
4509
149
-735
1270
-889
-6189
-5654
567
2300
-231
-2760
-3564
-5071
-6619
-3961
412
2388
1530
-1038
-3164
-3814
-2890
-93
2411
3989
3699
1921
951
630
313
177
2009
5367
5637
3010
1567
1927
1331
-1200
-696
3473
5723
3861
470
-949
-1001
-1780
-1552
-177
1287
1721
-44
-2012
-3138
-3355
-3513
-4257
-3288
-225
1024
-998
-5073
-7156
-6119
-3776
31
3060
3959
1500
-1898
-3741
-2443
1302
4656
4299
2124
4341
8471
6980
-2611
-5374
4087
14301
11764
414
-4202
-1423
3253
4038
2840
1322
835
-151
-3133
-6883
-6212
-351
1313
-3406
-9561
-7780
-1915
-1267
-7490
-12927
-8610
448
3404
-1765
-5678
-2905
-1068
-5127
-6382
958
9488
8071
224
-3737
-1652
2461
5097
5292
4513
4490
4299
1655
-1712
1539
7088
6000
-1150
-2834
3500
4962
-405
-3560
34
1636
-2499
-4266
-500
2429
-383
-4248
-4559
-2053
-883
-1350
-1668
-913
355
77
-915
-1573
-995
99
1079
1414
994
1457
3035
3340
645
-1740
285
3684
3438
1223
1639
4094
2822
-1514
-3262
-184
3551
4071
2618
1224
514
-1156
-3016
-3207
-634
2824
3211
615
-2004
-3157
-4370
-5848
-4640
-298
2797
1050
-3404
-7091
-7792
-5512
-1385
3158
4668
3604
488
-2721
-4387
-2766
1819
4805
6724
7959
8579
3065
-5599
-6141
4536
15551
12149
261
-6077
-965
4895
3342
-1344
-1293
3382
3310
-2655
-8343
-5740
-243
-376
-6369
-9249
-2726
3729
-217
-12988
-17637
-6914
6073
6575
-2470
-5429
-1416
-1753
-7653
-7261
4570
14492
10012
-2535
-8171
-2578
5464
6639
3558
3454
5867
4850
-1897
-4283
1373
6911
4449
-2056
-1563
2538
3168
-687
-3208
-2216
-1636
-1321
-66
1142
499
-1209
-2953
-4060
-4144
-988
3079
2879
-784
-3416
-1308
992
-228
-1361
287
3311
2261
-1178
-861
1883
2960
482
-863
1008
2090
1145
145
977
2122
1561
157
-384
-240
840
1885
1951
1532
1164
1214
-498
-2623
-2076
1019
3635
2634
268
-1535
-3269
-4620
-4344
-1095
2484
2229
-1743
-6082
-6869
-4375
-1767
-66
1977
3642
1791
-3446
-6795
-2864
3168
4790
1209
232
5391
8454
3635
-5629
-5625
4704
14556
11968
198
-7274
-3879
5096
7261
2974
-552
2915
4622
-1740
-9030
-6782
2592
4559
-2192
-7950
-4337
1114
-850
-9513
-13733
-6520
4381
7060
-1179
-7994
-6891
-3245
-3867
-4627
1548
8777
6890
-3181
-9431
-4897
4017
7385
4154
1037
2216
3370
112
-2684
574
6263
6376
965
-1169
1256
2905
1532
-213
391
332
-583
-502
443
892
-412
-1649
-1854
-2114
-2453
-1919
-419
794
-201
-2018
-2621
-1868
-556
-680
-711
408
1540
1579
-78
-685
348
1427
1423
411
983
2490
2690
1482
-158
-158
1053
1593
1453
964
1528
2643
1822
-556
-2314
-1169
1574
2113
608
-263
90
-355
-3099
-4735
-2823
210
1231
-693
-2559
-3841
-4659
-3859
-1107
2369
3293
1573
-957
-2160
-1263
994
2080
1149
1581
5836
9523
4411
-4845
-6076
3897
12443
7857
-2396
-5528
1539
7948
5238
-2250
-4749
203
4472
1479
-4620
-4556
215
1412
-4693
-9205
-4383
3662
3519
-6704
-13586
-8567
1897
5260
42
-4745
-4571
-3149
-3590
-3504
-492
3767
4579
919
-4311
-5608
-887
4484
4945
1388
-516
507
1332
1450
1963
2325
998
27
1982
3766
2475
474
986
1800
-669
-3154
-638
4193
4569
-311
-3996
-3019
-1012
-1381
-2024
-287
1762
691
-2517
-3727
-2195
-195
228
-113
-323
138
1152
1453
456
-966
-273
1259
1827
1334
1632
3161
3057
1026
-1075
-684
1418
3291
3790
2804
1191
-232
-672
-749
-340
533
2109
2770
1372
-1244
-3394
-3567
-3132
-1905
-77
1644
1400
-1724
-5273
-6563
-4189
249
3605
3723
1378
-1866
-3730
-3497
-1039
1840
2882
3296
4201
4888
1223
-4949
-5988
1672
10768
10698
1191
-6844
-4487
3595
7092
1963
-3089
-1394
3746
4326
-1102
-5142
-4059
-153
1031
-134
-816
-501
-1828
-5468
-7432
-5084
-18
2843
2160
-1196
-5189
-8205
-7514
-2361
3479
5324
1423
-3790
-6021
-3930
-719
928
1331
2401
3629
1870
-1486
-2401
1162
4603
3990
1557
1451
3573
4364
2680
-47
-1099
239
3513
5572
3599
-797
-3547
-2583
-710
-109
-200
-60
-524
-2166
-3439
-3132
-2400
-2178
-1861
-775
-214
-1143
-1905
-1522
-427
-28
147
844
1615
1705
1101
607
754
2197
3767
3960
1887
-230
391
2875
4637
3736
1860
445
-406
-796
-227
1876
3372
2650
43
-2398
-3663
-3563
-1704
1103
2658
1021
-2307
-4751
-4814
-3363
-1114
1249
2444
1519
-1333
-4095
-5016
-3153
211
2879
2419
-285
-2310
-1728
-11
73
-842
-668
2073
4094
2839
-877
-3091
-1258
2422
5269
5221
3235
755
-696
-205
1746
3203
2803
1424
859
1470
1500
-110
-2632
-3318
-1589
897
1477
-262
-2540
-4377
-5519
-5632
-3663
-671
604
-1657
-4997
-6423
-4998
-2690
-1679
-1238
-774
98
-126
-1396
-1784
-62
2840
3844
2595
1380
2157
3854
4213
3277
2626
2900
2884
2123
2125
3185
3322
1369
-915
-1358
-542
-436
-1037
-861
-32
-356
-2658
-4780
-4455
-2176
-239
-191
-1249
-2039
-2157
-1922
-1197
-15
835
1051
873
845
1073
1339
1772
1898
1489
1358
2227
3504
3623
2206
411
-515
36
1480
2543
2356
1040
-281
-1143
-1482
-1207
-311
788
910
25
-1039
-1469
-1457
-1427
-960
162
1336
1381
40
-1846
-2863
-2153
-165
1164
361
-1490
-2121
-1285
-1038
-1919
-2458
-1381
100
39
-1183
-1887
-1178
-34
283
-153
-160
1036
2546
2705
1456
428
1039
2412
2952
2542
2301
3018
3273
2199
770
445
1258
1711
1143
427
50
-487
-1657
-2843
-2779
-1882
-1292
-1829
-3118
-4001
-4040
-3564
-3136
-2793
-2326
-2078
-2252
-2385
-1859
-648
149
101
-275
-112
1057
2101
1944
1203
1093
1881
2352
1830
1438
1796
2231
1701
488
-1
515
982
616
-179
-589
-565
-655
-767
-621
-508
-1015
-1670
-1167
240
1046
198
-902
-661
193
590
486
953
1729
1673
849
315
656
1375
1998
2251
1979
1018
-13
-145
742
1641
1478
657
101
30
-95
-622
-876
-405
419
778
200
-635
-1296
-1545
-1251
-534
395
622
-93
-1138
-1848
-1928
-1491
-722
-175
-412
-1337
-2118
-2038
-1505
-1228
-1253
-1034
-422
-176
-591
-1019
-744
59
584
721
1249
2084
2313
1695
1088
1517
2486
3007
2913
2726
2639
2352
1925
1580
1593
1575
1146
553
157
166
-191
-1352
-2586
-2633
-1628
-1212
-2060
-3261
-3577
-3159
-3022
-3429
-3362
-2333
-1415
-1776
-2838
-2815
-1355
-110
-351
-939
-156
1308
1466
175
-490
822
2505
2418
967
404
1456
2330
1530
241
323
1519
1779
469
-514
105
1224
882
-550
-932
264
1197
461
-808
-613
689
1184
444
-274
162
844
710
127
161
979
1363
716
-180
-302
239
747
913
782
319
-408
-758
-254
617
797
122
-523
-585
-209
-48
-159
-102
151
416
245
-312
-576
-125
577
739
196
-369
-328
47
149
-427
-1155
-1137
-360
25
-713
-1724
-1783
-938
-646
-1250
-1640
-1120
-329
-438
-1147
-1253
-406
368
418
270
530
1087
1263
1129
1108
1473
1915
1966
1930
2169
2457
2105
1298
924
1159
1349
1085
746
417
-186
-1009
-1378
-1028
-834
-1369
-2148
-2243
-1854
-1910
-2602
-2995
-2381
-1640
-1697
-2257
-2150
-1272
-783
-1238
-1642
-934
344
840
187
-356
109
1027
1183
612
568
1391
2043
1398
230
206
1344
2028
1308
372
499
1166
1174
616
479
853
978
555
247
462
872
923
625
314
165
223
238
261
259
200
-16
-439
-701
-659
-398
-284
-466
-705
-976
-1066
-987
-871
-682
-406
-81
-209
-739
-956
-251
675
773
240
-5
507
956
935
759
869
1175
1177
801
446
497
668
502
-127
-587
-434
-16
-130
-942
-1575
-1519
-1093
-1025
-1393
-1585
-1319
-981
-1022
-1265
-1275
-951
-376
200
509
435
243
441
1066
1559
1428
1162
1559
2430
2590
1757
904
1070
1836
1979
1430
820
590
310
-138
-411
-335
-173
-438
-1005
-1475
-1682
-1688
-1604
-1565
-1667
-1853
-1926
-1811
-1605
-1547
-1540
-1395
-1154
-970
-812
-461
-129
-243
-654
-536
259
943
750
124
22
572
1145
1148
814
599
721
926
981
979
1171
1463
1398
868
281
331
1025
1746
1739
922
85
-145
222
588
656
507
253
-113
-661
-892
-586
-158
-177
-728
-1166
-1032
-682
-752
-1174
-1363
-962
-422
-235
-373
-570
-618
-569
-370
169
813
979
539
66
131
706
1261
1396
1228
966
633
254
138
340
518
365
25
-231
-483
-833
-979
-687
-499
-865
-1354
-1333
-1021
-887
-1007
-1053
-910
-855
-719
-210
402
496
76
-76
460
1145
1369
1123
1031
1464
1952
1840
1288
1056
1324
1613
1468
1129
963
840
477
44
-77
164
255
-256
-987
-1189
-796
-612
-1014
-1580
-1709
-1454
-1323
-1524
-1703
-1468
-1139
-1268
-1758
-1814
-1146
-391
-518
-1240
-1393
-716
-26
-86
-413
-253
339
664
384
179
538
1073
1160
762
631
1121
1799
1928
1488
994
837
1198
1704
1915
1549
953
586
572
648
567
526
385
50
-426
-682
-549
-497
-720
-1079
-1215
-1154
-1172
-1279
-1319
-1129
-961
-970
-997
-843
-543
-395
-394
-331
-45
282
490
611
699
738
784
959
1134
1314
1240
852
586
769
1106
797
85
-166
252
495
-85
-773
-845
-540
-670
-1138
-1229
-863
-647
-1069
-1562
-1458
-801
-308
-353
-630
-555
-142
118
142
238
624
872
822
724
909
1237
1323
1262
1177
1092
902
804
1052
1269
980
387
146
314
417
179
-149
-302
-422
-470
-426
-426
-713
-1180
-1309
-1048
-774
-716
-810
-1047
-1367
-1414
-969
-584
-730
-1065
-962
-568
-503
-780
-821
-319
58
-115
-371
-164
386
604
342
141
354
809
1100
1199
1251
1114
785
628
972
1439
1555
1301
969
740
505
324
420
684
614
157
-351
-500
-388
-439
-618
-830
-898
-920
-970
-875
-747
-788
-1064
-1186
-780
-195
23
-224
-410
-222
112
306
353
605
940
953
593
293
615
1196
1271
777
319
197
154
43
75
351
334
-271
-963
-1049
-482
-38
-305
-978
-1278
-988
-622
-610
-724
-594
-427
-538
-714
-445
259
721
468
-95
-176
334
928
1036
828
805
893
828
561
521
903
1307
1254
679
72
102
620
888
483
-164
-348
-155
-53
-205
-217
-202
-449
-927
-1181
-872
-432
-305
-637
-1031
-1183
-1087
-913
-774
-694
-612
-612
-752
-875
-839
-551
-246
-98
-228
-329
-152
210
387
222
121
300
749
1074
1078
944
833
782
817
1029
1336
1421
1127
739
640
744
757
620
488
363
113
-135
-189
-187
-450
-868
-1037
-783
-624
-909
-1194
-1098
-869
-959
-1125
-930
-508
-350
-516
-647
-456
-54
204
291
302
387
552
714
761
704
808
927
896
687
424
450
619
583
351
145
109
47
-175
-265
-154
-125
-381
-682
-714
-517
-330
-424
-725
-878
-644
-223
-57
-200
-250
-42
72
-69
-143
159
574
632
300
2
162
540
653
505
377
466
566
445
265
253
399
454
252
-26
-90
69
197
142
-81
-264
-284
-259
-259
-284
-256
-183
-291
-548
-730
-673
-426
-279
-358
-528
-513
-395
-398
-536
-589
-386
-193
-203
-307
-270
-70
45
-60
-166
-7
346
666
693
483
223
147
403
697
774
673
669
675
471
150
129
491
643
296
-128
-61
180
85
-335
-556
-401
-274
-327
-457
-440
-454
-580
-634
-533
-315
-68
86
12
-176
-213
5
302
476
474
505
616
622
451
343
556
869
892
547
239
176
224
212
41
-72
-82
-109
-310
-608
-730
-630
-502
-567
-663
-701
-739
-767
-844
-755
-486
-331
-341
-446
-402
-248
-105
-12
-29
145
423
461
205
61
310
627
662
511
463
521
527
455
491
522
472
368
278
233
171
230
333
279
10
-173
-65
95
66
-82
-116
30
-27
-394
-627
-409
12
14
-279
-492
-421
-294
-373
-435
-394
-285
-226
-242
-332
-344
-221
-125
-202
-301
-115
268
398
148
-126
-94
236
454
363
259
349
578
578
194
-105
145
714
758
211
-201
-38
240
112
-203
-289
-43
42
-231
-512
-433
-211
-252
-510
-583
-257
50
-52
-356
-415
-142
144
223
262
299
353
326
192
215
435
702
747
572
344
164
140
306
477
413
109
-71
-67
-129
-267
-384
-319
-350
-525
-561
-495
-468
-605
-725
-688
-538
-354
-239
-231
-411
-517
-387
-177
62
186
184
60
-82
-6
209
350
395
395
395
281
120
185
444
617
475
161
25
258
551
543
329
208
144
57
52
209
350
305
199
-22
-152
-157
-33
104
30
-179
-344
-225
-164
-266
-451
-489
-329
-214
-207
-373
-426
-318
-234
-342
-424
-199
20
48
-106
-203
-147
-36
164
303
301
178
128
237
297
195
157
271
332
192
70
182
294
174
-149
-203
16
193
120
-110
-154
-143
-230
-332
-217
15
125
-28
-128
-98
-107
-91
13
238
286
239
125
48
28
51
221
356
372
225
78
3
5
108
198
171
44
-53
-113
-191
-284
-297
-190
-140
-231
-367
-420
-354
-298
-351
-422
-326
-141
-106
-187
-275
-274
-196
-62
104
113
24
-53
-13
75
71
173
329
355
149
-35
81
404
593
342
0
-38
274
531
403
217
240
278
110
-95
50
422
460
178
-129
-202
-30
88
107
75
-46
-186
-247
-265
-227
-136
-85
-161
-369
-454
-255
6
-50
-385
-551
-351
-24
115
64
-2
-49
-165
-231
-60
233
325
181
9
-70
-32
100
245
273
168
6
-103
-60
122
272
214
-58
-269
-225
-35
106
131
51
-129
-327
-389
-145
161
204
22
-172
-253
-131
81
263
335
240
133
51
74
193
339
360
228
69
25
155
234
178
76
9
-29
-17
-2
-24
-33
-92
-283
-458
-382
-94
26
-126
-432
-596
-439
-270
-123
-91
-132
-300
-474
-376
-72
199
108
-102
-110
28
44
-16
136
384
370
68
-159
34
416
551
351
106
68
125
267
376
451
433
240
24
-32
161
419
515
334
55
-94
-50
53
88
117
60
-99
-265
-355
-300
-179
-83
-145
-304
-372
-352
-308
-272
-287
-315
-271
-277
-294
-225
-109
-98
-219
-278
-140
109
194
53
-117
-83
91
189
157
66
85
186
206
129
83
190
249
135
6
5
168
231
101
-17
-4
47
53
76
122
172
117
0
-69
-54
92
209
208
89
-34
-50
19
104
114
97
53
53
15
-10
45
57
25
-57
-46
-22
-35
-75
-118
-164
-161
-115
-143
-178
-206
-171
-136
-157
-261
-303
-196
-91
-114
-231
-221
-155
-95
-62
-66
-46
-43
-74
-125
-92
68
169
135
60
15
48
126
173
173
196
206
151
70
107
256
363
327
152
88
180
275
323
284
246
189
81
45
60
152
258
143
-88
-218
-186
-57
3
-55
-105
-150
-241
-275
-309
-254
-192
-235
-256
-282
-282
-221
-210
-263
-261
-189
-47
8
-3
-5
-32
-42
-8
69
168
215
132
54
-3
15
82
134
166
124
54
-2
-14
28
88
80
7
-53
-26
24
60
51
16
7
-17
29
88
182
255
144
10
-11
102
269
321
257
168
88
32
3
55
104
123
67
-92
-180
-129
-6
-32
-179
-235
-233
-221
-184
-123
-75
-137
-246
-289
-212
-98
-70
-136
-192
-192
-146
-33
52
36
-91
-168
-181
-120
16
123
154
83
31
-19
-15
142
291
237
73
-36
63
182
199
232
221
170
90
40
75
227
278
186
35
-43
-20
17
92
90
63
-19
-102
-176
-120
3
20
-49
-184
-247
-255
-187
-117
-103
-145
-122
-103
-51
-52
-92
-53
-48
-21
0
107
111
46
-4
-21
54
105
133
147
176
196
116
19
20
73
176
130
-13
-89
-59
-26
-51
6
55
48
-37
-126
-145
-84
-62
-79
-75
-63
-34
-56
-72
-95
-76
-15
21
23
27
41
48
57
57
75
82
113
106
73
74
55
46
41
35
-5
-25
-53
-94
-74
-44
-49
-65
-85
-104
-85
-59
-57
-73
-91
-149
-144
-80
-26
8
-19
-66
-120
-117
-60
19
93
120
76
-26
-71
-7
107
203
196
101
2
-6
62
180
287
290
191
29
-21
35
163
263
187
48
-59
-39
-3
42
127
117
-18
-197
-228
-151
-37
48
-26
-190
-309
-275
-137
-75
-111
-148
-129
-158
-202
-148
-32
29
-4
-55
-61
16
70
89
62
63
66
68
147
165
201
162
46
-15
22
137
205
148
32
-32
-84
-68
-3
57
105
69
-92
-164
-152
-149
-71
-21
-8
-52
-117
-145
-132
-86
21
64
-31
-102
-84
-16
15
19
-3
13
58
61
48
82
154
111
9
-18
31
114
102
8
-31
-49
-56
-13
2
39
103
71
-19
-67
-41
16
60
50
49
64
53
0
-45
-13
25
83
92
69
12
-51
-57
-31
21
35
69
32
-44
-70
-50
13
86
68
-4
-46
-122
-145
-117
-1
66
26
-43
-78
-44
-19
10
6
-13
-110
-200
-198
-99
13
35
-8
-99
-117
-129
-69
1
19
52
2
-55
-104
-55
40
72
113
141
116
37
-6
44
121
143
152
130
74
30
15
38
22
14
29
53
21
-36
-48
-56
-72
-25
41
32
29
-44
-105
-129
-117
-31
26
66
82
54
-21
-12
16
44
132
136
70
11
-46
-37
43
88
91
80
75
52
24
-3
-43
-96
-88
-51
-82
-86
-88
-48
-26
-45
-49
-43
35
53
-7
-71
-84
-90
-81
3
46
13
-62
-135
-124
-78
-33
26
20
-54
-94
-72
-73
-40
10
49
56
17
3
-1
76
138
179
174
83
25
17
53
139
196
132
59
18
7
42
82
102
101
31
-82
-113
-106
-63
-10
-13
-74
-140
-154
-136
-97
-60
-16
-37
-89
-127
-91
15
29
-6
-38
-23
16
14
10
-5
-10
18
56
79
79
63
43
9
-30
-28
17
48
62
86
61
17
7
0
27
73
89
91
42
-40
-82
-69
0
8
7
25
0
-30
-75
-83
-45
-12
13
-14
-103
-126
-114
-54
-10
-4
1
-18
-10
-45
-31
3
45
73
35
15
60
67
51
87
85
112
88
77
57
67
73
30
51
9
0
-4
10
18
-26
-26
-45
-85
-63
6
-5
-50
-115
-133
-112
-118
-74
-67
-18
-14
-94
-95
-53
19
53
60
-2
-3
3
-23
32
50
72
41
-28
-34
34
85
57
28
-19
-15
18
25
19
20
17
-43
-59
-33
44
51
4
-14
-76
-59
-27
-13
20
5
-2
7
39
75
68
42
7
-11
15
27
3
39
60
2
-1
4
33
66
65
57
54
39
28
21
-7
9
31
70
35
-26
-26
-66
-12
7
2
-7
-57
-83
-136
-108
-76
-40
-39
-65
-86
-93
-63
-55
-30
-33
-70
-85
-64
-45
-3
9
3
4
3
-18
23
92
85
66
40
53
69
79
92
76
65
58
30
15
23
43
56
32
25
37
25
-39
-52
-34
-2
31
-13
-52
-83
-77
-75
-19
27
1
-25
-82
-74
-36
33
51
18
-25
-41
2
54
136
149
91
28
23
52
85
89
44
-33
-61
-59
-53
-16
9
22
-9
-69
-70
-41
-53
-12
-25
-77
-74
-62
-45
-23
22
32
12
6
-6
4
33
60
36
-15
-32
-25
21
0
9
13
3
-21
-22
24
29
87
51
6
-1
-19
-44
-10
7
-3
-14
-50
-37
-62
-70
-63
-5
7
-33
-60
-81
-48
-31
-7
-10
-23
-13
-39
-48
-37
-10
35
44
30
23
24
48
66
48
48
50
61
64
67
77
82
106
106
81
60
69
83
64
54
32
4
43
50
50
11
-32
-47
-88
-98
-69
-40
-41
-58
-98
-91
-84
-56
-34
-18
-23
-23
3
-25
-12
21
26
8
-10
-3
25
39
40
23
-4
-29
-59
-27
-13
0
10
-35
-43
-54
-31
1
4
-9
-56
-84
-56
-19
-22
6
-5
-28
-41
-22
0
5
10
3
27
-13
-2
42
71
96
82
82
48
44
57
61
67
50
36
8
21
7
18
33
29
11
7
56
-4
-6
-1
-17
-4
-41
-59
-78
-80
-63
-64
-75
-45
-68
-86
-59
-49
-46
-27
-11
-42
-55
-75
-15
5
8
9
-60
-13
32
69
95
85
77
89
43
45
102
104
136
88
34
23
54
66
78
95
60
23
-22
1
23
50
50
-32
-86
-114
-108
-40
-13
-33
-51
-111
-164
-151
-66
-1
0
-39
-85
-144
-126
-28
42
68
37
-29
-60
-10
53
127
149
116
70
25
42
72
91
120
76
12
0
6
57
50
37
-3
-61
-50
-31
-1
1
-3
-40
-99
-135
-124
-45
3
-27
-57
-82
-111
-108
-63
-48
-46
-45
-39
-18
-29
-8
7
4
-19
-26
-22
-27
-4
32
59
64
79
53
51
57
58
77
104
130
66
53
29
34
78
80
97
63
39
-22
-45
-25
8
41
1
-63
-109
-78
-74
-56
11
-19
-56
-59
-68
-36
28
84
61
46
42
-3
32
66
69
56
2
-6
10
25
49
55
63
23
-2
-15
-38
-13
10
-17
-31
-56
-76
-51
-77
-44
-36
-13
3
-44
-44
-66
-47
-40
-50
-56
-63
-59
-63
-74
-50
-25
-12
-9
-65
-63
-57
-13
66
65
47
32
28
19
18
57
91
82
23
5
25
48
79
80
67
22
9
31
19
17
44
37
38
6
-37
-16
-6
29
31
13
-13
-23
-22
-31
-1
-16
-15
2
-4
-1
-13
-3
-19
-19
13
17
9
-39
-33
-36
-8
20
26
38
-9
8
19
57
72
60
9
-30
-8
7
43
9
-10
-42
-92
-98
-44
0
22
-5
-68
-98
-105
-54
-13
28
-6
-35
-51
-46
-1
20
56
49
15
-2
14
39
51
55
53
-12
-10
-13
-12
25
25
30
-5
-18
-63
-42
-27
0
22
21
9
-26
23
11
-7
4
15
3
18
1
-40
-9
6
9
4
-29
-27
-31
-44
-11
-3
-3
-30
-3
9
7
39
64
61
9
-29
-39
11
40
79
54
30
27
-25
32
54
44
23
16
53
-4
-9
46
23
15
-2
-20
5
9
16
31
44
22
-20
-5
21
26
-8
-17
8
0
10
-20
-55
-42
-22
10
-4
-21
-30
-45
-62
-51
-61
-76
-58
-92
-82
-68
-54
-14
-20
-38
-39
-57
-29
4
9
29
3
-5
7
24
12
27
17
1
5
-18
-9
-9
5
18
2
-16
9
3
17
22
9
9
-9
3
1
-1
1
3
10
53
76
72
110
98
49
53
40
38
40
21
15
-7
-4
23
47
25
-38
-40
-13
-5
-4
-8
0
-3
-26
-35
-4
9
3
-2
-28
-31
-24
3
21
0
6
-31
-50
-22
-17
-20
-48
-28
-24
-17
34
49
57
70
38
48
58
26
41
42
9
16
7
-21
20
-17
-35
-18
-27
-41
-54
-38
-57
-35
-41
-36
-39
-9
5
-31
-32
-46
-25
-13
6
7
-13
-41
-24
17
-8
4
41
-10
-42
-39
-19
-3
1
9
-20
-1
4
16
27
9
12
1
-15
-22
-5
10
1
-23
-33
-2
21
39
51
40
-2
-8
13
-13
12
35
31
-15
-46
-30
-12
31
28
35
15
16
28
22
39
23
56
35
-13
20
35
70
84
13
5
29
29
24
23
40
16
9
-3
-10
-15
-16
-1
-2
17
12
18
23
-23
-35
-50
-66
-7
13
1
-69
-91
-60
-24
-3
-56
-19
-52
-47
1
34
50
-53
-86
-111
-47
-14
-3
17
-57
-38
-101
-71
-2
-13
56
2
-32
-15
23
108
137
117
-13
-77
-26
37
121
73
41
28
13
49
16
50
39
50
40
51
71
-47
-6
1
33
21
-79
-125
-51
90
-23
-74
-117
-68
65
-17
-108
-100
-56
-23
57
-21
-45
32
-3
49
61
15
48
-16
-85
17
-33
-84
-31
-60
-69
6
-4
-41
40
0
105
157
66
110
108
100
34
10
12
53
50
-24
9
54
79
-18
-55
-50
-20
25
-39
-89
-96
-70
-89
-7
30
25
29
-6
33
9
-44
-85
-7
46
17
-1
-67
-5
64
45
-20
-31
-55
-55
6
-54
6
47
49
35
-54
-48
16
98
71
67
44
-35
-5
-66
-88
32
36
57
32
-12
38
-2
-52
-112
-103
-46
-4
84
23
50
63
-16
34
-28
41
54
84
79
-65
-23
-88
-43
-45
-66
-34
-10
35
38
91
-9
-38
-53
-112
-114
-50
-42
-48
-47
-241
-243
-101
-10
36
25
-31
-46
75
78
163
172
105
132
110
151
102
145
70
-38
3
-12
28
86
149
73
27
-3
-69
42
129
123
171
23
-141
-114
-100
19
50
-26
-79
-101
-4
-8
-63
-126
-253
-133
-112
-90
-28
-47
-8
-129
-54
-105
-12
-29
-221
-272
-422
-291
-337
-75
-157
-92
50
178
854
1081
1176
176
545
850
1318
1601
-587
-1187
-811
1850
1705
234
-1948
-3418
1385
1743
692
-2831
-4798
-1478
1730
3323
-1823
-2571
-2909
-373
3851
-17
-1036
-1802
-319
1604
1896
358
-1411
267
-1107
693
1619
788
1941
248
-568
345
987
196
378
-449
-380
2030
824
336
-354
-1924
-856
62
411
669
265
-1134
-320
404
-622
-53
-995
-870
531
375
815
479
-141
-1406
-1355
-126
-44
1129
410
47
333
-647
-519
-513
258
129
472
551
-169
956
-167
-702
-505
-698
511
470
244
259
312
-432
-563
50
-255
227
-94
391
1023
82
-268
-487
-252
-269
-29
748
1026
453
-537
-527
-598
-521
-310
321
1063
281
-70
-448
-499
-58
-303
138
350
319
329
116
-381
-749
-394
7
728
400
-290
-380
-675
-254
93
48
-86
-150
-89
57
179
182
389
153
-109
-66
115
219
171
149
139
193
55
115
189
-23
-326
-166
327
298
23
-346
-425
-151
-95
231
576
186
-150
-99
14
-142
-444
44
514
231
-338
-612
-358
-321
-235
-47
86
38
-203
83
135
-115
-356
32
833
450
-27
-98
44
113
-87
22
70
268
173
335
417
-96
-37
73
353
-26
-241
231
187
89
-460
-457
-120
-199
-150
76
194
-327
-412
-276
-274
-291
-339
203
290
228
167
64
63
-498
-274
448
641
272
-188
-120
-140
-53
-39
-41
99
-99
130
344
142
-315
-380
195
62
-13
130
130
1
-418
-281
-49
-15
-53
10
288
174
-258
-383
119
397
130
186
202
-24
26
11
47
122
138
178
154
32
-346
-254
37
66
184
21
-93
-77
-214
-63
137
4
-111
20
-12
-83
-162
-335
-64
45
29
85
-92
-28
50
57
51
104
117
82
179
-148
-236
-44
-24
48
66
-44
-118
115
-141
-151
229
89
200
202
30
140
75
-108
13
109
110
255
14
-247
-196
-233
-6
81
-31
27
-126
-240
-165
-83
23
140
-76
-71
167
44
-42
-93
-39
62
415
350
-71
82
-131
-142
291
239
69
122
10
-240
-89
-117
-40
98
-97
14
-154
-224
-114
-214
-65
-53
-149
46
230
-57
-297
-188
-83
57
53
-53
50
68
-78
-101
-58
-140
-20
163
99
63
-5
-82
10
65
-161
5
295
174
51
-152
-133
153
335
216
-34
-4
99
206
284
85
-79
-63
-25
-42
-52
-11
-177
-126
70
-41
-115
-179
-141
-59
13
73
25
141
91
30
81
-36
-23
129
301
222
51
-69
-129
70
89
17
61
28
0
58
57
-86
-147
-83
-50
71
91
-114
-173
-113
-189
-185
100
51
-75
-27
-125
-104
-87
-12
-45
-3
102
-44
71
104
-114
-152
-4
113
137
144
-149
-257
-22
-13
69
34
-85
-43
95
164
-114
-116
-111
17
255
112
13
-100
6
66
97
129
-12
62
37
-94
-88
-118
10
208
72
-154
-262
-123
110
130
104
-24
-205
-51
77
109
143
40
5
-70
47
161
136
83
-136
-26
84
75
22
-96
-32
-125
-159
-72
37
15
-88
10
10
-81
-56
-16
-29
67
114
48
70
-93
-217
12
92
86
82
38
15
-33
6
26
120
96
-42
3
-15
-42
-1
19
-35
-121
-40
107
134
114
18
-154
-10
171
98
105
-16
-126
12
97
103
41
55
-76
-169
-30
-80
17
32
-227
-155
-55
-144
-68
-56
-34
53
42
-38
-196
-76
87
164
162
-146
-183
30
174
168
-44
-52
35
53
39
-20
-38
68
82
-21
-29
-79
-25
42
12
-81
-130
16
4
-34
-38
-49
49
-83
-121
-11
-28
69
82
-58
-87
-17
133
239
126
-45
-163
28
182
47
99
-43
-79
51
-9
45
-77
-38
41
38
29
-14
95
54
47
-59
70
194
133
87
-103
36
-16
65
94
-19
81
-68
72
-28
-139
-12
-106
20
-18
-52
-170
-224
-88
-93
67
14
-28
-174
-108
22
-94
-13
-34
115
-11
56
45
-133
127
151
92
67
64
-141
-137
24
-20
-49
-61
111
82
48
138
-70
-102
-44
114
30
-11
56
-273
-88
-22
65
92
-68
4
-81
55
10
63
113
-41
90
15
-35
-23
-85
-23
20
46
-84
-29
26
-23
23
-34
62
61
13
7
-47
-12
-28
34
106
176
243
125
37
17
48
98
61
-36
-48
-21
-120
-111
-110
-130
-91
-45
53
-28
-98
-83
-60
-84
-31
78
-27
-32
-79
-106
-12
36
18
-16
83
-7
-27
114
66
36
-4
46
84
74
78
-17
-2
9
96
136
-20
-97
-45
56
66
10
-52
-90
26
100
21
-91
-116
-15
40
52
-52
-85
-39
20
58
-21
-75
-110
32
77
-2
-65
-179
-140
-9
24
-39
-50
-47
-64
-16
45
4
-17
-25
-51
29
47
-2
10
5
22
57
65
61
-10
35
56
15
82
54
1
-22
5
10
25
86
-13
-90
-60
-23
12
98
117
19
81
134
107
93
61
58
60
99
67
3
-19
-16
2
0
2
-40
-19
-6
-29
-28
-102
-96
-27
-44
-67
-70
-77
-105
-85
-30
-41
-31
-2
-7
7
56
3
-27
-35
-25
62
12
-59
-102
-39
-3
-29
-38
-91
-78
-35
-1
-29
10
49
23
7
-40
-51
32
111
108
24
11
64
32
0
-90
-52
67
79
37
-66
-119
-49
57
56
37
-9
-48
11
39
35
43
-6
20
34
2
-11
22
64
-1
3
35
26
20
22
-2
42
50
-20
-23
18
73
96
41
-67
-56
-18
26
3
-29
-44
-12
121
68
-67
-100
17
82
95
15
-127
-64
5
-8
-15
16
-46
-78
-11
-31
-16
38
23
7
-20
-30
13
-20
-29
-54
-52
-12
-35
-78
-69
-55
-53
37
22
15
60
67
47
54
82
58
69
69
50
14
39
58
-21
-35
-18
-10
19
5
-34
-120
-119
-53
-54
-62
-54
-46
-87
-37
20
1
6
25
64
70
59
39
3
-12
-9
19
11
-11
-56
-79
1
19
29
6
-11
-21
-23
-5
-22
6
-46
-6
60
38
44
41
39
39
46
2
9
44
40
46
29
-18
-6
38
21
-8
12
-15
-59
-1
-48
-63
-35
-14
-25
-41
-19
-69
-40
-28
14
34
29
53
29
72
75
122
117
15
-17
-18
-8
-19
-35
-41
-73
-89
-40
-28
-38
-73
-79
-8
2
-31
-8
-35
-49
22
38
-7
-11
0
-13
59
81
63
39
5
52
98
51
-5
-43
-24
37
49
89
21
-52
1
72
86
-2
-40
-1
3
26
-5
-70
-31
-3
42
15
-21
-50
-31
-10
-66
-66
-56
-7
19
-10
-101
-35
6
-11
23
0
-4
-30
-6
-21
9
-7
-28
0
26
26
35
65
6
19
30
33
18
18
-35
-61
46
37
-20
-40
-16
3
-23
0
-35
-60
-7
-10
1
-17
-48
-30
-2
-12
-15
15
-13
-16
-2
33
79
48
-3
-37
-33
-35
-40
-45
-73
-67
-72
-9
40
54
66
11
15
46
77
74
75
54
-1
55
52
70
85
35
77
80
78
41
44
97
51
10
-22
-61
-31
5
-34
-48
-38
-12
40
30
-27
-22
-17
-17
-16
-8
6
-37
-10
-14
-50
-54
-72
-57
-69
-65
-40
-54
-56
-41
-20
16
-2
-25
-30
-4
-22
-5
56
4
-11
-12
6
0
-38
-38
-1
23
-41
-38
-9
-31
0
35
31
15
5
0
-10
4
-28
-31
-1
-11
4
9
1
13
63
33
-29
-10
-7
-15
1
-5
21
58
51
49
0
-2
27
72
100
61
29
-16
24
35
25
27
-33
-41
-10
18
31
-7
-32
2
32
32
26
20
-44
-41
34
47
32
22
-32
-32
24
17
-1
-17
-25
3
25
19
-13
-59
-50
-12
22
18
34
8
-19
46
38
-8
-40
-79
-74
-48
-28
6
-68
-83
4
22
29
9
-55
-79
13
17
-49
-18
-45
-61
-18
6
18
-7
-16
2
60
42
-12
20
34
38
25
42
39
-29
-43
-2
28
0
-16
-15
18
51
-3
4
4
-68
-45
55
47
-28
-22
9
56
67
-9
-23
20
12
27
4
-56
-60
-30
-2
-19
-35
-67
-41
26
57
21
-47
-13
34
13
-1
18
-13
-32
20
81
104
30
-41
16
127
155
100
-7
-135
-55
139
157
29
-136
-148
-2
105
19
-78
-163
-94
116
130
12
-157
-111
-57
16
60
74
-7
-112
21
16
107
69
-3
-114
-142
61
167
139
-128
-131
-62
-26
18
-19
-53
-89
54
132
16
-137
-180
-102
-68
3
100
100
-39
-170
-45
32
-13
26
72
18
-60
105
179
-38
-169
-32
167
109
82
123
73
-25
-87
41
50
-69
-11
139
114
-4
-22
40
-43
-145
-23
133
75
-71
-49
-68
-116
-65
48
21
-57
9
79
-14
-164
-111
11
31
-11
91
133
24
-63
-15
22
-91
-85
89
158
29
-32
4
-19
-75
-16
88
102
-2
13
30
-78
-95
-36
69
56
84
65
-13
-92
-158
-36
59
50
25
28
-8
-53
-62
-43
-33
-5
38
76
50
-62
-133
-143
-82
14
19
29
45
19
-8
-60
-50
-11
35
48
98
92
19
-28
-38
-8
29
82
73
107
54
-32
-54
-67
-54
-19
13
25
33
-53
-72
-67
-37
-39
-37
5
30
77
14
-37
-92
-76
-23
37
110
85
74
63
0
-10
36
58
65
41
70
-9
-79
-66
-62
-2
-9
3
-19
-58
-70
-82
-6
-23
-25
23
4
22
7
31
25
2
43
65
41
-3
9
7
13
27
22
7
3
-34
-20
0
-54
-47
1
40
1
-7
6
-13
-59
-57
15
28
55
27
37
35
-27
26
31
-7
-30
-1
12
-66
-34
0
-26
-13
3
-6
-16
-22
-46
-12
29
17
31
58
3
-54
-7
25
5
-6
-22
-39
-44
-15
-1
7
10
-12
-4
25
16
13
36
12
-16
-3
39
70
4
-37
-51
-80
-23
8
28
-23
-51
-7
-2
32
-20
-29
-37
-55
25
29
13
-25
-34
-31
-3
19
-2
-8
-9
19
29
38
-6
-38
-38
20
61
40
33
13
16
24
50
22
2
17
31
35
28
14
-40
-41
31
78
74
41
-4
-11
2
56
86
82
47
-1
-4
-1
12
-1
-29
-11
8
0
-16
-44
-50
-28
-23
-27
-15
-58
-97
-82
-53
13
31
20
42
21
35
25
-5
2
9
34
9
-12
-44
-39
-12
-13
6
-16
-59
-104
-77
-51
-64
-42
-58
-49
-54
-62
-18
-24
-47
-23
21
35
37
8
-22
-50
-20
19
45
60
19
3
-13
12
10
20
35
9
9
13
5
-20
10
13
2
42
50
40
28
26
33
41
57
72
70
57
37
45
50
28
51
62
53
15
-16
-32
-57
-40
-19
35
19
-39
-41
-48
-63
-3
47
39
65
41
38
45
41
40
19
18
-12
1
7
-27
-37
-54
-51
-34
14
41
14
4
-37
-56
-89
-69
-4
-3
0
-22
-49
-65
-30
-3
-22
-38
-46
-59
-57
-78
-63
-29
-40
-17
12
34
18
-18
-12
3
-21
4
28
22
-8
-36
-36
-50
-36
5
29
2
-1
4
17
41
69
72
60
15
-19
-7
1
28
-4
-19
-8
-3
38
38
25
21
-5
-6
1
25
24
-10
-19
-9
19
20
42
40
19
34
40
52
74
34
-13
-26
-30
2
15
28
22
18
57
63
61
40
-29
-26
23
15
29
44
43
56
20
8
20
-20
-9
14
10
-22
-69
-91
-100
-124
-113
-96
-100
-117
-85
-15
-26
12
-19
-44
-25
-17
36
15
-7
0
15
26
46
34
42
2
-18
13
7
25
-22
-59
-85
-83
-49
-16
3
-20
-1
-10
9
25
-1
32
13
16
9
4
29
-2
-2
0
16
22
18
57
61
2
-30
-18
7
18
39
44
-2
-30
-51
-14
67
111
100
73
53
74
81
55
44
-13
-38
-6
31
55
21
-22
-55
-50
-1
28
37
32
0
-64
-78
-7
-19
-39
-25
-38
-12
-38
-40
-25
-40
-69
-67
-41
-49
-22
-36
-45
-109
-91
16
31
82
61
7
0
-5
-10
33
48
29
-4
-37
-51
-51
8
42
39
10
16
49
81
62
11
-25
-28
-8
38
72
53
25
-47
-41
0
63
105
91
25
-63
-51
-35
-2
-14
-22
-17
-36
-23
12
24
3
12
-10
-9
3
3
2
-38
-43
-47
-53
-5
34
50
45
25
-11
-25
-12
2
9
-22
-19
-38
-51
-29
-15
-12
-25
-6
-23
-2
39
34
19
-6
-10
-27
-13
48
49
20
3
-26
-16
24
51
14
-10
9
-4
14
16
-7
7
14
11
9
-17
-9
-8
-17
-18
-9
9
-4
1
-21
-28
-19
-15
22
0
-7
-12
-48
-3
-3
-20
8
22
54
36
4
15
11
38
76
84
50
37
31
14
52
50
46
16
-12
-15
-44
-21
-3
28
19
-16
-6
-9
-19
-13
3
-13
-16
-22
-60
-31
-34
-46
-38
-57
-51
-18
2
-32
-58
-70
-79
-99
-81
-26
-6
-2
-34
-41
-13
18
56
61
35
5
-17
30
65
108
115
5
-10
6
36
104
80
47
-11
-75
-56
4
49
28
4
-57
-101
-51
-21
14
3
-43
-41
-10
50
56
28
3
-40
-23
34
68
79
41
-12
-28
7
22
47
91
59
0
-31
-3
20
26
44
35
-23
-66
-57
3
-3
-21
-22
-46
-44
-24
29
26
43
12
-20
-25
13
37
1
-10
-37
-40
-30
25
7
-17
-44
-69
-44
38
73
48
23
-55
-38
9
56
51
58
7
-25
-2
7
50
45
37
-15
-40
-62
-15
13
-30
-75
-111
-79
-60
0
22
-12
-47
-69
-38
-22
1
15
4
3
-12
-10
15
41
29
-9
-4
-6
-17
-5
-7
15
-15
-19
5
-10
16
44
56
22
16
7
14
63
58
34
0
50
63
38
66
6
6
9
-6
14
22
17
-26
-10
-24
-16
9
-13
18
22
22
19
45
57
20
7
-25
-54
-31
-14
-8
-14
-36
-44
-10
-7
-20
4
-32
-28
-20
-13
0
-6
-10
-29
-19
-23
-19
-35
-34
-40
-28
-16
-12
13
-5
3
-2
6
6
-6
-16
1
11
-20
-10
13
-1
-24
-26
8
-1
-15
8
3
-5
-22
9
41
36
41
57
56
70
37
23
40
44
50
19
25
4
26
24
48
21
19
23
-33
25
13
13
5
12
-8
-25
-12
-5
4
-25
-32
-45
-50
-57
-46
-82
-92
-81
-85
-47
-28
7
19
-34
-29
10
21
13
-7
10
1
-16
-5
16
19
19
-5
-2
13
-17
15
39
12
-3
13
23
10
3
13
13
0
10
26
28
18
13
9
-11
-29
-7
18
-7
-31
-54
-64
-22
-36
-21
27
24
45
32
0
17
38
13
0
16
40
41
38
43
35
13
-6
12
35
33
-4
9
7
2
40
32
3
8
4
-8
37
29
-1
-2
-7
-13
-24
-17
3
8
-7
-33
-26
-29
-27
-39
-58
-33
-63
-58
-40
-36
-38
-79
-51
-44
-57
-47
-44
-43
-63
-33
-6
18
12
4
22
3
26
3
17
48
19
17
0
-5
-12
10
28
9
32
14
34
58
49
49
-7
11
18
6
38
53
70
50
30
65
48
41
55
60
34
-5
27
13
-3
-12
-14
-6
-7
-15
-14
-25
-31
-61
-69
-34
-42
-13
-8
-44
-43
-12
-22
1
-4
-17
-13
-6
15
12
13
3
16
-15
-35
-21
-26
-13
-16
-17
-31
-51
-31
-22
-25
-39
-19
-30
-22
16
18
21
-18
6
10
14
6
-10
20
14
-12
-10
28
18
1
-9
6
0
12
28
45
49
49
36
40
63
48
53
18
40
22
41
61
46
57
-13
13
-3
-23
-9
-11
0
-22
-44
-38
-18
-45
-32
0
-6
-34
-15
18
15
-4
-13
16
-22
-9
15
-2
-30
-42
-4
4
-5
-21
-3
-37
-15
9
-17
-10
-32
-42
-72
-55
-37
-29
-3
-2
-9
-6
-19
-25
29
38
19
-16
-8
19
14
42
22
19
-6
-8
15
11
22
3
0
5
1
-1
2
0
25
-6
-21
13
32
42
40
47
24
21
33
11
3
10
-37
-23
-16
2
0
-18
-17
-18
9
-5
16
4
17
9
7
1
-15
-5
-13
13
-6
-12
22
30
-2
12
2
-27
-28
-44
-30
-38
-14
-3
-33
6
21
48
29
14
22
0
54
42
30
39
14
1
-21
-40
-35
-19
3
28
20
22
24
2
-21
-31
-39
-51
-34
-4
-25
-21
-13
-7
-18
-10
6
-16
-1
-19
-10
-12
9
11
-19
-22
-33
-4
-4
40
60
50
68
50
55
22
18
20
-1
23
-8
18
32
-16
-33
-53
-15
-20
-46
-28
-22
-26
-37
-37
-45
-61
-57
-30
-23
-3
16
29
22
-7
28
22
6
25
9
3
10
6
15
12
6
26
5
-12
-1
25
-2
-5
6
6
-10
-33
-20
-17
13
-2
7
-1
-2
16
34
37
1
0
-3
-6
35
54
22
44
29
35
36
33
5
-18
-2
-7
29
4
-7
-40
-10
-16
-63
2
54
43
1
-20
-21
-8
-19
2
-13
-23
-41
-22
-3
-22
23
15
-1
-23
-19
-6
-4
-11
-18
-9
1
8
16
49
2
20
52
14
25
12
37
8
-44
-47
-38
-35
-25
3
-13
15
-5
-17
9
10
6
-23
-38
-32
-30
-12
-10
11
32
-7
11
-2
6
8
8
-12
-62
6
-9
-35
-16
-44
-34
-13
-7
-7
-3
-4
-18
-47
-49
-29
-19
-15
-17
6
9
32
26
22
44
2
15
56
62
66
74
76
72
41
20
26
22
34
44
43
46
38
36
19
0
15
-6
3
0
-3
20
13
8
-8
4
4
-25
-36
-32
-29
-24
-23
-25
-29
-24
-38
-34
-32
-51
-39
-13
17
-14
-26
-25
-25
-14
-19
-3
2
-10
-23
-9
3
0
-1
15
28
7
-8
-16
9
7
-38
-41
-43
-45
-29
-15
15
12
-7
-9
-22
-17
-29
-25
-13
-5
3
0
34
33
32
57
57
67
62
56
49
38
49
32
24
31
10
-9
7
-17
-35
9
13
19
-6
15
0
-23
4
0
6
-10
19
4
0
4
-6
22
12
17
-6
-16
-12
-26
3
-12
-32
-47
-59
-26
-55
-41
-12
-6
-14
-27
11
-23
-31
-39
-58
0
-10
-40
-23
-15
-12
-13
-2
22
39
0
-14
-6
-4
25
22
37
20
10
-22
-29
21
22
3
-13
-20
-3
19
36
56
16
58
62
32
62
29
23
9
13
26
15
34
46
35
13
9
40
32
42
72
57
4
-9
14
6
-1
-28
-26
-30
-5
-7
-45
-25
-35
-27
-54
-49
-22
-29
-15
-33
-39
-30
-50
-55
-55
-45
-38
-35
-30
-33
-11
-21
-20
-6
-25
-43
-12
2
-21
-6
-6
7
10
-38
-29
6
20
6
-8
15
-5
13
38
44
49
12
41
82
65
44
38
26
27
16
17
50
32
24
18
-19
14
-16
-23
-3
-21
-19
-34
3
-6
33
28
-3
42
-16
-13
-7
6
28
3
35
-12
-36
-20
-54
-30
-13
-37
-40
-33
-24
-25
-21
16
-13
15
38
47
70
46
69
25
45
34
35
6
-31
37
-3
23
0
-41
-30
-68
-51
-41
-56
-35
-18
-38
-33
7
-30
-12
9
-9
21
16
29
4
4
10
39
64
30
25
2
-26
-31
-26
-13
-40
-53
-14
-25
3
-31
-25
6
-44
-9
14
22
28
0
53
31
2
51
3
33
31
-6
61
20
1
18
-47
-22
-37
-44
-6
4
6
-15
-22
-18
-8
-10
-8
-16
-1
-13
39
2
-2
27
-19
25
8
52
85
-1
39
91
-6
62
45
9
32
-44
-6
10
-36
3
-28
-64
-15
-84
-11
-55
-47
-8
-85
38
-16
12
27
-67
-1
-56
0
32
-33
35
-21
6
-16
-29
52
9
17
-12
-44
-4
0
24
40
3
8
-5
-13
-1
27
5
14
26
31
14
7
49
-5
16
-40
-29
-6
-50
12
-2
-6
47
50
53
21
-31
32
3
16
32
-3
12
-55
-30
8
-41
-25
-6
6
49
-22
-2
45
-19
-15
-31
-22
-15
-41
-27
-11
-6
-2
3
18
22
9
-9
27
38
9
42
10
1
19
-18
30
56
43
16
-10
-1
17
3
-57
-2
-3
-7
54
-1
6
20
-21
-2
-19
12
-29
-57
-4
-29
26
-57
-35
-10
-55
-6
-50
-46
-85
-51
-48
-57
-20
-32
-10
-18
14
-15
-22
-9
-62
35
1
-30
50
9
70
31
65
59
-3
90
51
82
70
44
101
42
5
35
6
31
-4
-8
47
-15
-9
8
-4
-9
-7
-10
45
-28
-14
25
-88
-17
14
5
-4
-16
-9
-48
-22
11
-6
14
-21
-31
-35
32
3
-22
59
-30
-1
-7
14
4
-11
9
-33
-23
8
-34
-68
24
-64
-37
-6
-54
11
-14
-9
30
-48
-24
-15
-65
14
-38
-9
47
22
70
66
-20
43
60
5
37
-9
11
-6
-7
13
-3
-20
39
32
-15
21
-25
-14
-22
19
2
-13
89
-1
33
57
-22
33
28
30
-4
7
19
-17
-22
-18
-25
-16
28
-10
8
-16
-35
-10
-13
-4
-25
-18
-13
6
-46
-75
-2
-18
-38
-2
-55
-54
-29
-59
-43
-11
-27
-60
32
20
-12
21
-20
14
40
45
-11
40
94
-35
16
70
44
41
89
83
-2
83
13
-1
64
0
11
0
38
-38
-35
26
-23
7
-4
28
13
12
37
-2
46
-6
-46
8
19
18
1
8
-9
3
-9
-25
-71
-57
4
-47
-44
-6
-36
-72
-23
-31
-28
-63
-16
-7
-31
-5
-64
-41
-37
-23
-50
15
-25
-76
21
-12
20
44
53
23
0
90
16
35
46
-39
40
10
-6
9
1
22
-33
-31
10
-13
-15
14
13
18
20
3
8
-3
-3
5
0
16
73
45
25
93
37
60
-25
-6
79
-2
44
33
13
-26
9
34
18
9
3
21
-18
-22
-63
-62
-13
-51
-56
9
12
1
-10
9
12
7
38
-24
-25
-16
-40
-17
0
33
2
-10
28
23
-12
-48
-29
-29
3
-39
-59
-16
-31
-10
-31
23
-55
-72
-17
-50
19
-35
-16
-44
-71
-3
-78
-22
20
-12
33
51
33
0
41
36
-22
15
-9
-28
-19
-27
39
13
18
-3
14
61
30
44
73
96
4
78
110
34
69
83
56
57
15
-5
-5
-3
24
-34
41
48
26
-11
34
22
-3
40
-77
-29
-16
-49
-42
-26
-26
-31
-69
-54
-45
-38
-5
-53
-14
-35
-67
-81
-14
2
-26
-11
-16
0
-30
-36
-6
21
7
-13
-29
6
15
-29
-17
57
36
-21
-27
-2
34
-19
0
52
35
-23
-58
-9
10
26
0
-40
13
10
24
16
44
37
-18
31
22
42
52
75
95
60
51
19
6
18
-9
20
-15
-13
-19
-91
-6
-13
-26
-32
-41
-9
-29
-3
-23
-37
-3
-72
-51
-4
-81
-14
38
25
31
58
38
-16
-13
-24
16
-15
-29
-51
-43
5
-70
-35
23
-4
6
48
28
31
57
21
30
9
13
39
-10
37
54
23
26
39
46
11
28
47
46
25
16
36
51
31
25
-21
-15
-11
-21
12
-17
18
-27
-42
-8
17
-23
-34
-7
-17
-32
-66
-60
-84
-20
-43
-14
-40
-41
32
-40
-8
-34
-73
-75
-77
-77
-20
-24
-29
36
32
-10
-18
-8
7
5
-30
30
23
24
35
24
36
57
54
20
22
11
23
39
35
-7
-27
-5
-24
-9
-16
-10
29
-11
0
-7
6
-20
19
72
33
28
64
77
-12
26
73
62
35
10
34
63
-16
4
42
19
-5
-43
-16
-47
2
-30
-6
-53
-80
-10
-66
-63
-40
-20
-29
-56
-14
19
-70
3
46
29
-13
-32
37
39
14
10
36
27
0
1
17
-18
30
20
21
3
-5
5
-17
6
-31
0
-12
-26
-20
-14
-21
35
61
41
-1
-26
34
-11
-22
-46
-16
11
-6
-46
-40
31
7
5
-15
9
-13
-17
15
-34
-50
-10
6
-50
-42
-38
-24
29
-4
13
-13
-34
-24
-57
-4
-50
-6
17
4
27
39
98
34
87
71
-6
26
50
13
35
44
36
9
-23
78
-2
2
47
35
39
-27
-8
-10
12
6
-60
-32
-18
-11
3
-56
-32
31
-2
-32
-17
-11
-32
-22
48
-5
-38
12
47
32
-34
-2
21
25
-2
-53
-11
-23
-60
19
-10
-47
-45
-39
-25
-59
21
29
47
67
16
-9
-30
-12
-7
41
98
32
15
27
26
44
16
59
70
43
11
-30
-31
-19
-26
0
-6
-30
-35
-51
-6
-47
7
13
-46
2
-41
-9
-47
-12
90
-29
-36
-11
-7
-2
-10
44
72
22
-47
-68
-63
-85
-56
61
7
-33
-76
-50
-17
-58
37
35
37
17
0
-11
4
32
22
8
-42
-32
36
36
4
83
80
63
-12
26
52
21
134
98
65
1
-11
20
-13
-16
15
34
-15
-135
-47
42
-79
-20
38
50
-70
-82
4
-64
-13
32
18
-31
-62
-6
-14
-45
19
81
45
-33
-64
-15
2
-2
62
51
-30
-66
-16
4
-50
-38
18
5
-67
-61
-37
-12
56
59
63
65
-34
-37
10
10
33
50
50
20
55
20
-20
95
124
74
-10
-65
-66
-118
-70
-30
-19
-18
-111
-64
-28
-31
-9
6
133
61
-32
19
-12
26
10
72
99
7
34
10
33
1
-23
70
35
-53
-79
2
27
-42
-6
-25
-127
-98
-6
-13
-74
-13
46
-37
-106
-95
-4
-20
-25
53
71
55
28
57
37
8
44
113
78
25
16
31
-22
-60
51
77
5
-22
-24
-62
-68
0
34
-66
-89
-82
-66
-83
-47
60
11
-61
-41
17
30
34
46
104
70
76
36
19
43
-9
74
63
14
-12
49
50
-74
-32
51
42
-5
-80
-57
-73
-63
9
-30
13
-43
-44
6
-48
-4
20
30
36
-32
-24
-10
39
82
1
3
-21
19
-13
-22
17
2
23
-29
-29
-55
-49
-13
69
54
7
3
-5
-10
-31
31
39
40
-72
-104
-54
-63
-1
12
46
68
11
15
21
41
43
32
21
-49
-48
-34
3
-36
-12
27
0
-43
-66
28
112
81
20
40
-43
-59
-56
-22
-10
-16
-3
-7
-33
-46
59
77
92
8
7
35
-44
-47
-7
-5
19
77
41
0
19
43
35
44
28
-15
-65
0
-15
-7
2
-37
28
-30
-43
14
55
42
-45
-12
29
-77
-69
-25
58
29
-42
-51
-120
-62
-28
34
20
-7
-31
-47
-35
-46
57
88
48
-53
-97
-31
-35
4
47
29
35
-15
-54
-41
-1
0
11
48
-29
-54
-56
-6
52
69
161
76
9
-9
-45
54
80
90
51
-2
-43
-118
-12
51
78
91
61
60
-28
-15
-25
27
91
-16
-15
-48
-92
-63
-17
53
62
19
-17
-45
-43
-9
14
59
19
-4
-22
-16
-5
-9
90
5
4
3
-50
-17
-19
-48
-95
-41
-63
-140
-90
-16
-35
-14
3
62
15
-37
-25
13
68
-19
56
26
3
-30
-46
32
-13
17
-8
-10
-42
-55
45
29
11
36
3
-3
-50
-72
-22
0
57
-4
0
12
-15
12
-36
86
42
-34
20
-2
32
-19
58
108
17
20
24
72
52
1
83
50
18
2
7
31
-47
22
35
-26
-28
-34
8
13
-9
32
16
28
-22
6
44
17
40
2
25
7
25
-50
-38
9
-28
-31
-70
-68
-39
-56
-46
-42
-72
2
-69
-9
-29
-73
-22
-72
2
-82
-37
-21
-66
0
-20
56
7
4
53
-38
10
0
-12
45
-8
20
5
-3
-8
-65
26
0
-17
-19
0
33
10
71
11
46
70
49
62
-3
0
47
41
44
53
57
68
33
45
19
32
-22
-3
51
-10
64
9
46
73
16
33
-38
-36
-33
6
5
-40
-49
-58
-32
-86
-16
-15
-73
-21
-40
32
-22
-16
-19
-67
9
-12
-1
-12
-1
48
22
25
30
-3
44
34
25
-13
-37
-41
-122
-48
-69
-77
-72
-120
-32
-11
-6
-12
-56
32
-22
-41
10
-37
44
15
88
58
9
59
6
101
29
46
72
-20
3
22
56
18
38
47
6
39
52
61
63
60
68
5
-19
-12
-18
57
22
16
20
-61
-40
-25
-23
-39
-18
-32
-104
-38
-93
-69
-7
-70
35
2
-38
-43
-42
27
-14
22
16
-22
-24
-41
-20
6
-29
2
28
-7
-10
2
19
17
72
16
-18
11
-24
-39
-29
-10
19
44
20
40
51
51
44
75
49
21
0
-9
-2
-11
28
-32
-21
-43
-18
-15
12
85
28
66
-21
-54
-32
-65
19
8
13
22
-35
36
16
-11
79
28
12
-9
-8
-13
-90
-9
-21
-7
0
-14
-31
-82
6
-14
66
54
-1
54
-71
-2
-2
-20
45
-68
12
-9
-8
80
47
64
6
11
-73
-67
-32
-73
-8
-45
-18
-45
-44
30
26
21
32
15
-15
-48
-66
-20
-36
-57
-25
-42
-48
-33
-17
62
42
65
25
-46
6
-18
22
1
-9
-1
-5
-13
-13
76
73
97
93
62
54
-11
7
75
68
51
25
-28
-54
-16
109
85
64
111
23
-5
-10
17
22
4
-22
-58
-77
-96
27
26
68
87
-25
38
1
-16
-31
-38
10
-73
-54
-73
-77
-83
-76
12
-35
43
-35
-90
-35
-68
-16
-46
-5
-37
-88
-64
-57
-16
-6
32
27
-39
-16
-23
48
36
-35
56
-42
-42
-56
-66
25
15
84
87
6
61
44
11
33
41
90
3
-32
-43
19
12
32
99
16
11
-72
-6
7
6
95
57
25
-22
-8
-22
-1
40
28
41
-8
-6
-17
-5
66
54
87
-6
-32
-1
-12
13
34
75
5
43
-37
-60
-37
-39
38
-53
-11
-91
-126
-71
-55
0
-10
13
-36
-25
-26
-10
68
64
39
21
-39
-41
-57
-52
57
10
21
-6
-35
-19
-61
30
56
23
-16
-44
-35
-8
29
35
57
29
4
1
2
38
61
75
69
28
15
-4
2
25
9
-4
7
0
-69
-61
-50
-57
-31
-39
-31
-24
-77
-76
-45
-18
21
-8
-7
6
-14
-10
8
10
31
29
18
3
-42
21
37
-25
-6
-26
-7
19
12
87
58
53
40
-14
19
4
-7
22
17
1
-5
-39
-18
6
-19
17
16
-13
24
-3
25
35
-18
19
-7
-4
16
-32
-21
8
-25
28
40
1
28
16
39
15
-10
-18
-29
-31
-33
-19
-17
-12
-36
-19
-20
-49
-21
-10
-12
30
28
14
23
-1
22
49
26
25
11
10
27
-6
-9
-6
-17
-10
-38
-48
-27
-20
-22
3
3
7
13
-19
16
3
6
35
20
7
-17
-29
-31
-32
-22
-2
-12
2
10
1
0
-9
-24
-12
-13
1
9
4
25
-12
12
20
-2
-23
-26
9
21
38
9
9
19
11
19
16
20
22
-1
13
36
27
14
-5
11
44
18
-1
13
7
13
16
22
28
-6
-17
-6
-6
-12
-34
-18
-11
-45
-41
-45
-48
-22
-42
-50
-57
-89
-54
-41
-13
-10
-57
-39
-12
12
27
10
-12
2
-25
-22
10
-3
11
28
73
83
50
46
45
31
47
65
54
54
28
36
58
31
13
-17
10
10
-24
9
-9
-6
-22
-19
-12
-29
-12
-15
-3
-44
-47
-37
-32
-26
-33
-10
-19
22
35
18
23
10
62
57
37
58
60
37
-6
7
32
29
-10
11
-5
-23
-16
-31
23
3
-19
-1
-25
-30
-25
-23
-7
-19
-35
-41
-53
-50
-44
-21
-23
-29
-32
-39
-34
-26
-25
-17
-19
-55
-42
-48
-18
3
14
32
-15
-14
-22
-9
-7
-5
-1
-4
15
11
10
21
57
47
53
53
54
45
41
73
61
47
0
-1
16
0
1
8
9
-4
15
26
12
6
15
37
11
-7
16
-1
-1
7
17
35
0
10
2
-26
6
-1
5
28
-3
-17
-35
-63
-35
-53
-23
3
-43
9
6
-17
12
21
35
31
-10
-15
-3
-10
13
13
18
6
2
-1
24
32
7
-1
-11
-19
-38
-23
-12
-1
-29
-29
-27
-55
-54
-26
-8
-13
-3
-5
14
4
25
21
0
17
-4
-15
-37
-34
0
-12
-41
-39
-13
-3
-16
-25
-6
-3
-23
-2
-13
-27
-25
-39
-36
-18
0
19
38
9
10
6
26
33
46
65
39
18
8
14
-8
21
39
54
51
16
21
80
97
76
58
35
26
11
10
19
24
60
37
-31
-6
-38
-21
0
10
24
-6
-23
-32
13
-11
-13
-23
-48
-38
-52
-44
-25
-3
10
-16
-2
-27
-19
-16
-47
-1
-46
-57
-75
-43
-19
-24
26
22
32
32
13
20
0
-37
-61
-78
-46
-71
-53
-21
0
-17
-28
5
-14
15
9
22
63
73
56
44
19
19
27
32
43
17
22
-2
9
9
13
9
7
31
1
30
5
-15
-24
-23
-9
-54
-24
-29
-6
13
-6
-3
-25
32
12
20
56
19
21
27
24
-6
-9
-7
-3
12
19
3
3
30
22
-4
-10
-2
-6
6
-10
-26
-19
-6
-10
0
-3
-14
-26
-19
6
-7
26
30
24
13
-14
-32
-37
-16
-10
-15
-43
-32
-25
-36
-15
6
25
31
20
2
-3
-7
13
37
21
6
-15
1
12
-16
24
41
26
-10
-48
-9
-3
-23
-3
13
20
-5
-28
19
12
13
19
4
-12
-15
9
1
26
-10
-15
0
0
14
10
12
-4
-5
0
2
-9
9
4
-13
-24
-23
-47
-47
-29
-15
-6
-31
10
0
-13
-16
-6
-12
-41
-3
33
0
-4
12
-4
35
18
41
87
92
94
53
40
25
30
37
32
35
42
-2
-41
-24
-23
-6
-35
-66
-66
-65
-42
-10
-23
-24
-20
-38
-49
-73
-45
-51
-20
-16
-11
-22
-44
22
28
46
13
21
14
-1
35
33
43
34
33
34
12
20
66
66
75
25
35
12
-18
37
28
54
18
0
-43
-53
-9
-1
13
-14
-15
-28
-57
-22
2
7
-2
-27
-33
-50
-29
-31
-40
-26
-38
-51
-21
-28
-27
-15
-13
12
-20
-28
-35
-19
13
20
0
9
19
14
34
54
35
39
66
38
33
16
16
10
13
21
22
25
25
26
20
31
15
-5
-17
-27
-20
-38
-56
-48
-44
-25
-35
-21
-9
-3
-12
-15
13
8
2
-31
-31
-10
0
5
13
19
24
-13
-8
0
-5
18
21
19
-30
-4
2
5
25
32
47
12
9
27
14
20
31
41
32
-17
24
33
26
-5
-15
1
-28
-6
-16
-43
-25
11
-12
-21
-18
-12
-35
-10
15
-9
3
-35
-34
-47
-24
-35
-51
-29
-29
-5
-43
-17
-7
-23
-4
-1
1
-4
14
24
34
48
47
50
47
28
47
25
38
34
38
51
-9
28
4
24
-1
-13
54
14
0
16
39
22
15
30
24
20
19
-2
16
-4
-3
-40
-51
-32
-91
-85
-77
-54
-72
-72
-74
-59
-40
-34
-16
-12
-19
-34
-12
2
12
-4
20
22
18
-19
-23
4
4
11
25
38
17
34
46
42
54
58
24
31
8
9
19
11
34
31
38
26
0
20
44
-7
-20
-24
-48
-47
-6
17
5
0
-6
-17
-47
-31
-16
-13
-48
-63
-37
-26
-32
-9
35
6
12
31
49
39
8
22
-3
19
21
16
32
9
18
-11
-33
-16
-7
15
7
-3
26
-13
-13
24
3
-10
-12
9
3
-22
-18
13
10
-1
6
-1
-36
-32
8
23
-8
-25
6
-22
3
7
16
32
7
15
9
-13
-9
30
19
15
-22
-32
-12
-25
-19
-28
-42
-31
-10
-37
-21
0
-1
-9
-26
-28
-11
-1
-20
-5
3
24
19
12
59
44
60
56
19
50
41
17
8
16
16
30
12
-10
4
-28
-18
1
-16
-28
-31
-37
-34
-68
-43
-10
3
-10
-38
-14
-22
8
-4
28
41
19
11
7
19
16
12
6
12
-13
32
-7
-19
15
-29
-13
-39
-22
-3
-18
25
22
33
28
12
22
29
30
25
33
-7
5
19
11
-13
-18
9
10
16
20
28
10
6
-34
-28
-10
-35
-40
-46
-12
-10
-5
0
-22
7
0
-2
5
-2
11
7
6
-11
-22
-7
27
38
43
57
51
40
25
9
6
6
-3
-26
-42
-41
-34
-7
-42
-46
-38
-42
-40
-36
-14
-44
-52
-78
-73
-47
-32
6
31
1
0
12
19
51
65
32
1
12
-10
-4
-2
29
38
7
10
7
-22
9
5
-6
17
-22
-3
-28
-3
2
6
32
13
31
51
76
67
12
-6
11
1
1
-3
11
19
50
52
50
36
18
35
-4
-21
-31
-25
4
-8
-21
-6
23
29
-2
2
13
-6
-22
1
-20
-23
-26
-19
11
-26
-21
-15
-19
-13
-23
-21
-15
-36
0
2
2
27
3
-8
-17
6
20
46
-1
-14
-16
-55
-12
-7
-15
-50
-60
-36
-54
-45
-33
0
-10
-31
-31
-85
-32
-17
-21
6
-3
1
-9
29
40
5
-1
28
22
32
6
0
44
49
31
12
31
8
33
29
-16
-7
5
39
76
81
73
67
67
49
22
23
18
30
7
-3
2
-16
-20
-30
4
-35
-38
-21
-10
37
2
-12
-51
-22
-9
-42
-30
-35
-16
-32
-16
2
-25
-22
-5
-3
-16
-32
1
15
-1
4
-26
-12
-23
-6
6
6
9
-16
12
-8
2
14
3
14
2
-2
8
27
50
56
53
42
35
40
20
10
18
-7
-35
-17
-6
-18
-20
11
-5
-18
-9
6
-5
-41
-40
-57
-69
-72
-38
-41
-9
-19
-35
-17
-56
-17
-12
-8
11
-10
-6
7
-9
22
13
-14
6
-1
-2
12
26
6
-2
-8
13
-16
-10
60
47
50
32
12
-4
13
33
44
32
17
39
41
28
23
59
65
76
49
43
60
35
35
-8
-35
-62
-70
-28
-18
-36
-36
-62
-60
-29
-34
-21
-26
-36
-29
-22
-37
-38
-22
-13
-26
-13
-3
-5
25
34
37
31
10
-4
16
29
19
-1
-17
-31
-12
0
12
30
7
-6
-1
8
11
17
16
-6
-28
-26
-4
15
-11
13
37
23
37
26
38
35
25
7
-3
5
19
29
-6
11
0
-31
3
-7
-24
-28
-18
-12
-41
-38
-48
-32
-38
-15
-8
-45
-34
-36
-16
-31
-52
-34
-19
-16
2
16
25
3
-22
2
30
31
10
-2
-7
-3
-37
-13
7
24
29
-7
14
6
35
57
38
36
36
8
-6
16
25
35
34
19
25
5
-5
57
49
20
3
2
23
8
28
59
56
46
53
48
35
17
9
-34
-57
-44
-63
-47
-30
-33
-35
-45
-24
-41
-40
-1
-49
-28
-27
-64
-50
-33
-23
-48
-65
-56
-38
1
20
19
27
15
-9
-20
26
21
2
20
5
7
0
0
29
10
-9
-13
-17
14
32
32
27
36
9
20
34
9
-3
13
29
-16
-18
-6
31
13
-13
-26
-46
-4
0
5
-15
-26
-7
-5
-25
1
13
16
50
10
21
24
4
34
20
-17
-26
-10
-2
3
12
11
12
6
9
19
-12
0
10
25
19
1
42
13
6
-2
-8
-17
-31
7
20
34
-1
25
21
-1
13
17
47
2
-10
-25
-24
-16
-35
-28
-54
-73
-69
-52
-65
-64
-24
-26
-51
-23
-17
-13
-22
1
32
-3
6
7
9
10
11
-6
-14
-23
-28
13
3
12
32
12
40
42
5
53
67
27
22
46
