3
19
27
36
54
33
39
31
23
22
3
18
33
17
18
32
12
38
22
0
-1
-11
-12
-12
9
-21
-20
-22
-7
-22
-50
-35
-47
-16
-23
-13
-31
-29
-28
-57
-43
-36
-2
1
13
-6
0
19
13
16
-10
13
19
23
22
-16
13
39
37
29
10
30
10
9
3
18
9
-13
2
-9
-18
-39
-11
5
13
24
13
-3
-6
-14
-19
-7
3
6
6
1
-6
2
-6
3
9
13
-9
-17
-9
-9
-20
-27
-4
-19
-23
-45
-17
7
-41
-42
8
26
32
28
16
26
-13
2
19
31
14
4
3
0
16
-12
19
-29
-43
-41
-13
9
-18
12
5
32
27
34
68
58
30
29
32
42
43
48
28
0
9
4
28
28
6
-32
-32
-44
-52
-53
-39
-41
-69
-32
-24
-32
-18
1
-8
-19
-12
-1
-16
-12
-25
-50
-35
-35
-31
-31
5
11
12
24
3
-22
2
54
32
25
47
42
10
-7
20
17
-10
4
5
11
40
17
-16
3
-2
-18
12
12
21
7
0
10
8
31
26
3
-3
-3
-3
-4
3
2
-22
-20
-38
-37
-6
0
-1
9
29
13
-2
-26
-21
-15
15
39
29
25
11
17
-1
-6
3
30
38
20
15
19
15
5
9
3
-19
-28
-17
-25
-28
-38
-34
-32
-43
-20
-18
-46
-25
15
-18
-42
-30
-6
-37
-4
8
-15
9
-25
-11
12
6
-9
3
-1
0
-22
-5
6
-9
7
13
26
-26
-2
15
0
25
38
21
26
47
48
61
63
50
25
28
20
12
33
26
3
11
20
25
-1
15
16
-11
7
-24
-6
-12
-18
-46
-40
-10
-12
-16
-35
-17
-20
0
-24
12
14
-19
6
19
-2
-27
-26
-6
12
-27
-21
-15
-3
-20
-16
-13
-6
3
-11
12
3
2
-7
24
43
13
4
-4
-10
-18
-28
-10
-3
-14
-29
-32
-18
-42
-48
-28
-7
6
-13
6
28
22
20
0
17
2
12
37
19
22
11
20
10
14
23
3
-1
7
4
-19
-23
-15
11
11
13
2
-1
2
-3
-16
-11
18
-8
-8
19
6
3
24
47
33
10
28
9
27
11
-4
31
28
3
-18
6
-16
-36
-40
5
-21
-12
10
-26
0
-12
-5
-5
6
-13
7
40
16
-13
-13
13
1
-8
20
4
-36
1
-7
-30
-24
-12
-6
-35
-29
-26
-48
-55
-47
-15
6
1
13
28
34
14
18
36
29
55
22
19
34
-10
-4
-7
-3
-21
-41
-44
-46
-32
-8
7
-7
-2
-17
-12
-3
-17
3
-6
-8
4
7
25
-7
-6
1
-14
1
13
35
15
25
12
-10
0
-26
-10
33
52
62
65
54
46
45
42
35
40
10
3
-7
-7
7
1
23
13
-4
-13
-16
-44
-32
-18
-4
-6
-47
-17
-22
-18
-42
-44
-17
-21
6
-21
0
-19
-32
-18
-13
9
7
33
5
-15
-13
3
-1
-7
4
10
-3
-13
-18
-25
-3
-22
-3
-14
-21
-24
-31
-9
-7
15
4
7
-1
-3
3
3
23
13
24
12
0
7
-1
25
45
42
28
38
37
33
23
2
29
20
9
-3
-7
13
-7
-7
12
22
19
6
20
6
-7
-16
7
3
-47
-18
-34
-34
-29
-32
-39
-44
-35
-31
3
-18
2
7
5
20
16
18
0
-6
18
45
8
15
39
15
-12
-17
9
0
-23
13
-12
-25
12
-12
-14
-16
-10
14
16
-13
-35
-20
-15
-31
-29
-22
-7
13
7
7
19
14
5
-7
3
30
15
12
-6
21
23
-7
-4
-9
2
-9
3
10
5
-22
-11
-5
-48
-31
-18
-17
-35
-17
-5
-12
-1
8
6
28
50
-6
-9
0
16
36
22
19
36
48
41
35
45
45
7
11
16
3
-28
-6
17
9
20
34
36
-9
-6
11
4
0
-10
-21
-41
-29
-16
-36
-18
-3
-9
-25
-43
-22
-23
-41
-47
-9
-2
-12
9
5
16
12
13
8
-17
-14
-5
-12
-6
-3
7
20
-13
11
6
-9
9
1
4
-2
27
-3
-20
-13
9
4
-22
-7
-16
4
-13
22
17
-37
-26
-8
18
0
16
16
1
-19
-33
5
-4
-20
-33
-3
-14
-20
9
-7
2
7
19
16
20
39
40
28
13
25
17
-4
-7
-11
11
13
12
20
-6
9
16
13
10
-19
-6
14
16
13
17
-4
0
28
18
32
7
24
13
9
42
28
27
-1
9
23
35
0
-1
7
-33
-20
-9
-39
-36
-14
-46
-29
7
1
4
8
-6
-24
-27
-3
-3
-36
-53
-43
-50
-70
-41
-20
-29
-30
-23
-22
-11
17
4
3
24
-32
-20
7
3
8
1
10
-30
-34
-38
-17
10
-14
-5
3
0
9
28
23
12
13
17
4
28
31
17
33
37
47
25
22
43
5
0
-3
-9
16
18
13
-23
3
9
32
26
-8
15
5
9
3
16
-6
6
19
30
15
-8
12
1
11
20
57
41
24
13
4
-6
-17
13
-16
-49
-19
-3
-31
-32
-47
-28
9
-15
-29
-14
-25
-38
-39
-12
-29
-29
21
-10
-14
4
33
12
32
42
11
36
-4
1
19
17
13
9
35
6
-21
-4
-1
-16
-19
2
-14
-43
-30
-25
-15
-31
-16
-21
-38
-25
-32
-35
-55
-17
-12
-3
2
-14
-3
-16
-22
-37
-34
-15
0
5
2
-19
3
29
-7
2
49
57
35
33
47
28
32
42
12
-2
-2
6
17
41
35
19
28
42
22
27
25
7
-2
-15
3
-12
10
13
-11
-13
-10
-2
-13
26
52
31
9
0
23
52
44
36
19
-6
2
-2
0
-6
-8
-4
-10
-19
-7
14
0
-12
10
-5
-28
-9
-9
-28
-59
-44
-40
-48
-45
-34
-45
-45
-34
-19
-10
-41
-13
-10
-20
-15
10
7
-11
7
8
4
22
37
18
56
35
17
29
-2
13
16
-19
-23
17
3
-10
1
12
-19
-50
-34
-50
-41
-46
-11
12
16
18
-7
23
-12
-15
8
4
7
-10
11
33
7
7
21
-4
-9
-7
24
32
28
32
24
14
-4
16
38
38
28
10
14
13
2
-6
11
25
-2
12
-3
3
15
9
0
-4
31
3
1
1
-23
-18
-21
-21
-25
4
2
-34
-14
-6
2
-5
1
-9
4
30
6
16
1
-6
-12
-15
-5
-20
3
-16
-19
11
4
5
8
20
15
7
5
13
-24
-41
-20
-6
6
-12
-3
7
8
22
19
16
2
-6
6
0
-27
-47
-19
-31
-50
-26
6
3
-8
0
-15
-31
-41
-7
-6
-7
-26
-55
-39
-17
3
14
34
23
3
-10
-1
3
-4
-2
9
26
12
-1
16
15
9
-3
-7
22
16
21
24
28
37
13
13
24
14
-3
0
1
-6
-3
11
20
12
-2
-19
9
9
-17
-7
5
18
13
22
26
13
34
20
-5
28
28
22
35
35
26
2
28
21
20
1
-31
-11
-32
-11
-3
1
-7
-6
6
-16
-2
-7
-5
0
-13
-32
-22
-13
-39
-50
-5
2
-30
-18
-44
-73
-44
-19
-67
-68
-26
-38
-44
-41
-34
-10
7
8
-5
9
20
-13
0
7
-13
-7
4
7
-23
-22
3
16
10
17
45
38
22
27
34
12
9
28
43
57
29
20
13
15
21
15
46
53
25
19
46
34
14
-15
-7
33
-12
-21
-5
-23
-23
-3
22
10
-7
-9
-37
-38
-6
0
-20
-6
16
-9
21
15
-2
21
17
0
-3
-18
-23
0
-6
29
0
-5
0
-16
-7
-37
-41
-41
-43
-50
-14
-18
-16
-13
-18
-3
-9
2
-20
-13
-1
-6
-22
-29
-9
-7
7
22
13
34
8
-4
28
9
6
20
6
-12
1
19
26
29
41
46
58
32
2
22
54
40
26
14
7
16
-18
-9
-18
0
-4
-3
8
-11
-21
-31
-10
-15
1
4
2
11
4
-25
-37
-19
-35
-28
-19
-57
-50
-24
-30
-34
-34
-32
-40
-18
-6
-21
-28
-22
-32
-21
4
-4
4
23
3
-13
-11
6
6
14
44
35
30
51
64
30
8
16
26
27
4
-5
25
24
13
29
27
17
13
28
35
54
33
25
54
45
33
15
31
26
-6
-7
-19
-31
-34
-23
-18
-34
-35
9
15
-32
4
-14
-47
-16
-8
3
-19
-29
-32
-36
-31
-32
-19
2
-11
-38
-36
-18
-18
-6
0
-22
-15
6
-24
-22
7
-8
3
7
9
2
0
18
23
14
7
6
11
10
-11
-13
-30
3
16
3
-3
-10
21
9
19
28
8
11
5
14
9
-10
20
39
34
18
11
19
12
25
11
-28
-30
6
12
1
0
-2
-9
-13
-15
-19
2
-22
-31
-4
-6
-1
4
13
-16
-9
14
7
6
7
-12
-27
13
-15
1
23
-12
-3
-19
-32
-47
-29
1
-16
-15
-1
-20
6
23
29
25
0
-9
-15
-2
-12
11
36
51
44
20
27
6
0
17
17
-3
-14
28
26
-3
24
-1
-7
4
11
3
4
29
16
9
-22
14
5
1
25
14
9
-1
2
0
13
3
1
1
-4
-36
-41
-24
-54
-63
-24
-3
-7
-19
-21
0
-20
-25
-9
25
28
-15
-17
-28
-22
-32
-18
4
-40
-43
-48
-49
-30
-16
9
-11
-14
5
-7
13
24
11
9
22
17
18
-1
4
21
-18
8
13
8
-15
-12
0
14
10
-27
34
38
3
13
23
27
27
30
23
12
50
31
27
49
35
37
24
22
15
27
18
2
6
-4
-7
14
-3
-8
-9
-1
-3
-11
3
4
28
4
15
7
10
29
8
6
-9
6
-8
-39
-39
-7
-31
-32
-29
-46
-50
-70
-53
-56
-63
-57
-26
-18
-16
-30
-43
-15
3
-10
-22
-3
-28
-22
2
7
16
14
54
46
47
76
42
29
19
-1
5
-4
1
-8
-6
10
-16
-12
0
13
0
-2
4
-7
-4
1
-28
-44
-6
-1
9
25
18
2
-10
-16
1
6
6
1
4
19
26
7
11
32
9
6
7
24
-15
-40
-14
6
4
-19
-18
4
-27
-31
10
3
22
6
27
24
0
26
8
1
31
39
28
22
41
56
43
25
-11
7
-2
-22
6
-19
-20
-4
1
-7
-37
-36
-44
-46
-41
-16
11
4
12
7
19
10
-39
-14
-27
-18
14
-21
-30
-39
-41
-34
-7
-12
-3
6
-6
-4
5
22
29
26
3
14
7
-1
-21
-48
-28
-21
-31
-12
-19
-19
-2
-12
15
13
38
53
35
12
-3
34
13
-5
-12
-3
6
9
22
22
22
7
-1
-10
-8
22
16
13
15
18
9
-25
-20
-32
-4
19
-21
-14
5
3
-16
-11
0
-6
21
28
19
31
34
7
-16
15
4
-23
-5
7
-27
-16
11
-15
26
22
20
36
15
12
-32
-20
-41
-81
-72
-39
1
-26
-17
1
7
14
10
29
35
32
12
6
22
12
6
13
22
0
23
24
-20
-24
-59
-58
-60
-69
-57
-28
21
31
33
70
85
64
54
37
23
-1
-10
-35
-48
-51
-56
-51
-33
-26
-22
-17
-10
15
34
52
37
47
20
-2
-1
-24
-49
-41
2
-8
-23
-22
-11
1
20
13
37
55
38
41
7
11
40
54
41
10
25
15
-18
-18
-71
-82
-75
-102
-70
-74
-48
-31
-40
-11
-13
6
30
37
44
30
19
10
2
4
18
29
43
62
64
48
27
-9
0
51
48
38
25
34
17
11
-7
9
28
-8
22
-15
1
-38
-60
-36
-50
-39
-14
42
4
5
22
17
-35
-47
-19
-11
-20
3
15
-21
-12
-28
-24
8
28
48
49
6
1
-18
-18
-19
-48
-35
-34
-56
-92
-79
-63
-67
-27
1
18
47
31
27
13
1
19
12
6
30
52
48
13
-9
-29
-34
-41
-28
-15
-3
41
25
9
7
16
54
69
76
100
72
28
0
-25
-36
-36
-4
16
3
13
28
32
31
14
48
82
65
44
19
-17
-45
-59
-54
-55
-46
-8
-4
5
16
17
-1
-21
13
0
10
9
-46
-70
-89
-70
-63
-61
-25
-13
-33
-25
-38
-57
-26
-41
-36
16
60
55
24
20
-2
1
16
32
24
34
30
-29
-36
-43
-42
-13
1
29
24
-9
-11
-11
-16
-16
-15
0
17
44
65
4
-13
-19
-13
22
35
79
62
70
68
59
54
28
55
32
6
7
2
-13
-46
-46
-39
-7
10
11
6
-22
-34
-26
-16
-14
6
26
12
-15
-31
-11
4
-31
-39
-22
3
-13
-24
-4
13
-14
-25
-1
19
51
57
68
22
26
15
-10
-7
-26
-22
-30
-28
-70
-71
-48
-43
-16
16
22
35
15
-11
-33
-25
17
-7
11
32
30
-4
-14
-29
-66
-26
14
24
-5
7
-20
-70
-36
-25
1
37
41
18
-14
-9
-36
-41
-31
23
70
47
55
47
60
57
19
19
22
23
25
1
0
-4
-13
-26
-48
-23
-30
-15
-6
-8
13
12
32
1
-3
41
43
6
-21
-1
-19
-16
-1
1
-1
-4
25
19
3
19
28
-14
7
41
31
29
25
15
-6
-33
-28
-35
-37
-19
-24
-12
-14
-19
-1
9
10
18
-1
8
4
-26
-18
-9
-26
-26
-16
-22
-11
-19
-14
-33
-23
22
14
12
16
9
28
0
-15
3
13
-24
-37
0
14
12
-6
13
19
29
13
22
-5
-23
-30
-45
-8
-22
-6
0
3
-25
-23
-13
-29
2
0
32
18
-9
-3
-14
8
11
28
51
61
21
-16
-8
-19
3
7
15
3
-2
33
4
-2
23
2
1
3
16
0
-2
5
-15
-11
-45
-21
-9
-4
-26
-4
17
3
33
24
36
26
34
42
78
54
43
35
4
29
30
18
-21
-5
-2
-10
-31
-19
-27
-23
3
-12
-23
-37
-35
-57
-54
-37
-30
-34
-48
-64
-41
-50
-35
-13
-26
-11
-14
-4
-16
-25
-3
17
3
-7
13
20
0
9
-2
-3
7
-13
-1
6
7
-2
9
12
16
18
25
25
17
13
35
69
49
27
47
41
32
23
1
22
23
35
30
50
3
-26
8
-17
14
-21
-19
14
-20
-16
3
-2
-5
-13
-14
-20
-18
-9
-18
-28
-31
-4
-23
-30
3
-2
-16
-19
-30
-35
-45
-39
-19
-8
14
7
19
23
3
5
25
14
16
21
0
6
-4
22
25
10
-18
-16
10
-10
-16
-23
-7
-21
-17
14
22
3
0
23
-9
-3
-12
-19
-13
-33
3
-6
-13
10
-1
8
8
8
5
26
29
19
19
6
20
9
13
21
9
4
-16
-13
17
19
6
-1
12
27
4
-13
-13
-4
-16
-6
-21
-19
-12
-52
-12
0
6
10
-2
5
2
5
14
26
18
43
47
-2
-12
-24
-53
-45
-37
-25
-28
-31
-17
-17
-9
-41
-11
1
-19
7
28
26
7
10
21
34
5
43
18
-26
12
-6
-15
-20
9
-12
-3
52
38
11
-2
22
31
3
11
19
22
19
13
19
9
15
0
16
16
-3
4
11
37
6
-5
-22
-33
-9
-40
-35
-43
-54
-36
-48
-13
-22
-47
-35
-36
-25
-31
-17
-22
-26
-8
-4
12
11
2
-23
-7
2
-16
4
11
64
38
8
25
22
42
26
35
25
28
24
7
15
9
-8
26
45
20
25
-13
-17
-11
7
26
19
33
7
-5
0
0
-8
-23
-17
-16
-17
-42
-55
-28
-23
-11
-3
1
6
7
3
13
19
4
28
51
57
14
-6
-13
-17
8
-3
18
9
-3
19
-11
-25
-13
-24
-29
-32
16
-9
-50
-4
-1
-32
-7
7
-30
-16
-25
-35
-9
-7
-1
10
5
2
-17
-7
3
-20
-6
3
-15
-37
-7
1
-11
-6
12
31
10
7
13
13
9
8
19
12
24
40
37
23
28
31
18
25
6
38
12
-19
-3
0
5
9
31
7
11
-2
18
15
-19
-15
16
40
-2
-4
19
12
-11
6
-2
-13
-13
-11
-5
-13
-17
-41
-34
-2
-8
-25
6
0
-4
-13
7
12
-6
6
-18
2
-19
-19
-16
-30
-7
-3
-10
-44
-28
-16
-12
1
0
6
-3
-10
-15
-26
3
3
7
31
-11
13
20
7
-4
-6
14
-10
-6
-12
-16
8
7
-2
-10
-21
3
-1
7
12
-3
-15
-10
13
-16
-23
-21
-23
-10
-12
23
51
45
56
6
23
45
31
38
34
36
24
25
-1
10
16
30
32
38
33
-4
7
23
7
-32
12
40
5
-3
17
6
0
0
-21
-16
3
15
-25
-49
-40
-26
-31
-28
-24
-22
-26
-56
-35
-29
-34
-36
-18
0
0
-13
-25
-26
-41
-17
-9
-20
-13
-27
7
17
3
8
2
23
-4
-1
3
-3
-8
-4
26
9
28
35
-6
-12
-15
-35
-7
26
-3
1
35
18
-10
10
38
22
38
35
26
66
45
13
42
49
42
41
44
21
-27
-25
-31
-57
-47
-22
-13
-3
2
-4
-4
-16
-35
-26
-7
-13
-28
-11
-16
-54
-43
-16
-20
-22
-5
-20
-41
-22
-8
29
44
10
16
14
17
29
28
27
25
11
26
47
18
39
29
17
26
12
24
32
5
4
12
10
-7
-34
-10
-37
-33
-15
-13
-9
10
18
0
12
4
-18
-35
-22
-1
-10
-24
-16
-21
-26
-21
-11
-41
-7
19
-3
5
1
28
38
38
19
-9
-23
9
9
0
15
11
13
-25
-29
1
-29
-13
-1
-18
-22
-22
-10
-41
-15
-47
-28
24
-15
-9
0
1
-1
-13
-12
-20
-15
13
21
22
-3
27
24
22
35
23
17
6
2
-15
-1
2
15
-17
-5
8
-5
-1
-32
-14
12
16
3
1
12
25
16
26
34
33
34
46
52
9
6
-1
-6
-25
-2
37
7
18
6
4
31
19
9
9
-6
13
9
-4
6
-10
-6
-9
-20
-34
-30
-9
-18
-22
6
17
-5
-22
-4
13
-6
6
2
-12
-17
6
21
-22
-20
-13
-6
21
18
-14
-29
-34
-24
-18
-10
-9
-29
-42
-51
-35
-47
-54
-36
-26
-33
-38
-15
-13
1
-3
-4
7
5
0
15
22
-9
-16
-8
2
-4
19
35
33
16
-8
12
25
34
19
18
23
42
57
52
54
33
36
18
6
38
23
-1
22
7
8
-8
-28
-28
-21
9
-23
12
5
3
-7
-2
35
-6
10
18
23
-2
-7
-6
-4
15
15
1
-14
-7
-23
-27
-9
-7
-10
21
7
6
18
5
0
-5
8
7
23
29
3
0
19
19
-8
-27
-3
-12
-41
-34
-12
7
-13
-9
-7
3
2
-19
-19
0
-3
-27
-25
-16
-29
-25
-23
-46
-71
-64
-21
-26
-7
-32
-44
-19
-30
-9
2
7
1
-2
-18
-7
19
26
21
18
15
26
21
16
22
-2
12
32
29
4
3
3
-4
4
22
27
13
22
23
5
-6
-1
-4
4
5
37
42
-1
7
9
-3
19
40
17
33
21
26
25
24
45
3
38
30
-6
-4
4
-6
-33
6
13
10
-15
-46
-50
-12
0
-22
5
-10
-28
-30
-9
-15
-8
6
4
16
7
16
-19
-15
-6
-27
13
-20
-48
-40
-40
-15
-34
-34
-22
1
4
-12
-17
-34
-3
26
26
-9
16
22
7
17
-31
-16
-4
-4
-12
-16
-3
9
34
50
22
11
37
4
-4
16
15
-8
4
7
-30
-33
-21
-4
1
-3
17
35
-1
-1
4
-9
4
8
15
-9
-1
5
-15
-3
0
-1
-20
-19
18
15
2
-2
-12
0
3
9
20
37
31
35
44
35
31
-7
-17
-5
-11
-27
-17
3
-5
-3
-11
-9
-1
3
-17
-37
3
6
-20
6
15
16
22
28
10
-28
-9
-27
-22
-30
-57
-44
-41
-22
-40
-16
1
-6
-1
-17
-17
-8
-12
-2
-7
-4
3
10
31
4
12
28
63
56
54
44
5
28
12
32
54
35
16
28
1
22
57
51
41
7
38
28
-6
-2
-4
-8
-13
-3
12
-13
-9
-12
-48
-57
-49
-35
-47
-58
-90
-51
-18
-38
-37
-45
-31
-39
-21
-13
-40
-36
-3
-16
-27
-5
12
6
-16
0
-18
-16
21
26
17
58
60
22
28
22
31
16
-7
-14
-8
2
-10
-16
30
59
17
9
22
18
-5
22
32
-3
9
10
-18
-41
-1
34
0
3
15
10
19
19
22
-3
5
15
15
26
16
18
18
11
7
6
11
15
16
7
-6
10
3
-18
-12
-6
-2
-7
-22
-18
-17
-12
-26
-13
10
-9
-3
-20
-13
-22
-41
-13
-34
-61
-67
-46
-29
-59
-22
18
-14
-13
-5
-1
-16
-14
18
6
4
16
4
0
-7
-7
20
39
37
5
-3
13
37
48
3
34
47
1
7
28
28
0
-14
-12
-28
-19
15
-4
0
3
-2
12
4
2
1
15
11
1
12
24
16
19
0
-20
-6
-7
-27
-19
0
11
19
-10
-11
8
2
9
7
-4
13
-1
6
0
-9
2
18
38
12
3
-31
-21
-15
-20
-1
-19
-16
-40
-29
-26
-23
-22
-18
-3
-29
-16
-8
10
-22
-24
-26
-47
-1
0
5
-33
-4
13
-4
23
19
44
38
29
22
27
40
42
22
13
16
-3
15
15
3
-1
1
1
-8
-2
2
7
21
16
-2
24
49
17
-6
5
4
9
19
-4
13
41
16
24
22
-2
-9
-32
-22
-4
-31
-48
-13
19
0
-8
3
19
10
-20
-25
-25
-20
-42
-28
-29
-26
-11
-31
-15
-29
-32
-38
-32
-25
-48
-43
-12
-9
-7
14
31
-2
-28
8
-23
-5
6
-15
-14
-20
3
3
16
-11
-19
13
-3
5
3
25
61
38
34
22
34
42
37
26
28
30
-6
28
54
38
38
18
6
16
22
16
-3
-3
-6
-5
-15
3
34
15
8
-4
-19
-30
4
12
19
3
2
-10
-38
-8
-11
1
6
22
11
-9
6
33
-4
-4
19
13
38
16
-13
-50
-26
-37
-28
-19
-25
-14
-29
-44
-57
-32
-7
29
-16
-22
-12
-16
4
-19
-29
-17
3
4
-1
-3
-17
-12
-7
-4
-19
-37
14
-13
-32
2
4
8
1
15
3
-17
0
-8
-19
5
-4
-13
-15
-13
-24
11
21
-1
12
8
25
28
29
11
13
34
54
25
39
56
24
35
20
15
16
16
14
14
-6
4
-13
-5
25
-19
3
19
-4
-4
24
4
5
1
-8
-4
-5
17
18
8
2
11
-17
-16
-27
-18
0
-13
-3
0
-20
-28
-9
-24
-26
-14
3
3
-11
6
34
30
13
13
0
3
-10
-7
-2
-15
10
-16
-18
-9
-23
-6
-14
-42
-9
3
-5
-11
-21
3
-29
-25
-25
-35
-37
-26
-3
-19
-27
-2
10
4
24
50
38
20
40
17
15
6
14
9
15
13
-38
-2
-14
-7
-9
-26
-25
-31
-16
7
11
14
18
-22
-21
1
4
0
2
10
31
16
10
37
38
0
17
53
46
36
-5
10
45
32
16
44
23
3
3
19
31
17
33
-3
11
5
-14
-16
-30
-33
-57
-41
-20
-19
-20
-19
-29
-69
-56
-14
-27
-57
-60
-28
-20
-11
3
30
42
29
39
12
5
30
8
23
16
-5
0
-3
9
1
0
-11
0
-16
-1
-17
-35
3
-14
2
26
8
-11
12
27
26
14
23
-4
-25
-6
-12
-12
-25
-38
-19
-7
-11
-29
-15
10
-9
15
-6
-7
21
39
38
25
16
-4
12
16
57
39
35
47
23
17
-16
2
19
1
-3
-10
-13
8
12
2
-20
-40
-42
-25
-9
2
10
-3
3
6
11
19
-2
-2
2
-15
-11
7
-3
-18
-29
-15
-3
-1
-7
-19
-7
-17
0
-3
-9
-12
-25
2
3
-24
-32
-14
-8
22
-11
-19
6
-4
14
17
17
16
6
9
1
-3
7
14
43
9
8
-2
-4
-9
-40
16
7
14
44
-1
-26
6
-4
-14
-13
-9
-20
-18
6
-22
-19
-5
-34
-67
-7
-10
-22
28
17
-7
-38
4
25
2
14
20
7
14
8
-5
25
36
37
47
52
22
29
26
26
10
-16
38
65
43
38
32
15
30
6
19
9
9
17
-7
6
-2
10
9
23
0
-23
-23
-13
-7
-23
-16
13
-5
-53
-51
-41
-39
-66
-61
-43
-51
-35
-41
-52
-47
-15
3
-10
-18
-54
-35
-25
-29
9
3
6
4
6
-15
-9
-1
-15
10
-5
-5
-9
-18
-2
0
6
18
31
13
16
34
43
12
-13
24
23
17
7
9
-17
-6
15
8
17
-3
25
23
16
4
15
34
34
40
26
44
22
21
37
26
36
12
6
12
23
38
8
19
26
12
10
9
23
-18
-20
-27
-28
-5
-24
-15
-12
18
11
-4
4
-5
-5
-10
24
-3
-35
-16
-26
-42
-44
-40
-45
-44
-32
-35
-34
-28
-12
-23
-6
31
13
0
-8
-5
-9
-3
-1
-10
-24
-28
-41
-23
-23
-22
10
-4
-28
-25
-7
-11
5
-6
16
28
13
-6
1
13
3
18
29
28
25
38
0
-5
1
1
-22
-16
-11
9
37
1
7
1
-3
13
31
1
5
26
37
22
7
49
28
12
37
33
7
14
18
12
3
4
-4
-20
-32
-29
3
8
12
19
5
-20
-10
21
2
-8
0
14
19
-10
-4
6
-7
-15
-13
7
-11
-23
0
-9
6
10
-9
-10
-39
-42
-34
-35
-29
-33
-10
13
-4
-6
32
52
41
48
-4
-9
-10
-2
19
-6
19
12
15
10
16
19
26
-33
-57
3
-6
-6
-18
-41
-46
-26
-62
-41
-21
-28
-4
-25
-12
-13
-20
-6
4
12
17
26
32
39
6
-10
-3
-34
-23
6
-11
-34
-7
-20
-28
16
23
28
16
15
26
18
45
46
18
32
47
44
18
12
-5
-10
8
-6
4
15
6
4
14
17
-17
-26
-16
-19
-9
10
26
12
7
1
12
16
12
22
2
18
42
13
0
-1
-5
-12
-18
-10
-35
4
12
-19
-10
-7
9
-6
-6
-15
15
17
-7
13
-8
0
16
26
4
-13
-1
-14
0
12
10
-13
-15
18
-16
-30
-3
-27
-11
-17
-31
-70
-61
-29
-71
-17
-2
-18
-37
-31
8
-9
-21
-13
-17
-13
11
3
6
1
-4
-3
4
-1
0
4
0
9
25
43
23
28
42
28
6
20
34
36
25
13
17
-11
5
30
34
-3
-17
12
1
-7
-13
6
-9
-32
-33
-15
5
-13
-3
3
7
8
12
34
31
28
16
14
28
34
27
7
18
16
0
2
-3
-15
-16
-32
-38
-18
-6
5
-2
8
8
22
16
3
-4
-11
32
22
19
33
35
19
2
16
-7
-31
-29
-10
0
-20
-9
9
0
-4
-26
-19
-14
-38
-29
-40
-70
-69
-56
-30
-10
-26
-12
3
-3
-19
-25
4
-6
-7
9
-8
-10
-10
-9
-31
-9
-7
-32
4
-9
-27
-24
8
6
6
24
36
10
-15
7
-3
40
44
53
48
25
32
22
24
19
8
4
19
29
31
9
27
41
11
22
36
15
25
31
9
10
-3
1
4
11
-3
-19
-12
-19
-12
-8
-20
4
-12
-29
31
29
-20
-31
-5
-8
-3
9
8
3
-8
-11
-12
-23
-41
-11
-21
-54
-44
-39
-31
-15
12
17
-32
-28
-12
-21
-25
-9
16
-8
-13
3
23
10
0
2
35
34
23
17
21
64
19
27
22
41
54
35
9
-13
16
5
12
1
-5
-14
15
6
4
7
-21
-15
-32
-30
-26
-29
-35
-13
-30
-10
-45
-52
1
0
-16
-50
-37
-66
-90
-96
-71
-31
-11
10
0
-9
18
38
67
54
22
41
32
0
-24
18
32
-4
-3
71
56
33
91
60
21
44
51
4
-12
-5
-9
-27
-22
-4
-29
0
13
-15
14
33
32
29
-6
-14
3
-10
-17
-84
-37
42
50
36
57
106
39
52
7
-10
33
-2
-18
-6
3
-15
0
57
57
25
82
48
25
10
-94
-124
-84
-10
-99
-73
-44
-132
-89
-105
-77
-89
-49
-99
-110
-99
-142
-93
-91
50
43
-3
27
31
58
101
118
120
69
98
115
38
61
36
84
149
149
70
126
124
84
100
-13
-9
20
-10
-56
-114
-119
-126
-73
-61
-57
-18
-64
29
35
32
13
-90
12
10
-118
-28
-74
-66
-41
-101
-117
-132
14
-101
-87
-74
-66
-54
-108
-40
16
40
-15
80
103
39
-9
7
46
32
63
47
31
-24
-27
125
75
57
5
30
56
26
114
16
45
88
31
11
30
30
-18
66
157
116
169
152
200
220
178
80
82
135
64
3
-44
-19
-108
-41
-87
-65
-70
-30
23
29
-4
-28
-41
-127
-73
-202
-106
-174
-111
-151
-224
-176
-344
-413
-502
-539
-508
-501
-482
-301
74
338
407
613
358
497
-17
-178
-806
-1040
-1061
-938
159
23
1450
1416
2824
2143
1923
1040
127
444
-939
416
-755
1162
1149
2081
1051
304
94
-1369
-1313
-2880
-1718
-2354
-1013
-1126
60
-563
-1187
-924
-1349
-1301
-2257
-1239
-1538
-625
-137
102
331
36
655
1126
850
1133
781
2109
1011
1325
1080
987
1763
996
2796
1085
1705
376
1306
-236
-1115
-648
-1320
-716
-1759
780
-708
80
-550
516
-358
-1441
-804
-2024
-400
-1657
-849
-29
516
167
648
925
362
277
346
-50
78
341
83
709
506
1315
867
855
744
1069
110
-421
-133
-116
-779
-1103
-491
-592
15
-538
411
-254
-304
-1210
-1105
-833
-1482
-949
-749
-206
-254
397
98
981
685
618
-133
444
279
-193
539
264
1120
270
779
927
1074
573
617
1023
791
372
-165
-181
-131
-364
-881
-254
-425
-33
-652
-568
-1144
-1549
-1348
-1677
-832
-1090
-1041
-977
-439
-742
-1030
-903
-609
-264
-637
-478
-122
-112
-442
-899
-651
-386
-1147
-1140
-878
-635
-933
-158
797
1407
1299
1778
3015
2353
2195
1149
2402
1996
1671
2180
2265
3814
3391
4944
4271
4073
3156
2682
3040
780
750
344
565
155
-1031
-739
-980
-1194
-1454
-2729
-2748
-3668
-3880
-4562
-5027
-4605
-4877
-3705
-4033
-2883
-2536
-1675
-617
-1140
-1005
-1301
-791
-271
-244
378
1072
1716
1944
1878
2746
2431
2691
1959
1784
1491
958
1103
478
540
23
464
402
273
-43
52
-110
-731
-1674
-2117
-1986
-2007
-2034
-1762
-1303
-1206
-799
-991
-267
-371
-181
-771
-1198
-1832
-2200
-1958
-2235
-2107
-2614
-1924
-1562
-540
-231
151
1145
1286
1828
1655
1680
1113
1778
3056
3399
5061
3968
5685
6594
7955
8305
6470
7265
6075
7762
5243
4152
2977
2898
3399
1051
882
-573
325
-418
-2098
-3377
-4729
-4920
-5673
-7514
-8722
-9462
-8537
-8854
-9262
-8541
-7446
-5413
-5012
-5039
-5129
-4172
-2791
-1868
-1258
-1020
-51
1558
1766
3018
3916
5935
6442
6136
6162
6073
6702
5757
5885
4783
4911
3541
3324
2882
1919
2048
938
722
-1237
-2034
-2383
-2941
-3930
-5231
-4985
-5291
-5583
-5860
-5362
-4087
-4531
-4190
-3865
-2788
-1881
-1730
-1036
-682
-149
443
1275
1822
2412
2661
3081
2811
2375
2077
2070
1763
931
-130
-974
-1331
-1846
-1552
-1126
-907
-585
-398
559
1351
1517
982
-10
890
1656
2913
2298
3156
4764
7194
8755
7403
8217
7521
9466
8403
7310
6051
5088
5890
4051
3347
842
1036
689
-544
-2450
-4183
-4189
-5422
-7040
-9168
-10041
-9900
-10364
-11681
-11684
-10993
-9120
-8413
-8587
-8176
-7541
-5647
-4918
-3883
-3297
-2221
-898
-22
1253
1922
4040
5566
6656
7160
7387
8641
9176
9337
8739
8098
7255
6147
5319
4378
3654
2609
1329
48
-902
-1429
-2139
-3266
-4726
-5318
-5811
-6623
-7248
-7177
-6574
-6366
-6476
-6046
-4628
-3705
-2797
-1801
-629
-43
220
1163
2141
2790
2953
3357
3656
3712
3707
3816
4050
3197
2151
1514
867
188
-1147
-1187
-853
-509
-1212
-1023
-189
915
1327
362
-57
-276
1530
2002
3226
2764
3971
5444
7745
8923
7747
7988
7484
9280
7811
6958
5334
5793
5760
3934
2157
409
554
-950
-1869
-3649
-4732
-6782
-7934
-8626
-9349
-10545
-11786
-11898
-11867
-11426
-11412
-10077
-9638
-9607
-9266
-7958
-6656
-5657
-4340
-2713
-1111
-1087
-198
2067
4560
5823
6042
6469
7967
9306
9497
9651
9315
9088
8186
7375
6768
6045
5422
4599
3375
1389
84
-738
-865
-1827
-3704
-4810
-5103
-5862
-6569
-6756
-6331
-6077
-6357
-6029
-5149
-3787
-3468
-2528
-1695
-949
-609
88
1597
2368
3075
2950
3391
3879
4119
4345
4091
3368
2479
2062
1470
546
-190
-709
-1087
-1174
-1649
-1764
-1397
-912
278
18
-89
-1273
-468
971
1292
2106
1011
2686
3468
6350
6990
6475
6390
6122
8748
7910
7188
5640
6484
6843
5355
3349
1843
1961
1416
96
-1874
-3258
-4413
-4318
-4990
-6128
-8503
-8954
-9355
-9697
-10173
-10961
-9606
-9580
-9577
-10340
-9466
-8319
-6821
-5423
-5130
-4203
-3490
-1456
589
1734
2227
3042
4385
5615
6286
6686
7104
7728
7374
6720
6132
6029
6397
5611
4592
3029
2136
1311
844
107
-1079
-2054
-3047
-3063
-3810
-4118
-3865
-3486
-3534
-4320
-3970
-3154
-2400
-2371
-2180
-1244
-931
-440
321
1549
2445
2334
2690
3100
3608
3913
3817
3948
3121
2583
2198
1693
746
-566
-888
-1709
-1673
-2333
-2290
-2058
-2031
-1138
-510
52
-419
-352
223
1510
1784
1961
1366
2623
4649
6301
6238
5092
6180
7343
9254
7506
6728
6301
6305
6179
3843
2725
1119
888
102
-1883
-3634
-5226
-4872
-4925
-6612
-8699
-9970
-9213
-10062
-10284
-11122
-10816
-9731
-10355
-10168
-10486
-9363
-8371
-6313
-5620
-5343
-4052
-2242
330
1573
2433
3452
5025
6032
6903
7303
8166
8503
8617
8008
7439
7675
7786
7664
6162
5549
4638
3772
2893
1867
1190
-15
-1149
-2136
-2644
-3132
-3370
-3176
-3985
-4677
-4510
-3887
-3204
-3518
-3160
-2375
-1609
-1823
-1536
-339
611
1098
825
1432
1812
3013
3553
3666
3859
3470
3485
2874
2112
1058
379
-550
-1587
-2688
-3809
-3879
-3542
-3443
-3819
-3977
-3146
-1354
-990
-1209
-1944
-1125
422
762
1383
860
2176
3265
5290
5635
5689
6488
7133
9216
7934
7455
6875
8051
8344
6067
4346
3003
3673
2617
503
-1315
-2500
-2888
-4397
-5592
-7252
-8070
-8296
-9732
-10078
-11561
-11316
-10460
-10626
-10923
-11461
-10206
-8544
-6879
-6799
-5942
-4119
-2628
-987
-206
1549
3275
4279
5247
6106
7543
8059
8580
8791
8781
8624
8070
8266
7659
7002
6040
5556
4778
3393
2601
1840
1179
-438
-1836
-2251
-2969
-3739
-4619
-5026
-4936
-5104
-5033
-4858
-4313
-4252
-3448
-2845
-2412
-1719
-1245
-273
-25
733
1457
2535
2923
3155
3534
3817
4220
3824
3772
2736
1962
856
-295
-1018
-1999
-2794
-3422
-3983
-4275
-4105
-4086
-3391
-3422
-2397
-2183
-1630
-1576
-696
1014
1363
2382
1039
3509
4704
6514
6751
5755
7288
7331
9783
8502
8431
7751
7772
8545
6054
5436
3260
3603
2145
-1017
-2419
-4804
-4116
-5809
-7465
-9645
-10618
-9898
-11107
-10704
-12614
-11577
-10971
-10808
-10635
-10837
-9082
-8657
-6863
-6736
-5551
-3413
-1737
503
1417
2941
4659
6579
7946
8252
9449
9608
10440
10224
9549
9722
9001
9554
8193
7436
6754
5907
5397
4066
3097
1557
534
-1066
-2233
-2698
-4367
-5005
-5763
-6464
-6428
-7027
-6363
-6670
-6158
-6021
-5232
-4094
-3898
-2852
-2461
-925
-702
598
1162
1632
2774
2832
3432
3409
3454
3510
3671
2841
2035
1160
405
-311
-1163
-2140
-3133
-3627
-3929
-3930
-4522
-4529
-3985
-3241
-1966
-2227
-1179
-816
106
1546
1840
3275
2614
4810
5368
7395
7669
7139
8830
8501
10852
9071
9694
9259
8916
9251
6432
6109
3732
3290
1669
-805
-2401
-5024
-4688
-6682
-7548
-9213
-10176
-9510
-11330
-11061
-12623
-11638
-11440
-11707
-11632
-11689
-9819
-9045
-6642
-6174
-4468
-2731
-1103
1106
2060
3558
4412
6082
6376
7052
7872
8369
9582
8929
9029
8820
9225
9371
8511
8051
6516
6045
4526
3467
2273
579
-359
-2065
-2787
-4093
-4899
-5495
-6158
-6567
-7177
-6808
-6647
-6130
-5839
-5677
-4934
-4352
-3706
-2866
-1970
-1232
-472
227
1155
2000
2900
3400
3733
4014
3726
4141
4065
3725
3426
2652
1842
800
256
-530
-974
-1952
-2914
-3035
-3669
-3407
-3770
-3119
-3059
-2516
-1741
-1348
-577
-706
1387
1488
2658
2049
3399
5643
6269
7710
6461
8610
8275
9605
9215
8161
8731
6943
8010
5435
4624
3061
2079
2360
-1053
-1467
-3839
-3665
-4689
-6861
-7785
-9785
-8815
-11155
-10950
-11754
-11477
-10232
-11078
-10138
-10507
-8505
-7886
-6255
-5454
-5136
-3275
-2201
-345
303
1448
2619
3943
4885
5555
7058
7884
8649
8741
8600
9023
9078
9258
8536
7519
6621
5782
4608
3389
2369
1291
169
-1510
-2468
-3073
-3499
-4436
-4983
-5879
-6317
-6355
-6466
-6092
-6340
-5840
-5697
-5116
-4778
-3737
-2226
-1322
-663
-282
1063
1954
2944
3292
3511
4026
4140
4292
4257
4296
4198
3935
3139
2453
1830
916
315
-350
-1023
-1948
-3027
-3431
-3424
-3590
-3884
-4013
-4141
-3316
-2801
-2094
-1319
-899
895
1885
3325
3270
4229
5653
6878
7922
6627
7808
7752
9239
8617
7451
8136
7216
8087
5921
5224
4187
2850
2264
-377
-1173
-3715
-4083
-5203
-6872
-8054
-10250
-9087
-10523
-10512
-11389
-11615
-10565
-11161
-10398
-10623
-8952
-8593
-7139
-6281
-5651
-3408
-2581
-468
241
1489
2737
3726
5456
5860
7103
7156
7858
8602
8357
8676
7914
8290
7131
6679
6141
5110
4641
2726
2245
888
-213
-1215
-2410
-2946
-4316
-4987
-5410
-5710
-6059
-6304
-5982
-6031
-5592
-5369
-4566
-3588
-3188
-2160
-1240
-181
560
1644
2727
3469
4112
4684
5371
5731
5735
5550
5610
5282
4725
4143
3485
2774
2187
1269
178
-729
-1950
-2544
-3406
-4303
-4899
-5492
-5179
-5843
-5574
-5310
-4312
-3325
-3377
-2090
-1482
1080
1630
2906
3674
4412
6642
6877
8424
7396
8214
8480
8727
8663
6876
7388
6353
6635
4973
3810
3279
1568
1855
-782
-1807
-3397
-4305
-4784
-7029
-7911
-9784
-9218
-10708
-10960
-11106
-11816
-10844
-11189
-10068
-10110
-8938
-7858
-6455
-5282
-4859
-2766
-1253
227
997
1993
3193
4143
5062
5623
6653
7007
7556
7919
7731
7937
7815
7953
7442
6591
5786
5496
4709
3719
3003
1916
1294
42
-1099
-1785
-2321
-3015
-3720
-4733
-5314
-5152
-5273
-5279
-5503
-5191
-4608
-4012
-3484
-2938
-1986
-1072
-147
482
1297
1746
2494
3261
3292
3618
3650
4081
4171
3616
3453
3309
3098
2722
2228
1649
997
166
-731
-1063
-1979
-2786
-3238
-3951
-3813
-4208
-4234
-3632
-3490
-2816
-2205
-1552
-733
-91
1261
1817
2865
3082
3858
5082
5549
6749
5726
6458
6129
6828
7236
5630
5868
4665
5102
4174
3102
2603
1218
1170
-596
-1299
-2797
-3672
-3826
-5809
-6503
-8542
-8226
-8868
-10011
-10179
-10908
-9899
-10229
-9818
-9652
-8733
-7696
-6526
-5097
-4892
-3375
-1941
-494
481
941
2473
3562
4269
4755
5556
6611
6985
7485
7619
8106
8237
8642
8671
7979
7671
7135
6924
5770
4662
3873
2819
1546
-11
-990
-1818
-2659
-3843
-4789
-5345
-5748
-5585
-5933
-6018
-6038
-5794
-5265
-4969
-4241
-3504
-2576
-2115
-1452
-594
319
1391
1931
2404
2845
3394
3854
3953
4080
3964
3872
3600
3125
2987
2514
2065
1442
726
127
-490
-1076
-1785
-2520
-3057
-3360
-3709
-3961
-3965
-3916
-3281
-2784
-2322
-1695
-1005
517
1205
2019
2325
3599
4645
5069
5696
5143
6282
6042
6737
6598
5676
6111
5405
6188
4623
3794
3306
2415
2193
-259
-788
-2444
-3274
-4602
-6392
-7067
-8888
-8618
-10035
-10493
-10953
-11146
-10146
-10465
-9919
-9642
-8320
-7187
-6073
-5060
-4251
-2543
-1278
80
1233
2472
3891
4757
5475
6377
7532
8185
8714
9150
9083
9036
8943
9165
8803
7876
7153
6570
5503
4266
3423
2584
1304
-518
-1730
-2608
-3695
-5062
-5810
-6428
-7231
-7797
-7919
-7528
-7468
-6894
-6452
-5716
-5014
-4147
-2589
-1788
-876
-236
770
1719
2296
3306
3785
4443
4596
5044
5316
5244
5515
5075
5052
4409
3990
3325
2266
1637
526
-100
-1416
-2570
-3363
-4323
-4795
-5538
-5741
-5830
-5766
-5624
-4977
-3910
-3312
-2346
-1652
-114
1233
2422
3194
4272
5498
6269
7381
7140
7954
8023
8706
8662
7543
7509
6854
7208
5740
4363
3373
2296
1717
-346
-1374
-2940
-3959
-5051
-6783
-7692
-9184
-9064
-9982
-10718
-11203
-11328
-10222
-10004
-9620
-9262
-7811
-6699
-5205
-3919
-3011
-1378
-77
1101
1972
2998
4172
5117
5449
5648
6341
6747
7039
7167
7053
7183
6863
6964
6381
5687
5134
4445
3818
2243
1288
519
-438
-1800
-3102
-3610
-4374
-5164
-5719
-6004
-6108
-6413
-5986
-5658
-5363
-4793
-4195
-3148
-2780
-1807
-757
224
948
1450
2720
3271
3827
4110
4722
5090
4978
5090
5053
5151
4452
4190
3802
3093
2704
1771
1120
192
-880
-1496
-2652
-3444
-4353
-4748
-5236
-5903
-5803
-5931
-5239
-5243
-4647
-3608
-2781
-1298
-891
459
1908
3265
4949
4920
6274
7022
8259
8919
8140
8733
8355
9233
8074
7359
6816
6123
6252
4162
3436
1801
1063
374
-1626
-2755
-4505
-4931
-6077
-7564
-8778
-9709
-9438
-10574
-10867
-11233
-10803
-10128
-9846
-9031
-8819
-7337
-6373
-4937
-4025
-3345
-1755
-688
235
828
1853
2835
3497
3885
4194
5051
5149
5431
5830
5679
6119
5884
6271
5998
5710
5581
5027
4575
3259
2969
2161
1251
60
-1009
-1305
-2206
-2573
-3255
-3590
-3708
-4023
-3618
-3850
-3532
-3209
-2878
-2404
-2420
-1565
-940
-126
112
731
1580
1834
2432
2587
3036
3181
3399
3413
3381
3280
2879
2959
2324
1865
1440
945
594
-194
-659
-1218
-1762
-2463
-2908
-3273
-3756
-3900
-4215
-3844
-4046
-3634
-2955
-2369
-1013
-754
534
1003
2350
3564
4322
5297
5126
6709
6700
7770
7416
7062
7651
6667
7118
5492
5139
4484
3590
3305
1206
769
-635
-940
-2060
-3763
-4330
-5934
-5586
-7288
-7922
-8961
-9553
-9189
-10284
-9767
-10358
-9335
-8910
-8367
-7704
-7273
-5848
-5169
-3710
-3319
-2297
-871
70
1161
1380
2388
3260
3887
4509
4812
5486
5638
6086
6129
6165
6322
6275
6477
5935
5517
5130
4790
4289
3354
2739
2086
1330
512
-457
-996
-1602
-1993
-2440
-2998
-3286
-3467
-3175
-3251
-3112
-3084
-2871
-2419
-2215
-1701
-1282
-731
-299
251
762
1101
1576
1952
2349
2549
2471
2537
2581
2466
2293
2116
1781
1517
1202
950
758
305
114
-360
-1025
-1583
-1861
-2068
-2447
-2950
-3077
-2839
-2815
-2623
-2208
-1580
-779
-316
381
1029
1941
3079
3664
4077
4020
4947
5671
6270
5620
5080
5192
4872
5028
3652
3168
2383
1758
1356
32
-437
-1358
-1563
-2533
-3919
-4507
-5244
-4976
-6239
-7040
-7836
-8181
-7658
-8344
-8086
-8379
-7690
-7123
-6675
-5966
-5351
-4166
-3415
-2636
-2171
-1262
-116
595
1050
1495
2039
2840
3324
3823
4175
4707
5101
5386
5764
5744
6111
6116
6264
5999
5559
5459
4897
4497
3714
3193
2553
1737
1213
327
-17
-924
-1351
-1742
-2328
-2508
-2999
-2758
-3045
-3015
-3018
-3136
-2998
-2911
-2390
-2230
-1895
-1630
-1029
-440
-229
360
639
1051
1241
1372
1746
1781
1775
1620
1601
1420
1416
1319
978
823
619
531
54
-570
-843
-991
-1346
-1798
-2280
-2370
-2140
-2191
-1949
-2019
-1649
-674
-427
279
383
1372
2374
2731
3373
3115
4345
4535
5211
4838
3978
4523
3891
4562
3077
2398
2189
1457
1858
121
145
-662
-1041
-1063
-2517
-2429
-3582
-3291
-4173
-5053
-5573
-6432
-5854
-6908
-6925
-7427
-7178
-6566
-6570
-6025
-5892
-4950
-4227
-3348
-2645
-1981
-975
-231
562
1118
1782
2378
2976
3400
3854
4513
4823
5303
5399
5613
5788
5975
6057
5930
5718
5308
4989
4143
3756
3314
2865
2044
930
308
-345
-767
-1453
-2122
-2700
-3284
-3402
-3498
-3708
-3774
-3745
-3698
-3636
-3489
-3080
-2463
-2152
-1966
-1585
-1011
-561
18
331
747
1100
1255
1874
1877
2223
2217
2256
2310
1932
2125
1821
1831
1450
1036
808
224
195
-282
-538
-1130
-1651
-1627
-1982
-1781
-2230
-2124
-1889
-1641
-1008
-1028
-451
80
988
1562
1869
2257
2999
3874
4222
4146
3840
4134
4275
4390
3804
3114
3056
2951
2899
1852
1343
1135
888
563
-850
-1121
-1822
-2087
-2920
-4195
-4833
-5719
-5636
-6658
-7199
-7595
-7521
-7037
-7305
-7142
-6737
-5767
-5145
-4518
-3829
-3206
-1993
-1277
-709
-45
515
1402
1939
2248
2794
3597
4276
4759
4966
5324
5777
6252
6290
6277
6092
5799
5598
4752
4295
3539
3140
2180
1218
529
-367
-664
-1597
-2028
-2577
-3082
-3256
-3590
-3677
-3850
-3659
-3803
-3836
-3608
-3462
-2814
-2675
-2267
-1737
-1202
-613
-164
548
945
1720
2110
2488
2851
2989
3306
3278
3337
3204
3117
2803
2517
2374
1806
1493
767
307
-25
-777
-1197
-2177
-2439
-2806
-2932
-3120
-3542
-3032
-2772
-2007
-1883
-1396
-745
276
1221
1559
2083
2653
3706
4232
4514
4208
4465
4835
4968
4791
3945
4216
4007
3960
3415
2339
2327
1402
1388
81
-960
-1669
-2683
-2989
-4844
-5364
-6522
-6685
-7310
-8417
-8223
-8707
-7950
-8072
-7938
-7592
-7180
-6036
-5516
-4556
-4157
-3137
-1991
-1411
-354
294
1454
2140
2773
3436
4170
4944
5416
5916
6026
6189
6402
6758
6568
6501
6116
5706
5174
4372
4013
3344
2689
1660
688
-8
-570
-982
-1757
-2416
-2964
-3278
-3221
-3508
-3661
-3622
-3513
-3335
-3297
-3048
-2577
-2077
-1725
-1379
-881
-391
134
770
1114
1556
1956
2313
2669
2835
3039
3029
3047
2732
2628
2428
2051
1852
1192
815
112
-370
-752
-1483
-1939
-2748
-2994
-3329
-3413
-3456
-3554
-3159
-3163
-2319
-2001
-1366
-824
25
1265
1636
2610
2758
4035
4650
5241
5517
5148
5829
5486
6031
5138
4728
4713
4022
4048
2545
2343
1665
1104
524
-1163
-1521
-2788
-3207
-4441
-5729
-6471
-7503
-7533
-8708
-8927
-9215
-9073
-8570
-8741
-8244
-7743
-6572
-5699
-4878
-4041
-3371
-2081
-1242
-324
400
1066
2039
2532
3181
3637
4402
5062
5360
5703
5909
6292
6481
6677
6710
6417
6189
5692
5212
4525
3940
3436
2365
1632
698
291
-153
-974
-1462
-2131
-2405
-2765
-2837
-3024
-3268
-3191
-3353
-3012
-3069
-2758
-2216
-2134
-1733
-1521
-691
-388
-118
468
812
1299
1455
1899
2141
2330
2337
2353
2360
2148
2220
1967
1752
1194
775
511
-106
-425
-928
-1295
-2105
-2487
-2737
-2999
-2933
-3398
-2887
-2969
-2572
-1947
-1515
-452
-424
875
1532
2205
2852
2985
4344
4317
5118
4903
4839
5245
4830
5437
4276
4137
3817
3594
3497
1946
1963
1013
626
-302
-1706
-2077
-3357
-3757
-5065
-5907
-6782
-7532
-7576
-8489
-8508
-8799
-8310
-7827
-7737
-7069
-6544
-5506
-4761
-3982
-3154
-2473
-1492
-686
132
609
1333
2122
2749
3184
3512
4351
4753
5431
5685
6002
6285
6411
6721
6507
6515
6017
5791
5193
4390
3994
3086
2472
1562
794
287
-488
-959
-1705
-2061
-2505
-2870
-3035
-3449
-3419
-3650
-3639
-3647
-3544
-3219
-3035
-2695
-2372
-1828
-1314
-969
-458
106
745
1232
1520
2022
2382
2644
2720
2721
2687
2781
2717
2346
2006
1654
1333
837
344
-162
-576
-1095
-1611
-2136
-2443
-2640
-2793
-2824
-2926
-2757
-2426
-1868
-1468
-910
-404
366
1164
1752
2381
2672
3512
3987
4466
4413
4185
4660
4612
4600
3840
3580
3540
3133
2758
1659
1511
803
305
-470
-1763
-2186
-3116
-3444
-4601
-5530
-6118
-6571
-6859
-7748
-7713
-7797
-7469
-7324
-7274
-6630
-6060
-5131
-4382
-3654
-2986
-2169
-1025
-325
315
878
1696
2311
2727
3145
3632
4279
4548
5099
5200
5534
5787
6114
6255
5911
5874
5601
5448
4586
4039
3558
2825
2162
1139
528
-144
-687
-1265
-1979
-2405
-2700
-2645
-2904
-3123
-3145
-3011
-2856
-2934
-2670
-2556
-2252
-2123
-1784
-1373
-1083
-658
-414
177
328
824
1251
1610
1984
2026
2448
2323
2542
2558
2392
2197
1558
1466
1067
680
70
-373
-674
-1467
-1792
-2346
-2384
-2611
-2907
-2758
-2940
-2426
-2223
-1551
-1156
-835
-202
371
1448
1741
2418
2675
3348
3960
4065
4414
4057
4422
4292
4293
4070
3511
3741
3303
3137
2239
1806
1467
755
296
-1216
-1582
-2505
-3202
-4130
-5398
-5733
-6635
-6881
-7666
-7843
-7773
-7789
-7290
-7186
-6546
-6127
-5203
-4375
-3941
-3180
-2567
-1492
-898
-402
312
960
1660
2011
2632
3237
3783
4277
4772
5264
5439
5725
6013
6117
5939
5671
5551
5140
4486
3843
3303
2848
1916
1145
521
-91
-584
-1292
-1583
-2093
-2298
-2439
-2572
-2517
-2846
-2540
-2457
-2328
-2235
-1997
-1394
-1340
-986
-754
-255
138
261
767
839
1220
1437
1778
2055
1942
2275
2189
2272
2163
2029
1825
1299
1039
544
189
-457
-917
-1273
-1951
-2398
-2818
-2737
-2958
-3261
-3126
-3044
-2652
-2316
-1647
-1228
-907
-323
536
1362
1622
2241
2688
3358
3634
3951
4359
4160
4309
4216
4283
3845
3534
3633
3250
2808
1845
1702
1241
499
-159
-1303
-1691
-2804
-3379
-4205
-5238
-5680
-6429
-6647
-7493
-7628
-7453
-7333
-7154
-7120
-6330
-5817
-4969
-4286
-3557
-2727
-2097
-929
-226
383
1051
1808
2459
2755
3287
3850
4297
4461
4888
5251
5358
5443
5581
5719
5373
5166
4992
4589
3859
3272
2849
2276
1467
749
362
-239
-816
-1314
-1598
-2054
-2343
-2343
-2396
-2517
-2566
-2165
-2130
-2142
-1892
-1488
-1004
-955
-619
-232
78
304
466
853
840
1091
1260
1420
1437
1398
1620
1497
1487
1330
1376
1133
733
498
223
-197
-748
-1009
-1403
-1749
-2314
-2502
-2601
-2817
-2824
-2958
-2539
-2336
-1747
-1307
-1088
-406
-19
1044
1409
2010
2518
2832
3619
3655
4242
4041
4219
4382
4103
4196
3594
3742
3360
3037
2564
1797
1671
799
438
-555
-1487
-2106
-2961
-3450
-4696
-5244
-5875
-6337
-6846
-7514
-7337
-7464
-7225
-7121
-6768
-6234
-5754
-4822
-4208
-3471
-2767
-1749
-806
-223
503
1209
2057
2451
2950
3534
4033
4332
4529
5066
5180
5353
5399
5578
5617
5291
5216
4840
4489
3850
3411
3018
2236
1619
960
487
-274
-803
-1062
-1538
-1954
-2266
-2193
-2283
-2430
-2316
-2104
-1978
-1970
-1574
-1169
-1075
-923
-588
-251
-155
27
402
606
608
698
971
1143
1165
1286
1401
1270
1097
1155
1121
771
389
208
43
-524
-1033
-1233
-1532
-1969
-2399
-2510
-2585
-2697
-2679
-2543
-2390
-2193
-1553
-1066
-713
-302
370
1224
1606
2129
2602
3183
3582
3816
4202
4162
4335
4379
4371
4101
3685
3665
3281
2833
2169
1667
1193
453
-153
-1012
-1715
-2555
-3250
-3896
-4770
-5472
-6064
-6455
-7032
-7367
-7359
-7347
-7234
-7002
-6552
-6088
-5457
-4616
-3810
-3048
-2289
-1272
-328
346
1041
1909
2636
3094
3645
4255
4697
4878
5175
5484
5544
5444
5418
5478
5231
4910
4621
4225
3655
3123
2741
2160
1480
838
332
-199
-802
-1164
-1444
-1841
-2231
-2346
-2331
-2361
-2370
-2212
-1932
-1789
-1523
-1078
-742
-479
-218
166
427
585
892
1087
1159
1148
1257
1310
1172
1163
1140
1098
830
633
631
374
120
-194
-388
-653
-1008
-1197
-1513
-1813
-2168
-2302
-2425
-2564
-2521
-2486
-2295
-2201
-1825
-1354
-926
-444
-1
593
985
1543
2033
2485
2851
3151
3543
3675
3790
3728
3763
3657
3441
3191
2848
2503
2017
1609
984
379
-126
-683
-1252
-1982
-2540
-3118
-3647
-4155
-4707
-5109
-5592
-5815
-6020
-6134
-6114
-5945
-5542
-5295
-4886
-4293
-3493
-2816
-2211
-1429
-642
184
852
1534
2097
2604
3137
3568
3908
4086
4362
4517
4613
4593
4507
4418
4178
4053
3715
3403
3037
2595
2265
1747
1362
898
472
57
-408
-693
-1017
-1161
-1342
-1437
-1505
-1500
-1327
-1327
-1203
-984
-686
-503
-360
-93
139
331
462
629
698
729
794
858
847
695
581
522
367
110
-50
-176
-437
-658
-786
-913
-1083
-1238
-1372
-1541
-1623
-1634
-1648
-1750
-1806
-1735
-1640
-1543
-1498
-1265
-1036
-824
-521
-192
227
547
1001
1401
1725
2073
2438
2812
2906
3078
3265
3407
3359
3154
3110
2908
2610
2257
1911
1437
888
527
93
-450
-1000
-1407
-1795
-2360
-2884
-3245
-3549
-3926
-4297
-4568
-4803
-4936
-4991
-4966
-4912
-4754
-4407
-4028
-3648
-3164
-2489
-1916
-1344
-711
-44
561
1010
1545
2004
2426
2751
3106
3314
3342
3483
3623
3696
3469
3354
3334
3204
2943
2655
2519
2140
1850
1568
1200
889
588
453
140
-151
-323
-351
-430
-682
-651
-553
-499
-525
-423
-221
-187
-98
96
235
256
339
507
541
458
471
542
457
285
190
153
-10
-183
-274
-410
-584
-765
-799
-927
-1136
-1197
-1164
-1189
-1310
-1258
-1173
-1153
-1122
-981
-844
-821
-678
-486
-337
-273
-124
203
365
450
654
930
1103
1208
1448
1589
1602
1630
1761
1825
1762
1732
1716
1640
1502
1389
1238
1004
705
470
164
-274
-660
-1013
-1380
-1799
-2180
-2499
-2824
-3160
-3381
-3535
-3708
-3745
-3696
-3637
-3606
-3513
-3253
-3059
-2839
-2467
-2043
-1644
-1330
-854
-290
123
511
977
1406
1719
2042
2407
2651
2789
2956
3137
3211
3157
3129
3058
2933
2750
2552
2377
2106
1820
1596
1337
1050
802
584
427
252
142
45
-38
-126
-190
-162
-177
-188
-176
-120
-126
-117
-72
-15
-17
7
12
-16
19
7
34
-5
-56
-115
-124
-164
-256
-290
-376
-488
-601
-664
-757
-894
-962
-999
-1093
-1148
-1168
-1150
-1115
-1077
-1008
-899
-748
-643
-532
-402
-228
-91
35
162
273
405
527
686
745
859
1030
1096
1152
1192
1271
1306
1281
1267
1208
1153
1069
956
853
693
483
335
161
-138
-423
-650
-883
-1189
-1473
-1741
-1968
-2173
-2361
-2498
-2635
-2666
-2686
-2657
-2593
-2493
-2325
-2179
-2013
-1802
-1566
-1313
-1016
-729
-459
-170
148
502
834
1078
1394
1656
1834
2009
2120
2272
2368
2364
2359
2327
2245
2117
2017
1914
1727
1555
1395
1236
993
787
685
529
377
220
158
133
59
51
35
20
9
-10
-21
-36
-13
-4
18
28
0
-11
7
-3
-25
-51
-80
-89
-125
-118
-144
-207
-226
-254
-306
-359
-437
-480
-501
-571
-623
-676
-729
-779
-791
-816
-810
-755
-719
-654
-591
-509
-408
-312
-263
-183
-99
-45
-22
54
138
165
271
288
316
381
468
572
579
618
719
790
807
796
760
721
654
560
446
357
194
19
-123
-359
-568
-790
-963
-1176
-1433
-1543
-1642
-1744
-1835
-1915
-1909
-1862
-1828
-1755
-1652
-1525
-1423
-1268
-1121
-993
-795
-648
-448
-260
-45
167
392
640
866
1064
1219
1457
1586
1691
1803
1874
1931
1903
1880
1834
1747
1660
1535
1377
1237
1119
975
808
666
537
452
352
250
198
164
116
78
45
44
58
43
44
27
53
90
109
133
148
174
215
208
180
180
141
127
82
51
-19
-128
-170
-244
-374
-466
-498
-597
-711
-790
-842
-881
-914
-936
-949
-965
-972
-921
-882
-818
-780
-727
-643
-576
-487
-405
-295
-225
-123
-38
69
192
284
407
446
549
657
731
770
804
865
854
847
819
765
677
571
474
312
136
17
-170
-338
-530
-730
-895
-1112
-1246
-1397
-1472
-1562
-1650
-1650
-1677
-1628
-1570
-1495
-1391
-1274
-1116
-941
-794
-610
-418
-275
-131
19
164
319
482
606
742
872
1009
1123
1226
1343
1394
1478
1518
1543
1603
1575
1569
1511
1441
1378
1275
1169
1007
907
800
692
583
459
367
272
265
205
148
167
141
137
130
143
149
138
146
157
168
133
102
108
96
63
15
-42
-95
-176
-240
-320
-380
-440
-499
-572
-665
-704
-741
-797
-878
-884
-935
-988
-975
-943
-958
-1021
-999
-963
-912
-841
-743
-711
-614
-504
-388
-240
-151
-75
25
191
273
367
465
568
672
724
805
866
917
937
929
908
868
799
733
644
498
359
159
-53
-218
-391
-572
-774
-948
-1137
-1292
-1399
-1488
-1545
-1618
-1616
-1581
-1542
-1460
-1369
-1284
-1191
-1064
-899
-718
-510
-331
-158
6
202
418
596
793
923
1045
1174
1347
1497
1564
1634
1745
1811
1786
1802
1804
1751
1650
1572
1484
1353
1211
1040
892
709
570
442
297
193
40
-48
-104
-181
-183
-229
-262
-244
-212
-148
-138
-117
-91
-117
-122
-78
-74
-63
-68
-94
-133
-169
-177
-256
-298
-366
-443
-514
-613
-660
-736
-800
-840
-902
-954
-1006
-1037
-1034
-1056
-1063
-1037
-984
-950
-902
-826
-735
-646
-598
-472
-338
-205
-75
27
142
274
402
520
616
658
708
816
887
926
957
958
971
961
933
875
774
661
542
410
278
124
-52
-238
-414
-556
-710
-836
-931
-1033
-1133
-1157
-1185
-1157
-1129
-1130
-1063
-995
-889
-815
-672
-562
-491
-384
-249
-72
38
191
332
445
581
711
819
876
980
1080
1119
1192
1218
1244
1243
1223
1195
1139
1095
983
926
864
748
637
535
452
335
226
162
91
47
-8
-55
-38
-62
-70
-72
-56
-6
-2
32
31
18
20
45
85
57
45
-1
-41
-70
-85
-113
-166
-223
-305
-325
-378
-427
-525
-611
-672
-745
-778
-838
-886
-917
-946
-968
-993
-983
-921
-905
-835
-799
-743
-664
-579
-430
-380
-289
-168
-45
79
190
300
410
512
557
627
694
740
792
801
808
785
762
743
691
633
563
477
345
269
178
76
-52
-211
-304
-400
-488
-585
-665
-721
-762
-792
-802
-809
-762
-743
-727
-649
-607
-514
-464
-383
-309
-227
-104
-40
61
165
275
364
460
541
615
708
797
835
894
947
950
940
932
965
870
840
794
720
680
610
551
464
455
399
356
317
262
198
157
143
83
41
31
38
1
-14
-36
-38
-68
-88
-86
-108
-117
-129
-169
-202
-203
-245
-231
-259
-298
-324
-364
-393
-438
-434
-456
-507
-570
-599
-622
-654
-670
-722
-716
-712
-730
-679
-708
-709
-642
-579
-527
-490
-396
-303
-245
-161
-74
10
83
146
217
249
348
402
433
457
484
533
526
558
549
568
558
543
489
455
460
386
335
214
152
72
-22
-103
-201
-259
-343
-414
-480
-533
-581
-623
-620
-610
-596
-554
-548
-502
-442
-395
-323
-268
-199
-148
-73
8
71
128
202
308
370
440
500
585
668
708
729
749
799
803
828
832
807
802
768
746
725
672
629
532
468
441
364
310
244
197
145
79
48
21
-41
-76
-113
-164
-182
-205
-243
-250
-261
-312
-313
-288
-281
-291
-327
-355
-379
-410
-386
-404
-443
-451
-442
-434
-486
-487
-480
-498
-506
-513
-507
-511
-509
-494
-497
-470
-463
-463
-436
-419
-349
-329
-288
-205
-154
-95
-74
-23
44
113
166
228
307
324
354
394
424
425
416
452
457
440
471
453
418
384
313
325
292
248
204
121
63
7
-44
-111
-165
-212
-264
-314
-358
-388
-395
-389
-371
-374
-373
-366
-341
-300
-253
-206
-170
-102
-78
6
31
70
163
176
234
296
342
390
446
465
521
552
538
543
534
543
573
565
556
559
528
499
452
420
370
348
303
240
214
200
159
55
30
-19
-61
-87
-121
-123
-138
-164
-189
-192
-197
-207
-212
-220
-232
-207
-202
-218
-224
-231
-224
-242
-249
-275
-292
-284
-294
-335
-376
-374
-380
-396
-407
-424
-431
-391
-381
-397
-425
-417
-371
-376
-360
-340
-284
-263
-247
-186
-146
-110
-64
-32
-9
44
101
149
174
221
268
306
345
336
356
390
408
410
383
391
355
324
292
226
189
133
125
45
-36
-48
-123
-166
-186
-233
-275
-276
-284
-296
-302
-300
-259
-256
-259
-260
-243
-198
-155
-133
-78
11
25
52
89
158
212
260
332
366
455
520
509
522
562
561
568
575
588
566
563
531
468
465
443
417
352
307
260
211
187
148
78
64
30
-10
-49
-111
-138
-149
-132
-193
-180
-164
-176
-197
-214
-240
-298
-272
-278
-272
-283
-265
-288
-322
-327
-344
-286
-282
-303
-344
-347
-323
-333
-340
-352
-329
-315
-332
-335
-331
-312
-322
-326
-297
-294
-300
-303
-260
-237
-227
-177
-125
-124
-110
-73
-65
-2
32
85
152
187
251
275
314
334
361
370
345
370
361
338
298
267
224
205
139
115
70
20
5
-64
-74
-116
-82
-102
-131
-122
-146
-126
-121
-130
-105
-50
-74
-67
-59
-47
-8
2
-6
48
103
96
132
169
214
237
278
319
350
369
417
432
413
433
424
423
409
399
358
350
339
301
265
251
199
144
150
110
91
42
25
16
-22
-49
-63
-101
-159
-148
-127
-141
-186
-194
-190
-199
-197
-218
-206
-192
-193
-202
-212
-189
-213
-224
-218
-246
-246
-241
-235
-252
-252
-273
-303
-259
-293
-309
-289
-310
-309
-319
-309
-303
-297
-285
-275
-267
-259
-248
-227
-176
-174
-121
-99
-107
-82
-59
9
44
76
105
152
162
199
212
215
251
234
240
209
223
205
151
127
107
99
58
41
28
0
21
39
31
27
-8
-10
0
-6
12
45
67
65
38
44
69
67
80
106
98
103
152
171
186
217
249
250
259
297
320
340
338
362
394
403
391
378
370
328
316
307
275
237
215
170
110
81
42
8
-11
-33
-76
-89
-98
-104
-101
-108
-138
-179
-166
-163
-157
-156
-177
-180
-182
-189
-202
-217
-218
-204
-203
-207
-230
-237
-226
-240
-253
-265
-298
-287
-289
-290
-319
-322
-298
-322
-320
-322
-290
-329
-306
-300
-323
-278
-257
-238
-264
-190
-161
-161
-126
-116
-113
-52
13
22
62
59
69
126
194
174
200
254
265
244
221
271
259
256
253
250
230
221
218
180
161
130
104
77
90
54
44
60
52
62
29
44
51
56
58
58
86
113
117
114
155
146
135
128
151
168
165
166
172
222
220
246
253
223
221
191
188
172
155
182
161
109
101
105
89
63
34
13
-3
-34
-66
-98
-80
-94
-94
-65
-92
-80
-95
-89
-107
-114
-104
-135
-122
-107
-117
-135
-134
-143
-137
-122
-128
-147
-146
-157
-170
-162
-206
-186
-190
-211
-212
-205
-209
-267
-244
-258
-240
-257
-303
-251
-245
-257
-252
-198
-183
-209
-191
-178
-190
-151
-114
-86
-73
-69
-16
20
65
75
123
154
146
178
184
196
218
216
183
209
195
208
217
186
175
122
131
136
135
108
104
89
60
78
66
76
70
53
28
20
14
2
-12
-6
37
50
54
45
48
43
66
76
105
137
115
130
134
163
177
192
189
190
202
189
200
202
190
139
137
149
137
112
84
74
67
25
-5
-4
-7
7
-26
-18
-4
-28
-44
-45
-38
-45
-63
-56
-52
-60
-57
-57
-51
-92
-83
-92
-98
-85
-108
-100
-133
-139
-137
-141
-163
-209
-206
-188
-210
-225
-218
-239
-256
-253
-257
-282
-271
-278
-307
-280
-276
-286
-282
-300
-310
-290
-262
-225
-199
-139
-93
-74
-22
-20
-15
22
95
113
117
171
180
209
220
241
254
279
299
307
303
256
262
248
234
214
208
181
154
156
130
115
104
88
54
51
22
2
3
12
15
-19
-29
-20
24
61
57
49
75
63
56
79
111
139
152
175
172
164
163
193
143
122
132
111
144
156
124
92
60
29
27
-3
-17
-3
-25
-16
-12
-50
-83
-91
-104
-128
-114
-131
-149
-119
-78
-84
-108
-73
-101
-126
-92
-81
-87
-39
-25
-41
-36
-57
-51
-72
-70
-62
-62
-38
-67
-102
-85
-104
-147
-178
-155
-171
-217
-177
-167
-183
-206
-222
-249
-276
-247
-202
-202
-191
-168
-159
-143
-161
-184
-166
-135
-108
-53
-25
6
34
75
98
121
152
144
136
159
228
226
243
270
292
292
282
285
261
246
220
215
210
200
168
171
152
109
73
48
26
-10
-2
14
3
-25
-25
-73
-92
-72
-54
-38
-24
-13
22
70
41
44
67
62
41
69
112
84
98
158
143
95
103
101
53
64
74
71
58
35
44
20
15
-16
-31
-42
-73
-44
-40
-29
-24
-39
-46
-92
-114
-105
-124
-117
-94
-52
-48
-48
-25
-47
-75
-80
-67
-59
-14
16
26
25
8
-16
-29
-27
-54
-73
-98
-73
-50
-92
-112
-113
-138
-181
-200
-227
-259
-253
-236
-186
-197
-215
-219
-267
-246
-243
-219
-177
-146
-123
-95
-77
-72
-21
-3
36
76
94
134
145
161
209
223
226
221
238
219
199
227
200
191
187
211
192
151
153
130
152
158
124
116
114
101
85
72
85
51
9
14
6
9
12
-19
-34
-28
-9
-22
-7
37
61
89
74
96
92
89
76
63
120
99
92
96
41
26
58
61
47
16
-9
8
1
-12
-31
-52
-47
-78
-101
-76
-88
-130
-107
-80
-90
-83
-79
-53
-64
-55
-28
-42
-35
-34
-25
-8
34
3
-10
12
-31
-24
-32
-22
-13
-41
-42
-42
-69
-96
-89
-97
-106
-116
-139
-167
-182
-195
-232
-223
-225
-233
-240
-264
-235
-235
-219
-218
-221
-182
-182
-173
-155
-122
-82
-49
-19
18
65
82
94
116
148
171
190
222
243
266
283
295
318
303
282
284
294
236
226
230
197
218
200
190
135
123
112
95
79
63
70
21
12
-20
-24
-28
-19
-12
-19
-13
-13
-25
-13
-32
-36
9
-8
12
18
32
6
28
34
12
24
31
29
-5
3
-22
-18
-5
-25
-53
-41
-4
-23
-63
-42
-31
-74
-69
-31
-43
-65
-43
-42
-33
-28
-31
-60
-57
-34
-45
-29
-24
-41
-22
-10
-7
-19
-43
-32
-28
-31
-53
-36
-22
-29
-47
-63
-59
-89
-115
-113
-114
-132
-144
-161
-146
-147
-145
-158
-135
-132
-169
-165
-147
-137
-140
-86
-94
-85
-76
-69
-41
-1
10
-9
9
11
65
68
57
95
131
109
111
148
170
152
117
138
161
168
150
128
127
133
123
154
155
146
172
139
98
99
101
81
98
94
84
76
75
72
62
62
54
74
67
74
77
61
58
34
70
52
17
29
3
22
7
-7
9
-1
12
-14
-29
-31
-36
-38
-25
-27
-30
-35
-56
-48
-37
-4
-58
-45
-21
-57
-56
-66
-71
-90
-67
-78
-57
-21
-33
-51
-56
-35
-55
-66
-53
-74
-70
-63
-66
-50
-79
-75
-81
-82
-108
-135
-120
-138
-120
-118
-128
-114
-98
-116
-130
-116
-114
-126
-112
-123
-118
-91
-116
-108
-91
-114
-76
-26
-28
-8
-20
6
38
40
53
75
69
58
96
101
117
106
111
142
158
145
151
151
127
138
146
183
173
147
146
164
139
129
130
139
146
129
139
130
140
128
128
104
110
105
79
72
41
45
25
24
25
8
26
21
22
3
-3
20
-22
-24
-48
-61
-66
-82
-39
-78
-82
-63
-110
-89
-90
-81
-57
-83
-94
-65
-43
-76
-107
-121
-85
-103
-79
-30
-55
-55
-76
-56
-22
-19
-18
-14
-40
-42
-19
-8
-9
-42
-51
-34
-30
-44
-38
-63
-63
-72
-47
-10
-13
-18
-34
-31
-63
-57
-66
-74
-86
-85
-68
-92
-62
-22
-43
-81
-48
-37
-23
-11
-18
-2
-4
-8
-2
28
12
9
0
22
60
34
40
69
66
60
86
74
73
114
122
111
95
118
104
82
127
97
73
72
66
79
101
96
84
99
107
121
86
89
89
66
61
38
-10
-4
33
29
12
-11
26
16
11
19
15
19
20
14
-6
-1
-5
-16
-22
-19
-48
-60
-58
-43
-45
-37
-46
-45
-38
-58
-77
-79
-33
-82
-53
-28
-55
-51
-67
-55
-74
-58
-72
-54
-28
-18
-16
-16
-13
-57
-46
-43
-46
-29
-25
-36
-25
-26
-26
0
5
3
-17
-19
12
18
-21
-33
-31
-28
-53
-83
-31
-12
-43
-44
-22
-19
-38
-2
-4
-12
-3
-16
-12
-47
-36
-23
9
13
-23
-19
-1
18
-4
15
25
9
28
43
38
41
50
62
47
42
41
51
58
52
50
32
53
61
90
72
53
69
60
66
57
70
53
53
38
45
75
51
42
22
35
51
43
39
16
29
37
51
45
6
3
1
25
16
4
7
-35
-4
-18
-26
5
-15
-30
-50
-31
-38
-58
-42
-51
-66
-80
-52
-44
-63
-41
-40
-34
-33
3
-23
-54
-13
-24
-6
-22
-39
-9
12
13
-5
-6
-17
-31
-31
-19
-1
2
-13
-11
-12
-16
-12
-18
-19
-15
-26
-35
-22
-12
-29
-22
-5
-34
-48
-11
-14
-51
-32
-21
-32
-15
-15
-38
-13
-29
-48
-17
-18
-9
-17
-37
-16
-35
-37
-16
-35
0
6
-15
-15
1
8
-10
28
47
38
31
45
20
4
46
66
65
76
79
65
76
69
43
58
107
99
95
102
100
71
44
56
45
39
37
45
18
29
31
28
62
54
45
22
-1
19
30
7
23
13
-9
-33
-30
-3
-26
7
20
-9
-32
-33
-22
-29
-45
-56
-35
-50
-61
-66
-76
-79
-69
-56
-58
-49
-38
-31
-21
-13
-26
-6
-20
-42
-20
-38
-14
-1
-4
4
-18
4
0
-8
-1
-13
24
28
20
40
26
-16
-6
13
-28
-6
-3
2
-13
-43
-32
-57
-39
-41
-66
-66
-47
-64
-57
-39
-45
-18
-34
-46
-62
-61
-51
-75
-75
-34
-30
-40
-16
-10
-32
-29
-17
-12
10
28
45
35
18
35
70
80
56
47
78
68
77
69
63
96
61
89
111
93
111
116
111
84
110
111
64
52
44
60
36
23
46
37
56
50
35
48
45
48
63
38
16
29
17
8
1
4
-19
-58
-50
-57
-38
-65
-92
-82
-92
-51
-54
-97
-80
-31
-28
-8
-25
-39
-38
-52
-35
-22
-23
-19
-1
-19
-33
-63
-20
3
-39
-35
-29
-32
-41
-25
-37
-19
5
-15
-34
-41
-24
-16
-29
-31
-41
-43
-35
-38
-4
-20
-32
-24
-33
-49
-73
-47
-51
-75
-74
-56
-22
-42
-23
7
-4
7
-15
-32
-28
-16
8
9
-10
-4
32
34
48
58
61
68
43
38
18
32
69
58
73
93
76
86
88
76
85
89
105
109
98
75
85
69
51
70
43
84
95
54
60
54
40
23
41
43
54
58
48
19
2
28
10
-1
-9
-16
-24
-42
-47
-38
-17
-35
-30
-47
-88
-58
-68
-67
-56
-84
-83
-66
-75
-84
-95
-81
-79
-66
-60
-86
-61
-57
-41
-59
-57
-41
-62
-36
-38
-19
-16
-44
-33
-20
12
19
3
12
6
31
46
29
25
40
20
-22
-2
-2
13
16
35
22
-6
19
3
2
-28
-31
-29
-12
-8
-28
-2
-5
-28
-34
4
23
13
-3
10
24
9
4
9
29
21
25
32
6
1
20
35
40
35
-3
-15
12
10
-1
11
38
38
57
53
40
29
27
37
16
35
16
23
34
-8
19
38
32
9
2
29
10
11
15
10
-8
-4
16
3
13
34
44
25
35
15
4
24
8
10
15
24
8
0
4
11
7
14
3
-27
-29
-16
-13
-49
-20
-12
-30
-45
-39
-41
-37
9
-26
-31
-7
-14
-39
-29
-25
-41
-38
-30
-36
-58
-16
-21
-48
-67
-35
-44
-36
3
-54
-27
-4
7
-28
-29
-3
-36
-15
-13
-21
-10
-19
-21
-31
-64
-53
-61
-44
-47
-35
-2
-16
-4
-19
-21
-15
16
9
-13
7
32
29
-6
7
26
44
50
31
22
43
52
38
53
66
50
48
60
61
58
29
38
70
50
58
57
28
22
54
54
48
79
28
27
31
32
44
35
71
46
51
45
28
25
16
24
4
24
29
28
13
5
-27
-29
16
-24
-41
-27
-22
-6
-9
-31
-59
-59
-41
-51
-40
-18
-23
-38
-54
-42
-35
-25
-57
-82
-48
-21
-35
-54
-46
-36
-34
-37
-45
-34
-18
-17
6
-24
-31
-9
-15
-32
-46
-10
-2
3
-13
-50
-52
8
2
-3
8
-6
0
-27
-1
-5
-18
-27
1
-6
-26
6
-21
5
-6
-1
19
5
-9
-22
-9
-9
21
6
3
-10
3
27
-9
7
26
16
18
45
35
50
18
-3
34
33
30
37
47
38
34
28
46
55
57
55
56
50
23
10
22
37
12
33
28
13
7
16
23
15
36
42
51
18
17
47
56
50
28
33
12
6
13
18
31
8
-9
-29
-23
-47
-37
-16
-29
-31
-41
-17
-41
-31
-16
-3
13
13
9
3
-14
-33
-3
-37
-38
-59
-45
-61
-79
-38
-63
-42
-57
-67
-74
-59
-75
-63
-26
-60
-26
-37
-34
0
-9
-20
-32
-23
-7
-26
-26
-16
-22
-22
-22
-29
-57
-40
4
6
2
0
29
40
-8
0
-1
-10
11
3
3
18
45
56
25
-7
14
37
48
29
7
8
35
63
40
31
18
44
30
34
51
27
68
60
47
56
65
57
45
59
62
40
29
34
18
32
42
26
19
0
-1
11
22
22
50
68
28
9
12
11
2
-5
19
7
-22
-18
-19
-26
-32
-27
-30
-27
-51
-75
-82
-61
-57
-76
-58
-69
-58
-45
-41
-63
-40
-4
-41
-45
-25
-30
-51
-13
-9
-23
-10
7
5
-13
-7
6
9
-9
-17
-14
8
-6
24
22
10
43
17
18
31
25
24
46
10
-6
15
6
-9
-23
-6
21
26
15
17
1
9
-15
-10
5
-35
-3
-3
-38
-47
-26
-36
-61
-22
-11
4
-12
-34
-25
-26
1
-12
-8
-2
-1
-22
-42
-25
-10
3
-7
22
13
9
21
23
12
-1
22
33
55
28
22
44
56
55
41
68
58
60
55
52
76
93
83
62
45
18
48
23
15
13
10
32
25
22
8
3
-3
13
10
-22
-42
-26
-54
-42
-9
-9
-19
-17
-8
-63
-30
-41
-62
-85
-79
-82
-113
-58
-54
-47
-56
-59
-42
-28
-41
-5
0
-29
9
12
18
1
-2
-4
-11
-6
-1
34
51
28
35
33
9
3
13
26
4
39
48
3
5
15
18
3
10
26
-10
16
31
3
-6
17
-8
-32
-10
-31
-23
-26
-7
-9
-18
-42
-59
-46
-37
-10
-20
-19
-8
-4
-16
-17
-14
2
5
8
13
15
11
-9
-13
-5
19
12
16
18
28
28
20
36
33
35
6
3
22
14
33
25
24
43
74
91
51
55
49
37
16
36
51
22
15
-10
3
-5
-5
1
-2
12
3
-3
5
-6
-8
0
-13
-23
-35
-27
-25
-43
-19
-3
-9
-21
-32
-32
-42
-53
-48
-49
-51
-43
-38
-23
-27
-17
-34
-46
0
11
16
12
31
12
-12
-14
1
12
9
1
-3
30
-6
12
-3
19
33
-19
-8
-12
12
-3
-12
1
-19
-28
6
-6
11
-9
-19
-2
-13
38
4
3
3
-8
-21
-10
-25
-33
-5
-12
7
-41
-37
-18
-32
-21
8
15
9
-6
-5
19
23
10
-2
-2
20
45
30
6
22
69
48
60
48
31
47
57
59
39
71
29
14
1
2
19
14
53
26
32
34
-4
0
-11
-5
-7
13
34
-14
-31
-19
-29
-53
-28
-16
-22
6
-9
-21
-34
-37
-17
-56
-47
-34
-65
-25
-19
-30
-25
-27
-44
-33
-17
-29
-19
-43
-36
-16
-3
-7
17
39
10
2
18
29
11
14
4
25
24
-9
-16
0
41
27
19
22
59
40
13
52
26
-10
-15
20
29
-2
-21
17
3
-21
-8
-20
-1
-19
-13
17
-10
-17
11
-9
-22
-35
-21
-35
-22
-6
-45
-17
-35
-25
-20
-35
-33
-33
-31
-37
-24
-22
-33
-34
6
-4
-20
6
12
9
22
39
70
80
65
61
61
67
48
46
73
73
69
44
21
-8
13
25
12
62
18
20
34
4
11
6
14
10
6
-10
2
-8
-18
-16
-31
-2
1
-40
-73
-69
-41
-34
-44
-37
-28
-41
-23
-28
-57
-48
-28
-26
-26
5
-1
8
18
-1
3
7
-1
-17
-10
4
-5
3
21
-5
-8
0
-24
-32
-33
-16
19
0
-3
-1
-11
25
21
19
19
13
20
0
-6
19
3
4
44
41
3
6
25
-9
14
20
-10
-37
-29
-1
-4
0
-3
0
-15
-14
-27
-22
-9
-10
-20
-16
-16
-8
4
-9
11
17
15
16
5
10
2
-19
8
6
9
31
17
25
29
24
34
54
37
16
26
26
9
4
17
22
25
8
-6
-31
-37
-13
-10
-3
1
-21
-11
14
-19
-6
-10
-19
-4
-1
-9
-34
-15
-5
6
0
0
17
28
6
-40
-60
-37
-17
-33
-26
-19
-48
-36
9
16
9
-5
-10
6
16
18
46
30
25
13
2
13
0
32
10
6
7
0
6
-10
1
10
3
-3
-6
-6
22
13
35
55
11
6
36
32
18
6
7
-4
-8
12
-3
-28
-48
-28
-61
-30
-27
-56
-21
-49
-28
-54
-9
-29
-48
-10
-41
-22
-43
-22
-26
-14
-7
-8
0
-20
-15
-23
-22
3
10
-22
5
7
24
58
53
39
12
16
36
38
27
49
51
56
44
11
43
28
15
35
42
63
38
32
24
43
37
-24
3
-3
22
57
36
32
7
-4
0
-6
-21
-25
-5
-14
0
-1
-51
-28
-25
-36
-27
-26
-18
-31
-29
-18
-8
-45
-38
-33
-41
-32
-56
-14
-16
-24
-6
-24
-4
-25
-35
0
0
-4
-14
-25
6
22
2
-25
-28
2
13
27
-1
-13
-9
-4
7
-3
5
4
22
6
1
12
20
16
9
21
7
-1
2
0
-3
11
16
48
48
19
22
16
50
51
31
55
0
-7
13
1
14
10
37
-12
-14
7
7
-12
-35
-20
-35
-2
-10
-15
-5
-23
-29
9
25
-17
-23
-22
-45
-51
-21
-21
-41
-37
-12
-26
-40
-10
-36
-25
8
-13
-9
-16
-8
-8
1
20
20
31
54
51
45
60
16
35
58
53
28
-1
14
-10
15
4
10
44
32
17
-9
16
33
24
-3
13
42
27
25
4
13
-7
-21
-13
-23
-10
-3
-20
-18
-26
-40
-17
-40
-42
-24
-20
-13
6
-4
-2
9
-9
-24
-40
-6
-15
-20
-16
-6
-2
-18
-9
-21
-18
-17
-31
-34
-28
-20
-41
-51
-32
-32
-26
-21
15
19
7
13
35
9
-13
9
-8
4
-6
17
8
-2
6
3
10
17
35
18
6
-2
18
53
49
25
28
-4
1
49
51
27
-6
15
16
29
35
19
31
31
7
15
35
7
14
25
13
18
20
27
14
12
2
-8
35
15
7
8
-18
-13
-29
-13
-15
-16
-24
-25
-7
-38
-36
-44
9
14
-18
-4
-20
-22
-45
-26
-25
-25
-2
-31
-29
-22
-22
-9
-38
-1
-37
-46
3
-20
4
-10
-5
13
12
13
17
6
-7
-10
-13
-6
-10
-29
-13
9
-35
-46
-16
12
5
6
-3
-1
13
5
24
52
58
44
35
27
9
-3
35
27
-12
-22
27
47
17
22
27
19
19
9
-19
-10
-22
-32
-17
3
-18
4
7
-8
6
16
18
-21
-3
1
-3
22
33
-35
-41
-26
-16
7
-9
-2
-24
-30
-21
-29
-26
-6
-19
-15
6
29
9
7
28
25
19
-4
19
33
33
12
25
12
13
6
-12
6
-12
7
1
29
18
0
32
14
22
-1
-1
6
-6
12
16
-6
-42
3
16
17
22
22
11
-19
9
-16
-25
-12
-9
-7
-10
-13
-29
-15
-2
-15
-11
-8
-2
-4
-2
1
-18
5
-10
-19
-25
-52
-36
-25
-3
-15
-48
-23
-23
-45
-13
-9
-4
0
13
9
-38
-42
-30
12
14
-9
-5
2
-6
-21
10
-5
-1
16
-1
4
3
14
10
22
31
23
9
10
22
11
26
31
31
9
9
47
39
32
29
21
14
23
24
-9
13
31
10
6
-4
16
8
0
-16
-11
28
-1
13
3
5
6
-3
37
3
20
24
32
38
4
-15
-31
-16
-49
-34
-32
-17
-4
-13
16
6
-5
-13
-16
-3
-16
-7
16
-16
-15
-47
-51
-38
-22
-23
-27
-2
-45
-51
-29
5
-36
-22
-7
14
37
-2
18
-5
11
14
9
11
0
-10
-8
20
15
-13
-6
-3
3
27
20
17
12
8
-18
7
25
40
16
-3
22
-2
2
6
18
27
2
14
10
-6
17
-8
-3
-4
-1
26
6
-7
-29
-51
-47
-40
-62
-45
-41
-34
-28
-43
-50
-63
-30
6
22
20
4
12
25
29
26
17
51
41
22
13
22
54
23
29
16
23
46
16
16
40
48
9
9
23
-11
-6
21
21
9
44
36
17
27
10
-2
-7
10
-28
4
3
-40
-19
-23
-14
-25
0
-18
-45
-10
6
-6
13
31
-1
-2
7
1
-12
-19
-25
-42
-21
-4
-3
-6
-7
2
-1
-4
-19
-4
-9
-14
6
6
-3
-15
0
5
-21
-34
-10
-6
-26
-38
-43
-42
-55
-50
-25
-15
-17
-19
0
8
-20
-27
-10
5
15
12
30
21
19
29
20
44
12
-13
16
33
8
-4
19
22
22
6
7
19
22
12
31
59
29
12
25
5
-3
14
10
6
-24
-2
-16
-9
26
22
31
-2
35
26
9
20
12
7
-2
-13
-13
-35
-20
26
17
22
-11
-1
-4
-34
-29
-20
-13
-19
-20
-19
-15
-18
6
-23
-16
16
-4
0
-3
15
11
-3
4
5
19
-6
-19
-14
-14
2
-9
-12
11
-38
-15
8
-1
21
-5
14
4
4
-21
0
23
10
6
-6
18
-7
5
12
38
29
25
-6
-22
8
-21
-11
-6
11
12
5
13
1
-28
-26
-27
-8
-22
-20
-13
-47
-53
-37
-16
-44
-29
-16
-9
-35
-15
-3
3
20
-41
-14
-11
-30
-18
-11
-6
-12
6
11
19
24
35
26
8
33
9
67
84
39
33
17
31
22
35
26
40
16
35
18
17
63
35
57
37
49
13
16
19
-8
-13
-7
14
-4
-5
8
7
-29
-27
-16
-5
-6
-11
-6
-26
-56
-30
-3
0
-8
-11
12
-9
-23
-12
-13
-43
-47
-46
-49
-57
-44
-13
-3
3
-30
-38
-44
-25
-1
-26
3
-43
-48
-9
-18
-9
-22
14
13
41
51
38
44
1
-19
-5
15
0
11
29
26
15
24
23
8
9
-6
27
38
32
24
5
15
16
24
20
-1
12
9
36
18
14
24
-10
22
-15
-29
-26
-12
-24
-28
-5
-42
-27
-40
-34
-16
-24
4
-7
-9
-19
-26
34
9
-7
13
12
0
-12
-8
7
-14
-45
-23
-6
-15
-15
6
-10
14
-16
12
57
23
5
9
19
-2
21
8
-5
-5
5
13
17
13
30
38
51
31
-3
17
5
-3
-32
1
19
18
15
10
29
13
12
22
13
11
4
-6
12
-9
-16
-24
-11
8
-19
29
5
-16
28
6
4
-22
-12
-27
-35
-29
-59
-41
-60
-28
-18
-33
-18
-50
-46
-34
-38
-20
-4
-10
-25
-19
-21
-6
-16
-48
-12
-13
-1
-15
0
22
-23
5
19
26
23
-2
3
23
3
9
34
45
38
1
20
22
24
7
7
16
15
34
-5
21
24
25
47
33
44
5
-11
3
15
23
22
29
8
-4
8
9
15
7
-4
6
6
25
18
0
1
16
16
-13
14
4
-41
-22
-5
6
-12
-2
18
1
-1
-9
-9
-28
-26
-43
-37
-2
-25
-25
-30
-34
-44
-59
-34
-20
-33
-34
-30
21
28
-15
-3
-13
14
-3
-12
19
-4
-7
-16
4
-18
-9
28
-8
-45
-43
-29
-25
-52
-32
36
30
21
-6
19
50
34
40
19
-13
26
75
27
12
35
63
28
-4
21
44
53
21
55
57
31
44
53
25
-31
4
38
-13
-38
-25
10
-4
-17
5
-31
-30
-21
5
-63
-76
-28
-35
-19
-109
-44
-14
-64
-80
-84
-66
-86
-16
-15
-20
-11
-23
41
42
9
51
85
63
39
55
61
18
35
98
54
-15
27
55
31
-2
23
45
-6
-20
-16
1
-45
-54
12
-34
-60
-37
-29
-30
-47
-19
-3
-19
-1
8
0
9
10
35
13
-9
16
21
-29
-22
28
6
1
7
25
14
3
-4
8
22
-14
31
6
-41
-26
0
16
-32
-10
19
22
4
16
8
-14
-6
30
54
-63
-13
51
41
-6
-24
30
-25
-20
-9
-2
-22
-35
-16
-34
-16
-17
1
37
12
-7
6
-6
-17
29
30
-22
17
36
-7
-38
6
42
-12
3
19
-23
-35
14
12
0
9
28
51
-31
-32
-28
-10
1
-33
22
8
-12
-10
19
41
-1
-5
31
19
-35
-22
14
-3
-15
-23
0
-1
-15
-10
-9
4
13
40
-35
-57
-39
-9
15
3
25
-6
19
0
-26
-16
2
8
-23
-22
-4
-15
-22
11
-18
-15
-34
-7
13
-3
13
32
83
40
26
37
16
4
40
26
-11
10
16
22
10
7
27
34
10
20
1
-12
0
4
-1
-16
5
0
-26
-35
16
17
15
27
19
12
-23
-6
-32
-3
-6
-5
3
-42
-19
-28
23
13
-30
-11
-8
-25
-24
-22
-26
-22
-10
-1
-13
12
-3
-8
-23
-5
31
-4
3
-9
-23
1
3
26
-4
-36
-19
-18
11
0
6
-11
-18
-19
-28
-22
-52
-19
4
-1
-14
0
6
22
16
22
44
22
29
11
-8
1
3
6
5
4
20
0
-16
0
-10
13
22
-8
14
22
19
25
10
20
22
3
23
6
7
3
8
45
21
28
11
35
35
15
-13
-2
39
-28
-29
-3
-12
-9
-4
-3
22
6
29
27
0
-10
-37
-16
-24
-4
1
-4
-12
-13
3
6
10
18
-1
-22
-4
13
-4
-16
-4
-34
-1
10
-13
-38
-38
22
-3
-27
-8
-5
-16
-10
-12
-19
-19
-13
-35
-45
-43
-66
-40
-45
-28
4
-25
-25
-22
-6
-13
-31
15
10
7
22
5
10
7
7
-11
-5
12
-5
6
-10
19
16
-5
11
11
34
17
25
12
16
38
55
32
38
43
-1
57
57
47
44
85
87
28
17
3
31
14
-3
6
11
16
-1
-22
-38
-25
21
18
-4
22
7
-20
-11
-11
-14
10
3
-12
-19
-16
10
-4
-3
-17
-31
-30
-16
-10
-19
10
-41
-67
-51
-38
-5
-41
-7
20
16
20
-19
-8
-47
-63
-29
-22
-22
-44
-4
-4
-40
-12
19
10
-10
3
-16
2
1
-8
-20
-35
20
-9
-10
-1
-27
-25
-45
3
10
-19
8
-38
-9
32
-10
22
0
-1
33
29
44
32
38
15
-4
22
-12
28
57
15
45
67
86
44
28
78
25
35
59
10
19
1
21
-16
4
18
-39
-37
-81
5
-32
-51
18
-7
4
-6
-4
-6
-1
16
12
6
-12
-18
-16
-60
-7
-12
-6
39
-21
23
1
7
1
-25
14
-41
5
-1
-18
-13
-12
15
-25
25
-12
-9
47
9
58
63
4
19
-27
13
0
-65
2
-29
2
-3
1
-3
-18
38
0
-39
-38
-30
-16
-7
-18
-26
-38
0
-61
-62
6
-4
-15
-25
9
-3
6
9
-15
19
0
-9
-11
-17
16
3
35
21
25
-19
1
61
-55
-3
-3
-30
-8
-20
30
19
35
-17
-34
21
18
10
-18
-3
29
28
-16
18
30
10
29
16
38
28
29
27
-3
-2
12
-11
-20
24
-30
-28
-16
-39
9
-47
11
25
20
19
-28
60
-17
-16
28
39
56
19
85
54
17
33
6
31
5
-10
23
21
-10
-32
35
-10
-10
9
-5
-14
-63
18
-11
-18
-15
-38
1
-18
-22
-26
-18
-13
-24
-42
-52
-40
-13
-42
-19
-22
-47
-7
-48
-10
1
-15
-22
-31
9
-29
-31
-1
4
-26
-24
-12
-11
22
35
45
45
18
4
8
22
40
23
31
15
-4
-4
-16
14
-9
-8
0
-14
2
-9
-11
1
9
4
-13
10
7
-3
17
-8
0
10
16
3
1
58
38
38
33
44
62
13
11
7
25
7
-19
9
-13
-8
8
4
9
-4
-12
-4
13
10
-30
1
3
-15
0
-23
-9
-15
-6
1
2
21
-24
-26
23
5
0
-5
-10
-7
-16
32
1
5
9
-11
11
-17
-2
-25
-8
-11
-53
-11
4
-30
-53
-43
-23
-38
-38
-14
-16
5
10
16
-10
9
35
16
22
38
43
17
5
19
21
0
15
25
47
41
2
2
-8
-27
-37
-31
1
0
-11
-11
4
7
-7
3
0
18
23
32
22
-1
10
15
18
-9
-22
-13
-24
-21
-30
-25
-22
-45
-60
-65
-30
-31
-48
-22
-13
14
7
16
35
22
22
7
41
45
23
29
32
47
11
-17
7
13
-3
15
13
10
0
-3
15
13
6
6
17
-12
-5
8
3
0
26
18
-6
-16
-30
-13
-25
2
-5
-1
4
-5
-33
-47
-40
-34
1
-20
13
-5
9
-6
-17
29
34
63
31
14
25
42
29
36
57
53
2
3
-2
-18
3
-18
15
-21
-29
-43
-62
-55
-66
-32
-13
12
19
7
-18
-3
2
3
-5
-13
12
7
12
-4
25
12
2
1
-38
-18
-34
-16
-8
-31
-32
-29
3
-6
-22
-4
-4
16
-8
0
36
-10
20
6
19
40
-1
26
6
-11
-2
-20
-7
-23
-39
-19
-12
-3
-28
-13
-1
28
17
6
44
14
32
50
60
59
51
51
51
32
15
-8
-2
-7
-45
-42
-45
-12
-29
-29
-35
-26
-19
-48
-21
-9
11
18
11
-6
-6
18
52
38
36
34
17
15
8
52
42
31
24
16
27
12
-9
-16
-26
-20
-21
-9
5
-27
-35
-27
-26
-28
-16
7
15
-16
-27
-7
7
-19
-24
-11
1
6
-10
3
-27
-50
-47
-50
-22
-8
-31
-8
-4
-4
6
1
2
-9
14
26
25
22
15
5
29
22
17
26
9
12
-8
8
-13
-47
-25
-20
1
