13
-13
-11
-9
-13
1
13
16
13
13
-3
-10
-9
17
-3
-17
-2
-12
3
18
3
-2
-3
-9
-3
-19
-4
-8
-32
0
-3
-15
-20
-13
16
0
20
9
-10
-20
-15
13
-27
-1
10
14
10
-28
-30
-22
3
7
-26
-7
-1
-6
3
-15
-16
-13
-8
-29
-24
-15
0
-4
11
18
2
24
19
32
26
44
51
43
20
28
35
10
47
29
12
24
14
26
3
0
13
19
32
16
18
15
35
25
35
33
2
-1
15
11
-35
-19
-18
-1
-22
-15
-37
-33
-36
-43
15
-34
15
15
-3
-15
-58
-39
-61
-82
-53
-13
-26
-32
-26
-31
-35
-18
-31
-51
-22
-2
0
-15
-34
-22
-22
-32
-41
-42
16
-26
-3
2
-21
22
-29
104
-65
14
23
-23
104
-93
154
-54
81
53
-2
99
-111
148
-63
43
-4
-29
29
-32
71
-12
-1
34
48
27
40
3
75
-7
43
69
55
39
-23
55
23
11
34
8
12
-5
-32
20
-68
45
27
42
60
20
99
-2
56
-5
15
6
-55
24
-30
-23
-36
-6
10
-72
0
-6
-19
-45
-50
11
-46
-22
-86
-44
-63
-102
-13
-51
-25
-27
-15
-31
-23
-35
-34
-9
-49
-38
-67
-45
-43
-61
-14
-25
-41
-48
-58
-29
-7
4
-1
19
19
12
29
22
20
30
39
24
12
38
48
-2
21
28
35
60
35
60
80
63
49
88
67
53
66
60
59
31
29
36
9
8
-5
-20
10
-18
-20
10
3
6
3
-8
-10
-13
-10
-32
-45
-54
-35
-40
-57
-25
-40
-7
-4
-19
-12
7
17
-8
1
-8
10
-6
-13
12
-7
-9
-24
-8
10
5
13
-11
-9
10
-2
19
22
1
8
1
9
-4
5
19
22
20
9
35
25
-7
-6
12
-2
-21
-32
-19
-2
-24
-26
-3
-11
-40
-59
-56
-35
-51
-70
-43
-32
-41
-45
-28
-13
-32
-20
-20
1
6
3
6
-2
15
13
25
4
6
15
3
19
53
66
59
62
59
62
52
47
29
31
28
32
32
25
20
-1
-2
-9
-15
-12
-1
1
-15
-6
-5
-32
-17
-5
-5
-19
-1
-16
-16
19
-9
0
-12
-8
-12
-19
-17
-3
1
2
14
-8
9
0
3
2
-1
7
7
10
16
11
-3
6
-9
2
21
26
17
5
6
26
24
25
12
-14
-8
-15
-10
1
8
-1
-11
-2
-10
-28
-16
-13
0
-16
-26
-18
-25
-11
-23
-22
-19
-30
-28
-3
-9
-12
-14
-25
-16
-16
0
-15
-13
-31
-25
0
-13
-10
-15
-22
-30
-28
-7
3
-9
-1
-2
-6
7
9
1
9
13
12
25
37
50
44
54
38
38
54
28
35
44
31
29
31
14
0
16
11
7
13
-8
6
18
31
13
13
13
8
21
0
10
-3
2
-7
-19
-17
-13
-9
-24
-9
-23
-16
-3
-10
-24
-29
-32
-37
-38
-21
-6
-14
12
3
-10
2
-12
-16
-19
-32
-29
7
1
-8
9
-1
-3
2
26
13
-4
-3
-19
-12
-10
-30
-22
-8
-28
-16
-11
-9
-4
-9
-1
0
6
20
30
19
20
21
28
34
31
44
21
19
32
8
15
22
22
4
-6
3
-5
-2
-5
-13
-22
-15
-20
-22
4
4
6
14
5
-7
1
7
9
19
5
0
16
10
11
0
1
-5
-16
-10
-25
-14
-21
-20
-15
-15
-19
-35
3
19
15
-9
-7
5
-3
9
-5
-1
0
3
-22
-3
6
-12
1
-27
-11
-17
-18
-19
-37
-35
-36
-13
-4
-2
-6
-10
-8
-20
-34
-6
19
1
-1
3
11
31
36
43
44
46
47
54
63
51
54
29
0
9
19
13
2
7
2
-9
-8
-4
0
1
-17
-37
-31
-4
-1
7
6
-3
-6
10
34
14
20
12
2
19
22
18
6
6
13
-22
-16
6
-3
-6
-18
-25
-51
-19
13
-23
-24
-16
-13
-19
-17
4
3
-15
-23
-43
-29
-11
-16
-15
-11
-10
-15
-9
-21
-26
-10
2
-13
-18
-2
9
23
0
-6
1
4
16
14
13
25
27
-1
20
32
-4
10
12
1
-2
1
11
2
2
-27
-24
-16
-29
-32
-34
-4
-9
-15
-31
-17
-11
-10
-1
-15
16
10
21
6
10
41
27
31
25
19
40
41
28
42
39
40
55
52
25
42
48
31
16
10
22
0
4
-19
-28
-32
-34
-23
-19
-25
-33
-21
-27
-22
-44
-37
-13
-25
-26
-12
-11
-2
4
-6
9
3
2
0
-4
0
28
22
12
23
18
28
-6
-4
-6
-3
3
-11
-18
-19
-19
-21
-23
-20
-25
-25
-6
-12
-4
-19
-31
-14
-9
-14
-9
0
-8
0
-4
-17
-24
-30
-16
-19
-40
-20
-10
5
-3
6
30
33
38
39
42
40
55
41
45
39
27
26
30
61
18
22
37
28
30
1
7
9
5
-3
-4
-6
-8
-1
-23
-27
-22
-18
-19
-28
-25
-8
-6
-2
-16
-22
-15
-30
1
17
1
-10
-24
-27
-33
-32
-21
-7
-19
-48
-35
-48
-28
-7
5
9
-14
11
3
24
41
44
15
9
25
23
49
50
62
47
41
23
21
22
2
13
25
7
0
7
2
-5
-10
-3
-22
-11
-9
-17
-27
-18
-12
-23
3
-22
-16
-3
-15
3
-2
3
2
-9
-9
-9
5
9
3
-1
7
14
-10
4
10
4
19
0
-1
-12
-31
-14
-21
-16
-28
-41
-9
-1
0
2
3
-5
-12
-1
2
13
2
8
8
-13
0
19
23
-1
-11
-13
-9
-17
-12
-5
-12
12
16
0
-3
-13
-28
0
-1
-3
16
9
0
-6
-3
-6
3
-5
-9
-6
7
16
24
43
24
21
19
15
31
37
29
44
41
34
51
29
-3
-5
25
8
0
6
0
-9
-24
-10
-20
-14
-12
-34
-46
-24
-28
-37
-32
-37
-19
-19
-8
4
-4
7
7
14
41
22
25
28
2
22
2
6
8
-5
7
-9
-26
-41
-6
-24
-23
-19
-44
-25
-17
-12
-34
-32
-16
-12
-22
-22
-22
-11
13
25
15
10
21
-3
15
29
33
26
-3
0
-10
-3
11
-3
22
37
37
32
9
5
1
-1
-13
1
13
4
-1
13
26
13
18
7
-1
-4
-11
5
-4
-5
-6
-13
-16
-7
9
-9
-11
-18
-28
-8
-10
-24
-26
-32
-34
-51
-26
-4
-12
6
-6
-3
0
21
29
19
29
2
2
25
38
24
32
37
23
16
6
28
40
35
15
20
28
28
16
2
6
-6
9
9
-4
-8
-17
-7
-10
-31
-28
-44
-48
-17
-17
-31
-29
-42
-25
-13
-22
-6
-23
-3
-8
6
29
3
3
-3
-3
-8
3
-7
-1
16
-8
-1
-4
-13
-5
-27
-31
-41
-37
-14
-4
9
-10
3
-11
-22
-4
-6
0
4
14
34
37
41
34
13
30
49
60
47
36
40
56
56
45
22
14
39
0
-4
10
6
4
-3
0
-24
-20
-15
0
-8
-32
-28
-26
-15
-24
-22
-22
-48
-48
-39
-36
-21
-12
-7
-16
-32
-28
-17
-22
-27
-22
-34
-15
-3
-9
0
-3
0
-18
-15
-12
-13
9
10
27
17
8
17
18
35
23
31
31
25
45
28
28
33
40
51
34
38
32
32
10
5
19
6
26
12
10
35
26
27
15
7
10
-13
-19
-18
-38
-30
-41
-54
-63
-44
-22
-31
-20
-37
-47
-28
-38
-51
-19
-25
-13
-13
-6
-13
-26
6
-6
19
28
19
0
15
10
12
16
9
12
-4
15
-7
12
-13
-18
-2
-20
-19
-23
-10
-17
-4
-2
9
15
12
13
24
23
14
27
23
36
14
19
3
-3
16
6
3
-14
-2
-7
1
7
-7
9
6
12
0
9
37
-2
-2
10
5
-3
-7
-9
-16
3
-1
-3
-10
-7
7
5
2
11
13
10
17
-6
6
15
12
10
-2
12
23
16
6
-3
-3
5
-2
-1
-1
7
18
6
-7
-13
-11
-4
-3
-14
-20
-13
-23
-43
-31
-43
-31
-15
-24
-23
-25
-20
-26
-26
-34
-10
7
-32
-30
-5
-3
-3
-10
-6
9
-3
2
17
7
25
8
-11
-8
-4
15
-1
8
16
10
16
6
9
18
30
19
-10
3
3
7
17
10
-4
3
28
25
19
17
29
20
25
15
9
18
9
18
12
0
6
13
13
5
5
38
38
47
38
13
-9
-2
9
1
-8
-25
-29
-47
-16
-19
-21
-24
-53
-44
-51
-38
-38
-36
-32
-31
-15
-5
6
-6
-10
-9
-1
-19
-16
28
17
10
37
34
40
46
21
34
22
22
3
-7
15
-21
-12
-4
6
2
-14
-8
-11
-15
-24
-18
-11
-26
-15
-1
-16
-17
-12
-7
-16
-22
-28
-38
-37
-47
-44
-48
-49
-40
-23
-22
-14
15
9
13
17
18
21
19
26
42
51
37
30
50
65
53
47
48
56
48
34
28
15
7
1
23
29
1
-3
15
7
6
29
19
10
18
19
23
16
19
3
-15
-1
4
-5
-7
-3
-28
-21
-5
-9
-27
-28
-22
-41
-42
-47
-25
-31
-32
-22
-38
-22
-26
-32
-38
-20
4
-32
-44
-57
-35
-1
-4
4
-7
-12
-1
15
-3
-6
-9
-5
2
-7
13
-5
9
9
-6
14
12
12
-1
-10
-4
-9
7
4
0
12
19
29
-3
4
29
29
32
23
21
32
57
53
36
18
10
17
41
32
12
28
22
9
-27
-23
-21
-11
-6
-21
-13
-6
-10
-18
-9
-29
-27
-27
-3
-16
-45
-18
-22
-44
-10
16
-2
4
-13
-3
-10
13
25
19
30
16
4
-16
-4
-6
13
37
45
44
34
12
-1
11
28
37
13
-8
-25
-22
-12
7
4
11
9
-20
-29
-25
7
7
22
44
34
17
-2
-10
-42
-43
-29
-9
8
-12
-41
-70
-77
-60
-52
-28
-12
-26
-31
-44
-44
-32
-3
16
13
-10
-25
6
15
35
48
19
15
22
23
26
38
38
5
12
38
56
63
42
6
-13
-20
-4
35
46
44
-7
-33
-22
-7
37
54
20
-27
-29
-21
-4
0
-7
-41
-48
-60
-68
-41
-29
2
-14
-35
-26
-7
0
18
10
13
24
12
32
27
23
22
3
0
-1
10
21
7
3
0
39
35
25
28
-10
0
26
37
42
46
13
-10
-29
-19
6
23
13
-10
-14
-8
7
-9
8
16
20
8
2
-19
-51
-25
-7
0
-18
-28
-58
-73
-63
-30
3
-13
0
-31
-51
-23
-15
-32
-33
-39
-31
-16
-34
-22
-38
-16
1
0
22
-5
-22
-44
-29
24
66
114
116
81
64
25
22
11
11
41
29
38
10
2
19
7
4
16
29
29
3
5
3
-25
-27
-46
-22
-9
-17
-22
-32
-21
-1
25
28
6
-33
-37
-50
-17
4
8
17
7
12
-3
4
-9
-2
2
3
22
46
51
8
-4
-20
-34
-6
18
-4
-10
-17
-16
-10
15
48
9
-26
-25
-9
2
37
41
32
15
-13
1
19
12
14
8
-9
6
26
58
22
-28
-35
-50
-29
-11
7
11
-13
-15
-4
3
-9
-13
-26
-42
-27
9
22
1
-3
-47
-63
-34
-20
-16
-13
6
12
18
3
-14
-35
-40
-36
-33
-21
-63
-35
-15
-25
16
7
-3
-26
-62
-21
38
88
106
76
32
-13
-10
13
15
22
23
10
38
44
49
44
18
38
16
16
22
22
24
10
23
26
45
29
-8
-26
-63
-54
-30
-29
-23
-26
-28
-32
-24
6
18
17
6
3
6
23
39
36
38
1
-25
-24
-46
-19
12
14
37
60
46
7
-26
-29
-26
-16
0
-7
-15
-27
-41
-56
-25
5
-6
39
26
-6
-16
-42
-18
-11
18
29
-16
-45
-65
-67
-26
26
25
10
-20
-38
-35
-16
25
35
9
-9
-12
1
3
-18
10
12
13
15
23
20
-4
6
2
10
-5
-25
-15
-11
4
16
38
55
24
-18
-39
-39
-15
15
35
40
12
9
3
7
26
3
-11
-3
8
22
37
43
38
32
40
28
13
3
1
1
-3
-6
-19
-7
11
-7
-10
-4
-10
-11
-7
-1
-22
-10
15
15
-12
-29
-26
-12
19
32
34
10
3
-13
-22
-3
-1
-10
-29
-44
-25
-7
-9
-18
-63
-63
-55
-46
-22
-33
-20
-3
-15
-32
-17
-24
-20
-15
-18
7
25
20
4
-9
-20
8
7
10
12
2
15
9
31
38
38
34
29
25
18
40
25
36
50
24
38
34
28
15
-13
-4
4
18
44
25
10
15
-7
-13
-10
10
11
-2
29
35
14
5
3
6
10
6
-7
-7
-1
-21
-18
-9
-25
-37
-31
-44
-53
-34
-35
-19
-3
-28
-22
-9
-39
-57
-38
-3
-8
-10
-13
-17
-8
-10
-7
4
-4
-15
-2
-23
-6
1
-22
-27
-33
-38
-37
-12
-16
-1
20
25
29
35
46
24
25
38
19
30
44
54
68
62
44
10
9
18
24
19
0
-3
12
16
-3
-7
-9
-29
-15
-13
-6
13
8
12
-6
5
7
-1
2
11
14
19
50
34
17
14
16
-3
-29
-19
-15
-7
-2
-6
-18
-16
-19
-12
-25
-44
-40
-40
-31
-40
-1
3
-15
-23
-30
-20
-29
-17
10
2
-4
3
1
10
-12
-13
-33
-21
16
16
28
33
13
-25
-22
-15
-25
-44
-10
-8
-22
16
22
0
4
25
13
23
28
27
25
58
60
41
34
5
0
-2
-1
14
34
27
15
-1
14
21
-7
-25
-40
-30
-10
13
19
30
17
-9
-49
-64
-44
-9
-3
-15
-4
-2
17
10
15
12
23
10
-16
-3
13
53
39
46
25
2
6
-17
3
10
23
29
15
-6
-25
-22
-43
-45
-11
-6
-18
-15
-26
-4
9
-6
-12
-25
-52
-71
-48
-14
25
-4
-2
-3
-22
16
-9
-12
-32
-41
-10
-8
20
19
-26
-64
-66
-31
-4
7
11
8
-13
-15
6
-7
-7
-23
-40
-6
26
47
53
44
9
-7
15
28
50
60
46
44
41
32
30
19
25
30
25
34
46
28
2
18
38
61
57
14
-7
-10
16
41
60
59
38
1
-31
-16
-3
13
-8
-31
-45
-35
-9
-27
-23
-33
-42
-52
-25
-15
-31
8
-26
-52
-11
5
-33
-83
-91
-79
-44
1
23
23
-2
-38
-48
-47
-28
-1
3
9
20
31
20
-2
-7
-22
6
-4
-15
14
-9
-4
8
10
0
-10
-19
-55
-49
11
50
47
11
-18
-10
4
0
-3
-8
-16
-26
-6
28
12
13
-3
-16
3
29
39
46
28
5
27
33
50
47
34
23
8
22
52
79
88
72
26
2
-7
-25
-19
7
11
12
18
19
13
-13
-39
-41
-20
-1
2
2
16
9
8
-6
-14
-1
-15
-3
0
-6
21
18
9
-17
-34
-36
-27
-26
-39
-23
-34
-14
-23
-26
-16
-50
-76
-78
-44
-38
-9
-13
-26
-20
-20
-32
-34
-20
-24
-18
-27
-22
-12
13
9
-4
29
23
19
16
26
34
28
40
29
41
59
50
38
30
26
26
43
48
55
43
34
13
6
0
9
28
-2
-3
-10
6
14
-1
19
10
-9
2
-6
-2
32
34
16
11
9
-12
-28
-42
-28
-33
-40
-39
-39
-42
-67
-72
-67
-67
-67
-60
-34
-23
-32
-18
-16
-7
-13
6
12
-6
8
15
28
11
13
28
29
25
28
29
24
32
28
11
21
22
18
19
6
16
-1
0
0
-6
13
7
17
18
-2
7
-7
-10
3
28
47
29
34
9
16
16
16
37
33
50
15
18
30
11
-8
-18
-10
-35
-12
-19
-35
-31
-39
-22
-26
-12
-15
-27
-22
-25
-13
-15
-13
-18
-43
-35
-26
-32
-38
-43
-28
-34
-34
-12
-5
11
4
-32
-44
-3
13
-2
9
-4
0
13
18
42
48
48
26
7
20
31
32
44
46
34
44
13
-10
-5
-5
23
28
38
32
18
10
-29
-39
-22
0
-5
-23
-21
-21
-15
-32
-22
-10
-16
11
-21
-11
12
-10
-3
-20
-14
-12
-30
-32
-28
-9
13
28
22
31
26
-5
13
38
12
10
40
16
6
21
4
0
5
11
19
24
0
0
26
9
1
7
25
14
-6
6
1
3
8
-9
-24
-24
-23
-41
-44
-10
-3
-23
-25
-9
-20
-9
2
-10
4
-7
-27
-36
-17
3
-2
3
1
-6
-22
-6
-3
-12
-16
-16
3
-16
-8
8
0
6
16
12
22
25
3
14
29
28
36
26
20
21
15
13
16
36
41
10
-8
1
7
17
3
-6
2
-6
-18
-23
-8
-5
-3
4
5
5
-14
9
5
-12
0
-12
3
-23
-27
-11
-25
-7
6
3
-11
-1
-23
-24
0
-15
-12
-12
-12
-3
-19
-12
0
-4
-1
-8
3
3
10
10
-1
9
24
23
19
5
-3
8
10
8
11
41
28
21
6
-8
10
0
8
-3
16
17
0
-6
-11
-24
-11
-1
-20
-25
-25
-21
-34
-4
-9
-18
8
-12
-22
-8
2
1
-5
10
12
-6
-3
-8
0
16
11
0
10
11
-5
3
4
16
-3
-20
-19
-13
-2
-4
-9
-13
0
-5
22
19
18
23
-1
18
19
13
18
7
3
6
4
4
10
0
13
27
19
14
14
12
14
10
-7
21
26
30
20
13
31
19
13
9
0
-2
9
-3
0
3
7
-16
-35
-34
-27
-27
-18
-5
-11
9
1
-13
-44
-41
-23
-33
-40
-28
-9
-21
-31
-44
-41
-37
-58
-60
-60
-35
-24
-43
-15
-26
-29
-46
-51
-30
-36
6
10
32
53
42
50
41
8
-2
20
19
38
62
88
90
76
66
49
55
3
-10
24
46
49
51
43
6
-9
-40
-35
-15
10
14
25
33
26
37
38
28
-4
3
-12
-13
16
34
32
34
42
-6
-38
-60
-81
-72
-31
-3
33
47
29
8
-37
-53
-47
-27
-17
-1
-3
4
-7
-11
-28
-50
-33
-41
-1
4
8
23
25
26
-13
-31
-55
-101
-139
-123
-57
-10
2
2
-4
-11
-43
-57
-48
-48
-36
-6
12
40
62
49
21
-28
-31
-14
15
42
76
86
81
86
57
32
7
9
-13
27
93
128
153
120
76
31
0
-50
-47
-19
12
25
25
20
3
-15
-91
-95
-78
-73
-29
12
3
-18
-42
-65
-70
-71
-14
-18
-22
29
44
88
92
50
-10
-49
-35
-19
7
19
26
25
36
44
40
13
-37
-80
-82
-41
3
50
63
56
27
-10
-22
-29
-37
-54
-46
-6
58
54
48
15
-63
-108
-124
-76
-35
19
49
51
37
25
12
-32
-41
-60
-61
-22
29
60
66
56
33
-11
-44
-38
-20
2
1
21
44
86
86
50
14
-26
-41
-48
4
26
34
28
0
-3
-15
-28
-50
-62
-36
2
62
118
101
54
7
-21
-40
-50
-25
-16
-13
16
73
103
86
22
-32
-73
-86
-27
6
53
47
-8
-20
-49
-92
-89
-93
-91
-58
-19
17
12
-13
-56
-54
-74
-77
-65
-43
-4
0
43
37
37
44
2
-35
-10
-9
22
85
90
108
89
69
29
6
1
-13
4
16
56
71
69
80
33
10
2
-6
6
22
51
68
67
51
47
28
-13
-63
-67
-42
-46
-25
12
17
0
-33
-67
-62
-76
-70
-59
-14
8
4
11
-36
-53
-90
-77
-71
-79
-45
-16
-2
-2
10
0
-6
-28
-48
-56
-47
-5
51
51
48
42
13
-6
-28
0
22
55
76
86
82
41
19
2
4
-9
-17
19
38
69
88
59
63
30
-7
-19
-23
3
23
50
40
28
16
-32
-45
-53
-60
-27
-3
22
46
20
-1
-28
-73
-101
-102
-91
-66
-32
-8
7
-18
-44
-63
-78
-73
-41
-21
6
50
53
51
53
33
31
32
3
22
40
60
64
60
60
18
5
-15
-31
-18
1
-1
16
30
35
16
-18
-53
-84
-50
-37
16
45
52
70
51
16
-26
-46
-57
-41
-8
20
26
35
40
-4
-19
-14
-59
-51
-31
-6
44
54
44
22
32
-2
-23
-19
-20
11
3
8
-11
-45
-40
-88
-97
-70
-53
-19
-10
14
35
29
29
22
-1
-13
2
4
27
72
71
49
31
18
10
-6
-12
-15
-17
10
21
16
14
-1
0
-19
-35
-23
-22
-1
4
16
47
28
6
-16
-35
-51
-29
6
24
39
16
23
29
-19
-11
9
-14
-20
-18
22
42
32
17
9
-8
-30
-19
-40
-17
-17
-7
12
-10
0
-13
-3
-31
-56
-45
-27
-5
13
14
19
6
-18
-22
-40
-16
-12
5
15
19
25
7
-1
-12
-8
3
12
26
34
10
8
-4
6
-2
-19
-8
-13
-8
-2
13
-5
-7
-9
-13
-13
-7
-7
0
19
22
9
7
32
25
-2
-4
18
39
53
42
51
48
66
51
29
47
29
3
-4
9
13
41
48
16
-9
-13
-21
-26
-16
-16
-31
-41
-29
-31
-48
-39
-38
-65
-60
-56
-47
-44
-50
-57
-53
-38
-38
-38
-33
-19
-35
-39
-9
17
-7
1
18
6
20
20
21
16
10
31
32
37
50
10
15
24
9
38
34
22
10
4
24
31
20
14
19
26
12
8
24
30
9
9
12
-6
-5
-17
-9
2
-12
-15
-5
-4
-7
-16
-15
-3
-12
7
16
20
4
-13
-7
-19
-9
-11
-25
-4
-8
-13
18
-1
10
-7
-19
-7
-28
0
-12
-9
0
-20
-12
-14
-12
-2
-1
-12
-26
-29
-10
8
6
-18
-28
-18
-11
0
0
12
9
10
19
3
20
28
2
20
32
44
60
38
34
36
45
40
37
26
18
-6
3
28
2
-4
-8
-9
-28
-17
-27
0
-1
-21
2
-19
9
-20
-33
-12
-25
-18
-5
-6
-18
-31
-21
-15
-23
-10
-3
0
-7
-12
8
12
3
-3
-14
-15
-19
-16
-3
-4
-16
-9
3
24
10
0
22
-6
-4
3
-6
-7
8
0
-3
4
-1
7
-18
-7
-8
-4
12
4
5
16
18
-23
-13
10
13
28
29
37
37
37
31
36
23
17
5
-4
1
-6
13
19
6
-16
-10
-12
-13
-17
-19
3
-12
0
2
-10
-24
-43
-10
-19
-36
-23
-36
-32
-37
-16
13
0
-12
-5
3
-5
18
12
5
11
6
10
-3
6
16
10
9
12
11
-5
6
7
-10
15
10
0
-1
4
20
22
23
37
39
9
9
1
-2
12
-9
16
20
8
27
6
16
12
15
5
-5
-3
-5
24
-3
3
-1
-27
-28
-35
-25
-9
-24
-19
-4
-19
-18
-37
-35
-28
-32
-35
-21
-28
-21
-25
-37
-19
-11
1
-7
-10
-19
-9
-12
-3
11
1
5
-4
5
22
6
-5
19
23
-1
18
26
9
35
28
20
23
33
37
19
23
7
23
23
-16
-12
-15
-10
0
-19
-17
0
-12
-34
-27
-13
-2
0
6
7
4
6
-15
-9
2
-23
-6
1
10
23
8
7
8
24
18
14
8
24
32
25
35
54
50
40
42
23
43
19
27
40
6
-1
10
9
-15
-6
1
-4
-28
-38
-26
-22
-41
-36
-28
-35
-41
-38
-20
-43
-35
-25
-3
-18
-35
-12
-29
-19
-26
-44
-37
-48
-17
0
-28
-10
-10
-23
-33
-44
-26
-10
-7
4
3
5
3
-3
5
2
14
16
31
35
29
22
15
31
9
18
25
17
44
28
14
19
18
14
0
15
2
-6
3
10
22
4
10
12
27
30
16
44
49
46
40
60
47
11
28
14
3
13
16
-7
5
-2
-44
0
10
-16
-26
-25
-9
-25
-27
-15
-12
-13
-29
-31
-59
-50
-57
-57
-27
-44
-43
-51
-18
-15
-12
-6
-13
-2
-30
-32
-22
5
-4
0
6
3
18
7
-8
-5
13
6
7
12
10
-4
13
26
8
12
12
16
15
1
16
21
10
35
20
30
38
36
50
17
18
9
0
4
3
2
-1
0
-6
-16
-23
-17
-10
-6
-18
-16
-10
-18
-15
-25
-22
7
-7
5
13
9
9
11
17
-7
-3
-2
10
20
31
35
28
26
29
27
12
28
16
3
4
-10
-42
-42
-33
-49
-49
-47
-47
-40
-44
-67
-29
-15
-18
-23
-22
4
-14
-6
-3
7
23
16
24
28
0
12
42
42
43
18
5
6
9
7
-2
-4
-25
-19
-2
-9
-15
-26
-15
-22
-20
1
-1
6
3
7
28
32
38
39
19
26
38
28
35
32
12
20
4
-9
5
14
7
-17
-13
7
0
-13
0
-10
-26
-12
-1
-1
-9
-15
-16
-13
6
-1
-27
-13
-15
-18
7
5
-3
2
-17
-20
-5
-6
-12
0
3
-6
-6
5
2
-13
0
6
6
6
6
2
-3
5
-7
4
0
-3
-3
-8
6
-4
-1
-1
3
10
6
17
10
-7
-1
-4
13
23
-6
-9
-5
-10
-9
-20
-18
-16
-3
17
-22
2
0
-25
-3
-14
-16
0
19
-6
11
13
4
10
-6
8
13
13
8
1
-2
0
3
10
3
-4
2
7
15
7
-6
1
1
-3
0
-16
-21
-8
-16
-8
-15
-37
-26
-16
-11
-3
10
-2
31
25
17
38
17
29
26
51
44
30
31
30
18
20
37
17
20
14
29
13
17
26
22
28
5
10
-8
-4
-4
-1
6
-11
-34
-54
-55
-40
-47
-59
-27
-50
-50
-44
-53
-34
-38
-45
-40
-28
-26
0
-4
-24
-17
-26
-26
-6
7
15
8
-4
15
16
-4
-2
18
16
23
27
18
32
29
35
32
21
18
0
-1
0
-17
-30
-7
4
3
15
19
30
21
0
-14
-16
2
-26
-45
-2
9
1
15
3
1
15
19
-19
-19
13
0
-7
-24
-11
19
2
-38
-7
38
0
-6
23
29
24
-9
-27
16
30
13
6
45
80
22
-25
-1
19
8
6
4
19
40
7
-5
12
39
31
4
3
13
28
-6
3
9
-2
-4
-39
-58
-13
32
14
5
4
25
24
-23
-44
-6
-6
-50
-49
-20
-4
-36
-57
-19
30
-33
-107
-61
21
11
-69
-71
-6
-4
-65
-82
-42
-12
-39
-64
-21
14
-25
-63
-21
23
11
-26
-16
19
38
48
35
41
51
42
16
3
19
28
2
-19
-8
26
34
-13
-2
48
82
31
-6
47
78
75
20
32
67
64
27
-4
42
54
15
3
46
55
25
16
7
4
-33
-71
-61
-18
3
-30
-23
-7
0
-9
-57
-60
-33
-26
-30
-32
-6
4
-20
-18
-24
-51
-46
7
14
10
31
16
1
-24
-19
-16
-54
-26
0
-13
-14
11
29
8
-8
7
5
-13
32
50
69
53
33
72
85
32
-52
-12
23
18
-26
-20
44
4
-79
-84
-15
-36
-98
-85
-19
-21
-44
-24
10
-10
-47
-16
0
-11
-7
25
9
0
22
9
-16
5
54
26
-15
39
86
60
21
-22
-9
6
13
42
22
29
77
66
-6
-16
57
73
-9
-53
-8
30
2
-40
-9
28
-27
-94
-62
-36
-35
-71
-75
16
41
-9
-53
-1
3
-52
-53
-5
23
1
-9
-7
13
6
-9
-7
-3
-3
14
12
8
39
60
22
-11
17
35
45
22
28
28
34
53
47
38
-29
-66
-57
-7
16
29
31
13
-5
-10
6
-5
-3
-23
-45
-42
3
47
50
25
-36
-36
7
9
12
11
20
12
-1
17
32
8
-66
-76
-48
-29
-23
-3
3
-32
-60
-60
-40
-12
-16
-60
-45
-41
16
62
58
73
23
-19
-9
6
33
88
64
19
13
4
2
-13
-43
-84
-86
-47
-3
42
50
25
-5
-23
10
21
18
4
-6
6
9
37
44
21
-18
-45
-41
-3
27
45
26
-9
-23
-26
-13
-24
-30
-14
7
10
33
35
3
-27
-54
-33
-16
-8
-19
-28
-25
-19
3
41
77
47
25
13
-2
19
51
70
48
33
11
26
53
28
15
-24
-32
6
33
50
32
-45
-103
-104
-86
-41
-13
-9
-19
-32
-19
21
39
11
-45
-68
-53
-31
13
26
25
1
-31
-28
10
32
11
4
-12
-16
7
28
37
31
4
5
10
19
26
24
58
14
-3
35
16
7
0
-18
-21
-22
10
60
67
40
-6
-4
-8
-13
1
-20
-27
-18
-26
-47
-56
-64
-83
-87
-54
-32
18
41
29
13
0
30
-22
-20
15
26
54
71
67
0
-12
-13
-45
-46
-19
-6
18
18
12
-15
-51
-14
-34
-41
-34
-5
-7
-27
8
17
3
-29
-6
30
60
27
5
-10
-53
2
91
101
60
47
54
-1
-56
46
39
13
52
57
25
-42
31
-5
-101
-110
-19
53
57
139
139
13
-134
-68
23
-67
-47
92
32
-114
-103
-18
-58
-126
31
69
-41
-2
60
10
-57
-15
23
-9
-20
101
142
-25
-85
-40
-61
-28
37
26
6
-29
-81
-39
55
-60
-18
120
32
13
84
85
-96
-98
-50
-13
-47
-28
133
37
-127
-94
1
-130
-47
75
64
-43
-18
35
19
-34
-93
58
45
104
34
100
32
-48
25
1
9
-122
107
196
-35
-136
81
-24
-152
120
209
-41
-96
156
52
-29
-137
38
47
-83
89
159
66
-185
-3
-27
-202
-70
145
145
-36
2
22
-66
-72
-33
38
15
-54
148
117
35
-151
-126
66
-125
-7
116
167
-41
-34
149
-180
-271
-42
167
-34
-129
91
23
-206
-103
146
32
-150
12
197
43
-151
15
161
-241
-149
292
114
-125
133
154
-191
-112
-27
152
28
-180
167
135
-316
-82
221
-204
-168
229
172
-60
59
6
-75
-80
-141
167
69
-114
231
233
-196
-138
-47
-107
62
200
139
263
51
-265
202
-75
-331
-46
190
53
-121
204
77
-295
-354
292
130
-482
67
518
-98
-296
230
45
-420
-78
618
103
-424
-151
485
-5
-580
391
234
-329
-190
633
90
-875
175
445
-41
-457
353
520
-575
-91
325
31
-686
-236
890
31
-607
233
552
-442
-639
717
308
-800
22
696
142
-708
69
589
-264
-484
314
553
-703
-99
720
-55
-613
-195
513
83
-313
-128
268
-6
-504
242
322
-388
-93
50
576
-47
-627
308
396
-333
-606
781
32
-634
468
338
-141
-762
-71
612
-245
-420
298
205
-556
20
586
-141
-161
-168
223
350
-281
4
317
-54
-275
82
276
48
-293
516
259
-416
-230
337
378
-382
237
-64
128
-38
-194
469
-155
-429
-113
666
84
-611
531
395
-1011
111
499
-383
-205
262
176
-296
-28
-246
393
-224
-357
526
-71
-128
-162
484
-181
-414
305
-241
224
-29
18
146
-119
-188
-352
616
-543
66
626
-687
270
100
-292
78
228
-356
-130
431
-398
-2
331
-832
338
140
-567
614
53
-329
-28
436
-816
-35
717
-319
76
-217
417
-223
-533
492
404
-650
-258
1280
-364
-735
809
341
-903
404
518
-245
218
-151
423
-155
85
-543
447
511
-920
787
147
-339
-504
541
50
-452
457
-269
249
-87
-337
194
-46
-536
308
526
-634
-172
823
-94
-857
543
87
-337
75
512
387
-1118
349
392
-174
-337
-21
843
-717
-327
675
277
-901
-154
899
-232
-509
229
292
-29
-177
-233
173
71
-145
-391
726
557
-1570
107
1241
-333
-864
59
1021
-476
-1360
810
1482
-2042
-526
2342
-798
-1335
584
1013
-760
-246
409
39
-6
-585
656
64
-472
-239
50
666
64
-570
-157
245
75
-408
-14
1052
-450
-926
987
708
-1207
-108
942
-574
331
210
-407
674
-416
-17
538
16
-332
-48
470
210
-17
-787
615
288
-582
-63
875
-282
-1182
894
468
-345
-753
756
370
-991
156
591
-288
-844
804
939
-2088
451
1589
-1915
254
1134
-537
-1290
1387
614
-1349
54
647
456
-1737
703
1825
-2216
-632
2226
-569
-1392
497
2000
-1501
-1230
1653
-26
-1089
-843
2492
-991
-1621
1564
169
-659
-788
1335
-384
-663
907
-371
-33
400
-337
-202
970
-887
-106
1115
-437
-300
774
-154
-983
1463
-335
-909
663
600
-868
-259
1205
-637
-404
171
677
-191
-445
84
966
-547
-461
468
-46
332
-1025
683
205
-486
-619
1058
63
-1469
1110
-36
-956
593
814
-1478
596
678
-516
-665
1061
-154
-1360
1345
-256
215
-592
481
-9
168
-363
-216
1267
-1578
472
924
-547
-559
749
-196
-418
402
-399
429
-381
-649
1018
-137
-789
198
846
-849
-521
1740
-1294
-111
504
464
-571
-551
1300
-1139
615
-390
598
-516
-1127
2697
-1670
-805
1569
135
-1500
444
2157
-2080
-203
1614
-394
-499
-290
459
624
-1088
1047
-151
-923
1648
-1311
-268
1731
-254
-2371
1973
1573
-2981
126
2177
-216
-1837
463
1922
-731
-2686
2022
1586
-2176
-1436
2555
1017
-3413
863
1935
-1152
-2005
1673
906
-1688
-237
926
82
-581
-7
-164
854
-1115
534
255
-763
875
-382
-422
532
403
-1424
1032
500
-1391
1107
-141
-613
615
105
-488
-84
1009
-875
112
702
-328
341
-324
371
-409
754
-158
-734
1488
-723
-624
531
490
-270
-863
775
168
23
-803
287
1301
-2015
411
885
-438
-298
300
80
-466
669
-1350
651
664
-1183
940
-187
-856
1095
-516
-1031
1593
-549
-1118
1155
-100
53
-362
-483
1127
133
-1795
892
2091
-3451
1091
1953
-1525
-729
777
1781
-2463
856
288
771
-1249
-489
2956
-2312
-343
516
1776
-1841
-651
1904
-195
-1610
-36
2988
-2609
-935
2039
860
-2740
805
2112
-2458
-341
1709
318
-2282
1094
1479
-1204
-1476
2627
-478
-2013
1570
934
-703
-2080
2627
-502
-923
-293
1246
720
-3315
2694
306
-1621
-259
1024
196
-1799
1547
331
-994
173
561
-128
-683
514
8
-409
642
-543
-142
864
-583
-166
1007
-672
-262
93
683
-669
-495
1194
-392
-27
-925
2261
-1726
-689
2080
-1226
-481
650
542
-1387
1255
-745
949
-1118
485
674
-1419
944
-561
1026
-1545
1340
167
-1008
429
389
169
-933
378
1048
-1159
-358
1391
-670
60
-1563
3204
-1850
-1729
3092
-2074
492
-1122
1936
-876
-1425
2214
-1069
793
-1283
458
1281
-1963
1027
-85
438
-530
-1202
3537
-2593
-415
1789
-285
-904
-633
3012
-2671
198
1781
-711
-553
38
926
-323
-469
56
805
-744
-285
460
725
-1093
212
448
-304
-106
-337
360
-379
13
394
-419
-133
758
-1111
743
-598
303
-365
-604
1420
-1187
547
-482
160
60
89
-126
-915
1855
-1435
-626
2152
-1556
-99
571
659
-739
-511
1069
-656
662
-705
291
527
-456
-420
1194
123
-1512
1170
623
-544
-1145
1428
485
-1770
940
854
-564
-1294
1108
1852
-2956
151
2396
-1219
-1354
1225
1494
-2493
600
1286
-948
548
-1295
1105
328
-1594
1136
-4
-52
-858
682
737
-924
-441
338
1349
-2216
572
1442
-1300
-406
1242
436
-1502
359
285
698
-1870
1078
1060
-2238
1054
586
-513
-789
1561
-1260
566
39
-1086
2056
-2137
494
1425
-1686
-54
1178
-725
-455
592
144
-1214
1024
29
-565
886
-862
904
-662
-122
455
-224
258
-404
174
590
-1143
656
77
-672
1157
-1481
850
-74
-270
136
-369
1476
-1951
916
941
-986
326
-522
1985
-1887
336
1054
-1002
957
-1052
1136
-377
-620
484
806
-848
-279
866
-201
-587
592
512
-1603
1238
176
-639
-657
1449
-495
-1150
1379
-322
-374
-493
797
417
-1375
299
1378
-1483
-282
753
844
-2447
1239
1168
-2107
1259
-618
827
-1180
796
-516
90
971
-1648
773
804
-665
-560
1009
-247
491
-1589
1720
10
-1053
148
822
679
-2941
2390
196
-1062
-271
1093
-158
-781
304
281
288
-1659
1097
471
-494
-907
1304
-79
-1452
1539
-505
-662
373
43
304
-1428
1532
-547
-1554
2517
-1244
-63
21
561
-1010
493
1031
-2247
2453
-675
-692
2128
-1728
362
488
-839
902
-533
242
173
992
-1664
1404
645
-3336
3306
-681
-1066
866
257
-23
-1354
1281
837
-2005
821
714
-1028
77
-290
1440
-1940
646
512
-684
787
-1634
1531
-383
-409
-98
-210
1450
-1575
-461
2485
-1501
-1167
1004
1034
-1197
-1540
2806
-823
-1323
650
1592
-1228
-1064
1597
685
-2143
480
1480
-855
-844
-442
3380
-3642
1131
866
342
-1081
-877
3158
-3112
1600
-1752
2488
-248
-2573
2084
736
-1208
-1487
2706
-1058
-1057
784
618
-352
-481
70
688
-619
-492
279
976
-1653
685
817
-1551
1639
-969
475
-517
1197
-1769
1003
863
-2661
3496
-2119
27
768
-220
-187
-362
1559
-2080
643
1055
-1147
167
410
455
-892
-274
1737
-899
-1146
1384
622
-977
-788
1906
-176
-2485
2108
550
-1803
22
1212
367
-1701
1326
-816
867
-547
-1787
3977
-2432
-2017
3645
-283
-3534
2654
702
-2625
1470
384
-623
-349
131
1161
-916
-302
930
-1240
1233
-746
1147
-1579
975
1194
-3039
3193
-1794
486
-293
1632
-1457
-1493
4336
-4314
1725
915
-1860
1154
-211
-73
-580
1117
-1229
46
1232
-1810
1248
-184
-944
1038
-991
683
349
-557
-87
601
184
-1331
1162
-2
-1274
1113
826
-1497
54
1330
-1401
140
971
-1220
42
2092
-2468
770
2024
-3441
2171
154
-909
-35
1297
-1546
-134
3651
-5685
3451
474
-3034
2245
-296
-524
-213
1712
-2822
2697
-909
-1957
2663
-920
-1417
1688
-82
-1080
1313
-1870
2772
-1780
-462
1426
-331
-1182
992
1927
-4298
3764
-222
-2062
1890
-190
-977
283
1192
-1087
202
423
-7
116
-22
-404
580
-685
685
-479
179
1224
-1479
-69
302
1267
-2465
563
2014
-2371
648
800
-524
-486
421
-434
-25
558
-1290
881
398
-925
561
208
-361
-849
461
977
-2437
1288
1470
-2669
1100
477
149
-718
-444
543
846
-1164
-865
2830
-1604
-1248
1552
874
-1499
-284
724
1441
-2406
613
1823
-2698
1451
267
-77
-1790
3637
-2583
-551
3667
-3300
847
410
572
-1664
2000
-2109
958
2291
-4604
3543
1280
-3336
588
2323
-1898
-1701
2423
400
-1656
334
1431
-535
-1523
1888
-839
-770
949
-495
825
-355
-544
133
1316
-2235
1530
-822
-643
2578
-2628
1089
-583
1540
-2577
1277
1477
-3488
2449
-455
95
-1561
2956
-1489
-2012
3191
-2088
-213
628
463
-636
-540
1138
233
-1047
-38
258
1426
-2279
351
2541
-2516
-130
1856
418
-3409
2844
88
-1884
1885
-1934
1947
-651
-1678
2267
1515
-4573
2336
3809
-6116
1947
3491
-3478
-1158
4716
-3412
133
2428
-2579
1727
-562
333
-1054
905
-191
-218
-205
-333
1512
-1008
-1229
1799
539
-3086
1473
1212
-1505
-176
1533
-1922
1735
-411
-2765
3353
-133
-3517
2988
1419
-4500
2693
-350
258
-1016
186
1306
-1133
940
-1550
2655
-2251
-600
1798
57
-1333
-34
3146
-2523
-1314
2933
1046
-4916
3073
1609
-2500
247
396
1923
-2573
472
654
2235
-3681
-530
4794
-2587
-1934
695
3775
-4465
-913
4916
-1613
-3611
2014
2997
-2715
-742
-60
2135
-1029
-3260
4402
-223
-3339
1276
1742
308
-2656
656
1338
834
-2864
-11
3685
-4501
1229
1106
616
-692
-1773
2887
-1544
1064
-1976
756
1253
-1556
1008
473
1518
-3908
2001
1945
-3475
1309
1340
-2841
1622
779
-1528
1696
-1855
999
-354
1841
-1817
-1266
3032
-2161
342
10
1437
-2599
-16
4075
-2485
-828
815
813
-440
-1494
1903
-621
-923
-33
1838
-145
-2154
2673
-2216
959
1542
-2476
1174
585
-1144
-88
1735
-1278
-1276
2099
-81
-1422
1788
-584
-1529
1655
-415
-1576
1162
766
-1096
232
783
163
-1045
-448
1020
-510
-1780
1604
1610
-3109
340
2845
-1950
-449
1297
-1134
568
1012
-2084
854
1617
-4158
1701
3783
-4139
-424
4232
-1979
-2352
3027
-221
-2791
1327
1651
-1346
-378
1256
-19
-1698
1110
1256
-1649
-824
1676
-446
-930
1644
-816
-833
1662
269
-2396
2679
-691
-2567
2927
-231
-817
-636
1134
328
-1476
617
522
-116
-869
885
754
-887
-553
-234
1513
-746
-80
1188
20
-1379
1079
1161
-2134
-285
812
1345
-2091
737
1304
-1237
-380
2214
-1130
-1880
1426
99
736
-2002
945
712
-1188
289
262
-1275
1666
-1264
655
1994
-3326
925
1399
-839
-3532
4116
-449
-1488
1779
-1386
1312
-810
-1731
470
2653
-3526
1611
2274
-2878
774
783
-1128
-161
324
-860
1455
328
-1166
-682
1245
255
-1469
864
-241
-120
1862
-1514
160
-278
-549
1062
-393
-32
279
336
-974
2537
-1822
-1646
2540
-290
-927
154
2445
-2755
-494
3110
-2071
-2248
2468
2914
-3817
94
3526
-2009
-1697
153
2393
-1192
-1817
2084
2009
-1993
-3192
4115
1452
-5263
634
5471
-3955
-1817
4058
-878
-1924
811
-16
1224
305
-3868
3941
-57
-2910
609
2127
-829
-1467
1207
1196
664
-4517
3443
254
-3410
558
3559
-1644
-2607
4133
-798
-1262
-1090
2042
-1601
-1034
1737
354
-446
-763
437
872
-433
-1733
2243
-1434
58
744
-651
387
-256
-632
363
1662
-1472
309
315
-254
-188
-375
367
-397
953
-381
-107
1717
-2163
-145
1607
-2008
92
767
8
-110
263
36
442
844
-1794
-165
1465
-936
-495
1521
-545
-330
615
656
-538
-950
1172
-882
318
629
-178
-427
361
585
-833
464
-158
-256
108
465
166
-5
-1147
1397
-723
-1047
2338
-1782
285
-130
375
136
-1142
1084
-492
379
-632
822
697
-2082
327
534
181
-1362
409
1208
-1178
875
-331
252
-905
-1137
2539
-425
-1285
240
1599
-79
-1208
186
318
218
-371
827
6
-261
-1012
498
812
-1342
-381
1067
701
-918
531
-530
-806
658
-297
-956
1139
362
-914
615
769
-808
-1061
862
-427
187
-122
-56
974
-1032
-189
1059
-284
-456
579
299
669
-348
-1430
1027
364
-1355
626
797
267
-820
118
1538
-1292
-1317
645
1264
-110
-891
1108
946
-1190
-630
1161
-33
-907
362
897
-249
-219
-401
74
690
-1502
601
1125
-888
9
-238
114
-604
-319
435
-289
180
109
-72
-140
363
-1493
241
905
-1245
465
828
-133
-445
1112
-857
186
502
-520
414
359
23
-1078
769
19
-303
265
524
-394
-550
650
172
-780
-222
26
-277
683
-467
-340
-225
-124
80
-681
-3
331
-1261
241
1372
-539
-371
578
-33
-268
1088
178
-96
263
209
497
322
-183
-230
99
493
157
-29
371
-466
324
71
-207
161
-674
123
220
-402
-254
219
-638
-874
413
-447
-28
67
-324
237
-411
-10
21
-112
-157
-255
264
777
-20
-309
771
19
234
252
1201
572
-890
1049
648
-147
-1151
752
341
-520
894
263
164
-1671
73
-176
-1156
-627
-141
471
-606
78
-713
-1028
-813
-601
-145
239
677
47
-265
759
-13
-886
-129
-327
713
139
1254
1237
-331
656
207
1100
175
231
1303
1113
487
475
1488
39
-746
424
1082
-262
-82
141
-163
-470
-684
-436
-425
-1534
-1341
679
-529
-1206
-226
-267
-1459
-943
33
-488
-1047
-80
148
-310
-136
-960
-470
741
-426
-121
1044
-519
-320
-304
504
-655
-760
467
-47
432
51
746
-154
-266
-138
431
937
-256
-521
646
-802
-2177
-1593
-2240
-2891
-3311
-1259
-2074
-2283
-591
143
623
-519
880
2103
3744
4033
3235
3468
1680
7769
9226
6685
4042
3875
9370
7828
7440
395
-2826
-2326
2235
4680
-3819
-5779
-2914
416
-5260
-7342
-6961
-11526
-12457
-6365
-2220
-5154
-6286
-2192
-3571
-8320
-3670
876
-2087
-7633
2787
12517
9350
4027
3422
4426
-96
3002
7541
4680
-1098
4262
11251
5998
-3423
-3762
-1023
-5222
-4066
1440
3042
-4862
-5027
1930
-72
-5414
-6718
-2061
-1654
-1826
2742
4339
-759
-4905
-154
3608
142
-2708
41
3741
1495
1522
3814
1253
-3082
-3017
3469
2983
-2423
-1966
1980
2548
-1337
-649
363
-3985
-4635
410
2643
-2748
-5266
-2470
-2732
-5318
-6801
-4200
-4847
-5734
-719
5380
5660
777
1516
5317
6287
6512
7567
6477
3987
7019
15671
16907
9265
1486
6224
13039
9440
3435
-5760
-8309
-4852
2956
3029
-5738
-9584
-6620
-1044
-5692
-12309
-15834
-14320
-7984
-2765
1081
977
-2685
-4161
-6904
-6947
-2189
-155
-1519
-1585
7789
13621
9286
-16
-6022
-6079
-2282
3883
4194
430
-1388
4825
7317
-623
-7175
-7103
-4633
-3282
2150
6269
3181
-1539
889
4491
833
-2425
-2610
-538
-1278
2684
8071
2698
-3106
-3710
1494
1234
-3245
-3320
-2065
-50
558
3608
2847
-3955
-4247
366
1613
-1059
-623
-83
22
3857
4511
2313
-1784
-1618
1431
3204
3341
950
878
573
1005
1014
-476
-2472
-2744
-992
1223
2082
210
-3104
-5317
-3160
-2565
-4619
-7152
-5332
-2935
-4456
-2655
-2229
-2279
-1943
2833
10729
9505
6699
6693
12545
12204
5754
5213
7384
13757
14973
15507
9882
2694
3096
5405
3964
-10876
-17666
-11094
-838
931
-8988
-13163
-11226
-6061
-7440
-13420
-13636
-14773
-8277
569
3483
2555
-855
2058
-638
-5122
-3824
880
2895
-2973
1843
13249
12186
2065
-7398
-8144
-5675
-3954
-612
-1393
-2216
577
6826
5174
-5554
-9987
-5111
1063
2583
4420
8532
7008
3061
2543
2718
1159
-2898
-660
1145
4440
4552
3909
1964
-5332
-1459
-757
1685
-2227
-3315
3292
1318
3959
1477
523
-332
-1263
3089
1456
9
-486
1386
3828
1574
1994
16
-3564
-2063
1131
1940
-2044
-1822
489
-558
-3360
-3390
-2234
-5236
-4213
779
3546
286
-3212
-1264
-1369
-4552
-4506
-3403
-3587
-5241
-3033
732
-1888
-1879
556
7724
8178
5306
8548
8537
10938
7506
6804
3946
6248
16874
17085
12680
1696
3074
7071
4862
-3940
-17681
-16603
-8968
2005
-1010
-13091
-14803
-9674
-2707
-8094
-14803
-15032
-11476
228
5702
5724
1875
-217
2579
-2083
-3718
-1873
1400
-384
-2708
7491
12119
6558
-3237
-10637
-8766
-5369
-706
-370
-4585
-355
8416
10484
-476
-8465
-5225
-1079
1385
3957
8187
7452
4592
5513
3855
-1677
-4569
-1353
1125
735
1534
4910
4852
-3328
-4966
-483
1447
-1678
-3453
4106
6010
1815
1816
3320
1466
-3122
-383
4482
-736
-5138
-1775
3767
1891
-3633
-1437
144
-3779
-3697
931
820
-5018
-3996
4140
2561
-3523
-4853
-1547
-542
-2421
687
4761
2127
-2410
25
891
-1690
-6516
-4120
-355
-2883
-688
366
1639
-419
2537
8372
6762
6814
5443
9514
7852
4992
3943
3054
12014
12361
12185
3429
145
4996
2381
-401
-13533
-15803
-11205
-2728
-532
-10924
-11867
-10579
-3642
-2767
-9860
-11229
-11740
-1384
6467
5138
3343
-506
3808
-224
-4054
-438
-1493
-539
-3367
3137
8020
2356
181
-5562
-7644
-5955
-313
3358
-3634
-2035
6701
10706
3662
-5075
-1419
1731
532
1736
5603
6960
3483
3685
5334
-1348
-6927
-3111
1775
-1379
-4886
108
6272
834
-6479
-1056
1636
-749
-3750
2803
9307
520
1042
5930
5140
-158
-2772
5158
1509
-5377
-2334
1096
2223
-3770
-2246
1484
-4479
-4858
-3199
-2714
-4117
-5250
423
799
-3481
-3760
-3607
-2898
-3070
-419
4554
2561
1105
2916
1588
-492
-2920
-1896
-930
-2047
770
2183
-6
-1304
3916
8532
6456
5207
7548
8807
6535
4934
2592
1443
7674
14392
15141
6881
1571
5125
6351
2077
-10759
-15994
-12348
-3326
2322
-5331
-8935
-9056
-2938
-3279
-11097
-12561
-13318
-4368
5936
7817
4123
-1513
1700
240
-6790
-7432
-5277
-1167
-3148
-78
7402
4353
-2223
-7141
-8533
-8427
-4862
1345
943
-621
6338
14391
10161
-3393
-5941
2016
4754
1724
3071
6182
6147
5579
4473
-178
-11835
-9708
-216
1075
-3813
-7514
2357
2676
-3232
-3816
-1844
1982
-2052
1992
10582
8095
1007
157
8507
7875
78
2261
5390
-118
-5269
-109
5240
-1711
-7909
-838
5454
-2393
-8401
-3605
-1101
-5067
-4547
2266
-827
-8038
-6309
-440
-239
-5231
-1697
5173
3706
894
1959
2873
-801
-4390
-7
3003
-330
-2336
149
1059
-945
803
6518
7391
2772
5780
8856
9640
6384
3849
6048
5354
10774
13256
13560
4488
-698
5752
4720
-528
-14859
-17311
-12496
-5197
74
-9487
-12053
-10657
-3792
-2157
-10583
-13238
-12449
89
9013
6851
2551
-3815
2294
3389
-1495
-4172
-6839
-1940
-3110
1753
5685
491
-1807
-7447
-7093
-5713
-4179
-1989
-4524
-218
6534
10803
5668
-4408
-3191
1654
5493
6062
6738
6608
3526
6816
7141
-474
-8202
-4581
2691
2524
-97
-988
1510
-2668
-4233
-907
-718
-1980
-3198
4568
8567
2855
-1533
-1760
2949
2814
-365
2194
1439
-2398
-1653
2959
3669
-4030
-5158
2784
3887
-731
-2866
693
1652
-4041
-1940
1144
-3789
-6999
-3735
2781
463
-4907
-1381
2355
1303
-185
2042
3950
-164
-1988
3650
3580
-3870
-6245
-1117
2418
-2605
-3981
1914
4290
1809
2288
6317
4947
2724
8010
14764
11756
3289
5037
12268
10443
4431
232
1630
391
-2193
-1994
-10710
-17761
-17578
-8407
-6233
-13085
-10937
-4651
1788
-2561
-7273
-6441
-6863
-700
4125
5246
4773
6844
11090
3751
-3873
-7203
-6255
-3355
-3478
2864
4621
1573
-1193
-5508
-9848
-13226
-7597
-1443
-2337
-240
7714
12034
4498
-2760
1726
6776
5420
3362
5383
6679
5777
7820
8739
-658
-8197
-2823
2805
1381
-5664
-2776
2542
-991
-1865
-2049
-79
-1766
-2174
4012
4633
1477
-1292
1680
4709
1204
-1166
-337
797
-1536
-2340
1620
2745
-1254
-3475
-323
222
-2734
-4171
-1407
-819
-4063
-1330
243
-1328
-3936
-3598
2117
-963
-2454
1959
4637
5095
2014
4740
2477
-2506
-1677
1889
1941
-4766
-3210
216
-563
-6672
-8428
-2055
-562
-6
4480
8704
7162
4755
8466
14439
9821
3503
3503
8830
11088
6335
4709
1867
-396
-3135
-1460
-5158
-16505
-19553
-12036
113
-4182
-9388
-3226
2379
380
-9657
-8849
-5910
-4808
5130
11077
9611
1370
333
5359
-1820
-9783
-10393
-1993
258
-2932
2262
2277
-3165
-9649
-10470
-8008
-8832
-5334
360
4368
6269
8951
9334
3392
-2097
654
6466
5866
5157
7027
9628
8079
3656
996
-5249
-6424
-2067
1155
495
-3171
120
1798
-1370
-2697
-2376
-255
-490
897
5459
4247
-233
-46
1663
1631
-1936
-2543
2590
1774
-846
-1155
646
166
-4490
-2587
-413
-1401
-1882
-273
2749
-559
-2766
-322
176
-1591
-3808
-529
2812
964
1839
4782
4629
342
-2247
278
111
-2272
-1238
1810
1639
-1912
-4298
-5690
-8061
-9708
-5095
299
2093
3376
5873
9156
7302
4148
5987
10551
10690
5979
3723
8606
10404
7453
5581
1600
247
-2855
-1622
-3675
-12202
-13585
-9820
-198
-3180
-8166
-3258
-1655
-3741
-11868
-10528
-5883
-4558
1819
3129
3787
-110
532
5108
-2463
-8525
-9467
-1701
1925
-859
3156
4242
1565
-3587
-6237
-6052
-5662
-1626
3093
5298
5175
6521
6160
2736
-1189
-782
2494
1138
1304
2618
4967
4480
1561
-524
-5293
-4682
-1149
1321
-148
-1648
2278
4909
2814
-305
1041
2017
1502
1039
2808
2745
-1456
1730
4231
2130
-2345
-3274
2605
-1107
-4025
-3220
-1920
-327
-3527
1436
2519
-2802
-3109
-1207
1820
-1115
-2122
2200
2256
735
633
2002
1972
-693
831
5091
3272
-750
-1194
632
1292
-2081
-2057
-506
-2374
-3636
-4771
-4219
-6565
-7055
-2753
-137
398
-289
3859
6757
5637
4710
6782
10949
11681
9327
5864
4273
5598
7137
7199
4491
453
-24
1989
1312
-7918
-15183
-15753
-8702
-3692
-7039
-4334
-4080
-4162
-8619
-12222
-10171
-10837
-2648
3889
5038
2541
864
7687
4634
-4635
-8636
-4877
2547
829
3903
8232
6109
2035
-3501
-5766
-8883
-7799
-1542
3002
3343
3758
5448
3874
-2632
-6251
-1320
189
409
1885
4893
8348
3554
1740
-413
-2935
487
2145
5036
2432
944
5164
4163
1304
-843
-4
1474
-954
-36
3830
763
-1109
711
1301
-808
-4475
89
714
-2493
-829
-1769
-1090
-4168
-3206
2451
-1536
-2407
-752
1963
3115
-344
1182
64
-2145
79
2456
4004
2248
1129
3680
2854
-642
-1499
-830
363
-642
-1628
-23
-1048
-1410
-1953
-4136
-4853
-5551
-2344
-2213
-3157
-2105
-1762
666
234
3145
5556
6268
8947
9151
10250
7315
5519
4135
1019
4317
8006
10188
4419
-460
-1103
-2458
-3854
-11203
-12949
-13684
-7833
-2874
-5763
-5399
-8869
-5667
-7829
-11132
-8092
-7019
1622
3857
4540
4667
2310
5583
1963
-633
-3573
-3182
2997
3907
7488
5722
1634
-503
-5265
-7210
-8811
-6321
-211
2464
3151
3825
2748
165
-3321
-3618
-98
-983
1039
4606
7053
8479
3876
4050
1983
-1494
-264
2100
5290
2468
1507
5140
4112
-46
-1776
-312
449
-2705
-1200
4013
2332
-938
-1717
4
-1345
-5894
-2598
-232
-2499
-3571
-2669
1922
913
-6
1931
610
189
-1338
1447
4377
2338
2206
1967
2285
1377
-905
-1156
-1638
-2333
-2385
-1096
1384
2135
-1172
-3881
-3869
-2179
-1310
-2489
29
1159
111
-1843
-2742
-1038
-3376
-2104
-504
-404
-373
463
7384
7766
5218
4085
5164
7362
3211
2049
1814
3220
5389
4659
5352
338
-2588
-2372
-1184
-3017
-10798
-10571
-7146
-1546
-2276
-5282
-3758
-5679
-4660
-6841
-5383
-4760
-5172
1715
3674
3205
-844
347
3492
-1469
-4161
-4521
664
2716
1626
4529
3443
1728
-834
-1184
-1898
-3990
-346
4263
4672
764
1284
3816
2175
-1621
-2943
-918
-1264
-884
2213
4362
3151
1059
2264
2376
686
1814
3618
4167
1871
2203
4582
4223
3385
919
623
-696
-1829
-585
-1335
-1556
-3773
-5632
-4417
-3518
-2429
-3159
-4014
-3946
-4617
-1798
1694
2930
2262
660
2011
2314
1161
2510
3238
3544
2259
944
1887
317
-1017
-934
613
971
-758
207
451
-180
-2336
-3691
-1709
-916
971
2560
2544
582
-3006
-3052
-3089
-2758
-2266
-2105
-515
-180
718
1308
2720
3632
3685
3268
2127
3511
3610
3950
2688
1501
2958
2301
3522
1262
-188
399
-228
1185
-4077
-6449
-7100
-5340
-1457
-3824
-2666
-3306
-2129
-3528
-7869
-7035
-7015
-2016
609
-241
-286
-715
2611
1795
-2468
-5392
-3692
2065
3836
4448
4686
6453
6554
2613
-1661
-4636
-2994
-973
1846
1995
1218
1784
436
-639
-4468
-5795
-4071
-1639
1188
2922
5944
7273
5736
3046
1425
2728
4331
3817
3594
4075
5200
4953
2130
108
-2502
-4387
-4345
-3933
-4846
-7110
-5449
-2209
-2323
-3860
-4065
-3214
-3760
-3583
-809
1739
1873
2499
5246
5437
2088
708
3272
4524
2835
1325
2292
2059
647
927
651
-543
-2616
-1273
643
-188
-566
-470
-205
-2646
-3051
357
1661
1598
832
1827
1836
-1600
-2241
-1430
-322
-299
-1035
-192
-2186
-2538
-640
458
1070
-1595
-676
2106
2992
3110
1272
44
-2627
-2499
1604
4508
4911
3690
3825
3945
1879
-1916
-5118
-5550
-3390
69
915
-368
-715
-815
-2303
-7043
-8989
-7716
-4604
-876
-577
-744
-1843
-485
488
-2154
-4300
-4191
406
2912
3142
5217
5626
4452
1236
-1844
-2920
-3546
-1539
1436
2586
2212
1764
1665
745
-1345
-1418
466
1082
2236
3021
5612
6224
4368
3826
2170
2728
1100
1233
1899
610
873
-1409
-1641
-3604
-3710
-2608
-4176
-4688
-5588
-3522
-3829
-3325
-1370
-729
-126
-650
1308
392
-280
859
2124
3712
2841
4672
4642
2310
1646
1311
1746
-209
-64
2296
2301
1102
-219
-4
-674
-1934
-1352
-285
-917
-868
649
1427
1047
644
2622
2056
333
854
1504
1932
745
1117
1702
-85
-1579
-2506
-3352
-5179
-6336
-5078
-5137
-5880
-5303
-4394
-2872
-2600
-1442
-495
-1167
-786
-884
253
831
1691
4290
6667
7732
5610
4489
4887
5947
4600
1620
455
533
2548
2488
1855
574
-901
-905
-3363
-5791
-7568
-6505
-3529
-3747
-3856
-3694
-2458
-2010
-4018
-4995
-6203
-4680
-1754
248
1164
610
2664
3659
1861
147
801
3417
4100
4589
6445
7553
6059
4300
3955
3348
1357
95
1699
2051
1227
996
1242
356
-2916
-3719
-2950
-3769
-5779
-6139
-3191
-2081
-3300
-2833
-944
-687
-2170
-1631
686
695
-414
689
2688
2824
1458
2014
2628
1216
366
1228
2135
1390
1308
2746
2827
718
-178
625
704
-411
-748
805
1589
1448
899
-232
-1321
-1578
57
1167
1407
2108
2357
1848
-265
-1235
-993
-1203
-339
310
319
-1358
-2910
-2882
-3829
-4285
-3511
-2368
-2613
-4055
-3893
-3093
-3193
-3460
-2716
-2166
-2593
-3150
-2085
-577
-222
275
995
2360
1816
1265
2061
2428
3106
3623
5822
7566
7507
7439
7078
6383
4750
3311
2852
1799
761
977
1783
1459
-5
-1165
-2548
-5497
-7818
-7602
-6394
-5045
-4548
-2740
-1682
-2958
-3681
-4269
-3997
-4090
-2589
850
2155
2653
3866
4914
4098
980
264
1574
2017
2766
3296
4154
2783
529
335
-434
-1891
-2881
-2496
-1842
-2672
-2731
-907
-183
-1002
-2369
-2574
-2193
-2328
-1049
660
1485
949
3
310
496
540
616
390
566
848
1859
2962
2877
1891
1069
599
303
-54
375
1891
2502
2431
1399
1127
1446
957
1038
597
566
746
990
1596
849
282
-436
-1506
-1749
-1605
-644
-724
-1706
-2017
-2208
-2117
-2195
-2169
-1779
-2017
-1728
-1080
-1587
-2026
-2023
-620
270
-805
-1251
-998
-669
-1023
-1523
-1086
-584
-1096
-1011
-1127
-1442
-1196
-1070
522
871
1642
3158
3238
3454
2493
2823
3370
3061
4202
5210
6709
7009
5597
4800
4272
3866
2456
-12
-1837
-2166
-1505
-710
-1160
-2329
-2820
-3239
-3349
-4853
-6098
-5036
-3488
-1811
-2532
-2774
-1372
-975
-902
-2663
-3128
-2997
-2806
-708
426
1254
778
182
-90
-1409
-1641
-1389
-752
-199
152
1459
2053
1563
881
354
-113
-625
-380
1033
2700
3541
3666
2290
1078
492
-4
129
-383
393
1149
1540
1975
894
319
-809
-1415
-988
-898
215
676
773
871
35
-4
1
-58
-17
-465
116
1235
1972
2518
2054
914
-212
-1107
-157
474
401
829
569
675
-700
-2060
-2100
-2602
-2201
-2257
-1930
-1272
-1575
-854
-1035
-1857
-2244
-2234
-865
-380
380
1600
1597
919
-132
43
604
408
231
-37
-201
-20
116
306
31
-565
-779
-652
-279
233
1108
2355
3162
2363
1942
2204
2919
3166
2030
1820
1040
1563
3155
4259
4553
1993
1016
1035
1126
801
-1068
-897
-1274
-1333
-1154
-1773
-1515
-2386
-2223
-3417
-5643
-6131
-4916
-2348
-2484
-3321
-3363
-2668
-2402
-3413
-3601
-3628
-3126
-2432
-1207
196
744
1308
1382
1208
385
634
2415
3425
3449
3031
3813
3781
2482
1583
1339
1483
843
887
1335
1479
1417
1446
1014
-846
-2226
-1838
-232
343
430
751
490
-625
-1980
-1386
-900
-883
-371
-50
-221
-1456
-1087
31
-179
-957
-1243
-311
475
1363
2298
2342
1406
752
625
211
-92
109
1221
1463
1194
840
-25
-857
-2097
-2072
-1913
-1828
-871
-38
690
-235
-1320
-1723
-1817
-1184
-610
618
1153
1496
1987
1816
1369
512
699
1322
1631
1710
1817
2219
2148
909
-235
-655
-869
-662
-649
-206
-640
-734
393
757
587
-613
-433
98
-43
557
398
1012
1631
2836
3893
2462
1667
1643
2647
1786
-898
-2068
-1849
-28
28
-1104
-2997
-4379
-4269
-4883
-5834
-7022
-5753
-3379
-2381
-2980
-4060
-3228
-2472
-2307
-2582
-2460
-900
557
1927
2258
2318
2803
2807
2416
1620
1999
3005
3768
3675
3537
3739
3272
2239
1017
659
340
280
398
652
664
296
-301
-1528
-2693
-2905
-1836
-1517
-1555
-1594
-739
-111
-974
-1247
-1348
-396
151
678
1752
1731
1571
541
299
409
381
1008
762
458
-169
321
1204
1147
792
314
420
-486
-862
-323
1292
2297
1490
755
-583
-1006
-934
90
850
463
570
485
337
-687
-843
-415
-722
-855
-531
952
1539
1411
1262
792
500
-245
195
1123
1798
2070
1255
561
-899
-1749
-1316
-968
-1011
-1755
-1673
-1351
-1579
-907
-373
-445
-806
-202
1939
2099
1481
354
-386
1195
2926
4900
3432
1732
2294
2288
1741
-2132
-4048
-3614
-1996
215
-1456
-2468
-3288
-3410
-4671
-8535
-8841
-6977
-3245
-1433
-1915
-1442
-1473
-738
-1451
-2587
-2733
-1078
2435
4583
5658
5748
5780
4191
1733
630
940
2610
3170
3351
2658
1929
1313
-873
-2572
-3106
-1798
-804
-938
-63
689
942
60
-1290
-1895
-1958
-539
1030
1353
1644
2026
2262
1544
-164
-443
-559
-155
747
1187
1682
252
-653
-1327
-1855
-1171
-881
-17
36
218
622
97
616
1381
1805
1404
792
1471
1803
1905
2238
1825
780
-422
-443
-83
-719
-759
-549
-530
-940
-1417
-609
-345
-151
-33
-155
25
35
1021
1465
1140
1137
1454
1947
1670
1197
890
-364
-1733
-2696
-3020
-2559
-2334
-1661
-1856
-2656
-2942
-2459
-649
141
-324
-502
694
2843
2949
1369
-186
-10
2866
5564
6143
3329
1621
2866
3411
722
-4354
-5354
-3405
-836
-766
-2613
-3067
-3552
-3433
-5881
-8438
-8020
-4590
-276
-608
-2081
-1656
797
1674
-1422
-2614
-1036
2015
3509
3507
4535
4592
4172
2335
-74
-1407
-290
2739
3358
1173
-341
654
286
-2015
-3294
-1405
361
-183
371
1028
1247
-145
-949
-487
-945
85
2351
4063
2921
533
229
684
-473
-1165
26
1446
1770
1014
1965
1163
-1200
-1815
-1551
-341
-544
1099
2644
1004
-365
-1639
-1118
-1004
-143
1784
1380
1367
1385
1677
655
-950
-301
306
1152
1966
3077
3155
1064
-584
-1777
-1910
-1233
35
1103
368
-209
-421
-808
-1413
-1834
-1387
-1120
-765
38
880
1042
357
-940
-2411
-3121
-3148
-2036
-1358
-970
-1263
-2350
-2336
-2746
-1602
-601
910
2318
1879
3527
3572
3190
836
-1356
1027
3742
7819
6608
2758
1744
1640
3306
-1298
-4851
-4454
-2663
1591
-724
-2495
-4780
-4980
-3208
-7551
-8202
-6913
-1544
1540
-2039
-2363
-2223
534
612
-2349
-2312
-1735
2020
3841
3313
3899
4018
4008
1170
-1888
-1253
1539
3261
2591
713
1378
2389
357
-2052
-3536
-745
1232
656
1026
237
1080
295
-1474
-1822
-2541
543
3200
3277
2214
137
926
813
-624
-8
501
1685
2219
2264
2999
-4
-2260
-2629
-2490
-388
383
2356
1897
-793
-1267
-2406
-2051
-1299
722
3394
2491
2291
2090
1377
853
116
1179
876
773
2379
3149
2459
-361
-2295
-2633
-2451
-685
429
545
-356
-1468
-1540
-2576
-2665
-1722
-700
-137
-677
-156
222
120
146
-641
-1234
-1930
-2051
-1275
-1082
-822
-1310
-2373
-2890
-3300
-2069
-426
1260
2471
1456
1642
1709
3047
2809
713
826
1980
6726
7655
5822
2195
333
2618
2237
822
-3353
-3785
-1785
-330
-1199
-5109
-4888
-3871
-4066
-7426
-9039
-5469
-2414
-896
-2499
-2835
-1102
283
944
-2125
-2560
-752
1838
3653
3469
5601
5133
3645
593
-1904
-318
1739
3968
2459
911
2024
1768
-614
-4537
-4300
-1249
-76
1042
1811
2304
1117
-205
278
-275
-691
1204
3607
3526
2276
2719
3308
986
-1490
-426
1053
1262
1160
912
473
-2050
-2938
-2686
-2156
152
229
321
-926
-1370
-853
-1455
300
184
479
2042
2831
2455
-180
384
1191
7
432
1577
2608
900
94
410
-1975
-3578
-2369
353
11
-1736
-866
-273
-2017
-3358
-1881
-134
-836
-823
824
974
147
187
1579
1286
66
19
406
-70
-1002
-1412
-1948
-2299
-3019
-2237
-1883
-1519
-899
310
2103
512
245
1108
3238
3213
1068
1720
2860
6388
7375
5922
2333
209
3158
3875
1806
-3557
-4730
-2733
-1743
-1656
-4646
-4670
-5028
-5415
-7182
-9356
-6470
-3433
-371
-1312
-2692
-935
121
1044
-1410
-1731
456
2302
4586
4503
5836
5079
2494
590
-1313
504
2283
3582
2554
25
473
620
-775
-3745
-3868
-206
2083
2115
1360
1357
986
-75
-855
-1236
-1114
829
3799
4331
2414
-10
-183
236
-977
-1121
-414
1127
1244
142
452
-1309
-2944
-3104
-1749
216
-42
1272
1251
-715
-1535
-1838
-538
-152
1217
3275
2284
1279
795
911
283
-827
607
1329
1282
1377
1246
588
-1709
-2444
-1486
-535
202
345
805
341
-601
-463
-707
-679
-679
-166
1049
1466
2027
1445
434
-579
-1410
-1484
-1513
-908
-99
370
-910
-2925
-4429
-4398
-3835
-3673
-2533
-1467
235
1582
2463
1092
-1410
-390
2177
4360
3628
2716
3413
4839
6888
4967
549
-1635
1487
5431
3280
-2132
-5238
-4663
-2102
-1337
-4172
-6179
-4641
-1395
-2619
-6004
-5395
-3214
-999
-1507
-1590
283
2016
4364
2049
-1885
-2352
466
4012
3004
3662
5888
4393
1387
-1976
-1163
447
803
2106
914
647
1256
351
-2726
-6858
-4811
-379
644
799
1226
2307
726
-2257
-1957
-493
1099
2475
2994
3128
1908
1071
1477
-375
-1346
-947
175
1956
745
1085
-631
-3527
-4162
-3615
504
1062
1328
1483
-722
-908
-1139
1084
1480
1071
2958
2564
2341
1789
2252
1199
-1453
-456
1167
2094
1372
892
163
-1882
-2361
-1859
-901
90
736
542
-869
-2003
-1726
-1655
-1847
-978
738
1970
1636
1023
206
-1105
-1404
-836
-18
483
896
928
-739
-2971
-4005
-3307
-2392
-2395
-2549
-1914
-1661
-1757
-1285
-74
-240
-1534
236
3466
5917
4223
1928
153
-217
4332
7238
6830
1069
418
4590
4179
566
-5654
-4835
-3338
-676
1374
-2137
-1996
-2512
-1349
-5368
-9045
-3474
5
3260
797
-100
1432
-266
1344
-2185
-2771
-365
1715
4458
1593
3409
3248
-475
-2593
-4375
-141
1452
1968
1824
-990
179
205
-1016
-3803
-4474
390
2648
1711
607
537
683
-1264
-2624
-1307
-538
908
2971
3647
2896
-424
-1661
-1979
-2314
-166
1220
2425
1571
58
-60
-1648
-2076
-1845
-461
1647
1938
2647
2405
1690
504
-815
-11
1026
2097
2806
3013
2544
1498
493
-1181
-2313
-1282
794
621
-771
-542
494
-589
-3191
-3148
-1430
-406
45
678
949
-440
-1258
-978
-666
131
1349
2665
1994
746
690
365
-329
-1242
-466
518
275
102
-605
-867
-1865
-2471
-2313
-2590
-2299
-3081
-2433
-2389
-3350
-3302
-2767
144
937
1630
1694
1012
2435
2499
3301
1309
1270
5182
6695
5874
1139
557
2481
3365
2568
-2558
-3471
-1888
1026
1502
-3065
-3344
-1335
624
-1659
-5369
-3005
-1019
931
-89
-1409
686
-20
514
-2212
-3636
-1343
-399
1047
-1465
918
2480
-811
-2612
-4637
-1339
-238
-34
953
-898
588
1064
223
-2131
-3321
664
1889
1212
1171
1462
2193
28
-1199
-583
-183
1721
2405
2175
1121
-77
380
-713
-1487
-841
374
1351
760
968
1516
945
-575
-1525
-87
1996
3219
4142
4331
2470
-234
-879
110
809
1357
2865
3053
271
-1644
-1907
-2150
-3060
-2615
64
520
-153
-78
-394
-1641
-2973
-1225
475
733
1878
2702
2448
301
-716
-34
35
588
1657
2768
1867
-482
-1633
-1985
-2074
-2020
-1457
-825
-1098
-1193
-1029
-2198
-3743
-3626
-2162
-1814
-2400
-1494
-392
-877
-1682
-1080
123
704
1580
2541
2214
1736
2607
2738
1022
166
1741
3396
2868
1929
1385
868
1125
769
-958
-3072
-2607
242
1440
1261
93
-1264
-2185
-2487
-1751
-1736
-904
944
1457
89
-1402
-965
-1041
-2432
-2585
-1276
-75
-39
231
720
-309
-1793
-2483
-2336
-2074
-737
1624
1933
-98
-1575
-149
1161
104
-570
269
1692
1954
2296
2759
1119
-646
-1101
-73
570
607
1746
2000
842
-432
-722
-883
-1965
-1475
1109
2517
1553
493
1004
968
-359
-662
451
1814
2820
3966
3647
1360
-388
-557
-288
-606
596
2310
1834
153
-896
-697
-1695
-2494
-1436
-576
251
1184
1904
472
-1827
-1586
-515
-134
280
1895
3096
2182
955
30
-1293
-2125
-818
889
850
-129
-159
-296
-2211
-3160
-2539
-1522
-1485
-1348
82
42
-865
-1604
-1597
-1273
-1284
-173
582
411
-6
-115
-88
-1291
-2111
-1717
-753
-449
-643
-203
-212
-741
-1202
-867
-676
-744
151
1388
1703
859
832
1242
718
213
977
2480
2487
1900
2354
2501
1579
429
445
962
1048
1267
1014
-57
-1255
-1828
-2066
-2361
-2080
-1168
-1065
-1979
-2484
-2291
-2088
-2214
-1772
-631
137
340
278
39
-211
-167
312
888
1319
1512
1121
362
267
706
917
636
405
722
434
-158
-217
294
634
126
-287
-413
-42
636
767
167
-402
120
1086
1604
1590
1706
1728
1283
1034
1227
2048
2057
1445
819
235
285
-132
-43
298
357
386
-518
-1105
-1250
-753
71
-200
-407
-108
659
992
386
64
138
299
356
548
939
1100
745
158
-530
-846
-909
-1180
-1276
-1218
-817
-1087
-1901
-1941
-1633
-1347
-1893
-2273
-1583
-951
-376
-445
-532
-584
-725
-525
-827
-998
-643
160
514
-32
-712
-1206
-1553
-1702
-1443
-883
-284
-143
-210
-269
-498
-719
-1014
-977
-532
144
1249
1954
1868
1200
916
1166
1134
1358
1962
2590
2486
2122
2039
1751
1183
689
817
647
334
320
522
795
522
172
-684
-1301
-670
120
404
-278
-659
-294
-309
-634
-1203
-1298
-1086
-729
-268
-445
-751
-940
-1160
-1734
-1910
-1164
-554
-430
-676
-630
-834
-1329
-1336
-882
151
680
785
594
489
1165
1664
1824
1780
2298
3163
3078
2092
1291
1590
2115
2042
1369
825
669
348
-104
-690
-721
-496
-387
-495
-953
-669
-442
-514
-670
-613
381
777
732
577
541
1174
1007
686
425
182
463
145
-132
-314
-490
-480
-1108
-1550
-1746
-1828
-1506
-1229
-771
-780
-1208
-1412
-1423
-1067
-895
-773
-491
-214
35
-180
-754
-1052
-1035
-880
-802
-1013
-953
-785
-943
-1411
-1980
-1805
-1209
-773
-701
-824
-449
16
198
104
155
635
925
1057
1279
1728
2152
2049
1724
1327
1225
1542
1890
1943
1694
1768
1702
1209
627
452
600
385
358
571
804
659
188
114
-189
-362
-445
-433
-145
-229
-29
-415
-976
-1145
-1177
-816
-1149
-1091
-821
-738
-524
-893
-1007
-1208
-1095
-584
-311
87
-17
-172
-491
-760
-546
-267
169
117
175
520
626
511
242
564
977
1022
1076
1258
1501
1277
879
719
574
647
843
887
638
354
348
67
-406
-396
51
299
233
290
472
198
-248
-69
321
551
450
538
550
20
-31
231
381
-176
-646
-373
-415
-485
-721
-693
-560
-652
-490
-622
-430
-9
369
343
-325
-534
-400
-190
-314
-374
-163
-458
-770
-1220
-1375
-1552
-1923
-1697
-1658
-1364
-1122
-1066
-1171
-1743
-1565
-1136
-872
-624
-218
440
441
344
534
593
701
738
902
877
844
1206
1189
886
606
572
497
32
-26
524
917
695
229
7
195
487
662
616
466
886
1237
1130
815
730
1124
1020
697
546
672
950
853
520
-122
-501
-353
-132
-258
-599
-603
-518
-499
-647
-647
-578
-694
-557
-547
-450
-211
-3
230
17
-209
-240
-222
-3
207
385
380
278
373
242
105
114
110
234
231
252
123
-136
-152
-245
-202
-124
-258
-493
-745
-514
-300
-562
-872
-912
-611
-388
-408
-467
-596
-557
-248
22
224
237
177
51
154
583
845
992
840
743
706
762
887
790
909
913
906
714
468
528
454
386
-57
-283
-94
-144
-250
-687
-931
-1021
-1137
-858
-842
-926
-1038
-1234
-1123
-1099
-830
-697
-738
-465
-431
-416
-695
-629
-27
165
111
-246
-165
342
525
573
305
194
323
425
631
615
720
781
573
368
381
657
700
548
550
622
523
267
331
571
317
-79
-159
94
58
-207
-187
-184
-330
-606
-605
-460
-241
101
-79
-561
-676
-146
255
-110
-333
-177
74
-54
-327
-148
7
141
68
-114
-130
-9
271
253
-35
-15
262
333
135
10
107
-16
-227
-192
-66
4
39
89
-113
-642
-881
-660
-439
-250
-162
-133
-246
-293
-96
-90
-114
-58
56
193
374
821
1123
993
568
253
359
572
690
719
760
778
613
436
465
550
466
264
234
382
625
796
617
362
228
290
281
190
360
636
587
136
-231
-213
-74
-75
-142
-338
-421
-570
-750
-834
-896
-732
-729
-799
-1000
-1053
-880
-909
-824
-817
-732
-670
-681
-480
-604
-734
-757
-661
-487
-473
-252
-170
-224
-424
-710
-692
-618
-500
-546
-549
-378
-364
-311
-346
-372
-382
-363
-236
-95
273
528
475
285
293
589
786
808
817
975
1111
1017
1010
1177
1284
1240
941
707
706
892
1025
784
414
157
47
8
74
236
330
50
-328
-303
-10
304
342
241
8
-161
-17
168
246
157
210
176
-17
-127
-72
154
66
-227
-461
-489
-331
-232
-237
-356
-428
-415
-476
-515
-383
-47
49
-189
-320
-183
199
222
-104
-319
-218
-9
-17
-78
-190
-139
6
43
-21
-146
-63
-11
-98
-98
153
525
502
372
391
505
584
499
584
551
559
637
585
568
372
280
134
-28
-74
-189
-206
-302
-332
-332
-501
-618
-805
-764
-626
-637
-583
-660
-524
-411
-489
-509
-497
-319
-244
-338
-385
-290
-58
1
-198
-374
-494
-534
-619
-598
-446
-441
-567
-832
-910
-806
-695
-633
-694
-658
-518
-341
-140
-96
-56
25
139
340
550
889
1004
983
930
941
1192
1218
1220
1189
1079
1059
886
830
710
495
411
310
473
433
333
321
159
63
-215
-136
177
434
518
176
75
145
253
304
138
153
284
475
438
141
40
-57
-221
-416
-427
-164
-97
-191
-405
-563
-524
-499
-389
-326
-155
99
207
180
8
-43
-53
-3
126
211
272
211
13
-147
-278
-360
-391
-448
-471
-512
-545
-652
-746
-635
-433
-335
-444
-457
-104
246
300
123
15
210
498
750
823
773
704
572
347
184
270
447
456
267
50
-41
-104
-334
-520
-569
-460
-337
-307
-286
-324
-414
-536
-591
-473
-316
-148
-68
-128
-218
-426
-475
-501
-502
-489
-613
-621
-650
-638
-710
-913
-1102
-1183
-984
-687
-433
-299
-288
-192
-134
-59
146
370
622
682
782
936
982
1034
932
820
700
660
785
806
752
560
288
71
-109
45
318
502
535
364
358
271
214
304
449
721
844
975
971
845
739
569
542
604
721
736
533
272
28
-128
-202
-259
-309
-395
-385
-426
-565
-627
-691
-632
-537
-407
-230
-64
158
225
183
153
134
167
211
299
251
179
153
-23
-225
-451
-581
-618
-690
-726
-750
-747
-786
-893
-934
-866
-660
-408
-228
-168
-191
-154
-73
10
160
318
463
488
407
388
295
172
17
-92
8
102
98
-12
-175
-308
-386
-398
-353
-197
-90
-124
-214
-207
-98
-59
-107
-89
-12
26
-1
-63
-26
-9
-102
-340
-589
-607
-468
-324
-399
-624
-719
-644
-552
-531
-470
-356
-259
-146
-79
132
387
509
540
446
543
790
936
924
839
821
806
719
577
406
361
350
228
96
51
236
326
176
-56
-82
133
280
362
417
531
582
537
495
503
592
661
693
687
665
640
518
347
204
105
66
16
-83
-205
-297
-350
-382
-410
-412
-385
-383
-422
-435
-411
-275
-116
-111
-100
-66
-19
29
49
65
54
-17
-86
-135
-152
-181
-270
-414
-523
-504
-478
-518
-612
-568
-437
-342
-379
-491
-465
-294
-184
-185
-159
-125
-14
38
50
19
-41
-28
-7
43
52
-51
-132
-142
-231
-250
-202
-111
-78
-138
-186
-266
-208
-118
-78
-61
-77
-31
34
17
-66
-107
-66
61
140
220
253
199
120
-28
-60
30
94
26
-110
-120
-9
7
-81
-192
-223
-171
-138
-37
67
195
272
223
180
195
362
521
512
540
583
626
574
395
308
291
344
367
290
189
121
42
-73
-185
-161
31
91
41
-51
-27
46
98
241
259
271
365
464
471
428
466
453
356
391
522
620
481
193
29
-91
-130
-155
-152
-136
-179
-287
-379
-448
-444
-394
-458
-508
-454
-206
-23
-42
-103
-144
-152
-143
-91
34
128
107
-13
-215
-337
-395
-405
-385
-370
-284
-331
-460
-450
-372
-296
-385
-414
-272
-145
-36
-59
-117
-123
-123
-64
-26
-20
9
11
-60
-193
-205
-164
-176
-218
-351
-354
-293
-304
-328
-344
-288
-192
-141
-90
-3
111
208
169
142
195
275
371
448
474
427
388
351
326
284
218
171
148
170
222
180
88
-27
-61
21
67
107
152
275
387
369
281
224
275
345
343
356
370
391
343
231
193
96
-5
-54
-41
-20
-44
-93
-141
-142
-137
-190
-258
-218
-131
-43
3
62
135
130
64
47
139
198
195
137
133
190
189
96
-34
-68
-45
-85
-194
-271
-249
-181
-186
-287
-308
-252
-223
-259
-282
-176
-49
27
28
51
100
95
9
-35
31
95
134
34
-19
0
-20
-72
-178
-253
-223
-103
-99
-167
-155
-94
-47
-64
-133
-128
-19
15
-12
18
118
174
89
-15
-57
-3
31
-42
-114
-56
20
-35
-228
-353
-307
-278
-273
-242
-153
-66
-30
-98
-228
-215
-81
31
77
31
136
258
191
94
47
119
148
133
64
91
117
69
55
-50
-65
-81
-68
-58
-66
26
60
58
42
37
138
234
241
224
209
273
336
287
177
158
205
180
82
4
-9
14
16
-36
-56
-47
-10
-59
-126
-130
-88
-87
-79
16
103
180
162
109
113
180
195
167
138
195
224
198
111
-44
-44
-65
-78
-111
-163
-136
-125
-133
-119
-127
-139
-159
-155
-51
-24
-23
-1
35
85
88
61
57
81
57
48
69
29
-7
-25
-9
0
-86
-145
-137
-89
-91
-97
-66
-54
-83
-85
-54
-17
38
47
42
70
67
-15
12
47
19
-4
-23
-29
-85
-101
-85
-82
-101
-132
-126
-110
-132
-140
-142
-121
-109
-99
-47
0
-21
-44
-33
-34
-18
-59
-62
-9
10
-12
-29
-29
-52
-127
-136
-92
-97
-60
-48
-22
22
8
-43
-108
-117
-57
0
54
66
79
82
20
1
29
89
111
156
183
126
87
7
-54
-65
-43
24
72
142
160
126
77
-33
-32
35
117
171
127
126
96
94
92
47
81
82
122
114
108
164
107
64
31
63
138
141
177
158
132
82
24
56
59
89
95
66
32
44
34
-50
-55
-5
92
136
90
38
0
-54
-95
-107
-77
-3
60
63
10
-47
-117
-114
-105
-109
-55
-28
-27
-28
-46
-19
-33
-67
-59
-47
23
44
30
-54
-113
-75
-85
-53
-22
-44
-96
-116
-132
-205
-230
-189
-170
-140
-146
-158
-142
-140
-181
-214
-154
-130
-109
-44
-4
-11
-68
-117
-126
-138
-124
-28
5
-22
-76
-114
-102
-113
-135
-172
-139
-81
-56
-95
-91
-51
-34
-32
-33
19
30
58
75
56
59
94
138
170
156
160
177
147
116
131
164
93
68
78
117
120
120
96
26
38
91
136
131
201
219
236
229
221
248
237
230
208
189
148
150
155
148
89
73
63
31
7
-5
27
28
12
-26
13
77
68
68
94
101
62
70
132
149
142
103
113
126
72
-29
-70
-38
-37
-61
-74
-57
-93
-139
-176
-169
-193
-202
-170
-155
-116
-98
-109
-125
-126
-140
-134
-151
-148
-135
-169
-181
-197
-220
-186
-195
-234
-215
-211
-155
-154
-141
-108
-125
-104
-138
-161
-134
-110
-53
-25
-13
6
-24
-51
-71
-39
-51
-85
-19
-32
-53
-44
-57
-55
-60
-57
-51
-58
-44
-40
-26
16
3
-10
-33
-58
-7
76
135
178
169
173
187
151
131
97
126
177
187
179
193
221
158
97
82
115
136
119
122
185
192
164
156
107
113
94
91
129
189
174
125
115
80
88
67
98
74
17
21
36
59
54
44
3
1
0
-8
-22
-48
-54
-62
-61
-22
-10
-19
0
-22
-55
-41
-46
-57
-16
1
15
44
52
30
-34
-50
-51
-37
-10
-19
-49
-72
-79
-122
-98
-43
-45
-47
-49
-34
-38
-60
-82
-109
-108
-95
-59
-9
-1
-9
-50
-72
-76
-79
-98
-110
-85
-104
-150
-176
-152
-124
-121
-110
-84
-55
-53
-74
-77
-76
-132
-111
-16
15
-12
-59
-26
-55
-102
-63
-37
-44
-61
-39
-11
10
-50
-112
-124
-65
-5
38
71
47
55
39
31
19
46
85
132
117
79
61
28
19
-12
19
45
91
128
123
109
98
61
30
62
82
105
117
133
145
140
121
97
81
95
153
165
160
170
125
76
56
82
134
148
155
123
71
36
23
5
-11
-5
15
66
57
19
-2
-63
-96
-57
53
98
67
68
35
-25
-88
-55
-4
0
25
51
69
19
-45
-76
-108
-121
-108
-38
22
-23
-64
-106
-111
-123
-106
-48
-50
-8
-19
-20
-62
-105
-75
-103
-104
-63
-50
-43
-40
-83
-110
-132
-136
-129
-108
-117
-98
-91
-89
-59
-82
-60
-71
-68
-82
-77
-47
-111
-136
-62
-11
-16
-33
-37
-52
-90
-62
-38
-54
-73
-64
-47
16
12
-19
30
14
39
57
85
95
97
129
86
81
54
38
49
29
78
97
87
92
55
6
-36
-18
-13
20
58
58
28
-3
24
40
47
66
91
95
123
111
92
81
66
76
65
90
111
123
130
110
102
104
101
66
19
41
69
68
40
34
61
33
-11
8
50
52
58
42
52
41
26
25
10
21
10
6
22
21
13
-4
-45
-18
-14
-23
-39
-101
-79
-72
-34
-28
-54
-47
-63
-54
-80
-128
-111
-69
-60
-94
-74
-21
-52
-69
-92
-117
-138
-111
-50
-32
2
-26
-26
-21
-31
-57
-69
-25
-15
8
3
-20
-59
-76
-63
-45
-29
-61
-52
-37
-81
-116
-109
-54
-51
-74
-66
-43
-48
-87
-91
-87
-50
-64
-44
-13
-24
-7
-49
-59
-12
24
34
57
70
48
23
26
74
63
41
86
80
87
114
101
87
56
19
37
79
66
50
2
-6
29
39
36
59
84
76
48
59
54
20
57
45
61
85
86
111
63
21
41
70
54
48
76
57
11
24
10
7
25
18
31
59
120
101
73
68
58
71
44
62
96
80
59
42
31
21
29
52
35
27
35
13
-29
-48
-41
-31
-15
-16
-6
-19
-44
-85
-117
-118
-122
-72
-66
-57
-7
-39
-47
-70
-82
-76
-120
-80
-67
-74
-110
-138
-92
-110
-105
-111
-124
-63
-39
-43
-65
-81
-44
-61
-114
-123
-105
-56
-32
-73
-90
-73
-88
-72
-43
-28
-43
-91
-76
-53
-13
9
-28
-18
12
14
5
-9
-35
-50
-3
64
85
80
53
37
40
12
-2
29
32
35
60
63
77
54
13
31
45
59
48
77
104
79
94
72
56
81
89
79
82
80
99
116
85
95
104
125
139
107
95
96
89
64
53
45
83
77
60
101
96
66
38
5
-4
9
-9
10
28
1
-9
-29
-23
-10
-6
4
-3
-12
-40
-59
-49
-46
-25
-6
-7
-17
-24
-56
-79
-45
-40
-14
15
-8
-22
-31
-53
-65
-72
-64
-33
-14
-6
-14
-7
-26
-54
-54
-51
-36
-25
-40
-57
-35
-63
-101
-137
-119
-98
-112
-112
-118
-94
-93
-69
-91
-98
-97
-118
-99
-88
-65
-78
-45
-11
-13
-19
-11
50
20
-8
29
29
31
30
27
-3
-11
10
-6
4
3
-1
-3
-15
-1
6
9
6
-11
-3
25
35
33
55
62
75
78
45
39
56
98
64
66
111
120
110
66
54
40
75
47
45
109
89
100
92
84
88
68
72
68
54
54
47
44
58
68
65
38
26
29
32
15
0
-24
-29
3
17
22
-8
0
-10
-16
6
1
13
-33
-48
-39
-39
-13
-15
-26
-15
-15
-16
-16
-33
-3
-23
-56
-76
-35
7
-37
-55
-50
-52
-62
-36
-32
-28
-49
-60
-75
-78
-57
-31
-1
-32
-17
-38
-34
-4
-7
3
-8
-10
11
-3
-16
-2
-7
-6
-40
-44
-38
-35
-62
-73
-52
-76
-60
-40
-44
-81
-66
-48
-63
-60
-76
-103
-89
-40
-35
-4
10
0
22
35
25
20
47
41
41
42
40
66
74
68
42
24
2
-13
-3
28
52
27
5
10
7
-37
-35
9
3
-1
10
13
22
31
53
60
28
24
59
69
73
78
73
91
104
114
107
63
40
49
59
45
40
48
52
47
26
17
1
-26
-17
8
1
-3
27
38
35
-3
-21
-3
8
25
17
28
15
22
31
28
40
6
-1
28
55
20
10
42
50
14
-45
-71
-64
-42
-18
-13
-13
-11
-25
-23
-45
-53
-80
-95
-89
-77
-65
-110
-89
-83
-111
-116
-97
-65
-72
-82
-66
-55
-58
-75
-75
-56
-51
-45
-47
-10
-14
-16
-3
-19
7
0
-8
1
-6
-10
-23
-45
-26
-16
-18
-3
3
3
10
25
19
3
-20
-7
3
-3
21
25
16
10
-2
13
23
5
28
53
63
55
51
69
82
82
83
95
104
65
33
52
61
58
49
63
62
28
-14
-7
2
-6
-6
-14
10
29
19
-9
19
35
3
10
29
42
26
-8
-24
-4
14
-4
17
39
-4
-10
-3
32
38
24
25
9
31
5
-3
26
22
26
25
10
18
35
27
26
12
-19
-7
-15
-29
-37
-23
-13
-57
-76
-54
-9
-17
-48
-43
-16
2
-31
-55
-22
-46
-45
-40
-60
-51
-107
-84
-30
-25
-51
-55
-28
-34
-60
-53
0
-4
-25
-30
-10
-13
-16
-13
-44
-35
-3
-19
-21
19
1
-29
-3
20
10
8
48
64
29
22
28
37
60
43
65
61
13
8
24
26
22
28
-1
-9
-5
-8
12
25
32
25
3
-5
-6
-24
-3
16
5
-22
0
6
-33
-26
-25
-10
-13
-10
1
-8
7
15
2
-4
-32
-33
-13
-4
-11
-17
-4
5
20
0
28
36
2
0
19
46
53
48
11
6
39
54
54
57
54
32
12
9
-7
-30
-31
-47
-56
-24
-35
-8
18
-9
9
12
-7
-22
-15
-9
-22
6
29
20
10
20
38
39
51
30
45
81
86
63
36
64
32
8
-18
-14
-2
-9
-13
-32
2
-16
-56
-74
-46
-49
-42
-12
8
41
9
10
4
-12
6
-14
-42
-53
-32
-6
-13
-42
-40
-16
-57
-78
-51
-39
-51
-76
-67
-20
-14
-38
-53
-42
-16
-44
-26
15
20
22
10
-6
1
-9
-22
14
5
1
14
6
16
23
-5
-9
0
-1
14
7
13
-1
-24
-38
-49
-27
-10
2
-3
13
16
11
9
-10
28
31
-12
-15
-1
-17
-12
18
4
18
67
75
36
4
19
10
16
38
13
25
29
45
24
1
2
19
49
30
28
18
32
28
31
21
-2
-2
-3
33
62
69
63
61
33
26
45
48
30
18
22
13
5
-1
-1
-9
-3
-6
-12
9
10
7
10
10
34
18
2
19
7
19
-16
-43
-18
-32
-11
-20
-31
-8
-22
-25
-39
-38
-13
-35
-40
-38
-48
-20
-10
-50
-60
-54
-44
-24
-32
-8
-26
-69
-64
-42
-19
-54
-66
-40
-29
-40
-70
-83
-84
-62
-34
-49
-56
-56
-55
-2
3
-15
-6
10
33
38
25
22
11
-20
-17
-12
-4
-9
-1
3
8
29
31
39
58
36
15
32
25
42
37
3
-8
16
16
17
60
71
79
48
43
45
22
29
16
37
15
-10
-6
-15
10
16
39
54
23
42
57
50
73
66
80
76
46
43
17
-2
-22
-34
2
13
-5
12
7
-1
12
12
20
12
27
67
22
-27
-19
-25
-14
-14
4
-3
-40
-41
-21
-30
-33
7
-12
-29
-24
-22
-40
-29
-18
-9
10
-20
-19
-8
-19
-35
-8
19
-9
-13
-13
-40
-38
-26
-49
-60
-42
-19
-18
-26
-22
-18
6
1
-3
-20
-46
-15
-28
-36
-6
1
1
-13
-18
-11
-11
-22
8
32
27
-10
-40
-45
-63
-51
-58
-36
-20
-27
-34
-34
-29
-38
2
35
53
34
43
38
29
25
26
39
-1
2
9
19
28
3
-18
-13
-4
11
5
2
2
-1
11
20
34
23
38
58
57
31
26
36
27
21
39
63
61
44
29
16
-20
-23
-20
20
24
13
22
1
6
-19
-4
-16
-25
-9
-2
19
27
32
32
31
30
37
54
57
41
45
26
22
-4
-12
-19
-34
6
4
5
-12
-24
-24
-6
-17
-25
-22
-50
-29
-21
3
7
13
31
51
42
35
31
15
38
-7
-20
-26
-21
-6
-5
-25
-54
-50
-67
-19
-17
-45
-47
-62
-49
-35
-4
-10
-57
-56
-50
-62
-51
-38
-15
17
3
-9
6
-2
-3
-12
-19
-6
-28
-46
-34
-31
-57
-56
-41
-52
-37
-24
-16
-31
-38
-10
4
-13
-34
-46
-56
-28
-7
20
25
14
35
49
42
25
-3
10
15
-3
26
28
25
24
41
47
58
70
75
101
102
124
109
83
65
45
32
10
6
14
9
5
9
5
8
15
47
31
8
30
15
6
4
13
0
1
16
12
12
8
17
31
33
24
34
18
19
2
-23
4
6
10
13
36
50
49
24
17
13
-30
-19
-15
-27
-44
-54
-41
-38
-48
-60
-26
4
-19
-14
-28
-58
-41
-26
-35
-63
-79
-99
-113
-105
-82
-75
-76
-57
-37
-15
-15
-10
-25
-20
-22
-26
15
-12
-25
10
-6
-36
-36
-13
13
3
-1
-3
3
29
30
31
52
55
24
10
0
-1
2
13
24
-3
3
12
3
-7
-18
-5
-22
-39
-31
-30
-27
-11
-9
2
11
17
40
57
58
27
-15
1
27
-7
3
42
48
51
57
57
47
78
96
50
26
53
37
11
9
12
29
17
-3
-20
-21
-18
-16
2
16
26
27
5
29
38
-1
6
7
13
11
7
-5
0
7
-12
-4
9
31
19
0
25
29
-5
10
14
19
6
-3
19
9
9
-9
0
-6
-19
-46
-41
-24
-34
-10
-30
-20
-25
-43
-31
-22
-8
-8
-44
-51
-38
-40
-26
-50
-46
-59
-73
-43
-45
-64
-65
-49
-66
-29
2
22
20
-8
16
9
5
10
7
12
10
16
0
-20
-40
-36
10
2
6
15
7
-7
1
-2
-19
15
11
13
-3
10
36
20
20
36
43
1
-19
-11
7
4
22
36
50
56
28
3
0
18
1
-32
-19
12
-24
-32
-12
-12
-53
-55
-18
10
25
12
32
32
36
14
4
2
-11
-16
-9
16
12
14
25
18
22
54
44
15
14
39
47
56
64
63
38
6
26
20
28
35
22
22
7
3
-14
-17
9
7
6
0
7
2
-14
-11
15
18
5
20
7
0
-2
-4
-6
6
3
-19
-16
-16
-38
-24
-36
-68
-24
-16
4
-8
-18
-18
-47
-28
-34
-20
-30
-22
-19
-59
-79
-45
1
-9
-35
-55
-41
-16
5
-34
-23
-10
-28
-31
-37
-21
-31
-27
-25
5
6
-11
-9
-18
-22
-40
-41
-30
-33
-32
3
23
40
34
22
22
25
23
18
33
29
28
4
-33
-26
-11
-21
-19
7
26
19
19
33
42
18
3
7
27
49
8
23
48
50
44
22
29
29
19
23
18
3
0
11
30
15
7
-1
0
10
21
40
34
19
39
47
22
25
19
9
4
26
34
48
50
45
34
-2
17
1
-24
-16
35
34
13
5
7
11
-40
-19
-16
-30
-18
-4
0
19
13
-31
-32
-19
-16
-43
-26
-2
4
8
-4
-15
-25
-50
-65
-32
-16
-45
-73
-54
-42
-57
-51
-60
-59
-88
-96
-37
-25
-46
-63
-46
-30
-61
-61
-41
-24
-4
-7
1
23
12
-10
-22
-5
-3
-12
-5
-13
18
28
34
26
38
34
-10
7
6
33
49
34
29
21
28
50
27
9
38
17
32
42
31
46
40
3
-1
19
18
39
57
59
75
58
41
44
9
28
51
57
21
2
15
23
25
-10
12
-11
-22
-21
-22
16
10
2
0
16
12
-32
-59
-65
-57
-48
-48
-28
-26
-31
-33
-46
-19
-23
-25
-18
-22
18
22
0
-23
-22
-15
-35
-14
21
52
26
3
12
-2
9
-15
-25
-18
-19
3
-9
-5
28
22
0
3
8
-6
-2
25
21
-16
-22
-4
-7
9
25
31
32
28
31
16
58
57
23
4
-17
-5
-19
-16
-17
-10
-11
-26
-13
-22
-36
-28
-23
-1
9
-12
-20
-24
-15
-20
-19
-35
-48
-18
-24
-18
-6
-16
-14
-33
-34
-13
5
-4
-22
-18
-8
6
0
7
20
21
1
-3
9
22
37
44
41
0
17
-2
-19
-5
-2
17
41
26
-23
10
34
36
8
9
33
-1
-34
-16
46
43
10
-10
0
23
27
25
3
-4
-7
-3
-1
-7
14
23
0
8
27
18
3
-15
-9
-4
-26
-25
-12
-28
-18
23
25
28
25
7
34
41
44
52
29
4
-26
0
44
31
20
8
-12
-25
-22
4
-10
-12
-31
-31
-20
-28
-23
-42
-55
-54
-38
-41
-14
2
-1
-9
6
9
-18
-3
1
-10
-16
7
-4
-9
-7
-22
-16
-21
-23
0
7
0
-7
-16
-3
17
29
10
11
-6
-15
-13
-6
37
31
17
20
36
20
-14
-11
7
25
14
8
20
16
9
15
15
25
41
34
12
-12
-4
-8
-17
-15
-6
-5
-12
-3
-19
-29
-52
-64
-47
-38
-61
-60
-45
-38
-44
-57
1
-2
-20
-15
-2
20
19
-3
6
31
8
23
42
25
16
12
-15
16
26
-4
-16
-12
-7
2
47
23
0
0
25
45
44
57
24
10
27
25
42
53
42
49
51
62
35
33
40
29
31
31
35
1
-6
-9
-22
-9
-13
-27
-11
0
-19
-24
-19
-12
3
-20
-26
-14
-41
-34
-24
-25
-28
-33
-18
-40
-64
-28
-2
9
31
12
-18
-17
0
17
29
29
14
-12
-16
-5
15
22
-16
-42
-36
-16
-35
-37
-41
-19
5
-15
14
-31
-62
-44
-43
-12
-16
-23
-15
-23
-25
-26
-13
15
-2
-39
-37
-20
-25
24
54
55
51
25
4
-23
-16
-6
14
6
7
-1
-16
-4
10
32
54
52
32
32
23
44
76
101
81
40
26
3
3
-13
-56
-41
2
20
23
10
-2
-32
-18
17
53
53
36
1
-6
17
12
41
18
11
-9
-20
9
33
49
16
23
4
-25
-81
-107
-57
-32
10
-2
-28
-31
-59
-67
-34
7
-2
-29
-66
-74
-39
-3
10
-34
-35
-20
-8
3
37
92
46
4
8
37
38
-12
16
34
35
47
54
56
-13
-41
-15
38
92
74
50
24
-1
13
20
18
34
23
-3
4
6
-18
-32
-38
-29
-14
-50
-79
-80
-112
-102
-38
23
2
-45
-81
-81
-70
-72
-4
31
30
-2
-29
-22
-4
15
1
3
-10
-10
-6
-7
17
53
66
16
-3
5
-16
-8
23
59
65
22
-15
-24
0
22
37
19
10
3
-18
-3
22
38
33
10
-19
-16
-6
29
34
20
15
-22
-28
-4
10
19
32
18
35
9
10
57
47
62
25
-10
-19
-23
-26
-20
14
3
-30
-58
-57
-73
-92
-60
-66
-53
-50
-47
-13
2
49
56
66
54
42
54
33
28
43
61
30
23
41
19
4
9
19
-6
-35
-8
-2
-22
-25
-8
-15
-18
-19
-17
10
9
37
40
32
44
60
28
13
25
-11
0
2
31
25
-10
-22
-71
-69
-32
3
19
42
8
-64
-105
-79
-51
-38
33
19
-32
-82
-104
-50
-7
2
-3
-26
-24
-28
-57
-29
-25
-28
-12
-22
-4
-5
-22
-29
-5
33
40
-1
-46
-28
-5
29
21
45
69
13
-43
-47
44
60
34
8
39
70
50
24
16
93
107
61
16
5
1
6
12
30
38
30
11
0
19
-11
-4
-6
9
16
-22
-57
-78
-25
9
9
-40
-68
-61
-57
-8
-26
-58
-50
25
25
-67
-57
-29
-25
-24
50
90
55
-1
24
132
112
59
13
9
38
-3
10
31
-21
4
37
34
-10
-47
10
20
16
1
-15
4
-10
-58
-44
12
-23
-34
14
51
31
-10
-5
18
46
25
12
-1
-12
-3
-2
52
25
-19
28
4
-41
-32
16
7
-66
-41
38
12
-65
-71
-35
9
-28
-69
-65
-44
13
3
-7
-2
-1
30
1
-17
0
-13
16
20
1
-7
-43
-44
-38
-24
-18
-65
-58
-48
-47
-33
-24
-22
-32
2
-1
-3
-9
-31
-14
10
20
30
34
13
15
32
61
72
31
-16
7
10
15
35
-33
-51
-48
-35
4
9
26
1
-3
11
11
16
-14
15
48
67
64
33
34
40
63
67
65
62
81
69
45
51
22
-14
4
23
6
-2
-5
22
54
58
20
35
31
-29
2
51
44
-4
-3
30
50
9
0
-13
-35
-16
-22
4
-13
-42
-42
-24
15
6
-43
-77
-76
-62
-55
-54
-75
-83
-86
-86
-58
-65
-46
-7
-10
4
2
7
1
-13
-7
-20
-14
-6
0
10
-10
-32
-36
-42
-16
0
-7
2
-7
-1
16
15
-22
-43
-37
-10
19
-13
-17
-6
-28
-19
-1
4
-17
-25
-9
-41
-24
0
-14
-8
-2
22
-10
4
4
-6
16
18
52
44
57
25
22
43
34
53
35
50
53
24
29
35
47
42
32
51
50
51
57
64
67
34
19
19
41
27
15
33
44
64
41
6
-7
-1
3
23
16
-1
5
-15
10
6
2
6
1
4
-7
0
-5
2
-4
-25
-33
-47
-35
-35
-32
-42
-61
-48
-23
-11
-44
-66
-91
-87
-48
-28
0
-5
-18
-11
-17
-14
-28
-24
-13
-12
19
-10
-13
-10
-30
-30
-19
-5
-54
-84
-53
-45
-45
-37
-40
-25
-51
-69
-69
-38
3
6
11
-6
3
3
10
20
17
29
30
29
44
52
29
13
19
47
26
32
50
22
38
35
66
52
43
38
15
42
35
70
66
63
64
60
75
57
32
29
52
41
11
-2
19
-10
-29
2
-4
0
-13
-48
-45
-27
-9
-23
-21
-19
-34
-32
-22
32
22
5
-12
-70
-60
-51
0
-10
-29
1
1
8
0
-10
-23
0
-1
-22
-25
-11
-12
0
24
6
0
-13
-2
-22
-45
-36
-10
-15
-41
-38
-47
-54
-54
-19
-7
-6
14
-4
-16
19
32
4
-16
-1
11
15
8
0
9
19
30
29
31
6
23
47
16
18
3
7
6
-8
1
23
21
3
0
13
16
-6
32
35
29
51
38
29
12
10
32
19
27
7
-16
-30
-57
-23
-29
-20
-19
-38
-29
-49
-45
-25
4
5
7
-25
-57
-35
-27
-20
-8
4
-6
-21
-31
4
2
10
21
-22
0
-6
-22
1
23
26
24
42
43
35
9
0
25
53
51
29
38
28
-11
-2
3
-11
-4
-22
-15
-1
-4
-12
-21
-7
-9
3
-6
-6
-26
-51
-25
-9
7
-6
-16
-13
-20
-13
8
22
19
8
25
36
20
38
30
19
13
3
14
25
49
32
31
54
33
-5
2
25
9
-1
-3
5
-9
-15
-13
-13
-18
-25
-26
-23
-34
-53
-31
-3
3
-32
-40
-17
-11
-44
-42
-13
-17
-26
-31
-17
-27
-26
-28
-10
-2
-13
-30
-23
16
-2
1
8
16
7
-19
-13
10
4
-1
7
9
12
-5
14
14
8
17
23
47
57
25
21
34
39
40
29
37
18
12
-4
10
16
4
11
3
16
-10
-11
-7
-16
-10
-16
12
10
-3
4
-6
-18
-43
-25
-29
-9
12
13
34
21
15
2
26
6
-9
-15
-17
13
-8
-2
-7
-16
-26
-55
-32
14
3
-20
-25
1
1
-12
-13
-23
-6
-16
-19
-1
18
15
1
9
15
-2
-23
-10
-1
7
5
3
-3
-4
-16
-33
-14
-1
2
-2
-9
-21
-4
9
10
6
2
6
16
32
20
47
41
6
-11
-13
-5
3
17
39
44
25
20
-9
-13
5
20
23
32
21
4
-5
-22
-6
8
34
21
16
7
10
20
10
-3
-30
-9
-11
-11
-15
-13
-24
-17
-21
-21
-25
-51
-24
-30
-16
-35
-32
3
-12
-48
-55
-25
-40
-22
1
-3
11
9
-4
10
29
27
2
-22
-3
5
-3
6
3
-11
12
36
8
12
29
10
22
30
35
35
5
13
8
1
4
12
25
11
-7
5
20
1
-21
-21
19
7
-27
-31
-19
-31
-37
-11
-15
-6
4
-6
-3
16
15
9
6
-9
-3
7
31
46
53
40
3
3
-6
-5
11
29
37
0
-11
2
11
3
12
22
18
3
-14
-12
-22
8
7
14
20
-1
-7
-14
-1
-16
-15
-22
-34
-38
-25
-31
-49
-40
-48
-33
-27
-26
-44
-29
-11
-48
-49
-23
-41
-44
-12
-3
-1
26
19
-9
10
15
56
67
44
49
38
29
28
44
48
35
28
0
3
38
39
41
51
38
5
12
22
39
12
5
-1
-22
-7
-16
-20
-33
13
-3
-26
-27
-49
-39
-26
-16
-32
-24
-34
-32
-23
-48
-36
-31
-41
-29
-50
-38
-15
-13
-3
-3
9
16
25
27
27
35
42
20
9
37
22
7
32
35
22
35
31
27
9
32
66
23
6
-2
-21
-14
7
-5
-9
-14
-49
-47
-32
-15
-3
-7
-25
-32
-31
-19
-16
6
47
42
20
-6
-20
-13
-4
7
22
24
16
-4
-10
-5
-28
-40
-32
-34
-31
-4
-15
-17
19
6
9
12
16
24
17
31
16
27
34
29
30
24
16
-12
-4
-7
3
12
6
4
-3
-21
-45
-26
7
13
-8
6
6
-2
2
17
13
-12
-22
-33
-10
3
45
63
21
-7
6
7
8
13
4
29
15
-5
-25
0
0
-21
-11
-32
-31
-35
-39
-52
-45
-43
-33
-10
-11
-13
-29
-9
-8
-28
-38
-24
3
-17
-15
-7
-10
-2
-4
1
-4
-22
-1
10
22
16
10
35
16
13
22
37
43
49
37
31
32
26
22
24
35
25
38
-6
-5
17
9
11
26
30
7
3
0
16
-12
10
9
-1
-9
-38
-13
3
-6
-5
22
-19
-49
-40
6
8
14
11
-10
-13
-45
-35
-16
28
15
19
22
-22
-10
-5
7
4
6
6
-9
-2
12
0
-7
16
6
-6
-5
7
-2
20
47
0
-12
-17
-3
1
16
28
6
-22
-48
-30
-28
-1
-6
-18
-6
-28
-32
-52
-45
-36
-36
-20
-45
-58
-41
-17
-10
-16
10
2
-21
-45
-46
-16
-15
-4
5
21
10
-7
9
3
22
24
20
39
33
41
21
28
50
37
35
44
93
91
60
42
42
45
36
49
53
53
16
14
9
18
28
10
-15
-43
-35
-29
5
1
2
7
-12
-44
-43
-13
-3
-14
-29
-19
-52
-59
-64
-46
-6
-13
-33
-68
-35
-3
-13
3
13
5
-21
-42
-27
-3
15
7
6
16
-4
17
-3
-6
16
-14
-9
21
44
30
18
16
2
-17
-31
-27
-24
25
34
7
8
0
-4
-9
-6
-9
-1
18
4
-9
6
13
1
-29
-16
-4
-9
23
16
16
10
18
17
22
50
34
25
28
35
15
4
-3
7
14
-8
-13
-1
-4
-13
-9
-10
-10
-37
-48
-45
-17
-5
-16
-7
-16
-4
-19
-39
-28
-31
-45
-44
-47
-2
17
14
18
-12
20
24
10
4
3
7
-11
-21
-5
17
8
1
6
41
34
4
12
11
22
34
35
28
10
13
12
20
25
26
22
5
7
13
12
-6
2
3
0
-10
-11
-1
-22
-25
-8
-17
-35
-31
-44
-49
-16
-3
-16
-7
-7
0
5
4
5
10
38
31
9
32
70
50
32
38
38
22
10
17
2
-10
-1
-25
-43
-8
-9
-20
-9
-23
-51
-60
-27
-7
-7
12
-12
-53
-54
-28
-26
-3
16
5
-23
-60
-34
-12
-4
-10
-23
-27
-32
-41
-13
38
40
7
-12
-12
-16
21
28
37
21
15
28
14
64
71
59
51
34
24
14
10
22
45
34
18
5
12
10
4
-9
-10
-9
-35
-41
-37
-38
-22
-19
-23
-19
-35
-33
-5
-9
-16
4
-24
-48
-45
-18
4
-28
-27
-6
10
3
0
31
49
21
28
16
7
31
4
15
20
19
10
16
45
31
35
44
31
27
22
13
36
40
36
9
-3
-11
-13
41
26
13
-6
-40
-28
-35
-26
-25
-30
-17
-28
-42
-55
-56
-62
-62
-30
-30
-25
-42
-63
-41
-25
-26
-14
9
20
20
-13
7
27
19
16
5
19
7
4
-2
-1
13
-2
1
7
16
28
20
2
7
9
12
23
18
32
14
20
23
7
-13
-45
-23
-13
4
-9
10
-3
-7
17
13
7
23
34
1
15
3
12
0
19
35
15
16
3
1
-4
9
-11
-24
-9
-13
-9
-7
-7
34
2
-29
-31
-29
-16
-17
13
3
-3
-23
-43
0
32
26
29
24
29
4
0
16
-5
9
2
-20
-24
-3
-16
-24
-6
-20
-11
7
-2
-30
2
18
32
32
-10
4
-16
-11
7
-2
2
-12
-32
-25
-6
-12
-4
2
12
7
-10
-15
-22
-4
1
-8
-6
-19
-21
-22
-21
0
-14
-30
-24
-29
-29
-4
23
11
-10
-6
17
18
-5
16
22
19
44
38
56
98
83
47
41
43
22
33
32
10
23
10
15
22
0
19
-12
-25
4
-17
-20
-37
-24
-19
-25
-12
-22
-29
-37
-2
12
-3
5
7
-14
-9
-29
-22
-7
-16
-22
-29
-17
-40
-21
-19
-19
-28
-25
-42
-41
-6
-10
8
-10
-25
-15
2
-4
7
13
2
11
-5
1
0
10
21
11
6
25
37
8
24
43
29
6
-1
20
26
18
6
25
17
-6
-15
-28
-16
-11
9
10
-7
20
24
22
10
10
35
43
35
23
38
5
8
9
-1
12
2
24
-26
-44
-32
-32
-33
-25
-12
-33
-32
-31
-36
-47
-36
-37
-25
-13
-11
-9
-6
4
-4
13
13
9
13
3
1
6
0
-3
18
25
24
23
9
-7
-9
16
18
-2
3
9
8
0
-1
-1
-5
3
16
26
25
44
38
28
34
25
25
27
42
20
10
12
-3
-10
-28
-30
-47
-34
-25
-39
-45
-46
-33
-25
-19
-22
-9
13
-20
-34
-20
-17
-13
-7
16
16
10
4
-16
-12
-18
-49
-24
0
3
-6
-24
-7
-8
-1
-9
-4
19
13
18
26
23
28
25
7
11
38
47
24
17
8
12
25
6
18
17
22
0
-16
13
15
18
-3
4
-23
-53
-27
-23
-10
12
-11
-41
-25
-6
-9
-11
2
-12
-9
-4
-10
-7
10
13
3
38
38
16
4
-1
22
58
53
19
25
36
12
-12
-18
-7
-6
-4
2
0
35
-3
-10
-4
-19
-30
-53
-8
-25
-21
7
2
13
26
18
6
-2
-11
-26
-22
-10
0
14
-3
-5
-12
-13
5
13
4
-14
2
-3
-7
-12
-6
1
-13
-10
-6
21
31
9
-15
1
7
-25
-21
-24
-27
-25
-24
-26
-50
-39
-56
-66
-31
-37
-28
-25
-32
-12
6
-12
-32
-10
20
23
27
25
32
44
35
48
64
85
54
25
39
41
45
37
25
16
11
-4
15
34
26
-1
-10
-2
12
27
-2
8
31
58
29
0
30
25
6
-10
7
20
-21
-27
-21
-19
3
-26
-25
-23
-23
-2
-23
-35
-32
-33
-40
-38
-16
-6
-19
-41
-13
16
0
0
-10
6
12
1
-6
-9
10
-11
-35
0
3
-17
-10
-16
2
6
-23
-34
-10
16
19
-19
-25
10
7
-20
-19
15
9
12
-1
3
16
22
45
41
59
35
-9
20
56
40
23
1
-7
-11
-16
13
25
-2
-31
-37
-20
-12
-28
-29
-11
-7
-26
-31
-22
-21
-12
-15
-18
4
-4
9
-24
-44
1
-11
-23
-42
-31
-7
-5
1
-4
-19
-9
14
22
9
13
32
12
29
47
44
52
40
44
50
41
51
41
39
22
8
13
-4
22
3
-13
9
0
16
46
41
19
26
29
15
18
19
-16
-18
-5
-16
-44
-50
-42
