-6
-1
-7
-9
-8
-13
-28
-32
-14
-34
-25
-11
-2
-5
-10
-3
-4
8
8
10
29
41
35
30
31
41
35
32
30
32
41
36
12
3
10
-6
-1
-7
-18
-28
-33
-27
-27
-24
-32
-15
-20
-19
-15
-10
5
-13
-14
-15
-17
-17
-17
-8
12
15
13
26
20
32
27
22
38
28
25
28
28
31
25
6
1
10
12
4
1
-13
-8
-14
-23
-29
-32
-20
-19
-14
-6
6
3
6
-2
-6
10
5
0
0
-1
-9
-19
-23
-2
0
-14
-20
-12
-6
-22
-22
-16
-21
-33
-38
-38
-32
-29
-22
-9
-4
-5
0
13
3
17
9
12
22
14
37
15
14
20
9
3
11
18
17
29
16
15
14
25
29
25
25
15
13
26
23
19
35
25
27
30
31
9
0
17
5
-3
2
-3
-20
-9
-5
-12
0
-3
-9
-21
-29
-21
-16
-30
-48
-39
-41
-39
-20
-21
-42
-66
-37
-13
-11
-6
-3
-7
-13
-7
-13
-20
-19
-2
-6
-12
-13
-6
-13
-12
-6
-12
8
20
14
16
19
17
35
34
32
38
39
44
44
42
46
37
29
32
20
20
14
3
6
12
13
13
14
17
12
-9
-12
-5
-21
-38
-34
-35
-22
-22
-34
-31
-35
-35
-37
-12
-2
-8
-16
-6
8
0
-3
-10
3
0
9
14
15
22
22
19
19
36
27
22
10
13
11
-7
-2
0
-1
0
2
-4
-3
-10
-8
-16
-22
-26
-32
-20
-6
11
7
13
5
-6
6
7
13
9
13
-13
-34
-35
-36
-25
-32
-35
-28
-23
-31
-23
-5
-5
-18
-27
-30
-31
-14
5
4
6
6
9
31
51
70
55
50
41
24
43
41
45
31
22
1
-23
-7
-3
-6
-19
-2
0
0
-1
-6
9
1
6
18
51
42
14
18
-4
3
14
13
4
-11
-15
-15
0
2
-10
-29
-14
-6
-14
-19
-47
-59
-40
-10
-19
-19
-18
-32
-40
-13
19
11
26
14
4
17
42
29
-3
-35
-54
-23
-3
29
35
9
-10
-3
2
11
16
-4
-25
-29
-13
-15
-26
-32
-22
-3
-7
-3
14
-2
-18
-3
12
20
23
13
-2
-16
-20
-19
-19
-16
-1
21
42
46
25
13
15
22
43
66
30
0
-19
-15
3
6
6
-28
-30
-6
26
35
35
15
-4
0
7
26
17
-2
-19
1
14
16
28
20
-4
6
32
52
44
12
12
10
15
12
-7
-39
-67
-47
-26
-21
-27
-47
-79
-76
-45
-15
13
9
-9
-13
-13
-16
-16
-21
-31
-22
-21
-23
-29
-26
-13
2
38
54
23
-6
0
-7
7
7
-4
5
2
-8
-12
1
-3
-10
-9
-8
6
12
1
-19
-15
9
20
52
60
42
28
21
51
79
76
62
58
44
31
43
42
14
-7
-12
-17
-5
0
-15
-28
-48
-40
-22
-18
-32
-64
-57
-42
-18
7
0
-3
-10
-12
9
7
-6
-7
-23
-44
-31
-31
-51
-64
-54
-38
-20
6
-6
-4
1
-6
3
16
26
15
19
19
13
24
32
49
43
34
40
46
31
12
16
-3
0
10
8
16
-1
-4
7
13
9
-3
-4
9
12
0
8
4
-3
3
5
16
8
-1
1
1
6
5
2
10
4
-23
-25
-32
-34
-34
-28
-31
-38
-23
-15
-21
-31
-19
-18
-24
-15
-9
-3
-3
7
11
16
21
24
24
17
11
-2
-7
-15
-14
-3
0
-2
1
-15
-13
9
0
7
1
-2
1
-9
-8
3
6
3
20
31
20
-2
19
23
12
16
14
8
16
12
0
10
3
-1
1
0
-7
-13
-18
-10
-2
-4
1
22
21
13
19
26
37
14
20
11
-2
-1
-5
-9
-13
-4
-7
-21
-28
-26
-27
-14
-16
-13
-23
-9
-14
-22
-16
-23
4
-4
-7
4
13
6
-2
16
23
15
2
1
3
-4
-13
-6
-6
-9
-7
-2
-1
-6
-1
-9
-3
6
-8
-9
-13
-7
-7
-16
-1
8
10
0
7
16
19
3
-13
-4
-2
2
-3
10
18
16
15
16
32
23
17
37
29
18
19
12
17
19
23
28
22
14
9
12
16
18
6
-3
-2
-19
-27
-36
-35
-31
-26
-29
-26
-39
-53
-41
-46
-46
-52
-38
-34
-43
-38
-28
-27
-25
-2
6
4
2
9
7
16
31
38
41
44
42
39
54
45
40
49
41
32
35
29
19
-1
-5
3
-6
-9
-9
-3
-14
-27
-17
-16
-30
-41
-49
-47
-48
-43
-34
-19
-16
-12
16
26
33
28
22
23
13
12
15
26
25
18
8
-3
4
-3
6
8
0
-3
-10
-2
1
4
-3
11
22
10
10
10
13
13
16
15
13
-3
2
-3
-18
-11
-15
0
-2
-10
-4
-19
-11
-20
-22
-1
-30
-31
-14
-23
-21
-3
0
-10
6
0
-2
-3
2
4
-7
-6
-21
-19
-12
-8
-2
20
14
13
22
-2
-4
2
0
2
2
-4
6
10
14
13
6
23
16
9
32
18
10
7
7
12
8
6
-14
0
11
-1
-4
-12
-19
-28
-36
-44
-35
-19
-19
-13
-2
22
23
27
38
28
38
32
37
37
13
4
-6
-8
-21
-13
-4
-3
-15
-22
-29
-38
-25
-28
-28
-34
-33
-29
-18
-19
-15
5
3
8
-2
3
7
15
16
6
22
32
34
23
32
31
29
25
19
13
10
6
11
20
21
25
15
31
30
10
15
17
5
3
-7
-18
-21
-7
-4
-10
3
-7
-4
-6
-15
-23
-35
-37
-28
-38
-52
-48
-48
-54
-59
-43
-19
-19
-25
-16
-16
-5
-14
-14
1
0
19
7
10
20
21
22
27
38
25
19
15
10
6
12
20
11
11
19
19
30
27
16
24
22
15
16
4
0
8
6
5
-8
-4
-9
-13
-13
-10
-16
-11
-1
-23
-30
-45
-26
-7
0
6
5
15
12
17
15
23
24
25
33
29
26
28
16
32
47
24
10
3
5
-4
-7
-7
-16
-40
-46
-35
-47
-50
-50
-40
-40
-37
-28
-32
-25
-18
-9
0
0
18
9
12
13
6
31
15
21
8
-3
3
-4
-5
-16
-8
-7
-1
-16
-25
-6
-16
-13
-3
5
1
-6
3
3
7
7
5
20
26
38
35
36
33
23
32
24
13
12
13
3
-2
-2
8
9
5
-2
-1
-3
-12
-6
-12
-15
-27
-19
-13
-13
-9
-30
-19
-19
-25
-14
-6
-21
-25
-18
-17
-16
-10
1
-6
10
9
22
41
30
44
47
39
38
37
42
35
25
9
-4
1
-4
-6
-12
-6
7
12
-13
-19
-15
-31
-20
-25
-19
-15
-6
7
2
4
-1
-6
-5
0
-12
-19
-8
-6
-12
-4
-12
-26
-28
-23
-14
-25
-23
-25
-18
-4
-18
-15
-1
-10
-12
0
8
9
6
14
26
31
22
23
21
35
38
22
22
13
16
9
7
11
10
10
19
22
23
15
6
1
-4
-1
-8
4
4
6
7
0
-3
-5
-16
-22
-19
-31
-27
-24
-17
-25
-34
-16
-19
-31
-32
-18
4
-10
-16
-3
10
0
6
19
20
37
29
38
36
22
21
25
35
47
26
14
4
-14
-8
-32
-22
-25
-33
-41
-23
-10
-22
-1
-5
-20
-15
-4
-4
-4
-11
0
10
16
26
16
22
23
11
3
6
4
7
8
-10
-12
-15
-19
-17
-10
-6
-14
-23
-16
-20
-26
-7
-1
-5
-18
-11
6
2
2
-1
-4
1
3
4
7
12
6
2
-1
9
24
21
31
33
29
27
16
8
6
9
7
16
16
9
28
35
34
22
10
22
16
22
9
3
-2
-9
13
0
10
-4
-16
-27
-47
-32
-38
-48
-51
-50
-56
-54
-51
-64
-60
-47
-38
-18
-19
-25
-23
-2
3
-8
18
13
3
17
27
31
35
29
30
32
21
19
24
24
21
38
25
15
3
0
6
1
9
2
15
7
-3
1
-7
-9
-6
-1
4
6
-6
-2
-15
-15
-9
-22
-24
-29
-14
-5
-11
-6
-2
1
0
11
13
5
9
20
32
38
31
32
33
16
23
48
36
15
12
4
-2
-7
-15
-7
-12
-10
-7
-22
-29
-23
-21
-29
-20
-16
-22
-20
-19
-19
-26
-17
-11
-10
-6
-16
0
9
-3
-6
6
3
0
-1
1
3
-6
-8
-5
2
-7
-17
-15
-4
1
-16
-18
-1
0
-9
-3
3
-6
-15
5
9
10
7
8
6
2
-1
-2
26
13
20
16
12
1
-6
7
5
19
-3
10
17
16
28
29
25
13
23
35
41
48
43
19
31
28
21
7
-3
4
-3
-10
-24
-26
-36
-36
-27
-31
-26
-26
-35
-20
-28
-25
-18
-33
-28
-22
-3
-5
9
17
6
14
16
15
17
16
9
1
0
3
0
-10
-21
-31
-27
-28
-44
-41
-44
-40
-39
-39
-28
-33
-25
-8
-16
-3
3
2
22
9
29
42
41
54
37
43
46
35
29
19
27
38
41
37
31
32
28
19
13
16
3
-25
-7
3
-2
6
0
-10
-4
2
-6
-3
-8
-12
-16
-8
-1
-13
-19
-12
-2
-15
-22
-13
-10
-12
-4
2
8
-4
0
-4
-11
-3
-22
-15
-11
-7
-3
-20
-14
-19
-23
-14
-2
12
17
4
-10
1
1
4
14
17
24
9
-1
0
-6
-12
-16
-9
-13
-5
-7
-5
3
-3
-6
-9
9
5
-5
-9
0
-12
-13
19
13
26
19
19
36
21
29
25
35
29
13
21
22
16
0
15
10
-3
-14
-22
-20
-23
-13
-19
-13
-19
-29
-28
-37
-29
-21
-18
-12
-4
6
1
-1
2
-6
-4
-2
4
9
7
11
13
19
-4
-4
16
12
19
22
18
10
6
12
35
37
16
19
21
3
-6
2
6
5
-8
-12
-14
-19
-21
-34
-23
-10
-22
-8
-3
-13
-18
-29
-26
-34
-21
-16
-24
-25
-8
-1
-1
9
-1
3
-13
1
-4
-19
-23
-9
6
-15
6
-18
-8
-19
-13
25
2
18
13
2
7
14
15
21
15
23
51
46
51
42
31
21
28
41
24
14
13
16
-3
0
9
5
-2
-19
-7
-11
4
-6
0
1
-14
-14
-19
-3
-19
-12
-14
6
13
-6
2
1
17
9
5
11
4
-5
-4
7
1
-14
-9
-5
-24
-14
-16
-10
0
-8
1
-3
-3
-12
-19
-15
-22
-19
-22
-29
-13
-24
-40
-22
-13
-22
-35
-18
-2
-9
-9
-9
-3
4
-4
-3
10
10
6
19
24
11
16
11
7
14
19
19
0
9
8
-1
6
2
2
8
3
3
5
10
9
19
15
3
-5
-3
4
7
25
18
14
-3
2
5
13
30
16
23
31
50
38
16
7
1
8
0
-4
8
-6
-7
-3
-25
-25
-29
-7
-15
-35
-24
-29
-16
-36
-41
-17
-23
-2
0
6
25
22
32
34
38
32
38
34
18
1
0
6
-5
0
-10
-23
-25
-26
-35
-37
-24
-29
-38
-37
-28
-23
-27
-20
-22
-18
-17
-16
-7
-15
-12
3
21
-2
-19
3
0
-6
-7
-12
3
-6
-13
-26
-34
-13
-4
-1
12
16
17
13
10
37
27
32
47
54
63
51
60
63
58
44
54
40
27
26
15
5
0
-4
-16
-15
-15
-10
-21
-36
-40
-19
-11
-22
-22
-29
-31
-24
-20
-15
-18
-12
-16
-18
-24
-26
-14
-19
-5
-9
-6
-10
-16
-12
-23
-2
5
8
22
28
27
22
32
32
30
46
54
50
35
35
31
20
10
-5
1
-10
-10
-22
-26
-13
-17
-26
-27
-7
-14
-3
-27
-29
-25
-33
-20
-22
-3
1
-7
-10
-3
-8
3
-1
-6
-8
-28
-28
-19
-6
-13
-9
-3
-7
-11
-13
-11
-4
5
-3
-1
25
20
4
5
3
8
12
15
26
7
10
18
3
18
12
18
33
29
29
17
4
3
13
10
6
8
12
-8
-11
-1
-3
2
5
14
2
-1
7
0
-9
-12
-1
-12
-22
-27
-24
-14
-29
-13
-1
-4
-4
1
13
9
18
21
39
30
17
12
14
23
13
34
44
30
23
16
9
16
4
-8
-6
-12
-1
-16
-28
-16
-5
-13
-11
-8
-30
-16
-19
-21
-35
-37
-31
-43
-41
-34
-22
-29
-23
-26
-19
-16
-7
-6
-22
-38
-48
-28
-41
-29
-29
-11
6
-4
4
-3
0
9
23
18
8
17
39
41
35
43
31
32
34
29
34
32
34
48
50
43
31
18
14
5
6
7
-5
-10
-18
-13
-19
-15
-3
3
15
19
10
2
12
12
18
21
19
16
-3
6
11
6
20
18
7
0
-13
-9
-21
-21
-16
-23
-10
-25
-12
-15
-38
-38
-32
-12
-9
1
-1
-9
-2
-10
-5
-9
-22
-12
-30
-30
-16
-10
-8
-3
0
0
14
11
7
-1
7
13
16
27
29
32
7
4
-1
2
17
10
12
0
1
-12
-6
3
-3
3
-6
-6
-16
-28
-31
-35
-40
-32
-39
-42
-31
-24
-32
-32
-14
-16
-6
0
0
-6
-7
-13
8
9
10
20
24
31
17
40
39
34
25
34
27
14
26
19
23
22
33
29
28
42
48
44
38
31
16
18
8
-1
6
6
-4
3
3
8
2
-18
-28
-23
-1
-6
-15
-23
-25
-27
-28
-19
-18
-4
0
-3
-6
-26
-19
-4
-12
-5
9
-1
-5
-10
-12
-16
-13
-11
-21
-25
-31
-25
-38
-25
-30
-30
-17
-25
-16
-20
-23
-24
-1
-2
-4
0
-3
12
9
21
28
33
42
25
29
31
27
14
3
20
19
22
9
10
19
25
39
16
16
26
22
26
28
12
-4
-9
-15
-1
2
-2
1
-9
-16
-12
-1
-2
-11
-23
-24
-19
-20
-26
-29
-22
-15
-13
-9
-22
-34
-33
-39
-31
-21
-18
-16
-12
-1
3
6
16
14
4
4
12
9
3
-6
-5
17
28
34
30
26
23
22
27
44
39
24
40
41
51
42
37
32
25
19
16
21
7
-1
-16
-14
-3
-7
-28
-13
-26
-38
-31
-28
-15
-21
-27
-26
-18
-30
-28
-40
-39
-48
-45
-12
-25
-19
-17
-16
-17
-16
-11
-12
3
16
13
10
10
-5
6
16
35
26
18
16
-5
18
16
12
23
20
-7
-7
12
7
-3
-6
-7
-9
-2
-2
-4
-13
-13
-5
4
17
12
3
-1
-3
9
22
25
25
25
21
28
42
34
20
-3
2
4
-11
-1
-1
3
-7
-19
-2
-12
-19
-30
-22
0
-10
-13
-15
-17
-2
1
-2
1
-3
-1
1
9
4
4
-17
-32
-12
-19
-20
-37
-48
-48
-41
-25
-8
-9
-13
-4
3
13
18
25
38
34
20
34
34
36
36
40
50
48
45
45
44
18
12
-2
10
19
-12
-4
-16
-17
-12
-25
-15
-22
-18
-16
-14
-21
-28
-33
-43
-35
-37
-26
-24
-14
7
-1
5
13
10
10
10
24
19
-7
-13
-12
-3
3
8
22
11
-6
-6
-5
2
-3
-6
4
-2
0
7
2
1
3
-9
-8
7
-2
-14
-26
-22
-12
-19
-18
-10
-12
-2
-3
-5
10
13
13
13
25
31
28
29
23
19
33
39
37
29
19
15
21
18
8
14
7
9
3
-6
-4
-17
-9
-16
-14
-16
-29
-27
-32
-26
-2
7
7
-7
-17
-13
-12
7
-4
-17
-16
-19
-8
-6
-8
-17
-22
-19
-15
-7
-6
-11
-3
-3
-1
-5
-3
8
4
-2
-2
2
4
-2
-9
4
0
0
4
5
9
0
1
3
15
25
25
21
23
11
15
20
16
20
6
13
16
16
2
-6
-3
-6
6
11
-4
-1
4
-2
3
-4
8
-4
-3
1
-6
-1
-18
-12
12
9
-17
-8
7
-7
-9
6
0
-11
-23
-29
-41
-41
-29
-25
-30
-18
-13
-18
-8
-16
0
-3
9
15
-1
17
14
14
18
26
45
24
13
26
35
44
35
32
16
9
-5
-2
0
-13
-7
-2
7
-12
-15
-15
-13
-12
0
0
-1
6
-3
-3
-6
-3
-6
-9
-3
0
-9
-10
-18
-16
-18
-21
-15
-19
-15
-10
7
23
14
6
13
15
2
-5
8
6
-1
0
4
6
-2
3
7
11
15
6
9
1
-17
-22
-28
-37
-22
-14
-31
-41
-35
-29
-36
-21
-17
-23
-10
3
1
0
6
8
17
32
44
45
38
19
35
41
33
31
32
36
22
30
30
30
28
28
30
29
42
31
15
9
16
20
3
-4
0
-2
-17
-38
-36
-41
-45
-34
-38
-29
-34
-36
-34
-44
-39
-44
-39
-35
-18
-8
0
3
0
11
21
40
35
41
37
28
25
15
20
9
4
-5
-19
-21
-26
-25
-33
-35
-35
-35
-33
-28
-24
-26
-31
-41
-35
-25
0
11
3
10
11
20
13
26
26
8
4
4
-1
-10
13
25
29
19
12
15
9
27
25
16
9
3
8
7
10
9
11
9
21
15
0
6
0
11
12
36
39
22
22
14
17
8
4
16
19
15
1
-5
-10
-25
-16
1
-9
-21
-33
-48
-50
-47
-37
-29
-19
0
-10
-19
-8
-10
-13
10
12
17
10
7
-2
-3
3
-9
-16
-23
-24
-35
-15
-22
-20
-15
-21
-25
-25
7
-4
6
8
1
14
13
26
27
32
39
10
15
19
9
28
22
23
5
9
13
0
6
-1
13
8
7
3
-4
-4
-12
-5
3
4
8
12
12
10
15
15
8
8
28
31
13
9
12
14
-3
-7
-12
-32
-25
-28
-35
-47
-54
-48
-54
-54
-31
-35
-47
-38
-47
-19
-15
-12
13
3
18
16
29
24
24
29
19
26
15
20
13
9
-3
-10
6
-7
-10
-12
0
15
2
-3
-2
-9
-4
-1
1
6
6
16
15
19
35
32
38
43
37
27
21
26
19
18
29
26
9
-1
-2
-8
-16
-21
-12
-6
-11
-7
-9
-14
-13
-21
-25
-28
-1
0
1
15
16
9
-4
-3
-15
-9
-5
0
-7
-25
-27
-12
-23
-39
-24
-27
-16
-16
-26
-20
-22
-19
-29
-20
-16
-12
-1
-1
-8
1
18
7
20
20
10
9
17
32
23
21
20
16
20
20
36
22
20
44
18
23
9
1
3
-19
-3
-25
-18
-19
-36
-36
-44
-23
-18
-14
-10
-4
6
3
4
1
-3
0
10
18
27
22
14
35
44
37
38
18
6
25
14
2
-5
-12
-16
-19
-19
-35
-42
-30
-31
-30
-19
-21
-16
-9
-8
11
18
6
24
27
18
19
23
35
32
22
12
9
-1
4
-5
-23
-12
-16
-7
-34
-31
-17
-22
-23
-37
-28
-31
-12
-9
-8
0
0
4
3
4
-5
5
-2
5
16
10
12
13
16
19
20
9
-3
-5
2
16
13
15
9
2
21
15
11
16
15
10
10
23
14
6
15
2
0
5
-7
2
5
0
3
1
-4
-12
-11
-5
1
-6
-16
-25
-27
-28
-43
-47
-35
-27
-27
-35
-18
-22
-34
-25
-23
-14
-3
7
9
13
3
4
15
21
13
4
23
7
9
9
6
25
30
37
36
28
20
3
-1
7
1
3
11
4
-11
-9
-25
-23
-26
-31
-9
-6
-3
-19
-19
-5
10
18
33
41
36
37
17
21
30
23
33
19
20
25
23
21
1
14
0
-7
-3
2
-7
-23
-15
-31
-29
-25
-26
-31
-28
-14
-14
-10
-4
0
-4
-10
-5
-6
-15
-17
-8
-4
-9
0
4
0
-7
-6
-8
-4
-2
-13
-19
-19
-17
-4
-1
-12
-7
1
-4
4
11
15
12
3
19
15
15
8
6
23
26
30
22
26
26
28
38
22
17
16
4
1
-6
-6
-16
-11
-10
-35
-24
2
1
-3
-5
-19
-35
-37
-24
-14
-17
-23
-15
-13
-7
1
-5
-10
-18
-7
-10
-4
6
0
10
2
5
3
6
13
2
6
15
15
12
15
2
6
11
7
-2
-6
1
3
22
22
26
24
26
44
53
59
65
61
41
20
11
11
-7
-13
-22
-25
-32
-50
-38
-50
-35
-24
-34
-35
-56
-49
-46
-44
-32
-19
-1
9
11
11
11
3
-9
-10
-2
-5
18
24
25
16
2
3
2
18
16
19
12
13
13
-9
-22
-3
4
-21
-28
-15
-22
-41
-16
-10
-16
-19
-9
6
-18
-14
7
3
-5
-7
2
0
-4
4
5
15
-1
-3
2
10
25
7
27
37
27
23
24
23
13
25
34
21
20
47
53
35
33
19
8
32
54
57
19
-4
-16
-32
-17
-4
14
-10
-17
2
-19
-20
-23
-22
-10
-7
-16
-58
-54
-6
-8
-22
-22
-28
-41
-36
-19
7
-3
-13
-14
-17
3
-12
3
5
7
-8
-30
21
19
-10
-51
-54
-47
-72
-42
-40
-56
-51
-24
2
-29
-3
25
22
27
40
31
-32
-4
42
34
12
62
110
7
-15
31
50
42
24
7
-48
-39
3
39
0
13
67
50
55
33
44
52
63
47
47
62
18
19
-27
-20
16
42
60
-18
-16
10
16
-32
-83
-39
-30
-25
-28
-42
-60
-54
-2
-2
-55
-14
16
-27
-14
16
-11
-46
-9
-19
-60
-34
19
-29
-64
-25
-21
-34
-32
-12
-72
-104
-16
57
9
-29
10
12
-1
79
66
-2
23
73
120
34
15
32
-25
-24
5
59
0
-38
-1
-45
-29
18
79
69
6
79
76
-10
-139
-24
104
-13
6
16
2
-87
-12
54
-30
-15
6
101
-82
-107
71
7
-92
-98
79
10
-14
71
-12
-109
-106
101
15
-67
38
63
-30
-114
73
15
-60
41
133
120
-47
53
31
-44
-34
51
120
-50
28
62
-21
-57
-25
19
-112
-4
79
-20
-50
-26
73
-6
-75
1
-8
-31
-26
25
-7
-115
-34
28
-37
-99
-79
20
14
-32
-56
-21
-16
-20
44
-31
-70
40
145
28
-141
27
135
55
67
71
-35
-65
132
170
-75
-83
110
107
25
60
55
-153
-88
57
-86
-86
89
180
-32
-21
114
-48
-98
34
38
-147
-29
200
110
-154
-62
64
-25
-67
34
239
107
1
-215
-135
44
-59
7
-35
65
-72
-22
-61
-353
-95
145
218
-187
-148
113
-209
-78
42
6
-223
-10
529
48
-95
-11
-6
-197
-61
672
154
-158
79
333
-71
-383
305
148
-80
20
290
-84
-465
33
-86
-516
-364
306
242
-304
-185
-138
-405
-354
-60
36
-169
0
259
192
149
82
123
44
377
653
415
52
-26
566
642
327
-25
227
532
291
158
-256
-482
-441
155
174
-470
-268
57
-337
-1118
-806
-243
-494
-441
-99
-243
-556
-302
-128
-622
-384
439
442
92
118
547
215
-37
240
320
629
654
849
475
80
143
117
402
122
125
332
312
38
-361
-81
-231
-504
-64
212
-106
-573
-147
-62
-784
-557
160
272
-347
-174
127
-468
-481
75
293
-100
168
638
57
-523
-187
287
26
-43
361
493
137
-196
-184
-155
76
325
342
56
-78
169
85
-154
-234
186
441
145
33
56
83
-50
-19
170
209
364
366
-21
-256
13
195
-216
-272
192
162
-344
-560
-383
-646
-575
-74
-113
-529
-411
62
-550
-1157
-782
-31
-23
-277
-172
-177
-129
-135
-157
-400
-6
449
738
774
400
-72
-295
578
855
733
585
675
492
348
817
403
8
273
916
498
-19
203
22
-306
-5
451
-113
-314
242
97
-672
-463
140
-178
-413
239
313
-486
-478
7
-34
-285
60
122
-245
-10
312
-89
-365
147
345
40
9
197
-80
-147
121
99
-245
-57
490
146
-282
-220
38
-289
-465
-92
-61
-501
-760
-385
-302
-561
-749
-523
-536
-737
-613
-389
-465
-710
-378
-222
-384
-533
-285
130
-10
26
171
221
200
207
567
312
251
515
632
639
269
582
465
452
698
505
390
313
897
618
-144
44
447
645
454
562
631
-86
119
365
326
252
265
916
291
354
387
145
86
-268
568
450
307
-46
-413
-85
-519
-461
-406
-94
16
-655
-645
-898
-964
-650
-516
-381
-774
-386
-112
-605
-651
-453
10
-182
-190
291
222
246
148
151
196
234
617
367
85
127
123
57
-461
-360
-145
-386
-619
-775
-421
-683
-929
-807
-869
-833
-722
-396
-874
-1142
-563
-169
-475
-509
122
173
34
275
727
232
215
952
1017
704
621
1214
856
997
1347
740
206
366
1343
708
488
632
334
360
357
574
-454
52
935
296
-413
-185
757
-83
-94
649
340
60
387
962
-185
-559
721
556
-216
-157
883
345
-935
-278
-52
-348
-621
-147
-178
-1063
-523
-480
-992
-1075
-364
67
-842
-638
-72
-285
-626
-477
233
172
354
616
76
-307
-150
387
320
184
522
272
-242
-572
-418
-373
-687
-617
-622
-482
-853
-1089
-955
-829
-670
-1160
-1084
-1141
-1021
-708
-543
-426
-553
75
196
-6
244
797
858
483
774
1268
922
877
1262
1247
1292
775
771
-139
-193
78
-523
-391
-370
771
-59
-1106
-1274
-884
352
440
660
358
208
647
608
972
1669
2707
3341
2142
1650
2128
2919
2577
1217
1184
1521
2247
2337
1213
-338
-1207
-715
-678
-1606
-1441
-1018
-1823
-3184
-3337
-2266
-2531
-2960
-3067
-3483
-2950
-1551
-379
-1394
-2316
-1172
-631
-646
-587
911
1778
980
772
643
1161
1050
778
688
788
1686
1804
1160
-93
-1024
-894
-708
-492
-205
469
201
-1752
-2573
-2058
-868
-694
-378
319
-225
-726
-1378
-1027
-743
-41
1050
892
838
600
501
-180
-469
824
1371
1210
469
275
181
-524
-931
-1040
-75
749
555
-300
-63
616
248
-467
357
2448
3079
2603
936
49
2075
5803
7015
2588
-215
2585
6298
6095
1464
-1041
-579
2742
4503
188
-3592
-2767
1344
-938
-7055
-6823
-2607
-161
-3604
-6975
-6594
-3980
-902
-3426
-7542
-6257
-130
3275
-970
-3429
-1260
1332
1483
565
2579
4260
4696
3662
2009
1693
2049
2764
2581
1900
2521
3084
1342
-1467
-2255
-743
-1583
-3675
-2305
124
-627
-3955
-4656
-3477
-3270
-1981
-702
-901
-1785
-830
430
-1303
-1760
563
2033
1152
927
2327
1896
295
958
2121
1687
939
988
1590
952
785
193
-795
-562
-107
55
-1442
-2103
-1115
-565
-1014
-2273
-2223
-1469
-1961
-1934
-1243
1100
2143
1198
187
-535
2229
4834
5683
3383
1741
3983
6338
7118
4652
3329
4605
7013
7535
3754
300
79
2459
3404
1158
-157
-388
-1189
-4186
-7510
-7334
-5588
-3434
-3983
-6937
-8765
-8117
-5427
-6062
-7866
-6437
-2194
659
-1274
-2881
-2042
-113
1532
2557
3883
4943
5830
5960
3995
2714
3885
5125
4500
2695
3166
2963
1105
60
-324
-1098
-3190
-3415
-3002
-3399
-3386
-3721
-4697
-5786
-4943
-4080
-5203
-4445
-2098
-959
-1692
-1470
-240
-1167
-1058
1034
3137
3285
3410
4280
2747
1569
2119
3270
3501
3670
4647
3001
743
112
998
1496
555
305
73
1
-578
-1938
-2302
-1755
-1125
-1242
-2014
-1943
-2275
-1822
-1343
-1171
-90
1073
2129
1041
1090
2380
4236
5214
4538
3175
2905
6001
9034
8313
4524
3268
5357
7746
5924
1321
-1141
1468
4693
2191
-3193
-5428
-3210
-3058
-5932
-8851
-8495
-6251
-5977
-8520
-11758
-10344
-6191
-5166
-8319
-9867
-5757
-1355
-1042
-2852
-2824
250
2627
3601
3478
3745
5167
5700
5290
4359
5532
7041
5998
3368
2074
2997
3179
2392
1110
-481
-2056
-2438
-2196
-2912
-3194
-2802
-3373
-4961
-4936
-3388
-3474
-3802
-2822
-1783
-1645
-1591
-326
-349
-610
513
1828
2794
3185
3723
3163
2356
2757
3122
3417
4023
4249
3623
2293
2103
1968
1297
1167
502
488
470
1025
381
-1480
-2071
-2679
-2676
-3234
-2551
-1883
-1866
-2662
-4353
-3736
-2287
168
-284
181
1555
2542
2935
470
449
429
6324
11418
10903
5451
253
4163
8268
10173
5099
746
2398
6704
7558
121
-5293
-3949
-627
-1571
-5567
-6625
-5603
-6888
-9208
-12295
-10760
-6758
-4185
-7305
-14001
-12561
-6904
-1816
-3222
-4220
-1461
63
270
-1822
695
4383
7086
6635
4803
6684
7832
7161
2971
1842
5191
9214
9739
4720
412
-1841
-1886
-2371
-1380
1548
1986
-1102
-6165
-9141
-8885
-6180
-2643
-1914
-2590
-2550
-3143
-4530
-5904
-2907
368
2412
4705
5140
4045
457
459
2590
4395
6878
7668
7691
4859
2716
1891
1146
2856
4378
4681
2442
173
-344
-1043
-2085
-2547
-2246
-1839
-2990
-4641
-4586
-4373
-4282
-6064
-5803
-4019
-3575
-3957
-5003
-2906
-394
1208
1071
-834
461
4083
7547
7659
5078
4191
4824
9164
12740
11209
6000
4229
8822
11514
8111
1002
-2436
-306
4901
5502
-553
-6705
-7373
-6161
-8944
-11671
-10323
-6272
-5541
-9574
-14402
-14779
-10420
-6990
-9362
-10805
-6519
-1122
-1143
-5433
-5070
-1832
2001
3873
5288
7136
7199
6627
4454
4612
7732
10742
10581
7556
5463
5691
5846
4649
3085
2295
3045
927
-1793
-3702
-3145
-1331
-2756
-4108
-6945
-6738
-4632
-4282
-4245
-5015
-2299
-1299
-3011
-3620
-3130
243
2200
2959
2479
1367
3311
3676
3411
3341
4718
6899
5322
3633
1832
1346
1936
1975
2561
1585
517
-1071
-2527
-2623
-2479
-1794
-1886
-2791
-3983
-3971
-2639
-2002
-2683
-3447
-2205
-1121
-979
-1934
-2166
-828
-488
-258
-1656
-1175
427
1723
2720
1273
1643
1516
2390
3197
4188
6527
5740
3906
2540
5261
8967
8105
3565
172
2959
8600
8274
1394
-4861
-3422
1942
1663
-1936
-4358
-3196
-4125
-8160
-10277
-9443
-6110
-4516
-5465
-8328
-9802
-8196
-6901
-8301
-8843
-5351
-214
1612
-318
-1951
-2224
-443
1809
4530
7574
9354
9091
5414
2474
2925
6173
8707
8144
6687
5030
3172
450
-562
232
1250
-149
-2221
-2720
-3063
-2925
-4274
-4866
-5843
-4608
-2094
-2739
-3857
-4250
-2241
-2342
-3362
-1117
1091
1582
263
385
1989
2735
3822
3409
2711
3329
3692
3700
2684
3099
3774
2209
824
131
1176
1631
355
-1086
-2013
-975
-392
-905
-1658
-2117
-1863
-1684
-1736
-1453
-975
-824
-1523
-2859
-3227
-2262
-1032
200
-498
-1206
-2047
-2309
-443
1293
3777
2881
2847
3878
4384
4163
2229
2423
4822
10045
12719
7207
-386
-491
5299
9142
4288
-692
-2545
362
3853
-7
-5291
-9014
-4813
-2471
-5024
-7796
-8986
-6609
-7060
-8945
-10229
-8500
-3691
-3341
-7317
-9619
-7257
-1515
108
-477
-1097
-644
1872
2534
3413
3741
4820
6581
6891
7208
6257
5739
5932
4771
3904
4194
5615
4980
2010
716
19
-2082
-3993
-2989
-563
-686
-3555
-5535
-6335
-5971
-5214
-4829
-3116
-2401
-1828
-2145
-3221
-3417
-3697
-327
3318
4573
4471
3411
3691
1974
2041
5139
6919
7438
5837
5882
4674
1025
-477
-61
2752
3130
939
-585
-2310
-3163
-5210
-5467
-3179
-2219
-1559
-2094
-1899
-3169
-5267
-4726
-2545
48
754
555
-631
-1361
-1797
-990
-880
437
2229
2914
3545
2027
1672
17
1732
4505
6485
7301
5597
2711
-153
3036
8198
8494
2755
1161
4222
7146
3341
-2964
-4835
-1938
4703
4023
-1068
-6422
-6045
-4311
-7057
-8547
-7282
-3595
-3757
-8126
-11122
-11029
-8186
-6195
-7134
-7026
-6067
-2769
-1160
-2836
-3711
-3016
1567
3756
4323
4846
4913
5844
5352
6167
6722
6850
7982
7182
4978
3301
4263
6030
4213
1441
82
-694
-1908
-3593
-3209
-1400
-1333
-3290
-6346
-7092
-5270
-4644
-3421
-2462
-880
-453
-2387
-2755
-2470
404
3218
4229
5260
5231
4376
2159
1129
4095
5885
6276
5967
5031
3640
-854
-2218
-1155
1148
2508
369
-1362
-3756
-4519
-4446
-4280
-2893
-2253
-1001
-318
-1571
-3380
-4831
-3577
-1417
33
1132
1245
607
-1215
-2622
-2536
-973
746
2339
3060
2811
1293
-414
196
1589
4279
6865
8020
5816
657
-466
3886
8758
9445
4838
2151
2401
5019
5496
-60
-3701
-3796
2337
3951
-708
-5446
-7958
-5805
-7290
-8359
-8380
-6500
-4346
-7069
-10358
-12554
-9569
-4874
-5510
-7586
-7781
-2846
419
-1841
-2940
-2071
2197
4344
5127
5516
4833
6665
7729
7491
5846
6266
8909
8830
5725
3762
4584
5423
4214
1670
824
-301
-1695
-3131
-3694
-2167
-1846
-2925
-6267
-8491
-6458
-4133
-3187
-3881
-3123
-1521
-3399
-4626
-3028
648
3190
2852
3261
2902
2645
3286
3203
3839
4404
6638
7559
4677
2362
942
1347
989
947
2605
1794
-559
-3021
-3859
-3561
-4065
-2587
-933
-1168
-2215
-3561
-2841
-3295
-3069
-972
735
570
-1316
-992
113
97
-618
308
1010
1016
-299
492
2050
2527
3502
1856
1858
696
3129
6134
5612
2966
-1875
668
5189
9120
6125
-1170
-2741
847
7391
4821
-2986
-7007
-3449
2957
1426
-3387
-5811
-4002
-2746
-6827
-10245
-9295
-3083
1048
-3616
-10120
-11520
-5366
-2632
-5327
-6030
-2922
1048
-585
-1932
-2119
-416
2218
4395
5437
3262
4432
7216
7794
3698
1153
5698
8785
7013
2691
2726
4501
2663
1368
-170
-894
-2235
-1203
495
-1934
-2676
-2258
-3224
-7246
-7435
-1117
1588
-1767
-5023
-3461
-874
-1613
-1255
274
1876
2576
2158
2387
926
1749
3140
3711
3401
3580
4636
2256
14
-133
1934
1536
342
1079
57
-2730
-4067
-1389
-191
-1674
-1860
-596
-1758
-4213
-2572
1075
1646
251
790
1061
-1548
-2961
338
3149
1835
895
2291
585
-4499
-5144
277
3591
1678
553
1899
1419
-2562
-3994
-868
4912
7427
4506
-561
-3051
813
4532
5141
1320
874
5100
7989
4818
-3797
-6775
-3242
4640
7720
3704
-2088
-5343
-4734
-5650
-7085
-5183
-164
2707
-2063
-9935
-12151
-7963
-3316
-4194
-4949
-3263
-1387
-2260
-5511
-6150
-5125
-617
3821
5179
2746
1013
3106
2733
553
1429
8396
11360
6294
2191
2673
4234
2509
3505
6202
4909
1190
-113
2001
-129
-3407
-1878
930
-886
-5370
-3552
-440
-3554
-7965
-5482
105
-354
-3481
-2924
-1011
-1265
-1719
-104
1524
1645
2743
3118
1904
675
1876
3250
2548
2441
3323
3196
629
-188
101
-433
-1556
47
2412
1097
-1698
-3239
-2811
-2840
-1218
1383
2448
1046
-522
-1469
-3480
-3041
926
4888
3137
-595
-949
-1264
-3137
-3785
1107
4084
1457
-1028
-937
416
-1382
-1946
-517
1832
5112
6474
4350
-2202
-4971
598
7600
9195
4964
3221
4653
4434
2283
-991
-1418
935
6273
7765
1355
-5846
-6756
-2833
-3806
-7423
-6385
-814
-47
-6705
-13287
-14250
-9954
-5604
-3630
-4743
-6546
-5623
-4677
-6513
-7924
-3574
4277
7250
4361
671
1108
3205
4696
6919
9604
11372
9718
5891
2835
2485
4587
7396
7785
5815
2512
-766
-3229
-4211
-2915
-1238
349
-1474
-5837
-9020
-8281
-4911
-5041
-5740
-2864
900
-110
-5463
-6201
-2184
1606
2931
3996
6156
4512
2062
971
2145
4084
5052
7153
6777
4662
1835
220
-175
-873
141
1120
1736
770
-822
-2578
-5043
-5263
-3704
-1284
163
1282
1501
-1149
-4292
-4764
-1501
2019
3723
3990
2562
447
-1350
-1442
-87
993
3172
3780
2644
-565
-3014
-2864
-2376
-459
903
2564
1728
694
254
-1057
-3014
-4392
-1409
4548
9592
8618
1436
-5241
-3681
3696
7937
4217
407
1262
4182
2410
-3409
-5052
-2335
1271
-210
-4164
-6724
-5792
-4509
-7138
-10827
-10006
-3891
-532
-5268
-11587
-11157
-5789
-2267
-2648
-652
3083
3550
-64
-2411
-500
3870
8856
11875
11028
6819
4291
4394
4559
3797
6270
9824
8844
3071
-1903
-2256
-2363
-3009
-2018
166
117
-2420
-5871
-8381
-8789
-6062
-2466
-966
-891
-629
-236
-2134
-3298
-1441
2555
5306
5392
5307
5194
3973
2175
2058
3744
5153
4637
3412
2988
2527
797
-2062
-3626
-2425
-640
-741
-2806
-3750
-3382
-3977
-5380
-5115
-2034
-61
-649
-1447
-829
825
1163
945
1327
1530
2748
3627
4871
5205
4148
2734
455
-292
-55
2427
3458
1392
-2048
-4662
-5273
-6229
-5141
-2092
554
-459
-3873
-6492
-7195
-4881
-495
3238
2693
-1170
-1843
1834
5590
4938
1580
2754
7315
11042
7535
380
-2491
543
6427
6173
2687
313
657
-617
-6829
-10175
-7607
-1542
506
-3645
-8613
-11029
-8886
-6588
-7201
-7481
-4072
1529
1078
-4478
-6324
-1804
3284
4331
4173
5047
5699
5124
4525
4211
4894
6875
7841
5263
1274
1586
4547
4457
1122
-369
1611
509
-2833
-3385
-847
1004
-871
-1794
-2412
-3535
-3131
-1503
-128
-681
805
2586
-174
-4333
-4214
656
2953
2131
2328
1921
-154
-1992
-1456
-751
-780
1083
3110
1503
-1951
-3631
-3334
-3372
-2038
1212
1882
-281
-1981
-1227
-1749
-3018
-472
3902
4739
2203
1386
2592
2204
1049
2013
3813
4363
3753
3468
1457
-1113
-1198
123
-5
-1846
-1605
-1619
-4090
-6236
-5476
-4022
-4577
-3886
-1616
-1298
-3371
-3615
-1250
426
159
95
46
899
5488
9725
8774
2420
803
5743
9814
8133
2723
1381
3841
7590
6109
-399
-4346
-1973
1318
-1622
-6989
-7054
-3546
-3633
-7929
-11704
-9387
-4461
-2586
-6884
-11034
-8027
-2201
-68
-2085
-1110
1647
1666
388
790
2159
3663
6541
8550
5393
862
2332
5259
3597
923
3786
6654
2787
-1157
354
2188
-837
-2453
419
1194
-893
-671
571
-2363
-5695
-2798
993
-979
-2596
1355
3483
-1633
-5748
-2705
361
-559
641
4347
2903
-2839
-3641
-301
-504
-2630
-31
4091
2543
-1571
-2491
-2248
-3356
-2039
2066
3031
609
605
2414
593
-2457
53
5060
5705
3558
3745
4497
1841
-270
1168
2868
2394
2362
3720
2757
-481
-1728
-1573
-3100
-3849
-440
3369
611
-5105
-7075
-6508
-6723
-6562
-2136
1545
573
-2530
-5005
-5686
-5675
-2048
3666
6239
4482
180
-1793
983
5848
9066
6290
4086
7020
10556
8487
-272
-3601
8
6821
7874
2693
-883
-1808
-1562
-6180
-10461
-8167
-941
2520
-2736
-10038
-11651
-8589
-6173
-6689
-6348
-2757
42
-1312
-6128
-7357
-4035
371
2127
1767
1842
1961
2659
2659
2257
2759
5463
7391
5271
2378
3312
6567
6012
3123
3070
4799
3770
174
-552
1062
2014
1811
340
-1859
-3645
-2613
-1788
-3125
-3125
81
1529
-2856
-6917
-5303
-1671
-1177
-1189
624
1361
-1856
-4532
-3600
-1255
687
1874
3292
2646
1014
-432
-842
268
3122
5764
4918
2505
2130
3103
1540
62
2204
5289
4338
1511
1614
2591
801
-1187
145
1942
691
-1245
-843
-314
-1365
-2628
-2452
-2369
-3310
-3524
-3280
-3726
-4414
-4623
-4167
-5286
-6166
-4926
-3155
-1620
-1146
248
-386
-2243
-1897
1397
4290
2966
1463
2486
6231
8582
7062
2427
1060
5622
10754
9354
2984
546
1725
3925
2854
1295
909
1250
1609
-2319
-7236
-7997
-3608
-1117
-4743
-7815
-5936
-4274
-6843
-11107
-10812
-6962
-3037
-1296
-3471
-5125
-4602
-2392
-2333
-2824
1181
6041
6794
3828
2872
4275
4366
4154
5661
7282
7482
7921
8321
6016
1993
1609
3481
3426
2651
3627
4440
12
-4782
-5244
-3770
-3176
-2949
-855
-1876
-5593
-6858
-5899
-5684
-7069
-4254
-7
-32
-2199
-2988
-1947
-2821
-1989
2286
4992
4239
2675
3431
2801
415
1473
5549
7603
5259
2971
2582
1787
1292
2485
4077
3086
908
-184
-705
-1277
-448
1239
552
-2000
-3276
-2340
-2508
-3429
-2355
-590
-558
-2579
-3367
-3322
-4107
-3970
-2730
-1326
-2173
-3202
-2642
-3503
-4468
-3911
-506
1522
112
-520
-274
975
759
558
744
2132
6973
11627
10249
2699
-259
5231
11339
9246
3965
2893
6338
7821
3669
-1307
-2748
1512
3956
310
-6586
-8687
-5324
-4275
-8465
-11765
-8017
-2745
-4001
-12045
-15908
-11347
-3790
-1405
-3419
-3155
-1389
-1071
-3666
-4246
373
7328
10970
8127
3565
3659
6705
7146
4306
4537
9998
12183
8414
3165
2119
2452
80
-845
106
2275
2553
357
-3992
-9615
-9632
-5304
-2876
-4684
-4645
-618
-1684
-8384
-11507
-6503
-1124
64
1405
3621
2577
-1823
-3426
-1019
2472
5622
8561
8647
5100
1973
1114
1020
1973
5707
8407
5522
655
-101
942
-436
-2374
-102
2230
92
-2607
-1792
-220
-2812
-4152
-2160
-306
-1753
-2473
-202
261
-1025
-1927
-806
-1128
-1482
749
2857
1060
-2490
-3046
-1870
-2210
-2804
-1044
225
-1251
-4442
-4505
-3274
-2230
-2039
-1588
-272
570
2195
1210
-563
-895
3539
8421
9243
6524
4469
6390
9010
10016
5848
1919
2162
7638
10040
5078
-161
-1013
598
-2859
-7297
-7163
-3102
-1817
-5816
-10647
-12118
-10273
-8226
-8846
-10782
-9192
-5021
-2993
-6166
-7891
-4576
-363
422
-559
1495
4978
6974
5998
4266
4257
6919
9378
8196
5495
5575
8365
7764
3784
1042
1385
2255
1129
16
-1705
-3172
-3655
-3695
-4841
-7021
-5316
-2421
-3270
-6810
-6762
-2879
-2061
-3537
-1936
1657
1666
-718
97
3075
3425
3455
5703
7323
4867
1872
2443
3943
4925
5561
5765
3329
76
-1022
-1137
-1472
-463
2041
1649
-2542
-5699
-4809
-3906
-4423
-3038
418
1293
-1716
-3909
-3327
-2373
-2003
75
3060
4353
3411
1794
-154
-2142
-1086
2385
4772
3544
1292
-62
-2803
-5770
-6073
-2427
313
-561
-2306
-3380
-3895
-5660
-6456
-4168
176
4467
4929
1606
-2498
-2620
2729
8660
11080
8886
6847
7780
9221
7504
2827
1932
7010
12298
9774
1488
-3114
-2075
-1812
-5938
-8445
-4758
-369
-2670
-10855
-16526
-15281
-10572
-7962
-8944
-8968
-6383
-4442
-7245
-11029
-8528
-1146
3823
2736
1295
3080
5256
4826
3727
5462
9022
11087
10004
7096
5167
5766
6681
5834
4035
3935
4398
2383
-1175
-3350
-2984
-2260
-2480
-3299
-3964
-3573
-3041
-4532
-7332
-7345
-3110
415
-164
-1669
-1054
-296
-1710
-1778
1799
5478
5197
2587
1512
1397
1274
1818
3970
5406
4206
2106
515
238
150
589
888
255
-143
-605
-1418
-2805
-2511
-668
-527
-2180
-2520
-301
1022
-541
-1799
-1154
-229
-150
296
2040
2634
1965
757
-185
-677
-207
1596
2446
1365
-540
-1823
-3367
-4794
-4103
-1126
444
-1626
-4617
-5501
-4217
-2989
-1806
-50
1437
2041
1808
1552
1081
603
2445
7042
12143
12392
6585
1484
2892
8530
9495
4851
2222
4965
7379
2722
-4553
-6194
-2286
-176
-4401
-9449
-9472
-6294
-6379
-11709
-15249
-12101
-6136
-5207
-9787
-11832
-8037
-3880
-4190
-5336
-2129
2851
3967
1768
929
3699
7285
9155
8785
7583
7922
9021
8723
5899
4430
6939
9349
6979
2099
309
1184
351
-2384
-2926
-818
300
-2039
-5386
-7251
-6774
-4820
-3607
-3768
-4232
-2512
-1054
-2632
-5213
-4288
234
2762
2103
1196
1854
1824
614
260
1751
3819
4921
4893
3524
1730
519
771
1106
1574
1979
1911
995
-525
-1308
-1825
-1735
-1190
-17
437
-80
-728
-1294
-2301
-2651
-853
1494
2027
422
-181
-289
-773
-975
512
2135
1160
9
422
1446
341
-1524
-1793
-1276
-908
-199
967
537
-1780
-3514
-3238
-2154
-777
1104
3242
3306
1021
-1189
-1634
-587
1022
4316
8210
9528
5399
-752
-2049
2861
7829
6394
1019
-1489
1162
3145
9
-4704
-4933
-1594
-1450
-6173
-10100
-7965
-3650
-3765
-8308
-11080
-8356
-4242
-4243
-7721
-8337
-4291
-575
-1135
-2794
-419
3651
3981
879
34
4014
8504
9192
6906
5240
5778
6241
5185
3937
5010
7746
7552
3582
-113
-37
754
-1266
-3235
-1618
1516
631
-3658
-6570
-6496
-5359
-4507
-3501
-2317
-1331
-1414
-2692
-4408
-4418
-2208
252
1395
1725
2512
2433
1226
197
562
2002
3442
4681
5029
4264
3127
2243
1461
858
1334
2654
3105
2512
1702
1037
-382
-1822
-1961
-1546
-1237
-635
863
888
-1546
-4050
-3997
-2726
-2536
-1810
583
2625
758
-2882
-4045
-2373
-187
839
2083
3004
2337
92
-2108
-2474
-1159
1526
3520
3199
1442
9
-193
-602
-1022
244
3020
4778
3089
81
-1582
-1271
-164
1183
3235
4451
3630
932
-1325
-2000
-1868
-1529
-531
1141
1489
-360
-3119
-4906
-5758
-5828
-4454
-2043
-1021
-2851
-5411
-6581
-6590
-6403
-5224
-2688
-1088
-1652
-2982
-2927
-1730
-745
538
1922
2917
3002
3347
4525
4905
4428
3905
4922
6024
5702
4860
4613
5191
4626
2997
1440
811
935
1072
1119
198
-1711
-3191
-3162
-2673
-3311
-4007
-3200
-1757
-2191
-4245
-4667
-2844
-1079
-1362
-1632
-422
760
513
-361
472
2149
3305
2986
2218
2139
2516
3243
3224
2961
2965
3162
2726
1526
1062
1549
2037
1563
723
70
-687
-1472
-1760
-1291
-1062
-1293
-1510
-1778
-2524
-3326
-2976
-1816
-1348
-1978
-2189
-1228
-211
-321
-1006
-998
-106
888
1271
1534
1875
1616
304
-895
-233
1988
3550
3026
1532
842
760
189
-278
767
3154
4035
1942
-1433
-2684
-837
1022
1345
664
608
425
-1072
-2694
-3135
-2299
-1691
-1194
-493
-663
-2474
-4651
-5110
-4052
-3456
-3252
-2543
-1515
-1728
-3666
-5016
-4745
-2953
-1152
119
712
419
-156
-518
-28
849
2128
3544
4770
4911
3695
2128
1709
3179
4760
4893
3569
2627
2735
2810
1932
788
763
1168
885
-329
-1395
-1851
-1917
-1738
-1673
-1724
-2277
-3037
-3382
-2772
-1485
-897
-934
-774
-40
218
-591
-818
679
2830
3204
2161
1631
1859
1940
1515
1526
2259
2676
2325
1672
982
274
-160
402
1152
991
-84
-715
-419
-356
-1023
-1869
-1731
-940
-433
-726
-1090
-1214
-1554
-2387
-2982
-2050
-572
160
-605
-1909
-2838
-3205
-2535
-946
989
1638
654
-591
-700
276
1256
1537
1672
2170
2878
3352
3678
4056
3805
2867
1875
2707
4896
5923
4062
1004
84
1493
2692
1628
-211
-1427
-1505
-1739
-3084
-4671
-5366
-4572
-3673
-3902
-5453
-6926
-7611
-7681
-6746
-5090
-3655
-3618
-4824
-5450
-4685
-3304
-2452
-1809
-224
1903
2905
1933
709
1162
3167
5082
5853
6022
6208
6142
5452
4558
4278
4728
5204
5357
5051
4190
2729
1006
-295
-462
163
431
-293
-1760
-2758
-3339
-3876
-4335
-4220
-3326
-2553
-2312
-2515
-2614
-2645
-2626
-2321
-1620
-455
838
1675
1781
1285
1067
1361
1638
2106
2880
3747
3753
2864
1849
1266
1011
965
1285
1455
1080
661
611
160
-1015
-2151
-1656
-305
156
-647
-1580
-1280
-894
-1064
-1727
-1359
-146
476
75
-996
-957
-301
111
-21
366
923
581
-161
-414
458
1055
721
14
-123
261
568
467
-42
-390
-157
351
443
-84
-99
552
447
-527
-1156
-349
752
706
-264
-688
-273
-254
-952
-1604
-1293
-317
-91
-954
-1930
-2025
-1544
-1737
-2214
-1958
-970
-750
-1685
-2377
-1933
-1030
-1011
-1349
-759
474
890
74
-662
-301
597
970
683
895
1719
2257
1900
1147
979
1349
1833
1935
1897
2037
2161
1787
898
313
455
1017
1390
1189
903
614
-223
-1457
-2179
-1312
316
1187
538
-897
-1662
-1824
-1615
-1254
-267
1163
1515
259
-1550
-1872
-605
767
1400
1539
1768
1648
812
-76
-59
826
1640
1947
1584
772
-102
-618
-560
-340
57
336
173
-615
-1647
-1986
-1499
-571
-109
-139
-428
-1043
-1516
-1506
-821
155
515
105
-436
-351
33
-149
-628
-689
110
773
647
187
-51
119
-201
-652
-510
407
1621
1917
997
-467
-1064
-238
984
1660
1603
1394
1039
187
-548
-441
834
1991
1806
554
-503
-777
-843
-1055
-1112
-354
88
-748
-2215
-2746
-2279
-2076
-2234
-2046
-1297
-1207
-1823
-2173
-1846
-1454
-1266
-643
291
632
133
-315
-126
464
872
1185
1578
1797
1565
1277
1563
2048
2039
1427
1001
1383
1964
1745
1002
567
464
106
-381
-355
136
221
-577
-1330
-1465
-1260
-1274
-1390
-1109
-693
-708
-1106
-1267
-852
-209
13
-90
117
691
1062
1067
967
1157
1281
1229
1429
1824
2083
1923
1725
1392
813
385
541
1172
1320
592
-297
-803
-1042
-1180
-1166
-1080
-1241
-1645
-1917
-1734
-1449
-1439
-1694
-1895
-1643
-1004
-370
-95
-79
-228
-513
-512
77
987
1504
1279
718
406
544
890
1308
1540
1392
981
706
851
1032
1065
1003
753
313
-89
22
613
906
291
-597
-819
-465
-127
-151
12
274
-74
-1029
-1715
-1253
-416
-294
-863
-1280
-1342
-1593
-1947
-1895
-1303
-963
-1372
-1878
-1826
-1230
-782
-759
-696
-535
-435
-304
99
716
1091
975
697
831
1341
1636
1590
1381
1385
1558
1609
1497
1120
941
871
846
697
273
-26
-44
212
60
-576
-1075
-937
-508
-549
-916
-909
-449
-365
-866
-1244
-805
71
402
38
-308
-47
501
686
531
534
992
1289
788
90
71
815
1138
588
46
113
433
222
-253
-383
17
236
-188
-665
-661
-227
-91
-507
-890
-799
-505
-481
-569
-288
-9
-152
-526
-515
102
562
702
534
312
363
530
760
839
858
893
735
437
405
686
803
589
394
427
391
171
12
169
269
-7
-279
-204
17
-47
-328
-577
-541
-394
-319
-342
-553
-667
-673
-685
-844
-996
-849
-598
-676
-1324
-1838
-1614
-949
-564
-910
-1375
-1372
-1209
-1266
-1295
-635
319
458
-231
-726
-189
682
973
814
837
1286
1552
1419
1248
1325
1421
1262
928
933
1297
1497
1157
418
-67
-179
-39
146
313
288
24
-326
-599
-765
-749
-304
371
650
168
-426
-568
-207
171
424
703
819
537
12
-142
157
599
724
484
55
-170
-187
-239
-335
-464
-575
-774
-889
-895
-782
-727
-835
-1018
-1218
-1140
-696
-235
-215
-592
-803
-483
-91
16
29
207
339
104
-68
200
629
677
296
66
253
606
581
234
192
344
455
377
379
780
971
681
254
334
809
1121
1214
1188
1086
722
362
447
870
1254
1274
788
138
-303
-316
6
305
247
-290
-963
-1327
-1214
-1030
-1096
-1328
-1466
-1558
-1715
-1804
-1670
-1450
-1359
-1272
-1138
-1095
-1168
-953
-491
-206
-187
-171
79
350
441
559
828
1041
1018
910
999
1213
1287
1094
958
978
942
747
498
546
729
634
161
-248
-187
102
253
160
39
-132
-345
-368
-199
30
31
-156
-208
-150
-103
-140
-238
-291
-360
-367
-236
-38
-57
-382
-684
-686
-476
-348
-302
-307
-447
-707
-797
-519
-98
-38
-351
-530
-293
26
91
121
266
340
237
163
319
594
649
524
425
363
273
212
297
496
500
161
-185
-289
-99
115
108
-48
-155
-155
-198
-315
-200
278
682
662
277
86
296
654
916
1027
1152
1145
794
356
454
875
1009
620
200
329
551
210
-574
-861
-448
34
-55
-647
-1081
-1097
-1002
-1044
-1067
-931
-696
-647
-749
-820
-825
-800
-727
-541
-237
22
-23
-225
-310
-246
-90
123
350
451
343
133
61
178
298
337
255
167
140
161
239
129
-99
-164
-36
115
77
-56
-38
80
53
-64
14
297
416
165
-130
-17
421
572
178
-174
-52
260
268
-29
-106
86
141
-198
-525
-409
-24
86
-281
-506
-380
-170
-240
-508
-552
-304
-58
-132
-299
-316
-162
-121
-256
-256
-38
205
218
15
-129
-72
126
285
259
174
130
208
191
129
144
228
388
431
386
260
206
256
357
439
412
363
367
376
377
414
490
531
475
405
433
645
763
561
243
117
265
370
299
206
126
57
-119
-269
-243
-214
-293
-488
-572
-462
-376
-406
-636
-863
-892
-774
-527
-423
-414
-447
-484
-532
-650
-639
-433
-127
11
-82
-293
-309
-173
-114
-107
-1
235
371
245
-2
-64
93
330
406
366
266
230
301
354
277
162
208
323
421
307
232
312
401
311
99
107
307
373
79
-159
-57
123
-43
-456
-568
-411
-336
-563
-816
-758
-617
-636
-864
-1013
-944
-753
-531
-421
-434
-458
-335
-207
-230
-256
-38
386
704
589
290
287
480
603
600
707
950
929
568
215
140
337
523
523
399
288
116
-102
-220
-106
202
361
221
-57
-155
-61
73
177
297
402
366
219
136
242
447
563
480
362
236
189
303
416
357
120
-54
-8
145
24
-227
-237
-62
-101
-488
-679
-445
-172
-243
-577
-664
-433
-283
-335
-456
-458
-322
-209
-196
-280
-314
-209
-113
-125
-203
-190
-32
36
-79
-172
-162
-91
-22
4
-11
21
148
124
80
85
156
281
256
249
237
287
385
354
221
35
-20
136
323
363
173
2
-71
-195
-298
-260
15
234
120
-343
-743
-714
-400
-145
-186
-287
-334
-448
-699
-850
-527
-16
82
-227
-491
-428
-173
0
44
57
106
158
125
54
43
142
276
301
211
167
193
222
203
110
107
118
155
135
75
44
-6
50
46
-38
-81
-7
136
229
320
405
395
316
292
405
594
712
752
702
585
445
357
421
654
819
684
396
139
65
124
222
297
273
91
-162
-304
-336
-239
-193
-223
-281
-439
-632
-614
-397
-318
-422
-551
-497
-348
-271
-317
-386
-433
-454
-386
-244
-217
-334
-376
-362
-347
-399
-383
-218
-17
-29
-249
-384
-281
-29
95
53
-33
-10
133
181
85
95
190
285
263
233
297
393
392
143
12
101
325
478
362
122
-78
-130
-115
-50
69
147
107
-51
-294
-492
-356
-47
111
-23
-302
-341
-247
-226
-303
-238
-63
-41
-197
-377
-323
-160
6
25
-98
-133
-28
87
106
43
36
182
272
254
174
151
203
209
172
178
256
293
183
19
-6
148
310
273
99
18
125
206
133
87
173
304
266
114
47
225
413
299
151
136
230
274
225
193
208
201
100
80
175
236
211
184
73
-69
-121
-92
6
-18
-162
-313
-375
-281
-203
-221
-215
-187
-254
-349
-297
-191
-108
-123
-204
-263
-326
-194
48
145
0
-182
-137
-35
-43
-88
-29
71
42
-107
-241
-221
-128
-115
-151
-204
-173
-121
-210
-271
-261
-255
-222
-224
-178
-123
-225
-320
-237
-53
28
-44
-93
-57
0
40
89
164
193
114
32
75
138
218
249
202
135
74
19
14
145
215
151
12
-17
63
59
-18
-98
-70
49
91
32
-44
-76
37
151
146
114
195
336
320
170
99
259
430
410
341
371
379
231
83
124
270
322
220
53
-47
-42
-15
-63
-113
-75
-25
-102
-205
-197
-114
-88
-123
-128
-54
65
111
94
23
77
171
163
95
87
275
371
181
-119
-143
-16
54
3
-84
-104
-221
-369
-469
-419
-342
-282
-386
-573
-572
-461
-266
-259
-418
-477
-400
-274
-181
-100
-32
-35
-120
-199
-104
98
274
340
180
72
51
25
72
158
236
196
62
-34
-13
97
136
57
-31
-44
46
109
151
169
83
-9
-61
56
308
396
277
152
142
167
154
154
255
333
259
83
-34
-55
-5
51
-34
-80
-69
-75
-155
-288
-367
-310
-238
-194
-149
-199
-200
-211
-264
-310
-209
-44
72
120
39
16
101
188
222
247
296
421
433
360
320
340
398
402
304
261
348
343
262
106
0
-22
-11
-43
-76
-59
-92
-145
-297
-391
-363
-299
-252
-293
-326
-272
-222
-197
-226
-229
-115
-72
-74
-155
-127
32
1
-84
-146
-58
31
-1
-6
48
33
-76
-118
-139
-90
-17
11
-35
-76
-107
-85
-50
-57
12
-18
-47
-31
0
30
-8
-40
-47
20
85
151
201
165
110
52
-12
7
96
149
190
132
74
121
46
11
83
167
222
197
184
176
146
81
56
70
104
229
310
235
92
-12
1
9
25
82
156
161
14
-128
-230
-202
-113
-45
-19
-16
-83
-261
-401
-408
-248
-129
-83
-73
-140
-220
-292
-276
-139
-17
72
108
51
-51
-107
-70
32
147
150
154
161
106
81
18
-25
19
41
63
76
20
-48
-145
-247
-235
-107
-6
39
0
-74
-83
-62
-16
32
98
129
103
75
59
61
108
183
190
135
84
103
163
132
67
39
41
2
-112
-130
-12
-1
-86
-163
-222
-217
-198
-180
-179
-235
-234
-202
-196
-158
-160
-124
-89
-50
-27
7
43
6
6
-9
36
106
195
199
134
99
101
137
137
170
214
318
283
139
72
85
196
223
199
196
197
225
157
116
190
222
198
139
148
155
121
75
67
81
31
17
-1
4
-16
-42
-59
-92
-152
-236
-231
-201
-165
-234
-283
-269
-290
-282
-319
-277
-180
-152
-127
-126
-161
-167
-167
-135
-91
-31
28
-1
-64
-78
-53
-33
7
18
16
9
-32
-53
-116
-142
-102
-54
16
26
-53
-108
-117
-104
-73
-49
25
106
101
41
19
26
62
75
143
213
201
165
68
42
36
90
143
144
149
104
46
-6
-1
-2
-4
18
27
30
6
-45
-89
-98
-99
-111
-56
23
54
46
-3
-32
-16
17
79
114
111
103
12
-6
12
68
163
199
200
183
177
99
72
60
72
95
104
141
117
98
86
85
124
162
152
147
129
83
23
24
87
90
42
12
37
39
12
-46
-76
-38
-34
-76
-129
-126
-97
-108
-142
-202
-212
-200
-209
-225
-234
-211
-204
-228
-253
-225
-206
-193
-203
-171
-130
-136
-103
-135
-120
-82
-51
-13
-23
-35
-54
-74
-73
-45
-38
-7
-8
-13
-25
-43
-51
-32
37
37
35
-4
-43
-78
-75
6
82
133
121
92
58
86
122
146
163
190
206
155
106
82
84
94
129
137
119
49
-18
-74
-62
-16
-25
-18
-73
-72
-97
-114
-76
-54
0
22
57
66
49
-18
-20
45
105
154
138
168
154
130
136
107
133
195
224
213
184
120
74
82
127
170
202
182
126
64
47
50
51
85
67
22
-47
-76
-84
-47
-13
15
40
23
-42
-116
-92
-57
13
-17
-68
-100
-114
-142
-137
-75
-95
-111
-190
-206
-210
-231
-243
-271
-240
-235
-278
-310
-288
-276
-246
-221
-184
-161
-140
-133
-174
-139
-99
-62
4
59
57
1
-9
65
135
156
167
144
69
34
77
129
178
160
85
44
38
63
101
121
86
36
-11
-9
51
115
132
101
66
20
45
85
108
136
110
45
-3
2
50
105
117
63
4
-19
-36
-25
-6
-6
-19
-59
-69
-73
-66
-32
-45
-71
-53
-40
-45
-64
-68
-42
-16
4
4
25
38
42
24
0
25
61
87
120
123
105
74
34
72
122
160
174
117
60
43
60
77
118
131
95
54
20
0
9
92
162
177
102
19
-4
23
76
88
98
38
-27
-76
-73
-15
7
34
-30
-97
-126
-167
-163
-157
-162
-176
-182
-221
-248
-215
-195
-180
-174
-146
-135
-162
-199
-216
-162
-153
-159
-106
-60
-88
-138
-121
-121
-91
-43
-6
9
-20
-41
-85
-44
32
70
47
32
28
0
10
49
121
108
57
16
60
106
106
129
105
146
127
105
126
114
110
92
86
49
79
117
104
104
70
28
16
7
43
86
60
20
-27
-45
-28
-9
-14
-28
-35
-8
-9
-33
3
9
19
22
2
20
3
0
2
-19
4
19
37
95
125
97
86
79
64
82
117
149
126
82
85
52
49
80
81
85
42
3
-3
28
6
-2
2
-3
11
1
-9
-25
-14
-27
1
22
30
10
-15
-32
-84
-77
-93
-99
-77
-109
-151
-190
-196
-187
-195
-184
-208
-244
-259
-240
-225
-192
-183
-198
-189
-209
-178
-159
-123
-104
-45
-22
-65
-22
15
41
29
33
44
79
100
103
111
125
161
146
148
146
145
160
175
134
104
91
89
115
87
75
58
29
39
35
33
53
28
31
39
33
48
59
73
69
77
93
89
53
43
47
29
32
18
-7
-26
-45
-48
-79
-75
-91
-57
-10
-38
-40
-77
-64
-35
-15
6
-3
-10
-27
-20
-13
-13
3
13
0
-9
22
42
22
36
53
56
68
50
32
52
41
63
54
30
38
33
59
54
42
39
27
-19
-12
9
32
48
5
-27
-54
-32
-23
-29
-27
-27
-70
-102
-102
-129
-108
-92
-94
-70
-75
-110
-110
-85
-82
-88
-105
-105
-76
-87
-73
-71
-85
-79
-80
-61
-52
-35
-45
-41
-26
-17
7
19
16
-18
-16
19
31
43
49
91
127
95
81
88
107
113
122
107
117
113
78
102
118
132
110
89
63
41
47
45
39
-3
-26
-19
13
38
37
16
-2
-32
-52
-33
-9
12
-17
-50
-68
-56
-16
8
-21
-72
-86
-111
-110
-69
-38
-32
-38
-54
-82
-74
-35
16
33
1
-15
-16
22
33
27
16
30
73
72
89
81
78
88
92
57
31
36
17
24
-10
-5
35
40
42
31
4
3
3
-18
-16
-8
-6
-6
-28
-53
-28
-34
-33
-33
-56
-69
-82
-50
-54
-85
-73
-67
-67
-83
-88
-70
-60
-48
-54
-58
-50
-44
-64
-54
-29
2
6
10
27
13
30
50
79
53
20
47
69
69
66
62
51
52
46
47
70
66
71
92
65
73
81
50
44
40
35
45
39
10
-34
-60
-38
-3
15
26
18
-16
-16
-14
-14
-3
26
29
3
-6
-47
-88
-85
-86
-79
-54
-70
-54
-32
-29
-34
-69
-79
-72
-45
-6
29
23
-25
-48
-37
-29
3
31
31
34
22
-6
-9
0
1
-16
0
18
-21
-10
-4
-21
-20
-15
-6
16
7
-5
15
32
69
44
35
48
59
57
29
2
-19
3
25
37
44
65
41
20
15
42
39
10
34
23
1
-12
3
7
6
7
22
-1
-21
2
14
12
-16
-22
-8
-1
-22
-22
3
-12
-17
-24
-46
-25
-38
-41
-72
-82
-35
-31
-32
-9
0
-19
-1
38
70
63
54
64
34
-15
-7
3
8
2
1
59
21
-1
5
21
38
-6
-6
4
22
-13
-13
-15
-20
37
9
-22
-51
-48
0
-4
-48
-81
-83
-85
-39
-9
-20
-29
-48
-50
-46
-3
14
-4
-21
-61
-63
-53
-22
-24
-39
-6
0
-2
-11
12
52
89
57
-3
-20
-26
-1
7
25
42
58
68
66
74
77
28
7
2
-2
53
32
9
4
-25
20
62
73
104
88
22
29
70
44
26
-13
-22
3
-1
29
-14
-63
-27
11
15
-5
-31
-12
9
-15
-64
-72
-19
17
18
-14
-9
9
4
-4
-48
-54
-16
-31
-75
-84
-65
-39
-18
-26
-44
-29
-9
32
83
75
48
73
82
59
49
22
43
88
116
101
35
19
-8
13
31
-50
-124
-128
-51
-81
-110
-38
-34
-40
-27
-29
-72
-117
-80
-73
-104
-78
-29
-9
-60
-63
-1
89
119
101
98
52
35
73
79
29
11
26
27
-31
-29
-8
-40
-69
-66
-19
-26
-32
-44
-31
-34
-44
-36
-18
-26
-25
42
33
-6
-31
7
15
24
55
64
73
48
50
86
81
90
149
54
34
98
119
95
57
41
-3
11
65
102
47
1
-9
-10
14
32
-31
-67
-82
-102
-23
-26
-101
-135
-117
-86
6
33
-42
-21
27
9
-16
64
82
-32
-82
-38
-22
-9
-51
-116
-126
-122
-99
-102
-96
-139
-200
-127
-4
-48
-158
-83
-6
-107
-46
84
-16
-95
-24
86
95
79
89
99
160
269
214
127
76
2
-1
29
115
126
92
70
124
98
165
370
412
286
170
268
297
355
227
-130
-268
73
320
124
41
-288
-479
-27
314
-167
-888
-748
-250
-169
-135
10
-411
-863
-206
164
-449
-323
248
-6
-254
250
385
-151
-239
66
-20
35
630
684
-133
-373
215
297
-13
-59
5
-18
210
537
21
-876
-778
-70
199
129
56
-54
0
255
45
-460
-521
-135
271
521
505
101
-323
-371
-386
-325
129
418
340
165
178
50
-360
-381
-232
-211
321
830
462
9
-86
-275
-433
-36
376
408
472
557
245
-276
-299
-31
44
159
464
531
357
164
-58
-316
-462
-155
331
458
475
291
-193
-500
-503
-338
-116
110
173
104
13
-125
-347
-434
-320
-107
158
320
233
-123
-341
-319
-310
-272
-71
81
58
-15
-37
-168
-320
-197
-69
13
91
136
31
-47
-22
-64
18
53
103
295
329
225
26
-182
-66
133
206
173
19
-69
-90
-101
-36
-81
-158
-95
-98
-83
-161
-231
-178
-163
-133
-81
-23
-22
-77
-91
-100
-98
0
75
115
102
55
19
38
-24
-20
168
219
195
159
76
-52
-16
48
89
147
119
156
149
60
-1
21
51
136
231
219
130
62
48
34
75
102
64
13
28
28
-59
-93
-75
-41
-26
-83
-58
13
13
-7
-44
-76
-121
-71
15
44
26
-28
-51
-41
-89
-146
-73
-15
-23
-34
-79
-87
-37
-60
-77
-24
-1
38
109
114
-15
-89
-47
-22
19
51
95
114
52
-4
-63
-70
-19
67
115
108
63
16
-44
-119
-113
-97
-10
74
64
7
-84
-165
-194
-114
-23
65
117
45
12
-46
-103
-79
-46
15
12
44
38
-47
-127
-180
-181
-83
25
54
88
36
-51
-76
-96
-52
50
100
126
98
38
-18
-56
-48
17
76
67
42
18
-9
-23
16
19
40
68
92
89
10
-22
-24
37
98
96
56
8
-6
20
33
15
0
-15
-54
-63
-12
35
61
53
28
-35
-56
-24
32
79
102
99
36
-6
-9
36
95
123
109
37
-31
-95
-109
-60
-9
47
56
-16
-85
-132
-126
-79
-28
14
25
-13
-58
-25
-1
27
20
-5
5
-5
16
24
25
4
9
11
-1
-6
-24
-34
-30
21
-4
-72
-98
-73
13
93
130
62
-18
-38
-35
23
69
73
68
38
-25
-89
-109
-82
-38
-16
-17
-54
-73
-99
-105
-64
0
21
26
69
46
15
-11
-47
-75
-64
-35
7
30
12
-20
-62
-72
-84
-57
-21
34
74
75
42
-27
-48
-33
32
117
123
95
43
-8
3
-26
-15
23
44
57
7
-6
-28
-64
-42
-7
45
82
78
91
69
-10
-56
-54
-18
30
49
32
8
-28
-44
-16
18
37
60
71
49
-18
-71
-83
-89
-43
-1
27
23
-20
-50
-41
-24
-4
10
3
-3
0
12
31
44
22
9
-2
15
20
3
2
3
19
13
9
10
25
51
43
29
49
63
67
32
35
57
62
93
95
109
61
-4
-2
10
19
17
-16
-38
-76
-108
-108
-110
-117
-93
-24
-52
-79
-77
-98
-104
-84
-47
-31
-9
-31
-24
-28
-42
-22
-25
-19
-27
-4
-26
-64
-71
-59
-76
-36
17
23
39
-3
41
38
9
37
38
51
47
36
11
25
41
37
61
82
76
84
70
20
-3
-14
20
44
18
7
-3
38
33
10
-4
-51
-41
-41
-35
-38
-25
-37
-57
-42
-28
-3
-13
-22
-10
-6
-15
-3
1
-11
-16
-17
-15
-21
-7
17
-4
-26
-70
-105
-80
-34
7
5
10
2
9
36
92
155
166
134
83
65
76
73
50
80
94
84
82
45
4
-2
19
29
40
15
-22
-41
-37
6
20
38
41
-7
-6
-6
16
41
22
-19
-60
-51
-39
10
57
35
-12
-34
-58
-76
-38
-18
-25
-44
-91
-129
-151
-152
-129
-88
-46
-41
-30
-40
-59
-43
-18
1
47
75
37
8
-26
-38
-24
11
-11
-69
-86
-108
-74
-44
-14
-21
-24
-1
-16
26
85
107
66
47
48
30
36
58
51
47
42
5
-9
-18
-22
-20
-19
-18
18
41
26
13
4
28
42
81
101
60
16
-33
-26
21
49
34
18
-22
-57
-33
-9
-3
-1
3
10
28
36
41
24
19
17
39
75
88
82
57
51
25
14
4
-6
-22
-66
-78
-73
-85
-95
-97
-92
-57
-15
9
37
21
-8
-32
-34
15
28
30
32
12
-12
3
10
47
84
45
-7
-13
-4
-4
-13
-43
-47
-72
-32
9
15
26
28
43
37
42
54
57
34
28
23
36
35
15
-24
-50
-45
-40
3
-19
-67
-101
-96
-53
-20
19
20
-1
-10
-36
-37
-25
-5
-1
-18
-45
-68
-66
-47
-10
-22
-47
-80
-70
-62
-48
18
17
-1
-5
13
11
5
16
5
8
32
37
57
47
18
12
21
57
48
53
26
2
4
34
82
33
6
5
-6
-14
-6
22
15
3
-10
3
29
29
50
38
20
20
19
27
17
-4
-23
-46
-35
-22
-42
-7
25
22
2
-43
-63
-43
-9
29
60
66
0
-44
-16
-14
-3
22
57
38
12
-8
-19
30
63
85
81
47
-13
-33
-3
31
40
44
40
-10
-51
-68
-39
3
9
-6
-18
-44
-42
-13
2
32
31
-4
-20
-39
-33
-21
-19
-3
-19
-22
-34
-19
-13
-32
-8
1
4
-48
-84
-63
-55
-43
-29
-3
-28
-72
-88
-98
-44
14
31
28
-1
-9
-16
-16
-6
5
5
-9
6
13
32
50
56
68
43
16
10
30
15
-6
13
16
15
13
22
24
35
28
28
22
13
29
6
-1
10
24
20
11
14
10
1
-11
9
25
6
6
2
-6
-3
-3
15
-1
-32
-28
10
17
10
29
42
36
9
-3
-15
-17
-36
-46
-31
-26
-22
-19
0
-11
-24
-16
-5
18
17
4
12
9
21
25
25
39
18
22
44
47
30
13
8
-19
-10
-6
-4
16
-2
-1
2
-2
4
-2
-10
-11
-11
-55
-58
-32
-29
-26
-9
3
-22
-6
-19
-30
-28
-29
-8
-26
-28
-52
-60
-45
-44
-44
-56
-48
-33
-10
-9
-9
10
19
24
-8
-7
-8
-10
25
53
67
28
2
31
35
30
66
61
63
35
25
41
3
11
13
46
48
31
33
4
19
15
9
-15
-35
-48
-55
-36
-23
5
12
3
-6
-12
-38
-32
12
19
11
-22
-29
-16
-33
-28
-25
-11
-6
-9
16
18
16
14
20
3
-2
-6
-14
1
-4
6
8
8
9
9
-3
-3
-3
-3
4
-4
-4
-30
-26
-9
14
20
13
20
17
9
10
15
15
20
-6
3
13
19
36
25
30
11
14
25
-5
4
-9
-41
-40
-34
-44
-36
6
7
-2
-16
-6
3
-22
-8
-5
10
-16
-20
-1
-25
-43
-32
0
-8
-22
-3
18
18
8
-1
3
22
14
6
12
33
46
35
73
52
31
25
11
5
-18
1
-28
-25
-23
-37
-35
-10
3
-19
3
3
-4
-13
-22
-45
-46
-29
-35
-13
-13
-20
-2
-7
-10
-5
-1
-2
0
-1
-1
-20
-35
-15
-10
-21
-28
2
2
-18
-1
-5
-3
-6
13
11
16
34
29
38
29
27
29
33
36
34
24
18
22
26
38
56
48
36
31
33
53
32
38
34
6
7
-6
-1
0
-15
-30
-19
-18
-12
9
5
11
-3
4
12
6
-6
-35
-17
-21
-32
-41
-48
-58
-62
-31
-11
-5
-16
-16
-13
-38
-48
-29
-50
-38
0
-3
-3
-2
9
12
9
3
-6
-3
-12
-23
-14
-39
-38
8
16
2
24
38
48
69
45
32
22
6
5
19
13
32
12
-17
3
9
24
26
19
16
15
2
3
4
0
-3
3
1
-8
-6
6
28
0
-4
0
-9
-16
-12
-27
-39
-15
-7
-9
-19
-9
0
-6
0
24
3
-26
-19
-10
-11
-42
-23
-4
-2
-2
-28
-7
2
-25
-28
-17
-14
-39
-5
-2
-22
6
17
39
14
3
24
30
28
28
13
1
17
18
21
14
32
12
3
35
30
12
-9
12
26
39
18
35
25
-9
17
20
28
-13
-4
6
4
5
-11
1
-23
-23
-12
-29
-26
-16
-13
-20
-45
-23
-16
-8
-21
-32
-6
-13
-2
0
-11
-23
-16
2
1
-5
-8
-10
6
8
15
20
10
22
7
13
14
-3
7
4
12
9
14
8
7
16
-7
-1
0
3
9
4
10
-7
-29
-33
-16
-4
-7
-25
-24
-29
-40
-19
-6
-19
-10
-7
-6
0
-16
-1
3
-13
-12
19
31
16
1
1
18
22
21
19
22
13
11
-6
10
22
16
26
44
35
-7
-9
17
35
3
9
24
10
9
-3
-5
-4
-10
-24
-20
-25
-42
-44
-31
-12
-19
-23
-36
-32
-19
-24
-34
-50
-32
-36
-38
-20
-13
0
-2
3
38
44
18
26
22
23
29
20
39
50
60
66
50
47
57
28
19
25
13
16
12
2
-16
-15
-3
9
9
-11
-10
10
0
-13
-6
0
-7
-15
9
6
-7
0
-3
5
-10
-16
-16
-36
-11
-11
-9
4
-28
-29
-24
-17
-25
-19
-8
-24
-19
-26
-12
-26
-25
-19
-20
10
-3
-4
-12
-13
0
-4
2
6
17
10
-1
26
15
-6
0
6
19
-3
13
28
18
-3
-12
-15
-36
-36
-25
0
-11
0
13
3
-10
-13
22
25
18
19
25
3
0
9
-3
-5
-17
-15
-16
-23
-22
-16
-5
10
22
24
13
29
19
12
16
4
32
20
13
3
-3
13
19
24
29
29
20
28
8
18
36
25
20
19
19
24
18
5
13
-6
-9
15
15
-3
-12
-31
-44
-25
4
10
-13
-10
1
-14
-14
-27
-42
-28
-25
-16
-28
-53
-60
-54
-45
-43
-35
-12
6
-13
-16
10
-3
-2
0
-11
-10
-12
12
9
1
10
18
10
-3
14
8
9
5
-3
-2
0
15
14
15
13
6
13
9
0
2
9
6
7
-1
13
46
38
30
3
-13
-15
-7
0
-16
-12
-15
1
-14
-21
12
13
11
-3
7
10
-5
-6
-7
0
-2
18
13
2
-10
-10
7
-8
-5
-3
-4
-14
-10
-12
-9
-8
-24
-6
16
37
52
32
24
19
1
35
56
44
32
15
1
-3
-18
-5
5
-6
-8
-21
-17
-26
-30
-38
-31
-35
-51
-45
-69
-63
-41
-34
-10
-4
-26
-25
-17
1
20
22
16
13
22
20
19
16
34
56
41
41
47
31
10
9
21
37
44
36
19
16
2
-20
3
9
1
3
4
3
14
26
15
8
4
6
-15
-7
5
-17
-28
-35
-41
-48
-34
-31
-31
-26
-7
6
-4
-12
0
5
1
-6
-16
-6
-17
-24
-22
-31
-57
-44
-41
-46
-28
-31
-8
-16
-23
-5
-2
-17
-32
-35
-15
15
33
35
24
14
7
7
16
41
36
41
41
53
57
49
37
25
29
11
19
4
18
33
32
34
27
15
7
12
1
6
15
30
41
31
1
2
-3
5
0
-10
-7
-9
10
-8
-7
-8
1
-16
-15
-13
-45
-31
-34
-38
-34
-28
-27
-28
-36
-41
-20
3
8
-17
-21
13
6
-2
-7
-2
-3
-19
2
-6
-8
-30
-44
-50
-18
-25
-40
-2
-2
15
11
25
22
24
47
44
36
32
16
16
16
-4
0
25
26
3
25
19
15
25
14
24
18
4
4
-3
-7
-4
-6
2
-3
-1
-5
-20
-8
13
-7
-9
8
11
-12
-19
-28
-53
-46
-67
-57
-36
-20
-26
-36
-33
-25
-3
-5
15
30
46
45
38
25
5
16
9
17
44
34
26
28
15
-3
8
9
8
16
3
12
16
12
-2
-1
-22
-59
-58
-35
-23
-19
-3
-12
-18
-11
-7
-12
1
-7
-7
-1
-19
-10
-22
-8
-2
6
22
27
31
26
36
25
31
17
29
53
23
26
26
27
30
24
21
28
36
31
34
25
19
5
-6
7
-3
-19
-26
-39
-44
-33
-44
-42
-51
-49
-48
-60
-41
-34
-29
-31
-22
-26
-31
-47
-39
-22
-25
-9
-34
-36
-36
-22
-17
-14
13
-16
-10
16
20
26
41
50
43
17
8
20
18
25
24
21
13
18
28
24
26
33
28
22
25
5
-9
21
27
23
38
37
16
2
0
2
9
7
6
8
14
17
8
23
24
14
4
-16
-7
-3
-3
-11
-7
9
-12
-28
-31
-32
-24
-33
-22
0
-15
-6
-1
-1
12
-3
-16
-3
-3
-7
7
28
23
2
0
4
6
0
-1
-35
-43
-43
-44
-47
-73
-67
-53
-43
-32
-29
-38
-29
-10
-1
7
5
-13
-3
-6
-2
13
2
8
-8
-10
7
5
26
47
39
20
23
33
27
38
49
50
58
43
34
28
36
45
32
29
12
6
10
-12
-3
21
4
-7
13
6
-13
2
29
28
10
9
6
-13
-15
-6
-22
-18
-21
-25
-14
-13
10
-8
-6
13
6
-19
-42
-37
-17
6
6
