11
15
13
4
-25
-35
-41
-31
-29
-29
-24
-4
-19
-50
-61
-32
-12
-32
-29
-29
-20
-19
-37
-38
-26
-16
-37
-35
-1
17
3
15
14
9
27
25
24
15
40
49
62
63
23
22
15
13
26
38
33
7
9
26
12
-10
-6
3
-12
-1
23
-13
-39
-23
-15
-10
-17
-3
-6
-12
-16
-24
-17
-47
-51
-51
-41
-40
-28
6
6
0
-15
-25
-12
11
23
21
35
37
42
37
22
38
12
46
36
-12
-1
-17
-6
16
-6
-17
13
27
44
32
16
33
20
9
10
20
10
-40
-39
-48
-44
-54
-61
-31
-27
-31
-51
-1
-28
-49
7
-10
4
-1
-3
12
-32
-41
-20
21
4
-5
29
0
31
11
10
18
22
54
25
15
-2
29
35
31
25
-3
27
16
-13
1
-9
1
21
-3
-12
1
11
6
7
-18
-36
-28
-17
-3
4
8
20
35
15
5
-9
-21
-27
-21
2
24
25
0
-16
-32
-15
0
7
22
15
-2
2
3
-6
7
2
13
13
16
9
26
16
-6
-11
-51
-10
-5
-15
-13
-9
-21
-37
-18
-38
-8
5
0
15
-9
1
-6
-29
-29
-20
3
-32
-40
-3
-9
-3
21
5
-3
-1
24
19
-2
5
-22
2
8
12
14
14
15
6
-7
5
44
29
10
-22
-1
5
-10
10
7
8
2
7
6
-19
-20
-5
-10
7
12
22
26
18
19
7
-3
-11
-2
-9
0
-11
-13
16
12
23
0
-8
-15
8
3
-6
21
31
59
9
31
47
12
-3
14
38
19
9
-10
-1
-1
12
7
-4
7
-6
-35
-7
-9
-10
4
-18
9
-15
-24
-5
12
6
-7
7
-26
-53
-76
-59
-44
-48
-62
-34
-40
-60
-22
-34
-13
-20
-18
-18
-21
12
-29
-50
-15
-2
9
22
6
-13
-25
-9
-8
12
12
-12
13
14
14
-1
25
54
40
45
54
37
22
19
32
62
60
81
91
78
41
34
64
67
34
14
40
21
0
-14
-25
-4
-18
-42
-16
-1
-15
-9
-16
5
-14
-42
-35
-35
-33
-37
-28
-26
-14
-46
-47
-39
-20
-9
-18
-9
-8
12
-6
3
0
6
19
12
-15
-6
7
1
12
-10
-8
1
33
13
-41
-22
-19
-28
-4
-19
-3
-10
-28
-7
19
22
11
27
3
-6
-20
6
12
-5
-26
-5
-11
-6
44
23
53
36
36
6
27
32
-35
-27
-29
-24
-15
-10
-42
-37
-10
13
-5
-19
8
6
1
10
-1
-1
35
39
-1
0
1
-6
23
15
17
30
25
19
28
19
22
9
6
30
20
8
-2
-1
0
-2
-12
0
-19
-10
8
-26
-4
14
11
3
-6
-10
0
9
2
16
-5
-50
-43
-47
-40
-28
-58
-27
-4
17
14
-35
-35
-57
-51
-19
-25
-14
-3
20
35
29
44
45
38
28
29
38
28
45
21
-3
10
28
35
31
5
-8
-2
-13
10
-12
-8
2
-22
-11
8
-11
-15
17
-11
-19
-6
13
32
6
1
9
-22
-53
-40
-25
-19
-26
-1
10
-8
-10
-3
8
9
13
27
12
-35
-19
-36
-26
0
-2
-3
-9
-18
-56
-27
-22
-6
-6
-33
-13
-18
-4
3
0
3
3
19
32
30
35
29
20
15
13
19
25
45
48
30
6
4
43
42
12
19
4
13
7
4
32
32
28
17
26
29
25
-11
-2
1
-16
1
-6
12
11
-8
-3
2
-22
-36
-16
-10
-28
-31
-46
-25
-26
-35
-31
-53
-21
-15
-18
-29
-50
-15
6
-8
15
6
-9
-18
-22
-14
15
20
-25
3
22
7
23
37
26
36
27
44
29
15
17
0
-23
-50
-20
-14
-32
-41
-30
-31
15
16
14
-5
-6
14
-19
-26
-18
31
1
-9
-3
5
-15
-32
-4
0
-10
-25
9
20
-4
-20
3
26
27
-12
-3
11
-2
3
15
26
2
10
9
31
16
23
60
50
59
31
3
-5
9
25
32
13
-7
1
-6
7
19
-7
-17
-2
-2
-10
6
26
8
-38
-35
-19
-19
-16
-17
-21
-52
-28
-23
-43
-25
-14
-25
-22
9
14
21
7
9
21
47
47
55
57
28
16
-9
9
-6
-11
0
1
6
19
19
1
-15
-42
-49
-42
-8
-14
-32
-2
2
-16
-17
-31
-17
-16
-12
-11
0
5
-35
-13
-15
-39
-35
-18
3
-9
-30
6
18
18
22
15
8
-15
-9
10
24
32
44
41
25
2
13
-7
-6
8
14
14
-6
23
10
12
22
15
26
35
11
17
-18
-47
-18
-28
-4
-40
-46
-20
-5
-5
-29
-16
-2
0
-8
7
-7
-7
7
4
16
13
-15
-2
31
10
-9
5
29
12
6
42
38
31
26
40
50
18
-9
-6
4
-3
4
0
-19
-30
-7
-7
-8
-31
-68
-50
-28
6
-5
11
4
5
22
6
26
38
47
13
9
1
-12
1
-17
-13
-15
-21
-1
1
-22
-44
-40
-16
-6
-25
-17
2
-38
-28
-15
6
25
-3
1
-4
-25
-19
6
16
18
19
-1
20
37
10
57
26
16
35
34
48
6
21
10
-6
22
43
24
32
15
-13
-6
-18
-6
-13
-27
-19
-39
-50
-26
-29
-10
-22
-19
-49
-47
-15
-53
-24
-25
-32
-22
-25
-26
-50
-46
-25
-22
-1
-32
-25
-1
-12
19
16
24
30
25
16
9
20
38
30
63
81
41
18
26
53
35
29
28
30
49
40
47
65
57
20
2
38
23
4
23
29
30
7
0
-10
3
4
-27
-19
5
8
7
-2
-8
-8
-33
-34
-12
-20
-69
-55
-58
-57
-56
-76
-47
-25
-30
-69
-61
-49
-23
-37
-16
-9
-38
-7
-5
22
-3
14
45
39
23
7
33
9
-4
-1
-37
-19
-17
-21
-7
-18
17
-4
-20
-8
14
17
-5
11
33
66
23
29
40
30
38
19
17
3
28
47
59
53
3
-1
-5
0
9
9
34
34
22
25
35
10
-16
3
0
-10
-9
10
4
-5
-6
-43
-19
-15
-24
-18
-27
-23
-38
-51
-43
-30
-25
-7
-9
0
-15
-24
-10
9
17
4
1
-7
-1
-6
-16
-28
12
17
35
47
20
9
-20
-4
-16
-4
-12
1
11
8
7
-12
-6
-12
35
32
29
14
-9
9
-15
-10
-11
0
10
-11
-5
-15
3
-5
-4
31
38
39
10
12
3
0
19
16
-21
-23
7
-35
-44
-9
-1
-12
-31
-36
-25
-32
-19
11
-1
-16
-16
-16
14
-13
-6
26
-12
6
-8
-13
14
-7
-19
-14
-17
-42
-28
-12
-15
-2
7
19
22
36
48
32
26
16
12
46
51
37
3
36
56
2
10
20
29
7
18
39
18
19
9
19
-6
-9
-6
-16
23
1
-13
0
-12
-35
-49
-32
-27
8
4
16
8
-29
-32
-31
-34
-37
9
-14
-10
-3
-6
-4
-4
8
-6
13
30
20
-19
-4
-3
-13
-21
-23
-22
-15
-13
-23
-20
-31
-20
-7
6
-5
0
-13
-15
4
12
8
5
24
10
-6
7
28
19
22
1
6
4
-20
-21
-38
-20
-9
12
-9
-5
2
-5
6
-4
8
3
35
34
14
0
12
26
22
31
27
45
53
20
-28
-6
3
-18
-32
-13
16
9
18
20
-3
-16
-14
-16
9
5
4
-7
-40
-22
-10
12
26
18
24
43
43
27
19
7
7
-9
12
25
3
-7
-23
-23
-19
-27
-34
-55
-60
-45
-50
-41
-17
3
-18
-15
-22
-25
-9
-6
28
33
9
10
17
22
16
-4
44
47
10
15
44
44
-12
12
27
8
-9
-23
-9
-34
-60
-54
-19
-44
-51
-13
-12
3
0
33
28
13
23
26
35
3
10
15
9
19
47
28
6
3
-21
-33
-32
-4
0
5
-16
13
19
10
40
21
24
3
-11
6
16
7
-24
-43
-15
-22
-56
-21
-28
-37
-24
-64
-56
-30
-14
-32
-45
1
-2
-18
-19
16
4
-1
34
25
7
38
56
46
51
3
33
46
56
72
34
53
4
-10
6
3
19
0
-13
-19
-7
-20
-26
-16
-3
-6
-28
-13
-10
-3
-8
9
15
-6
-17
-46
-29
-19
1
24
37
32
10
13
9
9
-5
-10
-34
-27
6
1
11
-18
-27
-4
3
24
25
3
-11
10
-14
-31
0
6
3
-21
-11
23
7
-6
11
5
20
18
2
34
16
-5
-6
-21
-35
-52
-66
-30
-16
-18
-7
1
6
-21
-10
8
15
5
15
27
24
23
-3
15
40
34
28
23
3
16
0
-17
15
0
-13
-7
-18
-17
-18
2
-7
7
24
-15
8
-1
-28
-41
-9
4
-21
-6
-28
-31
-1
14
15
21
-9
-17
-11
-3
6
4
11
14
0
-28
3
-6
-6
10
20
28
-7
17
38
45
42
6
-8
2
-5
17
33
7
6
12
15
6
-28
-31
7
13
19
4
-8
24
10
-4
-8
7
11
2
12
-4
9
3
20
24
-15
4
-9
-15
0
-25
-51
-63
-25
-19
-26
-14
-25
-3
-44
-60
-38
-51
-23
-30
-5
3
-32
-35
-26
-35
-48
-35
-11
-12
-27
-9
19
25
-3
-4
15
76
75
40
65
48
27
45
44
58
45
35
52
51
70
26
22
21
34
40
22
37
12
22
8
-2
5
11
6
9
16
12
-8
-34
-29
-43
-55
-48
-47
-38
-29
-17
-32
-63
-62
-55
-30
-35
-57
-43
-7
-6
-15
9
22
8
15
35
29
24
-5
17
31
-4
-13
-1
-14
-43
-22
-17
-19
-22
7
14
-10
11
1
-8
0
1
6
-13
-6
16
6
-9
-2
13
36
19
-5
34
18
3
7
22
33
43
38
29
45
26
14
-13
-8
14
8
-10
-11
-21
-44
-29
-21
-16
-34
-42
-15
4
-8
0
6
-10
-22
-44
-16
-13
5
22
19
31
-6
-17
5
47
48
51
56
28
19
-6
-12
-22
-30
-18
-35
-28
-19
-24
-6
0
4
7
22
19
19
29
23
10
-3
25
28
30
42
1
4
6
-24
-26
-20
0
15
20
-12
-27
-22
-34
-32
-21
-19
-17
-11
-16
-36
-11
4
-36
-16
-34
-27
-10
-12
5
-13
16
29
16
15
11
24
40
29
33
21
19
18
12
28
33
10
17
40
8
-2
-32
-19
-38
-51
-23
-22
-12
-20
3
-16
-10
-23
-16
18
-16
-18
-27
-34
-2
-7
-7
37
29
10
24
12
5
-1
-8
26
-5
1
-3
-22
20
-5
-4
20
10
-4
-22
-29
10
10
-10
-1
0
-3
3
16
25
54
18
33
35
19
36
34
48
17
23
3
3
19
-4
13
10
-8
-58
-61
-40
-28
12
-19
-34
-37
-43
-37
-27
-30
-44
-15
8
-3
-27
-41
-35
8
25
40
29
47
31
-9
24
13
35
26
-7
-8
6
9
16
7
0
-2
-18
-21
-12
8
-10
-4
-9
0
-18
-41
-19
3
-15
-6
8
-12
-12
-20
5
16
-3
-19
5
24
12
4
38
35
23
32
26
31
3
6
1
5
-19
-37
-7
10
-2
-34
-45
-17
0
-7
22
-2
-6
-2
19
17
8
18
25
45
37
16
-2
-14
-32
-8
-15
8
-16
-64
-45
-35
-7
-8
-14
-3
0
12
27
1
19
42
32
21
38
31
-15
-6
26
23
16
24
20
14
-21
-18
-5
-7
-22
-22
-4
-20
-7
-17
-17
-9
-19
3
7
-3
31
45
15
13
1
-12
-35
-28
-32
-53
-23
-37
-28
-18
-17
-4
-22
-22
-60
-57
-19
-19
-22
-13
-3
15
12
30
37
16
18
16
11
19
41
19
30
26
15
43
29
3
-1
-4
-19
-9
-9
12
36
38
38
25
38
24
17
26
13
6
21
40
23
22
23
31
38
-4
-1
-4
-23
-30
-38
-48
-66
-74
-33
-33
-72
-33
-53
-50
-16
-15
-13
-17
-7
8
20
38
37
43
57
26
32
24
38
0
-2
4
-40
8
-4
-10
-16
-27
-13
-27
-16
-29
-33
3
13
13
-8
-17
-20
29
40
-20
-19
4
17
23
24
-12
-18
-17
-15
-24
-13
-18
-45
-44
-21
-13
-16
10
-16
-12
-2
25
26
-7
8
30
15
-5
4
-10
15
54
44
32
38
28
53
57
37
6
0
22
-4
5
13
-1
-4
-6
-1
-3
-25
-40
-27
-28
-54
-32
-19
-16
-6
-20
1
18
28
9
-10
-18
2
15
10
31
-3
2
15
19
29
-3
-13
16
11
4
31
16
37
35
34
65
31
-1
-13
-30
-38
-41
-51
-31
-33
-37
-32
-54
-55
-41
-43
-1
15
-18
-14
0
4
7
18
5
8
16
23
29
16
10
-6
-3
-6
-14
9
-7
-20
-18
-6
3
18
25
0
31
10
7
12
-28
-41
-37
11
-1
-1
27
6
-16
-22
-4
12
19
16
0
13
15
2
11
13
-29
-27
14
-6
-4
-16
-16
-8
-16
-16
-51
-22
13
2
-4
-7
5
3
4
24
46
28
-3
38
67
60
37
10
12
29
39
45
45
29
14
2
21
19
-5
-19
-27
-23
-20
-46
-28
-30
-62
-30
-39
-10
-10
-41
-18
-4
-15
-2
12
-2
7
19
20
7
9
4
22
16
-13
-1
-10
-32
-38
-34
-20
-30
-25
-31
-48
-28
-37
-25
-20
3
1
13
9
-2
10
7
65
45
53
41
28
32
13
39
27
22
19
19
2
-5
3
-16
-20
-6
-12
-15
-9
-12
-2
11
-5
-18
-18
-36
-22
-32
-17
4
-1
29
22
38
20
-6
-7
-29
-5
6
6
1
-3
-4
22
25
-18
-9
-4
12
6
13
19
-8
4
-2
12
16
13
-9
-21
-29
1
2
14
45
32
53
15
29
14
-12
-7
11
-3
-25
-18
-17
-7
-26
28
48
25
23
15
-9
-9
-36
-10
2
-44
-11
-30
-24
-32
-48
-22
-29
-32
-36
-42
-52
-26
0
3
4
3
6
25
12
17
44
34
48
31
17
6
0
5
9
-4
-25
-11
-9
-6
-7
8
0
-13
-29
-29
-13
-16
-29
-20
27
21
30
13
12
10
5
20
19
42
7
13
7
-3
12
-14
5
-4
-7
-12
-15
-10
-8
-6
-13
-7
-16
1
-22
-35
-3
17
26
44
47
62
57
35
64
30
9
6
15
1
-7
12
3
1
-40
-23
-23
-26
-36
-53
-46
-21
2
-11
-7
-48
-12
12
-13
-1
5
27
-4
-24
-24
-2
16
11
-10
-25
10
-13
-25
-5
-6
-30
-41
-27
-19
0
-31
-6
45
27
9
20
52
21
-15
20
28
31
33
-3
-22
-44
-23
4
3
-1
0
4
-8
19
33
21
31
34
13
23
40
36
62
27
-16
4
10
13
-9
1
26
12
-11
-32
-38
-34
-24
-24
-11
-44
-38
-33
-35
-36
-45
-6
-12
7
-9
4
1
-9
3
-12
10
-2
10
10
4
1
13
19
-33
-38
-16
-37
-55
-43
-28
-25
-35
-16
-20
-20
3
2
-4
7
52
78
56
56
67
56
68
50
31
44
40
48
45
31
20
10
-11
-4
0
17
41
-10
-19
-32
-43
-16
-26
-12
14
1
-2
4
-5
8
-24
-5
7
-10
7
15
0
-43
-26
-56
-48
-22
-33
-10
-9
-16
-13
-22
-35
-3
13
16
-15
-7
15
-7
-4
9
13
-2
1
-1
-1
-2
0
9
3
-4
6
-7
-15
-1
-7
2
14
27
8
-26
-35
-21
-24
-37
-42
-29
-20
-26
-26
-16
9
-4
16
58
23
10
34
18
21
2
19
67
52
48
31
60
53
41
51
11
3
7
-23
-32
0
-9
-21
13
41
34
-1
1
10
-15
-7
-5
-1
3
-8
-18
-12
-13
-26
-31
-16
-16
-26
-15
9
18
-22
-17
-16
0
-1
-48
-40
-40
-26
-12
-13
-1
10
-13
-26
-14
-12
-26
-9
6
-2
-5
11
31
23
46
35
33
35
10
28
31
-1
-4
13
10
-3
-28
-37
-12
17
0
2
10
3
-14
-28
4
-7
6
-1
-22
-6
-21
1
19
27
15
36
32
-16
-2
-3
-3
6
13
-3
0
-12
-31
-16
-17
3
-12
1
44
32
17
21
13
-5
12
2
12
31
1
-8
8
16
13
-4
-8
-6
-34
-28
-16
-25
-35
-29
-7
-10
-24
-13
-19
-35
-29
-11
-4
-13
-10
-16
4
21
39
46
34
2
3
21
17
36
32
44
-12
-20
4
-21
-3
-3
8
16
-7
-1
0
-5
6
-27
-42
-28
13
12
8
-5
-15
-5
-38
5
15
24
10
15
32
7
29
13
2
-4
-8
7
38
31
17
16
31
16
-20
-3
-15
-23
-11
-1
3
-3
-1
16
28
28
-7
-28
25
5
1
19
-13
-31
-68
-48
-14
-23
-48
-32
-7
-35
-23
-6
-28
-43
-45
-20
-21
-38
-37
-29
-3
-14
-16
-23
-16
13
4
-3
11
28
15
17
30
39
23
35
35
21
19
-6
23
26
11
-3
16
38
37
31
48
76
43
23
23
46
36
31
45
48
56
11
-3
3
-22
-11
-9
-12
-19
-2
18
-8
12
5
-9
8
-4
-13
-16
-32
-20
-27
-32
-6
-18
-48
-71
-50
-24
-23
-23
-23
-33
-12
-28
-35
-16
-35
-17
-37
-26
-27
-38
-9
-7
8
-5
9
43
48
20
-19
-22
-15
-5
20
7
-4
9
-16
-21
-23
-3
6
-3
-3
3
0
3
-2
-6
20
28
30
35
34
23
38
11
7
24
8
0
3
0
-17
18
17
2
9
31
50
39
37
56
34
-6
24
27
14
1
-2
-8
-7
-15
-25
-5
-29
-11
-15
-11
1
-31
-38
-63
-24
4
-16
-17
7
10
-5
-32
-45
6
-4
-3
3
-3
-28
-38
6
3
9
21
51
39
-3
-3
5
1
8
10
-4
25
28
33
31
44
43
2
-2
6
15
2
-1
-25
-21
-23
-23
-7
-25
-33
-41
-35
-32
-36
-52
-7
4
-38
-23
-7
-18
-13
6
4
3
-23
-5
-9
3
13
2
34
28
19
29
35
38
12
-13
-3
-12
-18
-19
-1
15
12
-15
-14
16
23
35
13
-2
2
10
6
-4
19
21
18
18
-16
-4
-18
-26
-3
-12
8
9
19
2
-38
-15
-22
-31
12
25
16
-13
-11
6
-3
6
0
11
20
44
43
34
41
19
14
-3
0
21
-8
-8
13
-5
13
13
-3
-7
1
2
-5
10
7
-9
-13
13
9
-26
-20
-3
-47
-50
-33
-48
-48
-38
-41
-26
-13
-38
-14
-14
-13
3
6
28
-5
5
22
22
-1
-19
-17
-14
4
-16
-4
-2
0
-21
-62
-50
-33
-10
14
10
1
-4
19
45
39
48
46
48
51
38
51
57
52
69
60
45
42
15
-4
3
5
-11
-12
-19
-10
-8
-6
-7
-20
-2
-25
-32
7
-1
-5
0
1
2
-6
18
23
22
11
19
20
7
13
-14
2
-20
-46
-43
-38
-38
-44
-45
-60
-81
-72
-26
-29
-12
-18
-24
-11
-34
-5
-3
-17
5
-12
-11
16
19
11
3
21
32
29
21
42
51
19
16
35
24
9
16
13
3
-28
11
10
0
8
-31
-25
-21
15
-15
-20
-22
-16
0
-34
4
41
54
22
-3
24
9
-13
-3
-1
32
10
36
32
-6
32
-3
12
-6
-10
-22
-19
10
-25
-10
-6
10
17
7
6
2
0
3
36
58
4
-9
-6
-9
-9
-23
23
2
-23
-37
-22
-20
-28
14
3
-1
-26
-25
-1
-22
-10
0
-27
-29
-16
19
10
-10
19
5
20
31
12
21
16
-11
1
13
3
7
10
13
26
34
19
1
-2
-29
-59
-45
-47
-28
-9
9
0
-13
5
7
-6
-34
-8
9
12
9
-9
-21
-13
-24
-61
-35
-6
-4
10
-6
-7
9
-1
19
26
23
20
13
7
13
-2
-10
8
9
19
10
23
41
6
-9
19
26
16
17
19
21
1
-9
9
34
28
22
26
6
7
12
4
3
-4
2
6
-9
16
0
-25
-15
-22
3
10
12
28
2
-12
-21
-43
-29
-26
-20
-43
-61
-61
-56
-61
-78
-34
-49
-50
-8
-24
-27
-21
-7
9
1
12
9
15
38
16
18
34
19
10
2
-15
-18
-9
19
47
29
18
24
45
43
58
64
25
21
19
4
-13
-1
15
8
15
32
23
23
2
-13
21
28
27
6
2
1
-3
19
42
27
5
15
-6
11
13
-19
-16
-21
-31
-45
-29
-34
-72
-62
-39
-24
-25
-32
-18
-19
-21
-36
-14
-11
-28
10
8
-17
-22
-1
8
12
-14
-9
13
-9
-17
-3
19
1
-13
-16
9
-10
-23
7
1
19
41
46
42
29
23
22
8
25
45
44
47
43
21
9
-16
-10
14
-2
-27
-43
-23
-30
-19
-29
-57
-37
-25
-28
-47
-9
8
-13
-23
-15
-19
-3
9
-14
4
3
1
6
14
18
26
34
25
6
30
67
53
49
10
15
1
15
28
9
28
-15
-2
1
-5
-9
-22
-4
-11
-17
6
22
26
13
-3
8
0
32
-5
3
45
-7
-3
6
17
23
9
0
-18
-35
-34
-32
-12
3
7
-13
-12
-10
-41
-47
-71
-45
-56
-41
-14
-29
-26
-31
-33
-24
6
9
22
20
4
1
4
16
8
9
21
-3
11
29
37
25
-25
7
30
26
9
18
31
1
5
-18
-2
18
-6
10
2
18
10
0
-6
-22
9
-9
-15
-3
25
44
9
-6
4
-1
-19
-6
14
19
17
13
-16
-31
4
18
10
9
8
-1
-13
-9
-26
-29
-19
-18
-13
-17
-8
-19
-4
-3
-29
-22
-30
-15
17
-13
-23
-22
11
38
3
4
3
7
14
25
0
24
29
16
41
18
9
-13
3
-6
1
3
8
43
53
46
20
33
41
24
17
20
13
21
-27
7
27
-37
-9
-19
26
16
9
36
-47
-55
-59
-14
0
3
16
-25
-13
-53
-39
-50
-30
1
-32
-15
-42
-31
-6
-28
-59
-30
-26
-42
-54
-49
-10
-43
-20
-15
-17
17
8
0
0
-12
-9
22
27
5
-14
7
0
37
70
21
64
82
34
55
44
32
51
37
46
10
18
84
25
18
6
19
36
-1
35
-9
38
18
0
23
-16
9
-19
7
-15
-11
-8
-53
-20
-9
-29
-13
6
-13
-45
-27
-13
-41
-2
-38
-22
-3
-52
-6
0
2
-10
-31
25
25
-5
31
16
10
-17
-20
-5
-45
-15
-26
-7
33
-13
-26
-29
20
-8
-16
37
-15
4
2
5
22
-3
-30
3
-1
-47
-21
-31
-8
-54
-23
45
-46
-9
1
-17
39
-22
37
17
35
54
-27
69
-8
-6
11
11
47
9
91
26
16
45
-24
47
32
25
13
11
42
-30
9
-26
-46
-21
-44
1
-27
2
9
-35
15
-15
-22
-1
-22
-9
-28
-3
5
-5
6
-6
-13
5
19
18
50
31
30
31
21
3
25
51
-13
21
13
7
-3
-34
1
-46
-13
-6
-10
-19
-39
-6
-47
21
-35
-40
13
-58
12
-20
16
9
-26
26
-63
-15
-19
-13
16
-38
21
-6
48
-15
-26
19
-67
-7
-30
19
9
-26
38
21
53
-29
-30
51
34
46
-12
-16
20
6
26
10
14
32
6
17
29
11
-10
3
25
24
-13
2
-11
-23
42
-31
-2
-6
-1
23
-47
23
-20
-15
10
-10
13
-47
-19
-25
9
25
-76
5
-23
-2
9
-27
38
-22
14
-9
-14
6
-27
27
17
-16
-3
-10
34
35
-2
-22
-18
35
6
19
11
19
9
-14
10
11
13
-12
20
-15
-12
21
8
14
5
40
-1
15
25
3
19
-32
45
-22
-21
22
-56
-5
-79
-22
1
-39
-10
-28
-5
-6
13
23
-29
-47
11
23
17
-7
15
-48
-13
70
16
-15
-10
65
0
-40
-37
3
53
26
15
-21
-19
7
8
33
9
-41
37
-3
1
24
-15
-9
-8
38
-21
-61
-35
-3
-12
22
-31
0
38
-7
14
-47
12
-53
19
27
-29
40
-18
6
-2
33
23
-24
62
44
26
61
-27
-12
-36
25
-24
-38
57
-27
36
-63
8
0
-63
41
-26
27
-21
-16
39
-9
30
22
-7
-37
-5
34
4
-21
-2
89
26
-28
-52
-10
-5
-75
24
-3
36
19
-26
29
-50
-3
-24
-19
19
-94
-60
-65
24
-10
-59
13
-54
18
-38
38
48
-58
21
1
69
56
-13
56
25
35
3
-24
15
-25
46
37
22
50
46
59
44
-26
-18
-25
-62
5
-40
12
46
-2
58
-52
38
-4
-41
104
-93
87
-67
16
64
-36
112
-223
45
-67
-30
88
-116
22
-50
85
-35
-98
-10
-122
87
41
-58
-14
-55
40
-21
4
-14
-37
19
13
39
2
-22
19
107
56
-14
16
79
25
30
60
-15
42
-29
36
51
-49
-24
-70
20
-30
-67
-23
-58
48
17
36
46
-27
-3
-71
-48
-42
-61
-18
6
62
27
-31
20
-98
-43
-69
-50
109
-32
107
-4
84
81
-48
120
-123
86
-20
-18
19
-62
182
-60
76
-50
-61
-9
-149
25
-34
-11
-13
86
36
-18
-9
1
96
20
-9
-118
-11
-32
-57
46
-53
-35
-14
63
-58
-54
46
-42
58
-8
-3
37
0
108
13
69
-51
-61
104
-66
11
-22
19
60
-39
57
-11
-14
-20
-15
79
-53
-59
63
36
14
-86
-41
19
-1
62
-13
100
38
45
87
-86
22
6
63
6
-3
37
34
110
-35
91
-47
6
1
-26
61
-68
56
-109
2
-28
2
-126
-141
27
-91
72
-33
2
-31
-1
-20
-52
-17
-61
77
-33
-47
52
-36
-116
-122
-17
-18
-50
-28
-128
-35
-82
-74
-39
-50
-29
-33
122
5
-25
34
68
52
-8
-2
-13
103
104
46
137
53
-21
-9
6
-14
98
204
42
89
34
34
-60
-27
41
22
77
33
145
90
104
-8
50
7
-21
1
-39
65
-63
70
-48
16
45
-42
39
-83
-34
-148
-45
-48
-76
14
-90
16
-93
-44
-51
46
-19
-138
88
-58
59
-58
36
19
-55
27
-38
65
-50
-11
-42
-51
-211
-34
-56
-167
-43
24
106
-151
48
-47
-86
-17
-103
134
74
80
51
138
36
-142
81
63
2
-23
92
63
-1
6
17
45
45
-31
-23
73
-40
89
31
-28
-53
28
126
-52
37
165
80
40
34
102
47
-60
68
-31
74
-40
-4
67
-206
105
24
3
52
-122
-7
-126
-59
-26
-59
0
-71
112
-54
-145
81
-36
3
-13
39
17
-80
42
-81
-82
-114
-67
1
-39
81
-40
81
53
-90
7
-104
-24
-63
62
51
-74
110
34
-5
-12
-6
29
-30
13
54
1
-11
-32
25
46
13
-58
23
-33
-1
28
27
-62
-143
281
6
70
73
28
116
-20
75
-93
161
11
33
32
4
46
-75
164
-157
-26
61
-90
-46
-95
55
-68
20
43
-81
4
-70
-98
-63
-69
-81
21
-35
-70
26
161
14
-216
33
-70
47
105
-77
112
-32
25
16
-136
-29
-114
-15
27
-12
111
51
37
-63
-30
78
-111
99
127
77
146
40
181
83
-18
33
43
-73
43
50
-80
-119
-48
-89
-41
67
-104
123
-26
62
-60
-105
19
-57
149
-78
82
177
-65
-54
-15
65
-97
-261
259
-90
-85
39
-338
63
-171
158
5
-135
131
-44
212
-185
-58
215
102
93
75
177
-8
-68
-40
-7
-103
-10
-34
-47
130
-146
-110
47
-2
-50
18
71
79
-121
20
47
-49
-73
-148
129
32
-24
21
0
-101
3
-18
144
-229
-84
193
-84
186
-170
212
-108
-34
142
-153
209
-193
191
159
-2
-40
-121
228
-147
-2
96
-113
103
-82
0
-21
-101
53
-132
152
-24
-56
179
-9
31
-43
79
47
-25
42
53
-26
33
-133
4
154
-250
41
-100
-12
-112
-133
156
-268
-45
-72
118
31
-126
94
58
13
-90
83
-35
-4
-33
169
89
-7
209
35
31
-161
77
95
-96
104
-60
12
-34
-33
135
-103
83
42
-6
5
-54
44
-171
36
-33
20
239
-56
28
-98
-57
38
-115
-8
-63
134
-38
-39
86
-106
-37
-64
44
18
-113
107
58
-45
104
-85
32
10
28
19
-154
-58
-152
80
13
-188
142
-49
-37
33
-156
158
-186
40
46
-8
184
-143
180
-94
32
-32
-45
246
-132
117
128
-167
-1
-100
32
25
-46
54
-119
218
-17
131
56
-38
106
-152
263
-127
-147
129
98
26
59
148
-152
-99
-217
14
75
-100
-50
133
49
-207
158
-5
-11
12
155
103
-211
-60
-157
-118
-78
33
151
-62
51
21
-62
72
-183
180
-71
-18
108
-62
179
-79
200
-142
-16
136
-198
21
24
81
-40
10
92
20
-115
-33
27
-130
84
114
169
-65
-172
0
-8
-181
-159
257
-58
-94
80
89
-65
-16
38
-5
-61
-60
148
-62
-72
-39
132
-106
78
-47
63
84
-323
147
-48
62
-116
84
58
-113
203
-68
83
-34
-46
11
-2
100
103
143
131
89
-31
69
-226
-235
-132
-44
104
-37
280
-60
89
-67
-253
59
-185
108
-76
127
251
-59
109
142
15
17
127
53
-76
-147
-65
-230
-99
-73
-79
216
-118
20
50
-106
-27
-70
53
20
-62
55
86
-92
85
-8
-73
-95
17
23
-62
82
-140
-31
110
-4
-204
60
-10
-110
86
32
258
54
112
14
-98
3
-190
127
-116
-68
182
163
6
-62
130
-51
-167
-104
196
-94
51
-30
62
190
-98
210
-87
5
75
94
-29
-195
159
-19
-9
128
12
111
-8
-116
-184
-172
-6
14
69
76
123
100
-36
-89
6
-21
-207
-143
79
-52
-159
31
105
1
109
119
-28
-151
-168
35
-22
151
12
174
139
-99
21
-139
18
-270
46
103
-152
-17
-27
-47
-88
16
85
57
-114
93
-194
-8
-144
-23
211
-201
107
-71
105
-59
131
405
-5
-42
-21
-10
-90
-109
31
35
-43
160
105
137
-137
-165
69
46
149
-119
117
-32
-22
16
-45
224
-65
137
25
73
40
-111
13
55
-28
-161
-22
92
-10
-31
111
-197
-155
-192
-92
113
56
-50
-26
152
-35
-51
59
67
-15
15
113
-52
57
-178
-131
101
-141
-16
-47
58
-142
-170
80
-3
-2
-16
-46
44
-119
-53
6
99
189
-94
159
39
-48
-5
41
72
44
205
-24
-95
36
42
8
153
93
14
-49
101
-84
-14
29
-215
307
16
102
-11
-85
-39
-295
326
95
-15
130
-157
75
-78
-38
-82
-323
79
-78
-28
196
-267
-24
-35
-222
135
-274
151
-83
-10
137
-276
225
-214
147
68
39
158
-100
78
53
-5
-2
30
-228
-27
-71
166
-163
50
101
-171
235
-113
-13
-137
157
-59
101
254
-124
44
-100
-23
54
147
-6
155
145
114
-47
62
-5
-216
96
-111
47
-104
58
-26
15
171
-145
42
-54
56
-209
-8
-45
-40
114
-95
117
-84
88
-11
41
81
48
5
56
-115
-106
79
-267
4
-223
-13
-145
-52
66
-69
184
-18
148
-30
66
-66
-19
195
61
144
120
152
107
48
32
-57
-103
-231
-235
-9
-127
-23
-9
-8
136
25
106
22
-24
60
-63
-57
70
-110
-144
-39
22
-11
-6
116
2
-53
-147
62
7
-133
135
37
71
-30
-100
43
31
45
-27
84
-53
-96
37
0
27
78
69
15
172
37
76
-94
18
80
-252
143
-160
7
52
-137
272
57
145
-31
28
1
-458
-84
35
-202
-105
-95
26
-136
-174
331
42
187
36
151
222
-303
129
-165
128
-226
-53
340
-157
301
-41
421
74
34
276
-300
31
-440
-225
-299
-311
41
-99
208
59
306
383
156
253
180
1
-246
-234
-187
-218
-191
-34
26
9
13
69
254
44
-78
32
-88
-135
-351
-40
55
-203
38
62
252
-85
-31
74
-68
-1
-92
284
159
103
-31
211
22
-155
160
-69
86
-338
111
4
-244
-89
-318
42
-470
-47
58
114
165
127
583
143
218
187
380
37
-93
92
-279
-320
-385
-199
-331
-320
-128
62
124
132
256
146
0
126
263
116
4
165
146
-156
177
146
180
-228
-248
251
-441
-116
-160
121
-37
-241
465
62
306
99
333
259
-344
19
-156
-246
-432
-465
-148
-346
-179
157
137
4
2
267
30
290
199
103
-36
-81
153
-194
152
-397
206
-268
-455
150
-406
301
-559
430
85
-188
420
-280
738
-390
324
193
-213
478
-566
390
-476
-385
-22
-548
403
-266
496
229
132
676
-172
461
-181
-5
-170
-450
-116
-619
-148
-263
182
74
202
587
296
247
19
247
-181
-227
-222
-49
-224
-445
476
195
191
97
378
506
-261
211
151
202
-477
-94
612
-360
184
118
643
46
-529
549
-66
-310
-824
75
-35
-866
-139
-226
268
-567
-204
594
-114
-75
-109
411
-56
-361
74
-16
-136
-377
144
206
-52
15
51
1
-83
230
172
203
21
366
312
-103
439
-54
-118
-587
-301
84
-646
-107
97
410
-344
-165
688
307
241
-34
502
-71
-820
-468
-318
-615
-1342
-783
-87
-361
-375
36
707
426
5
611
844
611
229
662
891
399
150
435
577
39
-516
-660
-523
-976
-731
-678
-510
-429
-657
112
228
528
436
150
499
339
304
-29
-52
242
-393
148
321
26
296
-450
120
133
-549
-707
-500
397
-184
324
595
668
981
-143
863
1138
458
-30
486
1929
1052
1138
1694
2206
1316
-414
970
738
-957
-1752
-866
68
-1592
-1221
395
521
-927
-1357
142
-577
-1841
-1732
-822
-1303
-2373
-1205
-234
-733
-1261
-177
187
-814
-847
-463
-311
-1329
-1126
-112
-437
-492
-43
960
359
-35
957
1001
543
-192
484
505
-325
-122
449
957
49
307
1130
1011
850
631
1279
890
400
670
896
929
212
318
543
289
-94
-123
-360
-899
-1737
-2759
-3019
-4395
-4753
-5722
-5708
-4852
-4856
-2620
-1805
1838
3971
5302
7965
8365
11433
10422
9988
7760
3808
4768
2935
4028
588
-2292
8
230
4467
637
-2875
-5831
-8066
-3627
-6361
-6689
-9266
-8541
-3265
-1759
4102
2230
1731
3952
3929
5729
1241
649
299
-3018
-5420
-7623
-5067
-5493
-4373
-1232
-1604
-1415
-986
2290
4044
1442
-270
-70
-34
-2
1407
1794
566
-473
1014
2444
1904
2219
1952
375
-1543
-1411
-459
-1370
-1544
-311
671
-296
-507
2031
2298
170
-563
69
-152
-1181
-119
1112
-192
-1908
-566
2008
1859
706
887
1520
521
-248
900
1210
283
-115
563
1222
441
-108
101
-527
-1733
-2009
-1108
-727
-782
-1014
-628
-168
137
1353
2084
2416
1550
789
675
-138
-1067
-2419
-3325
-5019
-7035
-7210
-6380
-6100
-6385
-4294
-321
3328
5955
8640
12012
13264
13801
13132
11189
6847
3163
4728
3736
808
-2976
-3347
87
2227
2615
-2941
-7732
-10087
-7969
-4132
-6103
-8420
-9379
-5744
-217
4443
5730
1698
1987
3212
3374
2152
-987
-1952
-5371
-7053
-7421
-7432
-6479
-5237
-147
-267
-3074
-1317
2260
3618
1039
727
953
-1505
-1706
2625
5108
1508
-888
1994
3926
564
-593
2676
1112
-4750
-5408
-14
1248
-1167
826
4758
4646
1043
2899
7014
4111
-879
-1611
868
-588
-2682
-152
798
-1482
-3249
-157
3171
1740
-231
-160
1190
439
431
3035
2895
1290
469
1128
2165
550
-657
-1448
-2855
-4044
-4207
-1935
-746
-1203
-1315
-386
768
1413
2854
3908
3579
1677
566
2043
2378
1070
-588
-1507
-2294
-4641
-5186
-5378
-6739
-8670
-9319
-6821
-5801
-4457
-1912
1675
5711
6895
10268
13086
14324
15375
13176
9933
2691
-1096
-707
-1117
-2274
-7263
-5959
-3089
1175
4951
1101
-2340
-7860
-6560
-2138
-2652
-5480
-9412
-4948
-658
3590
6888
3846
3486
1215
1459
2991
-1221
-4787
-6914
-6184
-7703
-9117
-6150
-2951
824
1122
1372
2811
1786
1711
2451
1789
-1707
-4629
-2185
2102
2502
798
1189
2221
1695
425
1709
3570
347
-3414
-2271
1501
2301
2043
5063
6862
4919
1274
2293
4020
-237
-4214
-4679
-2365
-2879
-3126
1099
2671
487
-1870
953
3971
1789
-768
-930
-439
-2249
-2530
315
1754
104
-1395
-245
1092
-529
-1964
-871
-692
-1576
-2161
95
3036
2789
2161
2602
3634
2895
1664
2558
2903
672
-2144
-1462
355
41
-1439
-1697
-338
-1195
-2999
-2270
-1256
-2616
-4601
-4818
-3894
-4736
-6493
-5549
-3051
-1357
-309
3259
7846
9519
9995
10143
11012
8450
3168
-861
-3572
-2801
-2619
-1334
-919
-757
2526
6717
9443
2765
-6539
-12383
-12047
-7263
-6065
-7728
-9475
-5126
2803
11587
14742
7933
3385
1719
1632
1265
-3272
-7534
-10156
-9548
-7484
-4532
-2179
-1089
3028
4683
2603
377
-749
67
277
-728
-2273
-4009
-1770
4233
7437
5782
1976
965
1843
1581
1239
1919
403
-3065
-1484
3373
6057
4709
3838
4847
3043
-390
-2201
-1696
-3505
-6203
-5483
-2712
-578
-1048
123
1261
-959
-2594
-2295
-531
-692
-2639
-2557
-582
1396
1918
2756
3243
2140
714
76
637
-65
-1305
-1516
-1285
-373
197
1496
2823
1932
921
-21
-355
-493
-584
140
-259
-663
-514
1153
2419
2800
3327
2219
1265
653
1578
1777
1
-1486
-2341
-2877
-4311
-4904
-5202
-6969
-9053
-8361
-5264
-1611
1134
4915
8220
8876
9432
9988
12298
9029
3483
-502
-2178
1153
1679
2957
1638
-156
1605
4994
7148
-1369
-10839
-15668
-13205
-7412
-7046
-5644
-4556
-990
4881
11235
13493
5046
-784
-2211
-1572
-2620
-7651
-7693
-6582
-5608
-4023
-1270
888
-378
417
303
-3016
-6739
-7749
-4594
-1764
-895
-145
1994
5728
9094
9578
6979
3319
1320
508
-392
564
2615
2756
1767
2878
5303
4804
2460
1675
597
-2981
-7020
-6792
-4217
-4054
-4241
-2163
622
810
1101
3252
3218
441
-1081
838
2477
2158
2481
3949
3942
1638
104
-45
-2004
-4579
-4797
-3633
-2747
-2426
-145
2366
3167
3877
4776
5852
4227
1421
-199
-1501
-2148
-2789
-1477
170
386
891
866
1624
1608
298
-159
-801
-899
-849
-159
769
296
148
-84
87
-712
-2704
-4472
-7065
-8496
-9674
-8850
-7310
-6703
-3128
662
4814
7313
8978
12264
12531
11400
7695
3263
-417
-3177
255
3500
3296
1734
1909
6340
6514
1200
-5862
-13059
-15505
-13735
-7182
-1844
-2902
-1367
3781
11450
14564
8262
1883
-2729
-4823
-5456
-5673
-4947
-6638
-6832
-4004
-1097
-241
-4080
-5939
-3213
-3811
-6632
-6552
-2617
2674
4961
6804
9576
9135
7234
6746
5812
1921
-3453
-4939
-1560
1415
2717
5304
6230
3941
1220
-288
-1055
-4024
-7213
-7659
-6635
-5251
-2428
2600
6750
6944
4581
3778
4152
2459
264
-1406
-2896
-2559
-714
3068
5926
3822
530
-1591
-2672
-3532
-4444
-3689
-2756
-2028
-470
2448
4875
5146
4391
2663
1134
-895
-2753
-2477
-1739
-1481
-1541
-1089
799
2864
3393
2897
1781
697
-286
-171
1325
1573
388
-802
-613
-1070
-3160
-4395
-4256
-3783
-5266
-6418
-5839
-6671
-6759
-5925
-4715
-4653
-6238
-2994
1429
5047
7187
7491
11593
13008
13153
13640
10375
4617
-1807
-1776
934
4347
3241
-1693
85
344
2010
2235
-4204
-11927
-16624
-11152
-4642
1235
1952
-1034
4000
6669
8438
6593
-1988
-6561
-8410
-6883
-4117
-1648
341
142
1029
760
-1108
-4410
-6319
-5017
-5805
-7095
-6392
-2620
3902
9323
11566
9547
4436
1878
3169
1472
-2619
-4122
-2580
-535
1095
6024
9899
6778
68
-3138
-3413
-5829
-7647
-5637
-2017
-2431
-2109
3858
7641
6169
2341
930
-15
-3364
-3400
860
3554
1152
279
3679
4998
2947
-581
-2898
-5535
-8956
-7463
-2602
987
2766
3775
6078
7189
5992
5401
3835
880
-1934
-2750
-730
1241
1594
667
-568
-1314
-1748
-2369
-2149
-2044
-2973
-3220
-2282
548
3101
3688
2872
1460
169
-1394
-2025
-1283
-405
-1233
-2681
-3739
-4028
-4309
-6611
-8575
-9690
-10092
-8707
-5947
-1677
2165
5492
10500
13875
15614
16205
15726
13673
8023
1525
-3811
-2294
1931
4273
2565
-1515
-684
-28
750
-3913
-12173
-20426
-25220
-14009
-1079
4636
4344
5437
11336
11681
10999
6590
-648
-7399
-10278
-2429
2132
978
809
1734
321
-6578
-10769
-11622
-12312
-10858
-6915
-2791
-733
1936
9509
15857
12970
6424
1151
-7
722
296
1534
1264
1459
3551
5939
7740
4839
-1589
-8077
-11095
-10796
-8803
-5184
-202
4788
6200
6248
6689
5787
2810
-1431
-2648
-3006
-3489
-1120
2298
5331
4038
1012
1104
489
-1892
-5173
-6232
-4341
-3142
-487
3848
7841
8869
6112
4481
2252
-1098
-2785
-2485
-955
-1996
-2786
-620
1253
522
-1618
-2515
-3350
-3963
-2301
1573
4135
3681
2576
2398
2923
1901
914
-66
-2331
-4336
-5193
-3578
-1099
69
-1217
-3594
-6423
-7982
-8780
-9033
-7379
-6462
-3164
-269
4475
9877
11947
14143
12392
11336
8993
8290
8490
4082
-1162
-6612
-2577
2579
5141
2861
-2880
-3206
-5387
-2063
-3301
-10911
-14957
-14274
-2742
5604
9110
8253
5120
5012
2903
2919
-2563
-10100
-9844
-5895
-236
1965
2514
2509
-183
-4474
-9276
-12918
-14574
-11079
-3611
2338
5543
7564
8549
9853
10719
8733
2477
-4420
-3633
1475
3716
3623
5164
6240
3345
759
1844
2171
-4808
-10213
-7986
-4664
-3355
-1808
4579
7067
2595
-180
415
1290
-1867
-2542
1225
2289
1110
1633
5570
5153
-1097
-4640
-3807
-1809
-2619
-2785
-429
-217
-1791
-1131
2068
2850
1485
1237
2711
2720
726
2092
4174
3128
-289
-2685
-2127
-2696
-3756
-2997
-2124
-2641
-3025
-843
2079
2518
1353
734
191
-157
905
2925
3769
2024
-5
-488
-1427
-1758
-1059
-1102
-2538
-5469
-5735
-5083
-5490
-5239
-4648
-2718
-1985
-870
1679
4900
7756
9075
10368
10020
9600
8494
7648
5266
-988
-4203
-2366
3278
6149
2443
-506
-1425
-1717
-1874
-4046
-7605
-13968
-14176
-4175
3584
4796
1169
970
2601
-1256
-4319
-6050
-7073
-6518
-2743
4237
5654
3197
2755
1083
-3600
-9968
-12333
-8676
-4676
1066
6856
7400
4643
1422
1774
1846
-1851
-3445
-2453
973
5533
8713
10417
8847
4707
498
-2237
-3714
-3945
-4567
-4164
-1815
232
2089
2562
3454
2659
-1031
-3968
-4448
-3171
-2081
864
4506
5463
3328
1458
1570
1019
-1059
-2468
-1035
70
-250
-802
-1065
-931
-2453
-2855
-1365
434
2202
3089
4621
4773
3030
2175
1596
819
-1402
-3376
-2002
-1295
-2248
-3011
-3472
-2924
-3001
-1432
2366
4106
3269
1152
998
2109
1488
1349
1397
475
-1038
-2400
-631
1310
463
-1264
-3260
-4833
-7097
-7502
-5844
-4301
-4118
-3766
-24
2652
5199
6675
9039
10648
8194
8838
9004
8444
4297
-1842
-2350
-244
3766
5687
3486
-578
-4174
-3942
-2269
-5391
-11727
-15424
-12260
-3246
3264
4665
1848
-1867
-2812
-3035
-3238
-4980
-5461
-1129
3969
7064
5515
3041
1436
-2386
-6463
-10434
-9999
-5209
-121
4926
7126
6034
2616
-2038
-3347
-1791
-1509
-872
1200
5250
7879
6024
5134
4546
544
-4183
-5282
-690
3724
3238
3343
3637
1423
-1802
-3650
-1250
-1298
-3897
-3585
-1531
619
-331
1
2980
2613
189
-1288
203
1577
425
486
1192
393
-2044
-2692
-696
345
-35
479
2469
3332
3334
3505
3438
1118
-2508
-2751
-1006
408
575
342
1133
-183
-2435
-3491
-3465
-2609
-2064
-755
1793
4583
4966
3275
519
-730
8
244
2083
3264
3341
1286
-1171
-686
-1253
-3182
-5314
-4938
-4193
-5679
-6234
-4426
-2727
-3235
-3761
-2922
-1138
555
3737
8101
10390
9164
7176
7041
8241
6051
13
-3713
-1932
3593
5761
4021
971
-2024
-3406
-1991
-1303
-6420
-13676
-12547
-2695
2634
773
-2668
-2686
-2322
-4494
-4787
-4579
-3570
304
5924
8379
4104
981
1831
939
-3090
-7515
-6677
-1631
4532
9821
8742
2590
-2921
-5938
-7192
-7103
-4624
-981
1149
3406
5939
4564
385
-982
1493
1200
-1103
1999
7416
8162
3505
301
-746
-4286
-5800
-891
3297
1501
-2429
-2176
24
-3409
-5734
-3308
720
2747
1490
2654
3017
1153
328
1018
2469
158
-2086
151
3302
3246
-621
-1985
-534
54
-31
609
1848
1974
1571
1654
909
-2190
-3497
-1448
81
-61
-1285
-1527
-945
-610
1108
2009
761
-596
-458
458
797
2471
4815
5176
2534
61
-336
-855
-1317
-276
1219
-263
-3939
-6273
-6628
-7568
-8889
-8036
-5563
-3941
-3485
-1028
2722
5844
6640
6413
7759
8292
7894
6635
4662
1746
-1700
-241
5934
9653
5858
-575
-1992
-370
-565
-4097
-7648
-10685
-10136
-2712
4282
3825
-3395
-6822
-4600
-4494
-7365
-8247
-3627
2673
6371
5589
1275
-1651
-665
1531
-97
-4266
-4113
1108
7624
10478
7369
405
-6174
-7280
-4422
-2579
-2095
-484
2032
2183
-498
-3423
-5035
-4281
-785
3009
4538
4235
4345
5072
3972
1263
-1584
-3272
-1594
3488
7989
6663
462
-4618
-5480
-4427
-2997
-427
1896
2927
2275
413
-2168
-4889
-4109
-433
2892
3444
2151
2390
2863
2428
-500
-2834
-1778
609
4060
5309
4218
2321
-642
-2176
-2877
-2694
-446
1794
3321
1799
-1448
-3828
-5284
-4577
-2048
1331
2921
2545
1775
1967
1354
-117
598
2459
4053
3801
3596
3589
1851
-992
-3683
-5625
-7790
-9346
-9369
-6916
-5219
-5276
-4806
-4504
-2782
-1054
1784
5076
5954
6788
7684
9346
8286
3286
-708
1587
9501
14294
11577
3784
-645
934
3184
103
-7447
-12441
-9680
-500
3990
-594
-8819
-11625
-7383
-5050
-7503
-11405
-10936
-3801
4200
5560
-518
-5062
-2140
3201
3948
850
-43
3519
8281
10648
8783
2574
-2323
-2699
-1214
-354
-1009
-389
252
-1547
-3076
-4086
-6163
-7040
-4404
231
2535
2183
2771
2591
252
-945
1456
3935
4380
6058
8571
7748
1707
-3449
-3438
-2147
-1482
185
2123
1978
-662
-3511
-4514
-5229
-4528
-1329
1767
3179
1725
-411
-1155
-1343
-1485
-556
2881
7255
9263
7726
4913
1811
-1474
-2816
-1605
350
1252
1435
1139
-379
-3429
-6634
-7023
-4962
-1650
1761
2878
2297
296
-2076
-2920
-2177
965
4644
7014
8316
6823
2789
-516
-1119
-482
-1001
-2413
-3019
-3414
-5582
-7485
-7848
-7646
-7074
-6720
-5485
-3842
-1899
1019
2686
2832
4033
7692
10986
8410
882
-1723
5299
14824
15904
7126
-66
1581
7070
6907
-789
-9625
-11563
-3503
5923
4549
-7890
-16637
-12841
-5769
-7268
-14463
-15439
-7343
2963
7323
2957
-5228
-8100
-3006
2973
3264
290
1192
5345
9181
9339
5047
600
-783
1348
3225
3329
3503
3527
-323
-4627
-3996
-2741
-2478
-1895
1145
3799
1729
-826
-1610
-2445
-3825
-2064
3479
6879
5197
2387
1621
-357
-3502
-2760
1301
2747
1441
2028
4558
3440
-3272
-7349
-5955
-3158
867
4678
5888
1157
-5681
-5999
-3040
-1870
-935
3183
7828
7120
2803
-195
-684
-700
984
4995
6167
3017
-221
-463
7
-2422
-4939
-4267
-1959
316
1640
1277
-550
-3215
-4592
-2895
-35
3000
5658
6293
4675
1467
-1767
-3221
-2267
322
2255
820
-3570
-7603
-8892
-8398
-7207
-5428
-2810
-549
227
302
-1142
-2028
218
5039
9089
8190
4568
4729
8820
11305
8563
2740
1759
7136
12288
9899
-836
-10377
-9981
-1165
4994
276
-9484
-13301
-8889
-4428
-7534
-13608
-14949
-8993
-899
509
-3413
-6479
-4986
-1142
-551
-1725
-992
2982
8415
10086
7347
2625
279
1938
3244
5003
7640
8345
5461
-1063
-4856
-3879
-2123
1232
4097
3576
28
-4622
-4607
-2847
-3660
-2773
492
3203
2616
1535
2657
911
-4253
-6414
-2010
3603
4545
3643
3297
1986
-774
-3075
-1790
835
2800
5367
5338
1391
-3917
-6239
-3590
-1160
-1362
-1151
360
1538
779
-753
-537
351
336
742
2315
3806
4078
2360
-535
-2644
-2808
-735
2114
3586
3636
2381
-265
-2877
-4078
-2407
320
1948
2634
2160
688
-1205
-1614
-749
156
1234
1819
1471
-1030
-4898
-6933
-7442
-6652
-4899
-2877
-138
807
-139
-2432
-5439
-5883
-1487
5761
9103
5797
1727
4846
11465
12621
6018
-540
2384
11557
17255
11165
-3155
-12004
-5838
8012
10865
-1350
-13278
-12262
-4243
-2817
-10177
-16342
-15161
-8290
-1969
-3979
-11978
-15343
-9056
-196
903
-2215
-587
4538
6499
3894
2586
3829
5568
6801
7233
8345
8462
7267
4598
276
-883
1080
2812
4063
3424
1527
-821
-2802
-2244
-2583
-3978
-2431
926
2143
-411
-2059
-1589
-3426
-6524
-5547
-336
2020
482
921
2041
550
-1924
-1693
1763
2858
3281
5829
4637
-675
-4514
-2377
1716
632
-1201
696
1757
-281
-2368
-1127
783
-519
-1064
1145
2639
1366
532
2293
2510
78
-1615
-349
1542
1884
2506
3069
1308
-1817
-3294
-2336
-526
1423
3384
3325
-39
-2919
-2638
-1530
-1059
28
2422
3010
-246
-4283
-5402
-5714
-5929
-4685
-2855
-941
-799
-220
-437
-3535
-5609
-2813
3493
5848
2422
-656
3307
9868
11401
6538
1047
3054
10532
15414
9774
-2712
-8700
-390
12965
13897
936
-10717
-9273
-1927
-1435
-7718
-11948
-10915
-7573
-5225
-7393
-12865
-15789
-11660
-4515
-3262
-5550
-4016
55
739
-2729
-2584
2509
6917
7692
6345
7018
8210
7694
5134
2647
4229
8110
9433
7385
3561
723
240
1028
3561
3600
297
-1517
-1757
-2159
-3839
-3790
-1721
-2928
-6780
-7163
-3582
-1893
-3642
-3985
-1973
-1759
-3044
-2105
714
1099
391
2919
5207
3578
1037
1530
3240
1470
-141
2493
4202
1717
-1315
27
2238
604
-1239
142
2510
1915
491
324
-482
-2345
-2687
-255
1479
574
-566
-188
124
-390
-628
-21
846
1470
1787
1304
274
-216
103
-292
-1192
-605
945
1941
1092
-1075
-2980
-5264
-5851
-4147
-2059
-131
31
-144
-1695
-4481
-4223
166
5106
4712
-508
-3292
1666
8683
10318
4853
-447
2694
10795
14183
6110
-6193
-8718
2576
14471
12507
-144
-8168
-4630
904
-936
-6898
-8549
-5084
-1356
-2380
-8804
-15514
-15965
-9530
-4101
-4784
-7018
-5571
-3595
-5610
-7896
-4882
598
3519
2799
2616
5493
7276
6572
3644
2056
5289
9018
9922
8892
7235
5985
3957
2429
4082
5159
4008
2530
1264
-548
-2510
-1784
-344
-2499
-6755
-7126
-3965
-4010
-6759
-6013
-2596
-1810
-4542
-5903
-3526
-2349
-1494
1164
2476
1409
260
2467
4175
1594
589
4242
6712
4322
1544
2936
4412
1968
25
1916
4096
2791
872
589
-338
-1977
-2320
-992
-342
-888
-340
-264
-2542
-4396
-3190
26
1855
1966
1487
190
-1176
-937
-106
-1566
-3041
-1156
2066
1863
-1906
-3776
-2548
-2013
-2311
-1306
744
1369
-727
-2332
-2362
-1186
1306
3100
2743
1654
3467
7226
7341
2019
-1564
2565
10580
12817
6054
-2554
-4678
887
6351
5780
936
-2318
-1489
375
-1078
-6081
-9589
-7243
-1254
220
-5607
-11204
-10506
-7920
-8948
-10615
-7718
-2735
-1840
-4668
-6402
-6484
-5674
-2357
1738
4518
5665
6161
5871
2650
962
4439
8168
8264
7053
7597
7766
4173
1040
2533
4565
4512
3694
3334
1780
-988
-1462
-32
120
-1589
-2035
-1541
-3405
-5761
-5523
-3378
-1989
-2972
-3762
-3316
-2859
-1835
-1727
-2788
-3114
-1528
1082
2010
1488
1993
2987
2486
1129
1112
2616
3729
4087
3594
2272
492
-102
2040
3524
2304
393
-243
853
1171
559
639
31
-1200
-1933
-1713
-1573
-2218
-1697
336
861
-1648
-3115
-1554
64
-577
-2077
-1554
-906
-2201
-2665
-1278
-695
-1592
-1183
1508
2645
-33
-2203
-1380
-119
274
770
1825
1673
2447
5898
7756
4240
-50
3030
9736
10550
5004
488
885
3430
5114
4327
690
-2985
-2512
559
-525
-6136
-9129
-6434
-3064
-3864
-6986
-8211
-7494
-7450
-8322
-8839
-7358
-4354
-2880
-3544
-4896
-5302
-4539
-3536
-2135
376
3294
4811
3735
1015
461
3732
7015
6936
6032
7748
9053
5758
1690
2893
6533
6449
4415
4676
5061
2289
-968
-824
-23
-1484
-832
2304
1532
-4208
-7589
-4815
-2494
-4519
-5566
-3052
-1989
-3847
-4385
-3117
-3784
-5093
-2483
2132
2716
274
624
2449
1616
101
1632
4676
4637
2608
3103
3391
1294
-111
1609
4216
2874
260
446
1240
228
-971
-71
1359
552
-875
-1112
-1614
-2511
-2093
-278
232
-1395
-2603
-2283
-1703
-1348
-437
335
-933
-3416
-4215
-2490
-247
615
859
442
-1256
-2334
-1289
1324
1888
-181
-936
1787
5789
6873
4640
2304
2843
6209
9246
8646
5060
2019
3053
6514
7043
3571
-166
-699
621
-294
-3566
-6285
-7270
-6386
-5033
-5155
-7243
-9042
-8988
-8652
-9384
-9331
-6276
-3520
-4147
-5555
-4694
-2887
-3085
-4428
-3658
-370
3131
4817
3421
462
-162
2292
4470
4980
6434
9334
9688
5666
2454
3621
5544
5867
5919
6048
5076
2847
1686
1406
-574
-1964
-213
1806
568
-2773
-4072
-3245
-3510
-4764
-4819
-4116
-3859
-3461
-3122
-4011
-5689
-5889
-3363
-587
319
917
1343
606
194
1151
2782
3360
3220
4533
5422
3860
2284
2478
3188
2653
1699
1969
2097
706
-462
-511
-415
-419
-492
-907
-1918
-2080
-737
-222
-1912
-2958
-1268
108
-1536
-3746
-3056
-880
-461
-1295
-1467
-1435
-1630
-1143
186
597
-565
-1171
0
1024
597
269
969
1355
568
1132
3612
5006
3539
1565
2440
4874
6767
6921
5101
2385
1356
4151
6761
5016
1565
597
1274
128
-2810
-4509
-4606
-4402
-4037
-4522
-6367
-8038
-7786
-6878
-7775
-8844
-7540
-5057
-4323
-5186
-5107
-4498
-4363
-4040
-2808
-44
2651
3277
1478
-770
230
3188
4207
3934
5148
7353
7141
5109
5208
6488
5437
3961
5403
7277
5273
1730
1564
2868
1568
-560
-115
871
-853
-2916
-2658
-2261
-3575
-4743
-3803
-2731
-3071
-3607
-4053
-4982
-5263
-3701
-2103
-2468
-3260
-2196
-758
-625
-17
2250
3334
1847
851
2338
4077
3976
4126
5565
5468
3034
1313
1532
1516
571
923
2345
1686
-898
-2467
-2296
-1555
-651
451
167
-2165
-3248
-1492
-135
-1657
-3269
-2166
-658
-1393
-2675
-1929
-961
-1538
-1909
-664
755
594
165
761
940
18
-428
450
1589
2370
3762
5116
4262
1832
1128
3482
5941
5703
4006
2590
2029
2373
3359
4130
2889
1084
953
1369
156
-2555
-3870
-3125
-2726
-3678
-4821
-5547
-6054
-6702
-7329
-7546
-7345
-6453
-5344
-4768
-4695
-4694
-4635
-5035
-5091
-3332
-219
1875
1418
481
1063
2420
3228
3601
4670
5763
5652
5334
6040
6748
5952
4557
4803
5874
5419
3805
2970
3090
2326
694
-183
-596
-1663
-2560
-2064
-1201
-2156
-4024
-4777
-4679
-4307
-3552
-2254
-2053
-3468
-4228
-3237
-1914
-1639
-1898
-1674
-995
-266
834
1941
2114
1588
1221
1772
2776
3352
3759
3891
3620
3143
2806
2264
1068
346
1235
2828
2486
-134
-2589
-2856
-1363
-101
-2
-747
-1484
-1757
-1883
-2270
-2396
-1402
-183
-404
-2071
-2923
-1664
-208
-533
-2066
-2433
-1064
456
887
549
445
564
846
917
690
926
2152
4119
4840
3465
1526
1383
3319
5097
5144
3492
1755
997
1040
1034
774
1174
2072
1918
-149
-2507
-3350
-2966
-2569
-2552
-2515
-2944
-3668
-4025
-4457
-5276
-5984
-5386
-3956
-3421
-3718
-3517
-2865
-3045
-3791
-3623
-2156
-811
-503
-338
330
1286
2105
2447
2345
2252
2611
3448
4233
4715
5193
5379
4831
4019
3872
4164
4191
3927
3424
2391
718
-410
-385
-193
-680
-1386
-1945
-2766
-3568
-3717
-3428
-3591
-3862
-3499
-2740
-2194
-2033
-2060
-2275
-2104
-1220
-211
149
326
1102
1557
1031
464
1101
2306
2812
2758
2647
2572
2200
1933
1725
1215
1123
1782
2398
1669
118
-511
-145
-96
-756
-983
-388
63
-405
-1317
-1635
-1467
-1451
-1922
-2420
-1989
-849
158
-206
-1619
-2771
-3056
-2351
-1178
127
545
19
-702
-919
-559
-70
939
2253
3100
2863
2034
1438
1669
2790
3849
4233
3952
3671
3448
2555
1224
628
978
1277
1264
1134
734
-419
-1794
-2155
-1770
-1685
-2250
-2987
-3641
-4233
-4381
-3869
-3226
-3060
-3281
-3520
-3687
-3666
-3278
-2576
-1748
-1018
-647
-885
-1163
-498
767
1309
883
576
1063
1804
2108
2325
2674
2842
2829
2717
2736
2841
2845
2641
2305
2335
2678
2480
1543
785
635
318
-775
-1695
-1578
-1151
-1367
-2122
-2729
-3021
-2971
-2497
-1984
-2011
-2137
-1612
-842
-646
-883
-507
474
1080
1143
1181
1379
1516
1659
1746
1632
1599
2024
2385
1770
859
740
1319
1356
631
303
635
825
304
-359
-619
-476
-440
-738
-1145
-1065
-420
-371
-1364
-2381
-2070
-998
-575
-864
-1055
-1128
-1470
-1765
-1511
-865
-404
-155
-55
-342
-811
-645
76
832
1294
1590
1916
1877
1747
1921
2182
2206
2375
3063
3579
3148
2097
1555
1795
2132
1810
864
-30
-466
-597
-937
-1346
-1487
-1507
-2101
-3304
-4018
-3807
-3294
-3125
-3150
-3043
-2883
-2968
-2989
-2773
-2427
-1917
-1306
-576
-71
254
555
656
690
902
1357
1816
1849
1672
1738
2083
2478
2429
1768
1041
940
1642
2310
2004
1237
824
1090
1432
1253
952
544
28
-397
-501
-364
-529
-912
-1097
-1287
-1816
-2661
-2926
-2132
-1378
-1456
-2035
-2141
-1519
-822
-404
-294
-152
340
928
1178
1121
1400
2222
2686
2203
1450
1434
1891
1835
1416
1155
985
562
85
-21
8
-144
-396
-744
-1316
-1736
-1583
-1042
-701
-770
-936
-1329
-1765
-1547
-669
260
311
-319
-815
-923
-442
430
909
485
-201
-220
251
200
-225
-103
622
1240
1175
682
580
1193
2191
2723
2106
1313
1357
2035
2289
1837
1741
2153
2161
1177
-133
-611
-256
-66
-613
-1570
-2155
-2113
-2017
-2236
-2670
-3076
-3203
-3036
-2925
-3113
-3191
-2711
-1935
-1701
-2082
-2174
-1674
-1107
-682
117
897
956
775
1176
1867
1818
1370
1486
2040
2398
2487
2474
2155
1516
1286
1639
1736
1247
779
762
638
253
188
374
291
-48
-175
-149
-353
-580
-520
-518
-868
-1023
-590
-325
-933
-1725
-1885
-1682
-1563
-1521
-1368
-1122
-834
-414
0
105
28
187
567
1006
1441
1666
1555
1266
1236
1506
1630
1392
940
659
602
603
379
-176
-711
-811
-537
-628
-1097
-1423
-1200
-855
-974
-1350
-1601
-1210
-518
35
70
-322
-444
-68
438
511
462
581
761
808
622
446
435
575
805
966
894
714
653
858
1286
1621
1572
1168
839
868
915
713
630
1054
1425
966
42
-445
-312
-208
-598
-1261
-1798
-2055
-1964
-1777
-1862
-2099
-2096
-1949
-2198
-2826
-3049
-2332
-1372
-1006
-1117
-1298
-1429
-1451
-1101
-380
226
525
661
942
1305
1449
1549
1625
1556
1438
1631
2110
2292
1998
1717
1739
1726
1455
1182
1059
915
738
644
473
-15
-413
-291
-38
-206
-635
-682
-504
-634
-750
-440
-78
-374
-1082
-1342
-1186
-1106
-1182
-1141
-1059
-951
-703
-383
-277
-387
-184
183
505
603
724
722
368
256
589
1078
975
575
354
380
523
506
223
-335
-640
-504
-331
-655
-1069
-997
-734
-896
-1425
-1479
-960
-363
-206
-425
-588
-327
514
1131
932
414
600
1305
1417
856
610
1217
1804
1642
962
475
549
952
1269
1218
857
697
806
778
447
212
504
818
681
284
69
-12
-111
-226
-268
-359
-812
-1475
-1909
-1878
-1628
-1642
-1899
-1973
-1973
-1975
-2088
-2160
-1969
-1622
-1289
-1158
-1178
-1288
-1051
-460
28
133
56
249
609
842
851
990
1504
2041
2124
1750
1426
1470
1815
1994
1777
1571
1549
1435
1009
635
587
609
386
-43
-357
-432
-374
-441
-701
-1047
-1134
-799
-349
-221
-493
-742
-710
-538
-523
-612
-639
-534
-314
-255
-464
-667
-579
-217
41
98
126
269
334
159
26
149
542
730
499
-21
-224
217
794
779
116
-404
-462
-275
-363
-446
-405
-371
-589
-937
-890
-672
-493
-589
-724
-719
-504
-125
103
131
198
584
1054
1104
850
687
839
1250
1475
1298
1033
1161
1307
1096
651
440
606
804
790
420
127
-59
-113
-40
16
85
214
262
-170
-606
-663
-418
-354
-660
-820
-703
-572
-919
-1426
-1644
-1598
-1468
-1291
-993
-980
-1255
-1553
-1563
-1267
-896
-607
-422
-238
-178
-208
-250
-35
362
658
801
982
1237
1353
1330
1251
1352
1437
1443
1354
1288
1188
926
754
837
974
835
492
157
120
183
102
-291
-568
-569
-547
-588
-691
-709
-766
-779
-821
-767
-735
-751
-805
-603
-262
-215
-223
-265
-156
-145
-108
7
151
367
338
205
171
376
615
691
426
-41
-173
22
170
218
149
-129
-428
-543
-510
-522
-486
-475
-481
-443
-560
-773
-835
-565
-232
-73
-181
-382
-398
-205
184
719
1009
900
782
732
795
1046
1442
1492
1256
1012
875
1059
1232
1084
807
804
574
266
189
18
-173
-331
-353
-281
-172
-381
-808
-879
-801
-948
-896
-685
-839
-947
-732
-778
-1054
-1030
-941
-776
-530
-528
-742
-816
-774
-725
-436
-293
-359
-114
207
117
1
280
530
497
480
582
766
937
923
628
562
798
987
1064
877
665
589
505
295
287
407
418
290
124
2
-309
-480
-316
-45
36
-123
-429
-624
-671
-552
-371
-430
-521
-615
-704
-663
-548
-429
-307
-288
-271
-142
-9
25
105
349
438
378
303
312
395
510
634
494
239
17
-3
167
222
86
-225
-340
-294
-290
-341
-483
-638
-705
-662
-634
-594
-468
-284
-208
-310
-429
-370
-107
149
198
192
272
304
381
478
611
906
1061
1120
1130
1006
925
946
1151
1237
997
739
721
742
501
120
-9
-5
-150
-223
-329
-542
-764
-831
-843
-941
-1086
-1123
-905
-786
-973
-1179
-960
-780
-822
-699
-398
-238
-338
-388
-297
-111
-62
14
230
384
256
138
309
404
388
483
521
351
392
637
833
768
503
485
622
556
322
297
489
436
136
-48
-107
-144
-82
25
-56
-275
-397
-281
-118
-240
-378
-262
-136
-212
-505
-653
-455
-195
-187
-331
-358
-328
-217
-160
-226
-264
-107
82
89
19
75
163
124
0
-77
140
316
217
176
264
107
-61
78
235
116
-151
-247
-170
-66
-129
-282
-323
-303
-381
-331
-189
-96
63
209
174
31
78
222
360
381
274
219
312
505
546
392
303
468
681
635
378
258
462
748
785
520
215
190
418
567
427
165
7
-103
-207
-288
-256
-199
-383
-751
-1032
-1014
-895
-814
-801
-884
-929
-947
-971
-994
-892
-693
-435
-210
-199
-181
-46
85
192
237
246
281
440
649
669
580
464
404
383
385
472
590
549
273
97
146
288
275
150
63
37
85
89
47
-6
-80
-114
-64
-100
-92
28
72
-44
-207
-297
-212
-5
98
95
15
-34
-106
-184
-177
-76
130
190
48
-134
-208
-78
168
263
74
-95
-48
21
38
-12
-102
-97
-101
-151
-159
-54
63
-10
-170
-364
-454
-290
-99
-33
-203
-371
-341
-312
-290
-350
-209
31
109
115
53
43
94
237
272
265
278
307
353
311
346
388
405
364
278
269
422
587
621
512
266
177
226
374
497
426
234
36
-30
6
-23
-63
-26
-108
-265
-490
-616
-651
-703
-791
-738
-650
-732
-848
-961
-907
-805
-686
-583
-464
-396
-294
-152
-3
87
114
279
353
457
616
629
553
554
560
592
627
579
541
536
469
339
315
334
313
238
198
197
202
180
161
79
-44
-139
-113
32
44
-13
-180
-285
-242
-191
-180
-187
-144
-140
-177
-242
-262
-202
-152
-166
-181
-177
-118
-101
-140
-129
13
146
5
-131
-87
40
98
61
15
-49
-101
-187
-152
-69
-82
-111
-198
-354
-469
-344
-146
-117
-227
-278
-210
-115
-97
-128
-119
6
221
382
360
149
107
241
394
432
348
275
278
301
305
327
247
160
166
190
222
265
269
250
203
217
281
284
236
114
57
52
18
-9
-10
4
-25
-129
-236
-247
-243
-313
-390
-422
-436
-496
-602
-625
-537
-448
-426
-469
-468
-385
-279
-181
-153
-136
-40
78
142
165
219
275
327
404
457
483
447
409
376
315
301
269
273
251
165
128
77
27
-19
-9
6
9
29
35
17
-36
42
67
15
-20
-37
27
34
15
25
20
-76
-152
-139
-91
-68
-111
-151
-222
-300
-237
-100
-43
-113
-172
-146
-107
-105
-63
11
-1
33
83
44
-84
-130
-16
53
-20
-116
-143
-173
-244
-261
-225
-192
-157
-169
-162
-189
-176
-70
-28
-1
98
226
236
160
167
288
383
405
393
360
350
339
312
316
304
271
272
228
124
30
0
28
55
92
91
-25
-88
-97
-54
16
16
-29
-104
-114
-153
-155
-98
-47
-61
-147
-217
-257
-234
-230
-304
-352
-343
-394
-398
-345
-313
-303
-288
-301
-237
-113
-28
24
67
162
157
202
271
319
360
354
382
330
284
353
366
315
239
162
173
98
57
87
58
-19
-73
-35
-11
-32
-36
15
47
6
-69
-51
2
-4
-24
-47
-129
-171
-101
-73
-60
-92
-155
-198
-225
-221
-162
-87
-57
-91
-144
-119
-92
-18
63
94
91
48
78
74
-17
-70
13
118
86
2
-59
-68
-48
-92
-123
-104
-66
-49
-85
-119
-154
-162
-91
-31
-24
18
108
181
168
158
222
301
350
340
282
294
350
348
332
225
113
139
208
162
38
-59
-50
-17
-113
-246
-298
-245
-207
-189
-204
-184
-135
-138
-148
-195
-176
-88
-47
-98
-176
-211
-195
-154
-133
-105
-85
-59
-83
-155
-199
-165
-76
-44
-32
-85
-92
-65
-16
71
98
135
155
201
195
180
212
247
259
202
175
234
291
294
264
225
202
178
190
149
81
36
8
6
-34
-95
-92
-13
-28
-42
-84
-116
-82
-78
-81
-125
-124
-136
-130
-129
-98
-78
-119
-109
-151
-120
-69
-79
-91
-155
-188
-211
-194
-60
22
19
-34
-99
-80
-48
-26
14
66
17
-53
-33
-7
50
-3
5
78
44
47
66
86
91
134
143
88
64
110
199
201
178
155
153
208
219
220
220
220
208
192
193
152
134
119
83
8
-63
-85
-90
-98
-132
-265
-331
-262
-259
-271
-315
-315
-298
-353
-362
-290
-181
-133
-62
-74
-119
-132
-83
0
-32
-26
-15
6
-6
-17
19
57
64
72
125
120
103
59
42
25
36
81
114
145
115
93
99
132
155
163
175
211
214
182
148
146
162
174
144
98
112
141
131
63
25
-20
-13
-15
-98
-126
-120
-149
-156
-149
-159
-152
-152
-163
-122
-115
-151
-97
-122
-167
-164
-138
-82
-72
-79
-79
-92
-15
67
58
53
32
53
29
-7
-5
48
98
126
94
34
27
20
43
51
51
14
-2
-50
-25
38
79
72
1
-42
-61
17
52
57
34
20
20
30
28
20
41
67
100
79
69
25
23
31
23
19
-16
-64
-86
-73
-110
-110
-117
-116
-112
-128
-119
-152
-153
-111
-105
-114
-54
-10
-9
-3
6
67
79
100
139
110
101
77
50
72
60
23
23
26
60
76
4
-14
-5
-3
32
22
9
15
38
51
22
-20
-21
25
60
89
50
38
57
25
38
45
35
26
7
-29
-48
-40
-11
34
12
-52
-91
-50
-3
-37
-42
-29
-31
-24
-53
-94
-88
-78
-95
-58
-72
-100
-53
-24
2
-29
-51
-57
-61
-6
42
10
-25
10
4
35
68
86
94
78
94
72
47
43
63
70
39
12
20
42
18
9
23
17
28
33
22
-20
-18
29
47
42
13
26
44
89
90
35
-8
3
47
28
-8
-48
-26
-2
25
-22
-119
-107
-101
-85
-80
-74
-72
-105
-117
-133
-142
-118
-88
-82
-77
-97
-85
-19
-13
-7
10
38
72
89
64
-9
-9
32
70
72
22
12
52
84
73
26
-6
-20
-10
26
26
16
-10
-21
16
54
51
41
60
63
41
32
44
52
58
36
32
22
6
-9
-8
11
20
35
-3
-22
-21
-16
-6
-3
10
-12
-8
0
8
30
9
-6
26
23
10
-5
-35
-29
-52
-48
-23
-70
-92
-67
-39
-10
4
-16
-23
16
30
41
56
51
53
47
36
33
22
42
31
4
19
-6
0
-7
-43
-34
-28
-30
-37
-44
-49
-29
-42
-20
0
-47
-38
-29
25
46
-4
3
41
36
-2
19
2
-19
-15
-34
-26
-32
-41
-50
-79
-62
-14
-11
-58
-74
-55
-26
-8
-13
-7
0
-9
-12
38
67
60
22
21
53
43
54
32
25
19
32
36
16
11
16
12
-9
3
-6
5
-16
-41
-46
-63
-35
-20
-28
-21
10
-11
-1
19
-7
-3
6
30
29
21
32
72
75
73
76
42
56
56
65
62
41
47
63
69
42
-2
-37
-15
10
25
10
-22
-16
-28
-36
-61
-78
-48
-31
-15
-17
-12
-34
-42
-2
20
19
18
64
58
52
35
-18
23
36
6
-16
-29
-43
-60
-62
-73
-73
-86
-94
-98
-101
-128
-91
-36
-19
-10
-37
-20
-10
-3
20
30
7
7
5
-14
23
-6
10
61
34
13
7
23
43
28
-2
15
10
-9
5
18
26
-8
-10
14
14
3
-32
-45
-34
-43
-42
-31
-41
-35
-18
-11
26
67
57
54
79
76
96
129
112
64
27
31
41
54
60
42
2
-13
-22
-44
-48
-57
-64
-64
-46
-38
-34
-21
8
19
22
57
71
72
44
29
59
48
34
53
30
42
57
46
16
-27
-21
-25
-51
-72
-73
-78
-72
-70
-66
-63
-61
-87
-109
-120
-160
-123
-124
-118
-117
-120
-68
-51
-6
4
17
61
96
97
104
145
139
147
144
142
111
95
102
95
89
35
21
-4
-21
-42
-41
0
-17
-43
-23
1
-41
-37
-5
4
57
45
32
73
48
54
35
-1
-22
-25
-17
-32
-22
-65
-77
-81
-81
-84
-83
-57
-76
-60
-73
-70
-51
-56
-56
-60
-37
-34
-61
-88
-43
-37
-25
19
34
63
48
56
86
95
96
103
128
117
89
107
118
108
90
82
64
35
-25
-75
-96
-118
-120
-98
-83
-124
-106
-102
-85
-46
-48
-32
4
25
38
87
93
107
98
92
95
68
80
89
96
87
98
79
50
39
15
6
-6
-3
-23
-51
-47
-68
-89
-89
-103
-93
-79
-105
-108
-85
-106
-92
-58
-66
-57
-38
-26
-41
-13
20
6
38
88
70
38
67
53
56
72
47
42
26
20
10
-20
-50
-57
-50
-26
-14
-25
-20
-21
4
15
48
73
60
78
50
83
104
67
72
45
44
31
-7
-13
-32
-63
-53
-57
-79
-95
-84
-38
-24
-51
-52
-29
-10
-13
-11
6
-28
-53
-40
-16
-28
-36
-26
-18
-26
-48
-18
-16
6
41
27
34
66
80
101
111
98
125
108
94
94
46
52
48
18
-5
-42
-41
-44
-54
-83
-100
-60
-48
-41
-32
-43
-35
-34
-19
-2
9
3
5
25
37
40
12
3
-8
2
4
-14
19
16
-15
-15
-29
-49
-64
-57
-26
-25
-18
-16
-21
-3
-9
-26
-16
7
9
-13
-24
-26
-19
-10
3
20
20
34
46
69
79
74
64
57
46
54
69
50
57
31
23
26
-12
-31
-13
-37
-67
-57
-63
-65
-48
-21
15
9
17
29
-28
18
52
38
56
63
46
13
15
6
14
3
-11
2
-4
-36
-61
-74
-70
-53
-48
-47
-72
-63
-32
-18
0
13
1
8
1
-20
10
-9
-28
-29
-43
-29
-45
-38
-26
-19
10
28
39
66
61
42
61
54
80
101
65
55
49
17
10
-9
-19
-47
-51
-38
-53
-62
-64
-28
-62
-65
-12
-22
-47
-35
14
19
23
58
72
67
63
78
81
78
66
65
94
54
14
13
6
11
0
-7
-5
-26
-30
-34
-43
-21
-60
-78
-59
-70
-27
-48
-57
-39
-32
-45
-50
-4
-14
-23
-55
-26
0
-21
20
53
31
10
31
50
53
21
21
32
43
11
3
5
-34
-31
-42
-27
-37
-64
-37
-7
4
3
29
50
21
24
35
48
41
31
57
50
52
26
31
25
12
19
0
4
25
34
2
-16
-31
-49
-43
-17
-5
-7
-3
-7
-16
-7
-27
-44
-29
-14
3
-6
-20
-28
-5
-9
-25
-13
-23
-38
-24
7
7
6
10
29
36
54
73
44
22
8
2
-34
-34
-31
-51
-35
-49
-58
-35
-24
-33
-48
-48
-31
-16
9
63
56
40
57
51
55
77
91
67
68
60
54
48
-5
-22
-28
-21
-28
-34
-25
-41
-50
-77
-53
-25
-24
-17
-11
9
0
-13
3
4
1
-11
-21
1
-17
-25
-8
1
-1
6
8
20
24
14
31
28
44
29
29
22
13
22
27
53
22
18
6
-10
-16
-54
-69
-34
-34
-44
-29
-38
-27
-41
-38
-6
14
16
30
30
6
12
-16
12
18
20
63
43
22
-10
-10
-8
-5
-14
-38
-28
-4
6
-6
-9
-1
0
22
45
32
40
19
13
18
18
-3
-17
-20
-52
-19
-16
-4
-5
-10
-2
16
22
-11
4
11
14
-17
-13
30
-10
1
7
13
12
-41
-27
-35
-7
-24
-52
-22
6
10
18
48
-4
12
16
19
46
41
19
-10
18
0
-19
-20
0
-5
-40
-47
-56
-30
-26
-44
-40
-46
-28
10
14
17
11
14
2
-3
7
21
39
19
10
-7
6
0
-31
-31
-15
-14
3
13
-5
15
23
26
22
31
23
37
63
50
39
2
16
45
25
24
3
-13
28
8
-11
-6
-28
-32
-43
-44
-13
-15
-10
22
-3
4
-4
-9
23
9
1
-5
-22
-34
-46
-53
-32
-26
-12
15
6
-21
-40
-51
-40
11
7
2
35
51
47
23
29
45
49
34
43
28
2
-3
4
14
-31
-6
1
-16
-6
-25
-19
-19
-40
-61
-44
-12
-13
-3
1
3
25
11
24
26
48
54
13
40
48
25
-4
-28
-16
2
-6
2
3
-19
-28
-44
-36
-35
-38
-30
-10
-3
-25
-30
-31
-18
-15
4
-3
-13
7
-12
0
3
-10
-20
-7
15
-11
-6
41
42
41
40
37
39
13
1
5
25
10
-6
-6
-7
-28
-16
14
2
1
-10
-36
-43
-16
1
18
7
1
16
32
47
26
12
19
33
20
46
16
6
20
3
-2
-14
37
32
23
10
-9
-38
-30
29
-9
9
4
-31
-36
-53
-40
-37
-20
-6
0
-3
-9
-16
-16
-4
-4
12
23
7
9
15
-2
-9
-34
-34
0
2
-9
-10
-30
-44
-25
-38
-42
-32
-33
-12
5
16
6
-9
7
6
17
51
28
41
67
42
42
38
11
27
54
16
-1
16
-5
-21
-22
-15
3
-10
-1
7
-29
-35
-28
-35
-61
-45
-15
-8
4
3
5
-3
-9
-20
-8
14
22
24
13
21
23
20
22
21
25
36
25
-11
17
18
-19
-6
-7
-8
3
-6
13
-11
-67
-33
9
41
31
13
33
-5
-5
-9
-12
4
25
32
4
5
-22
-22
-21
-22
-27
-47
-51
-32
-22
-10
2
-27
-29
-26
0
-9
0
-11
-17
36
30
27
36
24
9
19
27
33
17
44
44
2
13
27
44
44
16
-3
8
10
23
20
-27
-17
10
4
-1
-11
3
-5
-16
15
8
7
14
-26
-13
3
-28
-40
-36
-41
-54
-37
-30
-35
-60
-27
-10
-29
-15
-13
-3
20
42
37
14
-5
-9
-30
-5
19
3
9
10
15
-6
-17
-47
-39
-14
-29
0
7
-13
-16
-19
-26
-19
-15
-3
17
18
7
3
16
44
30
8
18
20
31
15
10
28
34
17
22
38
34
6
14
41
29
42
28
34
19
-10
25
44
7
-6
16
9
-1
-32
-34
-31
-35
-20
-4
11
-2
0
24
7
7
-1
-9
11
16
3
-26
-13
-31
-18
-23
0
22
-5
-12
-22
11
-1
-1
-9
-27
-21
-29
-24
-9
-25
-28
-12
-32
-25
-13
-28
-38
-20
-13
-7
22
9
3
-7
-29
0
12
-31
-23
2
-18
-22
-28
-12
-18
-15
8
6
8
24
56
34
50
54
25
41
45
44
37
44
39
12
-9
-18
0
15
-24
-36
-18
-25
-29
-19
1
-16
-23
-29
-22
-14
-6
35
26
35
-4
-11
8
-32
-9
-6
-3
3
-1
-14
-6
8
-2
-7
18
24
4
9
18
9
10
34
38
37
54
34
1
19
10
-17
-15
-5
-7
10
4
21
52
13
-4
-14
10
20
-7
17
6
-28
-32
-43
-33
-25
-44
-7
-5
-35
-28
-27
-6
-9
-20
20
26
-3
35
32
13
27
6
19
13
-5
20
34
-7
-25
-25
-44
-28
-24
-29
-51
-55
-37
-27
-16
-26
-4
12
12
2
-3
-8
-29
-12
-3
-22
-5
-2
14
22
-3
-1
-12
-8
-10
-1
-6
-9
3
-2
10
-27
-43
-6
7
16
14
3
15
15
20
5
15
12
17
41
35
44
31
43
35
34
41
66
47
39
27
-18
15
-6
-6
-7
-2
14
-4
-1
10
8
7
-3
-14
12
10
23
37
-6
-22
-11
22
44
16
5
-4
-5
-8
-35
-48
-29
-44
-72
-72
-58
-26
-6
-3
-13
-10
-1
-14
-32
-39
-58
-39
-6
0
-4
-1
-1
14
18
-15
9
26
20
-1
11
6
-12
-9
-28
-10
-11
-13
-23
2
-29
-54
-23
-39
-22
-40
-26
0
19
47
33
31
15
6
25
47
50
70
44
28
31
14
10
1
22
16
6
24
64
51
-21
-5
10
-8
0
7
7
-2
-9
30
48
23
28
40
51
27
-16
7
3
-8
-6
-32
-29
-46
-6
-17
-22
-15
-53
-19
-25
-7
-18
-23
-6
-25
-9
-23
-15
-2
-29
-23
-13
-8
-5
-32
-35
-13
-3
-17
-3
13
2
-10
-2
0
-7
-12
-32
-56
-41
-16
-27
-14
-18
-22
-3
22
32
33
30
34
49
30
10
15
36
23
35
27
34
38
19
35
9
11
2
0
13
14
7
7
-1
3
11
-13
-19
-9
13
10
20
31
26
3
-14
-12
-20
-19
-10
6
10
12
-22
-12
-12
0
44
22
15
11
-15
-38
-64
-56
-26
-15
-9
-30
-44
-40
-32
-30
-19
-31
-14
3
-14
-8
-20
28
34
36
26
45
38
-29
0
6
-10
-12
18
17
11
5
21
12
-7
4
-12
-4
10
5
5
5
-18
-6
-28
-2
25
19
39
34
35
8
19
46
25
-10
18
18
-7
-2
7
-2
-31
-29
-45
17
36
-9
3
-14
-23
0
6
0
1
11
18
-7
14
19
-13
1
4
-20
-25
-9
-22
-38
-35
-29
-21
-41
-54
-40
-32
-50
-37
3
-15
-32
-10
13
-6
-8
9
6
17
-8
3
38
34
44
11
-19
12
1
-18
-18
-11
4
-1
12
21
27
-10
0
19
10
18
20
50
39
9
41
55
37
59
39
48
47
37
31
20
17
-3
8
-9
-28
-40
-24
-23
-27
-12
-11
-29
-22
-5
-16
-22
-3
6
-1
14
-3
16
-12
-22
-4
-3
6
-18
-18
-21
-19
-40
-34
-26
-42
-44
-26
-30
-22
-19
-15
-3
-10
29
-3
3
19
5
15
25
15
6
2
-3
16
14
42
22
-2
9
-6
-14
-6
9
15
20
25
2
-6
20
38
32
2
-9
18
8
-8
-3
10
20
-7
-15
-9
17
-10
-29
-7
0
-4
-13
4
-9
-34
-66
-37
-22
-9
7
19
0
-39
-19
-31
-26
-33
-25
-13
-6
-9
-20
-16
4
26
-3
3
4
25
52
31
44
34
22
37
21
10
0
8
9
-5
-5
19
44
38
32
25
17
51
39
-5
11
11
9
22
28
17
10
14
27
-1
12
-14
-52
-5
-5
-11
-44
-32
-33
-44
-43
-55
-41
-5
-13
-18
-4
-43
-42
-59
-37
-40
-33
-15
-36
6
14
-5
-12
3
-1
-1
16
17
1
2
-7
-15
9
9
45
38
17
-15
-7
34
14
13
10
31
28
30
-3
-25
-19
2
22
-3
5
-7
3
-2
-6
3
17
0
8
41
19
32
35
31
33
41
30
10
3
0
-9
-23
-7
5
24
32
6
-2
-14
-38
-55
-45
-34
-48
-15
-19
-12
-9
-16
11
3
20
9
1
19
-1
16
38
7
-13
-42
-52
-50
-38
-35
-48
-32
-34
-39
-38
-31
-26
-19
-1
28
34
41
16
18
43
3
29
35
15
13
4
22
9
0
10
11
-10
-38
-34
-30
-8
6
3
33
29
41
40
13
18
9
3
26
41
24
31
41
32
15
-24
-7
13
4
20
-14
-31
-31
-47
-29
2
3
-8
12
2
-35
-54
-12
28
31
17
-3
-3
0
26
29
38
8
0
15
-14
-1
-3
-8
4
-4
-6
-10
-31
-16
9
6
-9
-4
21
-2
-11
-4
-20
-31
-22
-12
-22
2
-21
-33
-4
-15
-31
-68
-36
-19
-31
-15
-19
-17
-33
-25
-22
-16
2
-14
3
12
8
19
37
34
31
60
47
60
64
50
32
24
12
-36
-19
-6
-22
-19
-10
4
15
7
6
16
13
5
19
36
31
31
13
37
44
18
42
29
22
22
5
-13
-15
0
-22
-23
-30
-42
-59
-53
-29
-21
-37
-35
5
-19
-28
-17
16
17
-1
19
25
31
6
6
26
13
16
40
13
-28
-16
23
29
7
0
11
3
-28
-19
-12
-20
-31
-16
-6
-14
-14
19
15
-21
18
6
-3
15
-20
-30
-31
-32
-26
-71
-70
-26
-4
1
-6
4
-17
-16
-18
-19
-7
-13
8
2
-7
14
21
48
14
4
8
-3
27
32
12
0
12
-9
36
16
28
52
25
28
12
32
-7
-16
-11
12
-12
-10
17
-6
3
25
37
17
34
49
54
49
38
10
13
22
-15
-31
14
19
-17
-4
-13
-22
-17
-25
-14
-17
-37
-6
-36
-17
-16
-37
-27
-27
0
-13
20
-18
-42
-38
-15
10
-9
6
7
-22
-30
-19
-59
-38
-12
22
27
7
-10
-20
-10
-16
-7
-23
-24
-18
6
12
-7
0
37
24
-12
-14
18
30
0
10
0
-9
9
22
13
32
24
14
10
14
41
12
22
36
49
21
27
26
26
28
-9
9
13
51
43
33
29
22
-13
-27
1
-14
-20
-13
-25
-37
-13
-44
-20
-42
-53
-45
-61
-28
-57
-23
-12
-4
-2
6
22
21
21
-15
6
10
-17
-24
-24
-25
-21
-21
-3
-9
-16
-13
-28
-9
-9
15
16
3
10
25
42
23
36
49
43
41
41
50
60
59
53
38
23
6
7
10
-12
-24
-30
3
7
12
5
-22
-35
-42
-22
-21
-1
-3
-18
-16
-13
-26
-34
-7
2
-11
-9
-1
6
19
-6
-38
-26
-14
-26
-7
-2
-12
-25
-25
-1
34
29
9
17
-6
18
10
6
3
3
27
20
9
-28
-3
-3
-23
-8
-15
-40
-38
-25
-31
-24
-31
-9
25
19
-6
3
11
28
35
3
7
20
26
25
15
8
9
-7
-9
6
6
6
-3
3
13
13
-16
-20
-11
-18
7
18
20
5
5
13
-16
-4
26
20
0
-5
9
22
-6
3
39
13
19
14
27
40
2
0
22
36
9
16
-12
-30
-28
-54
-47
-16
1
-2
17
20
4
-8
-4
-6
1
-2
-7
-27
-20
-35
-54
-35
-57
-42
-37
-20
-11
-12
-3
-21
-26
-4
-1
2
8
20
47
42
46
22
23
30
0
15
34
29
33
26
-12
-20
-12
-4
-37
-54
-35
-50
-54
-55
-44
-20
-16
-6
-5
9
28
12
2
13
19
15
38
17
24
31
4
43
36
15
24
15
38
29
26
38
38
11
-7
19
18
52
4
0
9
-31
7
9
6
-13
-31
-53
-42
-46
-54
-9
8
7
-17
-11
7
-22
-36
-22
5
10
15
19
28
32
-2
-7
7
25
26
15
12
11
-7
-14
-46
-54
-14
-22
-32
-30
-32
-60
-43
-16
-48
-38
-14
-7
-10
14
17
3
19
19
8
10
24
26
61
51
32
34
3
3
1
8
-9
7
19
-13
-7
6
12
26
29
38
15
-23
-3
-13
3
-9
-15
28
4
0
-3
-7
-19
-25
3
12
2
-2
14
11
-16
-19
-1
-21
10
29
32
24
23
37
-6
24
8
-1
3
-2
20
15
10
-15
4
-15
-18
-6
-17
-29
-48
-46
-43
-33
-31
-6
-4
-28
-59
-44
8
7
2
3
7
2
-4
-40
-27
0
-16
10
13
32
16
6
31
23
4
-34
-31
-14
-22
-22
-35
-18
22
5
-3
21
20
-18
-15
0
-3
6
8
12
10
47
43
19
57
63
41
33
60
60
27
30
20
27
40
28
6
29
20
-17
-19
-32
-33
-34
-6
-15
-29
-22
8
15
8
9
-24
2
3
-10
-13
-33
-44
-13
-12
-21
-39
-55
-25
-10
11
14
24
3
8
10
0
19
6
-11
6
-4
-21
-8
-9
13
-13
-23
-36
-22
-19
-29
-11
-31
-33
-26
-19
-33
-15
4
-22
-15
6
0
-7
-12
-15
-5
-15
-3
22
5
13
20
28
36
16
29
5
2
-3
4
37
17
17
18
35
36
9
32
31
34
24
-19
13
14
-4
9
26
51
22
-3
3
8
2
1
-7
-7
12
-10
1
12
1
11
18
18
12
34
37
21
10
-11
-15
-37
-30
-9
-38
-19
2
-15
-22
-20
-20
-24
-19
-40
-18
-13
-12
6
2
-9
-21
13
31
12
4
5
-11
-6
-11
-34
-25
13
15
11
7
-29
-42
-26
-35
-41
-31
-31
-44
-75
-42
-25
-12
4
1
3
-15
8
6
-9
3
22
27
10
6
19
-3
-29
-13
17
29
29
10
-12
-2
-6
25
43
42
45
32
31
36
43
56
47
25
36
34
19
15
20
29
17
0
23
44
18
19
47
26
-14
7
25
28
2
3
66
1
-21
20
-34
-57
-47
-31
-22
-48
-47
-23
-23
-23
-51
-60
-44
-32
-15
-5
-29
-60
-58
-73
-64
-41
-34
0
15
19
7
-27
-16
-1
-11
-15
3
15
-5
-7
2
-9
-12
22
35
23
14
9
2
18
20
-12
-3
7
17
21
16
30
21
29
44
49
45
39
69
44
42
55
39
37
40
55
27
16
-10
-31
-26
-22
-19
-24
-47
-80
-33
-46
-52
-31
-38
-41
-57
-24
-36
-56
-45
-15
-2
-1
-6
-17
1
2
-11
-1
3
1
6
1
2
-21
9
41
18
28
70
62
21
25
31
1
3
22
10
2
-9
5
25
15
21
19
20
20
-11
19
31
16
9
4
-6
-34
-37
-24
-2
-3
-13
-13
-3
-5
-7
-14
7
14
-9
-8
-32
-36
-31
-16
12
10
15
-1
-5
14
5
-10
-5
-8
-20
5
-16
-3
8
-28
-36
-35
-17
-14
18
11
-7
4
7
17
19
19
9
9
29
2
-5
18
4
9
20
10
12
13
4
-12
-29
-16
-3
-5
-6
0
-5
3
10
1
9
-19
-24
-5
10
44
25
9
40
12
-13
2
5
6
-12
-26
-33
-28
-10
-4
-13
-10
13
-8
7
32
19
-3
10
33
17
21
0
-31
-56
-28
-14
-33
-28
-23
1
-8
-19
-15
-24
-24
-13
-7
8
23
36
11
1
-10
5
24
-9
-11
6
38
4
-10
13
19
-1
-6
19
22
-1
-3
0
12
38
26
48
28
19
10
-13
-5
-9
15
25
16
1
10
10
-6
18
2
9
24
-26
-17
-17
-22
11
-4
7
19
16
23
-10
-8
-20
-40
-24
2
2
-4
9
-15
-6
-16
-8
-15
-26
2
-12
-9
-34
-41
-8
13
-9
-7
-15
-17
17
13
8
-15
-3
-8
-7
-19
-28
5
11
6
-47
-49
-37
-47
-22
-9
-35
-15
0
-22
0
-12
-25
6
25
11
36
64
56
50
66
56
28
44
48
53
12
-11
6
3
18
42
47
35
12
0
-6
-9
7
