-12
8
9
10
16
5
13
24
-52
-18
-2
-42
-36
-28
-33
-44
-22
-46
0
-15
-38
-10
-38
-48
-34
-1
10
-13
-22
10
-9
6
21
28
32
-1
15
25
18
0
2
14
44
70
54
32
43
30
4
4
0
-19
-23
-4
-19
-42
-47
-33
-18
-19
-31
9
13
3
17
1
11
25
12
6
32
4
-8
0
-2
32
7
-9
2
-5
-6
-10
1
11
-9
-4
15
14
-10
1
28
27
10
18
57
22
25
25
13
5
-32
-9
-1
-6
-13
15
6
-16
-12
-15
9
-13
0
9
3
-17
-38
-46
-49
-17
-20
-22
-52
-49
-6
-7
-19
-26
-38
-60
-38
-16
0
-15
-8
-12
-6
25
-6
-4
-15
14
-11
-18
19
3
26
1
-7
22
38
13
32
34
-4
2
-24
10
-1
-5
35
26
32
37
23
9
28
24
54
57
53
57
25
25
-1
3
13
24
44
10
-23
-16
12
4
-18
-2
0
-10
-25
-24
-5
-18
-19
-21
-42
-40
-32
-52
-57
-61
-25
16
16
23
3
10
2
10
0
7
33
17
47
26
20
7
-11
-2
-11
-22
0
9
-14
1
8
-16
-34
1
-9
-44
-48
-46
-27
-20
-39
-29
-10
-12
-13
-1
21
11
26
12
22
34
12
-1
-3
6
4
25
13
-30
-38
-1
-16
-2
24
7
-1
-10
-22
-19
5
26
28
17
24
-14
-6
-3
-3
-4
-28
-16
-26
-4
-6
-5
0
-9
8
28
35
52
25
13
46
36
18
37
46
7
30
20
28
57
5
-12
19
11
8
47
26
13
16
-10
-13
-5
-37
-42
-29
-9
-4
-25
-22
-14
-29
-42
-29
-40
-19
-13
-1
-19
-36
-42
-76
-32
-21
-21
-42
-23
5
2
13
9
1
-10
15
10
6
17
-5
2
34
13
28
32
12
31
31
9
11
33
0
2
25
46
6
1
10
5
9
-18
22
9
12
-8
-34
-29
-31
-29
-26
-12
-27
-28
-47
-5
-19
-34
0
-15
-4
-21
-16
8
25
5
-7
-15
-14
-7
-30
-10
6
-3
-18
5
3
1
25
21
15
39
28
25
43
22
43
51
31
-10
4
16
12
13
19
43
35
34
28
37
22
32
35
8
13
8
7
37
39
15
-2
-31
-18
-9
-41
-38
-20
-9
-16
-31
19
13
-60
-37
-34
-35
-18
-35
-33
-65
-57
-40
-21
-23
-49
-7
-32
-35
-36
-44
-11
7
0
-14
-13
-1
10
-19
-6
-12
-10
-11
0
18
0
12
31
59
38
25
25
23
6
25
49
42
19
18
30
-12
28
29
16
35
22
20
-2
-5
6
32
-3
-20
9
9
11
-10
8
-2
-16
-12
-11
25
12
-16
-37
-10
-18
-19
-13
-9
-3
-47
-19
0
10
-6
-16
-18
2
-10
-41
-26
-42
-44
-52
-13
18
9
-6
-1
7
-7
20
25
15
24
15
34
50
34
32
38
47
49
55
40
37
44
27
15
41
61
38
32
15
-32
-27
-21
-34
-16
-35
-29
-15
-2
-16
-19
-9
-33
-51
-47
-37
-65
-53
-69
-43
-52
-57
-32
-25
-13
-43
-21
-3
2
-7
-4
-4
-4
-37
-26
4
-11
20
7
-6
-7
9
9
-1
-13
-12
16
35
73
51
53
37
25
58
42
21
19
35
-10
20
38
21
30
-9
28
32
17
44
40
17
13
-3
-1
17
-3
6
17
8
-6
-4
-3
6
-10
-21
0
-25
-32
-11
-3
-29
-28
-14
-10
-3
-12
-4
-28
-35
-48
-32
-32
-36
-25
-40
-14
-20
2
-9
4
16
-1
5
3
43
6
-19
-29
11
38
3
29
9
-9
-28
-33
-9
-20
4
25
-4
-6
-26
-28
1
-20
-22
-13
-15
-33
-3
14
-10
9
16
28
23
40
42
18
22
27
35
28
31
22
3
3
-17
10
41
10
-12
-4
14
-3
21
46
35
38
25
0
3
0
-7
-7
2
12
16
2
-27
-1
-20
-10
12
3
11
-21
-29
-10
-9
-19
3
-15
-13
-29
-22
-27
-41
4
-19
-16
-37
-21
-3
6
9
-48
-35
-19
-17
-7
-22
-49
-19
19
0
-15
-11
4
-10
-2
13
8
27
45
41
-5
21
19
17
-1
-10
38
4
0
-12
-18
-29
-17
-35
-15
-5
7
33
0
-10
-35
-7
-15
2
4
34
45
40
40
25
31
6
53
17
-6
7
10
6
-5
14
4
11
22
29
24
25
28
25
34
19
4
21
3
0
-4
-6
-6
-23
1
-25
-17
6
-9
0
-13
-7
-26
-35
-22
-31
-31
-38
-17
-22
-16
2
-16
-6
-26
-23
18
-8
-13
-23
-48
-3
-15
-39
-34
-29
-25
-31
-51
-37
-1
-13
5
15
20
6
14
53
17
4
28
58
47
39
27
7
17
10
27
41
13
5
35
19
12
16
23
18
3
9
-40
-46
-29
-24
-15
-34
-37
-13
-35
-31
16
10
-37
-56
-6
-6
-11
36
37
18
16
3
17
8
22
38
34
57
25
50
34
1
9
18
29
22
44
25
-9
2
0
-16
-6
-1
-13
-19
-16
-19
-30
-27
-53
-44
-25
-45
-22
-17
-18
-1
-13
11
19
-8
-15
-22
-45
-24
1
-11
27
17
-14
8
-6
10
13
-13
-18
-14
-12
0
7
-13
-25
-28
8
3
5
41
35
31
39
28
24
12
-7
12
29
31
10
-6
-7
-12
-36
-51
-3
0
-17
0
-7
-11
-29
-19
0
-22
-17
-4
0
-16
-31
-22
2
-15
-3
6
-1
29
26
20
4
18
0
11
12
9
34
32
50
37
60
60
31
3
28
42
4
0
12
22
5
31
24
31
23
-32
-22
3
29
12
6
14
-13
-21
-14
-14
-32
-42
-41
-44
-23
-13
-44
-34
-47
-86
-72
-41
-16
-34
-15
0
-31
-45
-31
-3
-24
-37
14
26
-9
3
22
5
-29
-4
26
34
43
6
24
35
15
21
34
77
52
17
13
13
28
-9
1
7
-12
-40
-58
-20
-11
-8
-27
-11
-9
-6
9
4
15
-5
30
48
31
22
9
2
12
11
-12
12
3
-17
4
-19
-44
-34
-23
15
-1
-2
30
-13
-6
7
-12
-16
-9
-2
-4
-11
-11
-10
-3
-9
-5
19
-25
-17
18
42
41
23
26
14
22
32
18
20
23
14
21
20
3
-7
1
-17
-19
-11
-14
-22
4
-4
-29
-10
0
-2
-21
1
-12
-12
2
-9
5
-3
-20
-12
16
12
10
13
17
40
-15
-33
-20
-13
-10
-16
0
-1
2
-4
13
9
21
0
-26
-10
-13
-3
-8
-8
-10
-6
-26
-33
-25
-4
4
3
9
-6
-6
-33
-44
-35
-13
13
6
2
10
-7
-16
-23
-17
5
13
35
22
28
23
17
47
51
28
36
41
48
66
36
18
14
53
41
19
21
-6
-16
-22
-5
-19
-1
-5
-34
-27
-53
-60
-39
-47
-55
-35
-22
-21
-43
-54
-43
-42
-40
-25
3
-16
0
23
-11
16
15
25
50
16
54
39
40
51
0
27
38
26
28
28
26
25
-9
-4
12
19
35
8
24
15
-1
26
14
-18
-12
-22
-47
-25
-12
-16
10
0
-21
-25
-30
-14
-6
8
0
12
13
-32
-34
-25
-27
-10
19
19
4
9
2
-15
-28
-14
10
20
-28
-40
-9
-3
5
-1
8
1
-13
-16
2
-1
-6
9
7
10
1
15
10
-15
-6
6
-18
-20
-2
-19
-31
-25
6
24
9
-12
-13
-4
1
-11
-41
-44
-9
7
-25
-20
3
18
22
-6
-13
-17
10
29
21
18
-4
7
0
30
36
5
43
43
29
57
72
37
29
38
34
53
36
31
44
25
25
19
3
13
17
-16
-3
26
-7
-16
-12
-32
-39
-27
-10
-8
-28
-22
-23
-27
-31
-51
-26
-13
-32
-37
-38
-16
8
-24
-16
-21
-57
-32
-31
-50
-20
-9
-45
-15
-33
-38
-16
-30
12
-8
-13
6
31
26
-11
-4
-4
-14
-21
0
14
10
-17
-17
8
25
-9
-3
31
8
19
51
69
54
46
40
54
59
37
27
21
19
38
49
40
47
18
-24
-26
11
0
10
13
-3
16
17
27
38
29
18
23
-6
-3
-12
-23
-15
-25
-51
-44
-17
-34
-50
-69
-66
-41
-16
-27
-38
-60
-60
-45
-47
-12
-23
-23
-20
-23
-7
21
8
-15
13
1
16
19
25
41
18
45
12
-8
19
10
2
0
-10
-26
11
23
7
19
34
53
35
22
28
22
19
28
49
47
31
28
24
9
-19
-26
-18
-38
-39
-21
-18
-16
-42
-44
-6
0
-9
-9
-22
-36
-25
-3
14
27
7
-9
-11
-9
-11
-34
-14
7
-18
-39
-10
12
-5
7
9
7
0
-3
20
14
-6
-1
22
1
22
8
-24
24
19
23
16
25
39
8
-6
-4
10
9
-2
9
15
2
-10
-34
-6
9
-27
-3
29
-2
-4
2
8
16
-6
3
-10
-19
15
12
-16
-23
-4
0
-5
12
9
11
-3
1
-11
-29
-9
-57
-56
-38
-22
-4
0
0
-9
0
2
9
-4
-1
19
16
4
32
32
59
53
36
40
27
53
41
25
0
1
11
45
11
-21
-7
-29
-16
-7
-12
-24
-23
-23
-11
-35
-33
-24
-29
-31
-62
-25
0
-6
15
3
-32
-28
1
-3
-15
-22
-20
-19
-26
1
3
-1
-7
6
46
31
21
38
28
9
15
12
25
26
2
25
40
6
-16
-4
4
-13
-18
8
8
3
6
9
8
0
15
-7
-36
-35
-60
-22
1
-36
-23
-22
1
-26
-25
15
17
29
-10
21
-2
-20
3
-18
19
29
35
32
6
-3
11
28
27
28
25
10
-3
1
7
5
25
29
15
10
4
12
7
-9
-25
31
42
16
7
-10
6
-32
-29
3
-13
-25
-10
-20
-7
-22
-21
6
23
23
5
11
-13
-1
-10
9
-6
-10
7
-22
-33
-26
-6
-22
-16
-35
-26
-6
-22
-42
-31
-2
-26
-31
-14
-17
-16
-11
-27
-15
11
-4
-12
3
21
23
-19
-20
-4
-31
-41
-57
-19
36
21
17
60
32
37
56
-8
25
43
38
44
29
55
63
57
40
42
36
44
38
6
4
2
4
2
23
25
21
16
5
3
0
-12
-11
-7
-16
-15
-43
-30
-20
-31
-47
-40
-31
-32
-22
-42
-50
-63
-49
-54
-26
-9
-27
-15
-12
-33
-29
-16
-36
-12
15
25
29
15
-10
-7
-15
-2
34
9
12
29
37
41
43
41
15
19
52
14
24
41
12
30
20
21
7
25
38
22
29
24
20
11
17
-5
-19
-5
-32
-31
-39
-54
-24
-39
-46
-48
-22
-18
-32
7
0
-38
-56
-38
-16
-10
-3
7
13
11
-1
-17
3
7
6
34
23
6
-19
-16
23
21
30
23
2
-12
-13
5
19
16
32
39
22
17
3
0
3
-22
-38
-19
-19
-57
-49
-21
-26
-28
-27
-14
-6
6
16
14
26
-5
-12
28
40
46
37
41
53
31
-1
48
72
24
38
16
20
26
17
51
23
-3
-18
-35
-33
-16
-31
-30
-26
-34
-41
-31
-42
-24
-8
-59
-40
-43
-8
17
-23
-21
-21
-28
-9
7
1
26
26
16
3
15
1
-8
19
1
-3
-9
-10
-30
-14
3
9
12
-8
4
-4
7
15
19
32
16
-11
0
13
25
16
-15
7
1
-22
-26
-4
3
-6
14
20
-3
-6
21
13
25
0
10
46
11
3
10
1
22
13
10
34
13
17
-12
-6
3
-8
6
11
19
12
17
-9
7
-7
-30
12
12
-17
-9
-13
-5
13
-19
-29
-12
-2
-19
-22
-19
7
-9
-23
7
-12
-29
-24
17
8
-43
-44
-50
-53
-53
-45
-3
-14
-37
-29
-27
-21
-28
12
11
5
22
3
24
12
1
21
35
17
0
22
38
32
-2
-4
-4
13
19
-17
7
35
50
31
32
44
28
22
12
48
0
-19
3
-6
24
13
15
17
27
22
47
66
35
46
14
-4
-6
-3
-4
-11
1
-16
-11
-9
-13
-9
-18
-15
-47
-47
-40
-48
6
2
-15
-38
-40
-25
-45
-17
-11
-31
-43
-48
-30
-20
-39
-25
3
14
25
-2
-9
7
5
-27
-30
-2
-10
0
-9
-12
17
9
2
13
6
18
25
-2
18
11
4
16
11
34
37
34
16
-6
17
27
3
0
-7
-20
-14
-3
29
34
52
58
14
25
30
3
13
16
-16
-23
-6
-24
3
23
-7
9
14
10
23
21
12
33
48
3
-25
-15
-17
-22
-9
-8
-26
-20
-31
-38
-52
-47
-50
-39
-20
-43
-4
9
-14
-9
-2
7
-19
-39
-16
5
11
3
2
-7
-23
-1
16
27
13
20
29
12
31
25
14
28
6
6
16
-5
19
34
30
34
-1
19
31
-5
29
28
9
0
10
12
5
24
10
-23
-50
-54
-51
-25
-17
-39
-48
-27
-51
-27
-6
-31
-46
-66
-16
-15
-26
-28
-30
-30
-28
-16
6
15
-3
0
10
18
7
33
4
8
40
41
60
37
36
57
41
49
55
40
4
-3
54
35
3
19
50
10
-9
7
-5
4
1
19
11
-8
-32
-21
8
-4
-9
-25
-26
-26
-20
-3
-6
25
20
-23
-19
-16
-13
-9
9
-11
-26
-22
-34
16
-8
-28
-13
-28
-29
-47
-18
-3
-6
24
38
28
9
-8
-13
7
-9
-15
10
15
6
3
17
29
-3
-10
-1
5
9
2
3
-32
-4
-17
-25
-16
-7
25
-38
-12
6
-12
-5
25
41
1
10
27
14
21
35
22
16
7
12
2
-9
1
-14
1
7
3
-3
2
11
8
-2
-13
7
-19
-15
-9
-7
-2
-25
1
0
-6
-16
-5
-4
3
-4
-12
9
-6
-12
-28
-25
-14
-10
-9
-11
-25
-28
-26
-63
-47
-12
-19
-11
3
7
-2
10
38
19
17
32
41
43
52
43
18
12
18
16
27
28
22
73
57
66
40
3
41
44
38
34
48
36
22
-6
10
-3
-24
-13
-25
-32
-57
-36
-43
-29
-33
-48
-48
-52
-38
-59
-32
-9
-9
-20
-52
-27
-17
-42
-34
-31
-29
-41
-18
-12
-14
-4
-31
-23
22
29
7
17
23
15
4
18
6
-2
33
12
-7
4
-16
-15
9
0
-21
6
46
17
7
33
26
28
23
7
-10
-2
1
-8
12
27
-8
-18
-2
-3
20
21
35
35
9
-3
-2
16
28
22
32
42
27
25
20
50
60
6
-1
6
4
-7
-37
-38
-23
-47
-50
-13
-26
-13
8
-33
-41
-31
-29
7
12
20
23
-38
-35
-30
-18
-20
-20
15
14
-27
-38
1
-25
16
23
-1
5
-1
2
-26
-22
-13
9
1
17
28
16
6
-4
-4
0
16
10
0
4
17
-8
-25
-13
5
-3
-12
6
22
45
16
4
6
-1
-1
-3
16
8
18
16
32
43
44
37
11
18
4
17
21
9
0
-11
-42
-31
-8
-41
-33
-12
2
-10
-27
-35
-7
-18
-31
-22
-11
8
-17
-4
14
16
-21
-19
-5
-12
7
9
-4
-10
-3
-16
-16
-14
-27
-36
-2
15
-4
-22
-34
-37
-52
-48
-27
-29
-6
15
6
5
-5
7
4
17
53
53
41
33
21
31
42
48
50
70
85
51
38
-3
29
55
42
68
70
76
54
43
48
47
-8
-34
-1
-13
-40
-59
-31
-13
-37
-45
-32
-19
-43
-26
-12
-35
-34
-44
-47
-30
-41
-53
-23
-33
-69
-36
-35
-44
-30
-7
-22
-54
-22
-23
-19
0
-31
-29
0
-14
13
10
-6
31
13
23
25
32
25
-12
-1
-2
17
24
18
12
12
4
-5
24
30
32
2
-2
20
39
21
25
31
-7
9
-8
9
31
29
4
4
27
4
2
7
6
-3
16
10
8
-8
-4
3
3
23
-10
3
30
16
-12
-3
26
14
-2
7
6
-10
-9
-22
-24
3
-14
-3
20
23
19
-4
13
-18
-18
13
22
25
-12
-14
-26
-36
-35
-47
-52
-32
-28
-24
-15
-28
-35
-39
-24
11
6
-13
-9
-19
-2
-14
-3
26
9
19
3
0
3
26
42
14
38
49
19
9
-3
-5
-15
-38
-21
-10
-7
-32
-20
6
-6
4
6
7
-1
-4
-9
-19
-29
-25
-3
31
39
10
10
22
39
26
29
26
-9
2
6
37
35
27
45
2
5
11
-10
4
-3
-36
-8
28
5
-18
-16
-15
-18
0
1
-6
-8
-11
-31
-14
-10
-36
-5
8
-6
-11
-13
-14
-17
-9
-5
4
14
3
6
17
27
-1
-3
45
64
28
4
20
3
-3
-7
-8
10
17
-18
-29
20
16
-4
20
11
-6
-4
23
32
-16
-14
-17
3
-16
-39
-6
4
6
6
15
-20
-4
6
-6
-6
-29
-30
-21
4
-3
-7
22
14
-11
2
-18
-31
-13
-41
-15
1
-25
-4
-13
16
21
10
47
-8
-27
-3
-6
-7
-16
-19
-20
-18
-7
-8
4
13
-2
12
10
12
11
23
10
0
44
14
2
-9
-20
-1
-16
-13
0
6
10
-5
2
10
8
2
9
18
13
12
-9
-1
-3
15
45
36
18
10
13
4
22
11
-1
8
-8
-20
-16
-13
-2
-27
-18
13
0
-13
-12
-12
-7
7
-6
13
16
12
-1
3
3
-31
-16
-14
-3
0
-8
-12
-23
-12
-13
-31
-8
13
35
55
26
31
15
3
6
-8
3
3
16
5
-9
0
28
14
-13
7
5
15
32
24
42
19
-12
2
6
21
-10
-26
-25
-35
-20
-12
-1
-31
-18
-45
-30
15
-57
-79
-72
-14
-18
-28
-48
-84
-42
-66
-45
-23
-29
-4
-7
19
-6
-23
12
4
6
3
28
43
52
41
34
57
34
13
1
31
31
33
66
51
50
51
40
38
10
17
36
55
38
6
17
2
22
18
51
38
-16
-3
-9
7
-18
0
8
5
-4
0
29
-30
-30
-22
-15
4
-32
-16
-11
-23
8
-29
-36
-12
-23
-49
-35
-23
-51
-18
-27
-67
-59
-78
-28
-38
-73
-48
-57
-3
-60
-47
-10
-11
1
-2
42
-2
9
-43
28
66
41
45
3
63
4
15
25
5
25
33
99
58
40
22
0
47
-7
24
38
27
40
-13
23
-4
54
30
51
86
9
75
-30
22
9
14
41
-12
78
-14
34
-7
-16
-3
-96
-23
-79
-43
-64
-68
-8
-105
-28
-67
-66
-23
-55
21
-48
-48
-35
-34
-9
-32
-14
-11
-9
-1
4
19
-13
-14
35
18
23
14
23
37
-6
13
4
-31
-16
-7
27
14
12
40
11
41
58
26
28
-3
18
35
21
54
-22
8
-10
-3
20
-51
25
-36
25
-7
34
15
-100
50
-50
-9
-53
-18
35
-42
46
1
51
48
36
24
-14
8
2
-9
10
15
1
-14
21
-13
-16
-10
-43
41
-17
17
-24
5
1
-44
9
-55
-3
-72
-1
-7
-12
22
0
8
-69
-10
-47
1
-51
-20
42
-30
38
-57
-3
-47
-29
5
-71
40
-70
42
48
23
55
-38
69
0
69
61
44
106
-2
83
12
15
49
-20
42
-35
51
42
-20
35
-47
3
26
-16
6
1
-5
6
12
4
-76
-64
-53
-41
-12
-69
-8
-60
-47
29
-45
12
-4
-7
25
-21
-11
-38
16
-8
-54
41
-2
17
-42
-24
18
-65
19
-24
31
-13
3
69
14
64
8
1
23
-14
61
30
-14
48
-78
53
-50
14
31
-100
74
-39
92
-32
0
16
-8
142
-38
39
-47
-23
49
-73
17
-78
-6
14
5
63
-59
88
-40
34
49
-63
42
-62
97
-2
9
43
-87
57
-48
-24
-47
-91
31
-50
77
-50
-40
54
-77
75
-53
51
4
-28
79
-124
39
-48
13
20
-68
94
-120
30
-26
-19
62
-126
87
-57
28
31
-22
121
-100
55
-44
-7
55
-87
141
-35
70
19
-50
68
-100
89
-30
55
40
11
123
-27
38
-30
12
6
-9
22
9
10
31
5
-14
-31
-95
39
-42
-41
-28
-35
68
-51
33
-35
-62
4
-77
12
-76
20
13
-59
63
-64
3
-29
-10
24
-75
34
-50
26
-23
-24
83
-1
83
-23
57
89
24
15
-15
65
26
50
7
22
1
16
1
31
-34
-100
41
-24
68
-26
43
-34
-112
96
-70
2
-73
-23
65
-36
-16
-125
25
-6
-18
20
-121
18
-1
23
32
-72
2
10
51
-22
5
0
-36
52
-11
87
46
-5
68
17
-10
-2
-3
9
-26
8
24
4
1
25
89
42
34
-30
-10
41
48
-20
-73
-47
-32
-29
-117
-47
-75
-63
4
-25
4
-47
-38
84
27
-15
-26
17
63
-31
46
-56
-8
-14
59
151
-39
43
-7
155
75
3
49
-3
67
-34
47
-102
2
9
36
14
-68
42
-44
55
-97
-1
-87
19
44
-3
51
-141
67
-12
29
44
-38
12
-54
65
88
-45
44
-142
100
1
-96
30
-196
134
-159
84
-40
-130
80
-100
146
-114
-46
-70
-73
99
-101
-73
-40
-60
128
-63
39
-96
-36
92
-65
193
-199
148
10
110
138
-157
207
-131
219
-57
29
138
-106
210
-123
131
-18
-73
136
-142
201
-138
-32
102
-115
173
-134
109
-141
1
79
-97
152
-177
137
75
35
14
-129
-9
52
9
-77
-9
22
76
57
-10
-119
41
-39
-28
49
-207
-18
-26
22
83
-163
-50
-23
5
-2
-75
-24
-74
33
-5
48
-39
-202
134
49
30
-30
-67
41
-8
57
-60
-4
-60
91
115
73
111
-96
121
51
-27
-4
-25
62
-31
60
10
-37
89
-87
86
22
-7
132
-89
152
-183
60
43
-113
83
-127
158
-179
87
-40
-45
44
-135
98
-126
99
-52
-3
-17
-124
49
-20
-44
-75
-82
2
-38
68
-17
-124
16
-70
156
-64
-28
-2
10
171
-91
14
-50
25
109
81
68
-96
16
43
15
147
-65
56
8
33
130
-87
108
-136
31
44
57
112
-63
121
-44
60
64
-57
101
2
-26
45
-51
28
-165
80
-20
-50
62
-118
153
-186
-18
-36
33
28
-172
48
-84
-6
-149
2
-1
-135
68
-118
-112
-45
-103
-102
-179
-51
-53
-22
-47
-64
134
18
35
-105
7
45
41
205
-43
-1
-13
223
19
31
108
7
241
-168
41
-19
110
76
-79
193
-166
151
58
72
-8
-162
181
-6
120
-66
-24
217
-45
-11
-16
112
35
-150
76
25
114
-52
-88
5
-22
53
-21
3
-98
-5
14
161
-54
-49
-23
-1
127
-77
41
-152
84
-69
-71
107
-53
-83
-135
179
31
-3
-67
-70
95
-62
60
-55
-73
-97
-117
102
-176
-30
-132
-80
130
-243
50
-210
15
-112
-212
205
-137
181
-318
46
89
-103
178
-231
167
-127
50
97
-42
187
-149
143
82
37
84
-84
182
-132
86
10
40
211
-89
228
-59
210
-80
58
212
-101
281
-93
266
-133
-114
132
-88
264
-186
93
58
-69
66
-170
118
-140
4
154
-190
121
-93
11
17
-47
92
-164
150
-68
-53
-46
-55
96
-189
-89
-17
35
64
-87
-28
-41
-73
71
42
84
-155
15
16
-64
44
-40
10
-174
58
-131
-35
30
-73
-6
-108
26
-218
165
-105
-126
178
-90
204
-171
106
-38
-158
169
-133
247
-263
34
268
-77
192
-284
161
-42
-17
215
-27
197
-255
182
144
-16
29
-7
197
-183
123
69
55
86
-104
243
1
108
-84
-109
137
-211
258
-90
-52
7
-136
196
-264
248
-119
-101
197
-285
124
-247
121
-30
-156
116
-163
332
-340
-56
89
-208
87
-167
260
-135
27
60
-188
212
-225
5
-56
-42
65
-129
193
-195
-18
181
24
102
-170
34
-12
38
95
-138
104
63
-16
41
131
-61
-168
119
10
3
56
-73
-102
42
157
-117
-10
70
-165
124
59
9
33
37
104
-106
256
-72
-71
182
-277
8
-4
236
-91
-151
271
-227
55
-87
59
19
-162
78
-181
199
-147
-70
131
-213
107
-33
172
-141
-150
232
-120
147
-109
153
13
-145
241
-197
124
-18
16
25
-47
92
-177
112
-22
11
44
-48
-41
-78
29
-137
69
50
-129
-24
106
19
-183
-5
53
-66
-60
78
137
31
-50
22
45
62
23
-36
131
-79
-75
200
87
-17
-38
110
-31
-45
69
-76
-11
-76
-3
95
100
-9
-113
59
-41
-111
-3
-73
-87
-118
-53
15
39
42
-145
82
8
-123
-31
-15
0
-79
141
6
13
51
-73
17
43
-80
-28
166
-9
8
6
32
44
41
1
10
112
-119
-57
106
-50
-63
91
95
49
-30
31
-39
92
38
-68
176
-67
26
107
104
-20
-145
27
-66
88
7
-128
3
-2
-48
-25
5
-136
-74
52
-53
-80
15
-96
-90
37
-28
-93
-8
48
-71
1
38
-102
-20
0
-28
111
-7
-12
58
74
-32
-43
167
-107
6
130
29
66
38
125
-6
40
18
-16
49
-44
66
18
-13
-31
37
122
-101
-31
16
0
-9
47
44
-94
16
5
19
-62
-59
-28
-11
-10
-155
-42
-4
36
-20
56
-4
-60
42
-69
43
-4
28
47
23
28
5
59
-22
9
70
33
-69
19
63
-68
-8
25
32
-82
-44
63
-98
-27
-79
17
37
-97
44
-104
-10
-51
-36
58
-57
117
-79
-55
-10
-17
-9
-50
139
17
6
-5
60
-6
-107
10
77
38
-71
79
96
54
65
-48
32
-40
-81
77
-45
42
-139
46
108
-6
162
-130
154
-53
-57
10
-37
107
-187
66
5
59
111
-15
65
-26
-52
-53
-22
-24
-31
-51
77
128
9
-11
-69
132
62
-180
-4
-44
82
-122
46
106
-213
37
-160
109
-117
-145
29
-117
159
-167
85
60
-22
48
-70
141
-93
-5
-67
26
34
-180
160
15
75
14
34
57
-93
165
-75
50
3
120
132
-79
249
-53
112
-85
-137
45
-108
138
-189
50
16
-143
112
2
125
-53
-121
54
-28
-98
-144
27
155
-160
-38
156
-48
-32
-186
-50
35
-325
-67
66
252
44
-279
231
-100
-83
7
40
245
-315
28
216
125
144
-223
141
5
-217
201
-27
169
-158
-182
259
-205
261
-145
106
239
-262
249
-320
138
-31
-232
129
-240
310
-91
-46
360
-47
152
-64
89
220
-277
27
-4
81
162
-127
355
66
-7
196
-240
196
-145
-159
96
-227
298
-224
67
309
-136
200
-287
240
155
-306
112
-288
54
-215
-359
205
-146
36
-187
42
452
-53
53
-75
158
57
-258
206
74
-124
-300
2
82
-386
-486
-452
-256
-626
-518
-275
7
142
-255
342
281
366
26
-293
263
-188
-5
-322
11
232
-458
-6
-93
117
-279
-412
257
10
150
181
362
557
145
122
215
-12
201
59
221
571
281
495
-98
439
202
-635
-320
-1046
-287
-829
-527
20
-581
263
-662
296
361
239
1038
460
1867
1543
2215
2607
2218
2451
861
1339
837
256
-136
-695
-111
-813
-415
-301
-129
-451
-1338
-1099
-1534
-1584
-1967
-1642
-1287
-1524
-1153
-814
-222
-653
-669
-546
-825
-956
-1218
-717
-706
-758
-583
-253
262
287
499
463
290
242
12
169
73
9
129
183
562
469
821
844
700
779
373
727
493
469
392
221
488
23
171
81
-2
-539
-1231
-1378
-2205
-3184
-4474
-5069
-5645
-5789
-5654
-5115
-3217
-827
2767
4849
7213
9197
10986
12731
11126
8920
3994
3424
4989
3979
2049
-1241
2022
3982
5613
4455
-914
-3802
-7564
-5297
-6815
-10567
-11281
-11076
-5962
-4944
-1857
270
1003
4113
3221
3914
1734
1721
3060
-139
-2817
-5479
-3108
-1241
-946
-239
-590
312
-435
-44
-30
-1170
-2247
-3039
-3043
-3291
-1634
720
2986
3372
3467
4276
4187
4942
4899
3335
166
-1810
-1379
-1202
-1317
-693
884
212
-1447
-934
863
843
-1709
-2540
-2126
-1787
-1733
-679
1441
815
51
659
1989
2020
76
398
585
-822
-1971
-1121
1705
1593
93
528
1230
697
-1089
-1045
-412
-2034
-3144
-2375
-535
-53
-753
-181
187
44
-46
-347
-753
-2392
-4099
-5233
-6225
-5558
-5053
-5019
-4386
-2593
1322
4380
6477
9033
11409
13573
13769
12776
10222
5688
4401
4910
6196
4342
438
2704
6030
8591
3988
-3180
-6722
-10592
-9642
-11119
-12259
-13104
-13075
-6116
-1178
3607
3330
2825
6314
4701
3249
-90
-777
-585
-5199
-7454
-8365
-5650
-3828
-2534
74
-1423
-2258
-2271
-1030
-1428
-4197
-5052
-4364
-2995
-1557
2528
6039
7916
8002
7802
8277
5846
4550
1840
-2422
-6858
-8328
-4753
-3677
-2369
-662
3141
4309
1620
2731
2019
878
-2844
-3070
64
316
2756
3198
5753
4316
2279
3442
923
649
-3739
-4259
-1891
-2709
-1142
-1642
2045
3391
2058
2984
2149
2424
-1115
-2675
-1710
-2535
-2196
-1682
524
1058
285
755
1231
900
372
-77
-827
-1658
-1558
-291
-710
-2351
-3650
-3786
-5462
-7588
-7736
-6172
-4589
-4203
434
4494
7203
8755
11430
16746
14027
11335
8338
8123
9530
5281
5854
1305
-778
174
1411
4306
-5448
-11079
-14134
-12318
-8325
-12007
-9170
-9235
-5683
-1043
2093
7145
2953
4141
5158
3605
2116
-2235
8
-1404
-5494
-7783
-7012
-3752
-3858
-1386
-272
-1919
-2982
-2005
872
336
-1506
-1636
-322
326
1561
3993
5245
4753
3263
3831
3090
1051
1462
1353
-755
-3740
-3746
-1010
-220
-969
-85
2009
1116
-1261
49
2808
2188
-360
193
3093
3258
1770
2296
2901
493
-2430
-1726
361
-1027
-3400
-1686
1083
716
313
2507
4331
2092
-1478
-1214
71
-1250
-3535
-3612
-1931
-2077
-2745
-846
1890
1370
-1129
-1784
0
1859
1312
1330
3517
4778
3891
3046
4295
3641
-1080
-5698
-7974
-8246
-10685
-12710
-10060
-6637
-3539
-1252
4924
11052
11971
13574
16016
19068
16097
9500
6355
6117
6295
2326
-327
-2595
-4467
-3465
-68
399
-7894
-15249
-17266
-11586
-7494
-9709
-8871
-6370
-1197
3297
8861
10671
5013
2844
1666
2203
-762
-6955
-6553
-6812
-9101
-11322
-9155
-3573
-1580
170
224
-618
-1020
-234
3209
3273
825
-1005
473
5039
7029
7452
6916
5585
4211
2390
751
-1242
-2238
-4776
-6236
-4466
-2749
854
2987
5927
8198
6418
5036
3387
3219
1035
-2158
-2048
-1177
90
266
1919
3280
1031
-1009
-1202
-235
-1723
-4171
-3410
-965
50
-424
1198
2544
1888
560
-717
-1256
-3634
-5533
-5630
-5199
-4595
-3829
-753
1493
1809
1557
1391
2415
2984
3601
3738
3477
3314
3177
3340
1820
254
-1101
-3681
-6725
-9285
-9518
-10298
-11358
-10890
-9477
-5876
-2704
2879
9465
12904
14830
16776
22081
24226
20345
13117
4882
1043
-1744
-3283
-5129
-10187
-11384
-7183
2018
5127
-1822
-7419
-9629
-5983
-4078
-4443
-5518
-8774
-5123
639
8321
10002
3618
3633
4306
3213
-1003
-5029
-4772
-7277
-9817
-11969
-9883
-5421
-3705
-40
1394
231
-912
270
3827
4067
485
-2523
-1693
1694
4553
3986
2675
2267
1077
4
-168
381
-373
-2692
-4372
-2987
-910
-256
1919
4660
5579
4039
2966
4099
3628
453
-2204
-1400
-738
-958
527
2261
2896
217
-749
972
1168
-37
-2347
-1237
-4
-281
511
939
1149
-378
-648
-632
-2008
-3427
-4697
-3170
-2331
-1611
1070
3111
4481
4217
4446
5376
4614
3832
3256
2394
913
-1211
-1862
-1978
-2795
-3884
-4402
-4707
-5577
-4369
-3638
-3842
-4249
-4716
-2865
-2407
-1903
-1141
405
3460
6500
11166
13995
14950
14166
13475
11095
4096
-4218
-9286
-8314
-6318
-4430
-5627
-3944
1870
7172
11901
6152
-2867
-9866
-9149
-3281
-5911
-9163
-10473
-4726
2969
6799
9415
4618
1878
-545
-1997
-1809
-8399
-11016
-10339
-9157
-8619
-7754
-2290
1579
4508
4813
3864
3928
2270
2880
3294
1492
-1158
-2340
1309
3444
1558
-452
-208
852
-620
-2772
-2650
-721
-1031
-2210
-289
3738
5677
5548
6905
8339
6797
2421
1003
761
-1972
-4518
-4745
-2020
-1512
-1476
784
2539
1458
-2490
-2139
-117
-954
-2209
-2223
-350
-1302
-1893
450
2050
1341
-1735
-1828
-407
-538
-820
344
2414
2371
2358
4116
5661
4382
2324
1479
357
-608
-1100
322
1499
-353
-1877
-1040
686
563
-697
-862
-277
-738
-1641
-1251
-1422
-2673
-5686
-6883
-6709
-7918
-7951
-6619
95
5259
7516
11031
13404
17253
15457
11587
6224
-1214
-3421
-5051
-1065
-1255
-5114
-2023
675
8131
7798
-619
-8591
-15861
-12859
-10998
-8683
-9122
-10650
-2483
3187
11805
13645
6857
4415
1076
1277
-1856
-6860
-8423
-9510
-7708
-8096
-5349
-1204
954
4908
4808
3321
1265
-179
1906
1839
-1089
-4039
-3680
-224
2790
3282
2413
1490
-576
-1219
-111
1364
2598
1687
947
3213
6376
8251
9099
8152
5547
2018
-1203
-1473
-2229
-5278
-6999
-6124
-2850
-739
566
2380
1686
-1975
-4544
-2346
-454
-1064
-1913
-1686
270
977
2678
5127
4288
1281
-1764
-1308
-742
-2594
-2119
-558
-163
-818
63
3078
4503
2637
386
85
-510
-1129
-326
1898
1847
-771
-1569
203
2174
1209
-57
-607
-866
-1669
-2984
-2293
-2553
-4739
-7374
-7314
-5918
-5215
-4191
-2591
1890
5106
8849
13081
15578
16462
13944
11748
5853
-2065
-8217
-8955
-4331
-3068
-4814
-5599
-1118
6133
11212
6215
-6332
-16079
-18001
-9358
-2623
-2748
-6267
-4114
5962
15341
21092
13666
2648
-3069
-5813
-4398
-7623
-11406
-12507
-11301
-7989
-5456
272
3404
4757
5992
3069
-252
-3351
-2785
74
-677
-3051
-4093
-1081
4191
6160
4487
1377
-1915
-3358
-2126
-160
1366
2216
2664
4558
8194
10753
10910
9324
5609
1451
-2220
-4076
-4232
-5319
-6300
-6525
-4390
-1662
-582
-226
-1064
-2595
-3906
-2165
1378
3666
4544
4719
5193
5053
4478
3239
203
-4340
-6836
-5597
-4089
-3949
-3476
-837
1234
1516
2416
4167
4988
2523
106
287
737
534
277
1523
2084
916
-49
-172
308
-1286
-2396
-1391
-64
611
-658
-699
-604
-1134
-2641
-4489
-4511
-5612
-6560
-7278
-5379
-1704
1944
6204
8172
9593
8971
9712
10094
5655
-2091
-8786
-5935
810
5860
3403
380
2979
7167
13118
5690
-7811
-18932
-21419
-10964
-3992
-1590
-4658
-193
9923
16288
19513
7820
-2261
-6464
-8457
-7266
-10395
-10181
-7493
-2582
241
1015
3854
2050
2738
2541
-1640
-6385
-11553
-8088
-1299
1209
-190
-1607
2143
6837
7449
3923
619
-2441
-4375
-2133
1620
6347
8245
7532
9058
10085
8564
5696
3450
25
-4658
-8219
-8708
-6136
-5807
-6128
-5083
-3443
-2539
-2588
-739
234
-719
-831
2916
7413
9043
8492
5665
3518
291
-2369
-2240
-4431
-6909
-7198
-4544
-681
20
984
3182
3299
2324
1753
2286
3621
2420
674
1484
1535
1705
2532
2280
993
-1706
-3555
-2583
-1283
125
1792
2325
3594
3903
3405
2761
409
-1777
-4582
-7664
-10702
-12069
-10999
-11017
-9935
-8523
-4335
2532
6919
11611
12796
12995
13098
11279
8891
595
-4650
-2706
2764
5934
1477
-344
1727
5294
4710
-4182
-13881
-21634
-19288
-9149
-496
2487
438
5702
14276
19663
15953
3308
-3353
-6601
-7557
-6618
-5957
-3306
-2657
-2233
-1504
-1927
-4726
-7663
-6006
-5605
-10119
-13099
-7907
2022
8523
9211
8799
9639
8392
8015
7217
3025
-3862
-9101
-4856
878
3634
6398
8373
8827
5177
2116
1955
795
-3634
-6753
-6056
-5795
-5507
-3655
347
1279
-1666
-2499
-1391
-259
-570
-127
2039
2929
2980
5561
8427
6399
862
-3598
-3571
-2505
-3245
-3983
-3775
-1686
-869
-165
1718
1940
1653
169
-291
1536
3088
4980
5656
4913
3006
379
-164
-509
-1716
-3041
-3859
-2873
-1287
920
3833
5176
4457
2555
348
-593
-2546
-5075
-6800
-8683
-9011
-9128
-7369
-6453
-7879
-8400
-7012
-1495
3868
8209
10269
11513
12483
13134
13728
8101
-130
-7423
-5543
963
3789
2857
-2504
-696
4085
7927
4204
-8410
-17256
-18429
-7107
4154
8365
6524
5180
11592
15833
14535
2189
-10537
-13709
-13601
-9807
-7623
-5186
-2879
-1785
-1237
-3887
-5678
-7501
-5212
-1631
-3010
-3824
-588
7440
14103
15263
11617
5898
1290
-464
-1069
-5788
-10223
-9916
-4812
1757
4784
8058
10760
7884
2712
-546
-1743
-2260
-2865
-2702
-900
-1238
-1972
789
1348
-1368
-5520
-6786
-4107
-2448
-359
2058
4005
4852
6106
8757
8988
4545
-1836
-3909
-2965
-2461
-3201
-4502
-3989
-2978
-1756
-433
79
111
-454
82
2459
5594
7727
8932
8464
4532
604
-1994
-2818
-2599
-4196
-4507
-2494
-1051
-65
1296
2554
2354
-482
-2378
-1309
-1082
-2080
-3269
-3016
-2169
-3865
-5881
-6564
-7966
-11812
-14308
-11753
-5234
1567
6850
11295
13881
14567
13451
13328
10345
1857
-7048
-8821
165
8538
11381
6857
3321
5961
8587
8887
-1632
-16149
-26171
-19547
-1170
8871
8923
2371
5158
11265
11372
4244
-8973
-14762
-16204
-10756
-3382
152
3783
4394
5231
1595
-5575
-9430
-8141
-2372
-905
-4007
-4765
77
7028
10334
7243
-311
-7695
-10310
-5918
-1936
-1614
-1147
2367
6150
6304
6287
8130
7917
1090
-4695
-3456
1096
3452
3184
4967
3204
-3026
-7432
-6733
-5188
-8410
-9985
-5393
1799
5435
6900
9987
10152
5593
1937
2287
1448
-2205
-3718
-734
2662
1594
-518
-949
-1606
-3262
-4913
-3573
-1918
-1346
1246
4629
7669
7883
5932
4435
1907
-1398
-4665
-5594
-3822
-2467
-1096
789
2246
1615
-925
-886
277
-53
-1192
-1762
687
1886
1038
686
38
-1542
-5708
-7706
-7145
-8202
-9843
-10457
-6834
-3272
-1642
947
5335
9878
8162
5876
5234
6765
9444
7716
5762
831
814
6814
11987
12918
4646
526
570
2821
503
-9715
-15913
-17204
-7918
1186
5034
4667
118
586
30
-128
-5784
-12951
-9945
-2107
6707
6801
6681
10209
8570
1511
-8618
-12191
-12346
-12545
-9282
-3584
-393
-1466
-402
3276
3071
-4506
-9087
-5771
-1068
940
1472
7404
13104
12499
8879
6835
7044
4434
213
-2433
-3090
-4458
-5340
-2841
391
559
-3672
-6375
-5398
-3889
-2794
-61
4092
5749
5281
5822
8886
9370
5207
1094
-338
245
368
524
276
-2649
-6990
-8100
-6031
-4118
-2335
-705
2072
3385
3130
4754
4959
3900
1486
-719
293
1224
1033
300
-755
-777
-479
-1828
-1735
-1777
-3218
-4041
-3480
942
2894
2547
3698
4639
3474
-1400
-3775
-3171
-3976
-6161
-7984
-7022
-7312
-9087
-8058
-6249
-5410
-5758
-1363
7036
11191
9372
5596
6606
8911
9269
7504
5639
5148
6571
12548
17702
15349
5318
-1441
-1328
-279
-5898
-16303
-20770
-16405
-4548
2976
4125
454
-4793
-4989
-5043
-3886
-5134
-5720
242
8291
14212
12105
8135
5490
172
-8641
-17163
-17458
-13209
-7758
-2378
520
595
-3489
-6313
-5157
-5005
-7840
-7262
-298
8522
12820
12422
13920
13971
9182
2364
-793
1960
3719
3087
3059
1996
-1658
-5915
-6244
-2779
-3792
-7580
-7597
-2881
3311
5751
7500
8052
4436
-110
-844
1758
2048
-401
-480
3020
3569
423
-1572
-1868
-3525
-7934
-8715
-4761
-1663
-72
2073
5513
5036
1317
374
1790
3171
1905
2044
3654
2188
-7
-2031
-2507
-3893
-6334
-5220
-1884
1199
1664
1653
3017
4104
3047
402
-890
-1080
-1345
-2969
-4145
-4274
-4567
-4151
-3123
-1914
-3494
-8133
-10451
-8512
-4813
-1691
507
3777
7423
8202
7382
7912
10136
11843
10116
7089
6986
10894
15534
15428
8897
645
-2893
322
3245
-3206
-14280
-19839
-13967
-3175
451
-2847
-8946
-11371
-9181
-5215
-716
713
2486
6380
9779
9283
4037
210
-1722
-5336
-10217
-13089
-9457
-2092
2088
2389
-1184
-7108
-11263
-12356
-8514
-3254
-884
1557
6074
11247
12271
8522
5351
4101
1915
-181
2435
8202
10695
8035
4567
2328
-2631
-8634
-8203
-2171
1386
-487
-1903
143
614
-2392
-4433
-3435
-3547
-5657
-3234
4655
9659
8718
6376
4678
1385
-4108
-5666
-2491
-1151
-1939
-2253
149
1699
121
672
1318
-267
-3088
-3725
795
5100
6037
4269
1329
-1128
-2828
-3078
-1616
-373
-197
1081
3227
4958
4041
575
-1704
-2415
-2836
-3004
-1547
1204
2577
472
-2713
-3561
-2355
-794
-763
-2472
-6376
-10207
-10644
-7906
-5595
-4903
-2261
2135
7031
8633
7700
7316
7184
9017
9325
8734
8073
10492
15399
15291
11725
4343
119
950
1449
-2438
-13372
-19616
-16202
-7374
-3036
-5129
-7210
-9073
-7994
-5107
-1446
-1433
-4158
-1383
4961
7844
3934
1715
3198
1516
-3882
-6673
-3484
-1876
-3420
-4136
-3475
-4756
-8349
-8772
-5927
-2496
826
4779
7910
7709
4834
1849
170
330
2798
4513
6505
9416
10957
10469
6315
2207
-2431
-8060
-8371
-2454
4154
4052
-1515
-5221
-5902
-6776
-6002
-2813
39
1650
2705
6002
7701
4972
1327
-1695
-4236
-5351
-2155
2517
4775
3157
-131
-1598
-2802
-1769
99
-26
-966
-1951
-602
1523
2665
3009
2015
243
-416
1055
2194
2180
1356
503
443
-778
-1474
-1147
-1381
-1262
-1447
-826
910
2368
2656
1313
-904
-2827
-3639
-3162
-1224
-965
-3650
-6528
-7746
-7411
-7604
-6706
-2558
1882
3354
2473
2342
2286
2832
5849
8723
9091
7355
11172
20467
23483
15523
4416
927
3720
5610
1235
-7422
-14905
-15978
-8384
-2195
-3852
-9883
-12735
-10581
-9377
-10360
-10157
-6085
-475
2656
1691
548
2105
3716
2716
-653
-1688
-754
2008
5550
5286
1878
-3565
-5675
-5408
-6248
-2143
4864
6521
519
-5363
-4531
-3381
-6362
-4542
4264
8082
6123
7009
11662
9923
-390
-4706
-1602
-1641
-3309
2549
11390
9522
-1784
-7949
-4879
-3476
-4023
533
6403
5489
-1038
-2692
519
-346
-4161
-3067
1282
973
-2122
-646
3073
922
-4436
-4163
284
1850
2057
4827
6110
2317
-1974
-510
3420
4250
4011
4360
3715
492
-3483
-5221
-4856
-4313
-3725
-1810
323
1494
-350
-3410
-2615
393
1407
-399
-394
3229
4615
1378
-1208
-752
-2334
-5728
-5238
-1065
-328
-5473
-7943
-4678
-2122
-2253
-1607
602
1555
1380
3640
7580
8058
5565
6611
13654
20415
18081
8320
2455
5172
8435
4698
-1743
-4987
-5058
-3498
-1057
-719
-6502
-14019
-15314
-12255
-13153
-16155
-12751
-4213
-329
-5142
-8821
-5031
-393
-849
-3770
-2065
3525
7814
9637
9370
6738
1225
-3059
-3104
-978
1907
4790
6671
4178
-3271
-8041
-6121
-2569
-1325
-740
1488
3868
3387
2173
2240
390
-2346
-2368
682
4302
6116
7110
6746
2739
-2594
-3846
-1944
168
2337
4445
5371
1716
-3507
-4589
-1662
1180
1461
1075
-301
-3116
-5577
-4985
-2779
-2867
-2110
1672
5118
4826
2789
2330
2113
102
-1505
870
4192
7033
7840
5757
1736
-4408
-6788
-5431
-1937
1708
1505
232
-1521
-4368
-7497
-8336
-3403
2557
2829
-9
133
2529
1635
-1957
-2598
-473
-870
-2019
632
3004
-1548
-9196
-9592
-4449
-1426
-492
2206
4178
1199
-915
3144
7700
5615
1119
3997
12498
15663
10658
3956
2074
5011
8988
10667
6949
-303
-4069
-621
2482
-2202
-9296
-9255
-4541
-5898
-13392
-17086
-13209
-8389
-7632
-9817
-10987
-8767
-3925
-517
-2620
-5688
-3263
4414
10293
9411
6245
3851
2223
921
-495
2036
7473
9584
5757
-1626
-5382
-4138
-3332
-2309
298
1703
1236
49
1456
2781
305
-1165
560
2672
2974
4438
6791
4114
-2320
-5868
-2960
1008
1457
2693
5007
4207
-36
-4157
-3905
-1077
738
2642
3427
748
-3326
-4856
-2911
-1581
-2312
-880
2941
3802
728
-898
255
266
-1640
-1353
2630
5218
5355
5263
3705
-283
-4304
-4723
-2166
662
3063
4213
1959
-2556
-6414
-7564
-5638
-1398
3588
4608
1662
-1003
-1480
-1947
-4158
-3933
-1399
-1049
-2976
-4080
-3006
-3955
-6601
-5142
-263
2701
1772
1541
4131
4872
2112
-169
818
5437
11899
16756
15985
7484
-38
2843
11780
14568
7033
-954
-1208
2364
2265
-1776
-4546
-5434
-6833
-7729
-8535
-10025
-11895
-12508
-10365
-11866
-16032
-13575
-5465
-318
-4640
-10119
-6478
447
4273
5714
7620
8177
3650
-1231
-1019
4545
10833
12237
8657
2564
-1064
-479
-27
103
841
1408
835
-1783
-2719
-1058
87
910
1121
-36
-982
527
3332
2010
-3676
-7167
-4252
1214
3443
4616
5063
2342
-1690
-4808
-3655
-611
2406
7207
8567
4308
-1401
-3594
-1742
-969
-1454
535
3550
3773
1862
-160
-1819
-3291
-3841
-1425
2297
3473
2186
621
-926
-2331
-3460
-2580
569
1854
1376
556
-64
-434
-1923
-2654
-1593
1011
3513
4050
2815
934
48
-1690
-3903
-4173
-2453
-1064
-2937
-5556
-6013
-4748
-3796
-2142
832
1738
-210
-3315
-3292
-1402
42
2985
5443
5099
2839
5416
12912
15496
9301
3249
6051
11582
11574
6155
832
-1862
-906
4072
6635
2025
-4762
-6127
-4852
-8274
-14457
-14300
-8382
-6150
-9322
-13001
-12076
-7770
-5548
-6298
-8421
-8603
-4939
-836
1281
1886
1869
1884
1771
2167
4352
8421
12173
10651
3794
-851
1482
5879
4830
2581
4574
5204
503
-4035
-766
4763
3581
336
549
761
-2545
-4527
-2031
-1288
-5077
-5427
870
3945
-63
-2776
-656
-399
-4470
-4909
1516
6549
5941
4873
4375
646
-3758
-2853
2336
4331
1870
966
1410
119
-940
177
1663
845
-824
-9
1187
-138
-1175
-659
-920
-2929
-4802
-3277
-276
378
-31
71
358
-618
-2560
-1999
1884
5144
3865
-187
-2298
-921
78
-1909
-3688
-3385
-2193
-2597
-3777
-3558
-3094
-2120
-361
1514
1049
-1838
-2532
-205
1361
-545
-2273
1377
8892
13589
11530
5696
2827
5780
10201
10810
7221
4361
5514
7782
6399
1279
-1824
-607
556
-2165
-7221
-9149
-7341
-7011
-10003
-13544
-13789
-10325
-6984
-6958
-9865
-11508
-9447
-5962
-4171
-4105
-2252
989
2244
1005
-629
2166
7653
9477
6686
3385
4719
7227
5218
2611
4892
8251
6368
1237
-154
2292
1920
-36
797
2313
1303
-243
1012
962
-3506
-6792
-3594
1161
599
-1196
141
1059
-1940
-5751
-4714
-1189
-218
125
2304
3177
821
-1854
-2169
-1082
-573
1650
5130
4784
1077
-1107
86
1667
1998
3727
6513
5634
1099
-1820
-1461
-785
-1742
-2747
-2185
-1361
-1666
-2827
-4452
-5001
-3003
-428
465
-385
-943
-140
4
-733
-1048
-1133
-794
144
623
-398
-2379
-2630
-1192
-750
-1006
206
3111
4512
2736
-389
-2741
-3291
-1677
3029
7931
8432
4238
175
1302
5356
7292
6196
4753
4345
4770
5396
4991
3805
3018
3319
2532
-1018
-4361
-4175
-2894
-4538
-7906
-9646
-8361
-6935
-7705
-9283
-10658
-10285
-8291
-6737
-5691
-4457
-2636
-1807
-2797
-3437
-1786
1949
4884
5121
3209
2111
3871
5585
5160
4718
5900
6447
3690
750
2274
4903
4056
1227
275
1125
648
407
1577
1532
-518
-1888
-990
-670
-1454
41
2881
2694
-781
-3023
-1834
-627
-1001
-991
-540
-1120
-2462
-2742
-1557
-732
-765
-495
-256
-2
1064
1861
1493
359
-268
1055
3020
4275
5102
4235
1788
-597
-1115
662
1626
780
-603
-1736
-2857
-4150
-4220
-2803
-1111
-601
-994
-1390
-2446
-3590
-3451
-2406
-1336
-827
-313
581
-10
-1443
-1335
-205
536
544
1457
3092
2392
339
343
3307
6061
5961
4519
2779
2617
4584
6371
5540
1516
-543
2015
4294
3159
475
93
2066
2369
771
-783
-1566
-2111
-2641
-2744
-3585
-5284
-6239
-5623
-5569
-7796
-9123
-7094
-4897
-5146
-6294
-5492
-3262
-3125
-4050
-3192
-724
1601
2070
1574
1895
3050
3737
2779
1804
3288
6180
6635
4062
2406
2382
2197
1551
2078
3851
3774
2101
1021
595
-691
-1836
-965
582
554
-934
-1183
-217
-547
-2043
-2104
-319
1185
1096
436
325
-279
-1479
-1929
-1544
-762
-202
-88
18
-162
-518
-944
-1219
-462
1341
2272
1531
606
67
-183
-290
222
1452
2158
2277
2375
2015
803
-437
-940
-1224
-1332
-1172
-228
-60
-1905
-2859
-2447
-1916
-2495
-3306
-2676
-2051
-2034
-1718
-686
-202
-458
-218
389
498
593
1921
3050
1775
351
2601
6357
6821
4420
3252
4256
4144
2386
1872
2340
2519
2589
2200
372
-2501
-2450
492
1412
-746
-2317
-1146
-360
-1366
-2198
-2483
-2616
-2762
-2863
-3667
-5047
-4801
-3525
-3099
-3312
-2968
-2476
-3281
-4155
-3973
-3001
-1366
383
1035
-419
-1752
-533
737
657
1569
3691
3810
712
-345
2462
3550
1590
1148
3687
4318
1694
1126
3023
2530
-649
-1327
1232
1897
485
705
1894
737
-1919
-2740
-2232
-2025
-704
2004
2787
449
-1782
-1707
-1474
-1761
-367
2104
2498
215
-1266
-777
-478
-764
-460
393
767
637
771
502
-650
-1111
-505
109
269
760
1697
1734
516
-392
58
1245
2160
1877
646
-634
-948
-556
-757
-1284
-1311
-1043
-1517
-2596
-2910
-2380
-1995
-2046
-1795
-522
821
899
-183
-1596
-1469
891
3610
4767
3857
2818
2975
3688
4262
4078
3253
2526
2371
1997
809
-135
106
232
-1537
-3941
-4567
-3438
-2206
-1552
-1441
-1912
-2589
-2701
-3024
-4174
-3905
-1436
468
-261
-1212
-27
849
-661
-2183
-981
1255
1593
826
633
529
278
342
69
-944
-803
1103
1855
78
-1417
-351
755
-651
-1971
-752
1049
1288
805
1216
1714
1229
643
126
-513
-416
507
1528
2004
2058
1968
966
-663
-1408
-862
315
1322
1384
212
-1275
-1782
-1191
-719
-733
-277
237
40
-486
-674
-649
-1015
-947
208
1335
1294
712
788
1061
372
-378
467
2136
2544
1058
-567
-1047
-607
87
483
1021
1703
1960
1309
13
-636
-143
718
551
-604
-975
-331
-75
-1243
-2802
-2992
-2497
-2627
-2955
-1984
241
1059
-716
-3072
-3751
-2307
6
1928
2613
2301
2112
2235
2185
1972
2254
2608
2071
1120
871
1555
2163
1484
-274
-1814
-2181
-1247
-67
427
199
-493
-1180
-1224
-737
-559
-855
-1152
-997
-949
-941
-190
672
431
-848
-1438
-868
-503
-678
-792
-764
-784
-498
291
215
-1092
-1926
-1571
-1175
-1355
-1068
57
547
-208
-769
-512
90
718
1747
2781
2687
1828
1489
1999
2296
1956
1420
1266
1436
1303
848
655
967
1068
191
-1375
-2397
-2304
-1490
-795
-669
-895
-1143
-1162
-1146
-1224
-1270
-869
-97
178
-92
-77
700
1508
1370
942
1342
1890
1739
1208
1142
1590
1400
710
373
340
29
-610
-871
-656
-48
641
648
-389
-1546
-1332
-51
498
-160
-698
-642
-997
-2148
-2860
-2366
-1569
-1385
-1543
-1366
-1164
-1580
-2313
-2493
-1929
-1212
-495
488
1508
1963
1661
1272
1454
2067
2777
3174
2567
1415
1044
1655
2178
1840
1622
2067
1930
780
-71
89
390
-24
-309
151
271
-409
-1082
-1167
-1259
-1334
-972
-606
-1014
-1887
-1921
-1345
-1127
-1200
-1143
-993
-1109
-1250
-620
432
624
-372
-1650
-2210
-1774
-1111
-710
-338
25
232
187
301
702
1088
1344
1541
1704
1896
2186
2256
1651
632
74
267
931
1386
1099
170
-1062
-1785
-1569
-1141
-885
-838
-985
-1224
-1597
-1398
-486
299
498
135
-110
228
894
1341
1300
1259
1771
2352
2053
1179
887
1353
1491
988
757
1300
1466
355
-1030
-1461
-908
-690
-1187
-1438
-1036
-644
-997
-1597
-1481
-784
-190
-89
-386
-589
-450
62
364
-64
-739
-983
-953
-1169
-1534
-1416
-941
-1166
-2072
-2490
-1908
-1083
-695
-285
540
897
409
117
716
1531
1708
1707
1987
2095
1868
1982
2254
1893
1366
1732
2597
2476
1509
877
880
594
149
405
544
-43
-820
-1018
-892
-1217
-1493
-1171
-1050
-1471
-1730
-1524
-1193
-1051
-849
-528
-570
-722
-603
-583
-737
-987
-1234
-1398
-1338
-874
-359
-258
-378
-392
-394
-294
124
607
739
845
1312
1749
1636
1314
1409
1529
820
-262
-569
-147
346
371
-59
-829
-1612
-1667
-1076
-514
-360
-364
-416
-625
-734
-314
729
1546
1489
1097
1072
1625
2083
1872
1490
1376
1435
1562
1579
1567
1247
428
136
463
675
249
-479
-787
-1161
-1783
-2040
-1641
-1091
-1143
-1635
-2012
-1889
-1335
-646
-180
-63
-39
-173
-250
-163
220
469
124
-496
-995
-1186
-1237
-1024
-779
-1019
-1625
-1608
-944
-490
-482
-497
-254
14
600
1505
1978
1740
1372
1437
1807
2094
2543
2970
2969
2603
2050
1520
966
776
976
821
162
-245
-368
-624
-1088
-1480
-1697
-2111
-2147
-1527
-1025
-1170
-1376
-1120
-1105
-1676
-1746
-705
239
115
-341
-394
-270
-216
-240
-263
-471
-660
-371
14
59
66
164
-35
-505
-564
122
827
913
786
587
327
423
773
1081
811
236
-78
-213
-194
85
549
708
506
286
195
-29
-207
-151
-30
40
270
798
969
505
-124
-393
-181
422
1078
1519
1213
375
-57
85
617
1082
1181
931
649
333
-3
-432
-619
-325
-246
-556
-972
-997
-856
-1076
-1621
-1921
-1533
-907
-468
-425
-499
-378
-312
-496
-625
-196
452
457
-229
-939
-1216
-1091
-738
-364
-343
-727
-940
-629
-354
-436
-467
50
753
868
697
883
1515
2111
2214
1915
1612
1603
2032
2539
2503
1789
958
642
642
428
44
-37
53
-251
-1041
-1649
-1655
-1446
-1382
-1375
-1304
-1180
-1051
-1030
-987
-988
-1101
-1079
-788
-330
19
20
-154
-386
-652
-752
-530
-86
183
141
-86
-206
-344
-341
90
519
445
-78
-247
159
495
348
364
696
742
364
174
732
1199
1221
1076
874
675
470
869
1458
1175
229
-256
136
386
95
-59
36
-147
-711
-909
-576
-319
-246
-215
-133
-367
-632
-266
387
733
477
88
-18
107
344
340
101
-48
-95
-126
-379
-665
-726
-617
-471
-397
-424
-643
-758
-736
-667
-503
-267
-106
-199
-482
-542
-393
-422
-667
-817
-529
-176
136
197
-83
-402
-493
-130
262
547
814
1010
934
638
479
672
1133
1521
1681
1354
896
958
1438
1700
1310
851
727
847
864
690
562
267
-168
-532
-683
-872
-1058
-974
-929
-1174
-1561
-1760
-1726
-1615
-1393
-1143
-1072
-1202
-1340
-1215
-1076
-1024
-785
-450
-280
-230
-139
-64
-171
-216
-38
152
162
223
461
509
428
183
104
138
302
750
982
1107
1144
1016
701
574
922
1389
1446
1263
1260
1208
858
474
489
521
278
4
56
142
-37
-286
-619
-909
-1058
-878
-578
-509
-574
-575
-613
-618
-319
123
324
80
-117
28
284
309
130
41
58
26
-2
30
129
241
125
-85
-290
-330
-377
-508
-483
-306
-250
-459
-488
-359
-411
-726
-875
-720
-572
-539
-328
-27
-173
-570
-610
-134
285
411
378
394
277
246
578
867
977
919
914
789
652
856
1252
1478
1407
1333
1002
507
393
739
1045
698
150
19
48
-235
-642
-744
-690
-800
-1067
-1288
-1478
-1560
-1301
-917
-895
-1231
-1525
-1547
-1506
-1480
-1250
-887
-615
-515
-455
-401
-353
-291
-157
13
202
473
751
892
771
533
448
622
913
1182
1369
1465
1359
1144
962
918
1029
903
628
455
531
620
509
256
36
86
39
-234
-546
-679
-622
-515
-543
-796
-884
-686
-336
-149
-330
-514
-416
-192
-130
-86
221
578
614
359
167
252
425
424
420
474
408
234
163
202
92
-166
-458
-712
-810
-658
-324
-188
-381
-526
-457
-430
-542
-509
-260
-179
-374
-559
-530
-304
-91
47
18
-232
-381
-103
300
323
241
304
484
510
461
721
1024
1076
840
686
770
829
853
870
782
454
173
216
274
200
39
13
-49
-342
-566
-582
-625
-846
-912
-759
-678
-982
-1172
-891
-503
-414
-704
-1060
-1343
-1374
-982
-458
-290
-376
-358
-237
-284
-360
-141
358
601
323
204
524
877
973
899
812
723
651
796
1175
1439
1288
911
608
468
460
588
661
492
130
-247
-381
-394
-289
-150
-129
-356
-698
-752
-527
-373
-507
-675
-534
-217
-13
93
42
-71
-253
-328
-270
-140
71
295
379
129
-40
126
406
420
260
269
328
146
-22
-95
50
231
175
-80
-487
-581
-391
-149
-222
-355
-259
-266
-478
-569
-209
66
-65
-279
-307
-211
-171
-152
-98
-100
-130
-56
97
188
242
354
451
465
447
560
651
640
620
565
599
688
887
937
712
413
218
242
189
147
105
-40
-282
-511
-539
-512
-568
-786
-958
-953
-795
-586
-628
-815
-793
-634
-532
-647
-885
-832
-576
-334
-314
-381
-216
102
278
107
-25
35
250
459
591
659
562
508
535
665
714
669
751
737
510
293
352
540
518
361
244
15
-306
-465
-352
-203
-217
-351
-452
-519
-570
-464
-454
-560
-562
-377
-193
-133
-8
250
530
527
361
290
328
433
464
441
495
629
838
833
543
272
206
212
102
2
-95
-180
-256
-271
-227
-199
-312
-533
-727
-846
-838
-703
-488
-456
-543
-548
-490
-302
-157
-148
-127
-102
35
122
170
197
113
75
123
318
510
588
585
450
353
261
240
364
349
306
171
172
278
351
423
336
219
104
131
118
112
96
57
88
86
-19
-278
-448
-447
-459
-572
-591
-462
-285
-315
-500
-551
-501
-462
-476
-505
-518
-423
-209
-107
-148
-109
87
283
178
-55
-47
109
154
134
148
107
79
266
467
340
87
57
231
228
70
80
290
370
183
55
61
47
-13
-69
-104
-201
-183
0
-51
-205
-248
-145
-41
-183
-292
-76
249
395
370
293
267
285
331
398
450
442
569
651
571
433
329
383
393
304
34
-200
-307
-353
-372
-319
-173
-271
-503
-646
-651
-544
-509
-523
-492
-525
-559
-457
-249
-141
-179
-207
-141
16
145
218
205
154
125
231
416
433
300
189
214
269
319
333
259
199
67
-73
-167
-99
190
356
326
109
-61
-14
118
252
344
470
509
401
212
-77
-211
-203
-128
-107
-149
-111
-269
-451
-582
-556
-448
-471
-454
-441
-515
-671
-607
-413
-295
-226
-129
-9
50
59
78
85
17
-43
-83
-15
63
111
163
141
31
-25
-22
25
124
178
231
244
192
149
216
259
285
315
313
321
237
126
68
57
101
19
-92
-46
-5
-22
-148
-127
-10
-26
35
151
351
471
358
235
157
141
250
436
504
367
212
203
221
58
-108
-160
-149
-142
-206
-278
-355
-485
-626
-651
-597
-544
-420
-300
-291
-431
-513
-379
-180
-73
-162
-175
-75
90
211
233
245
238
233
195
255
358
514
542
421
249
89
97
180
259
254
180
124
136
117
65
29
-2
-10
103
196
182
14
-65
50
99
98
66
152
146
-32
-232
-263
-190
-187
-248
-349
-439
-539
-564
-623
-673
-623
-534
-464
-392
-391
-360
-235
-185
-81
56
143
178
221
234
266
284
252
262
237
209
209
267
241
54
-107
-106
-7
53
29
-36
-28
2
6
48
84
130
125
70
126
278
352
253
114
3
39
192
300
317
236
96
-12
-63
-6
124
195
168
102
117
149
167
165
256
338
273
56
-102
-46
-51
-101
-156
-168
-163
-231
-258
-301
-415
-511
-481
-406
-389
-338
-301
-339
-413
-396
-249
-149
-118
-80
4
62
70
108
217
270
234
237
209
220
271
353
382
253
179
227
322
287
274
328
298
248
149
84
116
176
260
284
172
66
76
164
218
175
54
-82
-192
-252
-300
-344
-319
-316
-425
-652
-771
-727
-605
-547
-534
-502
-558
-593
-615
-521
-341
-172
-65
-76
-41
85
181
161
200
263
309
382
379
336
296
250
224
231
249
244
187
131
79
67
65
91
133
165
207
177
171
228
224
153
169
240
321
314
184
118
67
62
75
105
148
141
188
141
10
-7
77
164
136
80
52
7
-6
-9
-98
-284
-363
-281
-167
-135
-265
-346
-400
-494
-512
-465
-349
-301
-342
-386
-347
-259
-196
-141
-172
-187
-131
-16
136
164
136
149
164
167
96
131
296
393
291
120
113
154
249
362
422
398
318
289
249
214
185
275
342
248
82
-3
68
101
98
76
57
98
117
-21
-161
-209
-152
-81
-122
-196
-292
-376
-448
-512
-593
-556
-490
-406
-378
-502
-505
-470
-452
-423
-300
-161
-138
-152
-82
42
94
145
217
317
389
378
388
395
307
232
259
287
321
319
250
89
-67
-45
70
161
125
47
-51
-141
-108
38
212
319
286
192
127
100
204
288
350
357
320
257
217
260
208
174
98
100
160
107
15
-130
-221
-291
-310
-297
-334
-432
-496
-496
-501
-425
-352
-326
-383
-439
-329
-159
-40
-44
-111
-126
-129
-87
-7
5
9
69
88
15
-105
-158
-111
-32
49
50
38
41
60
142
188
221
260
337
401
366
345
383
439
440
404
328
233
183
106
35
11
74
72
1
-54
-95
-38
-84
-151
-138
-108
-97
-106
-117
-205
-284
-317
-301
-307
-265
-177
-171
-242
-308
-341
-349
-334
-288
-257
-247
-146
-51
-29
-16
30
74
136
150
186
252
291
278
219
218
174
165
140
101
142
203
252
226
135
104
82
-24
-90
-13
78
120
168
154
142
129
158
167
133
138
187
258
281
196
80
60
110
164
72
0
-48
-115
-112
-158
-253
-276
-280
-357
-447
-475
-342
-253
-299
-369
-476
-467
-300
-208
-193
-184
-174
-66
5
-42
-61
-50
-62
-54
-58
-51
-6
76
123
67
26
3
-6
22
48
69
113
224
263
258
222
227
348
402
391
411
493
490
385
280
224
178
186
223
186
147
131
96
42
-51
-164
-154
-117
-106
-200
-255
-222
-220
-250
-322
-319
-286
-190
-217
-314
-331
-298
-253
-244
-216
-220
-193
-177
-164
-133
-101
9
73
100
76
13
14
-33
38
153
237
274
213
174
91
43
21
102
237
214
157
147
139
131
160
266
271
181
155
162
171
186
183
118
97
86
86
75
64
83
67
25
-49
-128
-167
-147
-146
-126
-116
-122
-161
-202
-199
-202
-206
-176
-179
-260
-310
-301
-256
-226
-221
-255
-250
-249
-262
-230
-191
-171
-142
-112
-97
-88
-62
-43
-57
45
105
137
171
113
60
60
124
170
202
170
146
151
184
219
238
300
297
267
253
289
329
319
319
284
197
174
231
256
219
162
103
22
-10
-49
-78
-75
-126
-154
-160
-158
-187
-196
-163
-154
-189
-212
-175
-153
-155
-131
-100
-82
-74
-154
-211
-192
-174
-129
-130
-143
-147
-157
-120
-71
-47
-58
-82
-60
16
6
33
85
101
158
177
180
198
174
166
214
199
218
230
220
261
226
189
204
231
212
150
99
41
5
12
42
14
-41
-85
-158
-188
-197
-212
-218
-215
-257
-268
-231
-217
-174
-160
-166
-173
-161
-148
-126
-97
-44
-51
-117
-138
-162
-131
-97
-42
-39
-68
-103
-110
-117
-148
-80
-49
-19
-44
-37
18
73
133
137
164
135
145
144
167
243
225
230
218
238
236
178
185
210
206
178
155
143
187
170
123
123
128
119
53
34
60
27
-11
5
-6
-37
-37
-42
-73
-71
-41
-21
-16
-37
-29
-24
-4
-31
-55
10
14
-10
-46
-64
-64
-77
-101
-146
-174
-244
-266
-205
-167
-177
-166
-137
-159
-172
-174
-89
-40
-6
31
3
12
15
50
85
120
98
58
6
4
42
50
72
21
-35
-34
-26
7
26
-15
-44
-108
-122
-60
-11
16
44
27
-13
-28
-19
62
57
54
64
54
104
101
53
67
91
101
124
135
150
104
69
20
2
32
26
18
-60
-101
-134
-114
-86
-96
-123
-172
-151
-93
-51
-27
5
16
52
73
85
79
84
59
86
106
102
122
87
98
101
77
33
16
-15
-32
-35
18
21
8
-16
-56
-30
-56
-62
-72
-61
-119
-143
-111
-99
-62
-5
-50
-84
-38
-38
6
29
79
76
37
14
-19
-15
41
97
142
137
68
50
28
2
-8
47
56
19
18
35
27
-40
-63
-63
-25
-33
-13
19
9
22
-12
36
53
54
76
50
59
7
-28
-29
-49
-54
-72
-77
-94
-91
-109
-94
-110
-143
-117
-142
-111
-117
-110
-64
-73
-68
-54
-36
1
32
31
10
-1
29
73
141
136
103
90
48
59
95
104
117
108
71
54
35
25
-6
-13
-41
-60
-63
-93
-93
-74
-60
-68
-55
-54
-4
21
53
83
98
78
41
82
120
151
101
105
111
77
13
4
70
54
30
-9
-30
-54
-21
16
-7
-6
-29
-51
-26
-40
-63
-33
-20
-24
-57
-60
-25
-26
-20
-12
-42
-25
3
-3
13
17
-3
-24
-31
-34
5
22
22
18
-29
-64
-83
-59
-47
-57
-57
-29
-32
-62
-32
-13
-21
-14
-26
-8
9
2
42
28
4
38
53
62
62
58
73
78
26
9
46
36
37
44
11
6
7
20
17
13
35
-4
-14
0
13
25
2
-2
1
-13
-35
-5
15
-11
-27
-29
16
4
-34
-39
-56
-79
-85
-47
-19
-31
-51
-30
-7
-23
-23
-9
-36
-47
-63
-26
-10
-26
7
-18
12
27
14
35
28
4
16
20
31
39
15
27
29
47
38
49
44
46
62
36
41
35
35
6
13
28
11
13
17
6
-13
-14
-35
-25
-29
-44
-30
-45
-25
-22
-14
-24
-23
3
-3
28
36
62
50
12
34
29
26
52
33
33
66
38
31
48
3
-12
14
26
9
-30
-8
0
-13
-42
-39
-19
-40
-58
-85
-76
-90
-75
-18
-10
-28
-43
-44
-28
-50
-56
-19
1
2
-16
-22
-3
-17
-15
-1
-13
11
14
9
0
12
20
35
38
32
28
9
12
13
66
61
32
38
39
19
11
28
8
-61
-60
-46
-61
-53
-74
-45
-32
-20
-32
-16
4
-29
13
30
9
-2
18
20
1
20
47
52
44
4
19
33
20
10
-1
32
33
-10
-7
9
-2
17
4
19
66
68
53
36
22
45
3
-4
5
-27
3
-45
-45
-59
-48
-48
-45
-19
-13
32
20
-2
-27
-19
-24
15
32
32
35
28
54
28
9
30
13
4
-19
-41
5
-13
1
-12
-13
5
-10
7
-21
-3
-9
-49
-53
-22
-31
-51
-31
-10
-5
-7
-8
-9
-1
-14
-23
-19
-23
-35
-26
-29
-16
-13
-17
-28
-43
-11
16
26
25
31
43
51
29
22
34
48
49
42
35
53
56
44
80
91
39
14
25
-26
-16
-14
-40
-74
-96
-67
-82
-85
-44
-45
-72
-50
-70
-54
-8
4
18
25
12
33
35
11
46
64
51
5
3
12
3
-17
7
3
-35
-46
-35
16
-3
10
29
50
57
59
72
61
70
81
81
79
67
53
53
23
12
-15
-25
-46
-41
-46
-63
-64
-75
-75
-127
-96
-71
-53
-47
-47
-17
0
28
40
28
15
13
13
40
21
13
19
10
-9
-28
-29
-42
-38
-71
-53
-5
-23
-15
4
16
14
41
91
57
61
66
37
9
17
29
1
32
-16
-13
-20
-46
-34
-75
-61
-60
-42
-22
3
-16
15
51
34
60
50
41
30
50
45
42
47
43
35
3
-25
-58
-38
-2
-29
-70
-45
-38
-28
0
-24
-8
-26
-33
19
15
-7
-8
-6
-17
-9
12
20
20
19
11
-10
2
2
-12
17
10
-17
-14
-48
-28
-11
-11
16
-2
-13
-25
4
15
13
-12
19
26
6
46
26
69
60
52
48
47
88
66
31
19
25
20
13
7
11
-6
0
-19
-30
-27
-31
-12
0
-17
-23
-10
-2
-36
-60
-35
-58
-54
-29
-25
-57
-71
-44
-56
-75
-52
-58
-35
-29
-70
-48
-59
-55
-45
-26
-23
-19
33
56
47
45
24
9
30
5
10
23
44
45
30
20
3
51
66
60
59
54
53
46
49
36
22
44
42
47
67
41
51
28
18
41
6
4
38
26
-5
4
0
-12
3
-21
1
20
1
-2
-16
-8
-6
-9
-37
-50
-55
-67
-55
-52
-34
-43
-50
-21
-40
-38
-29
-33
-53
-79
-46
-14
6
9
30
-3
-3
-7
-50
-29
-28
-38
-51
-23
-18
-25
-33
2
32
25
35
41
60
27
19
31
35
31
47
50
38
41
10
3
0
-3
22
28
12
4
-12
-7
17
1
-4
15
25
41
32
24
18
-2
-6
-22
-18
-25
-38
-15
4
-18
-48
-37
-25
-20
-30
-21
-33
-41
-8
-26
-30
14
-5
-24
9
6
9
-3
12
5
14
22
-4
22
5
12
-7
-2
15
3
12
-5
29
79
64
29
15
12
26
21
9
4
13
6
-12
-17
-16
-19
14
24
13
11
-6
3
-27
-7
7
-9
-14
-16
-25
2
69
23
23
32
3
-43
-73
-40
-44
-57
-34
-1
-19
-10
-4
5
32
25
37
31
28
10
3
22
31
34
28
13
-3
29
15
19
23
-23
-31
-46
-45
-59
-44
-30
-25
-4
-25
1
21
0
-29
-21
-19
-30
-39
-37
-35
-50
-47
-38
-4
-25
-26
-10
3
-13
-23
-19
-15
16
2
1
3
7
7
5
16
19
16
17
13
12
14
-6
2
2
-20
8
29
17
34
45
71
59
54
70
53
51
20
46
41
34
39
33
60
26
22
9
14
3
-1
-6
-66
-30
1
1
-8
-10
4
-12
10
45
24
-4
-26
-29
-48
-57
-51
-51
-24
-21
-10
-34
-37
-32
-57
-45
-15
-12
-14
-7
-17
-16
-29
-14
-3
3
11
19
13
5
-12
-17
9
-3
-2
-22
15
48
27
29
34
50
32
65
72
36
43
19
9
-6
-3
-12
-43
-20
8
-21
-29
22
3
13
-9
-34
-12
-48
-16
9
7
0
-38
-3
16
-19
-9
-7
-23
-39
-32
-29
-48
-57
-70
-32
-51
-54
-25
-51
-32
-38
-27
-9
11
39
10
-8
-22
3
18
22
47
41
44
38
37
42
42
47
48
55
53
50
57
64
45
41
73
83
63
70
41
33
35
-2
13
20
19
-11
-3
9
-22
-31
-26
-16
-36
-36
-35
-12
-13
-64
-44
-23
-35
-7
0
-6
0
-34
-51
-64
-34
-34
-46
-16
-23
-7
-20
-26
-35
-45
-44
-51
-19
-6
-12
-16
-2
-13
-32
-22
-4
-8
-32
-2
15
16
26
10
13
32
0
-1
37
44
40
23
69
54
35
23
7
60
43
39
20
45
70
35
37
18
-14
-22
-14
16
12
-51
-18
-9
-42
-3
26
-8
-38
-23
-26
-21
-14
-10
-21
-15
-15
-48
-34
16
11
3
8
-32
-39
-33
-19
-6
6
3
-35
-36
-27
-13
2
4
10
-2
-4
-8
10
-1
-32
-3
9
2
19
44
46
35
28
32
8
-19
9
2
-5
-7
-14
22
36
21
20
47
30
15
28
29
28
15
10
18
7
16
13
-2
19
-9
0
18
3
-5
-24
-9
-3
-8
-4
-6
-10
-14
-21
3
2
-31
-27
-26
-63
-63
-53
-57
-61
-47
-10
7
-1
-11
3
19
19
13
34
16
-6
18
37
46
30
46
35
2
7
15
3
-16
-29
-26
3
0
-23
-19
-17
-19
-20
-16
-5
-11
-9
-26
-25
-22
-35
-17
-18
-22
-1
-4
-13
21
2
-2
1
2
48
7
-3
15
-4
0
-19
2
33
29
7
4
41
14
-16
19
32
17
10
47
53
16
37
27
9
19
30
42
29
10
1
3
-3
-23
-25
-13
-7
-7
-4
4
7
16
11
-1
8
-24
-33
-19
-25
-23
-42
-48
-50
12
29
7
16
-20
-26
-37
-33
9
1
-4
10
-13
-10
-19
-3
3
-18
-17
3
11
24
33
3
-14
-53
-20
-28
-18
9
-35
-15
-4
13
25
53
28
32
34
7
28
50
68
41
19
3
7
-16
-7
6
-5
-2
-19
-7
0
-13
-12
4
-25
-35
-18
-9
-14
-32
-24
-30
-36
-48
-58
-31
-39
-43
-42
-24
9
5
-4
3
0
-15
-12
-2
15
16
23
25
63
39
26
59
51
28
18
53
39
47
53
44
46
47
32
35
37
33
8
-24
2
-4
-11
-44
-54
-38
-11
-29
-40
-31
-64
-38
-28
-20
-7
6
-6
10
10
-18
10
-13
9
22
0
-3
-17
-7
1
22
-12
15
47
34
26
13
46
16
32
12
-15
8
1
1
17
20
-13
8
-6
6
11
-12
0
-26
-35
-53
-73
-60
-26
-40
-53
-32
-37
-46
-64
-35
0
-3
-22
-32
-18
-12
-6
-14
11
28
-9
19
26
22
44
22
26
16
-3
36
60
27
19
43
52
9
-25
-1
-4
2
8
8
2
-20
4
3
-4
4
3
12
-3
0
0
-19
-37
-29
-1
-10
25
38
-3
-4
19
27
12
29
31
19
35
41
29
24
-1
-2
34
10
-15
-26
3
25
3
-15
-8
-18
-34
-36
-51
-3
-22
-9
-9
-11
7
-12
-7
-38
0
1
6
13
3
-6
-2
13
33
21
1
22
3
0
1
6
-18
-20
12
41
32
20
-6
-22
-22
-16
16
-5
-22
-51
-41
-37
-3
25
14
-19
-29
9
0
-15
-13
25
-8
-20
-10
-18
-21
-46
-29
-22
-10
-22
-35
-14
-43
-35
-37
-41
-13
-12
-1
-5
12
-14
2
18
-10
3
5
7
25
24
33
65
33
37
54
81
70
50
69
48
44
46
62
64
60
45
30
13
22
15
-9
-21
-11
12
-15
-19
9
35
16
21
19
11
-2
-16
3
-18
-15
-9
-42
-24
-22
-41
-28
-30
-52
-69
-57
-68
-73
-82
-48
-30
-42
0
-25
-16
-27
-24
-4
-6
3
3
15
-16
1
-3
-10
-19
-27
-1
-13
-9
7
-5
-14
41
32
-9
-12
16
29
-4
9
12
33
49
37
58
63
51
39
35
8
17
47
22
38
34
9
9
-16
-24
7
-7
-10
-23
-41
-28
-50
7
29
-1
5
-18
-27
-19
-26
-26
6
-9
-22
-21
-14
-3
-12
8
6
5
3
9
16
-18
-7
6
-5
6
5
18
11
1
10
-2
25
24
-7
-3
6
-9
-23
-20
-10
-6
-22
11
13
1
9
-3
1
19
19
-18
-5
17
3
13
26
-10
-4
15
15
29
28
51
51
18
1
-7
-18
13
-16
-16
20
-20
-19
-34
-38
-32
-23
-18
-8
6
-42
-29
5
-6
-12
-28
7
15
-1
0
-10
11
-15
-26
-3
12
0
-35
-56
-16
-15
-19
36
23
-16
-35
-16
-6
2
-9
-25
-26
-3
12
19
36
10
35
29
21
15
-10
6
6
9
-8
33
49
-18
-19
8
7
0
-11
-28
-25
15
20
-6
4
10
7
12
16
0
-5
12
-11
6
18
25
50
44
28
22
28
-1
21
23
30
38
15
25
12
9
6
16
8
-16
-16
-7
-26
-37
-25
-18
-25
1
6
-20
-9
-23
-9
-35
-34
-4
-30
-66
-91
-49
-53
-50
-47
-46
-7
-12
-26
-41
-28
-23
-25
-2
5
13
31
32
22
15
20
30
34
29
12
27
10
16
13
10
52
41
48
62
32
26
16
19
29
9
38
14
18
66
32
7
22
12
-32
-28
-7
-17
-24
-22
-17
-25
-25
-42
-35
-3
11
12
-16
-1
-2
2
-1
-34
-6
0
-26
0
5
-13
-33
-63
-58
-36
-25
-35
-5
-21
-44
-33
-25
-3
-3
-1
9
22
8
9
-4
17
28
16
39
-1
7
38
21
6
0
6
-10
5
15
21
37
18
31
23
35
43
17
28
13
1
11
-10
-22
-30
-34
-24
-38
-20
-7
0
-9
-15
21
42
26
8
38
48
39
28
20
35
25
8
9
3
-5
-1
25
31
2
-31
-13
13
-2
2
-2
-15
-35
-32
-22
-39
-40
-54
-60
-29
-25
-52
-54
-29
-54
-68
-45
-28
-10
-14
2
12
5
2
25
27
11
15
18
21
-1
-13
5
24
28
27
33
16
-3
10
15
31
28
35
42
27
22
17
10
6
-2
-31
-16
-24
7
22
-17
7
16
-4
-20
0
6
-19
1
-18
-28
-9
-17
-22
-12
20
2
9
28
7
-10
-18
-35
-37
-4
6
-13
-2
36
3
-14
-14
-17
-10
2
1
-30
-22
-13
14
7
-12
4
-6
-5
-17
-16
8
-5
-28
-4
28
10
7
25
40
35
21
60
64
24
25
11
14
23
32
54
39
48
42
29
33
15
2
2
12
-15
2
28
-7
-19
-24
-13
0
-31
-23
-16
-32
-50
-52
-43
-27
-5
-19
-42
-42
6
19
-13
2
16
-11
-32
-12
7
-19
-7
-4
-33
-25
-10
-15
-7
13
-2
-10
7
-7
-11
14
-20
-6
1
-29
-21
-1
6
-15
-5
-32
-37
-30
-22
-6
-13
6
-21
-32
0
0
25
49
44
34
-8
0
0
-11
-4
21
58
67
41
15
50
45
40
51
45
72
51
-8
16
25
7
38
29
28
16
3
7
-15
-24
-10
-10
4
-14
-57
-30
-10
-12
-19
-6
1
-9
-23
-25
-5
3
-6
-20
-32
-31
-9
-24
-11
13
-10
-17
27
7
-31
-10
13
12
-3
-2
-15
-15
-11
-5
-3
0
-1
6
13
12
11
23
36
33
8
-31
-6
-8
-4
-30
-47
-8
-22
7
-1
-22
-32
-28
-20
13
29
-2
15
-10
-37
-30
-18
-30
7
6
3
14
20
41
20
31
32
41
26
41
34
32
3
-32
-5
1
14
-11
-22
-24
-19
-18
-30
-27
-29
-21
-5
0
3
0
-19
-26
-26
-26
-9
-5
-6
-13
-29
-32
-9
10
2
6
0
21
47
35
-2
28
12
-9
41
56
52
48
45
-5
30
43
33
18
14
43
16
35
36
26
15
9
5
-5
6
24
19
22
12
18
21
-15
-2
-20
-22
-31
-53
-54
-76
-60
-37
-43
-63
-59
-57
-41
-15
-29
-40
-48
-41
-24
-36
-23
-10
-14
3
-16
-31
-5
-4
14
7
10
32
28
22
-7
13
6
-33
-39
0
16
-19
5
8
5
8
-9
13
31
-7
36
38
34
78
26
31
34
43
44
23
28
9
15
19
36
35
15
28
26
18
-6
-19
-20
-2
-1
-12
4
6
-1
-35
-21
1
6
8
2
13
-6
-15
-25
-6
14
19
45
18
12
-19
-49
-37
-39
-2
-16
-6
-5
16
-11
-33
6
-33
-9
-25
-9
-16
-34
9
-25
-32
-28
-10
-5
-47
-56
-16
-2
-28
-28
-13
-15
-29
-38
-5
14
-8
15
29
26
41
27
8
16
33
40
53
34
23
29
14
40
41
19
37
47
41
0
-26
-8
4
-12
-19
13
-5
-13
17
18
17
6
21
-14
-24
12
-17
-9
7
-9
-16
10
-2
-31
-12
-44
-56
-25
-29
-64
-50
-17
-29
-19
-3
8
-16
-14
-3
16
12
-2
8
-36
-5
-21
7
31
22
42
4
35
15
15
41
60
55
56
48
34
29
-9
10
-3
-38
-36
-8
21
18
-16
-2
-12
3
20
-21
2
2
9
18
7
9
-1
-9
-13
3
2
3
7
12
12
-21
-25
-14
-22
-8
6
-6
-9
-13
-16
-3
-1
7
8
-7
-5
-17
-11
7
3
0
-10
-27
-33
-20
-47
-26
4
-28
-48
-44
-33
-23
-42
-45
-2
-22
-1
7
13
24
-2
24
8
18
5
-3
35
40
34
15
18
12
0
18
21
11
27
32
64
53
54
70
37
36
26
41
65
24
-3
4
16
26
-3
0
-9
-38
-32
1
-10
-14
-7
-42
-51
-60
-36
-35
-18
-24
-40
-41
-18
-13
-11
16
-15
-27
-25
-6
-33
-25
-14
3
37
22
18
41
45
33
40
15
-1
-24
-17
9
2
3
2
-48
-41
-30
-25
-2
-17
5
-13
-42
-43
-9
-3
-55
-68
-26
9
-12
-15
16
3
9
29
33
64
63
38
35
12
26
48
47
68
75
56
32
44
25
25
3
7
-2
-23
-11
-37
-4
13
3
-39
-38
-11
-22
-22
-6
-12
7
0
-11
-1
-5
-2
-41
-11
17
-3
4
22
-12
-16
-19
-18
3
-12
-3
-10
3
-22
24
20
-20
-11
-38
22
-12
-26
-23
-47
-12
-5
-10
-28
-16
-31
-39
-22
-18
-22
-44
-26
-29
-28
3
-6
4
21
18
22
13
-3
-17
19
38
32
27
33
54
49
56
48
50
38
75
72
34
37
10
26
9
22
21
-1
23
-19
-37
-1
6
-4
-8
-5
-17
-18
-44
-31
7
-15
-29
-26
21
1
-20
-1
16
13
-33
-29
-40
-31
-25
-23
-20
-45
-16
-21
-38
-28
-34
3
3
-23
-26
-15
-2
-6
6
28
40
51
64
23
21
11
9
-9
-19
15
14
30
14
8
-10
1
8
13
19
19
23
0
-1
4
5
-24
10
16
-8
6
-2
3
-11
-12
-7
-26
-32
-25
-12
14
4
-25
-23
-4
-7
5
7
-8
-3
-13
-15
-36
-13
-2
0
12
9
33
29
15
-16
-15
-9
-7
22
-9
-25
-3
-8
-10
7
9
25
17
-13
12
-5
-8
-12
-20
18
0
23
27
16
28
24
29
26
24
6
-4
4
23
34
29
23
32
23
21
23
16
10
-7
18
-2
-28
-20
-21
-4
-14
-28
1
5
-14
-7
12
12
7
9
-15
-22
-37
-55
-38
-25
-1
4
-10
-55
-68
-41
-47
-38
-57
-76
-42
-41
-54
-30
0
6
6
-3
13
28
16
25
25
18
44
51
22
29
18
12
7
23
35
19
21
-15
14
19
47
70
42
13
8
58
23
24
42
11
17
32
12
16
12
-3
-26
-10
10
-18
-30
-32
0
-6
-24
-47
-19
-36
-67
-12
-10
-12
-14
-5
-14
-28
-22
-14
9
-1
-30
-10
17
-19
-27
-15
2
53
8
-16
6
-11
30
13
8
6
8
21
-12
-2
10
10
-34
-33
-38
-24
0
-22
7
2
-2
-3
-10
-3
-20
-23
-11
-19
1
29
61
61
13
41
38
24
6
4
21
22
39
27
33
39
33
16
17
31
36
41
42
18
0
-15
-12
-3
-25
-13
-9
-15
-15
-9
-22
-1
-2
-29
-32
-68
-56
-61
-73
-42
-27
-32
-28
-40
-22
-12
-15
19
17
12
-29
-38
-16
-25
2
4
-12
-16
-22
-18
-21
-9
-20
6
31
14
16
3
3
-10
-13
-3
31
31
14
10
18
31
-4
37
35
1
36
30
12
18
61
59
55
41
16
35
14
14
27
15
4
12
7
18
18
38
14
-10
22
-9
-5
-35
-19
0
6
-3
-8
28
-23
-32
-6
4
-13
-9
3
-10
-26
-12
-9
-16
-5
1
-12
-32
-26
-31
-31
-32
-12
-14
-38
-22
-26
-22
-7
-40
-38
-12
-20
-21
-5
-19
-48
-28
-48
-41
-2
-10
15
32
44
17
13
35
15
25
27
21
21
24
19
35
-3
-9
16
22
28
-13
13
3
-7
-10
16
36
4
32
26
30
18
8
21
24
12
6
-3
-19
5
-11
-26
-16
-5
8
-20
-31
-18
-29
-28
-47
-36
6
32
63
10
-3
18
2
1
12
15
-10
-2
-19
-15
-5
-19
-5
-5
-3
-28
-32
-35
-31
-22
-11
5
4
31
21
37
13
6
11
-11
40
38
34
11
-5
3
-7
13
22
-3
28
21
-25
12
41
20
16
15
2
11
-8
-2
11
13
18
-9
-4
16
27
18
-17
-11
-16
-34
-6
3
5
-11
13
19
-8
-22
-54
-14
-24
-45
-25
-35
-21
-19
-18
-25
-19
-29
-28
-7
-38
-37
-15
-22
-43
-42
-3
19
-7
-10
-9
0
4
-21
-15
-18
-3
-24
0
5
-10
-9
-24
18
20
19
42
44
23
47
62
70
61
46
60
19
27
56
48
31
27
57
37
30
31
41
56
7
14
-14
-23
-8
2
-1
-24
-18
-18
-23
-59
-9
-30
-26
-5
-22
2
-42
-17
4
13
-7
-27
-16
-13
-21
-23
-3
-21
-34
-73
-69
-47
-47
-57
-50
-18
-15
13
23
-3
-20
-25
1
24
18
9
24
10
2
16
15
41
15
-1
15
19
33
34
10
27
19
26
50
10
16
17
25
31
-4
-3
-4
-12
10
10
16
10
3
19
13
25
38
28
14
0
-6
-6
-9
-10
-20
-26
-24
-14
-9
-23
-39
-43
-33
-36
-31
-29
-26
-17
-1
5
14
18
-16
-6
-4
-27
-17
-5
-8
-27
0
-23
-8
45
45
42
22
24
-9
7
-10
-3
15
7
-2
-34
-21
-24
-23
-30
-8
-12
12
0
-1
-6
-30
13
0
0
-13
40
25
-2
37
22
-9
-10
30
35
45
49
24
5
15
-3
-3
0
13
4
-19
-19
-7
0
-28
-19
-34
-6
-8
-28
14
3
6
-19
-44
-1
15
3
-19
-3
3
-19
-1
5
6
-13
9
40
25
21
-9
13
33
47
55
29
46
53
45
10
25
39
8
7
-23
-29
-22
-28
-15
3
20
22
0
-6
-10
-12
-4
-8
-48
-72
-30
-37
-52
-31
-19
-18
-26
-29
-47
-30
6
-28
-33
2
-10
-6
1
-21
-13
-15
-11
6
-34
-45
-2
35
9
-5
15
10
-4
5
27
19
27
5
3
23
-6
6
46
53
36
56
72
45
23
6
-4
-33
-16
15
-17
-47
-37
-34
-32
7
-4
-1
-10
-40
-34
-22
-32
-32
16
4
11
26
31
21
-18
14
25
49
69
23
40
66
57
58
63
56
32
34
21
12
16
40
54
20
26
16
-9
6
-12
-6
-34
-29
-6
-55
-54
-33
-16
-47
-39
-24
-57
-56
-50
-42
-35
-28
-27
-44
-65
-41
-37
-34
-30
-41
-53
-53
-33
-28
-6
-18
-15
-9
-29
-9
38
39
-10
-6
2
3
16
28
46
23
9
-2
25
40
6
28
49
35
13
11
48
45
17
28
51
34
16
37
32
32
23
32
24
10
25
16
5
-9
3
6
-1
20
34
6
19
25
-2
-11
4
3
-27
-25
-29
-12
-30
-51
-35
-51
-43
-25
-27
-2
2
13
39
-15
-28
-23
-44
-33
-20
-37
-36
-1
-2
-18
-7
2
2
-9
-13
6
-2
9
9
10
35
-6
-17
1
6
13
3
3
22
20
9
10
-2
9
41
53
16
12
36
15
-7
1
-1
2
6
-6
-13
-29
-19
-34
-32
-1
-25
-13
-1
-7
15
30
24
-13
-19
-6
-5
-10
-20
13
15
7
3
16
32
-6
2
13
27
14
-12
-2
0
-5
-3
9
-16
-13
9
5
27
9
-8
2
-24
-6
9
22
21
-16
-5
-5
-18
-7
-19
-28
-7
6
-9
12
-1
-26
-22
-59
-32
-12
-3
9
4
16
-22
-42
-31
-17
18
26
10
12
15
24
15
15
13
22
39
19
-4
4
25
32
32
17
32
35
56
31
-15
21
12
-10
-2
-19
-9
8
6
15
-9
3
10
-9
10
31
5
-28
-16
-9
-20
-45
-25
-44
-41
-11
-19
-25
-38
-16
-25
-11
-22
-39
-21
-49
-22
-23
-14
7
-37
-32
-9
0
3
26
-5
-27
23
13
9
16
21
34
21
2
16
31
41
29
3
-24
-34
12
3
-11
6
34
26
19
53
30
27
14
16
35
18
2
16
25
20
24
15
18
-6
-1
20
28
35
34
18
15
9
-22
9
0
-2
-8
-30
-26
-41
-37
-35
-19
-57
-64
-56
-79
-18
6
-10
-12
-45
-67
-71
-61
-16
-14
-11
10
-4
-25
-28
-6
3
-11
-19
6
24
-7
6
13
10
23
12
29
42
34
26
50
44
41
57
29
31
46
34
19
38
52
25
8
53
49
26
31
25
42
-4
0
15
-2
-6
-26
-35
-20
-32
-38
-4
0
-6
-28
-1
-32
-33
-13
-34
-38
-53
6
-29
-58
-44
-47
-24
-41
-41
-25
-13
1
-2
7
4
-3
12
13
4
26
46
27
14
-15
-21
-13
-3
16
3
-20
-14
-20
-46
-38
-36
-39
-29
-17
-11
6
13
32
39
25
21
30
19
6
34
38
69
16
-3
39
1
-17
-5
25
9
8
29
36
63
27
24
44
38
38
8
38
41
15
17
9
32
23
12
9
-18
-25
-33
-19
-26
-37
-30
-53
-37
-43
-50
-57
-48
-28
-42
-26
-11
-39
-51
-14
11
6
11
5
-5
-3
-18
15
24
23
30
6
12
16
-7
-2
-4
-21
-1
2
-4
-21
-35
-32
-17
-25
-39
-40
-37
-12
-17
-21
-15
-14
25
41
15
6
5
22
19
8
12
12
7
35
56
39
19
23
29
24
32
2
10
27
11
25
6
-18
7
19
31
21
1
23
19
14
10
-25
-22
6
-4
14
15
-9
-2
-22
-3
9
31
46
29
13
-13
-20
-35
-12
-13
-27
-14
-31
-51
-50
-42
-25
-40
-37
9
-11
-13
0
-9
-12
-25
-19
3
4
9
7
1
4
0
2
2
43
50
39
16
-6
0
-28
-3
-23
-32
17
10
21
12
-28
-7
-3
-26
-3
-3
-8
12
5
-1
14
15
14
-9
-16
3
2
18
23
-22
7
59
4
-5
6
-22
-22
0
19
-7
-42
-32
2
-17
-45
-25
2
14
-12
-17
-11
-10
5
-12
7
16
-20
-25
-25
8
28
30
53
41
23
18
55
66
38
23
7
-5
-4
2
17
26
4
37
31
37
41
-3
28
-1
-16
0
13
13
-8
0
-10
-2
-16
-5
6
-31
-40
-22
-9
3
-10
-21
-1
-21
-15
-24
-74
-66
-40
-55
-42
-29
-49
-44
-41
-38
-50
-63
-3
27
-9
-2
4
25
9
2
28
20
3
14
50
43
66
39
31
21
-10
24
15
12
4
5
27
22
28
41
25
15
19
21
31
15
-3
2
-9
-7
7
9
-3
-5
-5
-15
-23
-1
22
-16
-26
-7
9
-24
-29
-33
-19
-1
-16
-13
0
15
-26
-25
-41
-31
-22
-19
-24
-25
8
-26
-8
29
25
-16
3
-6
-15
12
-4
8
19
20
21
38
28
22
16
3
4
9
19
26
29
28
6
-8
-17
-32
-4
3
6
15
-3
-20
26
21
-9
40
48
28
24
12
-5
3
-7
-2
21
26
-3
-5
-2
-22
-25
-51
-32
-18
-24
-59
-48
-19
-47
-47
-36
-20
-9
9
16
18
5
-8
2
6
4
-5
24
35
26
29
-16
-6
-16
-46
-39
-19
12
-29
7
-2
-18
7
-20
21
34
40
19
25
39
17
22
26
32
34
57
36
2
7
0
-8
15
-9
-11
37
4
-26
-26
-29
-17
-18
-13
7
-10
-18
-1
-10
5
0
11
13
14
13
-18
-20
-1
6
-28
-10
-24
-44
-45
-33
-13
-11
-23
-35
28
6
-2
9
-19
-30
-1
18
0
6
21
33
13
35
3
3
6
-5
7
-6
9
-16
-6
-16
2
28
3
2
-15
-7
-23
-30
5
-1
4
22
18
4
-19
-19
-12
-19
-10
-3
2
-7
-21
-10
-26
19
14
26
64
28
49
45
34
38
41
38
43
38
20
25
48
36
17
28
18
8
-10
8
25
5
0
-4
-9
-21
-5
4
-15
-9
3
-12
-23
-28
-40
-9
-3
-5
-8
-34
-65
-101
-64
-41
-46
-41
-22
-24
-61
-38
-44
-34
-58
-97
-61
-59
-34
-9
-35
-31
-12
-10
16
14
12
8
4
22
40
25
19
54
31
27
18
33
47
30
13
14
41
50
48
16
28
18
12
48
60
29
12
29
45
29
12
40
67
57
9
4
19
19
-9
-22
11
19
-8
3
10
0
11
-11
-15
-22
-20
-18
-22
-15
-16
-3
4
3
9
3
-34
-20
14
-3
2
3
-3
-4
-21
7
-2
-34
-32
-58
-72
-39
-34
-28
-20
-38
-49
-23
-17
-37
13
-2
-13
-27
-22
5
-9
-3
-13
-13
-31
-29
-54
-19
14
-1
36
13
41
41
10
41
24
35
16
34
43
3
-2
9
33
-20
-24
-6
22
14
-7
12
6
23
13
24
10
-1
10
-14
-4
24
33
14
-3
0
11
19
12
29
21
4
-7
-22
-3
-7
-17
8
44
21
6
-16
13
16
-6
-7
-46
-30
-21
3
-10
5
-9
-31
-21
-13
14
-9
16
3
7
-1
-16
12
6
1
-8
9
15
38
22
5
22
-19
-24
13
3
-25
3
3
-18
-26
-17
22
6
-21
-12
7
-13
-34
-50
-20
-9
-43
-19
-2
-3
-13
15
19
-9
-16
-18
-11
-13
-8
-19
-25
-22
-24
-4
2
-12
-15
-11
-3
28
22
-5
11
31
48
40
41
39
25
22
34
33
23
33
17
-6
-38
-20
16
12
31
31
7
9
-23
-40
-25
-12
9
-25
-43
-26
-28
-16
-7
9
9
3
26
14
11
22
28
45
50
50
29
9
38
12
-9
22
29
31
34
0
-22
1
-21
2
9
-11
0
-15
-25
1
-4
-34
-36
-44
-30
-53
-49
-71
-60
-40
-29
-7
3
-1
-32
21
1
0
-12
-53
-37
-44
-41
-10
-28
-5
9
-12
13
-10
5
9
22
14
18
36
31
19
-7
29
67
47
29
41
35
35
-10
6
