-10
-9
-6
-4
-3
-5
-9
-5
0
-9
-13
0
-12
-7
5
-1
3
-3
-4
0
-11
-10
-4
-8
0
-8
-9
4
-12
-3
3
-2
-6
-16
-16
-6
-9
-2
6
-3
1
-5
-13
-16
-20
2
12
4
-4
-12
11
12
13
23
10
8
26
32
9
17
31
20
23
41
26
18
31
18
28
32
29
23
6
9
13
16
0
2
-1
-5
5
5
13
-11
-6
6
-3
-7
0
1
-12
-14
-18
3
9
6
-6
-7
-3
-20
-20
-13
-15
-29
-22
-27
-37
-47
-50
-34
-31
-25
-26
-20
-28
-45
-39
-34
-26
-22
-25
-15
10
0
-6
0
3
12
8
-3
-3
-3
7
20
13
13
6
8
6
0
10
15
3
5
6
1
14
13
13
13
29
24
33
45
41
46
40
41
32
26
15
31
26
19
35
19
28
27
5
15
19
-1
-1
-3
-11
-14
-20
-16
-17
-28
-28
-4
4
-12
-22
-13
3
-10
-16
-17
-29
-25
-36
-33
-25
-29
-16
-17
-30
-34
-29
-22
-35
-34
-22
-15
-14
-25
-6
-5
-9
3
1
6
3
2
16
28
9
2
16
16
23
19
13
19
22
28
37
35
19
11
10
22
12
13
22
-3
11
7
6
11
8
37
31
17
24
9
1
2
-12
-6
3
-8
-9
-15
-21
-26
-48
-29
-19
-25
-25
-16
-25
-32
-21
-21
-4
-16
-19
-26
-24
-19
-19
-4
-12
-4
4
2
-6
-14
-18
-9
7
10
16
24
22
24
16
16
28
29
32
23
25
25
12
12
20
19
19
17
36
25
21
31
28
38
20
19
26
18
4
19
16
-2
-3
-9
-10
-15
-37
-38
-37
-54
-47
-53
-38
-44
-53
-41
-39
-28
-29
-32
-19
-19
-23
-10
-22
-25
-21
-13
-22
-32
-25
-22
-11
-16
-19
-13
7
4
3
21
21
28
25
22
35
52
52
55
63
47
41
47
54
47
51
61
48
66
66
48
45
22
31
25
21
22
15
4
-7
-19
-28
-9
-18
-16
-24
-13
-19
-27
-7
-29
-24
-32
-44
-50
-54
-60
-65
-58
-59
-66
-62
-58
-66
-53
-47
-41
-28
-22
-38
-30
-15
-33
-26
7
1
3
21
23
27
22
42
39
22
35
47
34
32
37
38
38
15
28
26
24
22
25
39
29
29
32
35
31
35
16
16
13
-7
-2
3
7
9
-2
-6
-8
0
-3
-15
-4
-8
-18
-13
-2
-1
-3
-4
-12
-31
-13
1
3
2
0
9
-5
-18
-25
-6
-19
-21
-11
-3
4
0
19
4
-9
-2
2
-2
-1
0
0
-3
-9
-8
-7
-6
2
3
3
-9
-19
0
-1
-9
-17
-27
-23
-23
-16
-23
-35
-22
-11
-9
-8
6
0
-6
1
-10
-10
-11
-12
-15
-9
-10
-17
4
0
3
20
23
11
13
26
33
31
22
42
49
43
30
27
49
37
38
38
23
34
33
35
41
27
25
31
21
14
19
18
15
7
9
14
6
1
-1
-17
-3
-6
-24
-6
-20
-28
-35
-45
-50
-54
-54
-50
-56
-57
-58
-78
-67
-62
-58
-42
-42
-41
-45
-42
-37
-61
-42
-20
-32
-20
-21
-15
-16
-20
3
23
31
21
24
34
35
34
35
44
47
60
59
51
61
39
35
44
42
66
73
72
72
57
77
76
64
75
49
58
53
38
40
14
23
28
16
19
18
-14
-32
-35
-35
-24
-31
-26
-31
-37
-43
-44
-49
-64
-70
-68
-81
-102
-88
-80
-89
-98
-83
-67
-76
-74
-73
-71
-69
-68
-49
-31
-29
-21
3
-5
-4
7
7
13
7
8
23
20
25
41
32
39
42
64
71
61
66
66
63
68
63
61
70
61
71
56
59
69
51
54
67
43
33
34
19
19
-3
2
6
0
-6
-4
8
1
-10
-15
-15
-29
-16
-22
-22
-18
-34
-34
-30
-31
-31
-31
-56
-48
-44
-46
-50
-50
-26
-49
-48
-33
-35
-29
-23
-17
-6
-8
-11
-5
-14
-20
-17
-6
-7
-10
12
7
-8
7
22
11
6
19
18
14
6
1
3
11
7
1
11
3
7
16
3
-3
-1
5
10
7
-1
11
11
14
25
31
40
21
18
19
4
10
18
28
28
27
9
0
15
18
10
17
5
-10
0
16
9
3
-6
-15
-5
-11
-6
-13
-6
-5
-7
-17
-19
-9
-18
-11
-20
-15
-14
-15
-10
-29
-32
-11
-17
-20
-11
-6
-5
-21
-20
-21
-16
-9
-9
-6
10
3
-7
2
-2
18
17
11
16
18
26
21
26
24
16
43
38
16
19
21
25
15
23
15
11
-2
0
6
-17
4
-7
-6
-7
-12
1
-6
-5
-12
-7
-6
-8
-25
-21
-15
-24
-21
-22
-20
-24
-16
-9
-12
-13
-10
-23
-24
-29
-23
-13
-30
-22
-20
-15
3
5
9
18
9
7
-2
-4
13
16
15
23
24
22
24
12
21
17
30
36
32
26
23
34
28
15
16
19
19
31
13
9
-6
-2
4
17
24
10
19
5
6
1
13
11
-3
9
5
-7
-15
-21
-19
-24
-26
-29
-31
-35
-45
-38
-35
-38
-35
-29
-32
-27
-28
-38
-32
-25
-29
-23
-24
-9
1
-18
-7
-5
-3
3
-4
1
10
10
23
29
14
-1
-9
7
-3
1
6
7
1
-3
5
7
13
4
10
13
22
19
8
25
27
17
25
47
46
51
53
57
49
29
19
16
24
7
-3
11
0
-9
-1
3
2
-8
-7
6
4
-7
9
3
-10
-6
-9
-4
-9
-23
-16
-19
-22
-29
-28
-20
-36
-22
-25
-33
-10
-10
-28
-21
-28
-36
-25
-28
-11
-16
-19
-27
-34
-26
-15
-24
-23
-7
-17
-22
-32
-18
-13
-5
2
-8
7
27
21
19
26
28
35
25
34
28
21
19
41
48
24
35
38
24
29
49
38
39
24
17
20
8
1
18
22
5
5
6
16
2
0
4
-6
-4
-1
-3
-22
-28
-26
-6
3
-9
3
6
0
-13
-21
-13
-32
-4
1
-23
-19
-31
-33
-34
-31
-34
-31
-35
-34
-51
-47
-29
-32
-28
-31
-25
-24
-12
-9
-2
-5
-4
1
3
9
6
21
16
34
32
16
24
20
38
43
51
43
48
57
45
38
26
30
36
44
54
40
25
9
1
12
-6
-3
6
-1
0
-4
-6
-9
-7
-10
-13
-7
4
3
2
-6
-17
-28
-24
-28
-25
-30
-57
-44
-41
-28
-26
-48
-46
-52
-32
-16
-21
-37
-36
-28
-15
-5
-15
-11
-28
-17
-15
-20
-1
0
7
7
3
7
11
19
24
7
21
32
31
38
35
41
53
60
50
53
53
47
34
34
42
25
27
40
46
35
16
28
25
13
17
12
2
-2
3
-7
-10
-28
-35
-15
-25
-35
-27
-36
-34
-33
-41
-36
-39
-35
-39
-27
-35
-46
-19
-13
-22
-28
-38
-31
-34
-51
-38
-33
-33
-25
-15
-15
-20
-27
-12
4
7
18
5
16
19
13
22
18
29
44
41
51
39
24
35
33
34
35
34
41
44
32
29
33
19
18
16
23
14
-4
26
24
16
7
-8
-1
-12
-10
6
-6
-8
-7
-15
-15
-5
7
10
-8
-22
-23
-27
-20
-35
-35
-26
-34
-28
-37
-44
-22
-17
-26
-15
-16
-19
-13
-19
-7
-10
-23
-11
-1
3
-8
-6
0
-9
-8
2
3
-1
3
10
14
1
9
12
8
14
16
26
26
26
31
23
28
28
34
32
29
37
35
29
9
26
21
12
26
-1
-9
-10
-2
-3
-4
-6
-13
-22
-6
13
-2
17
4
8
7
-5
-2
-14
-15
-23
0
-1
-4
-12
-16
-16
-32
-22
-18
-26
-25
-34
-27
-34
-44
-37
-27
-3
-24
-26
-16
-22
-11
-3
-6
-11
4
-6
-4
3
10
20
13
12
-2
-7
4
12
12
6
0
9
-1
-10
0
13
25
15
25
35
21
22
28
16
10
18
19
30
28
12
6
12
19
19
24
29
38
40
33
13
12
9
-3
-3
-3
0
0
0
3
5
-3
-7
-5
13
9
-6
2
-34
-31
-7
-6
-13
-26
-14
-33
-44
-27
-26
-25
-25
-24
-40
-49
-32
-21
-24
-34
-6
-9
-35
-5
-11
-9
2
-9
-3
-10
-3
-6
-6
7
10
21
26
10
1
-6
1
22
12
7
10
6
7
13
13
16
22
17
23
19
12
15
20
34
20
28
28
9
23
8
5
1
-3
7
13
15
3
3
0
9
10
0
-1
-15
-8
-2
-10
-9
-28
-18
-13
-20
-23
-46
-28
-18
-35
-24
6
3
-4
-1
4
-2
-10
-8
9
2
-10
0
-13
3
-14
-3
15
-1
15
4
10
-9
-22
-10
-9
0
-3
3
12
21
10
10
20
21
30
22
35
25
28
29
23
28
19
12
15
16
6
10
7
15
0
-17
-9
5
0
-5
-3
-13
-29
-27
-10
-15
-16
-27
-23
-25
-32
-35
-31
-32
-34
-29
-32
-24
-32
-25
-19
-13
-23
-6
-2
-15
-6
-15
-6
-20
-23
0
-3
5
7
12
28
21
22
27
35
29
31
29
45
41
26
39
18
18
23
26
20
15
5
16
29
15
8
1
17
1
3
16
6
1
-4
-7
-2
-4
1
10
0
6
4
8
-5
-17
-7
1
-3
-10
-10
-25
-18
-22
-25
-27
-22
-12
-24
-28
-37
-29
-17
-27
-34
-20
-19
-26
-22
-32
-22
-7
-13
-25
-22
-12
-6
-9
-6
0
-6
7
13
15
11
5
10
6
15
4
3
19
13
15
28
37
29
25
25
34
19
28
43
32
51
49
50
42
33
31
39
50
50
30
13
13
9
-2
-3
2
-9
-12
-21
-13
-31
-31
-39
-50
-41
-57
-45
-41
-42
-38
-24
-38
-32
-22
-19
-25
-25
-16
-25
-7
-9
-3
-12
-21
-28
-14
6
-11
6
-3
-2
2
-7
10
10
-1
6
3
1
12
11
12
21
16
5
-2
7
13
5
13
9
15
10
-3
22
28
6
1
6
4
-5
-3
3
-3
-7
3
-7
-9
6
1
1
-7
-10
18
15
12
35
38
44
45
31
34
30
19
9
17
36
20
14
28
13
-2
-5
-6
4
-5
-8
-4
-12
-12
-26
-37
-21
-36
-41
-32
-47
-51
-47
-29
-34
-41
-31
-34
-35
-30
-35
-34
-35
-47
-16
6
-9
-13
-8
9
8
-4
16
33
22
5
4
4
0
11
17
12
3
11
19
8
15
21
15
18
17
13
13
18
22
18
24
28
25
31
38
37
29
20
21
28
34
35
22
8
14
9
11
-10
-23
-17
-31
-20
-24
-20
-13
-27
-23
-8
-21
-3
-1
-21
-15
-14
-3
-4
-11
-13
-19
-14
6
-4
-4
-13
-22
-7
-10
-9
-17
-20
-16
-23
-18
4
-9
-13
7
4
2
-5
-7
-7
-9
-4
-3
-3
-9
-16
-8
7
6
4
16
10
13
7
16
29
18
23
16
13
8
9
13
16
4
3
10
9
7
2
25
20
9
25
25
4
7
17
16
12
-7
-2
-7
-4
-3
-15
-6
-6
-10
1
-4
-18
-25
-37
-28
-8
3
-3
-7
-6
-4
-6
-11
-16
-22
-14
-10
-6
-12
-9
-16
-16
-12
-13
6
0
4
12
12
0
4
19
5
10
16
14
19
4
-1
12
15
16
12
23
9
9
25
22
19
9
5
3
16
10
18
16
2
13
-1
2
7
-11
-17
-22
-10
-7
-26
-29
-19
-28
-38
-25
-19
-26
-38
-15
-3
-27
-13
-13
-13
0
-12
-2
-9
-11
9
10
13
-3
-3
-6
-9
-6
0
-7
-22
-6
-10
2
3
-9
-15
-9
7
1
6
16
15
14
32
22
26
31
8
26
39
32
34
36
31
28
33
48
48
26
15
27
26
29
21
22
25
7
15
7
0
3
0
4
4
-7
-6
-24
-44
-31
-23
-29
-48
-40
-30
-28
-35
-32
-40
-44
-39
-34
-27
-37
-29
-35
-22
-6
-26
-15
-19
-17
-2
-9
4
-1
0
1
0
-6
-13
11
-5
-7
-3
4
6
-4
1
-13
3
0
-2
8
9
3
-1
12
13
27
21
32
46
40
55
23
26
25
10
20
10
5
5
9
4
2
-8
-20
-24
-9
-6
1
7
3
-1
-1
5
12
37
18
29
32
20
39
21
15
7
12
7
5
20
16
2
-5
7
0
7
4
-9
-3
-19
-29
-13
-10
-16
-13
-3
-1
-13
-12
-20
-23
-19
-16
-10
-12
-12
-7
-13
-9
-13
-40
-36
-36
-25
-24
-48
-31
-22
-28
-19
-15
-34
-37
-36
-32
-5
-12
-7
4
0
8
10
12
7
19
17
18
37
29
43
55
63
55
45
30
19
40
48
43
40
34
28
27
20
14
-1
0
-7
-13
-7
-7
-19
-23
-22
-26
-32
-31
-28
-44
-36
-22
-24
-29
-11
1
-14
-12
3
-10
-9
2
-5
3
5
22
21
10
4
10
3
-18
-23
-20
12
-2
-6
6
2
2
7
16
-6
5
12
19
25
29
37
30
28
19
21
21
16
27
37
29
19
25
25
-2
-3
1
18
19
-10
-7
-9
-1
-21
-20
-24
-42
-20
-26
-25
-35
-44
-25
-16
-12
-29
-32
-26
-25
-23
-58
-61
-57
-30
-40
-51
-5
-19
-19
-16
-5
6
-15
0
19
12
13
36
48
18
10
15
32
37
45
44
1
12
25
53
33
-15
-5
-2
3
-18
-24
-28
-11
20
27
25
12
28
12
-4
25
23
29
28
44
41
8
15
-2
1
-6
-25
3
-15
-7
16
27
14
-1
-1
-44
-22
-70
-22
19
31
42
1
60
-16
10
-18
-16
-22
-53
21
3
22
-40
-17
-36
-8
-12
-53
-68
-56
3
-23
-21
-40
15
-20
-10
-53
-37
-34
1
93
52
40
17
83
-9
-4
-62
-14
9
-40
-19
-45
69
29
52
-18
-44
-67
-36
-15
-38
8
-3
138
126
93
-32
-56
-44
-57
-3
-10
98
89
123
36
20
-59
-129
15
-6
-15
-59
53
45
-20
-32
22
3
-61
20
-13
3
-30
46
111
88
43
33
-54
-58
-49
-81
-33
-24
83
21
33
-3
-81
-126
-79
-31
-40
11
54
137
116
26
-43
-12
-58
-32
-21
2
-55
-34
85
45
32
-97
-42
-1
-71
6
130
178
104
71
32
-43
-40
0
29
24
24
72
93
98
24
-86
-49
-54
-64
-90
-49
86
16
-19
-77
-76
-121
-142
-91
-31
-11
-7
62
46
61
-33
-74
-50
-35
-59
29
66
77
-44
-74
16
-54
-49
-78
37
-4
-6
-20
11
54
3
71
76
15
20
-22
-30
2
-40
45
46
178
45
-22
16
-16
-13
-132
-15
-49
-7
58
103
117
44
44
18
-39
-87
-1
78
129
79
76
85
84
9
-94
-53
-114
0
42
147
64
-27
78
-82
-92
-227
-82
-33
17
74
-52
-35
3
108
19
-34
-71
-20
-98
18
19
37
2
27
111
-87
-52
-128
24
-127
-99
-59
-26
91
-70
65
-14
43
-30
-70
-29
-122
-92
-139
59
144
114
140
104
66
-161
-152
-52
-29
-46
47
245
208
7
-104
-22
-47
-127
-110
46
7
42
81
173
128
-20
-31
-7
18
-108
10
35
174
144
96
72
46
-71
-168
-42
-67
20
57
125
60
60
-1
-9
14
-80
-114
-56
39
116
-13
22
108
-6
-44
-214
-61
-177
-116
-43
53
177
-32
100
90
-81
-224
-214
-92
-32
-70
1
126
137
-114
-60
-14
-145
-194
-144
99
39
92
176
157
101
-27
-32
-15
-40
-6
-25
70
209
273
181
10
-61
-23
-84
-151
-81
-89
90
160
225
59
3
-18
-49
19
-140
-69
3
11
103
205
79
-56
-42
36
-128
-111
-152
20
79
-114
81
92
129
-13
-13
-69
-114
-126
-128
-68
5
50
-59
12
66
-50
-143
-64
18
-56
-177
-2
122
184
-36
32
123
-22
-30
-111
16
-173
36
11
31
156
-113
126
97
136
-104
-168
78
-25
185
-59
105
258
22
93
-92
55
-248
-286
61
72
143
-119
159
246
-109
-49
-203
-63
-257
-87
277
-6
258
-55
70
49
-57
-7
-274
26
-101
126
-3
4
212
-21
12
-100
-3
-127
-150
73
204
227
25
-46
-58
-2
-131
-220
-94
-108
-42
236
211
-181
-159
-127
-156
16
4
74
129
52
140
196
-45
-261
-101
9
-25
5
31
252
129
114
154
-88
-138
-219
42
108
48
29
77
231
-8
34
-118
-176
3
-19
79
-51
139
22
-95
113
93
133
-60
26
142
-135
-146
-104
11
4
-149
243
13
32
-142
-189
67
-429
-10
-57
107
170
-34
187
-136
-47
-265
-176
27
-181
204
12
150
259
-6
13
-282
8
-169
-163
48
139
179
-118
34
-102
-113
-33
-10
25
-105
84
148
142
164
-115
119
32
137
101
23
169
-151
164
-183
25
93
-96
159
36
239
-21
-29
106
-135
-5
-75
-91
29
-60
250
88
43
-94
-185
-4
-105
32
-27
-15
164
139
146
166
-131
-149
-383
-72
-106
-156
129
-142
220
-149
35
63
-284
-187
-313
72
-135
-15
326
9
101
-47
-10
-128
-260
107
-402
59
173
64
147
-103
306
-66
98
68
171
-3
-395
268
99
-90
-159
98
187
135
294
-32
-84
-326
169
196
-144
122
-129
277
348
374
189
-223
-142
-156
47
-181
-133
198
-18
223
322
49
80
-374
-141
-187
-187
-36
-193
142
133
283
-23
-67
-152
-323
-232
-75
-298
-141
81
170
382
-16
77
-252
-166
-174
-285
2
-127
55
305
100
85
102
110
-253
-243
22
-165
235
100
238
-15
94
248
-170
76
-211
-379
-176
119
254
244
125
-18
176
35
-460
-5
-61
-219
198
149
261
277
43
-122
-162
-2
5
-154
237
178
92
44
76
26
6
161
119
231
61
-257
79
-58
-463
98
-213
267
214
-67
-34
-380
-181
-428
-233
-282
-63
341
185
70
239
145
196
-235
-79
26
-370
91
-252
65
-163
-51
562
58
-88
-74
213
-263
-517
-51
63
240
240
382
176
-177
-78
42
-84
-493
-159
190
204
332
243
299
48
-91
-92
-488
-205
-352
-108
348
136
256
198
535
135
-201
-365
-431
-62
-258
39
452
308
95
160
134
-259
-371
-206
-295
22
69
96
233
71
-78
-203
-142
-314
-52
117
142
198
264
75
-74
56
-68
-90
-50
-208
-288
323
79
138
-9
-110
176
31
479
-196
-80
-44
-132
132
-158
-97
-8
39
-41
-169
-106
190
-81
239
-54
-34
140
-55
194
-216
-236
-193
159
295
-95
68
319
137
-16
-320
212
151
-80
86
-158
72
-200
132
-4
-27
-120
-247
26
-110
196
-100
-51
-101
3
-63
-174
212
-190
46
14
155
402
-234
27
-172
-310
5
-65
105
-92
23
275
154
216
-100
51
-99
-366
167
157
177
-33
99
183
105
-198
-253
-66
110
147
-57
147
-372
94
-74
-62
-103
-89
220
-158
322
-68
86
-40
-187
-74
-101
138
110
85
56
-90
63
-11
-278
-11
-45
47
-129
256
318
315
268
-172
-52
-91
-68
-140
-234
-80
51
145
314
197
99
-36
-26
-126
-244
-447
-205
219
310
-41
128
138
-280
49
-77
245
-157
-72
108
-60
-104
-374
-125
-121
-223
104
408
-106
40
120
178
-92
-170
-84
-297
-73
-14
228
134
-118
22
-47
-75
258
-70
-186
-303
115
466
183
247
71
171
-304
-132
215
-150
-77
-217
255
501
83
80
150
1
-408
-274
67
-17
-53
237
72
123
139
175
359
-158
-147
-326
117
-400
-532
498
110
200
-9
21
23
-186
23
-141
-116
-208
-44
451
81
161
23
-288
-121
-467
-116
-411
-352
-110
168
378
235
426
-301
-168
-254
-128
18
-161
420
281
252
94
73
-89
-421
-305
-287
86
-198
157
556
174
171
-33
173
-74
11
-20
-63
189
-150
218
44
66
105
-1
391
-174
-53
78
-130
-86
-168
130
115
162
-49
-15
84
-88
238
-206
-270
287
186
-66
-134
77
-184
-98
-122
-203
-46
-324
-154
-74
-35
-1
300
240
82
-17
-47
-153
-389
62
-216
-72
156
78
135
162
192
-424
-332
-89
58
500
44
110
354
-155
-149
-401
85
-127
-175
757
163
-56
-198
88
112
-393
-65
-68
421
263
-323
247
-47
-19
152
146
307
-40
69
-86
-136
-418
-410
354
272
444
167
-113
186
-418
-302
-266
-145
-152
-66
381
70
417
138
-460
-314
-246
-203
-74
129
97
-274
370
347
-114
-13
-104
101
-94
-167
-118
121
53
-111
-66
379
-5
-29
255
-28
-186
-473
-138
-217
136
-22
-90
311
282
-37
47
-112
-38
4
183
600
124
248
-307
-148
-376
-365
-227
-299
427
496
674
540
-127
-235
-125
-320
-250
-212
187
-77
178
535
132
-171
-181
-90
-441
-447
-21
-36
338
487
285
574
-213
171
-244
-493
-549
-387
403
-226
371
325
532
352
-36
-77
-712
-694
-464
-22
40
62
287
239
405
435
199
-411
-570
-148
20
316
-244
129
86
-257
32
-192
-115
-450
155
15
-43
352
-234
92
-149
299
210
-98
313
-290
48
-375
-225
102
181
442
174
419
-26
29
-152
-330
-109
18
-7
96
624
249
34
-251
-178
-313
-440
19
-75
236
-103
242
279
-227
138
-119
92
-208
-231
331
91
88
-77
282
256
-343
327
-135
-93
-134
-200
218
-292
311
-177
60
253
38
44
-365
-18
-232
-117
-63
153
324
-91
-48
-12
-75
-30
-77
-9
-30
-146
85
179
34
33
113
148
-116
4
-176
-6
-60
-289
21
-159
163
90
237
-11
-314
-55
46
105
231
152
7
115
202
-234
-476
-146
-117
357
11
-16
-113
85
22
-246
-110
-346
93
-4
444
333
104
-64
-441
187
-132
-122
145
-63
259
-36
357
-116
-145
20
-400
265
-245
-18
-77
292
483
149
478
-299
-109
36
-246
-41
-321
-103
-355
156
340
180
690
-215
-26
-326
-165
11
-222
118
-328
168
376
238
112
-156
-298
-571
103
240
74
194
-9
601
263
30
-112
111
-368
-607
-78
-213
111
-66
528
98
15
66
47
-33
-502
-84
-173
-64
-1
183
93
-354
-193
-24
-88
190
118
355
-37
-107
55
-198
-9
-238
78
-132
-89
64
-51
47
-69
71
211
36
7
114
18
4
-47
-228
-57
137
9
31
146
177
-11
101
-52
36
181
-138
-157
-141
-157
122
147
-19
153
126
160
-94
145
182
-132
-158
150
250
-199
-109
-84
156
25
-238
14
60
-71
-6
182
249
55
-26
-9
23
72
-303
-302
-218
-164
212
90
201
157
-67
94
77
266
-579
-360
166
-194
354
-99
165
322
-163
-99
-73
-8
-684
-115
477
110
172
5
233
-152
-395
-204
-100
47
-296
-76
155
230
9
25
34
-183
-28
-105
-119
104
-170
-322
66
197
231
160
383
311
78
-175
-49
-1
-261
-105
-40
96
32
230
283
209
-30
-203
-77
36
95
115
0
20
14
-130
-12
41
120
-359
-157
154
137
-125
-62
296
-24
-148
-143
198
82
-255
-162
49
-183
-342
-19
145
151
145
-105
447
386
40
118
-305
-126
-285
-40
-123
-20
-84
-319
138
-20
-135
10
141
126
-51
20
151
-73
71
-215
-5
-87
-132
114
-79
232
137
472
434
67
294
7
-45
73
-222
97
-300
12
32
-214
151
-313
221
64
-12
34
-203
31
-167
5
246
141
21
-494
-106
-39
-263
24
-114
242
-118
37
168
85
-229
-345
41
-266
-202
-335
119
115
81
196
-69
229
-44
-23
41
-57
-24
-320
3
12
-103
98
-30
137
140
63
221
112
-89
27
86
113
206
199
146
-66
-107
-41
-91
50
24
79
161
191
272
3
41
131
94
-48
-72
-66
-170
-271
-34
117
19
156
-4
158
-64
11
71
-272
-97
-191
131
-72
41
418
-89
74
-138
-32
-171
-483
103
-184
1
-107
-113
165
-220
104
-37
-28
-22
-221
47
-310
-34
44
-257
73
-205
-71
-179
-235
112
-48
171
28
205
116
-179
70
-128
209
-61
-19
237
9
284
-134
281
253
-73
225
-15
212
-125
107
383
-112
174
-35
246
49
-321
254
3
194
9
187
120
-282
56
-34
267
159
55
-13
-60
-77
-192
-66
101
51
-66
-7
68
103
-385
-357
25
-47
-187
-50
37
-45
-99
20
154
-4
-100
-32
-63
-82
-239
-166
90
-197
-121
-255
-147
-62
-296
11
-97
10
-146
-221
310
-241
-195
275
39
315
-184
280
201
-316
315
-122
318
-245
96
514
-359
296
-310
171
-37
-298
538
-313
381
24
91
367
-272
416
-230
187
137
-256
141
-61
502
74
204
731
244
230
302
370
239
-365
79
88
-352
-260
-436
26
-614
-299
186
-293
77
-146
348
-169
-403
103
-496
-151
-293
160
-67
-555
95
-230
-21
-478
34
-300
-1016
-232
-241
143
-367
197
261
-59
241
244
477
-365
-99
170
-1
-145
35
566
14
36
328
248
21
-220
247
-78
-516
-271
-74
-179
-911
-353
151
-443
-315
63
700
445
59
945
1068
1367
1375
1955
2483
1544
1698
1276
1270
799
80
429
-273
27
-164
-212
321
-318
-146
-832
-812
-810
-1582
-1356
-1804
-1177
-1436
-1538
-819
-815
-554
-1203
-962
-707
-1226
-1328
-1093
-670
-988
-1043
-239
219
-23
-252
275
677
23
-373
283
278
-206
-204
514
1029
516
748
1295
1512
988
683
1333
1122
446
196
413
245
-426
-886
-1149
-1804
-2701
-3682
-4459
-5102
-6220
-5969
-5753
-4641
-2669
-522
2386
3928
7173
9178
11282
12100
10226
8005
5410
6796
6504
5150
1759
1572
4555
5205
6275
2463
-739
-4918
-5337
-4460
-8734
-10012
-12128
-9510
-8455
-7918
-2982
-3564
-808
143
929
1761
-484
3862
2216
-1063
-2795
-2932
60
-2181
560
2420
722
610
285
2702
1485
-106
748
-1796
-4127
-2786
397
977
-966
225
2668
2238
1869
3462
4116
1523
-1046
-505
-505
-2081
-875
833
826
-1203
-2054
1390
1532
38
-1010
-1164
-138
-1568
-784
384
353
47
-307
943
1175
823
1117
1116
-48
-1124
-119
1845
1934
1086
1699
2209
1624
548
558
811
-908
-1981
-2161
-2156
-2712
-3891
-3966
-5330
-7559
-8492
-8239
-8047
-9052
-9238
-7143
-3783
994
5459
9314
12333
14617
18303
18025
15089
9791
7041
8037
6528
6217
1774
1749
3989
7587
10802
2899
-2162
-7626
-6779
-6510
-11887
-12729
-16602
-12939
-10219
-5520
344
-2730
1510
3658
5725
5970
2036
5353
1934
-2268
-6617
-8381
-4846
-6600
-3038
-2055
-2567
-1460
-1821
1588
1204
-506
-2320
-4950
-4754
-2434
-708
-6
1046
3535
5724
6006
7856
9159
6917
1943
-66
-445
-3686
-5526
-4242
-1439
-2494
-4184
-1799
1138
950
-1171
74
-274
-2366
-2071
87
2824
768
546
4146
5125
4306
2233
3745
3749
-764
-1841
-379
1482
-3
-1068
1933
2417
567
-236
1066
1272
-1724
-2817
-1177
-1618
-2986
-2150
63
85
-1599
177
2037
998
-1077
-2536
-2448
-5166
-7291
-7551
-8445
-9176
-9467
-4678
-395
3408
7423
11659
16225
17091
19137
16942
11829
4524
1701
5533
5350
2427
-1130
2698
7349
9614
7900
626
-7390
-14417
-12672
-11670
-14492
-19050
-18414
-9133
-3888
2723
5353
4784
6857
4769
6036
3086
-1395
-4007
-8560
-9023
-12575
-11045
-8259
-4762
2309
672
273
1614
3400
4452
1257
234
-1184
-4422
-2727
3254
6042
4321
2980
6241
7406
4373
3180
4026
161
-7302
-7570
-3829
-3207
-4991
-2137
3712
3990
2142
3675
7203
4869
-376
-406
754
589
-1300
572
4058
677
-186
2030
3913
2659
-2501
-1754
-675
-2111
-2793
-1498
2366
2181
1282
2908
3719
2514
20
-943
-1505
-3006
-4424
-3735
-2580
-2621
-2608
-1652
-119
-142
-45
230
87
-1017
-2005
-1252
-1363
-2289
-3340
-4535
-5713
-6929
-8036
-7354
-6019
-2796
2830
6434
10898
14345
18749
21665
18742
15835
9563
7935
7361
5725
3624
-3223
-1822
-624
3953
3746
-5725
-10406
-17072
-12890
-10709
-12568
-10968
-14108
-7776
-2831
4635
9089
3024
6037
5819
6482
3876
-1527
209
-6127
-10381
-11894
-10862
-9629
-11269
-4000
-835
-3488
-3974
-810
4570
2891
685
2267
1764
1752
3664
7006
6974
3114
3635
4566
2485
-72
759
1767
-3003
-5036
-3668
-902
-183
-784
2709
2054
1358
1757
3139
5487
2294
2179
2224
1515
1936
1366
3024
-330
-2411
-1147
-1206
910
154
-250
137
373
2021
2611
3906
3825
2886
631
-2406
-2306
-1566
-2914
-5285
-5895
-4463
-3114
-1755
86
446
-312
-627
354
1386
1895
2621
2616
2081
1230
2127
3025
632
-2799
-5908
-8276
-11106
-13116
-12421
-11735
-8919
-3634
2899
8224
11588
16659
20894
22856
19948
15016
8424
4058
4436
2361
-13
-6587
-7928
-3518
328
3258
-3148
-9391
-14466
-12196
-5642
-6613
-7558
-8885
-4818
548
6895
12973
8257
5073
2520
1815
2324
-3241
-6658
-10002
-12295
-14268
-12849
-8084
-6500
-571
2743
2151
3359
4332
7210
8034
6477
3986
-114
-343
3139
4486
3246
530
467
-116
-3023
-3032
-1587
-1297
-7887
-8232
-1322
1760
3887
3519
8746
8475
3778
5343
5409
4696
-2170
-4269
-1538
-2761
-3813
-3973
1386
-1652
-5636
-709
1233
2738
-1223
-874
2739
1194
2285
2290
4669
2496
-1100
849
-995
-3491
-6055
-6256
-5333
-6728
-5837
-3259
491
2622
1755
3146
5304
6475
6705
6136
7362
6210
3152
1721
1816
772
-4200
-7799
-8271
-9765
-13326
-13865
-12054
-11316
-11431
-8698
1738
8893
11519
16114
21124
26179
25839
24277
21021
11518
3880
-1094
-2077
-5233
-13358
-14073
-10675
-4393
-1385
-4066
-6729
-11303
-8041
-4556
-3413
-3618
-7419
-4049
-1013
5036
9289
4803
3427
1662
2715
2913
-1659
-4624
-8861
-10665
-12201
-11748
-8668
-9153
-4255
893
1576
2536
2502
5678
7291
5782
4022
71
-296
972
1590
2353
-55
-1223
-1906
-2045
-438
511
662
-3157
-3354
687
2503
4165
5291
6944
6262
4423
5120
4313
1046
-3060
-4142
-2099
-2597
-2713
267
2447
1475
-508
1808
3520
1603
-724
-1512
596
-189
-1331
46
221
-1229
-3332
-2640
-1731
-3856
-6136
-5488
-4161
-3520
-1247
2427
6433
5862
4465
6999
7827
6370
4460
4041
3274
-728
-3504
-2102
-1832
-4288
-5697
-4756
-3434
-5504
-4858
-536
514
-1727
-3263
484
2869
526
-586
-441
897
1525
4194
10752
12360
10772
9983
10288
8659
739
-5936
-8288
-8737
-8628
-7800
-4455
-485
3778
9751
12700
7654
-992
-6114
-5483
-5092
-8816
-11944
-11054
-7210
-1209
5574
8664
5599
1111
522
949
-895
-5246
-9778
-13066
-14397
-12387
-7953
-3170
-1229
1865
5780
6930
7012
5650
4585
3120
1133
-697
-1586
-627
1324
2122
-262
-990
-401
101
-516
-1874
202
-23
-487
1606
4834
8129
6912
7010
6645
4926
3459
633
-54
-3784
-5601
-3859
-1793
549
867
3381
2303
812
873
-580
102
-1387
-2716
-4435
-5430
-3262
-1474
81
-1818
-2373
-89
-595
-24
1720
3007
3173
2183
3244
4881
5652
4876
2370
399
-785
-1641
-2028
-2128
-1886
-1338
-1795
-2018
-735
540
801
-121
-425
-1431
-3845
-4910
-4811
-5949
-7532
-8844
-8254
-4184
-1009
4931
9591
11857
14353
15086
18050
13766
6076
-1906
-5715
-2303
-1462
-1872
-4371
-1667
4366
11581
11542
682
-9581
-16310
-12319
-9950
-9226
-10003
-12765
-4870
4173
14546
15590
5337
731
-1562
-898
-2746
-6516
-10598
-16677
-15482
-10487
-2401
59
-1310
4294
6724
6241
5276
5313
7030
5666
3507
3323
2206
1393
1512
854
-850
-5281
-7873
-7762
-6644
-4951
-1912
835
1891
5342
9013
11884
12529
11112
8706
4091
515
-1641
-3267
-4823
-4819
-3689
-3316
-2154
-1837
-1146
-1835
-4907
-4181
-2983
-2556
-255
1952
2864
1928
2857
4364
2435
-754
-1512
1145
968
-1684
-2147
-651
851
440
2014
3090
828
-1428
-2035
-708
-568
35
1818
3669
5527
6041
6452
4181
-142
-2770
-4376
-6139
-7863
-7444
-6169
-5962
-5277
-4081
-2664
-1914
-3164
-3179
-3142
-2901
1028
6614
12523
15541
17545
19362
19811
16910
8701
-761
-8306
-10114
-10138
-9961
-10017
-8290
-3569
1918
7841
4267
-5055
-12214
-12483
-7170
-5618
-6814
-7040
-1186
4917
10563
16557
10713
2196
-2120
-3371
-2041
-5746
-10399
-13326
-11880
-9848
-6698
-87
1162
2455
3960
6195
7286
3687
1233
596
2561
1258
-2948
-1490
2237
2006
-1987
-3996
-2496
-3538
-5203
-3168
2728
5487
2900
6072
12829
14134
10668
8777
7619
1834
-6309
-8467
-5317
-6360
-7867
-4378
2000
3960
911
2464
3910
-903
-6352
-6169
-1139
697
380
1789
3176
2025
-375
1886
2912
-951
-4900
-5672
-2547
-2444
-2774
-297
521
-73
-1127
998
4687
4422
1857
1115
2491
3523
3850
4013
4603
1701
-3193
-4629
-3393
-1305
-3331
-4855
-2513
-842
-732
-2014
-1243
-2485
-5913
-7353
-6081
-2001
-1594
1770
9839
13926
16487
16219
16964
16272
8503
-715
-11407
-14584
-12667
-9046
-3718
-5557
-2292
4124
11061
13917
4592
-6260
-16577
-15916
-10115
-5754
-3143
-4944
962
6630
14031
17879
9083
1913
-5629
-8220
-7300
-9918
-11808
-14702
-11908
-7796
-4002
701
1287
4361
5761
4500
4088
3844
4850
5743
6395
3861
-1186
-3055
-1983
-2811
-6833
-9822
-9127
-7253
-4204
1567
9437
12746
10365
9595
11107
11168
7161
4266
2645
-388
-3666
-3315
1508
1636
-1618
-3809
-3607
-3787
-6931
-7134
-5442
-5141
-5836
-2459
5392
9367
8191
5198
4360
3067
-1024
-1827
-1058
-1646
-2685
-2932
231
1900
25
-295
-596
-1332
-2658
-3649
304
2904
3012
4765
5250
6023
5109
2176
479
-2924
-6409
-8399
-7367
-3285
-1005
160
978
2191
2928
1631
260
-1069
-2168
-4228
-5282
-2970
-2225
-1418
1375
4208
6757
5608
5443
7809
7983
3654
-3997
-7375
-7048
-2986
2547
2864
2737
3272
6668
12499
9596
-834
-12426
-17913
-15420
-10303
-4651
-4083
-2402
1540
5482
12343
10376
2513
-4615
-9902
-8734
-6499
-4224
-3043
-2293
675
1708
3256
4433
3233
2348
322
-2724
-5010
-5013
-2672
1367
2802
-1084
-3284
-1396
-480
-2152
-3662
-2292
-1203
-1224
3482
10960
15643
13605
8991
8217
6188
2795
773
286
-1623
-5464
-4688
-986
1262
-324
-2578
-3103
-5578
-7195
-6650
-4154
-1718
-1741
617
5835
10012
10158
6258
1214
-2600
-4433
-5295
-4113
-2525
-2459
-2035
-1392
-3
529
-1153
-2333
-3351
-3164
191
4506
7665
7745
6500
6297
4034
1290
82
-1252
-3781
-6527
-5196
-1632
902
2147
3202
3356
487
-1977
-3326
-4432
-6591
-7609
-4531
-3215
-3105
-3825
-4693
-3247
-2536
1268
4068
5290
8430
11571
16344
14263
7864
-429
-4776
-1029
37
1166
-3167
-4151
1034
5605
8524
-4352
-18048
-24942
-20808
-7836
-2954
1145
2839
6758
13165
20191
22399
6664
-6141
-9993
-8347
-3545
-3057
-1005
-1158
-3306
-3323
-927
-2601
-9515
-9552
-5833
-5548
-6542
-3387
3451
7812
8818
7546
4314
1591
701
931
955
-291
542
3203
5702
8491
10994
9226
1447
-3465
-3772
-1920
-260
195
2191
1671
1169
1664
1084
-1620
-7336
-10438
-10375
-8379
-6034
-1815
2103
2494
4456
6267
7914
8224
4229
-38
-2952
-2943
-1464
-827
-406
-274
80
-1637
-3855
-4092
-3586
-2996
-3354
-1207
2912
6139
8632
7257
4227
1642
-1018
-1489
-967
667
1147
-748
-878
1096
2272
1383
1169
192
-1900
-4055
-3917
44
482
-1673
-2121
-2179
-3891
-9073
-11424
-10606
-10575
-6909
-1421
6566
11504
12476
14507
14026
12227
4725
-1703
-8633
-9248
-533
5679
10575
4768
4426
8371
9108
3029
-15369
-25308
-28985
-18251
-1638
8947
15030
12554
15533
16431
15302
4987
-11182
-14290
-15829
-10182
-1746
5786
11191
6268
1698
-4579
-10740
-18744
-22566
-13163
-5360
-2877
-937
6094
14912
18465
15952
8579
92
-5290
-4512
-1081
1037
406
1081
2863
1936
1647
2099
840
-3795
-7697
-5472
-164
4847
7362
7802
5917
-344
-5981
-8560
-9350
-9060
-6722
-1972
1423
4017
6615
8672
7556
2193
-1676
-2586
-2288
-2568
-2535
1061
4010
3989
1628
-908
-260
-1581
-5347
-6802
-4785
-988
2448
5913
8656
8249
5378
4502
4340
1846
-1004
-1963
-386
-164
-814
1779
2079
-1338
-4136
-3434
319
789
-48
1097
1928
806
-801
-1159
-1864
-4478
-8347
-8879
-7582
-8065
-8886
-8957
-7956
-5695
-1871
4522
9642
10757
10253
10549
13936
11280
4109
-1281
-2425
2147
5638
7420
4259
2423
1341
2217
2752
-9338
-20927
-24777
-13853
1809
8173
11301
9746
9924
7251
3940
1634
-8133
-12052
-8982
-308
7851
8258
7112
2069
-5783
-14929
-19584
-18517
-15397
-7647
230
6223
9818
9228
8233
8641
7148
1034
-6182
-6778
-1653
2312
3015
5138
6550
2842
-1945
-1939
2968
1254
-3929
-3010
2701
5093
2942
4095
3795
-458
-7880
-9179
-4824
-4932
-3460
-251
4532
3758
158
2130
1365
118
-1905
351
6408
6654
5161
2968
3652
2719
-1665
-5009
-6529
-4176
-2603
153
4061
5494
2583
-108
1135
827
265
536
2560
3180
1084
1507
2006
840
-974
-1587
-1361
-4058
-5411
-1887
2127
3625
2829
2574
1370
-1523
-3985
-5276
-4925
-5913
-6040
-4909
-3981
-4903
-7693
-8083
-9267
-8960
-6198
-987
6186
9965
11993
11741
10109
9159
7978
4922
-3147
-8126
-1962
7633
13805
11228
7383
5641
3678
4042
-4246
-16207
-24060
-16893
1440
10280
12670
9108
6449
1902
-5988
-8047
-12965
-14056
-8370
156
9030
10842
11026
6459
-1844
-10264
-16146
-13580
-7360
3252
9928
8949
4956
-700
-4672
-7554
-8098
-9409
-10901
-8261
1139
11192
13751
12519
8623
2085
-4390
-5197
2404
7425
5393
5703
8937
8491
1942
-4017
-4415
-6920
-13361
-14646
-8449
-2125
1263
5189
8878
5279
-2499
-3775
1120
4937
4492
5661
10155
11032
8117
4847
1999
-3826
-12402
-14915
-10403
-5614
-3559
-906
2594
1465
-2633
-2588
1995
4281
3250
4888
8448
8337
3314
-702
-1633
-4570
-5704
-3419
-205
1063
-260
1148
2333
902
-1918
-3227
-3078
-3662
-2883
-116
2303
337
-2606
-3606
-4368
-7447
-10439
-9540
-8926
-8170
-4772
2792
8796
9048
8022
5931
4837
3732
4590
5979
2545
4019
11672
19549
20117
11545
5446
2367
1752
-1974
-9773
-14994
-15355
-6898
846
5194
3308
-4649
-9669
-11969
-9946
-10117
-9037
-440
7629
11402
10032
9669
8171
-458
-7947
-10162
-8082
-3686
2882
9401
7127
-2298
-9937
-13425
-15684
-15212
-9756
-3029
174
1865
7612
10967
6964
1676
-617
-321
548
5517
14841
17987
12557
5624
1455
-1990
-9143
-11961
-7348
-4040
-4276
-4085
257
2181
-552
-2176
-1048
-422
-2399
-1046
5000
9813
9146
6381
5045
2693
-337
-2434
-2746
-3347
-5558
-5901
-3398
418
1265
368
1139
1250
13
-1314
-155
1053
151
337
2412
4094
2191
-648
-391
330
403
178
-332
-1269
-2291
-1383
-193
388
1229
1700
690
-503
-599
739
395
-1747
-2635
-4566
-6476
-8775
-8658
-7766
-8506
-6944
-3668
1324
5253
7842
7533
3885
842
2334
6312
7667
5319
6335
14555
20182
18756
9691
4000
3334
3564
3113
-2918
-7968
-12731
-8575
-143
-1356
-8345
-15976
-14441
-12148
-13295
-10927
-6115
2375
7497
9945
9642
6431
5488
2448
-786
-4747
-4347
1912
6257
6515
176
-7493
-12998
-16146
-16872
-14133
-6509
651
3133
3326
3680
2690
640
741
3830
4596
4268
9556
15835
15478
7767
1099
-603
-3586
-6262
-2907
3579
4908
672
-2859
-2887
-4657
-7926
-5286
711
4484
3476
2901
5117
3137
-1219
-3115
-2170
-1549
-2751
-553
2790
2569
-257
-1582
441
866
-28
418
1992
1944
-1083
-2879
-2588
-1096
666
2573
5289
4592
44
-4109
-4542
-3519
-4392
-4200
-811
2258
2232
2220
3585
5301
3772
1746
2234
2101
2216
1770
1144
-1292
-4899
-7329
-9664
-9281
-7176
-5466
-5185
-6075
-5462
-3811
-159
3274
2582
-582
-1680
4074
11211
13494
11097
6833
8122
13582
17993
14617
7000
6304
7823
7671
2406
-4898
-11494
-14169
-7358
-3342
-8168
-15915
-14994
-8956
-10107
-12815
-10290
-2886
2567
4769
4969
601
-1903
1911
4497
797
-2225
3083
9718
7754
1116
-3614
-7158
-9664
-9373
-5870
-2204
-958
1227
1976
-1273
-4940
-5960
-2755
1737
4978
7183
8975
10892
10487
5802
1421
332
162
-1091
-95
4678
6955
2933
-2263
-2908
-2811
-3991
-3959
-222
2392
-934
-4386
-5557
-4717
-4635
-2867
2599
5783
5482
3856
3902
2700
-1539
-4540
-3244
1398
3498
3701
3581
2828
1012
-2831
-4040
-2786
-577
2024
3843
4190
681
-4611
-6998
-5112
-1814
804
3369
5289
4855
2325
571
1372
1030
-451
-1147
-463
823
19
-1137
-2601
-3307
-4139
-3809
-1607
-1452
-2354
-5713
-8221
-8882
-7595
-3819
55
3777
1675
-1148
-1300
3320
9293
8245
4858
1353
7255
16450
20331
16449
5596
2922
7892
14541
11319
-830
-9319
-7548
855
201
-7390
-13557
-13672
-11777
-13629
-14444
-13274
-8826
-2551
-6
-4713
-10249
-6041
1909
3083
-2342
-2677
4670
9219
8544
5320
2008
-1949
-4008
-2016
356
1608
2807
4236
2338
-2890
-5214
-3955
-2266
383
3296
4218
3321
2620
2236
434
-1796
-171
3082
3604
4424
6711
6855
1900
-5024
-7041
-5338
-4412
-1912
2002
3744
2305
182
-165
-251
-321
1742
5406
5942
1710
-3091
-5224
-5211
-4747
-2741
1399
3283
2221
1283
899
-272
-2432
-3355
-1348
1829
4966
8142
7144
2446
-2409
-4359
-2780
-405
3743
7088
6269
1999
-2832
-5716
-7559
-7389
-3519
391
1375
734
982
1016
-2052
-4992
-3945
-543
1314
834
-467
-2761
-7166
-9529
-6785
-2230
1373
3056
3732
2157
-2282
-4146
435
5843
6769
3933
3081
8601
14780
17197
13549
6762
4513
8652
14067
10905
-1550
-12009
-9449
998
3836
-2004
-7408
-9235
-11786
-15609
-14978
-11457
-9261
-7198
-4011
-4142
-8961
-8929
-3052
-221
-3136
-3927
2555
6669
3571
-246
-793
-248
-335
1314
5315
9342
11436
9577
2252
-5555
-6934
-3282
259
2917
5647
6129
3616
1669
1336
-473
-3756
-2943
1015
803
-2299
-1450
1633
-371
-6073
-6648
-1419
1453
2419
5833
7829
3931
-2559
-2907
1665
3142
3005
4152
3615
-629
-4690
-3801
-932
-519
-525
1018
536
-2531
-3708
-1331
789
230
657
3426
5646
5380
4055
2192
-752
-2437
-583
2710
3577
2906
2464
621
-4200
-7422
-5986
-2973
172
2682
4536
3279
-1188
-3320
-3305
-3687
-3507
-630
3531
3779
-21
-3206
-4252
-5608
-6705
-5467
-2700
-1247
-2350
-3048
-3181
-4302
-4348
-703
5749
9816
8816
6399
5127
6064
8679
10876
10857
6725
3500
5926
9520
6574
-1821
-5596
-578
5763
5182
-62
-5258
-9780
-13474
-12532
-7450
-5126
-6738
-8321
-7819
-11003
-16517
-13592
-4928
-1381
-4613
-4777
1305
3241
-271
-405
4231
6723
4942
4381
6410
7734
7514
6728
4141
662
834
5144
8030
6319
3024
-99
-1915
-2122
-1201
-4
-1367
-2824
-2676
-2566
-1294
969
1530
-2379
-7627
-7452
-2792
965
2517
3447
2834
-203
-1364
787
2658
1967
512
1789
2078
380
800
1785
1171
-1458
-2178
950
3093
3229
2871
1191
-1518
-3355
-1705
2176
3939
3901
2781
781
-1008
-1978
-1852
-1881
-1403
139
1246
899
-609
-1515
-1669
-1313
-65
420
-89
-376
-408
-302
-725
-665
779
2482
3551
2559
-1014
-5690
-8841
-9453
-7902
-4790
-1960
-656
-1424
-1524
-640
-1188
-1561
1432
7361
9403
6170
1294
170
3887
7441
9394
8010
6679
8606
11225
9606
1249
-5846
-3308
6089
10636
4911
-3045
-6175
-7690
-10340
-10891
-7949
-6225
-8119
-9494
-10783
-14043
-14611
-8652
-2247
-4058
-8413
-5302
297
-484
-4616
-2737
3835
6672
5957
6612
9059
9206
6500
4167
3475
4464
6850
8703
8101
5517
2550
1001
1131
2087
2486
1475
56
-1769
-4294
-5648
-4048
-2213
-3871
-7154
-7268
-3902
-1886
-1931
-973
-252
-2081
-4077
-2000
2184
3625
3233
4130
4618
2575
1808
4899
6626
2935
-469
1599
4745
4189
2171
1789
442
-3315
-4337
-1087
1647
291
-2049
-2266
-2792
-3493
-2707
-86
1344
-110
-913
-820
-1795
-3260
-2515
356
2221
2572
3230
3840
2242
-107
-969
-1343
-2135
-1900
467
1672
-1245
-4766
-5261
-3929
-3262
-2766
-915
147
-939
-2308
-3027
-3714
-3696
49
6327
8615
4938
470
1585
5776
7629
6854
5443
6511
8752
10340
7946
813
-4162
-1035
7578
10646
4445
-3333
-5960
-6305
-8630
-9473
-6172
-2653
-3144
-6563
-9804
-12211
-12162
-8691
-5489
-6639
-9630
-7922
-3712
-2682
-5038
-5100
-526
2858
3007
1966
2557
4127
4030
3339
4002
6631
9179
9787
9638
9180
7731
5645
5073
6866
7108
4460
1343
-366
-1670
-3435
-3386
-2031
-2750
-5953
-7370
-6236
-5575
-5677
-3752
-525
-1205
-3775
-2516
1334
2414
558
547
1715
683
262
3128
5296
3153
1411
3853
5497
3243
927
1447
1073
-1956
-2367
1575
4282
2874
361
-538
-989
-2715
-3794
-2946
-1800
-1636
-2049
-2099
-1135
-165
-125
-202
-507
-968
-1654
-2520
-2037
-1087
-783
-997
-1114
414
1751
1528
182
-1570
-3046
-4275
-4012
-2614
-194
2090
2114
-91
-2591
-1532
3019
6633
6213
3103
1152
3558
8553
10087
5232
-146
2365
9887
12321
6047
-2094
-4615
-863
5194
6943
2250
-3341
-5164
-4684
-5923
-7461
-4717
-431
-958
-6451
-12055
-13379
-10030
-7058
-7378
-8913
-7653
-3404
-2040
-4525
-6279
-5175
-3424
-1577
784
2293
2977
3100
2847
1225
1204
6635
11602
9628
5322
6133
8333
5370
2450
6915
12364
8759
1528
174
1448
-496
-1950
1060
1800
-3240
-5623
-2217
-1811
-6855
-7506
-1872
-81
-4978
-7108
-3070
-1272
-3752
-4002
-1285
-296
-639
1815
4601
3360
1483
3435
5994
4672
2495
2800
3430
2288
1089
2251
3509
2240
118
-1348
-2435
-3501
-3756
-2131
491
1705
829
-549
-1359
-1746
-2823
-3210
-1340
13
-1350
-3677
-3305
-514
819
195
-39
298
-615
-2073
-2218
-1369
-1104
-1737
-1655
-943
61
1544
2556
2221
299
-416
1801
4949
5992
3405
47
-131
4086
8276
7411
3029
951
4258
8004
6118
231
-3325
-953
3882
5076
1643
-2576
-3898
-3454
-4386
-6541
-6329
-2885
-1117
-3929
-9016
-11312
-8656
-4578
-2965
-4768
-7076
-6271
-3236
-2361
-5394
-7425
-4459
29
480
-1861
-440
3758
3943
127
-525
4519
8219
6052
4152
7022
9103
6671
4216
6098
8688
7015
4588
4415
3334
648
435
3554
3996
-123
-3065
-2537
-3162
-6095
-5931
-2479
-1923
-5406
-7326
-5648
-4605
-5030
-3867
-2215
-2674
-2797
822
4682
3859
1225
2120
4727
4269
2567
3407
4518
2557
-298
-90
1800
1677
673
871
515
-1703
-3123
-1052
2147
2542
1067
87
-901
-2579
-3487
-1805
941
2128
1369
-1017
-3387
-3679
-2272
-1324
-2051
-2548
-1880
-1880
-2961
-3566
-2548
-1379
-1178
-447
888
1723
1470
734
624
913
1993
3805
5006
5215
5338
6073
6028
3731
1998
4788
9361
9204
4291
496
1102
2912
2644
1674
572
-1167
-3204
-4677
-5946
-7528
-7227
-4833
-3364
-5212
-8329
-8977
-7856
-7579
-8658
-8541
-5843
-2756
-1700
-3186
-4842
-5210
-4812
-3966
-1853
2257
5698
5353
1494
-1524
6
4289
7162
7303
7278
7815
6844
4504
3795
6316
8807
8202
5819
4471
4497
4158
2955
1352
-144
-1086
-996
-805
-2496
-5448
-7077
-6066
-4268
-4070
-5035
-5670
-5126
-4272
-4519
-5279
-4407
-1241
1811
2495
2286
3234
3931
2857
1347
1502
2414
2566
2825
3844
3848
1788
-61
-298
308
932
1461
1219
-782
-2484
-1480
191
-50
-1197
-1242
-1304
-2665
-2641
-5
1797
166
-2330
-3044
-3303
-3400
-1292
1883
1857
-1690
-3831
-2133
-92
-51
-98
626
673
-539
-787
937
2019
1739
1454
1690
2077
3109
5750
7581
5395
1874
2228
6078
8236
6349
3855
3037
2921
2651
2606
2092
55
-1997
-2810
-2946
-3951
-5095
-4912
-4534
-5619
-8120
-9203
-7517
-5705
-6308
-8310
-8451
-6272
-4461
-4207
-4109
-3158
-3194
-4856
-5743
-3859
812
4931
5451
2757
84
584
2773
4110
5433
8125
9936
7728
3998
3517
5884
7288
6958
6795
6613
4945
3094
2887
2493
283
-1653
-1239
-569
-1848
-3154
-3359
-4148
-6077
-6711
-4628
-2426
-2548
-3943
-5032
-5854
-5789
-3896
-765
1518
1900
903
-784
-1463
277
2920
3661
2730
2595
3815
4320
3429
2791
2429
1417
317
677
2018
2516
1680
27
-1572
-2302
-1580
-938
-1620
-2563
-2029
-954
-1701
-2904
-2277
-518
-529
-1819
-1512
430
1639
856
-560
-1825
-2329
-1246
847
1906
1002
-282
-933
-1225
-1237
-236
1500
2183
1621
1308
2370
3911
4207
3594
3422
4166
5099
5377
4771
3268
1376
967
2894
4491
3330
649
-700
-1067
-2497
-3817
-3505
-2513
-2796
-4183
-5323
-6279
-6765
-6512
-6196
-7054
-7787
-6208
-3970
-3794
-5313
-5277
-3634
-3088
-3532
-2835
-190
2246
2299
752
-291
586
3063
4801
5144
5746
7067
7426
5870
4506
4714
5391
5741
6035
6006
4723
2850
2043
1627
334
-810
-545
-59
-1276
-2757
-2641
-2348
-3484
-5001
-4678
-3274
-2895
-3178
-3729
-4573
-5161
-4103
-1482
-385
-1160
-1573
-735
73
213
1397
3470
4228
3319
2609
2872
3581
4337
4496
3272
1235
663
1652
1733
423
-228
461
172
-2116
-3626
-2627
-913
-329
-726
-1303
-1855
-2058
-1653
-1506
-1919
-1430
280
949
-709
-2121
-1195
-112
-972
-2085
-1093
538
467
-432
-433
234
574
986
2175
3248
3237
3180
3280
2512
1440
1643
3758
5367
4691
3187
1977
888
-29
459
2312
3288
2206
406
-852
-2212
-3545
-3768
-2766
-1660
-1860
-2951
-4444
-5618
-5858
-5974
-6137
-5898
-4367
-2544
-2229
-3002
-3480
-3208
-3263
-3519
-2675
-644
1203
1771
1331
717
703
1363
2771
4198
4633
4266
3749
3811
4162
4369
4470
4392
4058
3390
2723
2636
3065
3136
2097
327
-1049
-1150
-423
-422
-1245
-2028
-2472
-2967
-3746
-3841
-3254
-3179
-3657
-3872
-3258
-2485
-2169
-1901
-1755
-1881
-1629
-99
1970
2996
2631
1850
1605
1936
2838
3939
4399
3706
2334
1296
869
1032
1411
1437
1005
283
-98
-550
-1316
-1566
-1000
-470
-935
-1625
-1692
-1451
-1315
-853
-132
-15
-741
-1456
-1457
-1135
-714
-348
-449
-1385
-2061
-1516
-339
732
1213
1235
611
-204
-282
457
1543
2339
2837
2709
1912
1161
1315
2345
2927
2758
2254
1959
1678
1076
577
558
1241
1847
1464
-105
-1858
-2500
-2200
-1834
-1851
-2168
-2524
-3337
-4496
-5150
-4806
-3635
-2563
-1980
-1994
-2341
-2908
-3367
-3067
-2153
-1219
-401
518
1070
776
305
559
826
640
756
1812
2681
2207
1546
1795
2355
2475
2776
3243
3113
2535
2666
3291
2932
2059
1840
1940
1093
-54
-12
366
-257
-1350
-1557
-1399
-1852
-2492
-2702
-2690
-2832
-2429
-1757
-1842
-2538
-2599
-1617
-930
-754
-206
950
1595
1087
633
1099
1956
2240
2150
2251
2368
2052
1634
1678
1765
1605
1343
1172
568
-618
-1384
-1180
-915
-1362
-1511
-580
220
-783
-2410
-2326
-878
-303
-1263
-1917
-1505
-979
-683
-565
-738
-1130
-1040
-200
244
14
193
871
744
-528
-1165
29
1610
2190
2236
2162
1906
1497
1486
1938
2044
1982
2569
3199
2706
1444
728
1141
1631
1531
1010
116
-1063
-2126
-2540
-2421
-1980
-1662
-2057
-3154
-4101
-4248
-3940
-3409
-2508
-1651
-1735
-2521
-2605
-1615
-647
-353
-253
130
407
583
949
1169
983
619
584
711
735
872
1380
1952
2011
1465
996
1210
1829
2369
2400
2159
1883
1590
1255
956
830
541
94
-305
-645
-858
-815
-750
-1030
-1695
-2118
-1850
-1393
-1306
-1512
-1578
-1627
-1865
-1848
-1190
-356
17
-16
-63
33
280
820
1523
2008
2220
2355
2524
2460
1896
1331
1209
1411
1350
630
-208
-518
-360
-386
-924
-1479
-1562
-1404
-1282
-1382
-1501
-1321
-1001
-865
-1215
-1634
-1487
-653
157
449
436
292
-63
-518
-313
384
956
987
665
476
186
13
366
1032
1426
1334
1211
1299
1375
1393
1572
1914
2057
2062
2236
2397
1976
1096
728
1003
1139
477
-469
-1005
-1418
-1987
-2513
-2492
-2087
-2130
-2757
-3418
-3607
-3293
-2769
-2191
-1695
-1545
-1811
-1925
-1672
-1199
-761
-449
-153
-122
-39
323
787
1023
942
1060
1369
1321
1047
1269
2015
2486
2140
1459
1160
1368
1763
1910
1603
1065
629
348
54
-158
-130
-139
-411
-699
-639
-397
-370
-568
-772
-1041
-1406
-1447
-981
-559
-729
-1238
-1483
-1418
-1216
-875
-458
-75
-23
2
370
763
1037
1331
1695
1778
1387
1019
1067
1106
903
853
1085
989
308
-200
-27
155
-296
-860
-987
-1013
-1203
-987
-306
-12
-505
-1022
-1066
-1025
-879
-189
782
831
-49
-582
-54
778
906
614
343
135
11
189
647
989
1073
1031
850
443
109
406
1292
1996
1915
1395
1135
1196
1162
763
452
585
876
799
130
-590
-936
-1017
-1092
-1452
-1905
-2191
-2284
-2305
-2472
-2563
-2376
-2188
-2291
-2387
-2188
-1792
-1623
-1675
-1482
-1272
-1366
-1618
-1287
-270
491
471
179
471
1113
1518
1580
1743
2108
2215
2268
2324
2310
2079
1722
1721
1883
1904
1803
1617
1178
418
-194
-157
213
356
271
307
317
-50
-601
-834
-813
-969
-1180
-1188
-824
-490
-603
-1111
-1543
-1353
-839
-646
-854
-745
-39
642
509
4
96
542
742
572
335
289
297
240
246
311
458
322
-167
-490
-313
154
140
-335
-647
-497
-328
-333
-287
-235
-380
-855
-1132
-968
-425
184
417
254
-219
-530
-240
444
939
932
777
860
1011
846
695
1020
1543
1659
1222
903
851
837
910
1078
1248
1038
509
101
-134
-258
-206
87
326
72
-541
-972
-1003
-859
-729
-868
-1312
-1713
-1650
-1179
-990
-1463
-1944
-1881
-1628
-1688
-1893
-1753
-1501
-1394
-1472
-1538
-1329
-974
-667
-407
-229
-21
303
698
1169
1502
1635
1692
1800
2002
2121
1989
1862
1639
1475
1546
1669
1783
1492
1052
721
528
412
298
223
128
95
136
85
-151
-458
-725
-857
-829
-671
-408
-298
-496
-699
-818
-828
-870
-982
-889
-539
-80
138
139
137
158
-71
-390
-309
133
516
326
-74
-171
8
285
318
18
-367
-571
-418
-190
-240
-291
-196
-233
-537
-712
-500
-359
-688
-1159
-1214
-839
-331
16
146
-97
-501
-455
47
533
691
866
1103
1072
847
842
1110
1349
1472
1558
1558
1172
770
840
1205
1435
1315
1024
656
205
-104
-45
205
398
381
148
-261
-779
-1015
-764
-414
-452
-901
-1324
-1398
-1249
-1179
-1247
-1374
-1495
-1612
-1701
-1584
-1344
-1111
-968
-869
-802
-845
-757
-532
-349
-222
-75
163
400
660
935
966
711
509
722
1188
1433
1346
1236
1160
1077
1078
1162
1184
985
679
419
316
294
313
310
130
-77
-162
-183
-316
-558
-743
-835
-754
-429
-137
-177
-470
-649
-632
-607
-523
-288
21
180
77
-126
-171
-92
79
303
363
395
469
520
367
98
206
474
332
-234
-586
-437
-78
116
-63
-386
-500
-486
-674
-821
-824
-740
-614
-543
-334
-77
15
-135
-295
-281
-202
-16
381
689
672
578
628
835
898
722
561
545
571
630
846
1067
1090
866
565
589
894
993
667
152
-134
-48
125
121
94
54
-226
-708
-1122
-1247
-1017
-741
-809
-1117
-1217
-958
-729
-868
-1298
-1378
-1049
-804
-807
-758
-484
-407
-396
-396
-388
-144
268
519
351
165
175
363
563
620
694
813
845
777
817
951
1025
1009
922
756
698
748
702
518
307
221
282
457
507
355
56
-235
-423
-505
-491
-397
-399
-669
-885
-867
-703
-575
-588
-737
-909
-1082
-1037
-712
-291
-85
-150
-83
-95
-85
61
233
493
789
955
856
734
749
755
610
290
-36
-41
91
65
84
46
-359
-834
-920
-645
-371
-302
-521
-641
-465
-278
-203
-259
-363
-401
-197
35
197
402
590
651
639
594
604
690
680
606
493
614
974
1074
855
657
661
643
616
847
893
602
211
-114
-208
-163
-188
-335
-373
-594
-1027
-1284
-1322
-1287
-1108
-800
-908
-1110
-1109
-1299
-1521
-1572
-1426
-977
-459
-243
-241
-153
-97
-68
164
385
496
699
786
592
585
822
942
1085
1107
886
730
663
628
575
513
424
471
559
370
194
277
450
371
178
113
177
313
304
170
-61
-333
-396
-167
111
191
-7
-304
-539
-631
-643
-684
-689
-715
-641
-602
-645
-536
-293
-173
-292
-397
-378
-172
64
164
196
265
383
332
171
48
-7
74
-14
-277
-263
-13
222
235
2
-332
-496
-385
-256
-256
-221
-162
-181
-219
-343
-249
73
257
181
4
6
243
638
861
657
348
337
431
482
508
530
621
577
460
426
518
570
524
518
488
417
272
187
185
174
154
4
-135
-94
22
-23
-328
-595
-730
-846
-878
-865
-900
-953
-1103
-1241
-1240
-1170
-1021
-877
-715
-639
-591
-461
-345
-157
110
310
374
611
798
822
849
920
968
813
647
557
628
661
638
576
474
336
223
324
313
231
149
44
-31
-100
-54
39
127
188
144
-41
-190
-154
95
254
51
-154
-221
-221
-308
-447
-409
-296
-233
-304
-477
-499
-320
-145
-163
-297
-253
-126
-79
-10
151
231
143
-29
-114
-88
-189
-284
-164
-1
54
59
60
37
-12
-132
-431
-601
-380
-96
-98
-353
-504
-428
-301
-281
-248
-91
73
41
-59
-57
105
479
705
649
367
121
175
431
574
493
464
487
534
400
168
189
522
815
669
360
213
354
553
568
382
260
226
117
48
-7
66
65
-156
-482
-725
-656
-531
-554
-606
-651
-746
-822
-928
-969
-773
-579
-504
-527
-452
-291
-218
-26
221
383
432
372
285
271
315
417
594
704
705
552
433
397
280
158
32
-19
86
167
150
61
-59
-150
-144
-102
-19
-25
-141
-207
-341
-341
-246
-173
-87
-130
-241
-278
-260
-257
-166
-72
18
41
75
40
-108
-48
77
150
143
78
42
167
206
102
53
19
10
-43
50
154
233
268
78
-95
-111
78
176
-6
-278
-441
-390
-263
-129
-139
-258
-360
-486
-415
-245
-70
114
190
184
138
147
230
305
317
271
199
185
228
291
279
199
136
47
-25
-38
4
130
269
211
23
-152
-117
154
307
197
-25
-140
-80
67
146
186
168
60
-56
-111
-146
-142
-139
-238
-374
-436
-363
-361
-462
-557
-515
-377
-274
-211
-174
-85
-76
-36
73
190
331
428
454
411
407
505
618
598
531
427
322
278
256
230
184
138
66
29
20
1
-44
-51
-80
-163
-224
-259
-218
-152
-130
-147
-173
-217
-243
-173
-136
-122
-64
-24
-7
-2
-28
-131
-145
-172
-269
-229
-129
-83
-88
-238
-367
-300
-215
-158
-165
-110
-72
-82
-83
-85
-16
51
27
-114
-110
-75
-35
-56
-263
-319
-205
-124
-111
-118
-82
0
2
-24
14
171
392
501
519
439
326
357
485
553
594
601
579
562
442
386
431
469
421
267
163
92
98
86
-92
-262
-252
-249
-227
-233
-411
-419
-374
-336
-244
-126
-21
-95
-202
-242
-177
-97
-145
-281
-285
-248
-309
-345
-389
-360
-319
-336
-396
-423
-304
-199
-120
-90
-64
17
103
138
143
226
326
441
497
487
440
370
337
307
282
320
447
507
389
168
99
161
199
153
31
51
85
73
70
17
17
11
-59
-136
-153
-85
-51
-118
-219
-205
-131
-112
-187
-295
-269
-263
-331
-393
-357
-222
-171
-214
-287
-341
-360
-345
-236
-91
-92
-59
17
-38
-101
-108
-93
-31
22
8
48
28
-8
-36
-61
34
37
8
16
14
70
98
54
64
104
142
262
268
176
197
268
387
455
516
580
518
464
369
357
446
418
345
303
283
228
79
-67
-59
-47
-80
-211
-359
-369
-296
-142
-66
-140
-240
-300
-346
-323
-270
-187
-93
-89
-181
-292
-326
-274
-148
-101
-145
-189
-193
-195
-221
-211
-188
-108
-78
-196
-263
-225
-148
-85
-95
-89
-58
34
112
95
54
40
95
196
269
314
372
368
326
336
320
310
269
221
281
276
281
233
176
171
56
-7
-66
-52
7
47
25
-47
-111
-148
-45
-8
-13
-4
-35
-95
-175
-154
-36
29
61
9
-122
-227
-344
-246
-114
-130
-117
-157
-168
-247
-355
-301
-224
-126
-31
20
51
47
6
-4
51
62
99
143
104
-22
-110
-70
8
78
57
-20
-18
35
25
37
84
142
216
264
300
272
224
241
272
232
178
205
256
224
122
39
13
21
23
-3
-91
-183
-180
-123
-114
-183
-288
-358
-367
-387
-370
-208
-115
-135
-184
-240
-146
-20
114
185
163
137
93
118
149
125
39
9
47
51
9
-12
-1
-24
-67
-57
16
102
107
23
-32
-106
-86
-3
73
168
140
70
-32
-86
-28
71
117
105
105
80
21
-74
-68
-70
-100
-45
-45
-6
-17
-94
-80
-91
-67
16
71
45
-24
-12
28
7
17
32
-59
-99
-63
-30
-21
-60
-121
-149
-139
-121
-44
42
123
129
64
55
85
220
314
275
278
272
204
194
199
171
135
123
146
68
-35
-55
-65
-82
-130
-164
-105
-22
3
-31
-98
-134
-88
-12
8
-2
-40
-47
-3
-28
-76
-71
-51
1
-15
-110
-161
-194
-215
-236
-267
-275
-251
-297
-328
-298
-272
-221
-191
-192
-190
-139
-49
51
78
57
13
13
51
72
135
152
153
158
171
166
186
203
204
171
147
254
302
311
268
198
221
243
280
294
254
197
120
63
93
140
165
172
107
49
31
57
112
109
49
-28
-42
-21
-40
-90
-131
-158
-140
-141
-149
-134
-208
-275
-316
-310
-249
-195
-224
-297
-391
-428
-367
-320
-263
-307
-383
-360
-260
-180
-125
-88
-78
-95
-103
-41
56
160
196
206
178
181
220
276
310
281
300
303
308
295
305
318
325
338
321
282
245
229
194
161
129
151
156
139
136
95
111
113
80
45
-37
-67
-1
60
0
-66
-139
-166
-152
-196
-149
-145
-210
-289
-354
-357
-330
-278
-235
-269
-297
-289
-303
-281
-317
-314
-230
-181
-156
-168
-193
-182
-168
-157
-89
-32
44
83
69
63
43
67
89
95
93
65
119
167
142
110
81
173
254
249
228
214
212
212
246
225
223
249
249
220
157
193
228
241
231
143
140
129
89
89
124
105
54
64
14
-8
-15
5
-38
-145
-173
-192
-157
-154
-176
-199
-227
-218
-207
-221
-200
-144
-122
-141
-187
-185
-174
-168
-143
-158
-137
-79
-49
-42
-50
-46
-13
26
32
27
11
58
70
58
56
28
44
81
101
68
44
26
19
-10
1
25
39
50
-3
16
36
72
171
137
79
98
77
76
65
44
11
-16
-31
-44
-18
-41
-54
-57
-53
-60
-58
5
25
18
-9
-40
-67
-67
6
57
67
38
4
1
-19
-35
-28
-29
-75
-58
-35
-60
-28
10
50
37
27
57
76
96
47
19
4
-18
-42
-31
0
-34
-3
-23
-80
-67
-38
16
23
3
-35
-86
-98
-80
-29
21
50
71
44
-22
-3
81
129
139
77
29
23
45
49
39
41
10
-35
-61
-29
-41
-51
-82
-135
-140
-118
-27
19
-5
-21
-12
14
21
35
75
91
92
83
50
31
92
113
88
50
10
37
65
73
34
29
62
90
76
42
38
55
61
13
-15
-25
-19
-29
-45
-45
-64
-82
-110
-118
-117
-108
-80
-80
-89
-85
-70
-51
-60
-77
-50
-52
-59
-71
-87
-106
-120
-74
-86
-102
-131
-100
-47
-48
-34
-53
-20
-15
-7
19
14
39
26
29
60
91
110
108
143
132
143
162
135
133
94
136
151
127
105
57
104
146
137
87
66
44
22
-19
-79
-83
-91
-66
-86
-128
-91
-76
-64
-84
-141
-108
-69
-30
12
-15
-39
-21
1
54
74
85
72
35
51
-12
5
40
35
4
-52
-70
-76
-67
-97
-80
-91
-80
-56
-44
-9
-4
-10
6
3
7
43
40
46
17
13
19
38
84
98
70
80
76
58
85
88
129
84
105
114
57
51
54
18
-24
-7
-28
-12
-42
-34
-57
-99
-110
-141
-125
-120
-88
-79
-60
-88
-67
-51
-29
14
-28
-39
-53
-64
-79
-54
-57
-61
-56
-89
-86
-44
-26
-38
-33
-74
-95
-77
-72
-57
-54
-64
-44
-26
-21
55
98
97
94
92
110
129
168
188
198
168
166
177
208
204
159
168
126
111
105
105
86
30
43
71
41
-5
-32
-46
-110
-155
-106
-72
-79
-97
-101
-116
-80
-86
-98
-76
-89
-38
23
84
94
43
27
7
-23
-10
-11
-6
-22
-81
-123
-129
-95
-84
-97
-121
-158
-155
-137
-122
-116
-134
-128
-114
-102
-92
-35
15
31
1
-22
35
101
157
167
160
136
111
105
153
192
217
225
163
110
64
72
78
83
79
53
31
2
14
0
3
-25
-41
-16
-13
23
16
-11
-51
-88
-53
0
43
51
10
0
3
0
22
48
48
33
-17
-55
-62
-76
-57
-98
-136
-142
-142
-115
-120
-166
-188
-171
-159
-118
-93
-75
-75
-104
-104
-73
-11
10
9
25
17
29
63
105
137
121
95
108
98
57
70
73
66
58
41
58
63
29
12
22
23
25
54
78
45
14
8
-3
10
17
25
61
41
14
51
79
95
93
78
89
59
35
26
0
7
-2
-4
-1
0
12
7
-39
-87
-77
-75
-92
-108
-95
-92
-116
-135
-114
-72
-67
-93
-107
-97
-83
-18
34
38
18
-20
-36
12
43
36
56
19
-13
-50
-26
26
34
32
-1
1
4
22
44
31
-8
-31
-12
21
13
-9
12
15
-14
-16
34
63
27
-10
20
38
43
92
123
118
82
23
28
54
31
41
54
31
-9
-26
1
10
-6
1
-10
-38
-52
-82
-87
-69
-73
-91
-50
-28
-16
-8
-21
0
-16
-2
6
33
44
7
-21
-28
-28
-36
-15
19
7
-23
-13
-37
-54
-47
-15
9
-13
-19
-12
-9
-15
-25
-23
-26
-38
-3
8
-33
-42
-25
-21
9
48
62
38
20
33
17
43
79
88
60
48
44
26
47
45
20
-15
4
10
18
18
-25
6
16
20
33
41
40
24
6
1
21
29
36
10
14
0
-12
11
19
13
28
51
29
-18
-9
15
-25
2
-1
-7
18
-3
-32
-38
-52
-84
-52
-25
-35
-66
-57
-35
-60
-71
-48
-68
-75
-68
-64
-57
-81
-43
-9
2
-28
-36
-22
-25
-26
-20
-10
-2
-2
-38
-16
0
-23
3
19
17
31
53
59
47
70
87
76
58
64
65
61
52
39
68
79
73
60
57
70
57
45
84
52
32
38
1
29
12
-10
-16
-8
-22
-35
-34
-35
-41
-70
-28
-25
-11
-9
-29
-18
-31
-50
-35
4
13
-26
-66
-92
-72
-13
-16
-21
-21
-16
-21
-20
-17
-44
-35
-61
-77
-67
-75
-53
-31
-51
-44
-36
-21
-19
-36
-4
-3
-5
7
15
32
41
32
41
38
64
79
66
100
82
89
85
98
105
82
98
81
76
75
67
30
30
53
49
29
28
54
42
16
-25
-17
3
-2
-19
-26
-16
-29
-28
-36
-58
-79
-64
-24
-27
-48
-27
-26
-32
-58
-88
-65
-85
-93
-94
-108
-96
-76
-88
-112
-85
-74
-44
-27
-47
-26
-2
17
27
21
34
34
14
12
33
48
16
15
25
37
59
41
86
110
70
65
63
49
36
28
33
22
14
32
27
25
26
12
16
-10
-25
15
42
35
42
55
65
43
25
43
24
15
20
9
3
4
-1
11
-1
-16
15
0
-25
-78
-115
-105
-110
-106
-94
-79
-88
-96
-81
-73
-95
-76
-54
-45
-14
-18
-30
-1
17
14
22
16
47
42
30
51
51
32
15
17
50
77
60
67
53
50
57
61
44
13
5
1
6
-4
-1
-7
-10
-2
4
7
-13
-13
-18
1
28
-1
0
22
15
4
-12
-9
1
-40
-35
-10
13
5
-31
23
26
6
19
51
28
-12
-22
-23
11
-6
-8
-40
-37
-8
-14
8
-15
-21
7
13
-3
6
1
7
-6
-12
35
-3
-16
-19
-22
3
-18
-33
-44
-42
-42
-46
-50
-55
-56
-23
1
-25
-48
-6
5
10
-4
-32
18
28
48
35
6
19
29
53
68
59
46
12
-12
9
-1
1
44
48
22
-1
-16
3
-3
14
22
-6
29
32
19
-3
-28
-10
3
3
-3
-9
2
-2
-23
-6
15
15
28
25
21
1
-2
8
-6
3
-7
-17
-8
4
-10
-22
9
22
-7
-18
-12
3
-15
-26
4
-29
-17
-3
-4
-22
-47
-1
-2
-5
6
25
5
-23
-29
-24
1
-25
-1
-10
-3
9
-10
9
-16
-19
-22
1
-23
-48
-40
-28
-5
6
35
27
16
5
37
42
34
35
9
34
43
30
29
40
33
26
27
16
20
18
23
35
12
13
24
2
17
-14
-41
-27
-44
-30
-19
-22
-25
-39
-37
-20
-17
-36
-34
4
-9
-17
11
-2
-12
-16
-29
-28
-29
-17
-12
-22
-31
-18
12
-5
-4
-11
-35
-33
-33
-10
4
7
12
19
0
13
34
23
26
25
36
47
49
48
30
37
54
57
49
35
49
40
-10
-5
4
1
13
18
39
28
30
17
0
-6
-3
-7
4
35
1
-19
-33
-28
-32
-31
-27
-47
-60
-75
-61
-69
-73
-58
-70
-48
-17
-6
-12
-37
-25
-40
-26
-3
-5
-4
-22
6
11
27
31
29
42
-3
16
44
9
17
28
15
-3
21
71
47
40
51
43
43
39
47
44
31
10
38
38
32
28
12
19
-15
-32
-15
7
3
-18
-32
-13
-24
-20
12
0
-7
-28
-29
-25
-25
-13
6
-1
-14
-29
-40
-36
-34
-50
-45
-32
-22
-18
-32
-2
-27
-17
-3
-17
12
-9
-34
-11
-6
-18
-4
-19
-22
-33
8
27
-6
4
1
-1
-3
0
17
15
10
36
47
31
46
53
48
28
2
22
2
-3
15
11
35
39
19
23
19
3
3
-7
10
9
3
5
-4
14
14
-9
0
-5
-21
17
6
3
14
23
9
-11
0
13
28
0
-7
-12
-3
-24
-36
-6
-16
-23
-26
-16
-18
-40
-42
-41
-28
-32
-22
-18
-13
-12
-26
21
3
-12
-18
-28
-19
-21
21
29
13
28
35
27
47
19
12
9
-2
6
2
35
49
8
-25
2
3
8
-6
-5
-12
-50
-25
-17
-12
3
3
3
-1
8
25
28
21
18
12
20
23
9
7
-10
-10
-7
-12
-21
-39
-25
-6
-23
-45
-35
-29
-25
-57
-66
-36
-22
5
2
-25
-17
20
16
31
27
1
3
6
42
60
38
43
47
45
39
19
44
23
0
11
-3
-3
-3
2
13
3
-10
-6
3
4
-7
-19
-26
-15
-12
0
-13
-4
3
-5
1
-19
-5
-30
-34
-13
16
12
9
17
13
34
18
24
29
37
44
23
29
41
25
30
-4
-16
-10
-22
-13
-11
-6
-40
-47
-39
-23
-23
-17
11
-9
-12
-23
-22
-3
-43
-54
-33
-26
-18
-28
-16
-17
-36
-18
2
10
32
35
16
-3
-4
1
-13
-35
-45
-46
-52
-27
2
-10
4
28
27
24
18
9
1
34
51
28
67
63
41
70
28
45
41
25
30
6
29
14
7
18
24
-6
-13
-7
-10
-45
-35
-22
-34
-20
-56
-29
-16
-7
-22
-15
13
-2
5
-7
-2
7
3
9
17
26
19
-3
10
-34
-29
-14
-48
-19
-22
-9
1
13
15
1
7
7
0
25
19
-28
7
31
18
4
6
12
22
-3
-19
0
-3
-1
-7
16
19
-6
4
23
7
-6
-1
-16
-10
-10
14
30
28
19
-1
10
1
-2
-3
-3
6
20
-16
-12
16
-20
-33
-23
6
-6
3
-5
-15
-11
-21
-25
-26
-33
-42
10
-3
-10
-10
-25
-11
-29
-17
1
1
0
3
-12
-15
-3
-3
-11
-21
-41
-34
-10
-6
-11
7
14
-18
-2
2
12
-5
-19
6
6
13
-1
20
44
40
48
39
30
19
19
38
43
51
51
38
30
38
53
38
20
9
10
17
9
15
33
45
60
44
28
3
-16
-18
-29
-26
-34
-35
-52
-28
-26
-35
-26
-38
-22
-37
-15
-30
-36
-31
-26
-7
-25
-26
-25
-4
-10
0
10
9
-6
-3
10
7
0
-20
-19
-22
-15
-24
-32
-31
-33
-20
12
8
18
17
-12
-6
-19
-4
-17
-11
-3
-13
13
19
6
26
18
-15
4
1
7
4
11
11
11
29
23
19
26
28
-1
20
52
71
50
20
38
31
26
41
46
19
-15
-32
-9
-5
-20
10
-4
-22
-26
-34
-31
-30
-13
-4
-20
-22
10
9
-5
10
10
-3
-8
-8
12
19
13
4
-6
13
-16
-23
-11
-28
-5
7
-7
-17
-23
-41
-42
-49
-55
-39
-25
3
12
9
1
0
-7
-18
-14
-7
3
8
29
35
32
17
28
38
13
18
6
7
15
5
17
17
19
26
29
38
20
4
3
-7
-21
-18
15
7
-5
9
11
31
17
11
6
-3
-2
-16
8
-8
-9
-6
-35
-17
-26
-32
-25
-23
-34
-35
-18
-6
-1
-18
-3
-6
-19
-22
-11
-7
-23
-26
3
19
1
2
-5
14
21
2
19
3
3
10
4
19
4
12
8
-2
-6
-26
-9
3
11
13
27
25
22
10
-4
10
28
32
21
50
57
52
36
26
21
4
15
5
8
0
-6
-8
-22
-10
-17
-12
-18
-33
-26
-26
-31
-26
-19
-38
-31
-26
-46
-45
-34
-17
-27
-49
-51
-33
-19
-21
-26
-19
-13
-16
-3
-6
-16
7
27
18
17
28
9
-9
10
22
17
17
29
29
24
12
17
19
-11
3
0
-1
5
11
26
27
48
54
59
61
65
55
32
40
12
11
35
14
7
13
17
-8
-10
6
-23
-18
-20
-15
-12
-29
-23
-8
-16
-31
-28
-35
-33
-26
-25
-27
6
2
-9
-6
3
1
-25
-7
-18
-22
-27
-28
-34
-19
-1
-7
-22
-43
-22
-21
-16
-20
-25
-23
-28
-35
-13
8
0
-8
3
28
31
35
31
16
19
22
11
10
9
15
8
15
29
0
27
28
28
33
-2
4
32
24
9
29
26
6
-10
-8
3
11
4
14
22
19
23
18
21
3
-1
-6
3
7
-3
-5
-20
-13
4
12
17
9
4
10
-6
-9
2
-10
-24
-37
-55
-49
-44
-60
-42
-35
-31
-21
-39
-34
-29
-45
-24
-16
-14
6
-10
-10
19
42
42
24
-3
-13
-6
-7
-19
-27
-5
10
-10
-22
-7
15
22
14
25
28
25
29
14
29
51
44
77
78
53
55
54
50
27
19
40
22
3
22
-1
-12
-15
-18
-19
-26
-23
-28
-20
-35
-29
0
9
-3
-2
-1
12
7
-37
-44
-28
-39
-63
-50
-55
-42
-26
-26
-1
-3
0
4
9
9
-9
5
8
-7
-4
-3
5
10
4
-3
-6
3
3
2
15
30
25
20
23
16
10
10
9
1
3
12
3
-11
-7
-1
5
7
-11
-26
-17
3
-7
-10
6
-2
-3
-5
1
16
15
14
29
35
15
20
13
-9
-20
-23
-4
-13
-9
11
11
19
-10
-15
-1
-11
-25
-28
-21
-22
-25
-31
-7
-8
-3
9
10
20
7
22
9
-28
-26
-25
-26
-11
-4
9
-9
-18
-14
-9
0
7
10
6
16
-10
17
34
23
40
45
31
17
43
44
42
49
45
22
34
35
29
58
31
24
22
7
-9
-10
-16
-19
19
6
-23
-24
-11
-33
-61
-41
-60
-73
-49
-29
-15
-21
-28
-16
0
0
-11
-8
12
-13
-21
14
7
0
0
-2
-7
-5
-11
4
0
-20
-26
-23
-17
-28
-27
-48
-31
-22
-13
-16
-15
-7
-12
-8
-12
-5
-6
10
1
6
35
23
16
15
11
11
28
32
26
50
51
31
31
50
51
19
31
35
22
10
-9
-21
-28
-21
-14
2
-8
-7
-12
-17
1
-12
5
-6
-11
2
3
15
16
15
8
19
17
11
22
22
19
19
11
23
31
37
23
3
6
-12
-16
-29
-16
-23
-25
-29
-45
-30
-31
-30
-28
-33
-26
-8
-28
-22
-1
0
-13
-2
-8
-25
-2
-18
18
16
6
10
-1
29
44
24
-2
12
8
2
6
19
20
21
9
-3
5
-3
-13
-22
-24
-26
-12
-12
-20
-42
-57
-28
-21
-12
13
10
5
14
27
0
-5
15
19
12
1
28
16
-12
-24
-13
1
14
12
9
1
-2
16
19
34
17
24
-1
-14
-3
1
11
12
7
16
28
21
33
-5
-14
-22
-15
-6
-3
17
0
2
6
16
4
3
3
-9
-5
-15
-26
-14
-12
-19
-16
-1
-13
-35
-27
-22
-29
-22
-17
5
26
-9
21
36
38
7
-12
5
-25
-11
6
18
-13
-4
2
5
16
-4
6
0
5
-10
-19
-1
-10
3
19
3
2
9
7
-13
-34
-43
-27
-29
-23
-16
-20
-18
-13
17
18
14
4
15
6
27
26
0
25
16
19
3
22
20
2
18
22
23
-6
-7
-6
20
14
9
33
6
0
10
-2
1
0
-6
-9
-14
9
-3
0
15
18
26
19
6
10
6
-5
15
0
9
-6
-6
20
-16
-6
4
-4
-4
-13
-21
-23
-36
-63
-64
-51
-50
-38
-38
-60
-60
-41
-48
-34
-22
-40
-32
-27
-19
-16
-3
1
-6
12
25
29
15
12
3
12
19
24
36
35
29
23
31
31
35
26
30
22
32
47
42
26
31
45
43
51
27
38
31
15
13
1
7
15
19
9
9
3
16
-14
-26
-7
-16
-2
-13
-2
-13
-28
-19
-25
-11
-15
-20
-37
-17
-6
-3
9
-11
-3
-19
-20
-6
-11
-24
-17
-12
-15
-19
-21
-9
-19
3
7
12
22
7
4
9
9
14
-2
1
3
-44
-23
-10
-8
-9
-4
7
-3
-10
-21
3
-4
-23
-34
-23
0
-15
-13
-10
-13
-22
-11
-5
-16
-13
-13
3
7
11
10
19
25
15
31
19
12
21
19
37
31
13
32
23
0
23
43
46
47
40
47
34
20
33
13
12
9
-2
5
7
0
4
-1
4
18
18
28
14
-13
-35
-36
-28
-48
-57
-26
-38
-32
-30
-55
-47
-72
-76
-49
-32
-19
-13
-12
-27
-43
-26
-5
-3
-3
-7
-4
-9
-19
-2
16
15
29
44
49
48
31
25
32
25
34
44
35
31
26
32
40
48
41
5
15
22
-6
7
10
-10
-14
-12
-9
8
-3
-5
-11
-21
-23
-42
-25
-11
-12
-12
3
5
9
8
-12
2
0
3
10
-3
-9
-19
-13
-19
-31
