25
22
36
35
30
30
27
31
26
19
15
19
25
18
17
19
16
12
2
24
19
6
9
4
16
4
-3
-7
-4
-1
-13
-12
-17
-20
-17
-16
-13
0
-10
-25
-16
2
-2
6
21
7
13
26
34
34
38
48
54
58
54
43
38
24
0
-1
-3
-14
-13
-13
-25
-26
-29
-58
-50
-38
-45
-38
-29
-33
-41
-27
-12
-1
-5
4
7
12
23
7
14
25
25
16
6
-1
-9
-18
-13
-20
-23
-16
-19
-29
-34
-28
-26
-11
-3
-8
-9
5
10
9
12
14
8
5
24
13
23
31
30
22
-3
3
4
3
0
-5
-16
-25
-3
-10
-17
-9
-23
-19
-16
-34
-29
-18
-23
-9
0
-2
7
12
13
12
14
23
34
22
17
14
9
17
9
8
10
27
32
13
29
42
40
42
29
25
36
18
8
12
20
0
-13
-10
-12
-7
-19
-7
5
-4
-19
-35
-25
-16
-28
-10
-3
-2
-7
-14
0
-4
-10
-21
0
3
-1
0
-14
-16
-14
-7
-27
-30
-31
-32
-32
-49
-42
-29
-30
-25
-14
-16
-21
-9
-7
-8
4
6
12
25
29
29
32
26
34
27
37
55
38
29
22
32
25
25
22
20
9
-7
18
13
-2
12
10
2
8
12
15
0
-6
-19
-29
-15
-13
-19
-21
-18
-45
-35
-12
-25
-29
-35
-21
-27
-36
-22
-11
-18
-15
-22
-19
3
1
5
5
2
3
0
7
15
17
25
23
9
11
3
6
4
17
16
-1
25
23
20
15
13
16
6
18
12
-1
6
11
2
-4
-1
6
15
9
-5
3
7
3
1
-2
16
13
7
17
15
3
11
15
14
23
15
19
2
-8
-6
-1
1
-16
-3
2
-5
-12
-13
-16
-27
-18
-19
-35
-26
-30
-20
-26
-45
-39
-38
-44
-48
-42
-38
-38
-52
-41
-22
-22
-10
-21
-16
-6
-12
7
-3
3
23
15
19
19
13
0
15
26
12
7
8
16
25
28
34
42
31
28
19
15
28
28
28
22
16
20
25
22
15
22
39
38
30
19
3
7
3
14
19
19
6
-3
0
-10
3
-10
-20
-19
-16
-23
-40
-38
-30
-28
-33
-44
-37
-21
-35
-21
-26
-7
10
0
22
12
25
22
20
30
24
16
25
29
13
14
11
15
13
1
1
-6
-14
-11
-20
-26
-8
-12
-34
-29
-36
-33
-21
-16
-10
-22
-11
-17
-23
-13
-13
-13
-9
6
-1
-7
6
-7
-9
-18
-14
-13
-27
-25
-34
-14
-9
-16
-6
3
7
0
14
12
9
15
30
40
38
50
61
42
32
35
41
50
25
24
28
8
2
7
13
9
1
-2
-6
-15
-12
-4
3
9
13
10
5
10
11
3
0
6
11
16
9
1
5
7
-6
-10
-3
-12
-25
-21
-12
-29
-34
-24
-36
-38
-34
-36
-42
-35
-31
-42
-35
-28
-27
-9
-10
-6
5
1
17
20
10
20
21
16
16
19
25
19
9
6
-4
-9
3
0
-4
0
-9
-9
-4
3
-3
-10
-6
4
6
13
15
-3
15
14
11
20
12
12
23
26
9
3
19
7
6
3
2
6
-12
-3
-1
2
5
0
-10
-10
-3
-3
12
-4
-3
12
9
3
2
17
10
-6
6
3
-2
5
7
5
4
7
3
-9
-15
-18
-24
-26
-25
-35
-28
-5
-12
-18
-5
-3
-21
-19
-7
-3
6
7
6
3
6
9
0
9
20
1
-3
-10
-14
-15
-17
-6
-22
-17
-23
-24
-6
-13
4
3
6
15
-1
12
27
21
22
30
20
23
34
33
26
24
35
38
35
19
12
-2
-11
-11
-8
-15
-10
-9
-7
-13
-14
12
0
-1
9
17
1
-6
8
-3
-7
-3
-3
0
-1
4
5
-10
-13
-20
-26
-33
-32
-32
-19
-23
-43
-36
-24
-20
-23
-23
-25
-10
-16
-2
-4
-13
10
1
22
21
21
11
6
23
26
28
18
19
26
23
10
7
10
-6
-4
8
10
16
23
18
30
45
28
27
26
30
35
21
22
26
16
8
14
5
-7
-13
-13
-26
-24
-21
-29
-31
-38
-27
-34
-14
-13
-32
-27
-25
-22
-25
-27
-36
-36
-22
-25
-27
-14
-9
-13
-5
15
9
-1
-2
5
16
16
12
12
9
-2
16
22
24
20
14
27
24
25
35
36
17
17
20
25
12
-5
3
-3
-7
-10
-6
-2
-2
-4
-14
-3
-16
-28
-36
-41
-36
-43
-42
-47
-31
-25
-25
-28
-25
-15
-22
-13
-5
-3
-3
9
15
6
22
27
27
29
30
32
25
34
26
13
7
-3
13
16
-4
5
9
5
20
8
16
9
0
25
21
18
28
35
19
10
20
31
12
11
20
1
14
-2
-2
-8
-12
-9
-28
-16
-13
-11
-33
-37
-31
-32
-22
-15
1
-8
0
-2
-21
-12
-9
1
-3
-7
1
0
6
-5
-9
4
9
13
16
7
3
16
14
3
16
12
-3
-13
-9
4
-6
-5
7
-7
-30
-12
4
-12
-17
-23
-21
-20
-26
-22
-20
-9
-27
-30
-4
-15
-16
-1
5
-5
-4
9
13
9
9
29
13
0
21
25
14
2
9
0
-6
-3
-3
-3
4
3
-6
10
-6
-7
8
-1
-8
-5
6
3
6
6
10
13
13
6
-14
-6
3
-10
-5
18
11
0
8
10
14
13
11
5
16
30
26
22
20
19
22
35
37
22
15
21
21
26
14
3
16
0
7
14
7
4
-1
-2
-16
-25
-16
-14
-39
-42
-29
-27
-34
-35
-30
-23
-21
-22
-22
-18
-13
-11
-10
-13
-10
-16
-8
-24
-19
-14
-25
-5
-6
-1
-9
-23
-6
-10
-19
-4
6
7
-12
-1
10
1
7
6
11
9
6
-4
-15
0
0
-4
-2
-7
-10
-7
-5
0
-5
-9
4
5
20
26
25
32
24
28
17
27
38
34
12
8
12
17
27
12
17
4
0
-7
1
2
-6
3
10
15
0
3
2
8
3
12
4
7
18
0
9
16
10
6
30
22
13
10
-2
6
1
-3
-2
-11
-9
-8
-26
-10
-6
-25
-25
-26
-38
-41
-25
-30
-26
-26
-18
-22
-31
-20
-20
-23
-26
-21
-18
-15
-15
-2
1
-9
-10
-7
-10
-15
-3
-7
7
10
9
10
2
16
22
31
24
22
28
23
18
26
38
32
35
35
27
23
7
17
14
3
3
-5
-7
-17
-18
-30
-26
-12
-1
-3
-21
-23
-25
-18
-19
-22
-30
-23
-20
-22
-15
-17
-21
-15
6
5
-3
3
3
12
33
48
54
42
48
44
38
43
27
31
23
28
38
23
25
20
9
10
-1
3
-3
-16
-8
-28
-27
-23
-23
-18
-18
-19
-20
1
-21
-24
-7
-10
-3
-13
-13
-16
-19
-12
-17
-18
-9
-13
-16
-5
-10
-12
-16
-19
-17
-20
0
6
2
-3
-10
-9
-15
-15
-12
-6
-3
-1
-10
-16
-17
-27
-16
0
-7
2
7
8
9
1
2
-7
-10
-12
-5
14
10
8
10
3
24
17
12
38
26
26
41
45
22
31
50
41
38
35
35
35
41
48
33
41
60
34
16
-3
0
1
1
8
-8
-9
-16
-21
-24
-20
-26
-30
-29
-36
-39
-35
-27
-32
-32
-36
-20
-30
-22
-14
-19
-17
-22
-23
-23
-17
-16
-19
-27
-20
-15
2
-12
-18
-9
-14
-9
-15
0
-3
-10
0
3
1
12
19
16
20
13
17
18
21
32
18
36
50
35
48
44
42
38
27
31
28
4
3
16
0
-18
-36
-35
-37
-49
-49
-33
-38
-34
-20
-31
-25
-17
-13
-18
-14
-15
-26
-16
-8
0
-7
1
10
12
12
10
22
4
4
13
26
18
25
35
17
34
23
8
17
19
17
12
7
30
40
20
19
14
13
5
-1
3
3
-3
0
2
-3
-10
-22
-10
-9
-9
-3
-4
-18
-24
-22
-37
-15
-16
-28
-22
-26
-19
-29
-14
-7
-22
-14
-3
-1
-2
3
-5
5
11
3
6
11
9
4
7
5
5
12
8
2
-5
7
19
20
27
15
0
2
7
7
19
24
10
8
-3
5
16
6
6
-1
1
-2
-10
1
10
3
-14
-17
-4
-15
-13
-23
-44
-42
-47
-33
-43
-48
-49
-32
-26
-41
-21
-27
-37
-35
-13
-3
0
-2
7
10
14
33
35
35
40
62
65
60
45
57
47
24
38
28
28
25
16
12
14
14
14
22
29
26
23
20
19
3
-3
0
-6
-3
-22
-17
-13
-7
-9
-29
-26
-24
-29
-45
-33
-22
-41
-38
-25
-27
-12
-18
-14
1
-9
7
13
3
6
-4
2
13
1
7
12
11
13
6
-2
-7
-9
-12
-11
-1
-16
-16
-20
-22
-15
-17
-1
1
-9
-9
0
6
10
3
1
1
0
-3
-7
-2
1
-3
-9
5
3
0
5
6
7
10
15
11
6
18
10
16
39
38
19
21
36
12
9
13
10
4
8
3
-5
4
-15
-16
-12
-13
-31
-46
-34
-29
-29
-35
-19
-16
-20
4
-1
-4
7
7
6
25
28
12
29
28
25
21
25
19
17
19
16
19
10
16
10
21
28
1
11
18
10
6
7
0
-16
-6
-10
-13
-19
-23
-32
-35
-18
-21
-23
-26
-32
-38
-27
-32
-35
-36
-31
-25
-14
2
-7
-7
6
28
12
29
39
27
26
10
13
16
5
4
19
18
9
-3
3
-1
-6
-9
-11
-7
-12
6
-6
-6
-4
-10
2
8
6
-1
1
-3
-1
-7
-19
-5
-1
-3
-2
-7
-10
-9
-8
1
0
-8
-10
-10
1
0
7
18
15
18
18
15
22
9
-2
9
19
24
19
16
3
5
0
-3
18
13
0
3
1
-7
-11
-12
-7
-4
13
16
8
8
-2
-14
9
18
18
9
-4
6
-6
-9
-7
-3
2
-7
0
-7
-18
-31
-38
-35
-42
-31
-27
-21
-17
-21
-17
0
1
9
19
-1
15
15
10
17
23
25
17
6
22
11
-11
3
-3
-1
-7
-15
-25
-20
-18
-20
0
6
12
3
10
25
15
1
29
37
25
29
31
36
15
10
20
12
7
6
5
-3
-2
-12
-24
-14
-6
-10
-19
-23
-27
-31
-40
-35
-34
-38
-31
-35
-39
-38
-16
-18
-27
-4
-3
-11
-3
1
-10
2
21
20
21
18
15
11
18
26
22
19
10
11
9
19
22
10
9
8
23
17
15
19
15
6
-10
-20
-28
-8
-14
-18
-24
-33
-32
-37
-18
-7
-10
-7
-6
7
9
0
15
13
16
13
26
34
25
37
22
18
20
47
54
26
36
44
25
17
24
19
10
3
-2
16
10
-4
0
-7
7
-10
-21
-16
-23
-29
-31
-20
-29
-29
-25
-14
-29
-35
-34
-51
-55
-47
-43
-53
-39
-48
-46
-34
-27
-28
-16
1
-1
4
3
16
13
23
10
3
21
28
26
25
16
1
3
-2
6
4
9
-3
-12
-15
-4
5
-1
13
7
16
6
9
9
7
24
30
32
33
33
34
44
22
12
13
25
25
12
2
-2
-5
-12
3
-8
0
7
12
18
13
6
-1
3
-2
11
16
9
5
4
0
-5
0
-10
-16
-20
-20
-41
-43
-34
-38
-42
-52
-40
-40
-37
-30
-10
-17
-17
7
-6
-7
-3
-9
0
17
5
12
10
6
22
11
8
10
15
-2
4
2
8
12
1
8
3
12
-3
-9
14
19
-1
4
12
16
27
20
30
22
3
9
4
11
19
-2
0
13
-2
-5
-3
-8
-13
-19
-14
-13
-9
-14
-25
0
-5
-7
2
-8
6
-2
3
8
20
11
-9
-1
-12
-8
-8
-12
-21
-26
-13
-18
-28
-29
-26
-32
-25
0
-9
-7
3
0
5
20
45
39
21
26
29
19
22
24
17
11
9
8
9
16
5
6
6
-5
-8
-25
-27
-28
-35
-23
-17
-28
-19
-9
-17
-1
-5
6
27
21
30
37
29
27
37
29
7
1
9
6
-7
-16
-9
-15
-4
-7
-23
-24
-18
-17
-22
-8
4
17
14
16
18
14
21
15
20
18
13
5
-3
6
1
-9
-9
-15
-36
-35
-29
-31
-22
-29
-44
-35
-22
-26
-32
-22
-2
-13
-12
-7
-9
-4
-21
-6
12
3
0
6
5
0
9
7
13
19
20
16
18
25
16
15
11
28
27
15
17
23
28
30
35
33
29
35
34
26
17
10
18
9
10
7
-2
-3
0
-7
-27
-28
-17
-7
-31
-31
-17
-14
-9
-9
-6
-6
-4
-10
-3
1
-1
-1
-4
-7
-25
-23
-23
-33
-22
-22
-44
-43
-27
-27
-26
-9
-7
-14
-10
3
-8
-19
2
-5
-11
5
14
16
11
9
18
40
38
35
23
9
12
-2
2
13
3
-3
-1
4
0
9
19
-1
2
9
0
2
10
20
12
15
15
10
18
12
5
25
16
10
21
14
13
2
-3
-1
-18
-10
1
0
-3
-9
-12
-17
-11
-17
-16
1
6
14
3
1
-10
-22
-13
-27
-24
-14
-24
-29
-22
-29
-35
-39
-36
-18
-31
-29
-16
-18
-25
-13
-9
3
11
6
21
22
35
36
26
39
42
27
24
15
19
19
7
12
5
-10
0
6
-15
-7
-2
7
13
11
-1
3
8
5
9
5
9
4
13
12
16
20
25
20
17
0
5
5
-12
2
10
9
-7
0
-16
-9
-7
-8
6
-2
5
-1
3
-1
3
0
-4
0
-6
-6
-4
-16
-12
-10
-26
-17
-15
-25
-33
-35
-36
-44
-47
-51
-35
-36
-50
-54
-40
-32
-36
-21
-28
-14
-3
-7
-1
6
11
7
20
23
30
8
-3
6
9
20
23
22
20
22
21
30
35
34
42
48
44
50
50
53
50
42
59
52
47
42
38
23
25
31
4
7
3
-6
-10
-15
-2
-17
-25
-17
-19
-9
-20
-14
-15
-29
-8
5
-3
-10
-1
-3
-19
-40
-22
-25
-43
-27
-37
-30
-35
-34
-31
-47
-44
-44
-34
-25
-40
-48
-32
-22
-9
0
-10
-8
0
5
10
12
31
27
25
32
17
22
27
22
17
18
0
-19
-6
2
10
4
-3
1
6
3
0
9
6
-1
3
9
8
12
13
13
18
11
3
4
6
15
10
6
23
22
14
9
11
4
9
3
9
32
17
21
14
10
11
4
1
-3
-1
0
1
4
-4
-15
-12
-7
-6
-24
-12
-16
-24
-22
-12
-6
-26
-18
-18
-19
-28
-26
-28
-28
-23
-16
-9
-15
-17
-23
-7
14
16
14
22
23
14
22
30
26
14
20
22
3
9
18
3
1
3
4
4
13
8
-6
-6
4
6
-8
3
-8
-18
-1
-2
-14
-7
3
-10
-9
-15
-25
-30
-26
-26
-22
-19
-15
-20
-5
-4
-24
-7
-16
-10
7
9
9
6
10
3
3
13
10
9
19
21
41
42
21
29
18
23
25
9
17
6
-6
4
9
0
6
18
9
1
1
7
4
-6
-1
7
-1
-7
-13
-14
-16
-24
-16
-13
-12
-9
-12
-26
-25
-21
-31
-17
-14
-10
-13
-12
5
-6
11
22
20
13
13
27
20
21
23
33
32
26
18
10
20
12
12
15
16
27
9
19
13
-9
3
-1
7
1
0
2
-9
-14
-30
-29
-31
-35
-35
-37
-19
-27
-42
-34
-32
-26
-21
-20
-35
-29
-15
-16
-9
-4
-5
-5
-1
-7
7
5
2
13
24
32
23
12
7
6
0
-1
-19
-18
-6
-6
0
-5
3
3
-3
1
1
10
12
8
12
9
-4
10
33
18
13
15
12
23
15
29
31
20
20
11
14
26
29
19
20
7
19
22
12
22
15
13
3
12
12
0
-1
-4
2
-1
-3
-3
-12
-19
-12
-26
-27
-27
-25
-26
-35
-22
-28
-10
-8
-13
10
10
4
11
16
15
6
-1
-9
-11
-3
-11
-25
-27
-26
-41
-37
-44
-34
-30
-30
-32
-39
-22
-16
-15
-28
-12
-15
-48
-38
-13
-10
-7
-2
6
10
22
26
16
29
37
39
48
49
47
58
44
54
57
51
40
22
47
41
29
24
19
16
22
14
10
17
5
17
7
-9
3
-19
-30
-27
-25
-3
-3
-9
-19
-26
-26
-33
-36
-32
-21
-19
-18
-12
-19
-24
-19
-23
-15
-16
-18
-5
-12
0
-9
-12
-4
-12
-4
-6
16
9
0
3
-5
-10
0
1
-19
2
8
3
5
16
11
-10
2
-1
-11
0
7
10
12
9
9
7
15
5
2
14
19
3
2
6
-2
12
16
11
12
26
18
-2
12
28
22
17
25
22
18
15
20
20
20
16
13
17
-3
4
-5
-5
-5
-26
-20
-16
-10
-35
-42
-29
-30
-38
-44
-37
-28
-28
-38
-28
-21
-26
-21
-22
-32
-29
-18
-17
-26
-11
-10
-16
3
-16
-11
2
10
13
-4
7
9
18
16
21
40
31
35
41
41
46
47
41
29
23
28
27
28
32
31
28
18
23
20
2
-3
0
3
1
4
-4
-7
-17
-22
-10
-18
-15
-28
-19
-11
-24
-15
-16
-22
-28
-14
-11
-15
-6
-7
-16
-25
-22
-15
-6
-10
-1
-3
-10
-2
5
8
-10
-10
-18
-17
16
25
27
19
6
3
11
15
15
23
9
13
-11
-14
-11
-26
-9
-11
-4
-16
-12
-26
-38
-16
-24
-11
-8
3
19
-6
9
30
21
27
20
22
5
0
19
29
34
26
23
9
12
5
-2
9
5
3
6
-2
2
9
0
3
7
16
21
24
19
19
0
-6
4
-7
-10
-12
-10
-27
-27
-4
-6
-23
-23
-29
-29
-22
-31
-29
-40
-34
-22
-24
-22
-1
-8
2
7
-14
6
6
16
2
1
21
32
33
19
14
1
1
4
12
19
9
2
4
9
6
17
19
9
16
19
16
24
26
42
43
19
8
14
14
3
-4
-13
-21
-35
-31
-25
-20
-24
-42
-31
-31
-31
-36
-47
-53
-45
-41
-35
-13
-18
-15
-33
-38
-19
-16
-19
11
13
0
6
-2
15
-3
9
25
17
9
15
41
22
13
17
26
29
22
38
37
34
52
42
43
55
36
36
32
18
4
11
20
7
-3
-10
-5
-3
-12
-9
-16
-16
-10
-17
-17
-32
-9
-7
-6
11
0
-7
3
21
3
8
7
2
1
-13
-15
-9
-6
-24
-19
-26
-26
-26
-39
-25
-31
-16
-1
-10
-12
-3
0
5
6
2
-2
-13
-11
-14
-9
1
-10
6
18
11
-4
-1
4
-10
-16
-16
-9
-23
-4
-4
-13
-5
0
-5
-3
19
4
7
-3
0
5
9
13
7
23
24
19
19
14
0
4
2
-2
6
4
-9
-23
-15
-12
-6
14
17
-2
1
8
9
10
21
33
37
39
28
28
38
23
28
22
4
19
12
12
2
-13
0
5
9
0
6
9
5
8
10
8
2
-4
-2
-3
-14
-18
-7
-22
-19
-15
-38
-34
-31
-32
-47
-50
-39
-47
-41
-44
-46
-34
-45
-49
-36
-34
-21
-21
-6
0
-6
1
6
15
13
12
7
29
21
10
20
21
12
12
21
25
23
13
32
28
29
34
35
46
36
31
35
36
35
19
29
37
18
16
12
11
0
-12
-10
-19
-25
-32
-34
-23
-22
-42
-37
-31
-26
-15
-25
-20
-10
-15
-16
-13
-6
6
3
0
22
16
7
11
3
28
21
4
3
12
10
4
3
7
11
9
19
8
10
-4
-1
13
5
12
17
12
7
2
-7
8
-15
-22
-8
-6
-12
-29
-32
-49
-44
-30
-16
-25
-18
3
-7
0
5
3
-1
-14
-13
-10
-19
-24
-4
0
-11
-1
3
-10
3
8
6
8
-4
5
15
11
0
10
32
32
16
13
6
7
6
2
15
4
11
16
16
28
35
25
31
41
49
22
14
20
-2
15
5
25
21
3
-1
-7
2
-12
-17
-21
-26
-47
-51
-35
-41
-40
-39
-47
-34
-35
-26
-12
-18
-18
-4
7
6
3
-1
10
2
2
7
5
-2
6
10
0
6
18
17
-2
3
7
-5
3
16
10
3
-1
-7
-5
9
19
23
20
25
25
23
38
13
-1
6
2
11
10
13
3
-6
2
-12
-13
-10
-25
-35
-16
-7
-30
-32
-19
-19
-28
-26
-24
-34
-27
-15
-17
-8
-3
-5
-11
-3
-6
-19
-6
-3
0
-3
11
10
18
29
20
27
39
43
28
35
37
38
32
29
30
31
39
26
22
35
19
1
-1
-5
7
8
8
7
-6
-1
-1
-9
-19
-24
-30
-21
-12
-22
-15
-11
-27
-32
-28
-36
-40
-34
-25
-24
-34
-22
-15
-21
-22
-22
-13
-22
-19
5
-5
-4
-7
-6
12
10
13
32
40
31
41
24
19
29
25
31
31
23
23
20
0
20
29
9
13
13
9
-7
-20
-13
-4
-5
-21
-13
-2
-16
-22
-15
-19
-16
-23
-32
-13
-12
-18
-14
-10
-9
-14
-7
-7
-8
-12
-15
10
3
6
23
30
28
18
38
40
26
27
28
19
14
9
18
28
32
35
15
21
3
-25
-8
-6
-19
-22
-8
-11
-28
-22
-21
-25
-19
-2
-19
-23
-6
-18
-12
-12
-5
-2
-9
4
3
-1
-3
3
7
0
3
-5
-7
4
-1
-3
-9
-17
-13
-10
-10
-29
-22
-5
-4
9
16
37
17
5
22
15
18
-4
13
25
23
14
-6
11
-7
-9
-12
1
-13
-19
6
-14
13
1
3
13
15
15
20
40
-9
15
14
4
18
-10
5
7
13
16
26
6
-1
9
-22
-1
-32
-38
-5
12
7
-24
0
-20
-41
-20
-13
-12
3
-5
-29
-6
3
-6
-14
-18
3
-8
-9
31
25
-22
-3
6
-37
-19
-25
-22
-19
-34
-29
-6
-11
-49
12
33
-6
4
24
29
12
0
18
6
9
20
37
82
41
55
76
31
55
45
40
50
41
36
55
82
32
58
47
6
17
-3
-2
-24
-23
-11
-27
-75
-66
-61
-100
-91
-69
-73
-88
-49
-45
-46
-22
-12
-47
-29
12
-38
-38
-20
-35
-21
-20
-26
-31
-38
-40
-36
-12
12
38
-13
41
63
-5
50
50
8
-16
46
28
-16
39
30
3
13
53
6
1
25
-4
51
37
21
10
41
43
-25
18
31
10
-13
25
13
3
10
-16
0
1
29
13
21
-11
-17
54
72
18
17
76
53
35
32
15
-7
1
-26
-53
-8
-34
-50
-24
-38
-68
-38
-41
-80
-37
-73
-5
-36
-87
41
-7
-32
-15
6
-18
23
-3
-35
37
-35
-2
-11
-11
-37
-36
38
-56
19
15
31
10
23
73
-111
131
15
-28
32
18
29
-95
136
-36
-1
-34
45
8
-110
103
-53
-34
64
80
-96
28
81
-93
4
12
-20
41
-32
10
72
-43
4
49
12
11
51
-37
26
73
-44
17
40
-57
16
8
-40
35
12
32
14
8
17
23
-19
-21
-4
-13
-15
-49
45
-11
-60
-3
13
-28
-45
34
-22
-16
10
6
26
-16
7
3
13
26
1
-29
-37
-9
-81
-21
-78
-79
48
-115
5
-17
-17
-23
23
33
-97
162
-69
6
37
59
-57
-88
156
-127
34
-52
99
18
-77
162
-7
-45
55
67
-97
76
58
-49
59
23
19
20
-70
67
16
-77
56
29
11
19
68
31
14
-5
-5
49
-6
-66
17
15
-26
-19
-33
11
-43
-49
2
3
-32
-16
-12
54
-1
-127
46
15
-87
49
18
-34
33
27
30
27
7
0
-7
-35
-6
-26
-38
36
-15
-28
54
12
-45
25
-4
2
13
-10
34
19
-10
6
19
-45
-31
-16
-20
-18
-18
26
-35
-22
26
-51
-38
-13
-13
6
-5
47
17
9
41
-3
-1
2
5
6
-2
15
28
-7
13
13
-27
25
4
-13
36
-3
35
29
-35
16
5
-12
-9
-4
-8
-21
8
0
-26
-32
8
3
-63
7
10
-56
-4
2
-29
-30
27
-19
-38
29
12
-23
-18
34
-34
-38
-3
-17
-31
17
63
-11
33
58
44
33
36
39
3
45
31
6
62
38
16
29
47
55
16
20
15
33
-6
-4
29
29
-4
5
78
-14
-22
-12
11
12
-82
-22
10
-15
-21
-42
-63
-13
-45
-107
-27
-25
-45
-39
-15
-22
-82
-48
-44
-34
-10
-35
-51
-22
-54
-112
-19
-42
-59
-38
-40
34
-3
3
26
44
41
22
57
70
46
27
62
37
31
41
12
52
2
-16
50
9
24
20
19
-1
18
40
-11
9
25
44
20
44
48
19
43
28
-3
-4
2
7
-8
-5
21
-12
12
9
-33
-20
-18
-7
-26
-30
26
19
-9
4
3
-19
-31
-9
18
2
21
51
2
-13
12
-7
-22
-9
-31
0
-19
-8
19
-6
5
-36
-17
-28
-48
-37
-27
-47
-21
11
-40
-40
-3
-51
-44
6
-72
-53
-57
-26
-59
-50
12
-53
16
12
28
35
12
9
9
39
-4
26
11
-3
57
40
29
30
28
11
27
63
-5
4
15
37
32
-8
25
33
44
3
57
45
28
30
-11
76
58
45
31
9
50
39
16
-3
-33
-17
9
-18
-29
-32
-37
-7
-32
-54
-22
-67
-85
-65
-49
-48
-28
-18
-33
-16
-30
0
-40
-37
-19
-18
32
3
11
34
25
24
51
11
3
7
27
36
-19
-6
-8
15
7
-3
8
0
-17
-21
-14
-43
-67
-13
-16
-42
-9
-25
32
9
16
29
21
45
13
28
36
25
4
42
26
25
38
6
28
0
27
23
-16
16
8
32
22
34
28
13
45
-4
23
-15
-20
5
-47
-33
-64
-51
-52
-12
-23
-57
-54
-128
-76
-46
-53
-50
-26
-13
-19
-13
-26
0
-45
-9
16
14
62
31
57
5
-25
59
-17
22
61
2
38
-3
25
79
26
-76
-2
27
1
83
10
-14
22
60
101
50
-34
13
23
-25
12
-25
-19
79
114
32
7
50
3
-8
4
1
17
-6
42
16
-32
10
-9
-41
-76
-85
-50
-36
-69
-65
-50
40
29
-11
-24
-108
12
42
-39
-30
15
63
67
-11
-146
-20
-12
-114
-17
11
82
62
43
8
-54
-50
-69
-29
-51
-19
55
139
189
53
-3
11
-55
19
-38
-127
15
-22
12
111
75
-60
-73
50
6
24
-13
-39
31
-43
-142
-83
-8
-55
41
76
1
50
60
32
-46
-110
-33
3
-36
24
55
0
39
41
13
69
41
-38
3
35
-36
-2
22
-46
-87
13
28
-17
92
72
88
-10
-46
10
10
13
-75
25
12
56
169
95
131
109
-12
-31
-11
-16
-4
15
9
13
44
42
-23
-82
-130
-138
-162
-143
-146
-169
-131
-94
-13
-23
-13
-2
-28
-52
2
33
7
78
112
164
151
32
97
144
89
33
-9
112
142
109
147
122
-6
-64
39
-17
-113
32
3
-35
-56
-110
-195
-313
-172
-180
-129
-42
-80
-9
-45
-106
-108
-201
-156
27
-3
-38
92
144
130
65
79
89
75
53
58
107
-11
141
166
44
126
111
133
149
129
97
28
86
40
-25
20
-11
44
43
-38
-217
-223
-64
-172
-308
-289
-317
-321
-373
-383
-292
-337
-88
16
157
482
414
7
-150
848
-530
-883
584
-232
204
2012
2048
-772
2069
3275
-789
-1024
-572
-583
-1041
856
1003
-743
135
3461
1518
-5087
-2032
-37
-3370
-2616
436
-417
-1181
1778
427
-789
-3491
-1859
1292
-2540
276
5115
609
-502
1654
265
544
-2835
-2458
2976
3757
1717
3715
2374
-476
-1098
807
-392
-4342
1677
3360
1533
-2062
2178
858
-6207
290
-3283
-699
1366
-1445
1271
-2085
-1747
-874
-1212
-2156
940
-1214
2333
4307
-3252
445
-458
357
97
933
2930
-661
2508
1540
-1750
1680
-1823
-573
2749
-454
2437
-731
304
80
-1949
-818
-1050
3329
-2861
2395
218
-4634
3953
-4888
582
-810
353
1386
56
293
-4842
3823
-5423
3746
-1276
1212
3478
-5914
5788
-2844
-1351
784
-850
-113
5942
-3764
1312
3708
-5022
1245
428
1631
-936
1026
-1277
5316
-2899
-1132
2887
-5465
380
1710
1792
-2762
-672
-1308
1856
-871
-3351
2473
-3243
-1066
3312
-2413
-193
-1073
1495
4038
-5384
2765
811
-2950
3144
-979
950
2912
-2052
2935
1711
-4396
2061
-1071
829
1863
-1081
900
1846
-2068
2340
-834
-3533
4616
-7267
4932
-946
-5730
5737
-6049
1354
3791
-4858
3167
247
-5326
5159
-2025
-937
1714
-1523
1382
3974
-1936
2304
-101
-4463
4997
-4877
4585
895
-2092
3041
-1789
286
-1767
-2039
713
1819
-779
2569
-598
-3147
742
1264
-1878
572
-1432
-1306
2906
-925
-2474
2912
61
-2361
3135
-3295
-289
2169
-2459
3003
-65
-3537
6252
-2310
-2313
3611
-3082
2588
1138
-1240
-699
169
-434
1105
-309
-397
569
-1751
2530
-2646
-1792
3125
-815
1113
-1377
-1317
1347
-3397
2971
934
-2111
2233
919
-724
-761
-2491
595
2535
-2467
3159
-2874
-655
3761
-3518
3961
-369
-4894
5189
-1788
-927
4631
-3787
2527
364
-3080
2591
-2635
-1730
3438
-516
835
2453
-3032
1436
-1176
-3933
3187
-2766
1644
1768
-2760
3194
-2945
-981
1108
-2959
764
2228
218
1889
329
385
902
-3584
-487
1065
-408
2623
2446
1565
1467
-2417
1578
-3970
-3512
3344
-3182
5481
-114
-2125
1878
-5685
302
-493
-2162
2451
-666
-826
4603
-3250
-1650
324
-4063
2799
909
148
3325
-1985
65
2079
-4322
3855
389
-2148
4785
-2637
300
627
-1867
1527
-12
534
1710
-482
-632
81
-2377
1299
362
-1840
3393
-1478
-348
918
-1876
1266
-1721
-501
2244
-1932
-248
1342
-2663
1886
-262
-1235
1068
-1882
1367
-993
-1519
1529
-51
-1103
2993
-819
-287
1160
-2472
2805
-1288
386
2213
-528
1995
189
-788
-191
-270
-1009
1149
-270
164
2670
-930
-606
-671
-1519
212
112
473
584
-494
156
-956
-1049
-476
-853
701
150
283
-621
-348
-592
-823
425
316
-63
-909
396
163
-222
642
-83
268
1277
-36
174
-624
107
-227
904
1536
-784
1039
-389
754
-809
-359
1512
-1148
-194
1017
407
12
8
-469
298
-750
467
444
-1443
-1371
324
154
242
242
-1955
-6
-1048
-361
1043
227
837
-241
21
27
-1769
-670
334
432
1314
764
1605
1137
-531
-354
-210
-485
1126
1223
774
319
-601
950
-666
-747
471
-720
629
423
608
1778
-1195
-996
-926
-2091
-424
379
-124
370
-602
-1486
-213
-1345
-518
-1488
545
151
1204
1518
-1182
115
-3146
866
-208
1503
1544
-67
1555
-1434
622
-1091
-266
-1540
1506
1049
239
1458
-2180
543
-1674
-1413
771
-694
11
1725
955
-501
-2160
291
-741
-549
834
277
2479
440
2386
-1129
-801
653
-811
1563
503
1594
1609
-369
-1267
-1276
-2310
-1676
-2171
-1789
205
-628
-446
-21
-897
-407
-1000
477
1213
338
2045
276
1761
2266
1420
1414
1566
3968
4882
4868
3482
2068
441
1954
2453
2403
3371
1297
1321
116
-1291
-2047
-4687
-1971
-2086
-3122
-274
-2817
-4372
-5028
-7047
-4807
-4433
-3508
-1658
-2414
-260
-1539
-1823
-1988
-3020
-2420
-652
1564
1980
2397
1103
2190
-337
34
389
-448
2616
2857
2884
1769
1769
-192
-1057
-1131
-1691
284
2253
1376
972
417
-2694
-789
-996
53
1182
-105
1250
1224
2190
138
-1136
-194
700
1356
2045
2553
1013
838
450
1463
-480
-737
1046
215
2114
1529
320
-563
-437
-1745
-1937
-1181
-2081
-2126
-2853
-1353
-2897
-1579
0
-1070
143
551
1042
840
979
984
563
515
2515
4594
5186
4757
4805
5045
5325
4870
3196
2364
2347
2646
2592
4584
3673
1285
327
-2772
-2165
-2538
-5336
-3663
-4634
-4972
-3482
-3982
-4353
-7695
-8711
-7336
-7123
-4741
-2157
-2323
-1330
-2208
-2918
-1074
-3579
-3016
-1969
-740
3003
2759
3557
2819
78
-15
-473
-487
2300
2708
3501
3928
1392
2853
-877
-1657
-838
-2095
1615
1694
2553
774
-661
-3373
-1461
-49
-729
777
-1705
3352
943
2208
-125
-2477
2041
-2045
2577
1854
1601
1354
1101
2199
363
1304
1358
3740
237
2811
2393
-536
1420
383
2015
918
104
974
2025
-720
-164
938
418
915
87
1804
-1074
-1568
1314
1089
-1327
-1219
1432
1966
146
-1236
1214
308
-899
777
86
73
459
201
159
-1428
123
1158
-616
-1646
-2451
14
-555
-2903
-1771
-957
-1960
-2202
-2101
-2209
-1495
-1521
-351
-179
-1435
-1135
-1097
-1998
-1605
-1228
637
905
-682
9
-1317
-1263
-643
-712
-1281
-1466
162
344
127
-252
142
144
-388
378
-50
201
543
-886
458
341
-53
284
-544
31
-486
-117
683
173
-569
-627
-180
623
641
193
-354
422
624
-741
-134
434
2097
1846
494
602
1694
1187
275
885
304
1295
2562
3246
1343
-560
1264
1993
1086
1842
971
1793
2114
224
-61
501
1527
-405
-532
525
1424
888
263
-516
-316
693
-243
483
-299
-884
103
-845
227
940
-933
77
-1973
-1672
-951
-1370
-584
-1053
136
82
-362
-2337
-1382
-1246
42
141
-370
1885
-527
-982
-762
-741
124
575
-898
-408
-763
-1942
-837
-2425
-1560
-1332
-1396
-535
-849
-2200
-2391
-2053
-694
874
-1897
-992
-1175
466
2128
46
1354
897
1839
2555
1165
493
1813
3093
3742
3876
2882
2717
913
-84
-282
297
1547
318
-36
457
-721
-185
-1223
-3801
-3473
-2995
-1424
-1338
-1829
-562
-979
-1722
-1789
-2867
-2411
-721
-988
1019
2054
1172
1273
652
424
-183
279
2050
3381
3145
2763
1526
378
935
-275
-6
-206
173
2436
1593
915
-837
-1496
-1618
-2061
-1358
446
608
-1513
-210
-177
321
-2616
-2095
342
-1477
748
486
2224
1054
-659
264
120
-1188
-65
3006
832
1968
520
1442
840
-932
1820
568
-721
246
2607
1950
176
-2530
1609
753
-1831
-290
-928
-41
-1949
-1361
-2427
-2173
-2861
-2145
-4418
-5224
-1790
-1145
-1052
-3532
-913
-675
-1335
-688
1132
738
-697
674
2436
5259
5610
5110
5018
4529
5881
6927
5296
4421
3133
4697
6448
8329
6454
2198
-630
-2199
-675
-1018
-1595
-2682
-3044
-4544
-4487
-5841
-8817
-10812
-11076
-6909
-4460
-4714
-6070
-5938
-5345
-5340
-5626
-4786
-3555
-1236
1285
1681
3017
2836
2042
1806
1809
3895
3922
4109
5034
6142
6417
3321
2080
992
1621
1261
882
3104
3583
1263
-1237
-1487
-2961
-2761
-2963
-1162
-579
-1438
-432
-1310
-1650
-3613
-2694
-1211
-323
-273
222
1641
847
244
-1051
1534
856
952
2468
2200
3371
3232
2427
-1469
-463
2244
3975
2893
588
298
1715
2481
201
-1270
-608
2276
1902
1144
610
270
-1101
894
575
-544
-439
-212
1069
-1485
-361
-1902
-1052
188
30
-1431
-1832
498
-548
-1054
-1876
-909
-834
-743
-1112
-1009
251
1539
3283
2893
580
-415
866
1874
2826
1700
1320
2270
1952
2615
1412
-1271
-1690
-1726
-1750
-476
-982
-3413
-3513
-3504
-3064
-4476
-6749
-5353
-5489
-4069
-2956
-3165
-2781
-4311
-3604
-1953
-3004
-3794
-2704
-507
1666
596
1439
2022
225
-260
1070
2382
2031
2130
2577
4573
3169
2150
1232
1001
2120
1405
2358
3052
2968
1524
895
1137
954
-324
1034
1976
2088
1620
1271
1474
264
-299
-1114
1044
2040
1906
1660
1123
296
345
-219
778
-317
-413
1419
1729
1854
-530
299
-2208
-1196
-569
1536
734
223
1284
-756
298
-2030
1104
-430
1206
1493
-707
-67
-1815
-1205
171
1393
327
1535
-819
-1977
-1481
-842
-567
-2613
-981
1018
-1492
-4057
-2345
-2241
-3678
-1460
127
-788
-1869
-2326
-1492
-3038
-3794
-944
814
1814
3881
870
-1743
244
2738
4691
2255
374
2079
3878
4484
4524
2171
-146
-38
1688
3185
993
-982
-1354
-137
527
-1840
-2909
-3768
-4161
-3072
-2814
-2624
-3245
-3304
-2910
-3470
-3975
-4813
-4228
-1871
-158
199
-184
-410
-363
-185
-340
-47
718
1515
3161
4044
4083
2480
1310
1214
1357
3237
3809
4426
3951
2134
1781
1587
434
165
1289
1268
2139
1802
983
139
-1165
-466
-948
67
85
-477
-514
-1910
-1225
-832
-164
-1370
-1945
-1418
-645
525
-1614
-781
-511
-282
721
-402
-482
376
1633
686
1585
-290
-859
747
1703
3222
203
123
-284
-42
-862
-173
-659
-2107
-690
-1835
-2244
-4083
-2438
-3364
-1523
-247
-1827
-2406
-3121
-606
-961
-1017
-2442
-858
1782
5897
6650
1461
-772
2068
7788
9315
6175
952
1568
5549
10174
8653
2110
-714
843
4803
3202
-985
-3267
-1402
404
-732
-3981
-7523
-7350
-6233
-5595
-6486
-8050
-6934
-5004
-4947
-6415
-8241
-7849
-4659
-2674
-2149
-1888
-1208
926
1470
459
-308
903
3076
5087
5540
5539
4880
4036
4832
3658
3076
3241
4235
5683
5615
2915
-552
-1550
-519
1027
1320
694
251
-890
-2685
-3582
-4268
-3206
-1725
326
487
-1610
-2745
-3990
-3590
-1517
167
636
1306
914
460
-1025
-2076
-426
492
2662
2491
842
1746
1080
699
199
-799
131
866
2883
3060
1119
-111
-916
-1124
-777
651
-33
765
375
-999
-2689
-4918
-2375
-225
1351
899
252
-277
-1870
-1467
-567
1314
1596
240
2051
4705
6876
5254
880
78
3489
10397
11209
6156
739
418
5324
9386
7622
1387
-648
2969
5493
896
-4622
-6396
-3228
-410
-2085
-6834
-9672
-10809
-9333
-8016
-10869
-10812
-8858
-5597
-6724
-11230
-12575
-9724
-5534
-2161
-2142
-3280
-1903
-987
367
-700
-1050
1408
6002
9437
8277
4888
3183
4488
5402
5745
6401
7835
8252
7200
4737
1684
-35
457
2445
4126
2930
482
-482
-1400
-3116
-4880
-3698
-764
406
-75
-1376
-3131
-4633
-4709
-1789
1528
2405
1182
302
20
-692
-936
444
3323
4094
3293
2519
1337
456
960
1344
2767
2112
1094
2022
231
-393
-848
138
-490
-1944
-1688
-2489
-3183
-2960
-2144
-3412
-4355
-4872
-2787
-580
-208
-1172
-3030
-2584
-695
-430
-429
803
2853
6942
8263
5218
272
-642
6241
13875
13165
6174
1065
4679
10291
9352
4005
-279
2301
7607
8362
1076
-7000
-7932
-3238
792
-1503
-8181
-11341
-10062
-9267
-11012
-12403
-11804
-9539
-7842
-9924
-12654
-13582
-9638
-5882
-5184
-5509
-5163
-1343
1180
132
-2769
-2322
2489
8359
11116
8998
5794
3970
6237
9481
9869
9610
8645
8782
8670
5797
3516
2286
3088
4186
3405
2318
480
-1787
-3609
-5469
-4958
-2647
-1419
-1556
-4295
-6583
-7556
-6026
-1752
225
-376
-2248
-3416
-1175
1315
1832
2438
3019
3684
4237
3633
3039
3176
4379
5623
4933
4174
2894
1733
650
1
620
1178
453
-1969
-3555
-4854
-5863
-6215
-4427
-2370
-2648
-5066
-6795
-6991
-6157
-2815
1310
2518
-1872
-6163
-3329
4103
8140
6632
2472
4039
10075
11993
7677
358
-296
9780
20540
18403
5535
-4280
-1772
7279
9738
3772
-1836
-1269
2402
389
-7246
-13326
-11751
-5603
-3678
-7531
-13280
-13976
-12656
-12510
-12758
-12849
-9995
-7142
-7690
-11590
-12738
-7844
-1854
1677
-18
-3449
-2838
791
5541
6696
4992
6304
8571
10505
8788
4695
6742
10496
12238
12080
8182
6071
5010
3845
5672
5993
5575
5535
2433
-1859
-5142
-4656
-455
1558
-589
-4592
-6424
-5889
-5689
-4999
-3199
-1878
-1525
-2015
-2773
-2783
-2973
-642
2093
3543
3209
721
1653
2453
3160
5136
4501
3914
3026
1678
1122
-321
1344
2755
1215
-1464
-5270
-6375
-6438
-5041
-2604
-1098
-2638
-8021
-10815
-8775
-3618
-785
-1111
-2706
-4663
-1478
900
3975
2101
-382
7241
13869
15007
3445
-4350
3111
16643
22669
13719
2331
709
8611
12080
6431
-1290
-801
7957
11147
2229
-10642
-15244
-7076
-553
-1779
-7482
-12120
-11311
-12176
-13084
-14403
-13152
-8782
-7045
-8702
-13675
-14034
-8030
-3458
-3686
-6492
-4236
710
1998
372
-2155
1427
6729
10170
9862
3862
2227
5986
10996
12629
8290
4726
5576
6548
7105
6211
4485
4771
3726
2492
1504
-897
-17
278
-1260
-1109
-2668
-2206
-3629
-5420
-3836
-2649
-490
-1816
-3901
-3379
-3228
-1267
1214
1994
2483
313
-749
879
2725
5262
4847
3689
3659
1959
1228
1522
2417
4377
3010
306
-2236
-3493
-3881
-3676
-968
1290
-1123
-7053
-9295
-7376
-2043
-1502
-3638
-5852
-5791
78
1361
712
-4590
-3568
5817
12220
9969
-2557
-6731
3623
18734
19805
6679
-4441
317
13469
15802
6178
-3691
-634
9635
12318
2167
-9218
-9134
-274
3364
-1946
-10242
-11845
-7381
-5696
-7222
-12113
-12458
-9645
-8369
-9092
-12290
-10157
-5566
-4522
-7062
-9772
-6062
-1079
376
-687
-1763
1478
4533
5111
3568
1552
3764
8839
11664
9906
5359
2983
5077
6496
7941
8351
6204
5332
2506
456
732
555
2680
2048
-439
-1021
-2914
-3294
-5220
-5384
-1052
-19
-1342
-4224
-5626
-3180
-2478
-1705
-215
537
2851
913
-1702
-1737
129
4868
5727
4062
2502
1155
1218
1634
1941
3449
3070
1272
1110
-1526
-3644
-2841
246
3198
171
-5731
-6999
-3497
1066
1624
-2872
-5667
-5865
621
5510
3951
-1855
-5468
2416
10363
10487
-217
-6146
2002
16149
17420
3244
-7186
-2895
12287
16632
6625
-5781
-5470
6156
11497
2545
-9769
-9440
1940
6667
-1297
-12917
-14460
-5978
-1026
-1770
-8967
-12725
-11318
-8962
-8040
-9656
-6936
-3139
-3416
-8969
-12149
-7455
-1730
47
-1106
-1622
856
1694
846
-338
-469
3556
9616
11912
7423
1898
-107
4215
7138
7346
8446
7181
5703
1884
-1018
438
1664
4323
4628
926
-1171
-3431
-3312
-3717
-3660
107
1222
-866
-4669
-6159
-3538
-1781
-1102
240
495
1701
436
-1855
-1462
273
4908
6695
4335
2198
799
1368
3106
3828
4989
4308
1714
683
-883
-1212
-566
218
2726
398
-3247
-5002
-4623
-1740
-1518
696
273
-2833
-6473
-5492
2348
6285
4586
-2763
-2217
3762
9132
6219
-1908
237
7861
16707
9634
-3852
-6438
4169
17487
12939
-2369
-10342
-2391
8970
7603
-4009
-11006
-5088
2490
-288
-9846
-15262
-8146
3
-1080
-9709
-16068
-12121
-6399
-4107
-7425
-9374
-6372
-4505
-5076
-8332
-7581
-1371
2052
1488
-2500
-3367
1427
4243
3725
1493
2306
7335
9089
4775
1192
2384
7255
9049
5939
3761
3714
3997
3438
2393
2018
2419
1691
1519
405
-1389
-2147
-2040
-1469
-2430
-2418
-1702
-1738
-3389
-5262
-3779
-926
-30
-433
-1089
-340
342
-755
-773
681
3653
5921
4499
2319
1552
1606
3104
4069
5302
6328
4208
1050
-722
-637
1618
2860
2171
817
-2477
-3421
-3296
-2144
-1980
-2964
-1991
227
-816
-5192
-7251
-3711
4978
6129
1651
-5124
-2875
6373
10414
6221
-2972
-2045
7406
15822
9769
-1346
-3878
5776
14809
8520
-3708
-7761
2609
12097
6892
-6959
-13833
-6857
3257
2361
-6622
-13105
-9684
-4882
-6694
-11228
-12570
-7188
-4640
-7537
-12607
-12799
-7311
-4046
-4251
-6812
-5893
-2252
-2425
-4419
-4575
389
6320
6080
2266
-409
2008
5960
7675
6568
6509
8614
9201
7315
2363
2591
7377
10359
8846
3091
381
1219
1905
2758
1322
57
122
-888
-1924
-5026
-5407
-2368
-591
-2047
-5081
-5090
-2160
-1578
-2923
-3369
-2478
474
1240
682
49
454
3257
4421
2549
947
1665
4725
5819
5056
4354
2594
1423
197
1914
3490
2940
1249
-137
-1350
-3691
-3374
-2405
186
-1144
-3116
-3329
-3531
-2109
-4744
-4816
-3703
1708
5338
3208
-2780
-7715
-349
8228
11799
3510
-2482
1798
10443
12265
1705
-4024
1427
14493
16707
3829
-9043
-7777
5390
12817
4680
-7347
-9283
-1295
2494
-4948
-12991
-11654
-2063
-80
-6198
-14813
-16239
-9216
-4751
-5093
-9964
-10856
-6986
-4855
-7055
-9043
-5973
-1108
-153
-1988
-1845
970
1947
902
1800
4194
7636
7894
5861
4097
5327
8258
9388
7513
4831
6957
8412
7078
3671
2199
4706
5028
3292
1038
-873
-793
-409
-703
-1753
-3271
-3229
-2341
-3047
-4870
-5001
-3240
-1832
-2846
-3542
-2524
-948
-512
-1286
-745
438
2256
2590
1418
1617
2640
3709
3448
2774
3982
4625
3535
1740
1024
1683
2281
2357
1705
819
-1640
-3079
-3505
-1917
228
-1067
-1657
-4574
-5614
-4146
-2429
404
-2421
-4511
-2409
2326
3341
-1194
-4636
-963
7164
10057
6687
-2469
-2825
5650
13139
11768
528
-2736
4744
12391
9599
-1074
-6233
336
8927
7838
-2478
-11049
-7452
1749
2247
-6119
-13355
-9967
-2295
-3648
-9734
-14187
-10964
-5344
-5497
-8291
-10818
-8389
-4145
-3225
-5013
-6703
-4542
-602
138
-302
346
3090
3932
1660
1139
3590
8049
8807
6367
3983
4843
7197
7289
5864
5038
6677
7071
4724
2152
1839
3092
2719
1381
1023
523
7
-1439
-2704
-3223
-2962
-1377
-992
-2852
-4343
-3777
-2291
-1971
-3057
-1859
-278
480
-357
-1728
-1005
759
2664
2990
1416
501
2081
3069
2849
1419
1873
3715
2892
1093
-446
419
1537
1371
826
-620
-3005
-3681
-1741
-192
-983
-3505
-3302
-2252
-3472
-3832
-3234
95
1885
-1106
-3004
-3380
1420
5260
3842
256
22
6141
9761
5916
-1086
-131
8007
15283
10125
-1796
-4039
4735
14115
9312
-3762
-7993
-557
8427
6596
-5631
-12981
-7566
1858
792
-10166
-15975
-8964
-1437
-3710
-11237
-14799
-9771
-5119
-4383
-7348
-9612
-6282
-2577
-1591
-4673
-5655
-1261
1921
2183
503
1058
3867
3668
2969
3634
5174
6583
6509
4832
4110
4788
6028
6029
2362
2098
4873
5868
3516
-327
-254
943
1038
644
-248
-435
-739
-880
-1056
-2783
-3504
-1719
419
743
-918
-2155
-2156
-1880
-632
780
1665
1870
820
-649
-1055
-17
2383
3365
2378
2072
1234
979
193
244
2300
2836
2440
510
-779
-767
-1098
-615
440
657
-835
-2486
-2681
-1549
-1982
-2699
-1734
-939
-348
-1660
-2740
-1584
272
2257
1343
-1216
-479
2552
5562
5551
1194
211
4088
8808
8528
1106
-1442
3696
9973
9305
682
-4029
327
7665
6954
-2671
-9202
-4688
3793
3668
-5555
-12751
-9061
-1607
-1214
-7476
-13002
-10306
-4059
-2855
-6228
-10302
-9139
-4363
-2568
-4271
-6614
-4432
-498
29
-2105
-2869
-345
1759
1846
928
1703
3275
3457
2227
1612
3118
4945
5352
3242
2298
3271
3763
3376
1645
2160
4066
3616
1997
508
1219
2209
1164
504
1158
2010
1696
-33
-914
-248
413
1434
1267
200
-528
-742
299
28
45
1053
1222
746
-1364
-1670
391
1884
2062
149
-1369
-398
661
455
-163
-580
1043
1579
-627
-1597
-1537
87
940
-392
-209
-456
-1216
-1222
-1362
-126
321
-285
-813
-1423
-561
1187
1412
-222
-737
-605
2583
2937
737
-649
-238
5539
5463
1176
-2857
496
8186
8359
1002
-5572
-2362
6208
10155
2189
-6251
-4932
3006
6844
-217
-8488
-6929
596
4567
-1041
-9954
-10302
-3491
1772
-1919
-8803
-9731
-4121
-658
-3251
-7528
-7580
-2709
-593
-2433
-5676
-5822
-2175
275
-242
-2201
-2520
-653
263
-249
-137
1544
3042
1963
720
1099
2318
3265
3385
3558
4434
3683
2488
2252
2653
5071
5362
3391
1870
1885
3977
3988
1954
1481
2604
3732
1637
-642
-417
949
2552
1775
-442
-2159
-1811
-118
858
-523
-1658
-1496
-848
-562
-2165
-2140
-882
396
883
-1206
-2137
-1251
-432
680
531
974
1379
731
45
-716
-340
961
2204
2240
1894
674
-545
-1338
-588
1810
1640
884
472
-560
-1265
-2210
-701
848
772
1018
531
-736
-2932
-3271
-1102
2630
3676
2186
-2190
-3964
655
3770
3371
-1724
-2089
2697
6103
3243
-3814
-5657
-79
7401
5498
-2770
-7533
-3045
3856
3147
-3259
-7452
-4206
1343
827
-5038
-9003
-5463
-34
-692
-4992
-7611
-4685
-1952
-2652
-5034
-5744
-2931
-920
-1216
-3365
-3575
-1392
875
236
-1394
295
2914
3639
1452
422
2339
4720
5408
3925
3705
4726
5399
4534
2567
3475
6032
6750
4298
1837
2092
3288
3044
1872
1718
1937
1831
157
-1142
-1455
-1086
-115
-725
-1497
-2145
-2967
-2437
-2249
-1976
-1314
-1679
-1722
-2613
-2761
-1353
-179
344
-540
-1168
-303
440
367
650
1159
2450
2673
814
-222
438
2279
3348
2202
805
275
378
854
515
265
398
629
756
-681
-2046
-2232
-1135
432
324
-1188
-2442
-1551
-646
-1168
-2941
-1560
2066
2716
559
-3568
-2806
1636
5955
4363
-1647
-2834
1679
7595
4608
-2203
-3420
2603
8090
3913
-3861
-6330
-631
5489
3690
-3855
-8329
-4441
1322
388
-6022
-9354
-4936
-993
-2432
-6757
-8095
-4497
-2300
-2558
-5456
-6423
-3260
-263
104
-2532
-3626
-607
1570
1173
656
1394
3699
3381
1877
2178
3420
4977
5623
4656
3619
2834
3304
5109
4182
3497
3566
3197
3061
1801
1611
1483
714
1372
1903
664
-1302
-2194
-503
912
-353
-1626
-2346
-1888
-950
-1017
-1278
-1884
-1304
-89
-637
-1895
-1917
-315
1172
841
39
9
101
688
1072
919
1050
1811
2752
1755
-41
118
1424
2210
1495
608
1077
879
-364
-1355
-1035
559
1044
-510
-2079
-2735
-2250
-1198
-1228
-969
-1143
-1734
-2074
-2370
-1388
-62
67
-580
-1339
-301
2453
2242
-66
-1947
798
5726
5659
844
-3000
-558
5215
7155
1868
-3244
-2393
3240
5208
-554
-5613
-4392
1276
3196
-1925
-6960
-6626
-2484
-260
-3225
-6337
-5934
-3269
-1793
-3795
-5547
-4406
-2366
-1659
-2574
-2766
-1398
-302
-463
-978
-302
1507
1936
376
222
1933
4302
3603
724
732
2385
4751
4504
2370
1526
2089
3900
4023
2147
1048
2221
3590
3173
1196
632
1634
1939
1625
905
577
556
136
328
256
-361
-51
-86
-413
-1330
-1278
-210
-437
-970
-1054
-573
-605
-1459
-1584
-474
178
492
-138
-1212
-954
-200
1031
804
-197
317
889
724
-399
-899
470
1511
1687
748
-972
-1472
-967
277
1326
741
-401
-913
-1042
-645
-1019
-993
733
966
241
-1334
-2079
-864
-54
1809
1778
-436
-2151
-1234
1800
2328
358
-1786
242
2817
2916
-792
-4184
-1242
3650
5839
478
-5141
-4045
1365
4249
78
-4378
-3758
374
2007
-1443
-5035
-4510
-708
1005
-1508
-4414
-4242
-1425
-703
-1886
-2692
-1967
-1119
-1979
-2236
-1546
-58
160
-1114
-1856
-968
818
1110
-384
-819
859
2385
2162
-243
-63
1873
3532
3619
1554
1209
1854
3620
3987
2379
1631
2655
3905
2855
1518
1930
3470
3081
1120
746
1314
1987
1415
499
430
-128
261
-31
-1234
-1428
-911
313
-777
-2810
-2655
-1592
-425
-891
-2065
-2332
-1875
-540
-145
-1230
-2001
-1045
237
416
-177
-375
265
281
492
731
451
749
913
1545
1524
205
-116
103
1288
1776
821
217
-226
-240
-240
-259
-87
378
-141
-560
-1106
-1709
-1445
-1067
34
-259
-1213
-2070
-1723
-731
-251
-529
-1085
-152
637
716
-1065
-2066
-409
2340
3391
341
-2229
-998
1947
2598
-258
-1864
-239
2014
1734
-1306
-2821
-1693
545
721
-1427
-2684
-2209
-1002
-1184
-2075
-2043
-1393
-1487
-2284
-2357
-1936
-1128
-858
-1074
-967
-1298
-831
-504
-380
407
1067
1712
1053
386
1119
2490
3104
2628
2215
2717
3921
3781
2482
1758
2942
4651
4177
2292
1503
2482
3032
1914
682
778
1618
1820
472
-1178
-1807
-1347
-442
-736
-1648
-2135
-2367
-2672
-3117
-2923
-2261
-1684
-1549
-2050
-2812
-3018
-1749
-309
-72
-609
-543
-20
-157
46
899
2002
2116
1426
1234
981
1011
1371
2356
2955
2095
850
18
424
1143
1829
1351
249
-467
-680
-350
-985
-909
-767
-297
-586
-1934
-2573
-2824
-1225
-600
-831
-1661
-2027
-887
-982
-1299
-1811
-431
1465
1417
-469
-2417
-829
2030
3259
1051
-1267
-600
1365
2437
393
-1234
-397
1607
2125
-615
-2470
-1712
374
858
-980
-1908
-1750
-1233
-1343
-1654
-1207
-1125
-1475
-2013
-2134
-1890
-1205
-471
-782
-1289
-1321
-429
-208
-698
207
1560
2145
945
141
1234
2492
3445
3162
2604
2430
3003
3900
3639
2704
2540
3939
4313
2892
1246
1228
2457
2435
1529
346
-21
216
-48
-676
-1706
-1964
-1308
-1056
-1841
-3045
-3348
-2802
-2597
-2694
-2455
-2029
-2245
-3010
-2864
-1980
-1247
-871
-854
-648
-595
-501
-120
292
786
1364
1760
1276
779
875
1603
2050
2141
2485
2021
1112
481
1079
2147
1958
1322
651
109
-195
-209
283
60
-726
-829
-295
-767
-2570
-3003
-1474
451
-139
-2365
-3678
-3173
-755
250
-693
-2383
-2302
-280
719
-211
-1834
-1479
544
2447
1895
-748
-1713
-44
2649
2874
653
-584
153
2042
2042
431
-603
33
1492
1225
-106
-1056
-488
80
-324
-968
-1144
-554
-799
-1133
-1716
-1961
-963
-476
-576
-1621
-1795
-470
107
-342
-893
-163
824
1377
1383
1057
628
872
2596
3576
2953
1892
2024
2959
2718
2306
2656
2898
2595
1797
1643
1320
395
376
991
948
-210
-1195
-1497
-1781
-1962
-1308
-1136
-2475
-3491
-3052
-2256
-2541
-2842
-2317
-2339
-2909
-2567
-1550
-1341
-1870
-1460
-318
-259
-810
-312
833
1306
1345
1455
1386
1140
1608
2743
3132
2612
2429
2416
1830
1354
1938
3080
2810
1521
664
213
128
197
152
-36
-738
-1051
-1142
-2281
-3054
-3009
-1998
-1368
-2023
-2797
-3491
-3711
-3332
-2076
-1024
-986
-1969
-2537
-1753
-709
428
316
-272
272
1321
2203
1156
47
1150
3033
3917
2331
543
688
2193
3335
2611
1164
767
1471
1486
479
-282
250
1055
352
-827
-1654
-1331
-490
-636
-1050
-1747
-1660
-1075
-1185
-1432
-1580
-981
-349
-282
-449
-473
-198
338
1071
1316
1071
768
1290
1898
1706
1800
1985
2151
1655
1210
1805
1700
1297
959
955
792
-49
-278
-283
-549
-989
-1026
-1107
-1815
-2422
-2368
-2134
-2536
-2607
-2121
-1974
-2408
-2902
-2511
-1887
-1536
-1119
-980
-925
-654
-123
140
-52
520
1815
2395
1939
1388
1640
2238
2586
3127
3307
2874
2283
2247
2530
1960
1521
1713
2351
1758
209
-482
-637
-278
-472
-491
-1438
-2400
-2552
-2680
-2414
-3222
-2838
-2802
-2968
-3174
-3546
-3077
-3005
-1842
-1627
-1845
-2226
-1751
-433
-470
-126
277
1337
1368
782
1282
1806
2870
2985
2944
2642
2290
3047
3293
3246
2595
2565
2876
2470
2118
1510
1514
1523
1555
1083
-250
-626
-220
209
-444
-1331
-1314
-1305
-1725
-1983
-1805
-1546
-1381
-1525
-1870
-2317
-2016
-990
-592
-1044
-1176
-511
-203
-554
-669
136
728
735
574
208
197
223
923
1243
526
71
190
513
-119
-639
-368
54
-272
-903
-1110
-1239
-1242
-1209
-821
-1072
-1565
-1131
-646
-820
-1422
-1125
-80
104
99
299
386
243
355
1200
1595
1504
1559
1876
1716
1441
1564
1885
2124
1996
2269
1929
1100
844
925
1177
904
804
706
-138
-811
-915
-603
-821
-1453
-1446
-1359
-1599
-2309
-2692
-2431
-2073
-1750
-2035
-2172
-2435
-2245
-1872
-1559
-962
-1127
-835
-683
-149
104
-136
520
945
1769
2014
1680
1396
1589
2810
3184
2654
2068
2525
3246
2725
2057
1916
2363
2317
1784
1242
650
817
804
448
-287
-879
-525
-472
-780
-1609
-1825
-1286
-1501
-1986
-2151
-1587
-1566
-1822
-1336
-1483
-2221
-2106
-612
-305
-1429
-1118
-371
-421
-1056
-609
119
-357
85
611
233
-806
-533
772
376
-149
123
368
-320
-548
151
96
-265
-166
428
-89
-683
-219
49
-36
-157
308
271
-132
71
264
168
147
758
1002
337
-47
452
1142
993
680
574
687
969
892
767
460
700
1072
734
300
135
502
597
321
77
-138
-240
-105
17
-449
-735
-588
-301
-627
-1234
-1028
-539
-339
-709
-973
-1002
-799
-479
-335
-158
-247
-266
-24
148
274
297
507
654
711
1060
1111
905
684
1004
1457
1222
926
853
967
816
729
815
414
87
217
684
363
-390
-446
-456
-452
-376
-120
-469
-1299
-957
-236
-516
-1278
-1062
-206
-220
-762
-835
-716
-812
-494
80
-31
-685
-739
-198
-141
-508
-491
-101
-63
-226
-381
-603
-762
-588
9
79
-547
-864
-643
-323
-393
-519
-327
-301
-199
-123
-237
-387
-354
194
335
132
51
335
687
452
327
357
769
1048
883
698
403
672
974
903
650
416
657
782
586
257
23
173
351
447
54
-319
-196
-58
41
-347
-478
-256
-47
-46
-488
-430
-436
-301
19
10
-78
-456
-68
170
41
135
269
474
139
485
666
295
177
519
1058
554
483
617
304
269
669
1079
97
-374
542
879
164
-492
-3
54
-154
196
36
-670
-995
-28
41
-1083
-926
56
13
-1020
-834
-116
-509
-664
0
197
-614
-507
614
290
-755
-325
940
779
-279
-92
380
118
-74
364
441
-306
-214
245
-213
-949
-712
14
-379
-901
-864
-998
-1333
-1250
-727
-929
-1338
-1162
-928
-1170
-1337
-821
-562
-687
-550
-182
-192
-495
-142
505
771
710
736
881
897
1014
1045
1107
1378
1682
1545
944
672
826
1239
1417
1233
692
158
244
458
483
171
-60
12
-82
-301
-532
-554
-363
-206
-174
-378
-656
-719
-347
38
55
-37
-129
11
28
129
360
320
421
592
771
565
309
581
758
664
663
834
686
251
282
506
477
230
118
107
-240
-305
-138
-243
-712
-873
-375
-500
-1081
-1138
-777
-819
-1182
-956
-669
-730
-875
-797
-729
-724
-212
121
-155
-506
-79
563
432
276
656
1053
809
677
746
671
821
1217
1425
730
188
310
496
461
196
70
-249
-475
-445
-742
-1182
-1281
-915
-808
-1326
-1717
-1796
-1775
-1610
-1277
-1230
-1555
-1570
-1163
-913
-1095
-1031
-523
-69
110
-45
-179
71
583
1044
1027
828
1033
1352
1326
1162
1291
1476
1491
1479
1394
1177
927
1017
1205
1036
813
656
595
431
199
276
316
221
-5
-51
19
-112
-145
-212
-113
-63
4
-95
-375
-190
112
244
-153
-269
-54
64
178
234
248
-65
-40
273
303
-34
-20
420
268
-146
-138
135
-36
-392
-40
95
-283
-485
-379
-438
-830
-519
-145
-462
-930
-806
-575
-955
-990
-578
-373
-615
-572
-297
-745
-901
-83
554
136
-431
50
477
221
165
570
848
743
775
677
333
297
836
1150
673
285
323
380
166
13
47
-174
-228
-39
-296
-939
-1159
-778
-529
-613
-817
-950
-1078
-1165
-996
-756
-746
-946
-859
-611
-552
-686
-757
-490
-169
38
48
23
88
183
356
494
672
821
848
813
707
827
1017
1051
1002
972
1132
1102
1013
1001
967
944
966
958
743
619
566
651
656
483
257
142
213
174
25
-93
-53
-166
-347
-470
-389
-234
-368
-516
-648
-579
-494
-540
-610
-563
-169
-120
-497
-720
-532
-168
-93
-78
-95
-221
-335
-295
-175
-154
-77
21
56
-155
-367
-362
-286
-32
177
23
-350
-546
-458
-218
-63
-41
-106
-279
-297
-281
-319
-196
6
279
234
-27
-199
-123
255
484
512
318
249
279
221
234
380
566
500
302
112
27
140
307
320
72
-164
-108
-81
-199
-355
-294
-228
-344
-472
-619
-626
-586
-369
-374
-617
-747
-655
-382
-278
-286
-388
-423
-358
-184
-67
19
135
200
218
196
254
373
597
809
837
760
691
612
758
1003
1125
1009
834
809
749
652
647
806
842
724
531
285
64
73
195
205
64
-156
-322
-582
-652
-567
-480
-509
-689
-780
-925
-972
-806
-688
-713
-705
-561
-569
-758
-750
-472
-259
-151
-66
-195
-341
-260
113
340
268
263
278
316
296
338
343
340
512
531
303
-6
104
356
294
196
162
96
-99
-74
34
-16
-50
-36
-60
-255
-316
-228
-158
-135
-53
-89
-335
-345
-214
-66
-22
-37
-19
-125
-121
-12
27
12
40
193
219
51
-91
-101
91
325
382
133
-113
-23
142
225
131
49
119
106
-43
-202
-204
-29
69
-1
-134
-280
-248
-210
-211
-146
-120
-83
-152
-253
-288
-156
15
42
22
-5
75
92
103
184
282
428
481
437
331
373
473
485
474
512
604
479
272
243
412
464
260
37
-33
58
72
-29
-240
-376
-277
-183
-306
-550
-659
-520
-325
-397
-614
-749
-636
-355
-212
-326
-504
-459
-260
-60
-66
-186
-165
-59
98
149
95
32
101
345
423
294
147
243
402
345
296
313
320
265
211
139
104
107
159
120
-72
-95
-74
-62
-155
-205
-92
-72
-200
-337
-269
-218
-154
-94
-127
-219
-200
-39
-83
-139
-70
73
114
98
128
74
139
261
369
407
339
321
306
300
262
256
289
222
126
89
37
-63
-116
-123
-89
-174
-310
-397
-438
-411
-451
-519
-551
-536
-486
-497
-524
-479
-377
-256
-244
-192
-127
-44
80
82
119
205
370
492
531
482
474
601
709
720
611
605
623
625
523
375
344
328
302
166
58
-28
-110
-149
-181
-183
-290
-423
-446
-465
-493
-408
-353
-449
-531
-477
-395
-458
-445
-267
-121
-96
-165
-168
-117
17
244
337
220
133
302
437
366
271
348
519
479
303
157
146
275
369
338
95
-98
-47
4
-16
-136
-181
-180
-263
-361
-483
-555
-515
-375
-335
-461
-597
-557
-431
-354
-272
-171
-107
-160
-193
-97
25
102
251
402
364
215
231
446
611
634
636
601
481
458
565
609
481
367
374
360
175
-20
-48
-29
-32
-145
-299
-461
-513
-478
-492
-540
-571
-525
-568
-591
-557
-521
-482
-459
-396
-322
-236
-190
-158
-89
-40
102
244
268
249
278
388
408
398
417
509
563
507
400
408
455
397
401
286
162
115
73
9
-100
-133
-113
-91
-179
-333
-382
-302
-177
-196
-274
-264
-253
-139
-101
-92
-40
-50
21
73
95
101
153
275
317
282
226
229
319
389
405
354
273
226
196
206
202
138
115
63
1
-108
-271
-292
-239
-199
-313
-477
-516
-536
-586
-529
-397
-398
-508
-589
-538
-452
-370
-283
-203
-159
-169
-149
-108
-65
26
196
361
376
247
191
313
498
598
543
465
440
467
464
349
283
329
367
311
175
-47
-121
-51
44
-19
-236
-355
-354
-249
-370
-506
-483
-398
-370
-448
-452
-435
-379
-263
-167
-190
-216
-116
18
48
60
167
282
307
282
243
302
414
443
451
386
326
290
347
367
310
321
267
183
104
85
63
21
40
44
-22
-102
-195
-237
-151
-73
-32
-81
-220
-279
-139
-12
-17
-61
-69
-50
-35
19
33
51
139
226
243
166
19
76
268
325
260
116
22
22
115
97
2
-101
-140
-99
-163
-239
-334
-283
-207
-249
-319
-448
-496
-413
-291
-298
-408
-459
-396
-329
-304
-309
-300
-239
-130
-76
-95
-68
-15
136
253
266
240
247
289
344
401
417
388
319
316
332
350
332
293
226
201
214
135
62
16
-6
-18
-38
-105
-202
-249
-177
-108
-190
-272
-306
-314
-273
-253
-235
-221
-231
-223
-182
-120
-86
-54
-34
4
50
27
48
75
176
228
173
178
177
229
241
272
283
224
187
207
224
146
199
214
183
163
124
145
114
82
95
173
165
74
57
76
133
115
113
93
6
20
32
42
-23
-57
11
43
14
-49
-44
-43
-32
-37
-59
-57
-102
-146
-164
-142
-139
-206
-225
-228
-210
-227
-325
-355
-379
-326
-326
-346
-341
-369
-340
-329
-286
-285
-277
-225
-157
-149
-184
-126
-54
-5
19
33
34
4
55
152
168
183
158
126
171
209
269
303
277
319
307
267
263
275
308
297
293
210
155
131
154
174
119
96
39
-6
-26
-62
-77
-54
-79
-98
-117
-176
-170
-106
-60
-74
-122
-152
-149
-144
-120
-91
-117
-120
-88
-112
-149
-124
-53
15
15
8
35
18
28
121
198
181
140
150
198
234
180
171
194
180
196
167
138
102
129
205
186
107
47
80
171
195
120
79
56
96
110
45
46
44
35
-9
-23
-4
-37
-28
-60
-69
-108
-169
-140
-152
-171
-222
-234
-269
-290
-256
-217
-202
-258
-285
-313
-314
-302
-251
-241
-224
-258
-316
-300
-248
-162
-205
-200
-164
-156
-152
-155
-105
-34
35
64
15
-14
16
103
188
210
179
102
141
169
169
196
207
221
193
185
206
227
224
252
278
247
202
158
168
202
259
250
145
58
26
63
111
64
5
0
-22
-22
-35
-78
-95
-37
-53
-96
-126
-181
-141
-88
-46
-63
-86
-70
-65
-63
-9
-46
-88
-60
-47
-1
-22
-17
-15
47
87
65
57
76
124
161
198
194
208
217
240
227
180
175
195
217
240
200
186
173
124
101
71
96
84
61
9
-12
-65
-114
-94
-124
-149
-223
-246
-278
-339
-331
-326
-285
-269
-339
-395
-403
-383
-390
-373
-359
-348
-314
-288
-244
-261
-243
-185
-145
-117
-94
-84
-58
27
67
75
47
32
23
41
131
152
137
132
116
138
115
86
107
107
129
140
154
135
73
108
156
187
208
193
219
187
184
199
180
209
212
227
209
221
196
146
146
161
176
151
158
115
53
53
21
-26
-44
-27
-27
-50
-94
-163
-179
-174
-170
-213
-224
-183
-169
-144
-148
-162
-151
-143
-117
-108
-95
-54
-19
-2
-16
44
82
134
155
116
123
153
222
234
277
262
224
215
240
250
213
216
202
203
133
59
35
41
31
13
-38
-130
-162
-190
-174
-177
-189
-183
-248
-312
-322
-345
-352
-289
-219
-251
-310
-339
-364
-320
-270
-215
-168
-199
-240
-216
-170
-143
-131
-75
-30
-67
-64
-6
25
28
54
63
39
21
19
25
57
85
93
76
55
79
93
109
147
177
180
172
151
176
192
198
245
265
258
232
221
212
192
212
231
217
200
192
144
125
123
107
148
111
88
72
36
35
5
15
0
-13
-43
-110
-129
-97
-89
-118
-147
-174
-178
-187
-175
-171
-152
-137
-152
-145
-137
-145
-117
-41
-33
-35
-29
-25
-22
5
64
79
88
119
119
95
105
172
185
163
179
191
188
136
138
108
106
87
47
50
16
13
-15
-11
-76
-133
-123
-138
-166
-147
-109
-145
-217
-256
-263
-260
-251
-241
-241
-267
-257
-283
-300
-262
-203
-167
-126
-129
-142
-115
-115
-71
-20
-6
-3
16
18
7
-5
36
50
64
67
45
85
91
129
160
172
190
195
172
155
166
205
249
243
225
192
204
173
190
220
206
209
195
195
175
190
165
170
156
155
130
60
65
40
67
47
28
-4
-69
-126
-164
-126
-121
-110
-131
-167
-186
-216
-196
-189
-202
-203
-203
-219
-219
-212
-220
-134
-102
-94
-85
-123
-80
-48
-2
12
33
38
25
61
60
69
99
159
167
135
138
133
146
174
136
136
148
111
106
83
81
75
56
39
17
6
-6
-23
-53
-69
-104
-148
-126
-105
-127
-155
-139
-128
-139
-110
-97
-104
-119
-122
-129
-152
-141
-124
-113
-107
-69
-69
-62
-59
-69
-38
-48
-50
-44
-22
-15
-19
-7
4
11
25
35
60
53
36
66
73
103
121
120
114
132
156
142
157
160
155
177
173
165
144
130
175
165
130
152
152
118
113
126
133
126
111
81
53
19
-19
-40
-68
-44
-63
-98
-92
-132
-155
-174
-174
-155
-172
-181
-177
-184
-190
-161
-117
-107
-124
-101
-78
-100
-72
-35
-53
-53
-42
-35
-31
-9
24
15
48
49
65
76
67
88
73
103
88
89
85
74
77
85
86
62
63
54
58
-6
10
16
-3
10
-18
-28
-63
-26
-35
-40
-41
-44
-42
-73
-59
-38
-38
-36
-53
-76
-41
-37
-26
-11
-11
-56
-67
-51
-47
-50
-42
-11
-40
-13
-16
-9
-16
-13
-6
13
27
-22
21
26
25
33
14
28
49
42
57
47
74
80
70
67
20
41
43
70
51
50
47
45
87
55
53
73
51
42
34
36
69
16
21
3
5
10
-34
-10
-26
20
27
0
-15
-33
-22
-20
-16
-33
0
-2
-41
-26
-70
-87
-81
-69
-51
-100
-73
-63
-105
-101
-78
-57
-39
-32
-30
-24
-23
7
10
10
58
35
10
31
28
47
50
58
72
53
59
66
65
77
63
25
56
42
16
40
16
23
4
-8
-7
-26
-19
-28
-38
-43
-52
-52
-46
-43
-51
-65
-47
-66
-69
-69
-101
-80
-43
-67
-88
-78
-56
-42
-35
10
-21
-7
10
-2
-6
-7
29
63
62
31
66
64
47
62
65
49
53
46
50
44
19
29
32
53
32
15
14
46
56
41
47
23
29
32
19
44
42
29
16
-10
21
37
13
-2
-1
-2
0
16
1
-17
-28
-12
0
-12
-3
-18
-28
-22
-17
-10
-9
-25
-46
-51
-76
-42
-33
-66
-46
-27
-25
-45
-23
-13
-12
-25
3
24
6
41
2
23
27
6
25
15
29
-1
-18
-7
-15
-4
5
0
13
18
3
-15
15
10
0
54
73
53
16
-13
-9
3
-18
-13
-26
-32
-26
-8
-16
-41
-36
-33
-13
-38
-53
-78
-38
-42
-64
-21
-32
-14
-28
-27
-16
-23
3
-7
-13
-4
-2
10
-7
-17
16
13
25
15
-6
34
22
4
19
24
38
55
47
32
32
22
28
57
52
30
35
42
47
39
48
60
44
54
42
30
27
6
9
-12
-16
-4
-15
14
3
-17
-23
-20
-8
-10
16
24
10
3
-2
-6
10
1
7
-5
-26
-4
-9
6
10
18
19
-10
-4
-31
-40
-19
-30
-46
-38
-19
-26
-5
-23
-31
-18
-18
-19
-16
-6
-6
1
0
15
-13
1
21
20
9
-10
-28
-38
5
-3
-4
-19
-42
-29
-3
-3
-3
-15
-12
-7
-18
-1
-15
0
-14
-23
-5
-12
-32
-18
-3
-6
0
-24
-28
-31
-28
-48
-31
-21
-18
-1
-2
1
-9
-4
-28
-22
-9
0
-4
0
45
65
50
42
58
51
60
63
34
34
53
57
59
48
33
48
85
62
27
43
59
53
48
45
0
-25
-14
9
-23
-19
8
-16
10
22
-25
-22
-1
-10
0
-18
-29
-25
4
-16
-27
1
-4
-7
-9
32
-3
-13
-14
-22
0
-12
-12
-38
3
41
16
20
28
5
-12
0
10
-3
2
-2
-23
-10
-38
-46
-41
-19
-20
-54
-25
-45
-50
-42
-28
-24
-54
-20
-13
2
-7
-1
18
-9
-3
10
-4
-35
-24
-4
9
11
6
-18
-27
-16
-26
-38
-24
-32
-12
-1
-32
-14
-10
-10
-22
-9
-23
-32
12
16
10
11
23
44
43
23
24
14
13
5
16
37
13
16
26
38
31
19
19
62
45
31
20
-23
31
45
25
7
45
54
17
20
-3
15
10
30
64
47
50
22
19
26
21
41
42
57
40
19
30
4
-16
-18
-11
-10
-14
-33
-49
-31
-12
-11
-25
-21
-21
-23
-44
-51
-40
-52
-36
-29
-56
-57
-59
-74
-38
-11
-8
-38
-24
7
-17
-13
-22
-19
-9
-7
-12
-23
35
49
12
23
2
-9
-10
17
21
-34
-16
-12
-20
-21
-21
-22
4
11
-27
-10
-29
-55
-47
-38
-23
-26
-21
-18
-49
-27
-26
-22
7
1
15
28
37
28
5
21
54
21
2
22
28
29
13
29
25
27
35
41
60
53
51
58
70
39
32
50
57
40
20
28
6
17
21
22
5
4
10
16
37
18
24
-5
8
19
-13
-3
13
12
-12
-1
-8
-42
-62
-35
-15
-23
-23
-31
-32
-31
-15
-22
-25
-7
6
9
-9
-18
3
13
-12
-19
-28
-20
-19
-46
-26
-21
-22
-16
-13
-18
-24
-12
-6
-5
-15
0
3
12
10
3
58
32
-12
7
9
0
1
0
-39
-51
-27
-22
-28
-20
-25
-39
-19
0
-7
-16
8
17
6
24
12
17
13
2
7
-7
-6
-30
-6
19
-11
-22
-5
9
-25
-48
-20
13
0
24
35
0
14
30
-6
-31
3
22
20
19
17
4
19
22
4
3
8
29
38
22
15
9
4
24
29
42
33
34
27
6
12
22
29
14
13
36
45
48
30
28
21
4
17
-7
-10
-7
-18
-40
-16
0
-24
-9
-9
-19
-5
28
0
-7
10
-7
3
-8
-26
-19
-9
-5
-26
-27
-13
-35
-35
-49
-64
-60
-33
-15
-35
-45
-38
-24
-3
-33
-41
11
4
2
-14
-19
-13
-4
0
-4
29
3
-14
-11
38
49
41
25
-3
4
3
17
-13
5
2
-5
12
7
-13
-27
6
1
9
5
3
9
9
6
-22
-9
-16
-17
-2
-7
-25
-25
-10
-9
-12
-19
-19
-14
8
11
-19
-32
0
13
-1
13
0
11
35
32
28
12
34
38
35
47
28
26
32
53
54
48
52
42
31
29
30
30
3
-3
10
8
22
-1
4
14
3
9
-15
-4
13
-4
10
5
-3
-13
-18
7
-6
-22
-11
-8
-22
-47
-45
-10
-9
-8
5
-6
-11
-26
-19
-13
-25
-17
-31
-26
-38
-43
-15
-41
-53
-38
-31
-20
-19
-40
-29
-7
24
5
-18
-4
-1
1
-9
-14
-32
-14
7
9
-2
1
-3
-1
11
13
24
13
26
4
-18
7
26
14
0
3
23
13
-12
3
28
22
0
1
-21
-8
11
0
-5
17
7
-3
13
-6
-8
-3
7
-6
8
8
-2
25
13
-8
-2
0
4
-1
7
18
12
13
19
25
14
32
40
36
25
31
37
32
28
31
36
17
49
41
27
17
10
-4
-3
7
-8
1
-22
-22
-38
-32
-35
-38
-30
-33
-24
-25
-9
-16
-10
-6
0
4
6
12
-5
0
-7
-27
-33
-28
-6
-38
-27
-28
-44
-10
-36
-33
-22
-27
-48
-49
-37
-37
-16
-18
-17
-30
-25
6
10
2
30
26
0
-1
19
13
3
34
31
32
44
39
44
48
28
9
23
34
16
21
28
22
18
12
23
4
-4
-2
-14
-13
-30
-21
-6
-12
-18
-17
-23
-37
-16
-9
-1
-3
-16
4
-16
-39
-25
-12
-26
-10
7
-14
-25
-31
-2
-7
-3
2
-12
13
26
21
37
52
42
28
31
60
67
51
33
44
52
31
19
6
15
15
4
28
30
19
3
10
32
12
2
6
9
1
11
15
2
-2
-22
-42
-34
-42
-55
-51
-48
-40
-51
-36
-25
-24
-19
-28
-27
-27
-32
-25
-10
-3
-4
-11
-13
-9
-4
-7
-15
-26
-29
-39
-44
-26
-28
-35
-25
-14
-17
-16
-3
7
4
17
36
31
17
23
25
23
37
20
10
29
36
19
17
10
15
16
7
3
-11
19
38
28
23
38
24
17
13
0
8
-4
-3
3
0
-19
-23
-18
-19
-17
-28
-22
-6
-25
-39
-17
3
16
26
28
19
13
22
19
19
28
35
47
16
5
3
-5
5
-1
0
-9
12
21
1
13
12
27
16
12
30
-1
2
6
2
4
2
-7
-17
-16
-14
-6
-10
4
-12
-28
-30
-21
-32
-50
-49
-35
-20
-15
-4
-15
-13
-25
-28
-29
-11
-14
-30
-9
-31
-19
0
-2
-7
-3
1
7
5
-3
6
5
13
-1
5
6
18
40
19
15
15
8
4
10
19
8
19
16
0
-2
-4
2
4
0
-9
-13
-11
-1
-8
8
2
-24
-11
-11
-4
5
-2
-17
-7
-5
-5
-16
-7
8
-5
6
13
30
1
8
20
10
2
1
23
15
11
-3
5
4
18
22
16
35
21
9
25
26
-7
28
29
8
-4
4
16
11
20
-1
-17
-4
13
-16
-16
-14
-35
-22
-15
-36
-43
-22
-18
-38
-22
-10
-21
-16
2
-4
-10
2
-11
-12
-12
0
-2
3
19
18
7
23
56
28
14
23
19
32
33
9
13
6
-7
1
-10
-11
-6
7
3
-13
-17
-11
-34
-38
2
5
-3
-26
-20
-15
-18
-15
-27
-31
-6
3
-10
10
-6
-21
-26
-6
-21
-27
9
-20
-16
-20
-16
1
22
19
-19
2
13
11
6
18
38
29
19
37
34
23
27
29
22
25
16
-6
5
-13
-13
11
7
-10
-24
-25
-14
-4
1
-3
0
5
-9
-7
-11
-2
10
2
10
-14
-21
-22
-53
-20
-18
-19
-1
-20
-21
-19
-9
20
31
20
20
19
29
19
15
22
32
48
29
37
36
25
21
35
44
36
34
38
44
22
12
3
0
-4
-3
12
21
12
10
3
-7
-15
-34
-41
-20
-13
-34
-29
-44
-39
-32
-28
-25
-30
-29
-50
-42
-42
-32
-21
-9
-8
-16
-18
-31
-19
-32
-41
-37
-39
-39
-30
-17
-28
-23
-29
-31
-8
10
10
15
25
27
22
35
42
29
31
27
22
4
13
21
12
14
21
19
7
19
20
23
7
9
6
7
2
-3
3
-12
-12
16
18
17
37
29
38
29
35
29
14
15
25
14
10
16
4
10
-26
-13
-8
-10
-6
-16
-20
-44
-45
-28
-27
-28
-27
-25
-13
-13
16
13
-2
6
19
26
11
-1
9
26
31
35
11
15
22
28
26
14
0
-3
17
2
-15
-36
-36
-47
-42
-42
-37
-10
-36
-28
-20
-19
3
7
-3
-6
-7
-5
-3
4
4
-5
-11
-27
0
11
13
10
0
16
-6
-5
24
16
10
3
2
-1
-10
-1
-19
-25
-43
-35
-21
-4
5
-18
-4
16
-10
0
31
-3
23
10
11
3
1
19
-4
33
41
46
32
51
31
-14
10
9
6
9
-5
-15
-29
-13
6
-23
-3
-9
-50
-14
-4
-37
-3
3
-19
-30
-19
2
-15
3
7
6
12
5
-3
-6
7
10
13
7
1
-4
-6
6
12
3
3
21
16
3
11
11
14
18
1
-3
3
2
0
10
9
19
22
11
9
-3
25
13
7
29
13
24
28
25
26
8
9
6
21
13
5
16
12
4
-15
0
-3
-14
-28
-4
-6
-32
-39
-49
-43
-70
-44
-41
-51
-47
-63
-51
-34
-39
-19
-4
-29
-46
-16
-2
-27
-7
-8
12
16
7
6
-9
-10
-10
0
2
19
17
2
0
-2
-3
5
5
4
15
19
-9
1
9
-6
13
17
28
21
16
26
29
31
35
30
31
39
27
19
48
44
14
30
46
38
9
13
10
12
13
12
10
8
12
1
-13
-14
4
-18
2
-3
-11
-3
-24
-17
-18
4
-6
-12
-4
-9
-15
-12
-6
-6
12
22
34
5
-4
7
-8
-7
-24
-22
-14
-15
-16
-33
-19
-12
-29
-24
-9
-16
-37
-57
-33
-26
-22
1
-7
-3
-2
-7
-7
-16
-12
-2
12
25
6
0
-1
-4
12
16
10
2
9
4
12
10
-5
-4
3
12
-3
17
19
-13
-19
-9
15
2
11
8
-2
11
5
0
-9
7
9
20
-1
3
-1
-10
2
-16
-11
-15
6
-10
-7
-9
-24
-3
-15
-12
-12
-4
7
-9
3
9
-2
13
9
-6
-18
7
11
6
20
30
21
-5
14
35
49
36
14
18
23
7
12
15
22
25
20
25
11
26
6
19
19
-7
18
15
12
28
15
-11
4
-3
-5
-4
4
2
-8
-5
3
4
-9
-9
-8
-2
-12
-19
-30
-29
-28
-40
-45
-23
-19
-22
-13
-35
-38
-41
-35
-59
-37
-42
-68
-30
-23
-1
-27
-11
-5
-19
1
10
15
-10
6
6
6
7
7
17
-1
22
7
-6
15
-9
-13
2
-9
-22
-9
0
-24
-13
9
-1
10
22
38
41
49
46
32
52
50
57
48
45
29
7
7
10
12
0
-10
-12
0
-14
-2
-9
-8
-16
-19
7
-27
-35
-23
0
-12
-20
-10
6
1
-3
17
41
64
28
8
27
26
-12
2
8
14
4
-4
-6
-14
19
10
11
8
28
16
5
9
-2
17
8
13
23
16
-1
7
-6
-15
-6
-41
-42
-32
-41
-33
-14
-23
-22
-18
-20
-20
-6
-1
-15
-22
-42
-29
-21
-19
-5
6
-2
-15
1
-10
-18
-6
-3
-1
19
28
16
3
-5
-13
-3
-22
-21
6
-5
-16
-33
-19
-8
-12
-1
16
15
-5
-3
-12
0
7
-11
-8
7
7
-3
13
26
14
3
10
31
40
19
9
19
31
4
9
35
25
22
31
23
17
25
14
25
25
26
23
6
15
14
-8
3
14
12
-4
-38
-24
-41
-25
-9
-28
-31
-42
-19
-9
-20
-26
-29
-20
-26
-36
-6
-10
-12
-2
-11
-7
-19
-2
8
22
18
12
27
19
22
0
4
25
26
28
26
43
24
5
4
3
30
14
10
19
-3
-9
10
13
-13
-13
-11
3
-10
-15
-1
2
7
6
0
-9
-9
-7
12
-1
-3
-3
-1
11
-3
12
13
7
-9
-15
1
-20
-12
-8
-16
-10
-13
-1
-16
-16
-27
-31
5
-27
-50
-28
-22
-20
-22
-33
-25
-32
-35
-13
-9
-1
-12
-16
-13
-6
2
-9
-7
8
-10
-23
-19
-14
2
-16
3
3
6
23
7
28
17
11
30
54
48
53
75
57
29
26
60
61
36
22
48
34
7
24
26
37
5
0
9
-13
-5
0
-8
-15
-21
-29
-19
-11
-38
-22
-6
-26
-3
6
4
-15
0
10
5
10
23
26
0
10
-3
0
7
9
1
-10
-6
6
9
-6
-15
-36
-25
-31
-34
-13
7
9
-9
-3
4
2
10
16
7
14
25
16
-13
-15
-8
-27
-12
-22
-38
-26
-22
-23
-26
-30
-38
-38
-9
-7
-44
-43
-25
-45
-41
-13
-11
-16
-19
-22
-23
-3
9
12
20
18
22
23
27
6
11
23
-10
10
10
12
16
-6
-2
-4
12
22
22
35
28
29
23
15
35
23
22
10
16
50
14
15
34
23
8
-1
3
-15
-25
-14
3
-5
-9
1
3
31
26
16
29
30
28
22
15
25
19
12
34
33
21
13
18
-9
2
3
-15
-16
-35
-25
-21
-10
-15
-10
1
-12
-5
-4
-18
-19
-13
-29
-39
-22
-7
-13
-39
-47
-35
-28
-45
-41
-19
-24
-13
-23
-15
-18
-29
-13
-10
-19
-16
-2
4
16
11
15
26
25
-5
20
25
1
16
23
22
-1
-9
1
-4
-16
-12
-27
-18
-5
-6
-18
-26
-8
-14
-35
-25
4
3
12
12
2
10
16
17
31
39
31
18
18
15
0
3
-2
11
22
16
-4
-6
9
2
23
21
12
19
7
15
38
51
44
37
42
42
34
38
23
3
-13
-4
15
3
16
-9
-11
-9
-10
11
-10
-4
-12
-23
-11
-12
-13
-14
-13
-2
-11
-19
-15
-17
-29
-31
-18
-27
-9
-6
-9
-4
-8
-9
-7
10
10
27
26
9
-7
-9
5
-10
-14
-23
-23
-6
4
0
0
-1
-3
-5
0
-5
-9
-16
-12
-11
-22
-17
-35
-22
-22
-32
-27
-30
-19
-30
-28
-22
-20
-10
-9
-3
0
4
7
-6
7
18
0
12
26
22
24
8
26
26
6
28
31
11
-10
6
9
6
30
12
18
24
23
18
3
15
28
-3
-1
15
5
25
13
22
13
1
8
0
6
-3
7
12
3
-12
-7
8
-13
-13
10
-6
-15
-6
7
4
3
5
-12
12
20
12
9
31
59
44
39
55
49
34
32
28
9
13
7
-5
4
-9
-26
-38
-22
-39
-61
-48
-40
-49
-54
-35
-35
-27
-18
-24
-26
-27
-46
-62
-51
-35
-37
-27
-34
-35
-15
-23
-26
-19
-1
-5
-4
-10
-3
8
12
22
3
-3
-2
2
9
13
-3
10
11
6
18
11
16
4
18
22
22
18
15
25
15
12
11
9
10
20
0
-6
-7
-14
-15
4
-2
-26
-10
-6
20
37
29
33
38
36
12
26
42
38
39
28
32
23
28
14
9
24
3
-10
-6
7
-12
-9
-11
-6
-8
-23
-18
-19
-13
-27
-11
-11
-19
-25
-21
-3
-3
8
-12
-14
19
12
-6
4
9
4
7
8
-6
-3
-2
0
17
8
-4
-6
-13
-19
-32
-34
-12
2
-14
-12
3
23
4
0
35
15
32
18
-6
9
1
0
3
15
0
-8
-26
-35
-41
-42
-39
-53
-37
-25
-35
-35
-28
-21
-6
-8
4
-5
3
6
-6
7
-1
9
4
11
10
2
11
19
14
6
9
0
-6
-9
1
-1
-8
-14
1
19
-6
-6
7
3
-9
-8
9
-9
12
17
-4
10
1
-2
3
13
10
-5
0
12
18
-3
-6
25
36
34
41
49
38
25
35
26
23
32
24
47
54
39
33
39
39
35
37
19
18
10
3
-4
-8
-17
-23
-38
-31
-18
-37
-35
-35
-25
-21
-9
-9
-11
-10
-3
-23
-40
-21
-40
-42
-48
-45
-39
-32
-24
-22
-18
-36
-38
-41
-16
-25
-38
-1
-19
-39
-18
-9
-20
-28
-7
4
-13
-2
40
29
8
21
6
10
16
2
9
10
5
-3
0
3
-1
0
6
21
6
13
27
21
32
25
13
6
30
46
26
34
24
5
12
33
11
2
20
-2
0
2
-4
-15
-27
-19
-16
-19
-11
-21
-19
-10
0
-7
-11
25
16
-3
4
19
14
19
29
9
17
36
38
39
42
35
37
37
31
26
22
19
0
-1
10
17
9
2
-9
-12
-6
-12
-22
-27
-13
-34
-38
-38
-49
-34
-40
-39
-41
-35
-26
-11
-3
-4
-7
-13
-25
-29
-20
-26
-32
-42
-50
-32
-17
-23
-19
-29
-12
0
-10
-4
7
29
13
13
32
27
29
25
28
22
22
28
22
19
3
22
23
13
15
2
12
-7
0
9
-1
-3
-15
-7
-13
-17
-26
-13
11
5
2
3
-3
10
8
10
-2
-9
7
-9
-7
-15
-3
-3
-29
-21
8
9
-14
-1
-7
-10
-2
5
6
13
29
23
16
20
22
25
19
10
14
10
-2
13
35
15
14
20
22
31
9
10
10
9
17
12
28
15
1
21
19
10
-4
-3
-2
-15
-19
-41
-15
14
11
8
-3
-8
-8
-9
-17
-12
-19
-17
-7
-20
-30
-20
-15
-18
-10
-14
-25
-17
-15
-35
-30
-32
-21
-23
-25
-10
-17
-9
-24
-44
-22
-16
-25
-8
-8
0
-3
7
9
0
5
13
23
-5
4
16
7
5
-3
8
1
-17
6
9
6
-3
3
8
-9
3
0
-4
-21
9
7
3
26
-3
5
3
13
12
15
27
19
26
41
35
35
54
41
38
58
51
34
28
28
19
26
22
19
32
4
6
-10
-22
-17
-25
-10
-9
-19
-28
-51
-66
-48
-51
-17
-20
-29
-25
-22
4
-10
-4
-14
13
14
4
13
15
23
13
23
34
37
28
9
-2
16
8
-2
14
12
-9
-12
-10
-27
-24
-29
-35
-40
-51
-45
-27
-32
-32
-34
-35
-8
-15
-9
3
16
18
1
15
19
14
8
12
24
9
-4
1
0
0
0
-1
-10
-16
8
-15
-29
-5
-17
-6
5
-2
1
17
4
9
7
-7
2
-3
11
-4
-5
-1
-4
4
-9
-13
0
1
-13
-7
-11
-16
-11
16
11
6
19
5
12
9
10
-1
17
29
16
37
39
44
48
32
27
38
10
-16
4
19
6
10
12
13
21
-5
6
10
5
13
2
1
-6
-12
6
-4
-9
4
-3
-7
-2
9
6
-11
-17
-13
-19
-20
-13
-26
-22
3
-4
-22
-43
-36
-45
-43
-32
-54
-38
-52
-38
-31
-35
-32
-23
1
-4
8
17
32
22
28
34
16
25
27
51
25
-2
10
5
4
-2
2
-3
-20
-11
-2
0
-10
-20
-6
-10
-16
-3
14
12
9
13
40
43
54
34
9
28
13
21
12
6
0
-19
-16
-10
-25
-26
-19
-7
-13
-32
-6
-13
5
-1
1
5
7
35
34
32
10
3
1
7
0
7
-3
-12
-16
-18
-14
-33
-25
-38
-24
-22
-18
-21
-16
10
-6
2
10
9
10
12
10
28
21
46
48
18
34
27
32
12
22
15
3
-6
-30
-17
-33
-47
-24
-33
-37
-45
-32
-5
-30
-31
-16
5
1
0
8
22
19
23
34
10
22
12
19
21
4
10
7
4
1
23
34
10
10
16
7
5
2
22
24
19
15
1
-1
-7
-2
3
-17
-34
-33
-32
-46
-54
-33
-45
-42
-37
-23
-24
-51
-22
-6
-2
-28
-19
13
-16
-16
-6
10
25
13
35
36
20
45
29
40
20
-3
10
-10
0
-9
7
15
-12
-6
-1
3
-8
-9
-3
-10
6
4
8
15
26
27
20
48
45
38
22
8
-13
0
1
-7
-1
-19
-10
-19
-13
3
-13
-26
-15
-19
2
0
-6
3
-3
9
0
31
28
9
-6
3
18
2
-2
-2
9
-5
-7
3
-1
-16
-9
7
10
4
-27
-23
-3
-22
-6
0
-4
-5
-21
0
1
9
25
29
23
18
10
-9
-2
5
-3
3
10
11
-13
-19
-19
-32
-13
-18
-20
-19
-15
-15
-19
-20
-27
-24
-10
-6
-25
-21
-10
-13
1
0
0
7
3
7
-4
11
1
-8
9
13
6
1
6
4
18
25
18
4
19
14
17
30
12
16
2
13
-7
10
23
22
22
-19
6
-9
-7
-33
-53
-12
-13
3
-9
-2
7
6
15
-1
17
17
0
2
2
-2
-8
-12
7
-4
-14
-1
0
16
26
7
-1
19
14
29
28
31
19
3
25
26
28
26
24
12
19
32
37
19
22
10
-3
9
-12
-8
-22
-23
-29
-25
-18
-6
-23
-40
-30
-39
-29
-40
-31
-23
-20
-32
-49
-21
-22
-39
-34
-31
-6
-6
-22
-4
-19
-16
-18
-27
-9
-13
-17
-1
-14
3
14
-13
-10
-9
3
14
20
-10
1
6
-6
0
7
17
4
1
-6
9
8
15
0
13
16
7
22
1
18
18
9
19
23
4
8
20
23
18
29
24
31
50
38
51
18
49
45
30
48
28
41
21
21
15
13
26
28
18
3
-1
5
10
-6
7
7
-17
-24
-13
-18
-25
-16
-9
-17
-36
-25
-13
-27
-23
-28
-42
-35
-44
-54
-35
-27
-44
-43
-21
-15
-34
-18
-13
-31
-19
-20
-16
-19
-12
-22
-39
-13
-13
-30
2
11
-12
6
-12
-4
-21
-26
-23
-38
6
-1
1
7
10
3
16
31
18
22
10
28
42
6
18
51
31
38
57
57
36
23
19
16
24
16
16
13
12
32
50
18
-5
6
7
-7
5
19
8
5
9
22
32
18
12
9
7
22
7
-3
1
-1
-3
8
3
-16
-24
-48
-29
-25
-41
-41
-50
-35
-29
-33
-33
-22
-40
-36
-19
-36
-26
-32
-9
-13
-14
17
13
6
-3
7
-9
-7
0
-17
-14
-11
-19
-11
-15
-14
-2
-8
13
-2
10
25
27
23
23
28
5
25
33
25
-13
14
34
7
25
7
7
6
8
16
6
5
-3
0
6
1
10
13
16
8
4
15
17
22
12
26
28
14
23
19
6
12
13
13
4
6
10
-4
-3
7
12
-11
-33
-34
-34
-43
-31
-37
-46
-32
-45
-61
-44
-24
-35
-29
-45
-33
-12
-31
-17
-22
-6
6
-6
6
-5
-21
-9
-12
-15
-15
-23
6
3
-4
-3
-15
8
7
18
22
34
35
15
36
42
44
25
35
29
27
37
24
41
35
42
40
33
15
23
30
23
32
13
16
24
26
8
1
7
5
-5
-13
-13
1
0
-10
-9
-20
-13
-32
-22
-9
-16
-25
-36
-34
-43
-31
-10
-8
-22
-9
-3
-20
-27
-22
-25
-16
-6
-15
-14
-29
-17
-4
-10
-9
-7
3
4
-2
3
11
12
-7
9
29
7
4
2
9
15
17
38
6
-6
10
-7
4
-1
-10
-12
-14
-16
-6
7
9
27
7
-7
-3
-12
-3
-7
1
5
-3
5
-3
-1
-3
-8
-5
9
11
-4
18
36
40
16
15
28
2
-8
5
4
-4
-1
-10
-6
-2
-6
-1
-1
-2
-3
-16
-9
-3
-9
-9
-15
-1
5
7
5
22
34
16
27
20
19
35
6
8
3
-9
2
-1
0
-3
1
-1
3
10
2
8
-10
-16
-15
-25
-8
-26
-22
-7
-15
-2
-1
3
16
26
9
11
1
-6
-9
-6
-6
-14
-10
-45
-17
-11
-19
-12
-25
-19
-38
-28
-35
-61
-51
-58
-44
-21
-36
-14
0
-2
6
17
29
44
43
31
46
38
25
36
48
37
38
38
32
32
22
24
19
21
7
-13
-3
14
12
5
10
1
-10
0
10
-12
-12
12
0
0
3
-3
3
20
6
-17
3
-4
0
2
3
3
9
18
1
-2
4
7
-10
-19
-11
-8
-6
-10
-3
13
-2
1
-13
-14
-4
-18
-11
-20
-29
-47
-32
-26
-54
-48
-31
-35
-30
-23
-11
-10
-25
-14
-16
-10
-19
-32
-20
9
12
6
17
9
32
28
55
63
37
60
59
56
35
35
30
8
32
19
11
31
13
-2
-14
-4
11
-12
-20
-18
-9
-7
-26
-18
-12
9
4
-3
13
17
21
29
26
7
33
24
12
18
-16
10
3
-22
-15
-12
-9
-29
-26
-22
-41
-51
-52
-61
-54
-56
-50
-42
-26
-22
-27
-1
-20
-3
22
19
28
31
27
20
16
23
30
3
7
19
1
4
6
2
17
10
4
17
28
19
-4
-7
-12
-11
-11
-7
9
9
22
26
9
-2
9
7
16
22
16
36
16
10
0
-7
6
-15
-17
-33
-35
-13
-30
-16
1
-13
-12
-30
-29
-3
-8
-15
-13
3
5
-4
1
-5
-6
0
12
14
28
27
27
24
13
26
23
3
5
11
3
22
6
3
-9
-12
6
-4
17
10
0
-3
2
3
13
26
3
-4
2
7
0
-13
-8
-6
-22
-14
-17
-6
-17
-7
12
-27
-11
