-2
-12
-19
-12
6
-10
-2
23
33
26
20
31
26
20
28
41
44
37
41
35
9
1
8
12
6
15
17
7
4
3
5
-1
2
-9
-10
-3
-15
-12
-22
-41
-33
-38
-34
-25
-22
-10
-20
-19
-14
-18
-29
-20
-16
-34
-28
-24
-25
-29
-40
-18
-13
-22
-15
-15
-14
-20
-4
-2
-6
11
13
26
13
8
16
17
4
-13
23
32
28
21
18
25
12
20
31
41
34
41
54
47
35
15
15
19
13
10
23
9
3
0
-4
-17
-19
-11
-7
-19
-28
-20
-44
-20
-15
-34
-12
7
-5
-12
2
4
6
0
9
-7
-9
7
7
17
10
-17
-10
3
-3
0
5
22
17
12
25
17
1
-5
-8
-3
16
16
0
13
11
7
11
-1
7
2
13
12
7
9
5
7
-3
-7
-4
15
-2
-10
-14
-22
-26
-29
-13
-10
-13
-6
-13
-24
-9
-27
-17
-17
-16
-10
-23
-23
-37
-16
-15
-23
-28
-32
-35
-48
-51
-48
-47
-29
-7
-3
-6
-12
7
3
5
25
28
28
27
31
29
25
46
45
32
45
23
37
34
12
28
45
42
24
40
35
14
28
32
14
9
0
-8
4
-1
-2
0
2
-4
-13
13
17
17
10
-3
19
8
-6
0
9
6
9
17
3
-17
-9
7
-4
-3
-9
-5
-12
-17
-12
-9
7
-7
-16
-12
-10
-34
-34
-28
-44
-37
-23
-24
-26
-17
-19
-13
-14
-19
-17
-4
-1
1
9
-10
-21
-25
-7
10
3
-16
-10
-10
-13
-4
-6
-3
-14
-20
-10
6
3
21
10
16
22
8
16
12
6
4
25
11
-5
-19
-9
-9
3
11
-9
6
5
6
0
6
-1
0
12
13
12
12
9
16
12
4
12
9
9
5
12
19
5
-9
2
-3
5
10
3
1
-3
-9
-9
2
-15
-12
-1
2
3
9
8
9
26
16
19
51
43
19
28
39
41
32
44
39
12
11
8
1
0
3
0
-7
11
11
-1
3
-14
-17
-8
-5
-4
-27
-41
-43
-55
-41
-25
-40
-23
-24
-35
-23
-43
-33
-26
-29
-33
-37
-25
-25
-16
-32
-27
-24
-28
-16
-20
-19
-17
-13
-21
-5
-2
-4
3
-6
-9
-13
11
10
10
5
8
10
-7
19
3
7
18
11
32
13
18
21
10
28
19
29
24
27
25
25
23
14
27
20
29
15
25
26
17
32
26
16
4
-3
-1
3
7
14
-15
-10
9
6
2
2
12
7
-1
8
12
9
19
25
39
29
15
6
15
7
-10
7
-3
0
1
3
-9
-16
1
-8
-6
-2
0
-9
-16
-16
-20
-31
-35
-24
-29
-40
-32
-28
-16
-14
-25
-5
-12
-25
-25
-23
-19
-25
-23
-35
-39
-17
-35
-41
-34
-22
-19
-39
-20
-17
-15
-32
-33
-9
-3
1
-2
6
0
6
4
7
-2
3
22
23
22
12
22
10
13
21
30
29
21
23
31
57
57
51
51
53
52
52
55
47
39
40
35
48
28
20
36
17
17
4
1
1
-5
-7
-5
-3
-4
4
-3
-7
-2
-10
-22
-29
-19
-13
-40
-24
-14
-26
-23
-22
-19
-19
-28
-20
-21
-38
-26
-21
-18
-22
-8
-22
-30
-10
-32
-26
-13
-26
-17
-16
-20
-5
-21
-23
-22
-22
-1
3
-3
-10
-1
-14
-18
-13
0
-6
-15
5
9
0
3
5
7
17
-9
10
24
25
32
37
64
53
43
41
37
33
48
26
16
16
17
23
-8
6
10
1
-5
9
20
3
6
1
7
-13
-14
16
18
9
25
24
12
13
-2
8
-9
-12
-6
-9
-6
-28
-46
-31
-34
-49
-41
-43
-42
-31
-28
-30
-23
-25
-18
-12
-19
-4
-1
-4
6
19
16
35
34
22
23
19
31
48
44
42
39
15
6
3
-1
3
1
-3
1
-6
-7
-17
-19
0
-4
-6
-10
-13
-12
-13
-13
-20
-17
-14
-19
-15
-22
-19
-22
-26
-28
-28
-9
-9
-19
-14
-8
-21
2
1
-12
-3
0
17
5
25
26
6
0
9
6
-1
19
19
28
26
26
28
36
43
36
42
28
19
19
16
14
-3
-1
3
-4
-4
-15
-10
-17
-26
-15
-12
-12
-12
-19
-13
-9
-24
-18
-5
-11
-5
5
0
-3
-13
-7
2
0
5
3
-5
1
10
1
13
14
19
29
28
31
28
27
0
3
6
4
-2
-15
9
-15
-22
-21
-22
-19
-29
-26
-23
-4
7
-12
-9
13
-12
-14
-6
0
10
-2
7
5
1
10
15
10
16
14
14
16
3
-8
-1
-12
-18
-13
-13
-20
-38
-28
-24
-9
-12
-22
-24
-25
-9
-3
-15
-12
-1
3
9
11
18
18
10
14
13
10
10
-15
-13
-12
-29
-7
16
-8
-13
12
-1
16
19
18
22
15
15
15
31
31
36
31
29
19
-5
2
6
2
11
-5
1
0
5
9
-7
6
0
3
1
9
15
19
21
19
23
27
38
16
22
4
-13
-10
-14
-28
-38
-36
-44
-38
-54
-47
-38
-45
-27
-35
-51
-48
-37
-23
-16
-7
-6
6
10
14
28
16
3
16
19
14
19
6
2
12
1
6
19
4
-3
3
15
-10
-20
7
-6
-8
-12
-9
-1
9
0
-3
8
6
19
26
28
6
11
4
12
18
-2
1
-3
-7
-18
-3
-4
-1
-8
-9
9
1
7
6
3
10
3
15
30
25
30
12
14
7
-1
8
3
-11
-16
-10
-34
-13
-19
-15
-6
-17
-5
-12
-5
-1
18
11
23
28
18
20
7
26
22
14
33
30
18
2
-11
-16
-31
-35
-24
-16
-39
-45
-49
-52
-38
-40
-39
-34
-23
-9
6
3
3
7
13
4
17
23
-1
20
21
10
6
-4
0
-6
-12
-14
-10
-3
-19
-19
-13
-16
-12
-4
3
0
4
19
19
31
32
30
44
49
50
38
42
23
20
31
20
30
13
6
2
4
-6
-19
-11
-12
-7
-17
-8
-6
-15
-3
4
3
6
-1
-3
3
-10
-19
-16
-8
-18
-33
-22
-28
-35
-19
-34
-28
-15
-4
-18
-10
-2
-23
-5
-13
-22
-11
14
12
2
9
14
3
11
25
4
15
22
35
15
6
16
-6
11
13
8
11
16
14
3
14
3
-16
-7
-6
-14
-7
-10
-15
-29
-17
-1
-13
17
12
5
16
12
3
-2
6
4
-9
-11
6
6
-5
0
7
13
8
-3
15
9
-7
7
10
3
-4
2
9
13
-10
-13
-17
-16
6
-2
1
-3
3
-6
-19
-3
13
10
2
4
4
9
-12
0
-10
-8
4
-9
9
-13
-8
16
16
0
-2
-3
-15
-3
10
5
6
-1
-10
-6
-15
-1
-11
-16
-8
-4
14
-2
-23
-28
-7
-9
-21
-12
-16
-28
-25
-13
-15
-17
-23
-14
-16
-14
-10
-16
-9
-19
-12
-3
3
2
6
19
19
32
32
26
25
30
35
42
48
48
52
42
39
47
46
40
40
49
39
35
36
13
-2
1
9
10
-4
-2
2
-1
0
-9
-13
-3
-8
-12
-4
-5
-9
-23
-24
-23
-30
-34
-37
-46
-28
-16
-26
-26
-37
-43
-35
-18
-19
-29
-34
-25
-31
-41
-29
-32
-28
-25
-32
-19
0
0
-3
3
-3
-3
-9
9
15
7
19
4
16
13
2
20
25
12
5
7
-3
0
3
-3
9
7
-5
3
-2
1
3
1
-6
1
6
13
28
19
16
23
28
20
23
18
29
25
33
45
27
44
47
52
56
79
55
29
22
10
13
2
11
-3
-7
-13
-21
-18
-18
-42
-54
-38
-33
-32
-34
-25
-24
-32
-22
-10
-19
-13
-4
3
9
5
-16
-16
-6
-20
-22
-25
-28
-32
-22
-19
-8
-4
-11
-11
-17
-25
-26
-31
-44
-34
-22
-28
-44
-23
-17
-12
-9
-9
11
15
32
21
28
32
27
29
25
35
38
35
18
20
25
33
23
25
34
12
1
13
25
3
2
18
-1
2
4
-1
-1
-9
-9
1
4
-9
-11
-2
21
24
11
19
9
0
20
7
1
15
8
1
-4
0
-10
4
6
-11
-27
-22
-6
-24
-22
-12
4
9
21
13
5
17
4
-2
9
-2
-13
9
1
-3
-7
2
6
-11
-8
-6
-16
-16
-8
-15
-6
-6
-9
-6
-11
-13
-11
-23
-41
-41
-40
-24
-41
-36
-14
-24
-14
-8
9
6
6
20
22
18
18
22
22
21
16
6
15
20
17
34
18
19
4
2
10
0
17
16
9
1
33
23
19
29
12
14
-9
1
-10
-29
-21
-23
-21
-22
-19
-29
-27
-19
-27
-17
-10
-17
-8
-10
-19
-8
-4
8
15
12
14
3
26
31
19
29
24
29
32
23
17
10
12
12
19
21
9
2
-13
-3
3
-6
-8
-13
-10
-12
-25
-10
6
-7
11
6
3
19
13
4
9
14
5
-2
9
6
-18
-10
-5
0
0
-6
-21
-9
7
-9
-13
-9
-1
-18
-28
-10
-22
-36
-31
-38
-32
-29
-28
-20
-13
-12
-25
-11
-19
-11
1
10
16
0
29
22
29
30
15
23
25
13
-2
4
-3
3
1
-3
3
12
6
-4
5
4
1
7
4
2
-12
-10
18
9
1
8
10
8
7
10
2
14
17
7
16
22
33
25
7
21
17
3
-1
0
-10
-19
-14
6
-2
-22
-20
-24
-22
-25
-9
11
20
7
13
23
18
18
9
11
7
1
-6
-6
-25
-37
-39
-38
-23
-18
-20
-32
-31
-19
-25
-15
-2
-16
-6
2
2
-16
-4
4
-2
13
15
3
6
27
18
25
22
23
33
37
32
31
28
9
23
2
1
-6
-15
-3
2
1
-11
-10
-12
-9
-2
16
29
32
16
15
19
9
2
13
9
3
12
-9
-4
-24
-30
-25
-23
-16
-22
-12
-25
-31
-23
-9
-23
-37
-9
-19
-30
-15
-8
-6
-27
-27
-9
-20
-19
-2
-3
-19
-23
-6
-27
-31
-17
-13
-13
-28
-17
3
20
13
-8
10
31
16
24
35
36
38
44
48
42
41
46
46
55
78
79
63
28
49
25
6
47
28
28
5
7
20
0
-7
-3
3
-10
-3
2
-2
-9
-14
-7
-18
-35
-30
-28
-21
-37
-35
-21
-51
-69
-60
-41
-39
-53
-51
-18
-19
-30
-26
-8
-10
-33
-20
-15
-20
-21
-12
0
-12
-21
-28
-22
-15
-32
-16
5
11
5
10
13
16
21
6
21
33
29
23
28
36
35
33
28
39
32
11
28
38
23
24
11
18
8
2
19
3
0
3
15
19
22
41
37
13
16
21
17
1
-2
1
-1
-3
-12
0
-3
-13
-2
-7
-13
-15
-18
-6
0
-9
-8
-7
-3
-12
-29
-16
-19
-22
-30
-29
-6
-25
-9
-9
-14
-10
-41
-28
-1
-9
-33
-21
3
-26
-34
-13
-3
-10
-27
5
16
-14
-14
-3
-1
-1
-9
1
2
-13
-16
-4
13
-5
-15
-14
10
4
-12
15
18
21
26
48
47
42
38
37
48
54
41
34
47
19
14
35
29
22
31
16
-6
6
-1
-12
-3
-19
-7
6
-4
-9
-28
-23
-17
-16
-15
-9
-8
-7
4
-3
2
-2
-5
-9
-28
-26
-21
-7
0
-1
-1
-2
-2
-19
-21
-23
-32
-9
-3
-9
0
-5
-6
-8
-3
-1
-4
12
6
-4
5
9
6
7
20
39
20
-9
9
12
2
13
0
19
16
-16
-4
2
-10
-16
-2
-6
-9
2
-10
-3
4
-19
-16
13
8
-10
2
5
-4
-16
2
6
-22
-15
-19
-3
-3
-23
-15
-2
6
-10
-8
-2
-16
-9
-3
-1
12
5
0
4
7
-4
-15
2
-6
-3
15
1
10
20
17
28
26
23
15
0
19
35
9
15
35
6
-3
10
0
3
7
16
19
20
19
4
23
19
18
33
20
8
3
9
7
7
31
22
7
-3
5
6
-9
6
11
4
-8
0
-6
-19
-24
-55
-55
-63
-69
-56
-46
-42
-65
-69
-50
-51
-57
-47
-44
-20
-16
-12
-13
-7
6
-9
5
-3
-2
16
12
25
24
19
38
16
4
4
1
3
9
25
22
26
19
16
26
41
35
19
25
25
35
41
38
43
51
33
15
10
19
7
-2
16
-1
-6
-11
-17
-4
-15
-19
-28
-16
-6
-18
-2
-4
-2
-4
4
6
-8
-8
5
12
-5
12
27
32
20
0
10
-3
-17
-10
0
-7
-35
-25
-16
-25
-25
-15
-17
-26
-25
-27
-10
-13
-16
-22
-9
0
-7
-12
-13
9
-9
-4
8
6
4
13
3
-2
4
3
9
0
6
3
7
-8
-16
-3
-5
-5
-16
1
7
4
8
5
7
7
-1
18
35
8
0
18
9
-3
12
18
30
21
3
3
-3
0
-7
16
26
12
7
7
10
-3
-10
2
2
-19
-9
-2
-18
-20
-25
-30
-19
-23
-21
-30
-10
-3
-28
-9
-10
-16
-12
-20
-16
-13
-6
-5
-10
17
18
28
36
25
34
32
44
31
31
38
31
32
37
32
27
27
22
25
14
10
-3
7
-12
-22
-5
1
7
-12
-5
-3
-13
-20
-13
-20
-45
-40
-19
-22
-41
-40
-30
-41
-38
-36
-21
-19
-32
-19
-14
-1
8
17
21
9
9
-4
7
21
15
8
6
30
29
8
7
12
6
-5
-4
-13
-11
-3
-13
-4
-12
-23
-8
-13
-9
-16
-1
16
-7
-13
3
22
-9
-15
9
13
7
18
21
-8
8
15
29
36
25
19
15
32
15
11
-3
-8
14
-2
-18
1
8
-11
-6
-6
-3
10
16
12
10
13
-4
-11
2
4
-11
2
13
-13
-1
9
-8
-25
-3
6
-9
-13
-19
-10
-13
-11
-13
16
21
-10
-3
10
13
3
19
15
8
18
21
22
8
19
35
17
7
19
18
5
-19
-13
-19
-34
-32
-21
7
-13
-33
-21
-24
-25
-29
-23
-14
-28
-19
-23
-33
-17
-18
-15
-13
-10
-1
-3
-4
-7
-3
-2
-13
-15
-3
3
-17
2
1
1
11
-8
0
-9
9
22
9
13
25
22
24
27
16
19
14
9
5
4
15
19
12
18
16
18
18
11
15
17
-1
12
24
6
0
0
4
2
-3
-5
-6
-6
-5
-23
-21
-3
-7
-23
-21
-12
-20
-11
3
6
0
13
9
5
6
1
10
24
28
20
20
32
22
15
30
29
31
19
26
8
-2
-8
-16
7
-17
-18
-15
-27
-31
-41
-44
-22
-28
-38
-39
-32
-33
-46
-12
-7
-10
-20
-13
-21
-35
-16
-13
-11
-13
0
2
-4
-9
-13
-18
-20
-11
4
1
-6
-4
-10
13
20
12
15
16
23
34
29
17
48
69
59
49
53
55
28
16
34
38
37
16
8
25
28
3
-10
5
-10
-25
-21
-13
-19
-32
-22
-22
-26
-13
-19
-15
-13
-34
-45
-25
-22
-47
-32
-19
-19
-16
-9
-2
-11
3
4
-4
0
-5
4
6
1
5
12
12
12
14
28
25
11
25
33
32
18
33
38
32
38
32
9
14
21
8
2
0
5
6
5
6
5
-6
2
0
-6
-19
-18
-18
-38
-44
-38
-19
-46
-43
-34
-33
-37
-40
-14
-18
-26
-29
-32
-12
-11
-50
-28
-10
-8
2
1
13
0
-11
3
29
32
0
0
28
13
0
26
42
3
7
13
9
25
16
14
27
37
0
20
37
8
9
35
37
4
20
42
19
11
19
4
10
3
-2
7
7
25
0
4
12
1
0
1
-1
-12
-5
-7
-19
-26
-34
-31
-20
-32
-32
-30
-40
-42
-36
-29
-19
0
-19
-17
-5
-7
-6
5
5
-5
9
1
-7
-3
13
4
5
9
-9
-2
4
18
12
4
10
9
15
19
-10
-6
9
6
9
3
7
-2
4
6
9
13
1
-10
10
4
-19
3
14
13
11
6
26
24
-7
3
8
-2
-22
-5
8
-2
-1
-7
-5
-3
-20
-28
-4
-12
-9
-20
-2
6
-13
-13
-10
-6
-28
-25
-7
-1
-24
-22
-3
9
-14
-11
19
11
7
-2
38
43
29
30
24
16
10
18
31
41
29
19
26
38
19
3
-4
9
7
-4
2
1
-3
-27
-39
-34
-32
-29
-25
-20
-28
-25
-31
-24
-19
-19
-9
-18
2
-2
-3
1
-1
2
-4
19
14
-1
11
33
36
26
22
28
28
13
9
17
23
-12
-5
12
-22
-26
-3
-3
-25
-35
-19
-5
-19
-38
-26
-20
-25
-35
-35
-24
-34
-37
-10
-3
-8
9
8
16
32
27
25
31
38
40
42
44
43
25
17
26
28
30
29
26
31
13
-1
0
-3
-3
-12
-14
-1
-4
-18
-18
-22
-4
-11
-33
-14
-16
-38
-31
-18
-26
-39
-21
-23
-31
-21
-17
-8
-3
-1
-9
17
25
13
14
30
36
25
19
14
23
28
16
12
25
9
4
9
29
25
13
17
16
8
0
7
12
13
-5
9
4
-9
-15
-4
7
0
-4
-18
-5
-28
-51
-46
-39
-41
-61
-77
-44
-28
-49
-48
-40
-27
-44
-32
-1
3
-1
12
33
20
15
28
32
26
25
32
53
31
29
33
25
25
14
12
18
31
11
15
26
41
13
-6
7
3
9
4
30
19
-6
-9
-5
-4
-6
-2
-4
-3
-4
-16
-11
-2
-13
-13
-13
-1
14
-8
-5
11
1
4
-16
-1
10
6
-10
5
16
-8
9
3
2
-5
-11
-21
-3
7
-14
-19
-14
-16
-22
-15
-12
-10
-17
-18
-28
-16
-7
-15
-19
3
6
-25
-29
-9
-4
-9
18
6
8
3
1
23
27
16
15
18
21
32
-5
1
4
-1
-3
-9
9
3
-9
-5
19
24
8
-2
2
-1
-13
5
9
-3
1
2
-6
9
8
-11
-7
-10
-22
-24
-13
-25
-32
-22
-9
0
-11
-6
3
14
0
-8
4
23
24
7
38
36
20
16
25
28
22
35
35
42
22
19
20
22
19
5
5
-6
-8
-20
-4
11
3
-14
-11
-13
-7
0
-22
-8
6
-12
-25
6
-2
-22
-22
-11
-15
-47
-37
-19
-13
-21
-22
-25
-30
-23
-9
18
21
-3
-1
9
7
-5
-1
5
-4
6
0
-5
-4
-4
-9
-10
-9
-5
-13
-16
-10
0
-11
-25
10
32
26
17
29
38
42
42
26
27
31
30
22
15
21
15
1
12
18
8
-10
-12
-21
-21
-7
-28
-44
-29
-22
-20
-16
-31
-38
-27
-23
-36
-6
-8
-17
-1
-7
4
2
9
-1
8
20
5
0
7
19
18
15
13
16
14
3
11
20
3
-2
6
5
1
3
11
3
-5
-7
-6
-9
-13
-11
-1
4
-1
13
35
21
13
26
30
19
14
21
19
4
27
45
32
31
16
18
8
13
0
3
0
-25
0
-1
6
-18
-25
-29
-35
-19
-24
-27
-34
-35
-35
-38
-33
-32
-34
-26
-34
-44
-63
-42
-20
-31
-19
-17
-24
-31
-14
-2
-9
-16
-6
-3
0
10
9
9
0
14
28
18
30
40
38
17
31
38
23
34
39
40
32
27
21
25
29
23
19
13
27
17
12
21
8
0
6
5
2
-6
-2
0
-6
-3
-1
3
-7
1
-4
-5
-12
-18
-11
-5
3
-11
-16
-13
0
-17
-25
-23
-20
-21
-9
7
-7
2
9
-2
-12
8
0
-6
7
-3
3
4
3
-2
-9
-1
-16
-19
-10
-26
-18
-14
-11
-33
-22
-19
-22
-7
-9
8
1
10
16
2
-12
10
36
14
10
13
4
20
22
10
23
5
-13
-16
-9
-9
-11
1
-3
-8
14
13
-9
4
-3
-2
10
16
5
6
22
16
17
23
24
11
20
23
9
26
16
1
0
5
-6
-23
-9
-1
7
10
1
-15
-6
-12
-19
-13
-13
-13
-7
6
-3
-16
-21
-30
-21
-15
-16
-10
-2
-16
-21
-4
-10
-14
-11
-6
-2
-6
6
-6
-13
16
10
4
8
18
20
17
27
30
21
13
22
20
21
24
21
22
1
-8
3
1
4
-7
-18
-18
-9
-18
-9
-7
-28
-12
-31
-25
-28
-26
-12
-13
2
-4
7
-6
0
6
4
6
15
24
-1
4
16
10
-3
-9
-4
-3
-4
-6
-20
-23
-13
-16
2
10
-7
-3
-4
-4
-3
-14
7
13
3
8
9
4
0
3
8
16
15
17
16
17
1
-2
25
16
-1
-2
5
7
8
12
17
15
23
25
20
28
32
32
16
12
4
3
9
-3
3
11
11
-2
-19
-7
-10
-25
-14
-11
-15
-25
-32
-32
-41
-52
-53
-31
-39
-39
-28
-41
-42
-54
-46
-27
-22
-34
-28
-4
-16
-10
0
1
7
1
16
22
3
16
20
17
19
15
30
30
30
35
37
18
38
76
34
23
38
17
3
12
25
14
15
22
26
29
13
9
15
22
11
3
7
20
16
5
9
-3
6
9
-4
-8
-20
-42
-46
-36
-47
-44
-42
-27
-7
-27
-27
-21
-38
-34
-22
-21
-20
-27
-19
-8
-6
-19
-12
12
4
-4
7
22
25
4
7
28
22
25
7
0
12
13
15
10
9
1
-10
-13
9
-5
-13
-4
-4
2
-10
-18
-11
-1
1
-10
-26
-5
-20
-35
0
3
-6
-1
20
7
-3
10
17
28
16
1
9
26
14
9
18
17
11
20
12
4
28
20
22
3
-9
5
21
24
15
25
15
33
26
13
26
9
-4
-13
2
-6
-7
-7
-6
-13
-28
-8
-20
-5
-20
-27
-25
-41
-25
-43
-38
-61
-53
-37
-42
-30
-22
-8
-13
-1
-3
2
-5
13
15
15
21
15
36
30
15
12
23
14
6
7
19
22
22
26
17
18
6
-4
-6
13
-11
-10
0
-5
-9
-9
-18
-12
3
-13
-3
-9
4
-13
-18
-15
-25
-24
-29
-6
-19
-23
-15
-12
-16
-12
-9
-6
6
-2
3
11
15
15
11
19
34
48
26
7
25
27
15
26
34
28
28
19
18
27
29
24
25
40
36
16
13
10
2
19
14
-9
-6
-28
-41
-28
-28
-17
-23
-24
-22
-20
-21
-16
-14
-42
-31
-22
-22
-25
-40
-48
-39
-35
-42
-42
-42
-22
-16
-20
-12
-8
3
0
-2
18
16
14
22
6
7
18
16
29
30
29
29
21
28
34
46
33
39
26
1
17
11
11
3
15
17
-7
4
-4
-15
-1
6
-3
5
10
-12
-27
-23
-18
-13
-5
-10
-12
-13
-6
-4
-9
-6
-6
5
-2
-6
3
-2
-6
-3
7
8
5
18
25
13
3
1
11
10
1
11
19
4
-13
-7
0
-12
0
-7
-31
-18
-1
-17
-40
-39
-34
-29
-17
-7
-12
-19
-13
-9
1
6
-4
16
14
2
32
38
23
20
29
21
20
17
16
9
6
9
-8
4
4
3
6
8
2
-6
0
-10
-10
-16
0
3
11
-1
-6
1
-6
-4
-22
-4
0
5
7
3
13
4
-5
2
4
0
-6
-2
-1
-1
12
23
9
1
4
-10
-14
-19
-4
0
-5
-10
-13
-13
-1
-4
-19
-6
-12
-12
-13
-9
-17
-21
-17
-30
-28
-3
-1
-19
-6
-3
4
1
9
18
3
6
10
-1
6
12
12
17
-5
13
3
-1
18
10
29
28
31
42
57
41
31
41
25
38
42
37
27
23
11
28
22
-6
-1
-13
2
-12
-15
-6
-22
-31
-34
-37
-50
-52
-45
-45
-46
-31
-37
-19
-12
-19
-22
-20
-7
-33
-9
-1
-9
1
-3
9
1
-4
-1
13
11
6
12
27
25
10
24
19
-7
-9
8
9
12
23
21
17
16
8
14
-9
-25
-8
-18
-24
-21
-30
-40
-28
-32
-38
-34
-54
-28
-14
-31
-26
-15
3
-18
-3
27
17
22
42
46
32
38
51
53
45
46
47
34
13
10
13
11
6
17
19
4
3
5
0
8
16
3
9
7
8
8
12
9
3
1
-3
-6
-9
-1
2
0
-18
-9
-8
-7
-5
-11
-1
-16
-22
-6
-6
-16
-13
0
0
2
9
0
-2
-12
10
16
2
8
-5
-18
-21
-16
-12
-9
-34
-36
-18
-25
-26
-15
-17
-38
-25
-20
-30
-28
-20
3
-9
-9
4
13
7
-4
25
10
9
16
-3
1
-12
-18
-9
-9
-23
-12
-10
-22
-19
-12
6
7
11
31
19
13
8
11
31
19
9
18
38
31
17
23
16
13
10
15
16
6
11
17
22
29
16
28
36
25
28
29
36
29
25
31
22
0
11
23
-3
-3
-2
-17
-28
-12
3
-16
-26
-25
-10
-31
-25
-25
-37
-38
-47
-27
-16
-11
-24
-16
-31
-35
-8
3
1
-7
6
6
-9
-1
13
-9
-3
1
-13
-27
-15
-1
-11
-6
-7
5
-1
0
-1
-22
-14
-13
-10
-6
-6
-25
-27
-3
2
6
-1
-10
0
-7
-14
4
0
2
19
29
27
29
26
-1
16
28
10
13
32
28
19
31
38
25
29
35
11
19
19
1
7
2
-11
1
13
15
-11
3
9
1
3
-1
8
-4
6
7
6
1
20
1
-8
0
-13
5
-6
0
2
-1
-3
-10
-17
-12
-18
-15
-14
-22
-30
-17
-3
-28
-13
-20
-16
-5
-2
-13
-15
1
-9
-19
-18
-2
-21
0
3
-15
-8
-26
-23
-19
-28
-35
-24
-7
-21
-16
4
3
-7
-13
0
3
16
13
22
32
15
31
43
46
45
37
45
45
32
14
20
28
15
4
10
11
-14
-22
-2
1
-9
-6
4
10
-5
-4
-10
-8
7
-1
10
10
6
-1
16
23
6
12
6
-11
-10
0
5
13
22
9
-1
1
2
3
-5
-4
-6
-6
5
-7
-7
-2
-13
-19
-24
-17
-10
-6
-13
-27
-27
-19
-12
-14
-5
-17
-42
-19
-27
-44
-20
-12
-19
-21
-14
-6
-5
-13
6
3
3
19
15
11
11
17
5
9
19
9
-2
-10
3
-7
-12
-8
12
19
-2
-7
-4
8
1
12
16
18
16
11
9
1
18
12
23
16
10
15
6
6
3
22
18
22
23
17
22
18
19
13
11
15
32
37
28
32
6
4
8
-1
-1
-14
-4
-16
-19
-26
-35
-25
-25
-26
-22
-13
-19
-22
-9
-22
-30
-16
-22
-22
-15
-25
-42
-26
-21
-24
-13
-26
-23
-23
-21
-10
-15
-18
-18
-11
-3
-13
-13
-15
-1
-4
-1
-2
-16
3
6
5
-9
-4
-1
15
35
34
33
32
40
43
53
38
35
48
29
31
32
27
44
48
48
36
15
4
5
0
-4
0
-3
-5
-6
5
-5
2
4
-4
-7
-16
-8
-29
-27
-14
-23
-14
-12
-15
-15
-22
-5
-3
-15
-14
-25
-19
-7
-13
-10
-3
-10
-2
6
4
10
10
13
6
0
0
-1
-4
-6
3
0
-1
8
-1
-6
-24
-37
-35
-41
-35
-38
-32
-30
-25
-35
-28
-16
-28
-2
13
12
-3
7
13
-6
12
14
19
21
22
25
7
25
40
38
46
38
23
11
31
28
11
26
30
37
37
25
-1
22
43
17
12
13
12
-6
0
8
-1
4
9
-8
-16
0
-9
-3
-7
-25
-31
-18
-32
-42
-26
-35
-38
-47
-41
-33
-25
-33
-33
-18
-15
-20
-27
-7
-10
-4
8
0
-7
0
22
20
3
14
16
0
10
23
11
15
33
13
6
12
2
3
13
8
-5
-3
-1
-8
3
9
0
2
3
14
23
17
13
5
15
4
-4
13
7
6
-3
-1
-4
-8
-19
-21
-2
-10
-6
-10
-16
-23
-42
-14
7
-5
2
-1
11
12
-6
13
26
16
12
4
3
-2
3
12
-1
5
15
16
26
24
5
8
19
14
2
-5
7
12
7
1
-1
-5
-2
10
-10
-11
-12
-39
-32
-19
-13
-19
-38
-41
-55
-68
-46
-38
-37
-33
-17
1
0
2
10
12
1
5
0
9
26
32
33
19
24
25
27
26
30
24
12
21
32
23
15
23
24
16
13
6
-5
3
-5
-7
-3
-8
-19
-13
-4
-14
-6
-7
-8
-5
-10
-15
-16
-21
-14
1
-6
-3
3
-11
-13
-3
-3
-5
-9
2
-5
-6
16
13
9
10
7
8
21
16
15
31
39
29
26
32
15
4
-2
3
9
10
15
-3
-3
-2
-13
-10
-16
-17
-41
-44
-34
-31
-16
-18
-4
-8
-4
4
3
-1
-16
-20
10
-2
-16
-4
-9
-5
-19
-7
-5
-6
-12
-10
-26
-25
-1
-27
-15
-11
-11
-12
-5
9
9
0
9
10
6
21
16
17
14
12
4
4
9
29
25
23
37
5
4
4
9
13
12
29
20
17
26
27
10
2
3
4
9
9
6
13
23
6
13
19
19
17
-4
22
16
-6
-8
-7
3
-3
-26
-40
-10
-11
-39
-32
-16
-24
-35
-36
-42
-40
-46
-44
-35
-32
-35
-42
-32
-26
-48
-46
-19
-35
-35
-6
5
13
27
31
13
10
25
38
24
43
58
38
31
26
43
35
33
17
12
31
32
37
19
19
7
27
15
3
28
6
9
4
11
4
5
7
-14
-22
0
10
-4
3
-8
-15
-19
-15
-23
-31
-33
-24
-27
-30
-17
-18
-23
-22
-18
-41
-26
-18
-19
-6
-6
3
19
20
18
29
23
18
5
4
12
17
-3
3
-3
-9
2
-6
7
4
5
7
7
13
2
-7
-3
4
-2
-1
3
5
9
-1
-2
-5
-10
-24
-9
10
-5
-13
-29
-9
-21
-12
-4
-13
4
-12
6
-5
-10
-6
0
4
-2
15
5
-3
-7
-5
7
12
4
0
-2
-6
-13
-14
-9
0
1
-4
3
4
7
2
16
30
28
44
26
25
47
29
45
56
50
54
43
48
25
15
19
4
-16
-19
-3
-15
-24
-28
-17
-31
-39
-23
-33
-26
-37
-33
-18
-16
-25
-35
-31
-46
-45
-32
-19
-17
-19
-19
-20
-33
-33
-12
-16
-20
-6
4
5
13
-1
7
20
16
4
6
32
29
25
16
25
28
3
-2
2
9
-5
0
20
17
13
13
17
22
1
-2
17
9
7
17
36
18
8
14
11
21
9
7
2
-4
-3
-4
-7
0
0
-9
-7
5
-1
-9
20
10
-13
-5
3
-9
-11
4
2
-1
9
-4
-2
22
2
-1
-3
-20
-36
-30
-14
-23
-22
-19
-25
-19
-15
-16
-11
-5
-13
-13
-6
-20
-9
-9
0
13
-4
0
3
-1
6
8
4
5
-3
-4
-3
-5
1
-3
-2
0
-4
-2
5
-7
-15
-1
6
6
9
23
20
-2
6
16
16
16
18
28
22
26
31
19
30
22
-3
-6
4
-1
-10
15
9
-2
19
26
25
16
5
-11
-13
-11
-26
-16
-10
-18
-34
-35
-28
-38
-20
-10
-18
-19
-17
-23
-12
9
0
5
12
15
8
9
41
24
15
19
11
7
-5
7
12
7
5
0
1
1
-10
-10
10
2
-20
-4
16
6
-6
4
-1
-3
-10
-9
4
10
15
6
23
27
8
0
15
13
-3
-3
-15
-10
-2
-9
-13
-3
-12
-26
-19
-23
-57
-46
-28
-29
-20
-26
-23
-27
-25
-24
-25
-6
0
-5
-1
-11
-16
-13
-12
-9
-10
-9
-4
11
9
21
28
41
49
32
50
37
29
43
33
26
27
35
46
32
17
21
23
30
35
37
25
8
-6
-1
-7
-17
-6
-19
-6
-9
-22
-10
1
-9
-9
0
-9
4
1
-1
-3
-21
-12
-6
-7
-9
-16
-10
-7
-15
-19
-24
-19
-24
-38
-32
-10
-18
-29
-14
-6
-9
-24
-16
1
-2
-13
0
-2
-9
-3
-1
12
0
-10
-4
14
24
7
16
13
15
2
3
19
7
6
10
25
20
26
13
29
30
17
44
27
37
25
17
6
5
19
9
9
1
-17
-28
-4
-7
-14
-4
-4
-17
-28
-9
-22
-31
-7
-2
-7
-14
-10
-1
-6
-14
-15
-6
-10
-25
-23
-18
-11
-9
-15
-16
-9
-26
-19
0
-6
-10
-3
6
0
-7
-15
-14
-10
-9
-9
-6
3
5
2
7
5
0
13
12
26
16
6
15
17
17
17
41
48
38
31
47
46
28
26
29
34
21
-3
0
1
-6
-2
2
0
-12
-10
-12
-10
-6
-7
-10
-8
-18
-25
3
1
-7
-9
-3
0
-8
-3
-4
-4
-19
-18
-13
-16
-17
-22
-13
-4
-1
-12
-18
-1
-7
-10
3
-3
-1
-2
1
13
2
1
1
-2
1
-1
2
3
10
2
5
7
-10
-1
0
-10
-12
-24
-17
-19
-29
-17
-19
8
13
-4
-3
12
20
24
36
35
44
32
35
26
4
16
19
6
19
32
2
13
0
-13
-5
6
5
-16
11
-1
-3
1
0
-8
-18
-3
-13
-20
-12
-6
-15
-3
7
-26
-19
-9
-51
-61
-35
-56
-76
-50
-49
-31
-10
-12
-22
-30
7
3
26
30
-7
39
62
41
47
20
31
58
63
67
22
48
21
-16
6
20
18
23
89
1
-5
41
18
10
-13
20
12
66
28
-30
16
54
-4
-24
39
-35
-14
-40
-91
-98
-117
-53
-8
42
10
-11
50
0
-60
-60
15
69
-46
-4
45
15
54
-43
-74
-35
-63
-66
13
12
-48
-2
-5
-11
34
-20
-110
-106
0
-16
-45
9
-53
16
65
-45
-32
-19
-51
7
-17
-31
-14
15
67
69
96
98
145
198
107
13
69
-8
77
173
149
94
63
124
-31
8
20
-20
-34
-4
-53
-176
-107
-150
-176
-115
-18
-36
11
37
-83
-171
-56
15
-114
-111
-146
-128
-195
-164
-90
-241
-280
-278
-136
-146
-79
-34
24
156
200
677
737
600
-178
782
627
-127
649
-220
-180
1037
2814
-749
-219
1509
-617
9
-144
-1776
-2700
1681
809
-1056
-511
-57
129
-50
-1369
-2899
-1513
238
1161
-805
15
-40
-867
38
177
-3834
-754
3349
-460
1638
2600
473
-461
603
845
-1314
394
1124
2909
1922
-1759
3434
-1235
-1880
231
-589
767
301
3696
-1528
1499
-3376
-1942
1201
-3161
850
-747
4326
-2694
940
575
-5839
-640
-2861
1707
-205
-507
2071
-828
-313
-1438
-1357
-413
-787
3635
1326
2452
1012
-848
1413
-2441
666
-561
2470
80
2521
2203
-1621
302
-3590
1877
-2467
661
460
-153
510
-138
1081
-4296
1321
-2163
-41
-408
-106
1123
-2423
2973
-680
-1478
1679
229
-579
-1456
930
831
-398
2254
-68
2425
-521
369
2047
-1814
595
-133
2057
-1367
337
-136
-357
1632
-3728
2584
-2312
-1626
2358
-1150
-1078
-1746
2043
-406
-477
-1931
-116
-1338
-519
-786
2022
229
-1919
3388
-1832
1136
-2742
1426
-1753
-1309
3293
2656
1373
-2664
2956
-1984
701
-964
727
325
817
2923
-1696
1548
-2113
-156
-744
-396
1021
-279
777
-163
-407
-1502
-350
-123
-1854
1601
776
-1281
524
-1130
1361
-1121
-49
-316
286
601
-249
1547
-1930
1090
-275
1142
325
1414
-550
-1176
2218
-1872
1537
416
-1455
919
-1452
1855
-296
-2728
2765
-3125
1351
1097
-1488
575
-40
445
-531
711
655
334
-3205
1877
800
-2359
2432
1004
-2730
527
1081
-852
-1536
-1256
524
2425
-621
-388
1758
-2885
1084
-18
-851
1210
-241
-411
3188
-1433
-2322
982
-1810
1033
-674
1381
299
-1129
792
-1022
-354
251
17
220
374
712
-56
-779
264
51
-62
770
716
-683
-1684
1135
-305
-1497
2132
-229
932
2071
-582
-1885
-483
-920
-209
1220
342
2454
-1349
1326
131
-2654
-255
-2191
-143
1165
2065
242
180
520
-607
-2085
1293
-1373
-2230
3274
-1187
2160
1788
-918
-409
-2427
-739
726
-1012
1056
408
-2293
3417
3171
-2040
-1992
-403
-2106
246
1846
-192
1820
1182
127
1948
-787
-1352
-2210
-700
2260
168
1679
1694
-111
-2265
795
-111
-2259
-3
-1541
454
1669
77
-323
-1044
-1807
-1252
-419
168
-260
-252
-686
1039
903
148
836
-946
355
-245
-518
2099
-230
-239
1403
724
1215
-456
-766
825
-685
-1493
2163
-1524
-910
1956
-780
889
-1075
-422
-65
-2249
142
1182
-368
1952
-450
-1132
641
-2149
-560
-271
661
717
1073
2185
422
-1246
-552
-1078
-1724
2414
1917
267
2191
-465
-1767
769
-1790
-1211
985
626
1625
959
-641
-249
-2165
-1170
2137
-2029
777
1609
-1201
1626
195
-1242
-144
-2282
-767
1158
241
1911
-1072
402
586
-2229
-575
217
139
78
1474
1002
257
-953
-407
210
-1189
878
1387
313
704
-1125
-1321
105
-1530
-270
786
855
381
-1004
-208
-1669
-472
-461
663
415
117
1597
-950
-401
-531
-667
239
895
76
809
819
415
588
-75
-215
-1220
-592
763
852
519
2249
-39
-564
253
-2293
46
331
-287
1868
322
233
545
-2194
-862
-1631
-1019
2009
-274
983
21
-1205
-506
-1354
-944
-489
-261
821
1359
-302
1093
-526
-1219
86
-701
130
414
-283
1496
1437
828
1365
-1367
-60
-715
-217
1874
819
1909
1208
9
-532
-1092
-1330
-842
368
829
1977
1332
-315
-576
-2283
-1951
-1294
-857
573
23
484
320
-401
-444
-1078
-912
-796
491
586
687
1300
504
1037
-141
-199
399
-931
905
1918
1071
1695
1652
-387
-704
164
-1229
108
113
341
1459
78
24
-1350
-2455
-1681
-1365
-1082
630
-237
-704
-395
-1569
-1654
-1399
-712
-977
-590
870
433
-192
653
-738
-929
185
-453
1234
1418
87
570
107
356
389
-144
411
726
451
1501
1015
-716
222
-18
-93
-47
-72
65
79
-80
212
-12
-96
-396
-544
1323
-322
261
-38
-357
203
-981
-171
-1313
-2224
-2031
-1502
-2103
-1280
-711
-415
1365
256
470
2225
1605
1581
1186
-372
2548
3586
4172
4165
2803
5086
4011
4516
2628
-126
171
850
2406
1107
1446
1063
-519
-1870
-3644
-2827
-3245
-3785
-2161
-1497
-1631
-3309
-3238
-5027
-6269
-4012
-3481
-2983
-1519
1534
1575
-411
272
-107
-393
-953
-314
2282
1657
3234
1973
1528
629
-2005
-855
-2307
-1072
-242
637
1348
-366
-1209
-1482
-3293
-4058
-1566
508
910
949
1254
454
118
-1633
-881
718
1170
2035
2043
4324
2435
491
1221
12
364
291
1120
2743
2708
1794
645
-15
-1122
-1056
-1038
303
1852
114
892
-964
-2406
-1438
-3084
-2408
-3659
-2410
-1990
-3237
-3519
-3728
-2699
-3255
-155
659
1220
1465
3552
5429
3065
1966
599
5819
8344
9227
8452
7792
9875
8591
9459
4880
2818
2366
3585
6086
3500
3909
2693
-1173
-4834
-7652
-7538
-8024
-8430
-7199
-8327
-6922
-8524
-11490
-14060
-14173
-10205
-9257
-6197
-4166
-40
1512
-1185
-1355
-1378
-254
760
3738
8920
9314
8549
6657
3523
2769
899
2697
2324
4226
6061
4439
3134
-1222
-1619
-6114
-6880
-3406
-2047
733
-1338
-2781
-3766
-6375
-7210
-6923
-3866
-361
560
1620
1171
407
337
93
707
2034
4538
5726
5676
6302
5445
2919
916
481
1471
3150
4121
3768
3127
1105
-1186
-2104
-1551
169
1109
1674
1579
453
-929
-2574
-2634
-2003
-948
-893
9
-259
-3188
-4693
-5567
-4816
-4354
-2412
31
2201
1595
362
405
2645
3356
2382
2613
2098
6550
8510
10943
8700
6754
8321
7273
8273
5595
2711
2184
4017
5842
4150
2739
1856
-2671
-5870
-8748
-7915
-7225
-7893
-6946
-8569
-8553
-10889
-13526
-15766
-15958
-13182
-10728
-8520
-6706
-2872
-2002
-3692
-3690
-3067
-1063
-766
4051
9231
10962
12353
8699
7257
4556
2864
4130
4797
6939
8347
8924
6432
1605
-1430
-3244
-6731
-5992
-1918
1359
271
-2021
-3357
-7382
-8623
-9306
-6056
-1289
18
1198
729
473
-535
-1798
-1110
712
3070
5527
7710
8289
7479
5345
2431
1278
2203
4685
5786
6621
6757
2718
41
-2671
-3252
-210
236
908
338
-496
-2032
-3701
-2999
-2656
-1674
-1702
-270
520
-1204
-3179
-3777
-3307
-2508
-1656
-1873
-1520
-2709
-2070
-1260
638
1006
1306
2225
2493
4013
1311
859
1878
5435
7207
8312
7402
5878
5886
4846
6280
4370
3952
2965
2887
2064
1383
2216
1559
-372
-3977
-6320
-7733
-8103
-7585
-7286
-7769
-6725
-8016
-9174
-11977
-13699
-11784
-10957
-8400
-5086
-2142
-936
-2149
-3834
-3000
-2439
-1397
2481
7335
9087
8798
7262
3474
2005
1493
2687
4651
5836
7286
6128
3759
976
-648
-1018
-2819
-1633
115
2048
1922
-211
-819
-3738
-5324
-5627
-3245
723
2614
1906
9
-1602
-2041
-175
1184
2557
2521
2280
3854
4730
5223
3573
1021
1258
1365
2850
3829
3562
3286
1567
-232
-1667
-982
-791
564
609
-442
-374
-2122
-1445
-1053
-560
1535
-200
-1515
-687
-166
788
829
1559
276
-609
416
546
881
1155
2004
1538
955
1285
1095
-265
-731
-463
-272
-136
-66
-1106
-1689
-1501
-2669
-3032
-3660
-3874
-2837
-2585
-3160
-2124
-2101
-1301
-1110
-1785
-59
-346
452
865
-582
785
1383
1625
3048
1813
2722
1820
-578
-939
-1678
-298
-37
-332
508
918
-141
-593
-1944
-2908
-2983
-2472
-422
-16
880
244
-1698
-2485
-3734
-3096
-884
-273
541
626
526
323
-2290
-2638
-2303
-1218
1872
2054
2832
2528
1308
1386
-652
-1013
297
1804
3297
3620
3123
2685
1561
499
1247
2255
2358
2588
2403
2063
2416
1623
1821
725
-754
-1327
-1858
-273
92
208
-486
-1940
-2805
-3256
-3389
-2790
-1959
-2244
-1207
-775
-574
-321
-662
-808
-1050
159
1633
1997
1826
2009
1915
1381
1794
2295
3262
3817
2560
2368
1616
1695
1952
1017
2013
1831
1921
670
-1440
-919
-2336
-3160
-2686
-2257
-1446
-1844
-1957
-3184
-4474
-3950
-3421
-3817
-3335
-2113
-614
-1012
-2724
-1627
-24
868
898
1971
2910
2516
2872
3405
2698
2572
2890
3792
4525
4132
5097
4168
1998
462
-40
366
851
-259
-1511
-2154
-2386
-2174
-3670
-5301
-6487
-5661
-4868
-4031
-3313
-3265
-3618
-5354
-5330
-4729
-3350
-1830
-901
-182
-76
-299
-651
-155
-398
731
1993
2943
3647
3317
3607
2927
2172
2096
2890
3472
4434
4266
4065
3791
1853
1647
1107
1354
2381
1581
974
-103
-1062
-1305
-2104
-1282
-1681
-1885
-1833
-1538
-618
-2540
-3312
-2931
-503
-586
-721
285
-1365
-484
-431
960
1162
1251
2856
1802
2452
2211
3162
2345
1024
2891
3010
3535
1954
2218
2326
1890
2254
134
78
-1155
812
1633
397
201
-1666
-1414
-3956
-4040
-2673
-2926
-2962
-3289
-1908
-2564
-2626
-2973
-4088
-3588
-2406
-289
-800
-1195
-1022
-1031
46
892
2992
2304
1335
2147
3600
4811
3953
4086
2986
2640
3390
3283
3443
2201
1034
370
-1088
-1668
-996
-1186
-2505
-4040
-4591
-4684
-4403
-4537
-5465
-5649
-4829
-3970
-3947
-3706
-3306
-2280
-2756
-3410
-2670
-1152
594
422
1055
1844
1795
1212
555
778
1968
3312
4126
4291
3673
2845
2167
1873
1947
2756
2840
3450
3834
3175
1853
133
-917
-887
910
1722
2844
2549
737
-843
-2262
-1688
-842
484
708
-129
-1167
-1510
-1114
-1594
-1911
-1519
-1608
-1324
-193
-67
-488
-580
-553
-288
471
1315
2050
1512
1576
2178
2000
1334
1993
2160
2954
3274
2043
1040
-215
951
516
1321
591
484
9
-1403
-1248
-2427
-1285
-2199
-1531
-1764
-1755
-2330
-3861
-2290
-2614
-2589
-2834
-2063
-1198
-1110
-684
-972
-1580
-2187
-2204
-1033
375
648
1618
1447
387
-205
-8
1515
1947
1857
1435
1456
1787
1337
1701
1640
756
775
668
556
444
452
650
-58
-1195
-1047
-118
20
-521
-1991
-1810
-1483
-1694
-1338
-1426
-1105
-1520
-3044
-3656
-2950
-1902
-942
-1102
-600
-1125
-2253
-1924
-1249
131
625
932
1543
2145
2016
1914
2273
2447
2782
2734
3470
4533
4929
3901
2014
1146
1557
1820
2345
2997
3198
2177
-323
-1147
-876
-315
-802
-1388
-1724
-2413
-2416
-1163
-1149
-1990
-2468
-3130
-2189
-1611
-254
-276
705
310
-700
-341
260
1745
175
1027
1013
767
653
231
502
485
833
-382
-202
-4
707
689
118
58
-209
-331
-661
178
-100
-666
-426
-930
-995
-814
-337
67
-1474
-2121
-1486
-1304
-1713
-1877
-844
-1255
-1977
-2516
-2357
-1093
-456
1058
461
-799
126
745
2030
2438
1537
1764
2465
3796
4312
3961
4258
4149
3675
3006
3224
4132
3763
2239
559
-277
-121
-759
-976
-1850
-3227
-3359
-3899
-4676
-5492
-5252
-4662
-4643
-5013
-5754
-5752
-5857
-5330
-3291
-1824
-1027
-1787
-1874
-767
388
2077
2795
3393
3191
3371
4538
5392
5071
3756
3647
4434
5410
5467
4617
3438
1489
208
983
1670
1791
1070
-1052
-2128
-2863
-2519
-2129
-2205
-2255
-3300
-3668
-3832
-3185
-2545
-2406
-2192
-2516
-2559
-1818
-442
189
251
-624
-643
114
1242
2801
2936
3105
1493
1505
1471
2230
4184
4441
4411
1853
1038
120
641
2056
2922
3027
311
-1230
-2166
-2422
-1347
-1245
-2428
-2161
-1935
-1761
-3016
-4233
-4284
-3555
-1705
-716
-640
-2534
-2427
-626
2191
2776
914
895
2280
4785
5096
3393
1982
2910
5528
6403
5589
4862
3605
2740
909
228
1853
2606
2140
-605
-3296
-3754
-3696
-4886
-5663
-6208
-5558
-4406
-4707
-6304
-7594
-7501
-6543
-5221
-5312
-4985
-3714
-2012
-1219
-1886
-1914
-672
332
1852
3186
3703
4366
3371
3298
3733
4409
5008
5067
5329
4798
4710
4268
3927
2491
1160
1506
1528
1754
1371
121
-811
-2302
-3539
-3345
-2522
-1358
-985
-1470
-3034
-4392
-3757
-2496
-1328
-614
-375
-640
-920
-680
-77
730
1102
1205
1326
1918
2725
3818
3386
2325
1096
405
2221
3601
4379
3401
2450
1099
-311
-49
2
835
537
-306
-835
-2084
-2914
-3705
-3655
-3436
-3913
-3405
-2748
-1411
-1883
-3568
-4503
-3390
-674
163
305
-552
504
1929
3864
4014
1906
2551
5043
8037
6508
2914
1535
4496
7739
7243
4850
2524
1378
1211
946
400
-124
-1458
-2126
-3565
-5097
-6175
-5769
-5804
-7685
-8561
-7316
-5559
-6178
-8227
-8635
-6557
-4787
-4328
-4992
-4051
-1890
-235
820
-70
-356
974
2594
3892
4134
4523
5377
5524
4957
4408
4560
4897
5029
5499
5946
5767
4687
2787
1469
959
1603
2229
1666
917
-239
-1191
-2227
-3167
-2766
-1466
-617
-1511
-3427
-4442
-4428
-3365
-1654
-104
127
-1551
-2685
-2459
-577
662
1100
2035
1820
1179
464
1414
2940
2730
1768
1464
2260
3316
2962
1851
970
389
513
607
800
45
-1250
-2694
-3364
-2864
-2488
-2846
-4122
-5169
-4687
-3833
-2767
-2444
-3202
-3159
-2306
188
514
-1285
-2649
585
6173
8541
5205
783
2050
6508
10811
8378
3928
1752
5763
10826
9127
3713
-170
1910
4232
3062
-424
-2061
-2140
-2157
-3247
-5038
-6677
-6960
-7300
-9035
-9881
-8835
-6212
-6930
-9963
-10453
-7740
-5366
-5059
-5855
-4878
-2301
-668
47
-490
-183
1296
3674
4681
4758
6141
7041
7255
6120
5683
6393
6635
7311
7290
6824
6161
5493
4856
2658
1037
1543
2835
2197
741
27
-1442
-3768
-5386
-4468
-3163
-2799
-3343
-3790
-4819
-6515
-6630
-5020
-2811
-1932
-1658
-1589
-2239
-2321
-1850
-655
1296
2380
2462
1891
2181
2689
2786
2705
2567
3118
3089
3024
2719
2362
2126
1009
305
61
-323
-625
-1316
-1824
-2083
-3353
-4847
-4860
-3217
-1098
-1732
-4037
-4603
-3809
-1294
-52
-376
-979
-600
3360
6519
6140
1256
64
5464
11665
12339
5460
1569
2826
8336
10343
6143
2527
2888
6004
5252
-287
-4697
-3746
392
1821
-2135
-6490
-8105
-7863
-9087
-9959
-8849
-6585
-6017
-8715
-11008
-11132
-9307
-7157
-5489
-5412
-4964
-3401
-1631
-1945
-3331
-2318
1407
4120
4832
5294
5327
5087
4303
6302
8705
9656
8055
6521
6983
7552
8080
7046
5744
4016
3937
4162
3341
2055
506
-436
-1562
-2828
-2752
-2264
-3554
-5393
-6524
-5915
-5340
-5058
-4634
-4782
-5199
-5473
-3989
-2306
-2070
-2220
-1820
-233
1021
1082
661
1055
2375
2882
2831
2711
3225
3063
2089
1350
1916
3157
2848
1728
-38
-1037
-1779
-1636
-119
558
-655
-3725
-5077
-4325
-2361
-344
-552
-647
-1531
-1783
-916
-718
-458
-400
3596
8078
8566
2589
-2534
1778
9727
13401
7952
2569
2680
7786
10526
5714
210
548
7614
10285
3926
-4752
-6997
-2236
1672
761
-3093
-6200
-6751
-8636
-10952
-10827
-8126
-4597
-6034
-10613
-13281
-11618
-8194
-6752
-7790
-7840
-4829
-2362
-3121
-5592
-6038
-2593
1761
3481
3444
2512
2125
3294
5191
6479
6552
6231
7235
7842
7254
6682
6185
6159
5889
6529
6175
4462
2865
2287
2175
1373
398
-383
-528
-1300
-1954
-3150
-3935
-3719
-3327
-3198
-2897
-2371
-3082
-3372
-3216
-2033
-1359
-1203
409
1268
394
-913
-81
2023
3115
2579
1537
1591
1790
1745
1496
1734
2309
2147
658
-1033
-1400
-822
-1063
-1440
-1338
-1743
-2753
-4399
-4172
-3389
-2305
-1665
-1246
-941
-2325
-2054
-1357
-210
-114
263
4796
7685
6145
-273
-2210
4837
12466
13414
5373
385
2241
8891
11160
5434
899
2226
8114
7350
181
-5384
-3982
1579
2587
-1556
-6665
-7741
-6230
-6987
-9375
-10294
-7695
-5784
-7958
-11680
-12066
-9113
-6985
-7192
-8786
-7407
-4329
-2479
-3718
-5753
-4606
-771
2569
2377
1030
616
2646
5119
6004
5321
4466
5178
6761
7537
7120
7094
6989
5996
4596
4712
5712
5514
4379
3490
2912
1627
-346
-466
174
-148
-535
-1200
-1701
-3190
-4383
-3636
-1778
-1207
-1864
-2278
-2421
-1877
-1846
-1021
294
871
1076
703
1113
2032
2087
1534
1498
2235
2794
2250
1332
1513
1866
1419
235
-690
-564
-691
-1381
-1814
-2309
-2386
-3608
-4837
-4400
-3326
-2243
-2512
-2743
-3771
-4110
-3470
-658
921
-25
-1069
620
4767
4645
2097
-632
3655
9506
11676
7172
984
1023
6522
12326
8356
2269
620
5449
8029
3268
-3371
-3888
1295
4178
913
-6714
-9525
-6506
-3582
-5420
-8417
-8901
-7517
-8499
-10974
-10943
-7979
-5458
-6172
-8731
-10385
-7442
-3046
-1583
-3373
-4645
-2521
949
1181
-171
780
3172
5337
5863
4919
4049
4387
5458
7055
7441
7506
7502
6598
4778
3569
4510
5447
5685
5101
4017
2109
-33
-968
188
1287
1138
84
-1191
-2151
-3863
-3678
-1911
-349
-618
-2275
-2346
-2006
-2143
-1709
-469
686
929
179
206
992
1380
1470
971
1165
2387
2912
2020
1026
794
1158
897
203
556
894
107
-1698
-2855
-2502
-2202
-2849
-3036
-3170
-4257
-4623
-4025
-2429
-3879
-6036
-4288
-723
1425
-1662
-3957
-3010
1150
4034
3901
1638
903
4942
8234
8149
2695
715
4224
10808
11461
5230
608
2072
7596
6623
1675
-1896
386
3849
2414
-2582
-6751
-5980
-2396
-2828
-6550
-8493
-6982
-5528
-8469
-10327
-8239
-4995
-5243
-7866
-9452
-8007
-4377
-2133
-2740
-4839
-4534
-1225
1327
-435
-1585
895
4753
5845
3190
1938
3247
5616
6752
6659
6511
6675
7164
6196
3925
3223
5476
7554
6217
3422
1935
1672
876
552
1389
1309
122
-923
-1282
-2839
-4144
-3098
-1092
-625
-2379
-3466
-3485
-2975
-2423
-1833
-858
-214
495
-568
-1652
-852
506
2080
1967
1831
1653
519
360
978
2472
2895
2206
1635
334
-712
-896
292
1252
615
-1360
-2747
-2851
-2808
-2630
-3054
-2385
-1483
-1913
-3865
-4764
-3394
-958
261
-1017
-2116
-2109
500
2269
1745
199
2026
6100
7437
3394
-1675
49
6789
11958
7667
1406
124
4469
6568
2758
-577
114
4411
4802
378
-5518
-6578
-2514
-283
-2715
-5458
-5258
-4527
-6747
-9179
-7706
-4451
-3301
-5100
-7073
-8013
-6140
-3770
-2909
-3862
-4162
-1969
-227
-1282
-3062
-1440
1654
3782
3236
1952
1733
3027
4524
5151
5118
5223
6301
5698
3919
3117
4947
5974
5046
3810
3490
3792
2084
503
681
1764
2274
1660
-39
-2031
-3208
-2438
-572
-134
-1647
-2945
-2833
-2708
-2974
-2860
-1618
-183
-109
-1709
-2824
-1866
-7
889
538
463
1226
997
-309
-185
1485
3001
2668
950
194
771
1079
1164
1257
1291
202
-1078
-1108
-592
-461
-1457
-966
-965
-1871
-3167
-2698
-968
-912
-1353
-2145
-498
-691
-1923
-2991
-603
3986
4586
1616
-3021
-1319
3251
7007
4961
37
32
4635
8358
3878
-1772
-960
5845
8487
3011
-3542
-3839
1605
4442
1749
-3226
-4433
-1572
-1190
-4429
-6749
-4415
-1149
-2280
-6198
-8307
-6170
-4327
-4229
-5232
-5581
-3900
-3003
-4092
-5910
-5239
-1670
1042
-173
-2755
-2841
-40
2604
3113
1790
1203
2576
4332
4877
4011
4237
5247
5585
4316
3813
5355
6187
4827
2654
2813
3909
3871
2492
1894
1888
884
76
-428
-548
-1091
-1063
-411
-810
-2376
-3751
-3460
-2072
-1549
-1693
-1777
-1673
-1707
-2458
-2564
-1454
296
924
551
51
1
-260
-500
765
2964
4085
2651
540
-352
-96
570
1867
3129
3271
1471
-984
-2334
-1950
-515
487
747
325
-705
-2541
-3365
-3281
-2803
-1224
1049
2336
-553
-4750
-5516
-2125
2373
3819
2140
-926
-598
1958
3026
602
-1324
2244
7217
8472
2729
-3398
-3396
3139
7829
5085
97
-1230
1111
1036
-1332
-3271
-2185
652
1085
-2082
-6007
-6752
-4766
-3536
-4203
-4183
-3274
-3891
-6016
-8065
-7392
-3918
-1343
-1552
-4097
-5026
-3315
-1579
-1569
-1979
-387
1838
2786
1564
583
946
2202
4010
5123
5711
5447
4956
4234
3223
3459
5410
6780
5491
3897
3709
3960
2744
1131
1863
2759
2349
893
-47
-396
-1011
-798
-766
-937
-1344
-1752
-2079
-2270
-2127
-1764
-1538
-1431
-1280
-2067
-2455
-1530
303
657
-617
-987
-408
300
90
402
1627
2121
1499
173
-399
20
962
1977
2177
1321
-429
-1872
-1942
-570
722
756
-310
-1442
-2516
-3515
-2757
-1304
42
-876
-1663
-1404
-1659
-2080
-2865
-1646
50
3061
3537
551
-3621
-3139
3220
7364
5900
75
-1449
1394
5924
5401
649
-494
3271
7613
4127
-2739
-5058
-734
4115
3804
-490
-4569
-4618
-2608
-2657
-4443
-4778
-2840
-2238
-5017
-7235
-6034
-3811
-3628
-4510
-4356
-3003
-2253
-2726
-3673
-3527
-1423
1352
2071
-535
-2155
-57
3407
4466
2592
1731
2601
3864
4480
4344
4217
3994
4333
4416
4208
4114
4403
4130
2806
2506
3222
3258
1418
378
1561
2602
1422
-618
-1032
-890
-517
-370
-447
-1157
-2290
-2081
-1794
-1863
-1966
-1424
-1088
-1854
-2533
-2372
-1309
-511
-298
-897
-1421
-1031
-521
-569
-655
373
1695
1516
-172
-1160
-631
491
968
826
1196
986
-567
-1954
-1694
-204
584
222
-125
-1167
-2472
-2759
-1576
-196
279
266
-497
-1432
-2188
-1120
-42
426
1073
2476
3247
1272
-1590
-1970
2468
6749
6561
1396
-1618
948
4948
4608
236
-491
2777
5280
2199
-3189
-4616
-924
2924
2165
-2364
-5612
-4237
-1938
-2918
-5195
-4660
-2012
-1556
-4503
-6486
-5067
-2490
-1884
-2806
-3635
-2775
-1207
-896
-1859
-2408
-456
1415
1383
-360
-647
1308
2819
3212
2266
1621
1600
2561
3971
4273
3625
3183
3613
3187
2224
2576
4095
4427
2785
2037
2467
2308
1227
898
1875
1840
1112
356
-368
-1470
-1629
109
753
-439
-2315
-2773
-2293
-1995
-1381
-1046
-1289
-1939
-2394
-2434
-2209
-1130
-73
-558
-1492
-1268
-308
-686
-1551
-531
1645
1716
-296
-1442
-794
-154
63
1190
1867
738
-1732
-1885
-185
463
-67
-230
992
414
-1546
-2696
-1308
1022
1358
715
-212
-278
-641
-438
431
1068
1597
1280
2045
1793
514
-1017
150
3998
5393
2620
-2104
-1911
2043
4853
2686
-1006
-1111
1336
2536
-237
-2887
-2394
492
1587
-716
-3627
-4192
-2617
-1642
-2222
-2959
-2651
-2191
-3198
-4622
-3830
-1513
-295
-1940
-3906
-3336
-1125
61
-887
-1563
-786
526
666
-428
-627
348
2048
2491
1822
1191
1104
2106
2250
2512
3020
3932
3745
2421
1992
2534
3946
3608
2782
2224
2460
2931
2458
1663
746
1097
1363
1058
276
-251
-118
-589
-1309
-1639
-1348
-1550
-1764
-1476
-1742
-2697
-3431
-2592
-1502
-1814
-2450
-1926
-1332
-1940
-2709
-2424
-1150
-399
-395
-303
-309
-816
-1081
-491
484
1203
1208
927
576
341
364
808
1531
1816
1696
904
610
939
1134
842
400
1182
1806
1433
96
-369
93
567
910
828
182
-831
-846
192
1178
173
-1221
-1516
484
2198
1405
-1220
-2979
-952
2295
3267
-91
-2794
-1484
1897
2098
-1430
-3232
-1387
1487
1102
-1476
-3260
-2472
-735
-944
-2266
-2312
-717
-640
-2748
-3638
-1705
296
-394
-1923
-2167
-1150
-405
-618
-1080
-984
74
947
250
-1144
-878
793
1822
1259
982
1506
1860
1358
1202
2046
2616
3418
3611
3104
1777
1661
3216
3629
2862
2420
3465
2992
1016
502
1545
2133
1075
609
385
-419
-1240
-1411
-1313
-1719
-1402
-1213
-2207
-3739
-4020
-3073
-2385
-2323
-2686
-2904
-3006
-2749
-2335
-2330
-2154
-1091
-48
-339
-1434
-1101
497
1104
535
499
1635
2013
1081
730
1749
2913
2773
1817
1404
1614
2132
2044
1766
1774
1811
1491
402
22
43
811
1136
711
-641
-2013
-1658
-747
-84
-1320
-1819
-1602
-403
-784
-2664
-3192
-1473
1648
1305
-923
-3211
-2214
374
1986
1031
-1056
-639
1080
1553
-855
-1987
-355
2116
2340
509
-1130
-1338
-243
376
63
-132
578
765
-720
-2025
-1229
357
622
-853
-1693
-1272
-401
-507
-1400
-1802
-1034
-46
-427
-1390
-1815
-298
562
580
56
318
991
864
1482
1823
2665
2355
2553
2649
2397
2687
3151
4201
3106
1960
2094
3039
2446
537
595
1796
1977
112
-1428
-1760
-1941
-1390
-921
-1567
-3397
-4020
-3164
-3240
-3756
-3495
-2421
-2807
-3895
-3651
-2698
-2316
-2280
-1537
-996
-1006
-951
-615
-405
109
1481
2482
1768
920
1443
2348
2527
2787
3943
4108
2686
1578
2512
3548
3155
2802
2928
2557
1142
685
966
612
-28
113
808
-365
-2528
-3570
-2552
-1163
-1307
-2422
-3660
-3413
-3110
-3099
-2978
-2398
-1477
-1899
-2103
-1759
-662
-609
-1501
-1003
1062
3051
1456
-679
-240
2373
3621
2112
1194
1286
2468
3105
2636
1336
399
1607
2352
1239
-158
536
1372
-78
-1736
-1365
301
-166
-1969
-2724
-1963
-1408
-1841
-2145
-2295
-1796
-1643
-1742
-2238
-2345
-1071
54
338
-212
56
170
-18
869
2492
3287
2232
1995
2311
2184
1838
2771
4075
3288
2253
1562
1330
695
908
1637
1047
345
-292
-804
-2235
-2548
-1441
-1256
-2105
-2947
-2857
-3364
-3835
-3377
-2663
-2485
-2697
-2508
-2602
-2751
-1939
-614
-331
-881
-499
741
1261
613
730
2348
3352
2713
1857
2653
3704
3774
3291
3170
3385
2975
2568
2440
2923
2820
1814
698
382
382
-300
-575
-324
-397
-2254
-3549
-3231
-2482
-2796
-3582
-2918
-2748
-3519
-4750
-4119
-2914
-2528
-2189
-1678
-1206
-2158
-2368
-1055
1180
2085
1348
662
865
2218
3132
3418
3192
3413
3901
3776
3146
2505
2678
3314
3896
3478
2065
791
451
733
675
475
460
-154
-1577
-2691
-2443
-1679
-1855
-2434
-2892
-2774
-2820
-3011
-3042
-3054
-2365
-1822
-1498
-1853
-1871
-1284
-614
11
349
823
619
544
719
1588
2126
2153
2185
1907
1887
1463
1767
1936
1951
1436
627
804
663
417
-447
-603
-380
-786
-1362
-2176
-2304
-2191
-1532
-1302
-2072
-3035
-3104
-2177
-1712
-1574
-1275
-483
-341
-1060
-1411
-584
1035
1778
1679
1400
1538
1798
1536
1934
2978
3825
3563
2714
2548
2239
1860
1943
2864
3471
2518
1138
423
265
-111
-188
516
822
-506
-2306
-2902
-2446
-2274
-2495
-2194
-2158
-2861
-3904
-4317
-3940
-2982
-1992
-1870
-2328
-2415
-2212
-2457
-2214
-457
1569
1659
688
222
684
1792
3105
3732
3017
2700
3890
4715
3363
1877
2893
4942
4943
2979
1354
1538
2351
2458
1523
351
97
324
-232
-1664
-2126
-1385
-1139
-2345
-3374
-3036
-2584
-2933
-3432
-3190
-3052
-3030
-2674
-2348
-2575
-2876
-2003
-1010
-961
-1546
-1242
-303
275
381
99
75
346
1312
1708
1212
786
1101
1525
1039
879
1356
1575
877
272
561
714
409
-46
-267
-313
-214
98
-293
-1098
-1202
-377
62
-645
-911
-483
-149
-250
-156
343
310
212
351
852
1125
1093
1257
1094
1140
1506
1881
1585
1072
1460
2019
1742
960
821
1144
1193
898
753
631
102
-475
-611
-401
-331
-581
-1104
-1497
-1819
-2030
-2185
-1994
-1619
-1809
-2201
-2494
-2261
-2287
-2291
-1825
-1068
-663
-1128
-1300
-954
-255
45
375
1248
1986
1838
1108
1215
2308
3214
3263
2897
2932
3259
3401
2982
2305
2323
2982
3552
2842
1415
531
698
1019
788
246
-242
-514
-1183
-1996
-2505
-2174
-1775
-2111
-2874
-3297
-3039
-3169
-3523
-3610
-3093
-2455
-2448
-2708
-3245
-3101
-2411
-1599
-1422
-1564
-963
-613
-656
-1035
-303
638
859
864
984
1318
825
1010
1612
1822
1551
1475
1977
1675
1146
971
1353
1424
1116
1071
949
716
238
157
318
519
611
300
-170
-420
-146
171
115
-17
87
133
36
-12
166
351
509
570
546
517
563
721
579
460
682
883
785
441
426
674
537
73
-156
248
611
468
-185
-687
-576
-239
-148
-551
-707
-656
-675
-1036
-1274
-1104
-990
-948
-1115
-965
-1049
-1213
-1164
-855
-555
-514
-166
8
-24
-334
86
796
1321
1457
1195
1192
1184
1822
2300
2403
2139
2014
2152
1980
1935
1875
1864
1694
1567
1301
516
42
141
204
-298
-838
-1028
-1434
-2150
-2498
-2180
-2119
-2504
-2827
-3098
-3507
-3653
-3093
-2612
-2856
-3238
-3035
-2573
-2641
-2518
-1875
-1310
-1045
-1141
-913
-771
-297
390
880
1116
1015
1146
1193
1609
1981
2266
2278
2152
2207
1918
1812
2007
2310
2144
1738
1582
1344
1076
985
1178
1088
529
188
115
118
-43
-239
-262
-251
-280
-610
-860
-667
-253
-126
-443
-604
-490
-244
-153
-8
194
234
170
54
153
177
438
817
927
683
344
404
562
781
827
767
836
741
359
-215
-112
653
909
157
-631
-448
-111
-508
-1088
-803
-281
-409
-1158
-1531
-1343
-1068
-755
-749
-802
-941
-716
-555
-625
-461
79
661
585
427
420
679
1005
1406
1739
1579
1496
1564
1639
1419
1378
1671
1543
1202
939
916
544
6
-61
-22
-408
-961
-1104
-1256
-1805
-2268
-2320
-2550
-2817
-2813
-2767
-3077
-3442
-3233
-3133
-3148
-2969
-2518
-2345
-2550
-2153
-1530
-1235
-1369
-780
117
295
173
558
1440
1471
1436
1864
2622
2740
2379
2450
2618
2861
2821
2807
2535
2222
2256
2211
1998
1563
1254
1090
871
789
465
9
-157
-9
-115
-705
-826
-562
-510
-866
-879
-543
-684
-966
-859
-303
-250
-487
-318
-78
-13
-53
287
545
426
413
644
847
741
637
803
947
1038
967
750
579
511
722
737
471
216
73
-22
-148
-268
-380
-578
-635
-769
-1127
-1215
-1116
-1024
-1392
-1489
-1343
-1254
-1226
-1258
-990
-1022
-813
-692
-538
-290
-22
404
341
459
576
826
1080
1369
1624
1377
1329
1531
1605
1237
1232
1801
1774
842
199
413
496
-84
-419
-249
-618
-1424
-1940
-1911
-1946
-2134
-2313
-2667
-2952
-2932
-2849
-3299
-3466
-2670
-1970
-2316
-2883
-2489
-1826
-1549
-1031
-325
-108
-218
253
868
1071
1439
2176
2693
2343
2359
2813
3012
2987
3063
3379
2974
2747
2706
2406
2011
1834
2129
1582
857
476
433
356
-206
-309
-430
-711
-1063
-1224
-1096
-1253
-1234
-1150
-1185
-1342
-1364
-1144
-971
-727
-559
-458
-421
-373
-142
224
542
799
783
607
611
950
1266
1197
1225
1246
1154
841
762
999
956
771
587
576
292
-178
-262
-123
-71
-366
-733
-908
-1020
-1059
-1171
-1115
-1068
-1134
-1267
-1397
-1282
-1267
-1100
-902
-652
-568
-646
-598
-445
-85
209
574
503
331
479
875
1132
1008
1059
970
1112
1300
1243
923
606
781
832
588
203
9
-117
-366
-647
-898
-1071
-1244
-1433
-1756
-1845
-1706
-1978
-2560
-2554
-1968
-1959
-2421
-2338
-1945
-2017
-2076
-1488
-999
-1003
-941
-519
-141
68
571
992
1030
1324
2008
2293
1851
1891
2633
2958
2796
2557
2634
2541
2402
2373
2123
1979
1813
1667
1079
571
586
528
355
-221
-576
-683
-761
-812
-1203
-1314
-1262
-1149
-1154
-1444
-1372
-1135
-777
-712
-919
-754
-409
-26
-51
-29
349
567
659
620
882
1077
1028
1164
1238
1175
908
931
1060
884
745
651
495
202
80
148
37
-212
-484
-607
-794
-902
-762
-875
-1097
-1249
-1156
-1166
-1273
-1150
-1086
-1048
-1059
-862
-812
-872
-696
-470
-138
-96
-117
-75
48
314
461
669
680
580
553
631
802
858
877
755
581
536
584
408
42
166
369
14
-501
-539
-393
-846
-1169
-823
-716
-1215
-1506
-1270
-1337
-1643
-1346
-1006
-1296
-1562
-1174
-837
-1002
-847
-515
-515
-449
98
411
129
335
969
1004
718
1179
1799
1485
1177
1691
2077
1577
1340
1937
2101
1628
1376
1531
1306
878
990
1096
780
463
403
70
-349
-291
-189
-506
-801
-650
-744
-1208
-1316
-1033
-986
-1058
-815
-742
-1095
-1227
-733
-298
-293
-256
-56
38
35
194
466
624
721
890
904
703
660
882
944
946
994
860
600
421
463
404
303
252
159
-97
-449
-551
-521
-528
-622
-735
-824
-958
-1065
-1033
-913
-834
-829
-761
-813
-970
-822
-495
-294
-391
-342
-116
-186
-163
129
341
221
226
500
493
377
495
615
493
465
736
688
282
251
484
309
12
205
291
-178
-433
-128
-94
-537
-575
-385
-670
-928
-653
-480
-819
-920
-682
-656
-812
-687
-443
-657
-719
-318
-128
-341
-313
76
154
0
157
483
512
435
649
785
632
714
999
1057
855
885
1087
1019
816
744
815
800
764
699
495
287
286
345
166
-44
-15
-18
-198
-399
-467
-471
-514
-496
-490
-462
-596
-740
-635
-412
-276
-318
-268
-133
-131
-187
-41
272
386
276
270
410
537
480
355
402
580
668
586
408
304
259
170
189
245
165
-75
-206
-215
-364
-532
-537
-411
-430
-627
-785
-847
-818
-737
-710
-649
-495
-453
-579
-634
-407
-172
-161
-86
143
256
123
157
350
495
635
807
956
751
608
735
863
875
825
823
671
512
445
351
261
228
151
-103
-307
-375
-539
-734
-855
-802
-818
-1049
-1227
-1282
-1204
-1151
-1129
-1141
-1106
-1066
-1078
-967
-755
-549
-579
-553
-291
-47
29
82
304
503
592
658
816
890
971
1096
1124
1142
1094
1120
1072
1039
1061
993
851
660
593
490
340
282
244
97
-102
-261
-334
-324
-310
-369
-495
-626
-620
-530
-500
-502
-504
-428
-384
-287
-181
-141
-67
57
205
268
316
348
428
515
572
597
617
622
578
546
490
500
489
395
155
10
88
93
-25
-216
-357
-473
-547
-584
-623
-676
-718
-710
-825
-926
-865
-651
-550
-651
-672
-575
-426
-334
-190
-28
38
158
271
253
237
499
819
795
651
815
995
791
638
810
1025
925
675
572
383
274
322
288
120
-67
-145
-367
-582
-610
-598
-672
-886
-906
-976
-1118
-1144
-1137
-1103
-1103
-942
-844
-972
-1107
-851
-516
-453
-431
-343
-139
-67
75
187
275
466
626
730
651
750
869
905
932
913
959
948
920
791
617
555
689
623
354
240
241
258
52
-84
-77
-28
-103
-248
-247
-281
-244
-277
-264
-240
-275
-201
-197
-113
-107
-115
21
127
128
34
92
193
235
190
190
211
177
123
61
128
117
63
-46
-116
-99
-132
-198
-255
-224
-275
-443
-508
-449
-377
-465
-583
-514
-411
-430
-528
-486
-406
-240
-139
-109
-94
-113
40
227
437
456
408
477
672
796
736
780
870
939
860
777
730
733
771
741
688
511
441
378
270
145
23
-22
-184
-288
-407
-484
-581
-679
-651
-782
-859
-992
-1014
-937
-1001
-940
-961
-999
-1040
-968
-835
-795
-642
-585
-507
-515
-451
-298
-168
97
80
12
31
239
404
413
458
550
718
633
626
649
683
762
767
815
668
570
537
555
579
524
489
350
241
167
147
100
41
41
-52
-126
-150
-164
-192
-173
-88
-67
-135
-249
-253
-139
-97
-98
-127
-106
-83
-82
-98
-100
4
9
-101
-233
-184
-111
-144
-166
-195
-247
-289
-278
-317
-322
-291
-220
-281
-368
-326
-294
-216
-154
-71
-67
-109
-77
-37
40
79
197
340
356
318
302
460
610
630
631
697
714
605
542
679
836
822
734
668
639
572
526
535
555
434
285
150
41
-35
-165
-222
-261
-294
-463
-638
-727
-762
-806
-920
-879
-864
-988
-1057
-1021
-924
-841
-815
-818
-793
-730
-648
-522
-389
-282
-258
-242
-199
-66
41
67
145
209
301
257
257
322
430
528
479
482
409
416
490
541
546
486
535
510
400
328
367
411
369
379
310
149
39
54
92
58
21
17
15
-140
-245
-238
-163
-86
-167
-228
-269
-273
-300
-294
-197
-202
-219
-197
-226
-256
-250
-215
-124
-73
-101
-107
-114
-125
-126
-91
-6
17
-6
-53
-84
-71
-85
-52
-15
30
30
-63
-96
-52
36
109
151
142
138
153
148
222
312
387
442
456
464
411
417
547
590
599
599
585
571
538
546
493
503
497
430
364
260
205
127
79
38
-59
-149
-215
-251
-332
-435
-521
-563
-578
-644
-670
-705
-718
-750
-784
-739
-708
-704
-695
-676
-620
-563
-575
-525
-438
-334
-259
-206
-156
-100
-61
-18
46
98
167
197
257
285
278
268
357
427
424
426
450
477
395
344
352
392
383
387
369
334
261
127
122
114
93
38
-26
1
-85
-196
-234
-193
-156
-214
-243
-279
-311
-348
-343
-320
-275
-240
-251
-249
-279
-291
-260
-132
-79
-140
-147
-118
-69
-83
-71
-8
35
45
-9
-37
12
120
181
189
200
164
117
112
193
262
275
270
243
211
221
289
358
429
397
370
366
385
422
401
487
544
509
402
386
421
434
465
433
395
341
304
215
212
251
196
132
-1
-106
-186
-210
-152
-194
-256
-393
-518
-538
-577
-562
-535
-535
-598
-671
-771
-768
-667
-597
-566
-596
-514
-563
-641
-518
-351
-231
-237
-208
-199
-164
-102
-55
98
159
203
234
253
265
239
305
392
416
382
360
330
310
270
279
315
314
253
177
128
95
97
23
-13
-47
-138
-211
-233
-241
-269
-301
-293
-300
-335
-371
-381
-314
-299
-272
-253
-219
-211
-190
-127
-117
-49
-21
6
30
72
133
161
167
143
168
208
241
272
307
342
306
285
275
242
303
348
337
275
199
153
156
225
244
217
203
176
152
149
202
275
256
279
256
214
215
196
200
243
288
241
193
182
198
222
226
177
137
115
102
73
48
55
41
-17
-102
-162
-207
-224
-267
-285
-377
-439
-505
-575
-534
-547
-575
-577
-522
-564
-595
-519
-430
-411
-442
-439
-381
-273
-211
-192
-154
-117
-125
-77
19
105
151
198
198
212
237
235
274
351
394
339
287
243
224
180
198
241
256
192
43
6
-30
-53
-41
-44
-66
-119
-213
-290
-290
-275
-281
-237
-241
-302
-348
-386
-316
-247
-184
-167
-148
-124
-154
-149
-95
3
16
63
76
95
142
122
193
246
320
313
265
276
278
314
322
354
345
302
272
238
271
291
301
283
260
247
225
261
226
224
228
176
171
149
136
148
170
127
106
82
33
60
104
138
95
54
31
-28
-31
-36
-17
23
-51
-126
-149
-183
-189
-194
-171
-154
-204
-252
-333
-362
-319
-312
-284
-247
-230
-240
-265
-234
-190
-186
-212
-210
-175
-193
-192
-161
-120
-91
-73
-31
-39
0
22
42
90
97
114
131
126
91
138
184
174
151
127
65
16
32
48
60
35
31
-40
-116
-139
-153
-117
-80
-104
-164
-200
-231
-251
-241
-180
-149
-142
-186
-209
-188
-174
-102
-45
-19
-32
-22
-47
-6
44
73
107
92
120
86
121
152
177
215
194
167
145
171
187
148
157
184
153
100
70
103
131
172
196
168
102
79
95
135
142
140
148
90
86
58
70
123
183
200
165
156
139
146
155
214
201
148
120
33
25
77
120
91
54
29
-36
-49
-57
-49
-61
-100
-137
-187
-220
-218
-225
-223
-172
-151
-178
-215
-206
-187
-166
-109
-103
-116
-118
-141
-121
-113
-75
-32
-46
-58
-96
-94
-96
-89
-69
-54
-39
-82
-117
-152
-111
-28
-29
-44
-67
-85
-55
-61
-60
-39
-68
-105
-108
-80
-85
-93
-57
-34
-48
-41
-23
-9
-6
0
1
-9
-17
-42
-6
38
15
15
22
-4
15
60
108
90
63
50
13
38
66
85
78
76
67
84
125
145
128
126
158
114
102
74
69
90
107
123
101
130
134
117
124
117
142
149
141
129
124
129
123
114
64
80
94
90
78
46
55
56
63
20
-17
16
56
66
40
-2
-32
-52
-25
-22
-25
-33
-78
-95
-118
-111
-91
-53
-59
-104
-121
-127
-88
-73
-66
-70
-66
-84
-122
-123
-130
-101
-96
-76
-76
-120
-110
-69
-32
-70
-65
-33
-70
-84
-97
-86
-51
-41
-44
-60
-81
-112
-113
-98
-95
-64
-61
-86
-116
-133
-107
-106
-87
-73
-75
-60
-41
-31
-1
38
31
27
22
29
29
47
69
80
82
69
55
100
127
115
107
112
121
69
99
109
124
125
106
108
93
82
70
105
114
87
51
49
60
73
56
66
104
105
54
36
101
92
82
60
65
80
53
53
48
44
38
35
25
-2
-18
-18
-13
-5
-13
-21
-25
-10
-25
-60
-57
-75
-60
-47
-57
-86
-59
-15
-25
12
-9
-48
-58
-37
-29
-47
-22
-33
-72
-79
-73
-76
-40
-28
-32
-30
-66
-72
-91
-71
-53
-58
-37
-88
-98
-80
-70
-39
-11
-26
-69
-74
-55
-27
-13
-6
-6
20
5
-30
-4
-4
-7
17
16
-6
-15
-22
1
-10
-5
-6
-35
-25
-47
-16
2
3
9
4
-9
-37
-14
6
20
46
57
42
34
37
54
86
94
101
85
50
38
64
122
120
99
91
66
75
60
56
82
66
38
22
29
16
-9
26
41
31
38
8
3
5
19
50
56
53
28
3
5
33
41
25
41
27
1
-18
-29
6
16
-13
-56
-75
-61
-36
-22
-20
-25
-53
-85
-76
-42
-50
-47
-34
-31
-50
-86
-76
-41
-44
-38
-3
-43
-41
-38
-56
-50
-35
-26
-60
-50
-58
-74
-66
-19
-20
-38
-42
-85
-63
-38
-24
-9
6
-16
-43
-30
-27
-17
9
2
0
-30
-34
15
0
20
18
-19
-37
-12
6
3
31
40
38
16
18
1
9
56
61
72
50
35
37
50
81
72
76
85
72
50
38
60
88
101
91
86
57
56
37
6
24
40
58
60
57
42
69
80
68
41
40
39
23
26
7
9
-10
-20
-22
-5
-7
7
26
13
-19
-63
-47
-54
-80
-73
-57
-75
-67
-79
-84
-50
-31
-33
-45
-32
-27
-39
-52
-29
-15
-34
-51
-25
-22
-44
-28
-2
13
-5
-29
-46
-44
-61
-43
-12
-27
-35
-28
-19
-19
-23
-37
-15
-17
-50
-60
-56
-34
-32
-46
-25
-20
-8
-6
-2
3
-11
-14
-51
-53
-55
-31
4
15
9
23
15
-9
31
29
35
42
45
59
53
33
54
61
62
50
31
39
16
40
46
53
57
35
37
24
22
31
46
61
41
27
-1
10
37
15
40
69
60
35
34
30
53
67
36
48
60
70
52
50
66
53
35
57
67
47
44
43
24
6
9
-5
6
20
-9
-16
-31
-26
-29
-42
-19
-25
-21
-54
-77
-72
-95
-75
-59
-70
-76
-96
-102
-82
-81
-78
-70
-72
-75
-79
-75
-73
-44
-16
-10
-13
-35
-36
-30
-14
-9
-13
-9
-20
-55
-54
-52
-44
-36
-62
-16
-22
-43
-28
-29
-14
3
22
-13
-10
-9
-15
17
1
-10
-14
-25
-26
-26
2
26
31
27
-3
-34
-18
13
28
39
35
51
48
36
28
36
63
67
68
41
42
67
67
90
76
51
32
42
79
58
51
58
52
60
37
50
47
17
31
32
23
0
8
28
41
40
60
61
35
62
64
69
63
93
92
53
31
19
40
23
13
21
12
1
21
10
-4
3
7
10
-22
-51
-49
-48
-40
-48
-66
-69
-83
-88
-82
-45
-63
-75
-95
-116
-107
-106
-73
-85
-88
-108
-114
-73
-40
-41
-50
-22
-22
-45
-37
-36
-41
-33
-18
-30
-25
-13
-57
-49
-35
-41
-9
0
19
2
-51
-25
-3
-15
-6
-5
-13
-7
-9
-16
-4
9
-15
-39
-4
6
-2
4
-27
-28
-19
-18
-28
-37
-7
4
7
18
-1
7
34
48
29
36
51
41
68
56
59
74
64
96
109
109
86
83
90
102
88
69
104
83
76
63
76
73
53
86
80
75
80
88
65
69
54
47
45
45
83
80
73
57
37
17
27
9
21
22
-17
-1
-4
-16
-25
-22
-23
-36
-44
-54
-46
-35
-45
-50
-65
-48
-44
-90
-76
-73
-72
-74
-86
-92
-113
-104
-97
-117
-97
-81
-102
-95
-118
-110
-89
-99
-85
-95
-82
-81
-82
-50
-54
-34
-34
-42
-31
-45
-25
-36
-54
-22
-10
0
-16
-22
-6
-14
-27
-28
3
3
-2
11
1
12
19
14
32
35
22
23
32
37
18
22
56
66
47
41
49
46
65
57
36
60
77
85
54
57
64
55
76
59
82
78
59
54
54
57
61
66
77
92
55
44
68
62
30
22
48
59
47
45
31
17
23
57
60
31
34
16
10
19
35
17
10
10
3
34
28
0
-19
-6
2
-16
-2
37
-4
-32
-26
-28
-13
-21
-27
-63
-75
-76
-79
-82
-85
-81
-115
-107
-126
-119
-89
-115
-97
-82
-73
-91
-89
-75
-78
-95
-90
-46
-52
-48
-66
-48
-18
-38
-17
-16
-23
-39
-44
-23
-33
-19
15
-7
-5
4
-7
8
16
19
9
4
2
22
35
35
35
35
29
32
31
35
64
31
20
30
29
41
54
65
54
44
27
29
28
20
36
18
35
17
-8
-3
-13
22
24
43
24
12
30
22
41
24
36
62
57
41
46
31
43
76
66
63
61
59
25
20
38
40
51
47
53
56
35
22
31
35
-3
0
-4
-1
31
-3
-18
-9
9
-2
-27
-17
-16
-48
-47
-33
-67
-51
-25
-33
-57
-44
-29
-44
-54
-57
-23
-56
-63
-66
-59
-46
-50
-27
-42
-55
-70
-64
-74
-60
-69
-57
-57
-69
-33
-80
-73
-56
-39
-38
-34
0
1
-15
-20
-13
-12
19
17
19
17
37
48
38
50
41
29
28
38
39
44
17
7
17
19
3
21
29
12
10
3
8
-10
-9
3
12
-1
6
28
5
10
11
15
18
4
11
7
-14
-12
-7
18
36
19
25
29
20
23
17
22
53
51
37
41
40
28
7
31
36
26
41
33
35
40
57
63
64
57
49
35
35
46
23
18
24
16
12
7
0
13
-9
-29
-33
-13
-2
-48
-48
-32
-32
-43
-51
-53
-57
-78
-81
-88
-86
-58
-56
-64
-55
-45
-41
-46
-53
-29
-19
-19
-33
-27
-30
-50
-45
-20
-1
-15
-15
13
29
8
-3
4
-4
-18
-23
-14
8
-12
-23
-3
-7
9
7
5
29
27
8
-10
3
3
-3
16
16
22
7
14
21
29
35
13
31
44
42
32
34
43
47
54
58
49
32
31
47
35
10
38
12
5
13
-20
-17
-14
-19
-37
-26
-37
-43
-34
-37
0
0
-2
19
21
35
-9
3
26
3
22
29
22
18
34
16
12
9
1
8
-5
0
-23
-41
-5
-3
-34
-12
4
-7
-8
5
-8
-28
-35
-31
-24
-19
-10
-14
-9
20
16
2
21
-2
7
15
3
-6
0
9
6
9
6
13
-13
-7
-10
-19
-7
6
0
-25
-46
-31
-19
-57
-34
-3
8
-1
-13
6
10
3
9
12
19
2
-5
2
-15
-30
-35
-13
-28
-31
-27
-24
-7
-13
-13
-27
-28
1
-4
-19
-13
-28
10
10
-10
13
31
32
1
10
7
9
16
37
55
18
18
42
26
14
32
33
25
12
13
11
24
32
9
26
47
14
-8
19
21
3
13
32
22
28
38
14
22
25
9
-1
18
19
-12
-20
-22
-18
-13
-4
-10
-16
-14
-17
-15
-20
-22
-7
17
4
-9
-9
4
-5
-19
1
-16
-38
-36
-37
-39
-24
-34
-53
-32
-9
-10
-12
-2
-16
-48
-43
-17
-23
-17
-27
1
-8
-39
-10
-6
-1
-24
-20
-11
17
13
-11
16
22
25
9
15
38
3
10
28
13
15
7
10
4
-7
-7
21
29
24
22
20
22
7
24
28
34
24
31
24
5
8
-11
-10
-16
-20
-22
-37
-40
-17
3
-6
0
22
-15
-22
4
-3
-13
-14
5
5
10
-17
-24
2
3
3
6
24
22
30
29
19
4
-3
-4
3
32
20
7
12
24
34
33
30
45
35
31
9
5
27
-6
-4
19
15
-3
-10
-19
-24
-40
-45
-22
-25
-32
-21
-19
-12
-20
-30
-1
-15
-29
-28
-20
-1
-4
-17
-19
-14
-3
-13
-20
-5
-3
-9
-8
1
-8
-11
-30
-5
0
-18
-4
-2
0
-23
-12
4
3
7
3
18
21
-6
-13
3
1
-13
15
13
-10
-4
-16
-31
-34
-11
-9
-10
-3
-25
0
6
1
7
11
9
6
34
29
18
19
27
44
34
28
26
12
21
29
22
26
38
27
6
18
13
5
10
9
20
14
26
23
2
6
20
13
-14
-9
4
1
16
32
0
-6
0
-2
3
4
5
-10
-4
3
-4
5
13
-10
-25
-10
-6
-4
-17
-26
-31
-21
-22
-44
-43
-48
-42
-53
-36
-13
-39
-36
-20
-28
-23
-28
-21
-19
-35
-4
3
-1
7
3
4
12
11
13
13
29
29
14
32
24
32
32
27
3
7
30
11
9
14
17
-12
-15
-7
-12
-2
4
0
16
15
-16
0
11
-15
-8
9
-7
-7
-9
-17
-20
-32
-24
-13
-19
-20
-20
-27
-22
-20
-24
-13
11
6
-41
-19
7
-2
16
15
11
0
9
8
1
14
2
-3
20
15
6
38
25
38
26
18
48
26
41
59
50
29
31
44
23
41
35
3
14
14
15
15
13
7
-4
10
13
8
7
2
-13
0
2
-21
-25
-16
-16
-22
-20
-37
-17
-13
-32
-32
-21
-13
-24
-23
-25
-22
-29
-41
-42
-13
-11
-15
-19
-28
-10
-4
-8
-16
-1
-4
-7
-9
-5
-5
-10
6
16
-4
-15
8
5
-6
3
-2
-5
-8
-10
0
-19
-19
-12
-26
-4
-20
-22
-6
-26
-22
-9
6
-5
-12
-8
-4
0
6
14
15
34
36
28
29
27
25
25
24
34
48
48
41
53
33
15
17
10
25
23
15
18
14
-9
-12
-10
-3
-16
-24
9
-14
-20
-3
-4
-10
-5
-20
-23
-8
6
4
-11
-2
-16
4
-5
6
29
22
18
12
31
3
2
7
1
13
25
35
37
12
-2
13
22
28
9
13
7
-4
-5
-6
-7
-12
3
-6
0
-6
-25
-16
-8
-40
-43
-54
-57
-26
-25
-13
-18
-9
-8
2
-3
-24
-26
-17
-22
-38
-14
-21
-9
-3
-8
-15
-5
-4
-9
1
-26
-3
6
-3
6
3
5
-22
-20
-10
-31
-19
-7
-26
-26
-19
-21
-19
-4
-1
-13
0
12
18
17
9
21
26
23
19
32
29
14
47
31
47
48
32
57
26
13
-11
6
7
-13
5
-1
-10
-12
-3
-17
2
21
16
15
14
6
13
26
19
3
-3
5
-2
-1
-3
5
10
7
0
-4
15
16
32
34
28
30
15
22
19
24
1
-8
6
-5
-6
-10
26
18
12
4
7
18
-17
-25
-31
-35
-35
-16
-11
-32
-41
-34
-31
-39
-35
-16
-25
-52
-44
-45
-13
4
-15
9
4
-13
-13
19
11
-16
14
-7
-20
-15
14
-4
-10
22
15
6
-7
7
-11
-22
-26
-17
-22
-26
-13
-24
-10
8
12
14
19
1
9
1
-13
-10
-19
-7
-10
-5
9
-26
-18
0
-25
-12
-6
4
3
3
4
-4
1
5
17
16
18
19
22
35
29
12
21
25
14
25
19
7
7
-2
6
12
16
14
-2
29
45
14
-1
9
20
10
13
20
14
6
19
42
28
17
6
-5
9
-4
2
8
2
-2
0
0
12
41
33
22
12
4
-12
-13
-5
1
-10
-21
-4
-13
-28
-30
-13
-15
-9
-7
-6
-26
-24
0
7
15
-9
-1
-18
-24
-19
-14
-22
-25
-15
-30
-10
-16
-14
-8
-20
-27
-23
-22
-31
3
-4
-19
-15
-25
-15
-20
-15
-12
-12
0
0
-8
-29
-19
-16
-4
10
1
2
2
-4
-3
4
3
10
-1
0
-6
-7
9
8
-9
-6
10
-10
2
-7
-9
10
-2
1
13
17
9
-2
9
8
0
17
14
19
7
18
37
24
19
0
32
35
28
35
32
44
18
35
37
36
43
27
19
2
7
19
13
5
3
8
9
2
6
3
0
10
-2
-3
-22
-28
-29
-26
-8
0
13
7
14
6
16
5
-15
17
16
-8
-19
-7
-10
-16
-2
-13
-25
-26
-28
-44
-45
-40
-44
-18
-3
-14
-9
0
-6
-9
4
14
6
2
-8
-6
-7
-2
-1
7
13
-9
-5
-15
-6
-3
-14
-29
-32
-31
-56
-42
-51
-51
-30
-26
-12
1
3
12
17
-8
2
9
-5
-3
-15
2
5
19
29
15
16
-10
16
17
-2
19
17
2
8
27
10
15
23
13
30
16
4
-2
3
12
18
28
36
22
3
19
19
16
9
-3
1
7
22
19
16
34
35
26
27
17
14
22
28
14
10
18
18
18
20
13
1
-1
-8
-15
-37
-26
-22
-54
-29
-8
-33
-38
-40
-28
-30
-35
-26
-37
-12
-8
-10
0
16
13
0
15
6
16
28
23
28
22
29
22
0
-11
-19
-35
-8
-2
-37
-26
-39
-34
-49
-42
-31
-27
-8
-16
6
-5
10
7
2
16
1
-2
12
8
4
19
13
10
18
21
24
36
26
3
3
3
-24
-16
-11
-11
-20
-34
-16
-18
-21
-30
-2
13
-7
-6
-12
-24
-25
-28
-22
-18
-12
-19
-25
-13
0
16
13
19
15
31
39
31
47
35
16
29
34
26
17
10
37
31
18
37
12
6
6
7
26
19
13
19
33
27
17
19
10
18
11
-4
15
18
20
-6
-6
15
-7
1
12
18
16
4
4
-5
-9
-7
-17
-18
-9
-10
-35
-35
-37
-55
-31
-30
-36
-32
-53
-42
-35
-28
-26
-28
-22
-26
-9
-27
-39
-42
-31
-3
-13
-8
-30
-17
-19
-25
-16
-6
-2
-41
9
6
-13
-12
-9
10
0
12
18
29
21
12
12
31
34
17
24
10
36
47
25
29
27
37
19
30
42
25
40
34
36
25
26
32
4
3
22
20
-1
-3
-7
3
2
-5
-3
-7
9
-10
-1
10
8
-5
-7
0
-3
-1
-22
-4
-4
-4
-2
6
15
-4
-18
-28
-10
-19
-26
-21
-23
-9
3
-6
-22
-28
-36
-17
-4
-8
-13
-3
-1
1
2
8
22
-2
13
25
12
14
6
3
-2
-9
-5
-13
-9
-5
0
-14
-36
-42
-40
-25
-29
-11
-19
-41
-16
-5
-3
-6
-7
3
-5
-3
3
12
8
2
19
3
-6
4
15
15
13
6
4
6
-6
12
19
17
4
13
20
20
28
3
15
24
19
19
23
24
17
32
28
11
18
34
9
10
10
-13
-14
7
21
-1
-9
-15
-7
-21
-38
-42
-33
-32
-47
-25
-9
-9
-21
1
9
-15
-19
4
-9
-17
6
6
9
3
21
26
19
18
15
14
21
18
5
14
34
21
12
18
2
13
3
9
5
-7
10
3
17
7
-15
-10
13
10
-4
-11
-13
-14
-21
-7
1
-10
10
12
4
12
-16
-18
0
-2
-19
-17
-24
-57
-63
-52
-47
-55
-38
-50
-52
-29
-16
-23
-15
13
-6
-6
-4
-9
-24
-31
-18
-11
-6
3
7
11
14
7
32
44
29
37
48
43
31
30
29
19
32
29
14
22
20
19
14
1
13
0
1
5
1
6
-3
-1
14
16
-4
0
9
11
10
20
16
4
9
7
8
-9
6
10
28
25
35
26
0
28
3
7
-8
6
25
14
2
-3
2
-25
-1
-17
-16
-10
-28
-25
-28
-36
-46
-29
-21
-27
-44
-32
-34
-26
-28
-31
-9
-22
-19
-25
-16
-1
-3
1
1
-3
-4
-9
3
5
2
1
-3
-3
3
10
3
8
0
20
29
21
28
19
13
29
33
4
-1
-1
-4
-1
0
0
2
2
-7
-9
-3
-4
-6
-1
-1
-7
0
-3
-13
-3
-12
-3
-3
-3
1
-6
5
-1
22
28
25
12
11
16
16
38
47
32
23
21
0
2
6
16
4
6
-7
-16
-11
-28
-42
-32
-16
-37
-22
-28
-27
-22
-27
-7
8
-4
-2
-1
-16
-10
3
19
6
1
3
0
-6
-9
-6
-20
-23
-21
-13
-4
1
6
13
22
25
27
29
40
45
39
23
23
20
6
21
13
6
10
31
23
9
22
3
0
-12
-8
-24
-21
-18
-31
-30
-44
-16
-25
-34
-29
-2
-14
-38
-4
1
1
5
11
2
-3
8
27
38
31
16
4
0
-5
5
15
13
3
7
2
-6
-7
-5
-17
-34
-13
-13
-11
-12
-4
1
-16
-16
-27
-16
-20
-14
-11
-6
-3
-28
-16
0
-17
-35
9
20
-10
4
6
-4
3
1
0
-6
-4
4
-5
-9
-11
-16
-8
2
-13
-2
3
-3
-5
-9
-9
11
18
13
17
17
26
19
25
30
41
27
18
23
25
60
41
42
32
45
46
25
28
-1
1
10
23
0
5
3
-1
2
5
16
0
9
-11
-10
0
-4
-5
-3
-7
-4
-3
-6
0
-7
-6
-21
-4
-6
-31
-35
-21
-18
-31
-18
-16
-20
-34
-19
-22
-45
-53
-50
-38
-38
-35
-45
-55
-46
-32
-22
-3
-1
-6
-1
-9
1
17
15
-7
3
21
13
22
20
23
22
9
13
33
21
2
13
17
22
19
29
29
37
47
22
32
35
16
18
8
13
16
12
7
-17
-7
-9
-7
-10
-19
-25
-9
6
-10
-15
-22
-1
-27
-29
-13
-26
-15
-26
-6
12
-4
6
0
-10
-1
-3
-2
9
17
6
7
3
14
23
25
37
22
12
6
9
22
44
9
1
16
3
31
16
12
11
-3
16
8
12
25
9
-1
10
12
-5
-3
-1
-12
-22
-27
-9
-16
-34
-29
-22
-9
-10
-25
-16
-36
-40
-19
-25
-26
-33
-19
-16
-28
-36
-19
0
1
11
-2
-9
-7
8
4
-7
4
1
-9
-2
-3
-2
8
-3
-14
-13
-4
-8
-6
-6
-15
3
17
12
12
11
22
9
13
22
32
46
17
19
16
19
15
21
11
-7
17
17
1
-10
9
-18
-27
-19
-19
-19
-22
-10
-18
-19
-31
-18
-17
-28
-24
-15
-4
-6
3
3
17
28
37
39
34
57
40
32
39
24
19
29
35
18
23
28
9
0
12
4
0
3
-15
-25
-13
12
-4
-2
3
0
-8
-12
-12
-15
4
-17
-7
0
-3
-7
-4
11
3
-2
0
-3
-25
-27
-22
-16
-21
4
0
0
9
-6
-4
0
-1
-20
-17
0
7
-28
-16
-3
-21
-35
-15
3
-11
12
-1
-6
-2
5
-10
-10
3
-9
-9
-7
-1
-17
-12
-11
-18
-16
-22
-15
6
-1
-18
9
28
22
8
3
7
-7
-3
9
13
17
11
9
7
6
9
22
30
16
12
35
31
5
0
7
-7
-6
7
-7
-8
2
0
-4
-19
-23
0
-19
-9
7
10
12
-5
11
24
29
8
30
33
7
9
16
13
-2
16
20
8
5
0
7
14
10
20
30
22
17
20
0
8
11
-4
10
-2
9
4
-24
-12
-17
-19
-7
-19
-9
-22
-29
-25
-32
-32
-22
-5
-16
-15
-16
0
0
0
6
6
-5
-3
-23
-22
3
-23
-20
-34
-30
-32
-36
-28
-28
-36
-41
-25
-26
-12
-13
-15
-34
-35
-38
-51
-28
-24
-1
7
11
26
33
24
28
44
49
50
29
41
67
68
67
58
51
48
35
26
21
29
38
26
12
20
23
15
12
16
6
1
10
4
2
-5
-7
-24
-34
-25
-30
-11
-24
-28
-19
-38
-38
-28
-20
-31
-29
-29
-19
-9
-13
-14
-15
-6
9
19
5
10
0
-6
3
-16
-13
0
-16
-19
-15
-19
-19
-6
12
1
25
26
21
8
-4
11
6
18
6
30
31
17
32
31
26
22
17
6
4
0
7
22
5
3
15
2
-10
-17
-15
-22
-25
-25
-16
-11
-20
-14
-12
-14
-8
1
-12
-9
7
1
-12
-8
-8
-10
-9
-23
3
-16
-33
-25
-29
-30
-25
1
-10
-4
-19
-5
16
21
35
14
4
5
16
1
3
15
13
11
8
32
36
16
28
22
11
9
-3
6
-4
-6
-10
-19
-3
-16
-36
-9
10
-3
1
10
7
2
8
5
9
6
14
32
14
18
16
27
34
21
10
16
16
6
9
13
0
-21
4
0
-6
-7
-19
-26
-29
-9
-29
-28
-13
-15
-24
-30
-25
-37
-24
-13
-29
-29
-29
-25
-34
-15
1
-9
15
2
10
14
23
30
7
25
40
29
26
41
25
24
19
3
3
3
2
-1
-8
-24
-15
-9
-16
-12
6
-3
-2
-13
-25
-21
-36
-3
-3
2
13
13
16
12
19
21
22
6
20
9
23
26
-3
-4
14
18
-3
-2
-9
-5
-10
-8
-12
-16
-25
-26
-12
-7
-7
-9
8
-19
-23
-19
-26
-37
-42
-19
-16
5
5
-3
9
14
12
-3
10
13
8
12
22
20
19
12
4
18
9
20
18
35
35
10
25
35
25
23
20
0
19
22
-4
-8
5
2
-11
-16
-10
-11
-14
-12
-9
-18
-19
-13
-19
-4
-7
10
10
1
22
12
-1
-14
-18
-4
-3
-11
-7
-19
-30
-24
-19
-10
-18
-34
-30
-21
-28
-32
-7
-8
-13
-4
-22
-17
-19
0
1
-3
6
-3
9
10
28
4
8
29
11
13
22
40
26
9
8
4
0
12
12
1
3
-11
-4
0
-6
19
37
39
29
16
29
39
27
27
23
19
9
-10
3
-2
-4
-6
-18
-15
-36
-37
-22
-25
-27
-31
-22
-30
-25
-25
-25
-9
-4
-10
-24
-10
-13
-4
0
6
5
-3
3
-10
0
11
16
9
34
48
32
48
59
65
67
66
42
22
24
15
18
5
2
12
-1
2
-12
-20
-25
-25
-32
-38
-29
-51
-49
-47
-38
-43
-47
-35
-28
-18
-27
-13
-11
-14
-16
-14
-10
5
0
0
6
4
0
-3
4
5
15
0
-1
1
1
3
-4
2
3
-6
-1
15
21
12
16
32
22
18
16
44
40
20
30
25
38
13
6
30
19
5
-17
-21
-25
-36
-19
-22
-20
-20
-21
-26
-28
-12
-18
-8
1
-3
-4
10
-1
-1
6
2
1
7
13
-16
-6
13
6
3
22
19
3
7
23
19
3
3
3
-2
0
7
-6
5
-6
-14
-3
-3
-9
-12
0
-5
1
-3
-4
11
13
3
8
9
13
-9
4
16
-3
2
-11
9
18
47
28
7
14
4
1
1
10
6
7
-12
-1
-13
-14
-25
-44
-26
-28
-27
-29
-16
-28
-49
-38
-23
-32
-50
-12
-10
-15
0
4
23
11
20
4
12
13
4
23
25
19
15
34
24
31
27
18
15
23
32
31
21
9
13
5
-15
-21
1
-13
-11
-8
-7
-6
-29
-19
-19
-13
-13
-29
-20
-13
-25
-14
-6
-15
-14
-4
12
-4
-3
-9
-25
-9
-24
-1
3
-4
-5
-19
9
13
5
7
4
9
18
22
29
16
9
9
13
17
22
10
3
14
-16
2
18
14
13
4
10
-6
1
3
-4
1
0
8
6
22
16
10
24
19
29
1
7
9
4
22
22
45
28
10
-7
-23
-19
-14
9
1
0
-3
-11
1
-18
-16
-15
-19
-22
-34
-28
-15
