9
-9
-26
13
14
-5
2
-8
12
-19
-38
-13
11
14
5
41
33
28
33
53
66
35
45
30
0
-10
-34
-2
23
9
-6
-42
-21
-13
-32
-51
-31
-34
-51
-39
-31
-10
-36
3
15
-9
3
2
-6
-6
10
4
6
10
22
13
-3
-10
6
19
3
26
50
40
6
17
27
18
29
26
44
40
20
13
5
9
20
31
12
26
45
9
-34
-21
-35
-28
-25
-38
19
-25
-26
-19
-9
-9
-34
-2
-9
-27
-28
-22
-37
-12
-36
-35
-6
3
-29
-42
7
-19
-18
1
8
-7
-36
-25
-10
-34
-26
-7
0
20
8
-15
7
7
6
33
22
26
0
18
36
5
22
36
21
28
37
20
12
-5
-3
10
25
19
16
-2
0
3
-3
13
-12
32
28
3
10
-8
-3
-16
9
21
15
13
1
7
7
-25
-28
-12
-10
-17
0
7
-12
-15
-55
-50
-24
-12
-4
12
15
17
-13
-6
32
4
23
-6
-22
-13
-5
-12
-20
7
-2
16
9
4
-15
10
4
-14
12
-14
0
-22
4
20
12
12
-32
-1
3
-3
-12
16
61
19
16
-10
-8
19
12
22
-10
2
-3
-8
8
-4
-9
-12
8
-30
-35
-3
-3
12
13
7
-11
-3
12
1
-44
-42
-22
-31
-16
0
-12
-2
12
-7
5
1
7
-10
-6
17
3
19
-5
-29
4
15
16
2
-37
-45
-26
6
7
12
3
9
29
24
40
31
38
40
36
53
23
33
28
-2
5
-9
-19
-19
-3
-17
-12
-28
-36
-31
-6
-8
-48
-9
-13
13
2
-9
25
0
3
-4
-16
2
16
-4
-6
38
60
48
19
22
56
14
19
42
10
-3
-16
-18
-28
-16
1
15
6
12
-21
-29
1
-36
-7
11
9
10
-3
-5
-23
-39
-53
-31
-17
-38
-67
-77
-38
-47
-62
-48
-47
-35
-46
-34
-12
-8
-6
-2
3
0
3
15
38
25
8
25
13
-6
18
48
50
34
73
50
14
37
25
29
-3
15
44
27
29
18
23
40
32
25
40
25
29
15
15
19
3
29
35
7
0
11
-29
-33
-9
-7
-3
-21
-20
18
16
7
2
-6
1
-12
0
-25
-41
-53
-43
-11
-19
-17
-40
-24
-34
-50
-30
-20
-22
-34
-37
-28
-1
-2
-13
-12
-15
22
34
10
35
6
-5
-8
0
18
-4
33
31
26
6
0
-11
8
23
-26
-7
19
13
-29
-20
-8
-36
-34
-26
-22
-29
-1
29
-7
-9
21
7
13
20
22
8
16
21
1
2
3
20
40
37
19
3
0
-19
-22
0
-19
-3
-22
-29
12
0
6
3
21
16
6
13
24
35
6
9
16
14
16
17
45
28
-15
-1
8
-4
3
-1
-38
-25
-13
-15
-24
-28
-10
-29
-4
2
-13
-32
11
27
9
31
6
1
3
-4
-21
-9
3
3
2
28
4
-7
9
-5
-1
-36
-23
-10
8
22
10
-20
-32
-23
-17
5
-11
-46
-17
25
3
7
6
0
-6
-4
6
-25
-12
6
-19
-12
0
-6
-20
3
25
-3
1
7
-8
-10
19
26
25
54
67
20
20
33
-8
2
5
22
3
-15
-44
-30
-7
-58
-45
-17
-16
4
18
3
9
6
13
5
22
22
6
12
-4
-5
-10
13
14
-6
4
26
3
-1
10
6
-10
-21
19
9
6
11
9
15
-3
8
15
-8
-12
0
3
26
16
13
14
-38
-60
-30
3
-4
-5
-13
-18
-28
-24
18
4
-42
-64
-29
-7
-20
0
12
7
-18
-21
-22
14
12
-21
4
-17
-3
10
9
7
1
-12
-20
13
-2
-25
-20
-23
-37
-15
6
8
7
6
25
34
52
29
25
54
31
32
46
39
22
26
29
8
7
15
54
47
4
-7
0
2
-3
15
32
5
6
21
18
25
22
4
-10
17
-10
-19
-6
-25
-8
-25
-48
-74
-54
-26
-21
-31
-42
-55
-48
-14
-25
-7
-9
-22
-10
0
-15
-1
6
-2
21
22
17
-16
-8
0
6
-6
-19
6
-17
-22
-22
-28
-24
-42
-26
-30
-31
-6
-12
6
3
7
22
30
18
-11
7
19
16
9
26
16
3
31
35
58
54
30
46
12
1
11
11
1
-6
8
5
-12
-39
-19
-21
-32
3
15
9
16
20
8
5
-18
-18
29
35
17
1
-1
4
-19
-34
-27
-19
15
7
3
37
16
-14
-5
19
25
25
31
60
34
31
25
8
22
1
19
-18
-41
-28
-26
-4
-4
-15
-44
-45
-44
-27
-16
-9
7
19
2
-7
0
-18
-22
-21
-6
-32
-12
12
-19
-22
-5
14
-1
-1
-1
-6
-8
1
-38
-36
-3
-44
-41
-12
-16
-29
-20
-6
14
9
24
8
-7
42
25
1
9
38
22
30
48
4
2
1
9
14
7
19
-32
-50
5
-2
3
32
20
-16
-22
21
12
-8
-9
-27
-29
-6
-4
-41
-15
7
13
33
13
19
6
10
45
43
13
32
25
19
40
17
34
54
40
7
17
28
-6
-15
-3
25
16
-12
-8
7
-8
-35
-16
-11
-16
-40
-44
-10
-30
-8
1
-19
6
-16
-36
-26
-18
-28
-47
-36
-3
-36
-40
-6
-17
-5
-38
-20
-17
-23
-29
-16
6
-19
-13
-33
-22
-9
-6
-4
0
9
24
32
42
28
30
53
48
46
20
43
55
60
41
50
52
37
10
-34
-16
-2
6
-3
-19
-32
-14
-13
-6
16
-6
-31
-4
12
1
-1
-3
9
7
-7
3
14
7
-7
-35
-46
-46
-27
-20
-12
10
-10
-23
0
-6
-19
0
11
-22
-22
20
25
35
31
10
28
53
41
25
44
27
1
4
19
6
10
40
15
-6
17
9
-34
-31
-18
-21
-23
-3
9
-25
-20
-26
-41
-18
-32
-56
-69
-60
-41
-32
-31
-40
-24
-32
-3
3
-2
-1
-24
7
-6
-18
-17
-6
2
-6
19
13
-4
-10
13
53
44
44
44
44
57
28
32
37
14
26
50
35
18
19
-11
-3
35
33
16
25
41
16
-7
22
11
-3
-15
-19
20
-17
-12
16
2
16
-6
-7
-6
-16
-7
-6
1
-12
-18
8
2
-8
-27
-34
-22
-31
-3
-4
-12
-7
-25
-48
-25
-6
-18
-33
-13
13
-24
-10
-6
2
-6
1
9
-5
-4
-19
10
7
-14
-29
-36
-57
-22
10
2
-13
17
25
-12
7
13
15
-2
-2
12
50
9
-10
2
-15
-6
13
38
-3
31
32
-19
-10
3
-1
-6
-15
-13
-13
5
6
18
38
63
52
14
54
14
18
29
6
-3
-7
18
0
-3
-16
-25
-30
-6
0
-1
8
13
14
9
22
13
-6
-13
-5
5
-3
0
0
-4
16
-25
-41
-9
-10
-11
-10
19
13
-16
-2
15
-1
-10
13
3
2
23
22
12
-3
-13
-30
-28
-24
-9
-4
-22
3
2
-6
-3
-4
3
-23
-38
-35
-8
1
-9
-16
-33
-27
-32
-8
9
-6
-4
-6
-9
-32
-22
3
3
-19
-10
1
-22
-14
-3
2
-9
31
28
10
35
42
24
-30
6
34
41
25
10
40
3
18
34
-3
0
-6
-16
-4
-2
-5
16
23
10
32
12
-3
14
17
13
7
29
6
-2
14
18
14
-3
-5
-10
15
8
-9
14
10
-37
7
44
6
9
18
21
38
34
10
25
-7
3
12
19
16
-12
22
17
18
20
3
-12
-12
-51
-57
-34
-28
-47
-54
-57
-71
-58
-53
-20
-40
-25
-39
-57
-50
-64
-43
-14
17
5
10
-3
-11
-19
-16
-18
-19
15
0
-6
-12
-6
2
-15
-2
30
26
11
20
29
19
7
16
10
23
51
46
29
31
-6
-10
2
9
60
28
-4
-3
14
29
20
15
44
22
-14
9
4
16
18
28
23
13
-4
7
28
4
2
-10
13
8
-11
13
41
10
3
17
-12
-6
-11
-4
-35
-30
6
-11
-22
-27
-2
9
5
-15
-28
-12
-25
-15
1
-10
-18
-13
-12
4
9
10
15
-13
6
1
-31
17
45
20
16
13
14
3
13
23
32
11
-28
-15
-24
-5
-17
-5
9
-28
-34
-34
-29
-40
-54
-49
-30
-45
-52
-58
-33
-7
-6
17
3
26
41
13
17
11
-7
1
3
12
22
3
23
32
16
6
3
-2
9
26
7
20
-4
-22
-23
-37
-38
-33
-4
4
-6
1
12
9
16
35
8
-6
24
28
12
-9
4
-5
-17
-10
16
18
-9
3
-19
-19
35
16
8
44
-3
-4
1
-8
18
33
29
22
56
57
31
32
45
16
14
51
42
12
19
52
7
-13
-4
-13
5
6
6
-17
-6
-2
-15
1
-4
-26
-51
-16
-6
-41
-35
-24
-28
-44
-45
-7
4
-29
-44
-40
-16
-56
-73
-64
-44
-20
-58
-34
-43
-29
-8
-22
-13
-27
15
3
-7
14
-1
10
35
30
13
9
-9
4
3
-23
0
54
33
29
48
42
45
24
31
23
6
19
18
-4
16
6
10
35
25
6
3
29
20
4
-18
-7
-28
-19
3
-3
38
9
-4
3
-4
0
1
15
42
26
2
36
19
20
26
-1
-2
-16
-26
-17
-42
-40
6
-9
2
6
-2
-12
-28
5
-4
0
-12
-27
-19
-3
7
10
31
10
-13
4
11
-13
-8
-12
-33
-33
-25
-37
-6
3
-6
18
0
19
-5
-1
8
-25
-10
31
46
23
4
9
8
-15
-14
-38
-38
-14
-4
-10
20
8
-21
-19
-14
23
-3
-5
3
3
-27
-38
-22
-10
13
-25
-9
-5
-19
-6
-4
-12
-2
-12
-28
-2
-11
5
19
15
23
13
35
24
8
22
36
56
45
41
10
31
20
9
39
25
26
10
16
9
16
20
37
39
22
27
1
6
-6
-13
7
-5
5
27
-9
-32
-10
0
-14
-35
-40
-38
-49
-57
-50
-57
-51
-44
-63
-34
-22
-45
-35
-15
-23
-32
26
17
-25
-4
14
-13
-22
12
-1
4
9
-8
-19
-17
6
31
31
2
9
10
6
36
32
0
19
27
34
44
13
7
4
-7
-10
-9
-7
-9
13
27
23
20
16
17
1
2
-7
2
35
16
-5
21
35
28
6
14
45
9
-2
28
45
19
8
19
6
9
-6
-14
-15
-5
19
-20
-28
-9
-38
-24
-5
-19
-1
-5
-25
-52
-51
-13
-28
-24
8
-6
-24
-29
-68
-54
-28
-28
-33
-45
-53
-58
-38
-18
-13
-39
-14
-21
-15
4
-4
-15
15
65
5
-5
24
27
6
42
60
48
48
46
49
14
21
45
56
29
35
36
17
27
42
48
30
38
31
34
18
-7
-2
17
19
4
13
-11
-13
-32
-60
-34
-33
-53
-49
-28
-18
-12
-6
-5
-31
-28
-12
-2
-4
-15
-11
-13
-40
-40
-15
13
19
-14
12
35
13
-10
7
29
39
12
9
21
8
11
0
25
11
-8
-23
-22
4
-21
4
29
-3
-13
10
5
-4
-4
-13
-7
-13
-13
-12
-11
15
-10
-30
-13
-6
-22
-30
-4
0
-2
-23
-8
8
-12
-16
-19
4
-22
-49
-26
-19
-13
14
10
26
48
26
16
19
50
17
0
10
15
25
-6
27
34
0
-9
15
18
7
34
19
13
19
6
10
24
31
2
-6
10
0
-13
-7
-19
-28
-23
-27
-13
-43
-24
8
-38
-35
-7
-14
3
10
12
22
0
4
-19
-22
-23
-34
-32
-9
8
16
40
5
-7
3
23
38
19
0
23
18
7
13
-3
33
29
0
22
33
4
-3
13
26
50
12
0
15
-31
-25
-4
-13
-2
-6
-12
-26
-32
-34
-32
-31
-57
-46
-16
-5
12
10
-5
3
-6
-31
-52
-10
-1
-21
3
-31
-39
-21
-25
-34
-14
-9
-18
13
3
-8
11
18
16
6
22
48
44
9
18
44
9
-1
16
51
66
38
22
29
33
16
26
41
22
22
-12
-7
23
-9
-6
-6
5
-6
-10
2
-10
7
9
9
-16
-36
-27
-38
-23
-18
-19
-13
-23
-13
-40
-37
-14
-19
12
-14
-29
-15
-15
-13
-6
29
23
21
23
22
4
-10
0
-4
-6
10
29
7
-3
19
6
0
21
17
-3
-10
-23
-11
-7
-6
5
8
32
12
14
26
2
1
29
11
-27
7
12
0
-6
-7
1
-15
-12
5
5
6
-10
-20
18
26
-6
13
63
0
-39
-4
-4
5
19
7
-28
-18
-14
-22
-41
-10
-10
-34
-13
-34
-31
-52
-30
-23
-13
-20
-27
-1
-18
-9
-38
-17
12
-4
0
2
1
9
7
-13
-3
16
0
26
44
45
69
73
68
47
62
57
33
34
35
24
30
34
5
-2
-4
-11
-28
-29
-19
-16
-2
6
3
17
-3
-7
-8
-28
9
12
26
20
-1
-13
-25
-15
-43
-52
3
18
-12
-5
-21
-3
-10
-16
6
-3
8
-5
-32
-34
-16
-42
-30
-17
-11
-12
-11
10
-9
-14
-22
26
13
-7
13
14
6
-44
-25
7
7
-7
-15
-16
-22
-51
-38
4
-5
18
42
14
-10
-2
-21
-13
34
13
14
32
10
20
28
31
21
25
31
16
20
12
5
-10
24
65
29
20
15
-8
6
0
-12
1
19
38
28
28
48
5
2
21
19
-5
-33
0
-3
-9
-10
3
-4
14
9
-3
29
-7
-11
-12
-14
-15
-25
-16
-5
-19
-56
-60
-32
-38
-45
-24
-2
-27
-54
-15
-18
-29
-21
-8
-10
-23
-57
-43
-17
-47
-29
-23
6
-7
-20
12
11
-1
6
13
10
47
24
28
50
37
33
60
62
40
76
67
38
48
28
7
17
-9
-16
-4
0
-10
-29
-8
-24
-39
-35
-41
-26
-9
-19
-26
3
16
16
-13
-4
21
-9
6
3
-9
-11
-19
-4
10
21
20
4
-2
-4
6
13
23
35
-5
19
32
14
32
25
21
38
35
9
13
21
28
3
0
1
-19
0
-16
-31
-13
-25
-51
-44
-13
-7
-13
-31
-32
-12
-47
-32
-3
7
-18
-31
-9
-23
-41
-36
5
10
-22
-41
-22
3
-8
1
17
3
2
-13
-15
-29
-22
-10
13
19
9
46
16
32
32
-8
-5
-21
-32
7
22
6
0
12
21
1
35
22
1
21
30
31
20
41
67
43
28
29
32
45
34
36
-5
2
7
-12
3
-6
5
-7
17
-18
-63
-37
-62
-54
-22
0
-2
-22
-35
-36
-1
-3
-9
-1
-19
-9
-10
-7
-19
-17
18
-1
-14
-9
-3
-20
-15
13
11
-4
1
-4
-17
8
-2
-18
-3
9
3
-2
16
4
-43
-13
9
-11
-3
-6
-13
-35
-17
6
0
-8
14
38
36
31
25
40
42
38
36
35
35
14
10
4
-12
-3
-13
-6
20
8
9
5
-5
7
-3
-25
0
-3
-25
-7
4
6
-8
-7
14
19
-3
-9
10
3
0
1
5
-3
-9
-26
-33
-19
-23
-7
-14
-16
15
-14
-38
-14
-1
7
-12
-2
29
-4
4
46
34
-17
-16
19
11
24
6
-13
-13
-20
-32
-27
5
-9
-28
-24
-20
-13
-17
-15
-6
-10
3
-6
8
26
17
-7
15
74
43
40
40
53
30
17
40
6
26
2
-2
-20
-39
-6
-8
-12
-26
-19
-15
-53
-74
-61
-35
-22
-31
-26
-19
-10
-9
-14
16
23
8
25
22
13
28
42
23
18
9
7
14
-13
22
10
6
25
3
-10
1
19
28
26
0
19
-6
-2
-7
-34
-15
-26
-19
-12
17
12
3
26
35
-5
-1
32
26
22
13
31
-4
7
13
-18
20
22
6
-12
-16
-41
-54
-32
-23
-13
-32
-17
-23
-36
-14
6
7
12
-2
-30
-32
-72
-42
-16
-38
-45
-17
13
21
35
12
15
3
24
22
-3
33
29
17
-1
19
37
38
34
24
0
-26
19
11
-3
16
33
22
7
16
-3
-20
-28
-19
-28
-26
-16
-15
-6
2
2
17
27
6
-5
8
19
-5
-15
-3
-5
3
15
4
16
5
12
-7
-9
-1
-34
-47
-39
2
-43
-22
-23
-20
1
-27
8
-30
-32
-1
13
12
0
10
-6
-21
-12
-35
4
52
29
23
22
21
28
66
32
23
50
22
6
39
67
23
16
23
23
12
3
13
3
-17
-7
17
13
-9
-18
9
6
-14
-20
-7
10
-22
-40
-48
-41
-22
-31
-2
-8
-22
-29
-35
2
-17
-39
-25
-14
-35
-29
-18
-8
17
11
8
7
16
3
-14
-13
12
4
-6
9
-4
-23
-6
9
1
4
6
10
-23
-17
-10
-5
11
10
17
32
49
7
13
32
7
-13
16
22
-2
10
11
5
5
1
-6
28
11
8
4
16
61
44
51
30
43
12
-3
37
0
0
-24
-33
-7
2
-8
-10
-4
-24
-7
-3
-19
-26
-35
-15
-32
-48
-6
-27
-45
-2
8
-3
-29
-34
-22
-25
-26
-9
-14
-21
-16
-33
-24
10
-11
-8
13
-9
-21
-20
-9
-19
0
12
15
21
25
0
0
53
28
32
21
13
-23
-27
29
3
0
13
38
19
3
-7
-6
28
38
32
22
6
2
12
-18
-16
-1
-11
16
13
1
16
28
38
20
38
43
53
47
22
28
11
17
13
21
29
27
7
-21
-29
-4
-13
-13
-4
-50
-64
-56
-60
-91
-78
-75
-57
-50
-44
-9
-12
-10
-3
-9
-29
-10
-28
-19
-6
-32
-19
0
8
14
25
32
34
19
38
38
-10
-6
22
19
11
14
27
29
10
-14
0
0
17
24
10
21
19
33
20
7
-3
-7
-12
-3
-7
-19
19
6
6
17
-11
-21
-16
-20
1
3
0
5
7
16
0
4
4
0
14
18
-17
-22
15
35
11
-16
-3
-13
-24
-10
11
-18
-25
0
-3
-16
-26
-11
-9
-6
-16
-25
-6
-4
-7
3
38
13
-20
12
47
17
-2
29
0
-6
15
25
13
-13
3
-13
-5
45
6
-11
6
3
16
6
14
13
20
13
-1
0
-4
-4
-5
6
1
6
35
34
-11
-24
-12
-5
-20
-32
-27
-55
-30
-14
-40
-34
-5
-34
-54
-16
-23
-38
-41
-32
-38
-26
-13
-25
-17
-6
8
-4
-26
-12
0
28
44
12
22
48
46
43
49
51
37
51
49
47
51
38
42
46
49
15
1
-1
-18
-10
-9
10
6
6
2
-12
-22
16
16
-18
24
5
13
17
4
20
10
6
3
-7
-16
-39
-62
-45
-66
-58
-23
-17
-15
-16
-11
-18
-26
-14
5
6
8
-23
-43
-28
-9
16
10
-18
-11
4
-36
-29
-13
-7
9
6
15
-12
-25
-30
-35
-12
-9
-3
0
10
19
15
29
45
31
65
88
44
31
11
-15
26
39
-4
20
14
-14
-28
-32
0
-17
-21
3
15
-4
-33
-23
1
-9
-12
-9
12
0
-17
25
31
23
6
3
-5
3
29
5
7
15
3
12
28
13
-16
-12
-9
-9
18
16
-2
-3
26
8
-12
-1
-25
-35
-27
5
4
1
9
-14
-25
-28
-7
-5
-11
11
-22
-26
-30
-45
-10
-25
-4
6
-3
1
-3
13
-1
13
-2
-35
-19
0
-6
-10
3
0
14
10
15
29
-13
-11
-20
-13
-25
-11
41
16
21
19
19
-3
19
30
36
26
4
26
18
16
19
35
18
32
6
11
21
1
20
17
25
-7
9
20
-3
-32
-34
-31
-32
-23
-36
-41
-34
-28
-45
-25
-23
-38
-36
-29
-6
-15
-32
7
2
18
22
12
33
3
-3
-3
2
-8
6
-13
-25
1
2
-2
1
14
10
-21
-23
27
29
38
42
39
11
-2
35
30
16
22
34
1
7
33
31
0
-14
0
-16
0
-10
-39
-33
-9
-18
-43
-33
-31
-36
-50
-22
-13
-38
4
43
36
30
37
7
-3
3
22
8
-6
-7
4
15
-21
-19
-14
3
-1
-7
-10
-6
-7
1
26
-16
0
27
-13
-9
0
35
43
13
30
0
3
10
1
-10
-8
30
23
21
27
5
1
-11
0
0
-37
9
12
17
15
6
34
-6
-2
8
19
7
-4
4
-32
-16
5
-22
-23
-7
-19
-33
-20
2
-32
-41
-48
-45
-42
-46
-20
-23
-16
-48
-43
-8
-27
-56
-43
-5
-10
7
24
12
21
33
32
20
29
15
13
17
-2
12
19
33
53
12
-3
36
19
10
12
21
26
25
18
18
40
31
22
33
36
-3
4
25
22
26
19
-6
-4
22
-19
-15
-7
-13
-17
-12
-13
-19
-15
-19
3
3
0
-4
0
15
1
0
14
7
14
0
-12
-9
-42
-70
-53
-19
-17
-10
6
5
-24
-12
-10
-6
3
-11
9
-10
-23
-34
-20
0
-38
-20
15
-3
-18
-33
-25
-28
-44
15
12
-26
-16
2
-1
-44
-33
-12
-16
0
9
12
9
8
34
31
34
41
16
28
10
16
60
57
70
69
49
54
42
22
19
15
15
18
-1
18
35
10
-4
-3
19
22
16
17
-3
-22
-38
-14
-3
-3
-13
-28
-25
-34
-57
-51
-46
-33
-10
-44
-21
-54
-31
-9
-32
20
-8
-4
-7
-15
-35
-28
-12
-29
-13
-25
-2
-26
-25
-13
10
50
43
8
6
66
33
30
42
55
38
26
46
31
27
6
28
3
-14
-14
-35
-32
-42
-41
-45
-39
-18
-30
-9
9
-14
-31
6
41
-7
13
0
7
31
-4
15
28
24
6
17
-3
-18
4
22
28
14
7
3
-8
-16
-1
5
2
1
21
2
-23
6
10
-22
-21
13
15
14
3
-12
2
-12
-28
5
6
5
-7
10
9
-24
9
29
2
-7
7
-13
-25
-27
2
18
-3
0
-10
-16
-14
-19
0
-2
-12
-16
-19
8
3
-17
19
20
-9
-3
27
15
-19
16
2
10
34
3
-7
-9
-3
-3
32
25
2
12
15
25
2
-11
12
-4
-4
-9
-24
-8
-20
-4
-7
-11
34
32
0
-19
-35
-18
1
6
14
19
31
8
-25
-19
-14
5
0
-6
-9
-29
-1
-7
1
-7
-24
12
-13
-24
0
-6
-28
-28
-12
-5
-12
-3
-14
-25
-3
0
-17
-29
3
-6
-31
-9
-9
-25
-29
-32
2
37
9
4
16
18
25
25
61
55
54
75
58
47
31
36
41
63
63
73
76
57
61
25
-5
-9
-7
-23
-20
-38
-22
-10
-28
0
-31
-39
-34
-45
-17
-16
-18
-10
-23
-33
-27
-45
-54
-27
-32
-21
-22
-19
13
-36
-40
-10
-3
-7
14
6
-11
-1
-9
6
-17
-6
3
12
8
-4
9
-10
-19
-37
-21
-6
-7
26
19
0
3
10
11
-3
36
22
14
31
9
11
-4
18
-1
-23
-4
1
-10
-1
4
-7
-48
-24
37
11
-7
1
7
0
-4
-4
-3
-19
22
30
17
37
13
16
-7
12
25
9
31
17
21
-4
7
23
10
29
-4
-10
-14
-8
10
-2
12
17
22
-14
-31
3
-8
-9
-1
-9
-14
13
47
6
6
15
-20
-19
12
5
-3
9
8
25
-19
-28
-28
-33
-9
-23
-12
2
-3
-15
13
9
-2
21
12
-22
-41
-14
-15
-34
-10
-19
-44
-33
-7
0
-13
16
16
14
15
13
-5
-14
28
28
13
-15
6
5
-3
-15
-3
10
-12
2
-10
-23
-25
6
-22
-35
-44
-39
-16
-32
-9
-34
-35
-29
5
12
-12
-7
-25
-6
32
66
58
21
28
52
31
53
64
13
-1
7
9
28
19
32
51
39
39
0
7
14
22
26
20
29
10
-4
6
9
-12
7
9
-6
-1
-4
-28
-29
-1
-12
-31
-9
2
-13
-4
10
-13
-17
-3
-25
-1
12
-4
-5
3
-9
-18
9
6
5
0
-7
13
17
14
11
1
-24
-25
-31
-31
-32
-35
-28
-44
-14
-22
-37
-39
-42
-14
-17
-2
-6
16
-1
-21
-7
-43
-29
-19
-21
-34
-26
-25
-42
-36
-13
4
14
25
16
22
24
34
7
29
43
-11
4
-13
-15
29
29
19
12
37
48
10
13
45
63
45
28
25
53
66
38
37
29
34
28
32
33
19
12
34
33
-11
16
12
-1
17
4
17
26
5
4
-6
-7
-3
-38
-51
-18
-33
-47
-36
-50
-17
-22
-29
-16
-45
-28
-27
-43
-18
-19
-60
-41
-28
-27
-14
-29
-22
-26
-13
-21
-26
-4
-5
-19
-43
-9
-17
-5
-24
-9
44
14
-3
-21
9
-7
24
32
50
53
21
47
41
26
0
38
3
2
25
25
28
-21
-19
-2
12
17
4
-18
-17
-25
-13
-13
-15
6
17
50
22
30
31
15
22
-5
24
10
-6
2
4
27
6
-3
-3
-10
1
1
1
-4
-20
-16
-9
-21
-26
-13
-14
-14
-6
-3
-14
-29
-48
-63
-45
-9
15
-16
-20
-9
-26
10
12
3
21
6
12
23
21
20
10
38
35
18
37
42
13
-13
29
20
10
-7
7
29
6
6
16
53
26
9
-6
-1
3
-16
-21
-35
-12
-12
4
32
22
16
13
3
2
-10
-12
-15
-3
-26
-48
-16
-48
-47
-40
-35
-44
-60
-15
-20
-22
-18
-25
-13
-22
-29
-27
-25
0
9
9
14
5
10
-10
-1
3
-3
11
-2
21
0
-12
11
18
12
-12
29
57
53
47
41
11
2
-7
-19
20
-1
13
28
4
32
27
26
38
23
-1
-1
2
7
-19
-21
17
14
43
24
-18
2
0
9
12
-6
-9
-20
-35
4
-6
-9
15
-35
-22
-3
-7
-26
4
15
-22
-3
15
17
-19
-10
-29
-23
5
19
38
16
29
-6
-10
12
-1
-26
-16
12
-23
-34
3
-5
0
3
-19
-22
-40
-13
-28
-33
-14
15
16
-25
-32
-43
4
-3
-15
-19
-21
-12
-40
-31
-19
-13
-31
-3
22
1
16
24
26
32
31
54
46
23
28
26
13
32
46
17
33
51
26
14
25
50
38
10
21
15
0
-16
5
16
-6
-15
3
11
-41
-33
-16
-21
-9
-10
-7
-6
-16
-43
-31
-28
-35
-37
-47
-53
-44
-22
-46
-44
-3
-15
-9
25
16
29
35
38
44
54
36
13
41
52
57
54
39
12
-10
-10
10
16
8
-8
-19
-8
-44
-44
-31
-10
7
-27
-8
-3
-20
-36
-33
4
-16
-41
-25
-13
-19
-37
-1
9
-1
19
3
0
11
-2
-4
10
4
-12
6
19
3
-8
-2
3
25
8
8
22
-16
5
10
23
46
23
4
-5
-6
-38
-36
11
-10
-21
13
7
-10
-20
-1
-9
1
1
2
18
8
10
6
18
29
18
11
18
-1
5
-7
7
19
4
0
19
9
-16
2
-34
-16
-7
-2
25
23
11
-10
-10
0
-10
-32
-37
-25
3
-3
7
34
24
40
47
28
28
18
31
20
11
43
29
0
7
32
29
-2
-24
-30
-19
-35
-71
-45
-19
-36
-32
-18
-34
-24
-18
-10
-3
-31
-29
-21
-19
-40
-22
-56
-51
-17
-60
-15
-5
-1
-7
-13
20
2
-7
0
13
22
10
29
18
-4
-8
-3
32
41
57
39
31
34
24
52
39
44
65
46
28
19
29
18
10
6
0
-10
-25
3
-9
-20
7
5
-40
-27
-10
-28
-39
-42
-19
-28
-13
-48
-42
-2
9
3
-3
-1
-23
-4
-2
7
-6
1
41
19
5
35
3
-27
14
20
6
23
32
41
28
0
22
31
44
12
-24
-2
-27
-23
-1
-12
-11
-4
1
-9
-23
-20
-38
-24
-16
-1
13
-20
3
-31
-56
-23
-36
-13
-24
-21
-4
-20
-20
-24
-11
-8
11
32
25
50
31
38
66
16
32
48
31
22
5
9
21
6
-24
-21
3
12
5
13
16
6
-23
0
-9
-15
-4
-13
-18
-41
-22
-12
6
-17
-38
-34
12
-22
-66
10
7
-42
-22
25
8
11
19
48
18
-22
18
33
10
5
-7
-24
20
-11
-3
22
29
17
-6
-4
18
50
4
-20
17
85
68
19
-6
-22
-51
-43
9
35
43
34
5
-35
-34
-48
-39
-50
-39
-34
-25
15
1
-38
-60
-39
-29
-48
-73
10
18
0
-9
-28
59
-5
-35
9
-9
29
12
19
13
10
95
111
103
123
172
105
35
0
-18
-52
-81
-108
-110
-17
-122
-101
-68
5
4
20
117
48
100
45
134
22
-32
32
-15
0
-102
-33
-71
-82
-43
-22
-62
-56
5
-27
19
-21
-32
87
105
6
41
78
48
-50
-63
79
29
-13
-34
-75
-18
-65
-110
-31
-37
-42
31
59
-36
-126
-14
-29
-38
60
46
39
89
110
3
-43
-39
-4
42
-29
0
24
-88
-40
45
102
69
9
98
88
142
82
-19
34
20
32
-34
-50
-83
-122
-85
-54
-139
-171
-104
-113
-35
-60
-15
115
170
88
95
107
27
48
-29
44
60
98
148
123
131
67
92
49
23
-15
-2
9
-41
-15
-17
117
17
-70
-16
-103
-88
-218
-279
-353
-340
-201
-269
-288
-256
-50
-113
-80
250
370
730
784
632
-72
440
404
-388
-74
-782
-907
-98
1627
-213
-653
813
-16
156
-106
-643
-2161
-494
1270
152
-791
143
1639
-133
-833
597
-1293
-1226
1231
725
-698
304
1512
-458
-183
-836
149
-125
-568
1856
187
-440
654
582
-1284
-600
-317
-822
637
1563
625
1079
1391
-836
210
-22
-506
114
-444
-542
-466
1714
262
-1129
-444
-618
484
393
-626
-2352
-275
-887
331
-306
-2269
1997
92
359
-117
397
620
-737
1620
554
1404
256
672
749
-2764
-347
907
390
-1510
969
2063
-349
1148
-1964
-1136
-2653
-1301
2326
-774
989
1131
978
21
-1762
672
-1868
-463
582
2075
1723
-2907
3590
-3336
-1222
-1151
-1940
286
187
3586
-944
4543
-2608
2829
426
-2988
1826
-1007
866
1199
1228
-1980
1941
-1759
-1516
-1278
-1757
1593
2153
-706
531
978
-625
-328
-2870
-651
-499
-628
1607
-878
-1327
2599
-4328
-97
812
-2176
544
-816
1638
2615
2392
-2634
2477
449
-2746
4261
-756
-589
5078
-886
-1101
3045
-3965
-4
2107
-3945
-1095
1735
-139
-1901
1638
-2153
1175
996
-1755
3122
-1875
-358
368
-53
1786
-232
-1356
1506
-2899
-667
211
1240
440
-1661
4288
-1645
209
-1672
617
-2423
-220
748
1257
1230
-4761
3530
-1007
244
-1720
1402
-69
922
2696
-63
3116
-2187
-1073
210
-519
-3790
4642
2731
-2365
1057
-1920
231
-3050
-3568
2629
-3783
1464
4019
-4394
1806
-2658
-2424
1983
250
-568
1878
1518
1578
195
607
256
-1566
3601
-2430
1311
1355
-61
1283
-500
-1179
63
-2080
707
461
-1281
2420
-1308
3415
-3630
2064
-1427
305
117
-257
3603
-4589
3899
-3367
388
-1957
45
42
-2211
1455
757
15
-1147
1406
-3462
1915
257
158
1399
1410
-2344
617
440
-741
1578
-1797
735
577
1625
-1926
30
-3754
-1250
4305
731
-251
1353
-576
-1675
510
-2126
1646
-2914
856
2896
-1942
3394
-1200
-1272
-631
-2432
-5
1054
2100
2133
1325
473
-133
-2910
-444
624
-95
2030
1490
1661
-1814
-1316
-1930
-3449
1075
736
1159
-127
-215
28
-612
-469
-1329
-872
637
2979
459
1538
-235
-1823
2127
-642
-617
2378
-1567
2025
1557
-3277
1967
-1420
-1670
913
-818
-1878
1718
2173
-954
416
-2654
-336
-11
-784
2011
-60
726
403
-1177
239
-1998
-1945
1767
2137
-1154
360
2802
-3390
-209
587
-3136
1292
103
963
1132
-1138
1099
-852
-1271
1155
-2057
92
3235
38
82
-730
-759
1324
-164
-775
2095
-1476
720
3407
-1605
-414
-2522
566
-309
-1402
2623
-702
-461
55
-1196
383
-502
-2171
2199
695
1059
1069
-137
581
-2504
-338
1636
-280
495
984
-638
2569
-2690
-1069
1370
-2470
1150
530
1235
516
-1064
756
525
-3500
1005
1289
-1583
1495
-1138
-452
452
-1128
120
19
-773
1572
833
197
919
-1556
-901
198
-1768
592
591
1231
1051
-2073
1857
-646
-1541
731
-181
993
33
364
1561
572
-1334
-630
400
-365
-161
216
506
1060
-340
-317
100
-1810
-580
-794
898
681
-2507
2371
661
-2476
-749
-249
1258
260
1279
908
-1863
-498
525
-210
168
335
982
682
-796
-838
630
-1490
-1794
952
218
1528
-284
-1105
139
-1324
-3
1436
172
30
-398
957
904
-105
931
-1474
476
35
1001
664
-615
753
-43
790
-1617
-904
-1221
403
479
114
1350
12
-473
-315
-339
-1427
1029
-1136
370
1344
-532
574
7
375
-1239
192
812
-94
915
724
1166
914
-109
284
-1233
-1170
773
44
1099
401
-634
2
-1189
-447
-246
-212
627
-396
367
-316
-1353
-1026
-1012
296
-302
347
546
-295
-878
-1214
218
-488
319
643
-224
919
-663
-718
-156
-861
-205
-225
699
952
-459
-89
165
-661
1484
478
131
899
41
280
-233
778
-581
-27
-358
359
462
275
588
-1903
466
-1464
736
2774
-551
-329
192
-652
86
53
-1023
1485
-1267
518
111
-1044
-594
-2106
-495
-1871
210
-360
1170
1023
-302
-364
-776
1085
-1412
2227
3155
426
3353
2116
723
1771
940
1355
2209
3071
2927
2680
1973
-5
717
163
-453
247
-740
-1960
-1121
-1003
-2430
-1325
-2951
-3450
-2745
-4091
-2394
-2026
-1976
-2160
-1891
-1114
-2573
-1721
-675
-2120
-497
628
350
1095
605
-1521
-823
1489
-744
1704
1803
519
1145
1066
978
-544
1397
-22
65
1096
734
225
88
729
-343
-831
-814
251
-68
537
2212
1254
-644
93
-364
-920
943
473
1832
1330
1605
399
-49
-41
-2144
2349
-353
1745
2277
235
1565
-1448
-892
-1070
578
-192
1252
952
-1491
-1520
-1794
-2360
-2416
-390
55
1094
1064
1197
302
-924
-713
-421
-1021
656
1462
2960
4616
1596
3322
3252
1328
1935
1833
1650
1638
2616
3705
2786
2124
1513
-1014
-2031
-2413
-1738
-1645
-1162
-1413
-2482
-2386
-3718
-4702
-5186
-4904
-5051
-3951
-2143
-1550
-1542
-1835
-2974
-3557
-2406
-2602
-1520
-1224
319
1239
960
1423
-562
-274
-579
-105
1564
2270
3017
2598
836
1041
1969
951
823
383
554
708
1950
3025
403
-499
-1202
-754
1397
348
254
-717
557
1019
476
43
-1456
-348
-936
130
263
601
852
1269
-478
-592
1302
687
1547
1171
1674
963
1908
781
941
1113
1132
3015
-238
167
747
1017
1411
1219
111
-454
1453
-682
-666
-666
-252
881
-244
475
-911
11
-210
-579
-691
-336
406
-178
1217
-1105
-964
-1877
-1720
-1426
-1807
-690
-479
382
-2132
-1747
-1358
-2561
-520
-1279
-1638
4
-1900
-357
374
675
552
544
847
675
1004
130
1126
-1226
1469
1934
1417
2874
547
-80
-152
-800
-1211
113
-389
585
-171
-626
-1037
-1667
-1408
-2055
-2064
-2087
-1151
-1116
-340
-1370
-874
-1335
-1434
-905
-1273
-260
-252
313
981
969
-705
723
-128
812
427
-75
1493
507
2589
1823
2038
-50
257
1048
1070
1949
1603
2150
466
2137
352
78
86
-319
1250
755
1537
-279
320
-103
146
-228
-914
907
-641
642
458
917
70
-517
-980
-910
2167
1057
641
-1358
-282
828
1117
1137
-841
-611
-977
485
-254
-1408
-146
-37
-487
-706
10
72
-899
-1230
-502
-5
443
1055
-1237
-644
890
-264
266
-585
71
-793
-1594
-1733
-2193
-746
-2118
-1292
-2268
-1114
610
-488
-997
-2731
-1842
-1175
589
-447
227
906
1572
2583
2200
2456
602
2776
2572
4010
2692
2467
5036
3223
3663
1429
1560
819
-844
-208
374
859
-1034
-2557
-2985
-3318
-3125
-3316
-4468
-4295
-3970
-2599
-2695
-2948
-2897
-4297
-2729
-1909
-1891
-608
-63
-495
650
1211
2177
2270
337
1273
505
2886
4076
2643
3244
1889
2003
2184
2457
520
1308
1439
2240
2544
-299
753
-1552
-130
-1387
-1764
-372
-1727
433
-712
-1506
-2203
-440
-1715
-3147
-1270
-2135
1487
468
641
0
-2046
245
-1115
1826
-227
2173
1940
1407
1586
85
3073
-1361
2905
1067
1583
507
640
2502
-1003
2061
109
475
-457
1079
-84
-882
-885
330
1616
-451
-1884
-1375
-494
-1338
-1126
-2361
-618
-3009
125
-1629
-1789
-1928
-2718
993
-2670
-400
-2109
662
-325
-790
405
-1411
1386
1057
3649
2711
3879
3738
3107
4285
3403
3761
2126
2182
3463
3381
3696
3201
1694
749
-1905
-1763
-1474
-1651
-1886
-4216
-3213
-2784
-3726
-4068
-6615
-6546
-5507
-5895
-3066
-2937
-2911
-2901
-4094
-3033
-3175
-2746
-1567
-1309
917
2179
1636
2138
-825
-306
1601
1704
3388
2556
3606
3771
3189
3236
1079
344
1130
2039
3110
3937
2511
708
243
284
270
448
288
743
854
219
1082
-1262
-1032
-1179
-1361
-120
-1728
389
-172
-367
-591
-1642
-178
-619
68
-176
-341
547
892
1954
-227
1161
-19
1031
2892
-470
2192
-196
2530
2598
2371
1626
-943
40
-539
2642
1721
1661
-1741
1443
1581
1155
-72
-1917
620
-1691
2247
158
102
-2545
-2728
-530
-1656
-677
-3379
-1990
-3278
-1601
-1000
-3994
-2125
-2378
-1934
-2255
-2161
-1586
-3080
-1236
-2052
-363
1742
2180
2149
-81
1510
2740
3886
2538
1387
1797
2304
2895
4493
4423
2150
716
-409
-215
-498
-112
-753
-964
-2325
-1621
-949
-2331
-4044
-5775
-4603
-3920
-2570
-1394
-1012
-2442
-2815
-2997
-3073
-2621
-2176
-1272
-43
1741
1688
1948
2
-171
1003
1143
2626
2405
2939
4390
4359
3702
2202
1103
1167
2192
3578
2859
3423
3636
2032
890
-325
-261
-210
1048
804
260
433
-1427
-1605
-1454
-1819
-2596
-1864
-2217
-1053
-406
-233
-387
-3639
-1789
-1619
185
1120
918
551
-334
335
319
1301
783
2544
1104
1102
1868
842
1503
1152
1483
1567
225
1937
1243
-1175
-447
-605
1961
740
-656
-983
-585
-1510
-1193
-1053
-2762
-2786
-3061
-318
-3402
-3134
-4289
-3849
-3350
-2599
-384
-3726
-3695
-3925
-263
-1490
-303
-940
-1118
379
2370
6000
2994
3353
1832
5063
6158
7254
5495
2485
4452
6007
8467
5648
4050
2342
1572
505
440
1095
101
-2200
-3222
-1789
-2264
-4357
-7461
-8225
-7116
-5117
-5009
-5505
-5646
-5694
-6202
-5753
-5748
-5497
-3799
-3046
56
1510
1414
32
-1567
131
2367
4289
5749
5405
5006
4800
5337
5588
4433
3995
3905
4552
5470
5792
5075
3222
318
-1000
-997
429
891
172
-857
-2883
-3682
-4006
-3459
-4460
-5216
-4818
-3358
-2427
-1862
-2824
-3554
-3386
-3837
-2206
-1110
706
2165
3134
745
226
1334
2842
2563
2162
3644
2926
4786
4552
2817
231
1601
2704
3108
2281
1675
980
1125
2445
587
-43
-2532
-168
-1142
126
-402
-3390
-3571
-4166
-983
-2652
-3842
-5308
-4410
-1169
-304
-2247
-3603
-4358
-2865
-180
-372
-640
-1656
-239
2084
4645
5039
3029
750
3703
6685
7235
6660
4106
4078
4383
6694
6952
5641
3140
1483
1648
1386
629
-1515
-2394
-2434
-3221
-3797
-4677
-6395
-7855
-8646
-7296
-6868
-6535
-7527
-7490
-5971
-5881
-6375
-8251
-6505
-3153
-1051
782
-280
-876
-1048
-1149
1852
3893
5580
4802
4377
5704
5998
5698
5238
4745
4796
5302
5916
7869
5945
3981
1020
-24
949
1231
1917
1121
929
-735
-2650
-4571
-4087
-4285
-3951
-3495
-2733
-2446
-4173
-3852
-3671
-2508
-4097
-3716
-2314
166
2580
1990
1723
-709
-151
616
2977
5252
4410
3637
3502
3811
2701
2289
2834
3668
3581
3015
1768
1902
2265
1783
-110
-572
721
687
998
-2139
-1919
-1791
-1313
-1475
-3741
-2677
-4529
-2432
-3149
-3347
-3063
-3140
-1104
-3227
-2235
-3153
-1824
-1522
-1948
-1502
-2010
717
3941
4458
1611
272
470
4607
6161
5457
2410
2454
5824
6760
7348
4286
2557
353
928
2398
2909
1323
-689
-974
-2986
-3857
-5760
-5732
-6082
-6237
-4398
-5135
-6488
-7736
-7475
-6345
-7159
-6677
-5915
-4910
-3185
-2442
-776
-1161
-3274
-2352
-692
1786
3436
3244
5095
4276
4262
4470
4255
5904
5794
5961
6222
6475
6371
5624
4631
4065
2099
1328
2107
2882
3387
2310
472
-2635
-4241
-3430
-1729
-1203
-2080
-2990
-4130
-5096
-3671
-3313
-3174
-3463
-3798
-2341
-1067
-215
-1523
-1351
-1616
-531
946
2291
2120
1956
3615
3193
1231
-277
2865
4663
5513
3913
2209
445
1869
3283
2801
2525
385
2401
1975
1413
-1842
-2595
-2076
-542
-918
-2809
-2062
-3986
-3849
-4962
-5132
-4719
-2188
-2173
-2783
-3453
-3467
-3058
-3181
-3920
-2571
419
2946
6216
2522
313
-714
4563
7375
6658
4530
3831
6945
8499
10167
4877
3282
2655
5050
5480
3003
1637
3
214
-1563
-2442
-4434
-6508
-7271
-6098
-5904
-6839
-8477
-8835
-8650
-8211
-7771
-8661
-9269
-8451
-5860
-4122
-2926
-3265
-2904
-2439
-2030
-580
1402
3008
4924
5939
6072
5632
5192
6876
7092
7644
8079
7888
8498
8390
6911
5612
3732
2484
2834
3845
3971
2491
1004
-2329
-4698
-4660
-3272
-2715
-3181
-4015
-5378
-6911
-7597
-6602
-4950
-4217
-4846
-4617
-3309
-1786
-1491
-1318
-1898
-1849
-506
1799
4686
5895
4691
1849
1297
3087
4832
6107
7317
6799
5295
2876
1649
2121
3191
3918
3517
3635
1443
-987
-2942
-4003
-3279
-3023
-2707
-2309
-3043
-4992
-7092
-7005
-5233
-4709
-3502
-1918
-428
-1739
-3977
-6153
-5814
-17
5626
9379
5309
696
10
5502
9268
5635
3453
3944
10937
14080
11276
3788
-1578
1118
5977
7636
3583
583
-294
-436
-2619
-5918
-7496
-7311
-5496
-5004
-7253
-9687
-10596
-10094
-9358
-8397
-8144
-8648
-8061
-7238
-5995
-5800
-5533
-3957
-1619
-247
-544
-237
523
2727
4415
5653
5923
5903
6801
6984
6842
5884
6761
8985
10649
9356
6207
3361
2353
4049
4791
4456
2701
1329
109
-2467
-3988
-4301
-4007
-4177
-4440
-3673
-4690
-7077
-8454
-7298
-5441
-5272
-3982
-2960
-2485
-2778
-2959
-2277
-845
1236
2725
3151
2846
4318
4329
3479
2994
4552
6612
6128
6616
7142
6266
3288
1489
2252
2748
2738
3053
4456
2560
-1607
-5026
-5699
-3905
-3872
-1504
-1638
-3110
-5563
-6550
-5530
-7135
-4510
-1491
1930
148
-2359
-5230
-4725
1016
5834
8165
2786
1938
4570
9548
7578
1393
-582
4957
14860
16210
8374
-2474
-3244
2318
6901
4456
1002
-688
-771
-1279
-5446
-8636
-9875
-6541
-4202
-5905
-9396
-10908
-10795
-10174
-10307
-10256
-8231
-5783
-4330
-6498
-9033
-8692
-4930
227
2347
1828
535
-1375
-160
3225
6342
7016
6252
7802
7694
6355
5234
5944
7505
7557
8121
9156
7526
4020
1961
1747
2947
2994
4439
4012
-475
-4728
-5215
-2200
-1517
-3100
-4314
-4301
-5088
-5988
-5634
-4591
-4636
-4848
-3377
-2245
-2203
-2099
-1038
-529
-1290
-675
1233
2442
4276
4814
4051
2228
1057
2473
3455
4490
5686
6771
5294
1936
158
-156
557
1566
3883
3937
935
-2336
-4648
-3845
-3986
-2850
-920
-1237
-1430
-2475
-3591
-5537
-6354
-3468
2739
5819
2545
-4864
-6482
-725
5086
7770
4655
3886
4827
6851
5071
-569
-2196
3664
13442
15230
6024
-3535
-4540
-107
4003
2218
437
-487
580
-657
-6803
-11175
-11123
-5505
-2485
-4254
-7670
-9275
-10251
-11217
-10435
-7807
-4808
-3627
-3332
-5486
-8712
-8095
-2825
2235
2648
839
845
935
1442
3234
4408
5587
5968
7214
8702
5960
3225
3792
6202
8521
7777
6895
5111
2024
1782
2428
3264
3011
2088
2366
-590
-3515
-2696
-1481
-1226
-3189
-4041
-3148
-3923
-4081
-3167
-3742
-4775
-5270
-3063
-969
-1556
-986
-1265
-1183
-565
-370
917
1239
1599
2723
2753
2394
2566
2834
2593
1277
2539
5335
5518
3814
1578
-104
-472
280
3235
4826
2534
-1091
-4493
-4442
-3471
-1282
549
537
-874
-3333
-4604
-5602
-4192
-1965
1551
3531
1819
-2680
-5221
-2240
2370
6097
4659
3457
3564
4631
4205
-303
-1902
2383
10429
12689
5354
-3126
-4931
-150
4131
3173
520
-1278
-387
-1106
-4773
-8847
-8798
-3676
-1147
-2078
-6106
-8455
-9427
-9780
-7629
-5261
-3023
-2117
-2994
-5745
-8918
-6934
-1294
2608
2874
386
47
354
1015
2453
3942
4555
5266
6720
6167
3915
2356
4345
6523
7014
6216
5480
4520
2660
1283
1764
2467
3472
4160
2040
-549
-3209
-1839
-609
-1500
-1939
-2742
-2176
-3027
-3708
-3753
-4426
-4242
-3848
-3143
-2298
-2208
-2305
-2323
-2323
-1645
-1348
-1774
-641
1427
2253
1354
223
542
596
544
1829
3976
5361
3768
1699
679
243
1069
2204
4496
5516
3331
70
-2446
-1741
-191
836
1066
998
1223
-580
-2417
-3662
-2479
-636
592
3147
2406
-473
-4945
-4856
-183
4014
7337
3978
518
-886
1510
3636
960
-66
2603
8555
8633
1822
-5404
-6048
902
6488
5559
-977
-4755
-3541
-2511
-2922
-5470
-4290
-1688
-2387
-4270
-8368
-8299
-6460
-4853
-3173
-4192
-3588
-3993
-4943
-6353
-7439
-3247
1240
2821
1027
-2616
-3186
-1012
1999
3961
3355
2644
3624
3932
2997
1625
2108
5048
6384
6574
5246
2729
1694
1191
3471
5660
4530
3376
1247
196
-143
-519
1287
1141
-116
-1198
-1797
-962
-2028
-3121
-2997
-2917
-1899
-1657
-2688
-3312
-3598
-2302
-1341
-2035
-1404
-1768
-2478
-1622
335
2474
881
-1292
-808
613
1760
1988
3065
3366
1948
1307
1783
2090
1766
2401
3713
3986
2362
636
441
664
1110
1159
1287
1378
928
-349
-2474
-2128
-92
1594
1365
-175
-888
-1855
-2917
-2899
-1338
1933
4185
2929
-1595
-5419
-2686
2664
5562
3026
-1390
-1539
1578
4121
1354
-2695
-2014
3348
5474
694
-4692
-5646
-1347
1987
1314
-1840
-4401
-3429
-2791
-4402
-6166
-4865
-713
-578
-3838
-5809
-5204
-3273
-3408
-3437
-2600
-1432
-309
-402
-1845
-3481
-2150
1410
3070
1131
73
482
1480
2026
2124
2895
1965
2447
3888
4275
3251
1947
2933
3756
3334
3323
3607
3395
2683
2310
2421
1463
1323
2026
1737
388
-110
824
552
-1005
-1999
-1316
-1337
-1869
-2250
-2252
-2393
-3024
-2540
-2878
-3251
-2876
-2040
-1695
-2059
-1777
-1490
-1206
-528
666
698
-147
211
1942
3237
1988
921
2037
3489
3986
3031
2752
3142
2597
2245
2074
2530
2654
1540
1197
945
317
-439
-400
1076
1157
-748
-2453
-1980
-111
-772
-2641
-3569
-1105
1663
1374
-1851
-6301
-3677
1505
5148
1204
-5169
-4513
698
5626
1015
-4534
-3891
3022
6788
321
-6762
-6887
887
5784
2739
-3257
-5782
-2317
-102
-1985
-4237
-2852
363
-305
-3269
-5059
-3274
-1176
-1441
-2321
-3018
-935
808
62
-2203
-3285
-279
2389
1460
-936
-1204
1127
2538
2213
1146
175
881
2900
4353
3173
1491
1942
3593
3289
2095
3215
4007
3497
2249
2332
2851
1940
2768
3280
2228
448
349
2014
1070
-891
-1270
365
189
-1475
-2609
-2956
-2767
-2768
-2144
-2667
-2817
-3243
-3879
-4545
-4030
-1405
-47
-946
-2767
-2636
-1546
-947
44
2187
2402
1078
783
1790
2215
1115
2254
4638
5853
3676
1398
889
2275
3261
2618
2514
2189
2705
95
-1085
-705
1147
1682
-41
-422
-2393
-1528
-1976
-1595
-2866
-2423
710
588
-1487
-6560
-4668
269
3934
1150
-5727
-5807
-802
5055
2178
-4817
-5188
1178
6707
2176
-5441
-5909
677
6554
3665
-2497
-5388
-1925
2363
1467
-1349
-2382
104
429
-1918
-3574
-1918
909
298
-1449
-3156
-2568
232
647
-859
-3203
-2583
633
554
-1527
-2691
-252
1792
1083
-321
-1025
266
1669
2547
1941
1582
2485
3647
3092
1684
2320
3765
4382
3621
3347
3646
3238
2763
2823
2663
2605
2409
1976
1087
-181
56
408
-223
-1826
-2753
-2240
-1709
-2188
-3427
-4251
-4514
-4088
-3750
-3763
-3470
-2845
-2999
-4083
-4097
-2445
-1012
-877
-1067
88
1197
380
-389
540
2871
3997
4095
4272
3730
2508
2147
3775
5427
5751
4069
3470
2995
2271
1391
789
2316
2151
2134
913
-950
-2933
-3889
-1888
37
-174
-3302
-5928
-5448
-2477
-1617
-3423
-6044
-4185
-99
605
-2606
-7294
-6441
-366
5663
4131
-2806
-5935
-953
5032
4376
-51
-1781
1899
5097
4045
-311
-2360
1343
5000
3902
-629
-2067
1222
2147
93
-1659
-799
936
-346
-1744
-2683
-2737
-1532
-1012
-1920
-3718
-3758
-1644
-1312
-3607
-4247
-2510
-414
-484
-1034
-1122
-1733
-442
1648
2259
1215
833
3239
4296
2542
2432
3874
4516
3849
4651
6228
4399
1837
2815
4689
3758
1974
1637
2048
780
-15
253
-1006
-2376
-2430
-893
-1518
-3943
-4523
-4022
-3643
-4099
-3631
-3343
-3833
-3567
-3123
-3235
-3530
-1907
-169
-383
-1259
-196
1959
1831
980
1611
3088
3900
3621
4185
4858
4406
3825
3547
4311
4357
4011
4036
3899
2843
1292
268
75
160
-40
233
-802
-2148
-4295
-5160
-4305
-3018
-2785
-5379
-6557
-4593
-2064
-3405
-6999
-7191
-2350
1393
-64
-4497
-5711
-1509
3667
3957
-801
-2636
1400
6648
5451
-85
-2004
2435
7027
6264
2474
-470
1176
4152
3964
1106
-758
1168
2883
1276
-1009
-1748
-638
-613
-2005
-2903
-3125
-1965
-1577
-3095
-4924
-4684
-2560
-2017
-3584
-3897
-1945
-628
-1531
-2316
-1309
-232
579
1640
2258
1942
1727
2583
3386
2802
3386
5540
5854
3822
2520
3890
4350
2863
2386
3474
3626
2059
530
-347
-1107
-1027
408
252
-1665
-3187
-3644
-3769
-4447
-3273
-1765
-2360
-3614
-4550
-4379
-4440
-3428
-939
-66
-948
-1509
-914
-595
-381
970
3165
3728
2940
2821
2752
2751
3430
5416
6566
4709
2787
2782
3907
4085
3494
3321
2349
1316
483
366
-762
-1301
-458
-1077
-2895
-5242
-4763
-4250
-3793
-3894
-4471
-5191
-6931
-6703
-6135
-4118
-2624
-2070
-3471
-5437
-3823
-499
1776
-122
-1510
699
3841
4294
1309
-265
2193
7063
8487
4156
-94
1109
6027
7664
4177
1304
2112
3896
3291
532
-1042
673
2497
1168
-2491
-4103
-1823
-703
-2297
-4519
-4257
-2562
-2870
-4151
-4831
-3916
-2846
-2506
-3205
-3934
-3233
-783
1074
-288
-2116
-1796
1176
2814
2474
2240
2483
3600
3510
2976
2434
3375
5144
5277
3853
2171
2295
2111
1876
2342
2683
1946
-134
-843
-1026
-1478
-1512
-1334
-1240
-2371
-3053
-2907
-3466
-3761
-3446
-2260
-2140
-2608
-2478
-2492
-1904
-1436
-757
-614
191
1622
1712
804
457
2396
3555
2781
2646
3710
4186
3007
2418
3258
3563
2873
2736
2962
2117
1012
888
860
-43
-1304
-938
-474
-1441
-2405
-3657
-3924
-4261
-3975
-3500
-3848
-4386
-5051
-5255
-4744
-3312
-3579
-4307
-3862
-1198
94
-1605
-3297
-1575
2657
4440
2409
-770
382
4429
7670
5734
2113
1832
5128
8261
6040
1950
931
4432
7093
4788
319
-771
1809
2796
467
-1712
-1152
91
-1102
-3346
-3957
-2938
-1845
-2646
-3852
-4505
-3917
-2763
-3026
-3970
-3996
-2194
-1309
-2601
-3994
-2848
44
801
-532
-1508
-906
761
1805
1178
332
864
3117
3697
1363
-151
1766
4246
3166
1263
718
2143
2702
1791
716
-167
1205
1689
574
-1461
-1561
130
216
-419
-1258
-1232
-1492
-1288
-1130
-1731
-1042
232
668
-1226
-2400
-791
1143
1705
837
665
399
94
811
1531
2094
1993
2140
1909
799
312
1062
2180
2449
2058
995
-34
121
613
58
-760
152
1580
120
-3083
-3832
-1667
-710
-1475
-2067
-2052
-3268
-4801
-3703
-2053
-1526
-2760
-3025
-2348
-2272
-2105
-2222
-1937
-1333
459
1852
780
-841
-1006
1187
3811
5175
3726
526
598
4407
7195
4511
1007
1936
5269
5984
2592
168
1192
3928
4408
1440
-1351
-1197
1407
2005
-343
-2531
-2403
-830
-1214
-2395
-2860
-2195
-1728
-2973
-3979
-4043
-2984
-1948
-2293
-3168
-3617
-2791
-2261
-3215
-3176
-1799
-223
-918
-2649
-2571
-1572
-217
40
416
227
119
459
538
1096
933
2315
2531
1895
1407
1596
2925
1893
1556
2027
3196
2793
1038
751
1040
2291
2572
2291
838
-316
434
1122
1394
853
682
361
-123
3
-529
-966
-756
621
933
-749
-1597
-1279
-712
-1088
-656
460
449
-765
-1666
-1217
-577
-9
466
563
-39
-491
-533
-356
-149
346
875
681
30
-296
-395
-609
-233
287
460
-103
-809
-1174
-1606
-1357
-605
-181
-791
-1556
-1626
-1543
-1506
-1135
-253
-142
-679
-1255
-774
-42
256
755
952
1326
654
461
1588
2676
2750
1366
1472
2955
3791
2934
1320
1499
2902
3618
2639
886
511
1586
2322
1468
-85
-751
-280
-102
-837
-1387
-1546
-1520
-2292
-2880
-2686
-2918
-3288
-3894
-3625
-3217
-3691
-3723
-4018
-4175
-3784
-3151
-2533
-3198
-3286
-2333
-1758
-1811
-1700
-458
-16
-133
202
1139
1679
1739
2148
2033
2396
3460
4916
4123
2431
2955
4432
4936
3298
3268
4260
4058
3198
2252
2100
1331
1512
2547
1963
335
-702
-347
-751
-1552
-941
-523
-1432
-2350
-1907
-2034
-3325
-3265
-1522
-680
-1911
-2360
-1823
-2035
-2453
-1665
94
390
-203
-563
-588
-594
-124
1160
1638
1417
1075
1002
686
358
991
1743
1839
1468
1077
632
-67
-204
563
808
413
-180
-434
-860
-1495
-1191
-508
-500
-1231
-1463
-1485
-1453
-1299
-645
-663
-1433
-749
332
502
-740
-594
1156
1806
1338
327
923
1966
2719
2998
1651
991
1411
2687
2983
1819
1421
1457
1625
970
181
-186
-43
453
198
-795
-2288
-2570
-2200
-1956
-2118
-2566
-2716
-3429
-3863
-3808
-3472
-3059
-2944
-2838
-2785
-2834
-2795
-2629
-2078
-1314
-913
-589
-526
-388
38
612
1117
1073
1495
2110
2256
2067
2029
2645
2990
2821
2364
2242
2459
2715
2731
2144
1721
1498
1690
1600
1156
908
797
960
295
-470
-567
-167
228
87
-185
-805
-1326
-1191
-565
-497
-737
-335
-37
-661
-1695
-1423
-87
484
188
-97
75
17
-571
-552
187
1372
1768
880
-189
-543
290
834
895
1117
1249
853
-182
-505
-62
188
356
745
651
-321
-1119
-858
-330
-341
-226
84
-172
-976
-1388
-1196
-772
-270
198
-218
-1152
-1367
-783
-304
-403
-252
-242
-412
-330
-128
-330
-819
-217
634
298
-648
-566
635
820
54
-476
7
749
734
268
-280
80
631
599
-182
-572
206
635
279
-379
-574
-633
-581
36
330
-365
-999
-500
-37
-688
-1031
-160
252
-396
-667
-16
9
-702
-638
54
44
-455
-196
-21
-323
-254
25
-320
-966
-304
495
-101
-777
-237
343
-438
-725
128
498
-22
125
828
309
-581
74
1321
1050
400
750
1096
519
270
987
1099
744
1147
1597
957
79
574
1436
998
639
1137
1354
748
176
624
934
812
879
812
441
91
246
369
-37
-30
365
349
-238
-648
-363
-320
-460
-390
-229
-426
-637
-504
-295
-487
-882
-623
-193
102
-253
-734
-565
-122
191
-240
-791
-528
74
212
-195
-720
-644
-535
-225
-116
-574
-724
-940
-561
-775
-906
-790
-898
-693
-965
-872
-1142
-809
-817
-1240
-1200
-867
-273
-775
-699
-713
-723
-439
-16
465
-200
-191
492
941
969
622
583
659
1417
2212
1675
723
881
1982
1847
1053
1186
1643
1537
825
758
596
171
400
670
235
-676
-451
-62
-975
-1647
-1099
-286
-841
-1667
-1503
-1493
-1630
-1337
-776
-1280
-1920
-1061
-325
-859
-1682
-943
51
-210
-455
-243
60
122
610
888
200
63
1180
2094
1363
745
1471
1765
1268
1166
1910
2246
1741
1780
1651
953
766
1353
1793
1185
900
1021
414
-487
-282
729
640
-71
-359
-428
-1021
-1361
-523
48
-395
-946
-782
-807
-1260
-962
-459
-306
-275
-128
-339
-1180
-740
442
579
-190
-528
182
197
-215
-29
265
167
44
205
26
-518
-332
383
181
-449
-734
-622
-776
-838
-396
-375
-1091
-1673
-1520
-1451
-1252
-1063
-938
-1637
-2137
-1560
-1422
-1607
-1674
-611
-270
-1073
-1351
-880
-209
-60
511
910
703
664
900
1071
1153
2041
2883
2242
1318
1589
2444
2250
1830
2190
2420
2012
1404
1318
961
960
1534
1350
325
-524
32
384
-374
-738
-545
-737
-1340
-1441
-1090
-1443
-1752
-1235
-1137
-1867
-2319
-1608
-1059
-1290
-1292
-1087
-1283
-1521
-882
-128
-209
-407
-35
310
62
110
678
1017
1182
1401
1456
947
743
1311
1713
1596
1541
1684
1265
635
737
1202
1079
668
620
595
83
-345
-232
39
78
-173
-367
-636
-721
-521
-343
-408
-616
-562
-304
-127
-142
-163
-249
-137
211
451
373
197
348
465
431
459
490
369
291
693
943
446
-254
-319
133
164
0
-266
-616
-845
-969
-797
-931
-1199
-1378
-1403
-1402
-1602
-1798
-2031
-1970
-1649
-1369
-1643
-2051
-1899
-1502
-1366
-1226
-916
-990
-1085
-674
-83
-47
-88
392
712
508
641
1363
1628
1363
1410
1968
2103
1766
1779
2114
2381
2339
2153
1877
1656
1745
1904
1818
1570
1330
947
595
567
655
338
-54
74
66
-534
-1089
-1032
-756
-970
-1125
-862
-1031
-1613
-1865
-1416
-1030
-1117
-1071
-958
-1094
-1349
-1147
-724
-536
-424
-243
-128
-323
-297
-124
-72
123
458
639
255
-19
259
484
361
312
616
593
219
131
208
220
166
270
282
75
99
194
83
-115
109
361
238
21
84
361
237
212
375
518
566
578
774
683
517
676
972
1019
768
726
885
840
679
622
686
632
394
218
41
-108
-140
-184
-329
-644
-851
-910
-1068
-1105
-1133
-1391
-1599
-1558
-1501
-1780
-1999
-1583
-1256
-1516
-1858
-1678
-1280
-1274
-1237
-1106
-932
-788
-631
-443
-495
-302
197
545
458
316
524
772
914
1055
1233
1166
1051
1375
1495
1201
968
1253
1663
1388
1109
1064
1010
898
1008
1230
914
518
502
739
657
421
378
199
14
146
327
29
-307
-221
29
-84
-391
-414
-432
-411
-357
-398
-616
-768
-598
-574
-711
-734
-577
-613
-909
-911
-698
-651
-696
-595
-591
-885
-1037
-610
-218
-436
-772
-642
-226
-291
-617
-515
6
279
120
-23
-44
51
359
739
793
617
565
733
837
869
1028
1181
1227
1191
1119
922
790
1042
1351
1156
816
704
686
560
444
651
596
179
-113
-108
-44
-295
-451
-408
-420
-662
-944
-996
-934
-776
-740
-871
-1085
-1201
-1072
-906
-705
-611
-731
-844
-838
-680
-468
-210
-38
-72
-282
-361
-183
37
291
310
206
147
164
126
37
243
487
485
224
95
-10
-53
85
263
373
146
38
-124
-231
42
322
294
-5
2
181
192
103
201
328
274
403
458
185
37
405
866
600
98
67
332
475
463
404
157
63
139
170
-100
-356
-156
-57
-249
-583
-737
-635
-519
-498
-762
-1013
-951
-807
-909
-1063
-925
-730
-708
-770
-763
-701
-550
-247
-30
-187
-338
-19
428
499
270
325
712
962
902
777
911
1090
1198
1175
1066
1078
1018
1009
1129
1258
1152
732
512
733
955
710
354
315
345
98
-177
-79
-30
-287
-418
-348
-452
-810
-870
-631
-626
-801
-775
-627
-699
-813
-758
-515
-397
-415
-299
-309
-350
-267
-89
-15
-63
89
253
256
160
181
253
286
401
416
351
232
292
285
29
48
304
335
-82
-251
-125
-161
-323
-412
-281
-396
-436
-434
-517
-683
-757
-429
-425
-537
-678
-524
-388
-499
-389
-303
-213
-274
-118
-113
-161
-25
107
69
-167
53
290
293
104
139
288
190
201
240
307
130
122
321
192
78
9
115
54
44
233
79
-72
-160
6
38
27
199
149
-38
-98
244
298
111
124
373
521
395
391
401
389
408
586
721
665
564
452
448
506
534
543
551
585
446
214
173
285
287
110
21
35
22
-267
-553
-444
-192
-221
-560
-664
-587
-579
-712
-755
-661
-667
-619
-585
-627
-698
-604
-415
-339
-404
-414
-273
-119
18
49
6
49
258
338
292
402
657
683
486
409
528
715
703
658
696
670
548
500
486
492
553
595
401
45
-6
106
79
-101
-114
-117
-226
-399
-543
-591
-666
-507
-527
-753
-1007
-1022
-828
-806
-860
-996
-931
-899
-858
-803
-852
-794
-775
-659
-643
-578
-470
-355
-197
-331
-205
-145
-132
-59
68
344
168
129
132
206
237
444
873
622
329
205
452
601
562
761
733
659
562
616
567
519
773
951
798
509
648
649
370
403
825
983
575
357
354
369
364
497
548
211
70
192
206
-6
-72
-17
-72
-131
-202
-245
-479
-460
-213
-320
-509
-502
-360
-560
-693
-388
-263
-493
-660
-445
-285
-395
-436
-335
-280
-310
-335
-260
-186
-93
34
-30
-114
-34
138
174
123
247
341
283
288
328
338
354
478
587
532
402
368
448
427
433
441
490
474
333
301
241
178
204
236
124
-16
-120
-262
-384
-373
-309
-463
-718
-827
-703
-698
-933
-1026
-941
-853
-1020
-1075
-932
-963
-1037
-1017
-803
-743
-765
-702
-692
-674
-549
-291
-293
-377
-241
-67
-26
-27
118
154
114
293
523
449
297
480
654
518
465
645
719
563
557
743
731
630
681
765
679
673
800
799
649
587
717
704
557
605
751
647
489
547
605
455
348
436
445
308
189
190
142
37
64
87
-13
-129
-186
-231
-325
-307
-269
-301
-373
-443
-467
-566
-528
-423
-391
-436
-534
-502
-471
-489
-443
-287
-206
-263
-312
-325
-276
-206
-108
13
51
-32
-96
-55
100
216
196
199
167
159
193
233
279
276
288
304
277
211
214
153
95
172
193
53
-129
-164
-94
-40
-72
-193
-344
-406
-354
-313
-328
-383
-461
-506
-516
-481
-452
-458
-434
-442
-472
-485
-408
-303
-348
-444
-380
-208
-195
-282
-295
-224
-101
-32
-85
-167
-149
-38
46
64
122
111
59
117
230
272
183
174
214
237
259
300
341
309
298
351
383
337
378
452
487
478
445
424
361
428
536
515
426
395
404
331
303
315
308
332
294
238
189
175
193
189
164
100
74
28
-45
-42
-27
-77
-113
-126
-161
-217
-252
-247
-227
-215
-215
-205
-224
-188
-166
-147
-47
-4
-16
-33
24
109
101
18
71
155
132
146
183
183
114
117
117
45
-12
-14
-9
-72
-89
-70
-165
-277
-270
-253
-282
-278
-238
-284
-384
-440
-367
-331
-386
-408
-403
-435
-488
-420
-344
-335
-359
-319
-337
-378
-297
-202
-137
-94
-35
-3
-54
-42
55
82
94
139
157
89
44
95
167
140
101
107
114
92
29
65
83
88
84
12
-44
-50
49
129
41
-25
-20
4
63
90
135
117
123
189
192
124
114
280
344
286
266
259
224
231
354
407
370
270
236
238
192
252
282
263
177
139
169
92
36
37
94
44
32
34
-84
-149
-110
18
9
-66
-136
-92
-53
-60
-14
-61
-121
-137
-76
-38
-11
26
-14
-99
-70
13
36
38
30
73
53
-6
18
45
12
26
89
101
29
-88
-66
42
19
-75
-134
-130
-129
-171
-190
-212
-205
-212
-225
-285
-341
-295
-294
-237
-210
-254
-322
-348
-228
-180
-196
-170
-108
-89
-130
-120
-57
-37
-65
-47
9
75
85
65
41
63
116
145
156
130
147
130
108
119
122
98
89
152
171
136
92
81
70
59
38
38
53
16
0
-28
-27
-37
-72
-28
-23
-101
-158
-117
-20
1
0
-10
-36
-50
-22
-5
-31
-20
37
93
57
49
40
13
47
94
114
54
32
42
71
68
47
67
78
72
-7
0
32
36
54
63
54
1
75
131
107
125
163
151
121
142
168
168
172
217
198
164
145
161
174
112
87
134
165
109
25
-6
22
45
26
16
-19
-110
-130
-158
-153
-123
-121
-127
-185
-224
-275
-257
-216
-205
-161
-186
-190
-225
-290
-254
-212
-139
-127
-150
-177
-208
-189
-107
-1
-12
15
-8
-69
-78
-50
37
93
121
82
28
-10
16
111
179
147
103
99
64
55
53
37
56
107
136
83
10
12
23
60
99
115
60
-25
-64
-94
-66
-25
4
-20
-67
-122
-107
-54
-38
-41
-61
-34
-66
-96
-100
-120
-97
-41
-52
-107
-137
-164
-140
-103
-76
-67
-56
-82
-102
-129
-88
3
57
92
16
-19
4
38
115
167
162
136
114
136
150
174
244
304
282
253
239
183
203
205
235
222
230
222
158
158
154
210
195
159
80
20
19
9
10
20
7
-42
-58
-66
-104
-126
-105
-105
-126
-183
-190
-199
-183
-146
-165
-202
-184
-130
-129
-122
-146
-120
-97
-53
-25
-45
-50
-58
-51
-35
-33
-37
18
24
19
5
-6
7
-3
-3
3
22
23
16
9
28
42
67
94
23
-9
8
32
70
52
21
5
6
1
15
43
66
84
51
9
3
-5
-7
9
-8
-29
-38
-42
-50
-86
-75
-55
-61
-60
-88
-129
-161
-151
-161
-116
-95
-128
-151
-172
-127
-158
-133
-95
-114
-108
-113
-95
-97
-46
-16
-19
24
8
3
7
9
47
89
126
127
133
129
140
175
149
123
145
171
145
138
148
152
155
136
146
146
108
70
57
74
92
89
79
72
65
51
37
32
32
16
-14
4
29
6
-18
19
17
4
15
-5
0
-13
-9
9
31
65
43
49
35
22
39
50
63
14
-15
2
7
16
0
1
-14
-15
19
-26
-27
1
-24
-51
-56
-45
-43
-73
-79
-63
-91
-92
-108
-89
-69
-61
-54
-72
-67
-84
-90
-67
-54
-85
-76
-91
-102
-84
-59
-48
-71
-38
-62
-67
-30
-4
-9
-28
-36
-38
-56
-65
-51
-25
8
-27
-67
-80
-74
-72
0
25
-19
-22
-57
-62
-53
-19
-10
-6
3
-8
-8
13
25
20
38
25
-2
19
8
-6
36
38
37
36
32
4
13
64
69
32
1
46
41
22
49
50
27
25
17
16
51
57
64
67
46
35
31
47
70
73
81
69
54
55
50
70
98
66
64
79
43
40
34
41
54
60
84
37
36
85
111
128
113
126
119
133
106
84
73
57
106
81
82
56
69
45
7
39
9
-8
-40
9
-21
-44
-49
-73
-66
-101
-54
-89
-105
-104
-106
-85
-120
-135
-122
-127
-143
-137
-164
-164
-166
-143
-123
-108
-118
-129
-126
-135
-131
-129
-82
-74
-29
-48
-82
-47
-52
-53
-58
-42
-26
-28
-48
-76
-57
-24
-31
-54
-60
-41
-66
-71
-22
-13
-15
-38
-41
-45
-53
-7
22
35
11
-44
-74
-6
31
32
48
45
28
5
36
33
66
79
69
49
0
-7
16
50
106
129
85
75
62
91
125
139
133
103
80
65
91
143
167
142
157
111
85
98
96
121
128
137
114
117
123
104
118
121
123
120
98
102
82
79
109
107
92
89
81
58
49
39
16
-6
-28
-32
-34
-19
-9
-19
-11
-27
-42
-63
-84
-98
-140
-148
-147
-157
-187
-191
-167
-161
-126
-153
-175
-168
-185
-183
-177
-136
-108
-94
-75
-85
-113
-72
-54
-62
-41
-47
-46
-54
-44
-37
-10
14
-12
-48
-45
-15
5
-21
-42
-19
-40
-45
-56
-44
-24
-41
-38
-45
-63
-81
-80
-35
-14
-33
2
-2
-29
-37
-47
-38
-54
-65
-26
-28
-32
-15
-51
-31
-6
11
31
69
97
70
69
41
32
61
115
146
121
130
118
121
145
151
142
140
180
141
114
112
101
125
145
152
110
97
117
106
101
153
155
135
156
147
114
120
135
112
99
61
84
70
22
38
-10
3
5
-21
-26
-16
6
-18
-66
-89
-43
-26
-29
-44
-47
-34
-73
-62
-64
-106
-80
-82
-105
-115
-111
-100
-94
-84
-108
-92
-98
-105
-106
-105
-84
-104
-111
-90
-82
-83
-59
-56
-63
-60
-66
-78
-86
-66
-62
-88
-60
-74
-78
-32
-29
-29
-59
-95
-97
-74
-79
-53
-25
-26
-56
-75
-47
-38
-7
-22
-22
-17
-59
-69
-37
-16
10
1
-22
-3
-27
-12
-7
-3
4
-3
9
34
72
59
59
60
76
39
19
75
82
93
90
91
114
122
97
132
174
131
105
114
130
119
120
164
161
139
142
88
99
124
143
152
129
135
98
91
94
93
87
78
51
35
45
32
32
33
37
19
5
7
-3
-30
-59
-55
-65
-89
-77
-94
-80
-79
-111
-130
-148
-120
-149
-142
-102
-94
-114
-140
-136
-123
-104
-80
-59
-88
-97
-108
-77
-60
-69
-55
-22
2
-37
-25
3
21
32
33
11
11
-9
-7
23
-4
16
-2
7
8
-18
-8
-5
9
-4
1
-1
-9
-16
-21
-15
-11
-15
-41
-18
-17
-23
-38
-57
-45
-63
-95
-85
-48
-51
-52
-62
-76
-23
-23
-20
23
-23
-21
2
-2
8
9
32
29
19
21
56
48
62
75
57
75
63
72
66
85
79
76
92
101
99
93
90
88
117
89
90
84
100
100
82
75
33
60
65
83
94
87
80
57
30
4
3
-1
2
-10
-21
-34
-41
-18
-28
-36
-19
-28
-28
-37
-32
-29
-40
-63
-81
-63
-46
-57
-97
-80
-70
-85
-65
-22
-19
-39
-19
-46
-86
-69
-51
-52
-35
-17
4
-2
3
-1
-31
0
13
15
1
11
-7
-18
21
-1
7
29
31
-15
-16
29
-6
8
47
31
-9
-3
-7
-17
6
0
-15
-31
-10
-24
-56
-54
-44
-28
-10
-14
-38
-6
1
-6
-32
-50
-34
-46
-43
-41
-34
-47
-48
-69
-84
-38
-47
-26
-14
-31
-19
-25
4
16
21
41
37
53
44
52
86
91
82
75
91
55
34
43
42
57
91
92
51
38
30
34
41
56
73
76
63
76
71
69
50
29
72
55
40
22
-10
-8
-9
-24
-27
-32
-29
-21
-54
-41
-23
-25
-13
9
12
11
-26
-35
-4
-9
-11
-16
-9
-33
-26
-47
-37
-25
-62
-36
-41
-59
-73
-57
-37
-58
-63
-10
-9
-18
-29
-40
14
-2
1
14
12
12
-6
13
11
-3
-18
4
20
-4
-11
10
25
7
-2
2
20
5
18
36
18
34
22
-7
-11
15
-6
-49
-43
-44
-47
-25
0
-33
-5
0
-22
-6
-19
-27
-38
23
12
12
19
15
41
-5
3
-13
-6
18
17
1
-21
-11
-6
6
9
-5
0
9
-9
6
-4
6
27
17
30
36
43
41
48
37
65
74
40
16
16
17
0
19
-30
-44
-31
-25
-8
-38
-61
-38
18
20
18
26
31
12
-13
2
16
6
5
23
6
12
1
-22
-7
14
7
-14
-12
-4
-7
-29
-31
-18
-23
-22
-10
-9
1
-10
-19
-2
16
-16
-32
-1
-9
-46
-51
-6
-37
-54
-57
-41
-44
-51
-13
-20
-9
-2
-5
-21
5
4
-5
10
41
54
39
34
33
32
16
29
23
59
44
49
50
37
43
22
47
45
44
33
51
46
61
65
48
51
28
19
-9
-7
9
8
-13
-4
-18
-32
-26
-21
2
-22
-8
-8
-18
-38
-45
-14
4
-14
-30
-6
-18
-39
-38
-12
-22
-39
-20
-18
-33
-28
-26
-48
-7
-10
-56
-33
-20
-48
-49
-33
-40
-28
-16
-24
-32
-7
-16
-27
-15
-32
-46
-41
-3
-6
-13
-11
-9
-4
6
44
22
-1
4
1
-8
1
-4
-19
7
18
8
3
31
16
5
10
18
44
59
73
32
31
26
-5
10
12
6
25
30
8
32
64
61
25
37
45
29
49
34
39
36
27
0
-13
19
-17
-29
-24
-18
-28
-43
-29
-27
0
13
47
25
-3
-4
9
40
-9
19
15
3
2
23
61
36
28
-12
-8
-11
15
47
40
16
15
46
52
38
10
12
4
29
31
37
23
11
28
-6
13
-12
-18
-12
-47
-15
-21
-24
-26
-60
-76
-82
-47
-48
-66
-88
-80
-59
-69
-68
-89
-54
-54
-76
-69
-45
-29
-74
-53
-54
-38
-39
-69
-34
-54
-62
-48
-57
-51
-41
-36
-34
-34
-20
2
-7
10
14
7
39
34
10
4
0
13
23
24
41
45
60
65
51
55
77
73
40
47
66
67
58
76
66
36
20
44
50
41
68
47
39
58
44
36
61
50
37
7
4
29
19
26
14
19
15
39
31
-3
-6
-11
18
-3
-7
12
3
10
25
28
5
18
38
22
19
48
48
15
29
25
10
26
-6
-29
-2
23
-8
-19
4
-9
-13
-12
-6
-31
-59
-61
-67
-55
-35
-42
-80
-67
-51
-32
-42
-61
-50
-84
-72
-51
-55
-19
-22
-73
-60
-53
-71
-76
-66
-73
-79
-32
-34
-55
-53
-33
-39
-25
-4
-21
-22
-40
-41
-13
-11
-25
1
20
25
22
39
40
16
-17
-8
19
3
7
-7
0
23
41
35
28
47
21
24
52
62
57
32
38
38
32
6
26
29
7
46
30
29
23
22
23
32
29
1
14
12
3
-2
27
61
63
61
44
41
61
57
43
-12
-16
45
32
-7
18
46
29
12
36
24
18
43
36
40
4
21
31
25
19
39
39
12
34
8
35
27
6
18
18
-14
-7
19
-6
-17
-17
13
-19
-25
-23
-57
-54
-36
-22
-46
-48
-79
-86
-74
-85
-78
-83
-86
-109
-79
-89
-110
-89
-79
-48
-75
-63
-29
-40
-73
-64
-28
-20
-21
-53
-36
-19
-7
-19
-4
14
-17
-4
7
1
-2
-1
-13
-3
6
3
22
52
35
2
15
35
23
34
52
39
26
29
40
32
40
24
49
56
18
7
15
20
-22
-13
18
13
-10
7
10
0
9
-13
3
17
26
21
6
9
19
29
22
57
77
56
51
31
48
28
-11
18
-7
2
16
8
13
-7
20
45
58
28
17
18
36
64
79
74
53
73
57
40
15
26
36
19
4
10
6
-14
-14
-43
-23
-9
22
-2
-20
0
-16
-9
-35
-29
-33
-31
-31
-28
-41
-63
-43
-34
-44
-55
-75
-103
-83
-99
-83
-63
-60
-57
-52
-44
-50
-39
-54
-62
-69
-60
-47
-40
-28
-19
-14
-13
-42
-22
-3
-11
19
-2
-6
1
31
12
8
24
26
12
-12
19
13
23
5
6
10
32
52
21
33
35
46
5
8
21
-10
1
-18
-52
-16
31
-8
16
12
-23
-8
-1
10
17
41
26
13
-4
26
28
23
29
19
44
13
9
10
10
4
21
21
9
51
38
35
28
19
57
65
73
67
70
71
36
29
28
43
34
3
2
-5
-13
-10
-30
-21
-19
4
6
3
52
18
12
28
16
24
50
41
4
1
-6
-3
14
-2
-12
-26
-57
-52
-63
-41
-41
-42
-23
-51
-63
-38
-35
-60
-66
-63
-24
-49
-55
-44
-55
-74
-53
-31
-51
-34
-19
-25
-57
-11
-25
-13
18
4
3
-22
-14
-31
-23
-2
-4
-7
-11
-19
-14
6
-13
-14
20
21
-4
-9
9
11
28
50
2
7
22
13
31
19
29
10
-10
10
7
0
5
1
-24
-17
13
-1
-1
-6
1
-6
-31
3
-16
-4
10
-9
-9
29
35
16
50
1
-3
14
22
37
16
15
47
52
13
10
-2
32
29
15
38
39
45
48
25
22
16
35
65
44
52
56
53
47
51
38
36
69
78
67
72
50
22
41
27
18
10
18
6
-16
21
-4
-49
-47
-56
-70
-85
-73
-54
-59
-44
-35
-46
-59
-62
-55
-60
-66
-81
-65
-42
-64
-54
-24
-32
-38
-19
-46
-66
-61
-53
-43
-63
-74
-43
-20
-44
-60
-29
-3
-18
-23
-11
-16
-16
2
-10
3
6
0
9
6
30
16
25
15
-16
-26
4
25
10
27
26
53
55
47
48
29
38
46
59
56
43
31
35
35
8
0
-2
6
30
24
-7
6
7
-16
6
25
29
21
4
-16
-35
-38
-21
-4
12
25
-3
-9
5
-8
3
41
42
7
4
35
37
33
19
37
51
66
62
32
56
47
66
61
63
29
-5
15
17
14
1
23
-4
-3
-25
-29
-9
-4
-17
-31
-18
-18
-9
-19
-2
-8
-33
-61
-45
-47
-57
-72
-74
-69
-78
-48
-70
-76
-61
-42
-51
-52
-58
-16
-15
-28
1
-8
-7
-19
7
-13
-17
-25
-24
-21
-9
12
7
-1
-18
22
12
20
11
-8
16
9
-3
22
38
9
11
38
11
11
28
11
-7
-12
9
-5
-3
-3
-10
3
37
26
-1
16
26
24
-11
27
60
41
34
23
13
15
10
27
31
12
25
15
8
-6
-22
-16
22
23
5
32
19
27
41
29
49
44
22
3
-21
-7
-25
-37
-3
1
1
-8
-5
-12
-28
-9
-7
-25
-25
-12
-28
0
4
-51
-21
-4
-15
-6
-1
-23
-37
-8
3
-4
9
15
6
2
25
13
-19
15
4
-11
0
-19
-21
-15
9
5
-16
-12
-23
-30
-13
16
1
-14
-6
-3
-20
-13
-5
2
14
14
16
-28
-18
-5
-15
-8
-11
-12
15
25
17
27
-6
-4
-3
-6
-9
-2
23
9
-3
24
41
-18
-7
14
22
40
12
19
35
28
-6
42
52
12
13
12
22
-12
9
15
-6
-10
-30
-22
-32
-6
-16
-46
-3
12
7
0
14
4
-40
-16
20
7
4
4
2
16
4
-3
0
-9
-27
-38
-32
-38
-42
-25
7
-4
-13
10
-9
-7
-15
-18
-11
-13
-25
5
-8
-27
-3
-28
-7
-12
-18
-18
-11
-10
-7
6
-3
7
20
51
33
16
1
19
20
20
43
29
30
-2
13
25
16
-5
1
17
13
3
-10
14
-12
-7
20
44
45
16
24
24
22
9
10
18
37
26
-4
22
2
-6
3
-4
-4
-3
7
-23
-8
11
17
13
2
6
-9
-25
-38
-27
-16
-7
-4
-16
-44
-32
-37
-48
-46
-58
-49
-26
-11
-40
-15
-4
-32
-17
1
1
-12
-8
-3
-7
7
13
27
-2
-17
-6
11
19
-12
-8
20
26
9
6
-7
2
18
11
13
22
28
15
21
48
22
-15
21
32
22
6
-8
-16
-22
-8
2
6
26
12
-22
-2
13
-11
-12
36
-3
-22
-14
-10
5
-12
20
1
3
23
-11
-12
7
-16
-23
7
31
29
-13
-25
-7
-18
-11
6
-9
-45
-29
-15
-34
-14
-6
7
8
-13
-15
-5
-3
-26
-20
19
5
-3
23
33
25
16
28
24
42
37
19
-23
-29
-28
-40
-6
-19
3
20
10
15
19
12
22
19
17
14
8
27
39
25
4
34
-4
0
-7
-10
11
-16
9
-10
-17
-8
3
8
12
10
-5
7
8
1
15
-9
-22
-13
-16
13
7
22
16
-22
-47
-25
-4
-34
-34
-29
-11
-15
-11
2
-16
7
28
-11
0
9
-22
-24
5
4
-22
19
-6
-45
-38
-35
-12
-6
-5
-12
-31
-4
-11
-15
22
15
-10
-9
20
28
17
0
14
-2
-27
-18
17
34
9
17
22
17
0
-18
-6
6
-16
1
3
23
39
-7
-9
8
25
3
5
30
13
1
19
18
11
12
7
4
-12
-15
-22
-16
6
-17
-22
6
19
17
-5
13
-13
-36
-25
-21
26
13
-8
7
12
-3
-9
3
-18
-17
-9
-14
10
-1
-2
9
32
49
24
18
14
28
6
-4
12
34
4
-12
17
-5
2
-12
3
18
23
22
17
2
-13
0
-12
29
35
16
11
22
1
-10
-1
-13
17
10
0
-2
8
0
-31
-9
1
-32
-50
-14
-4
-29
-32
-17
-47
-56
-44
-33
-16
-32
-22
-29
-9
-45
-47
-1
-18
-13
-13
4
-8
14
-3
-18
-3
-5
7
-6
17
22
-13
-34
-18
11
28
-24
-21
-3
-23
-28
-13
-5
-31
8
6
13
12
3
24
18
38
42
32
25
24
4
9
29
5
27
16
-9
35
-7
12
38
14
37
10
20
28
13
16
20
23
41
47
23
32
46
28
2
9
-3
8
10
-27
-23
-10
2
1
6
35
17
5
23
-5
-6
10
-3
-7
-21
-41
-35
-13
-41
-39
-20
-30
-15
-2
25
-6
-42
6
34
25
22
33
26
6
0
-6
-13
-44
-38
-33
-37
-32
-25
-20
-56
-57
-56
-41
-3
-6
-16
-9
22
7
-9
8
-1
-2
-8
-2
-5
-20
-23
-19
-13
-20
-31
-30
-4
-23
0
-4
-35
-15
-2
1
2
25
6
-12
-5
15
-1
4
22
28
25
-15
15
39
38
23
0
2
2
3
6
-6
18
46
19
34
45
16
32
22
-15
3
-8
8
42
19
29
30
18
24
-2
-2
5
0
0
12
11
3
34
13
-9
-28
-27
-9
-10
31
1
-11
16
19
12
23
61
26
-3
6
2
2
26
24
-13
7
7
6
0
-8
-3
-23
0
-7
-13
-9
-21
-22
-21
-10
-7
-23
-39
-55
-53
-52
-71
-48
-36
-19
-44
-47
-35
-41
-20
-19
6
-15
-9
-27
-42
-2
9
19
22
13
-10
18
30
16
20
15
5
16
40
48
28
4
26
16
0
2
-22
-5
19
8
4
-2
-24
12
23
5
10
-11
18
7
-12
-6
-20
-21
-15
5
-5
-15
12
10
0
-4
-16
-22
-36
1
9
9
28
8
-16
-9
21
16
21
13
1
6
10
2
0
10
2
20
31
11
13
41
42
37
43
47
37
28
10
23
25
4
26
34
19
6
32
36
5
13
16
8
-10
-20
-33
-58
-41
-51
-20
-19
-37
-35
-54
-32
-46
-30
-59
-63
-60
-56
-29
-60
-21
-4
-31
-25
15
30
14
-12
16
7
-16
-4
-16
16
23
15
22
21
-10
-10
22
15
19
32
22
6
16
26
10
9
5
-12
-3
-15
-7
9
-20
6
40
19
-18
-3
4
-13
-15
1
13
8
-4
-28
-6
-1
-10
7
-13
-31
-33
-34
-26
-22
1
1
-2
30
31
25
46
35
27
35
3
15
38
38
17
20
54
18
13
27
39
11
-13
20
-1
-7
17
37
25
11
4
6
-10
-37
-17
-7
-9
-38
-50
-28
-21
-42
-70
-60
-57
-71
-45
-25
-25
-12
-7
-19
-35
-25
-11
10
25
-11
-13
14
12
14
33
36
31
41
39
57
55
52
48
-3
1
-1
7
28
-9
-5
-18
-23
8
11
-1
19
37
1
18
28
9
10
-18
-14
-14
-19
-8
-17
7
3
-18
-20
-23
-44
-35
0
-24
1
4
7
6
-4
16
-27
-35
-7
-10
-11
9
-19
0
12
-27
-7
-10
-1
-12
-23
6
-6
-28
-4
18
-10
2
23
5
-13
-9
10
12
16
23
20
22
6
-10
-20
5
19
12
25
19
-5
-27
-33
4
32
-3
21
20
23
23
-15
22
42
-7
-19
27
9
10
-3
-7
4
16
22
32
59
39
40
13
6
-14
-9
17
6
-3
-12
-35
-45
-31
-51
-29
-19
-25
-36
-49
-13
-10
-44
-50
-19
-4
-24
-8
-20
-45
-38
-23
3
-20
-15
-9
-19
-14
-29
-7
12
-2
5
9
-7
41
48
18
44
57
47
41
22
10
25
10
21
37
45
57
35
35
77
51
23
18
-23
23
-4
-22
7
-10
-16
-19
7
-11
-15
0
-7
-16
-14
-30
-18
-9
-26
-44
-25
-6
-43
-49
-25
-11
-22
-25
-16
-22
-38
-6
1
-7
-5
-10
-9
-9
-29
-53
8
3
-25
-16
8
18
-13
19
42
53
39
29
31
35
30
6
33
29
17
-4
-10
12
25
19
-6
-5
-16
-5
37
41
34
51
28
16
10
-7
-16
-5
9
-27
-49
-24
-6
-31
-34
-17
-16
-33
-28
-31
-18
-18
-42
-3
-17
-17
-12
-13
5
3
9
-1
0
7
13
9
-4
-19
0
6
12
21
-2
2
11
25
45
36
38
37
10
4
11
14
23
29
24
33
32
22
7
0
-3
1
0
-9
19
3
-1
4
-6
-22
-21
-45
-72
-35
-27
-38
-30
-11
-23
-38
-40
-37
-56
-28
-10
-23
-32
-44
-1
-4
-19
-13
16
1
-21
26
48
24
22
24
26
25
15
18
14
47
32
40
73
35
23
33
8
3
50
32
21
16
17
18
7
17
-15
-7
12
1
-9
-12
-8
3
9
-9
-19
-41
-51
-54
-64
-42
-34
-39
-15
-12
-20
-25
-30
-13
-33
-42
-6
-20
-22
-17
-18
-35
-9
10
-10
31
21
15
13
29
28
-4
31
38
43
-8
-1
12
-12
13
-3
-2
0
3
-23
-6
3
3
9
6
0
-28
21
19
22
6
12
21
19
57
29
31
37
28
-18
-6
19
15
12
-9
2
-18
-19
-11
24
42
18
6
6
-23
-42
-12
-20
2
3
-16
-21
-15
-14
-31
-13
-6
14
9
-14
-18
-13
-1
-16
-29
-3
18
-9
-16
1
6
1
-14
2
-19
-7
38
24
31
-4
0
3
-30
-16
-34
-15
-25
-47
-21
19
33
-5
6
-5
8
45
21
31
22
13
9
13
15
5
7
-10
-14
-15
24
-1
-13
6
-23
-14
-3
-3
-15
8
28
10
-15
4
0
-16
-19
-26
-3
-7
-28
-38
13
13
0
7
-3
15
8
-8
-13
12
25
12
-25
-6
6
0
26
27
26
24
26
5
10
8
-8
-18
-2
-2
-6
3
-19
-25
-19
-7
-29
-6
5
-7
2
0
-2
-12
-13
-3
4
-12
-3
-16
-25
-27
-7
2
11
30
21
39
25
9
4
29
22
-1
20
29
