-10
-20
11
3
10
-5
3
-9
-18
-32
-21
8
4
26
2
6
-19
-7
4
19
56
71
82
49
38
29
35
26
6
2
25
-7
-28
-36
-84
-74
-75
-47
-51
-38
-17
-26
-17
-23
-13
-3
20
41
68
32
37
25
13
17
9
50
19
1
-12
-10
-19
-35
-74
-67
-45
-55
-66
-85
-37
-38
-1
27
32
19
41
64
24
32
55
91
64
37
22
16
10
-15
-38
-28
-19
-47
-37
-51
-58
-48
-44
-18
7
-10
-17
23
12
11
24
13
45
63
49
62
47
30
20
-14
3
-3
-8
-15
-22
-29
-44
-28
-39
-29
-22
-14
-15
-13
26
34
28
24
22
26
29
28
25
36
36
34
16
3
22
-10
-4
-10
-32
-34
-48
-25
-24
25
22
14
10
-22
-21
-26
-3
-19
-17
9
0
-10
12
22
29
5
-15
-37
-27
-19
-24
19
-14
0
-27
-18
-23
-37
10
8
31
16
17
18
21
7
6
-3
-4
11
4
3
5
5
20
32
-6
6
-16
-6
-45
-79
-6
-7
-27
-21
-3
-19
-42
-32
-7
25
32
19
44
46
32
11
0
27
28
60
53
29
26
-3
1
2
10
-13
-28
-20
-54
-32
-23
-34
-37
-5
19
32
5
-18
19
7
47
27
24
26
12
31
17
2
-13
-1
-7
-10
-33
-19
-40
-32
-8
-25
-49
-41
-23
-47
-34
-72
-60
-30
3
4
-11
10
29
32
18
56
52
62
14
-12
22
16
25
31
19
8
-11
-31
20
24
45
14
-9
32
18
-11
-47
-15
4
33
27
40
50
10
22
30
19
7
24
4
12
13
-13
-36
-60
-70
-69
-44
-40
-29
-47
-31
-30
-30
-25
-10
8
-7
18
26
32
-7
-3
-11
-6
-9
-24
-18
-29
-38
-30
-15
-63
-6
-9
1
31
29
22
19
27
-3
39
11
22
19
21
42
85
89
21
28
5
-4
3
10
-20
8
0
-19
-19
-19
4
10
40
17
19
-16
-1
-6
-24
15
12
34
30
61
32
9
8
-13
5
-25
-43
-46
-28
-38
-48
-60
-19
9
-6
2
-18
1
-21
-13
-3
2
5
-4
-4
-25
-12
-19
-8
-15
-28
-52
-32
0
-14
-38
-69
-23
-18
-17
-17
-9
24
9
20
45
22
20
54
53
54
11
32
51
35
50
27
27
27
17
-13
-1
2
0
9
-7
-17
-22
8
-13
-13
-10
6
19
23
26
11
45
47
40
25
38
-6
-19
23
18
11
-31
-11
-22
-13
19
-1
-26
-46
-29
-2
-7
-31
-30
-38
-51
-29
8
-26
-33
-56
-28
-21
-43
10
3
22
-6
7
-11
-31
-10
-31
-30
-34
-26
-33
-45
-62
-19
-25
-15
4
26
33
9
58
47
66
52
38
31
33
49
32
38
13
54
63
67
45
0
13
3
14
13
25
16
25
25
6
0
2
11
3
25
-19
-11
0
-11
4
-3
-3
-54
-44
-28
-10
-18
-34
-25
-18
-10
-46
-61
-70
-54
-104
-82
3
18
21
19
21
5
19
1
18
13
36
43
21
13
-13
9
-9
-25
-47
-9
-22
-22
5
-2
1
-30
-32
-47
-3
2
18
27
8
0
7
24
35
43
41
67
41
66
32
23
23
1
10
9
0
-28
-17
-24
-9
-29
3
1
18
17
-16
31
13
5
-9
25
21
8
-13
-19
-36
-33
-23
-41
-12
-50
-2
7
17
14
-6
-3
-13
-8
-19
16
-24
-9
-38
-54
-32
-67
-46
-18
7
-8
4
-26
-22
-26
-22
28
21
21
25
32
20
41
54
67
38
53
76
78
76
44
66
42
63
31
21
-12
-18
-13
-56
-13
-29
-20
-28
8
-6
-37
-33
-66
-41
-50
-43
-51
-33
-35
-35
-20
-27
23
32
31
14
20
23
-9
1
1
4
10
31
38
22
9
-20
-34
-34
-20
-3
-36
-35
-5
-11
-11
-3
15
-7
-19
22
-5
-45
-3
33
40
35
27
32
26
6
2
0
-10
-31
-38
-7
-10
2
14
-1
-18
-31
-12
17
20
10
15
41
19
-30
-22
-8
28
23
35
39
12
45
24
30
16
-1
13
-10
-7
-27
-48
-61
-56
-41
-39
-19
-2
20
36
28
28
34
11
20
48
3
2
-4
-15
11
-6
6
13
9
28
3
-12
-21
-42
-9
-7
-6
-38
-55
-49
-42
3
-16
7
13
6
13
6
16
-25
-21
9
-1
-9
-9
1
4
-16
0
32
24
9
16
19
39
31
38
61
51
52
67
85
26
9
3
-17
3
-14
-23
-27
-18
-48
-74
-42
-32
-44
-41
-48
-74
-51
-57
-55
-27
-7
13
0
-8
-5
22
6
0
3
-35
-28
-22
-16
-19
-22
42
47
6
3
16
35
-2
-6
18
14
-3
-8
14
29
15
7
19
29
26
8
9
12
26
8
20
39
33
0
-32
2
-12
3
41
58
42
19
36
12
0
2
-9
0
23
3
10
10
-5
12
27
18
-9
10
26
22
-23
-31
-29
-48
-32
-49
-53
-53
-47
-47
-15
5
-16
-13
-22
-5
-43
-47
-15
-5
20
-9
-18
-12
-4
-3
7
-17
-29
-14
0
21
-15
13
6
3
19
26
45
24
16
-27
-7
-10
2
18
-18
-9
-10
1
-15
14
-7
-1
6
-13
-2
-44
12
25
51
67
62
45
18
26
-2
41
33
53
61
54
55
47
53
9
11
-26
-22
-22
-32
3
1
-34
-70
-44
-16
-7
-34
-30
-29
-35
-32
-32
-29
-52
-32
-25
-14
-16
-6
-22
-23
21
6
29
1
-26
-32
-25
-10
-10
-6
-31
-16
-8
13
-3
16
12
8
54
22
17
8
22
22
29
21
41
55
64
76
45
24
-8
41
3
-7
-20
-12
4
-43
-19
-18
-18
-26
-13
-21
12
-7
-23
-41
-42
-30
-32
9
-29
-13
-20
16
20
20
27
35
66
30
33
-22
-12
-19
-14
-25
-21
-9
-27
5
-29
-16
-34
-21
-19
-17
-12
-2
6
5
19
33
57
35
87
72
83
40
9
12
-12
11
-11
-11
-84
-73
-69
-63
-50
-44
3
-19
-20
-53
-37
-28
-34
-32
-10
16
23
35
-10
-2
14
32
13
3
45
38
25
-2
16
27
38
23
39
59
34
62
48
44
36
67
53
20
1
0
-1
-32
-12
-21
5
-11
16
5
-42
-57
-37
2
-37
-25
-22
-3
-28
-12
-5
-35
-49
-67
-65
-62
-26
-53
-61
-58
-25
-24
3
3
1
23
-11
15
-15
-4
-29
7
35
18
51
53
70
41
34
23
59
39
20
14
17
37
-2
23
13
20
7
3
-4
-13
-2
-7
-4
-37
-22
-14
10
-6
7
22
34
28
-16
-10
-19
25
10
22
28
9
-7
-32
-22
-73
-51
-19
-4
-22
-19
-32
-37
-22
-45
-13
-4
14
-23
-16
-43
-53
-28
-19
-2
-19
33
10
16
7
41
29
20
53
42
67
31
64
77
63
19
27
32
29
15
-5
8
-21
-9
-44
-25
-8
8
6
11
28
15
17
-22
-25
-42
-9
-9
-11
-9
-19
-30
-44
-32
-40
-7
-11
-6
-13
4
0
-24
-17
-35
-6
3
31
20
6
-19
-20
7
0
0
-6
26
1
-11
-37
-19
-7
-19
-5
-24
8
3
9
-13
7
22
18
32
37
27
5
43
6
7
6
15
13
-1
-9
-27
-13
0
11
-28
21
4
18
24
4
15
-12
16
6
16
-8
-21
-42
-29
-14
-24
13
18
34
39
42
33
20
18
39
19
17
11
-10
-12
-14
22
10
-15
3
-6
-52
-62
-54
-50
-57
-57
-62
-69
-62
-42
-29
-24
20
15
8
12
14
21
20
12
8
10
12
0
6
40
63
66
9
12
22
16
2
-14
19
10
16
16
12
-4
-7
-6
-1
16
17
54
46
19
-2
-7
-37
-62
-48
-15
18
3
13
-26
-35
-26
-19
-9
40
39
-39
5
-17
12
28
25
32
-27
-4
-30
-41
-11
-6
-22
-13
-12
0
19
0
16
-5
-21
4
9
17
13
3
20
21
-2
4
13
0
11
26
-10
-43
-38
-18
-10
-47
-37
-25
-39
-4
15
17
10
9
37
26
-11
-24
-25
-16
3
32
38
30
39
42
44
45
39
51
24
38
48
35
0
-32
-3
-28
-34
-57
-41
-24
-38
-53
-36
-1
-18
-29
-45
-47
-58
-35
-26
-19
-51
-13
22
-20
-8
-15
24
3
7
32
49
18
30
60
-16
-16
-13
4
-7
-23
-20
14
10
-15
6
-16
3
1
10
35
38
34
48
22
36
51
1
24
19
50
57
52
35
9
-15
-3
18
-8
1
-18
-7
-17
-9
-31
-11
2
8
29
1
39
27
59
37
35
31
-10
-14
-31
-1
-34
-45
-73
-67
-66
-74
-85
-86
-52
-63
-32
-67
-69
-35
-19
-14
-5
19
13
12
-18
15
0
7
39
19
25
4
21
16
25
19
21
4
-15
5
9
50
21
25
29
38
65
54
34
19
22
-3
7
-13
-25
-47
-50
-19
-8
9
6
16
6
22
13
34
38
7
-6
15
50
29
3
-44
-24
-32
-30
-9
15
19
-18
-26
-51
-31
-34
-14
-34
-29
-5
-1
35
16
31
16
2
-7
20
31
10
10
16
17
-29
-21
20
25
-9
3
-17
3
9
-14
0
-25
-19
-51
-30
-54
-46
-32
-50
-39
-43
-13
-22
7
3
13
-20
9
36
9
26
29
69
24
38
38
39
27
10
28
26
31
-7
18
25
54
58
35
15
22
12
19
16
-28
-4
-19
17
12
17
28
13
-13
-4
25
-2
20
-33
9
-4
-22
-11
-18
-13
-53
-35
-40
-24
-43
-53
-58
-37
-67
-82
-70
-29
-5
-40
22
-2
21
-19
-39
-33
-31
30
12
29
19
22
10
19
3
-13
-12
-32
-20
-10
-11
-12
2
-9
6
10
34
28
4
0
-3
0
9
44
24
38
42
47
41
31
19
27
40
15
30
-13
-25
-11
10
0
22
44
27
20
10
69
42
31
-3
-4
-9
-4
20
-3
-3
-4
42
24
31
-8
-6
-6
-23
5
1
-12
-20
-14
-24
-13
-31
-4
-27
-13
-31
-60
-34
-32
-32
-62
-35
-36
-25
-41
-22
-31
-35
-18
-36
-25
-60
-26
6
4
-3
7
20
5
-9
-16
6
1
24
30
36
44
46
37
32
52
29
44
31
47
57
29
13
6
12
-19
-9
16
24
-6
-20
-19
-13
-17
-44
-25
-9
-28
-39
0
7
-14
-35
-4
0
-3
51
-3
-31
-16
19
13
17
50
54
104
63
37
-3
-12
7
-51
-27
1
-29
-28
3
-24
-24
5
12
32
15
2
17
0
11
3
-9
-4
-11
-1
-21
-39
-35
7
-12
-44
-39
-40
-22
-32
-27
-38
-22
-19
-19
23
51
44
19
4
-1
9
0
10
13
18
-15
-40
-29
-42
2
5
-24
-13
-1
9
26
35
32
38
22
31
10
19
33
47
62
35
53
49
66
9
1
10
-29
-4
-21
-21
-70
-80
-42
-19
-27
-18
-26
-34
0
-14
9
29
20
4
25
-3
-20
-9
9
22
-2
4
-11
6
-5
-30
-2
4
-23
-13
-14
-32
-1
8
12
16
10
2
-15
-12
3
0
-13
-31
-9
3
-14
-18
-26
-7
-7
7
41
20
20
6
1
-3
-13
9
-7
0
-6
4
-20
-19
25
28
40
26
32
11
-1
16
-4
12
13
-1
20
19
14
22
25
18
31
26
6
-5
-11
23
50
52
31
11
1
-8
-28
-3
11
-23
-31
-27
-19
-46
-43
-44
-28
-17
-14
-13
-32
-34
-76
-67
-67
-44
-38
-9
-17
-68
-55
-73
-45
-40
-32
-17
-12
-12
2
-6
7
32
32
47
51
75
52
37
45
63
35
19
31
31
31
-7
15
38
19
28
40
36
-3
19
35
-3
27
19
9
48
75
72
72
66
44
33
26
-35
-13
16
-46
-38
-48
-39
-40
-60
-45
-43
-38
-48
-41
-27
-31
-26
-37
-32
-18
-34
-34
-15
3
-13
-7
8
-16
-19
-8
-11
2
14
22
49
29
23
28
41
-4
-26
34
44
50
27
27
-10
1
-7
-23
-4
-26
-14
-26
25
-5
-60
-59
-60
-41
-39
-44
-26
-9
-33
-21
-9
5
6
3
19
-4
-14
7
38
30
16
-3
-11
15
0
31
50
57
67
22
36
51
24
10
36
19
0
13
6
15
-25
-7
32
5
13
1
-22
-35
-35
7
-3
-14
3
6
39
29
21
23
0
-1
-17
-3
-1
-12
5
-13
-25
-16
-24
-10
-4
19
13
-20
0
11
-12
-26
-23
-8
11
13
-13
-18
-4
-25
11
-12
-29
-1
-25
-12
-9
-32
-34
-48
-85
-70
-45
12
7
5
22
-13
13
25
41
70
48
39
42
25
1
-9
-23
-50
2
-3
-8
10
18
24
-35
-12
19
24
26
38
20
1
13
27
29
10
3
28
32
-12
12
-5
-9
8
9
25
13
-6
-18
-8
-3
-22
-42
-20
-3
-3
-25
-36
-43
-57
-31
10
21
6
7
17
6
17
15
7
12
-4
31
17
-15
-25
-10
19
-9
-21
-47
-58
-10
-10
-18
19
32
24
14
63
66
47
35
-14
7
-10
-4
6
5
15
14
20
-38
-32
-28
-31
-3
-9
-6
-28
-32
9
9
24
2
-32
-19
-59
-62
-58
-29
-27
-37
-23
1
2
-18
7
-6
3
10
19
2
34
37
2
23
15
-6
-15
3
11
26
-7
1
6
12
25
67
85
45
51
44
46
25
39
9
21
0
-3
24
-34
6
0
9
39
38
32
5
12
20
12
15
3
12
-4
-36
-25
-35
-39
-51
-70
-63
-67
-76
-58
-58
-95
-78
-36
-57
-60
-48
-15
-19
-33
6
-15
-19
-62
-49
0
-4
-3
-8
17
25
40
70
80
81
94
80
58
61
74
55
19
6
7
3
12
15
10
9
-23
-17
24
24
7
35
45
32
32
30
12
0
10
10
-22
-47
-39
-14
19
-2
-2
-2
-7
13
10
-35
-37
-14
-30
-31
-51
-19
-34
-43
-10
-18
-7
-9
-4
7
-1
-24
13
-6
-27
-13
-31
-9
28
21
27
16
-9
8
-20
-23
-19
-18
-2
-16
-15
-8
-18
7
33
13
9
-3
-4
6
6
8
16
12
4
19
34
17
-12
-4
-15
-34
-22
-9
1
1
27
36
11
3
-16
-35
0
-15
-25
-9
-32
6
14
-1
-3
-16
3
-6
20
55
55
57
47
61
52
43
21
22
50
26
-15
-49
-47
-44
-42
-19
-25
-29
5
-34
-31
16
22
38
14
3
-9
-3
34
31
12
23
17
-14
35
39
-8
13
12
30
22
3
-1
-26
0
-38
-51
-45
-62
-49
-53
-60
-60
-48
-47
-57
-26
-2
-15
2
16
12
-14
-18
18
22
3
3
18
26
13
10
16
12
0
7
-6
-15
4
7
9
-6
-22
-21
4
-25
-38
-23
-1
-4
-2
50
48
50
25
29
2
13
53
55
66
32
12
12
38
25
-1
-3
34
7
-6
16
-13
-10
-35
-13
0
7
4
3
27
38
64
31
26
43
34
9
-9
-16
-39
-48
-40
-33
-64
-71
-68
-73
-49
-45
-65
-57
3
6
2
-3
-18
-7
-44
-28
-13
-22
15
-5
-16
14
8
6
-3
26
34
17
80
89
39
19
3
-22
-7
-38
-22
11
-2
-14
-31
15
16
21
10
-5
5
4
9
1
9
-6
-16
-3
12
4
-6
-8
-16
2
22
45
39
6
22
31
29
18
29
22
10
21
-6
-15
-32
-63
-88
-34
-7
-3
31
57
45
15
15
-23
-3
14
-1
13
18
2
-10
1
-28
-54
-24
-42
-50
-22
-16
-28
-53
-26
-31
-27
-1
-5
3
3
12
29
32
45
25
4
26
34
20
-6
-3
-6
21
8
-30
4
3
-19
-9
13
-14
-8
-7
-29
-16
-4
48
40
51
49
25
44
17
26
22
21
6
-13
-3
-9
-19
-19
-12
16
9
-14
-3
7
-22
-53
-13
2
0
-14
-32
-45
-58
-54
-25
-22
-46
-47
-34
16
-18
-51
-38
-37
-22
-3
6
-6
-3
1
19
36
50
67
54
35
48
32
27
48
42
27
7
19
24
36
42
12
7
9
35
38
-13
1
-7
-6
16
3
30
13
27
36
14
2
23
32
-18
-21
-41
11
-3
-32
-27
-35
-6
-38
-28
-43
-63
-59
-30
-4
-29
-56
-81
-83
-44
-48
-44
-26
-32
13
7
16
10
5
-4
1
35
26
15
7
17
10
32
62
48
48
36
-15
-3
9
-8
-50
-28
3
-28
-7
22
30
-13
12
39
13
7
16
11
12
21
27
35
49
74
42
37
25
37
49
29
18
-5
-26
-31
-29
-23
0
-18
-39
-46
-33
-18
-32
-25
-16
-29
-32
-15
-18
-25
-5
-13
-15
6
1
18
52
42
14
8
9
10
34
38
10
-6
-23
-25
-28
-41
-66
-81
-74
-75
-70
-35
-5
1
4
7
0
-12
-13
20
32
14
22
12
0
14
19
32
33
3
10
30
44
46
46
47
44
38
20
12
13
41
23
12
12
-22
-20
-15
-9
16
22
1
2
7
7
10
-4
-10
-9
-16
-28
-3
33
28
15
10
25
7
29
14
-26
-6
-38
-31
-29
-29
-33
-28
-42
-37
-19
-41
-55
-97
-67
-76
-47
-43
-18
25
-1
26
17
45
-6
6
44
13
0
-6
22
9
-2
2
15
-3
-13
-27
14
6
0
27
11
-10
-10
56
42
28
16
53
44
37
48
26
20
-10
13
0
8
-18
5
0
-3
-16
-40
-3
-12
17
-7
-6
-15
7
-7
-12
-9
9
30
-30
-22
-53
20
35
29
-6
-4
50
35
24
-11
20
-32
2
16
16
6
13
9
-5
5
-25
-7
-21
21
-13
-9
-27
-40
-22
-10
-30
-55
-28
-59
-18
-40
-22
-49
-60
-33
-25
3
-9
11
-25
-7
-2
7
32
28
19
10
37
26
12
-20
-23
-27
-35
-7
0
13
16
34
44
30
48
69
60
40
41
39
40
42
15
30
61
44
35
26
-6
-41
-33
-1
1
-5
-25
-54
-40
6
-7
-22
-14
-3
3
-6
22
27
40
16
-11
6
-9
-12
-14
-6
-25
-39
-12
-25
-6
-10
-32
-20
-22
-22
-44
0
0
-7
13
21
46
32
28
3
-1
2
1
9
26
12
-38
-63
-47
-46
-18
-13
-47
-40
-54
-11
-3
-24
-38
-28
-24
-36
-23
-4
-13
-18
-22
-29
-25
-53
-16
-44
14
42
30
52
35
94
110
124
54
60
57
50
27
29
69
32
64
49
48
31
47
11
11
22
10
25
-16
3
-25
-27
-24
-25
-34
-28
-9
0
-5
-18
-34
-48
-31
-33
-9
-9
4
3
6
-7
10
28
-7
-31
-48
-9
-38
-49
-45
-23
-33
-53
4
9
6
-35
-22
-31
-20
1
-5
15
-16
37
44
19
22
32
14
3
19
4
36
22
13
10
4
21
4
5
-51
-73
-27
-40
-44
-42
-16
-13
-13
-18
-4
9
-29
32
43
37
28
30
34
34
45
26
35
1
6
17
25
-1
-12
0
-21
-17
11
15
-15
-3
-22
-7
-9
10
28
29
37
26
37
31
39
3
0
12
9
-8
-27
-25
-25
12
-6
-16
-35
-22
-3
-17
-17
-47
-41
-54
-41
-21
1
-2
5
41
28
27
-11
-10
10
3
-4
9
22
1
-19
-25
-14
-6
-19
0
10
-4
20
32
16
3
13
10
6
14
0
-11
-23
-46
-20
19
8
-26
-22
-13
-27
-16
-18
-27
1
2
-10
-7
-12
0
0
24
35
26
12
-13
-12
13
18
19
69
45
27
28
14
6
20
37
9
21
43
49
-7
5
23
6
4
1
-4
-13
-4
-5
22
10
2
17
21
1
-16
-28
-20
-25
-22
-11
-41
-28
-21
-29
-44
-26
-53
-39
-7
-23
5
-11
-18
-35
-18
-15
-31
-34
-37
-44
-43
-15
-16
-19
-34
4
-13
-12
-3
19
62
40
49
42
44
5
18
44
64
67
75
73
33
29
-15
19
-10
-10
-10
2
-14
-53
0
15
37
5
34
22
4
-6
-31
-23
-9
0
-16
-1
-28
-19
-42
-26
-23
-29
-25
-45
-23
-15
28
4
-7
-8
-12
-3
10
18
5
0
19
60
34
55
38
33
56
48
42
3
-13
16
38
-8
-3
-32
-30
-11
-18
12
-2
-14
-20
22
18
41
0
-10
6
-13
3
-78
-52
-56
-70
-75
-68
-51
-48
-43
-63
-45
-62
-34
-19
12
4
22
55
38
38
17
15
10
32
39
29
10
45
37
48
23
-4
35
8
20
8
35
23
24
34
58
61
37
40
-19
-25
-3
30
1
-25
-43
-25
19
1
3
9
7
-10
-6
-1
-6
-3
-16
-12
10
-2
-11
-27
-36
-38
-45
-6
-25
-42
-27
-23
18
-14
-53
-18
11
6
2
-17
-46
-64
-60
0
-16
-19
16
-21
-32
-30
-11
5
15
-19
-19
31
23
25
12
40
60
31
36
48
30
12
25
31
59
16
13
40
31
22
22
19
-1
-7
-14
-9
-39
-25
-59
-31
0
-3
-7
-7
26
-6
32
41
69
49
47
71
69
47
27
17
-8
-9
-22
9
-11
8
-16
-13
-24
-35
-34
-63
-38
-60
-12
-17
-14
3
10
18
-4
-22
-48
-52
-44
-23
-50
-47
-60
-48
-50
-54
-44
-47
-4
-11
-13
-28
8
-10
-19
-15
-12
20
3
0
-17
1
-22
30
54
60
68
56
49
51
75
18
42
12
34
35
13
15
14
61
40
48
14
17
25
13
-20
-7
0
-7
4
4
2
-31
1
16
34
20
17
-4
-25
-30
1
40
8
17
13
12
-6
-15
-9
-3
-36
-28
-18
-51
-34
-17
13
1
-14
-41
-31
-29
-15
0
11
35
4
6
13
18
1
15
-13
-28
-32
-37
-45
-60
-31
-53
-33
-49
-31
-25
-32
-35
-18
16
-5
28
23
24
12
35
25
-1
12
18
7
-8
18
33
29
2
16
0
24
-9
-22
-14
-34
23
18
68
41
-1
25
34
45
48
31
-9
0
0
13
9
4
-32
-35
-6
-10
2
-13
2
19
32
12
24
35
12
11
-5
13
4
12
-11
-6
-3
5
35
22
14
-8
-4
-17
-35
-74
-47
-41
-32
-19
-9
20
7
32
4
30
-3
-6
-17
-13
14
-19
-12
-31
-8
-41
-28
-34
-35
-47
-59
-41
-38
-8
-15
7
-12
-12
17
52
17
18
19
31
66
64
92
64
61
29
34
2
4
0
-16
12
-31
-41
-28
25
7
-1
1
8
-10
-25
1
-9
-16
-38
-11
0
-10
-26
-16
-9
-16
-23
16
6
-25
4
7
25
-6
-8
-20
-57
-65
-25
-19
-43
-30
-35
-32
-34
9
17
13
-11
-16
-9
-20
-22
-14
37
31
38
65
89
81
64
69
83
80
47
57
41
32
43
44
16
-22
-19
-5
-10
-12
6
2
-4
19
22
-12
-13
-10
20
0
-24
-3
-1
3
-32
2
-6
-13
-15
-11
-7
-34
-28
-30
-17
-60
-41
-16
-3
-9
0
9
-19
-19
-38
-13
-35
-28
-32
-3
-2
0
25
-13
19
-3
0
-35
-27
-22
-21
-31
-42
-7
-25
-4
-21
12
0
-6
-12
13
-5
-18
10
-5
34
18
41
-9
-10
-21
-19
-27
-35
1
15
44
-7
13
-3
24
29
84
73
31
75
24
33
6
24
36
46
53
46
32
-4
6
3
36
57
32
13
-18
-12
-10
-27
-27
-31
-10
-18
-26
-28
-14
-9
8
-10
-19
-13
-69
-33
-6
-12
3
7
22
29
36
57
38
31
29
7
-2
4
-3
-38
13
17
-12
-3
-4
-10
-39
-51
-42
-29
-47
-32
-10
-35
-22
-33
-6
16
6
29
-8
-5
-25
-38
-19
-23
-30
-45
-26
-63
-58
-34
-43
-19
-27
-19
-32
-16
11
6
25
1
18
22
28
54
27
24
57
82
58
22
14
19
-1
-16
31
47
35
45
26
18
24
45
31
37
26
-13
-13
-10
-26
-19
9
-19
-23
-22
-2
16
29
17
21
16
4
22
4
31
-1
8
28
-12
-43
-25
0
3
22
18
25
27
27
4
29
18
-6
-31
-30
-16
-55
-35
-44
-30
-40
-48
-45
-20
-19
-52
-29
-32
-15
-20
4
4
-3
0
-17
-18
15
40
9
4
8
26
3
-1
-13
6
-3
-28
-18
-47
-41
-21
18
-12
-20
-7
19
9
6
-23
-50
-3
0
22
2
27
45
57
26
11
-3
7
35
24
38
-15
23
17
5
2
-1
-19
-19
19
4
28
-3
18
48
55
52
8
-3
-3
-26
-12
-18
-28
2
-19
-31
-30
0
18
33
20
-3
-9
-10
3
-5
2
1
23
19
6
-19
-35
-32
-41
-23
-37
-25
3
-9
-2
13
32
40
24
27
13
-3
-21
-24
5
-8
4
18
4
16
-1
-25
-9
7
19
35
33
36
49
50
71
31
14
19
-12
1
-19
-22
-20
-20
-15
20
15
-5
-2
-27
-1
-26
-42
-32
-48
-73
-70
-54
-85
-100
-54
-1
-21
-22
-51
-40
14
0
14
19
29
16
-9
-4
-25
-6
-3
-23
10
21
23
20
25
24
8
26
19
31
7
-25
-16
13
23
5
11
33
72
50
22
-9
-10
0
-6
-6
12
29
6
9
15
15
10
25
27
25
-4
-19
22
15
7
3
19
27
24
23
13
26
41
76
79
53
54
29
3
24
22
-15
-5
-24
-45
-44
-37
-34
-44
-25
-16
-20
-11
-3
-26
-43
-63
-51
-35
-63
-71
-61
-69
-37
-9
-13
11
5
8
0
0
9
19
2
-6
13
-5
-33
-54
-33
-62
-65
-34
0
-6
-43
-1
-24
-45
-25
-29
10
-15
-26
11
-2
46
61
69
57
38
50
44
29
19
49
35
32
45
58
59
26
15
21
35
47
30
41
89
53
19
18
6
10
0
6
1
-15
-4
-15
-33
0
30
-3
9
-5
-46
-45
-25
-13
-34
-6
-21
-15
3
-6
-15
-27
-2
-4
-13
-33
-25
-14
-1
-11
-9
5
-17
-9
-19
-13
-32
-38
-42
-12
0
-23
37
-13
-35
-49
-50
-25
-9
-11
-27
-33
-29
31
13
21
0
12
-19
-28
-16
-9
24
11
39
11
57
24
38
39
12
42
50
77
51
48
9
-7
-24
3
-12
-12
-22
-10
4
0
11
-2
31
-5
22
-6
-16
-15
-7
22
22
12
-3
51
27
40
22
33
48
43
44
-6
-3
-9
-10
-45
-21
-34
-31
0
-22
-24
-63
-60
-47
-35
-51
-31
-44
-30
-4
-19
-16
-21
12
-4
27
4
14
1
-28
-40
-63
-21
-25
-1
-2
6
-2
28
10
17
40
31
56
32
58
39
59
46
37
17
-16
2
7
12
11
30
14
7
-22
15
-2
-32
-40
-23
3
-27
-39
-61
-23
-41
-36
-37
-19
-19
-11
16
-4
9
-4
11
-14
-5
15
-6
-26
2
32
53
50
27
29
16
32
4
32
40
32
14
16
16
-26
-7
-13
15
-20
-29
-35
-30
-29
-56
-25
-6
12
-17
-20
-27
9
24
24
50
66
68
50
24
1
37
4
9
-6
-11
-16
-32
-30
-61
-34
-35
5
18
13
-27
-41
-45
-52
-30
-39
-25
-15
2
-22
0
-28
-15
19
19
12
-4
23
5
21
12
37
51
39
35
31
7
15
62
47
42
17
51
60
52
25
-13
-6
-24
-20
-67
-79
-80
-56
-47
-43
-6
-28
-18
-32
-3
-30
-26
-43
-26
22
-7
13
-22
29
18
0
12
35
24
-7
-13
-39
-12
-40
15
13
10
16
6
32
31
41
52
86
60
44
5
-25
-53
-57
-28
-15
-33
-25
-22
-38
10
3
27
28
70
44
26
16
-7
53
26
32
1
6
25
54
21
-26
-21
-50
-48
-52
-31
-69
-57
-16
-7
-12
0
-6
-23
-5
-19
4
-6
20
9
-41
-34
-29
-18
-23
-13
-25
-36
-25
14
34
-10
-6
25
19
4
8
-2
-3
5
12
23
41
66
59
41
63
54
8
13
32
38
6
45
47
-1
-41
-38
-5
-43
-31
-20
18
-9
6
50
18
-12
-5
2
-21
-1
-6
-12
-29
2
-25
-22
-21
-17
-3
-40
3
-19
-2
-11
-13
-25
-46
-28
-33
26
10
12
-9
8
47
17
5
42
66
-3
5
-36
-11
-33
-83
-4
15
5
-36
28
35
12
-32
-38
12
0
9
-9
1
11
17
13
41
57
58
31
35
53
-8
-21
-7
26
-22
-41
-51
-54
-21
-4
0
-6
36
27
28
3
36
34
-10
-52
-32
-35
-81
-68
-93
-79
-85
-6
-10
-4
-6
-32
-18
-19
27
-55
-50
-44
-31
-1
3
40
80
111
140
183
135
99
74
95
76
66
72
67
50
6
28
11
24
-3
28
38
42
62
30
51
35
14
-19
-22
-53
-73
-77
-88
-70
-55
-70
-95
-44
-70
-70
-73
-63
-53
-114
-92
-93
-77
-127
-99
-97
-98
-61
-84
-31
-19
10
-25
13
30
35
14
18
42
3
53
29
58
34
33
60
73
67
50
90
63
70
15
-24
-21
-41
-88
-89
-44
-54
-20
4
55
68
51
27
0
7
-48
-76
-67
26
25
52
104
140
166
129
152
108
114
98
115
68
41
-10
-13
39
-18
18
29
93
45
57
78
107
103
74
69
39
63
2
13
-14
0
-73
-45
-34
-67
-41
-77
-43
-80
-96
-188
-194
-211
-234
-231
-210
-168
-172
-124
-133
-91
-87
-91
-107
-30
-8
-66
-72
-90
-68
-109
-69
-31
-6
-9
38
83
110
105
93
132
122
114
74
113
123
140
84
72
95
104
105
55
103
38
-1
-22
25
14
-57
-82
-70
-42
-43
-28
-29
12
-32
-7
-12
3
12
-26
-12
-19
1
-46
-59
-54
-42
-112
-115
-82
-70
-66
-53
8
16
56
65
131
117
105
69
102
149
85
82
83
141
127
177
184
194
197
151
140
132
165
61
-33
-50
-40
-64
-111
-65
-67
-100
-108
-81
-87
-189
-164
-103
-101
-117
-92
-38
-12
19
60
48
50
125
166
193
178
219
202
193
229
253
243
156
188
193
169
82
27
-21
-54
-73
-129
-126
-227
-287
-299
-299
-316
-343
-388
-379
-368
-382
-351
-336
-297
-376
-339
-271
-249
-270
-282
-216
-208
-207
-220
-182
-189
-130
-108
-94
-74
-64
11
25
16
-14
50
88
116
123
121
155
184
249
290
297
341
351
272
282
316
309
235
250
274
277
272
202
224
187
155
38
-6
-70
-183
-218
-216
-199
-303
-373
-464
-411
-345
-230
-171
-166
-148
-64
222
400
452
310
404
739
1161
1369
1229
1095
1220
1602
1754
1662
1309
1067
1086
1239
1351
1173
749
281
103
144
189
-185
-794
-1238
-1202
-934
-1069
-1548
-2013
-2051
-1843
-1711
-1810
-1973
-2058
-2022
-1827
-1573
-1436
-1568
-1638
-1416
-919
-566
-544
-649
-537
-154
120
197
80
42
195
512
688
672
593
529
615
674
647
500
439
418
464
456
336
225
130
212
308
296
185
154
197
313
407
459
464
434
487
559
642
651
706
790
919
955
908
859
875
965
941
927
889
897
886
845
773
605
416
275
173
82
-32
-202
-313
-445
-561
-762
-907
-1053
-1251
-1395
-1542
-1544
-1615
-1695
-1714
-1653
-1603
-1531
-1423
-1227
-875
-664
-484
-272
97
414
528
556
689
1185
1785
2089
1935
1814
2066
2534
2769
2444
1992
1779
1823
2017
2102
1826
1216
616
324
362
371
-167
-1049
-1562
-1444
-1227
-1517
-2196
-2742
-2791
-2646
-2634
-2741
-2820
-2803
-2671
-2400
-2159
-2052
-2074
-1999
-1678
-1156
-695
-512
-462
-290
51
426
597
468
377
570
878
1053
1100
1080
1104
1161
1161
1071
921
776
780
879
876
819
692
603
578
554
403
243
223
339
529
647
756
740
642
580
633
652
560
578
761
1009
1096
1027
927
915
920
858
814
871
928
873
774
681
560
363
138
-10
-134
-317
-485
-604
-628
-689
-895
-1127
-1258
-1243
-1298
-1491
-1684
-1855
-1955
-1882
-1796
-1881
-2071
-2160
-1984
-1562
-1134
-935
-965
-966
-544
187
667
484
78
328
1224
2108
2301
1934
1852
2429
3191
3396
2858
2038
1659
2036
2657
2775
2135
1179
574
595
946
795
-164
-1313
-1703
-1202
-794
-1155
-2074
-2688
-2599
-2234
-2146
-2465
-2725
-2612
-2362
-2222
-2189
-2225
-2364
-2409
-1945
-1179
-782
-863
-965
-650
-19
442
415
91
-2
388
957
1222
1155
1055
1150
1324
1353
1299
1179
1062
948
884
961
951
779
629
648
748
670
411
225
272
442
633
733
654
546
542
571
593
507
408
458
572
651
592
481
452
493
439
300
272
381
464
457
384
330
284
158
-25
-142
-104
-56
-31
-34
-128
-258
-398
-555
-687
-778
-877
-1040
-1226
-1293
-1249
-1290
-1503
-1748
-1812
-1686
-1620
-1628
-1580
-1365
-972
-669
-489
-237
243
575
426
236
471
1278
1986
2024
1667
1571
2187
3032
3284
2703
1865
1532
1932
2572
2790
2236
1267
584
560
1072
1079
28
-1444
-2126
-1536
-928
-1279
-2370
-3134
-3078
-2774
-2711
-3027
-3287
-3141
-2842
-2644
-2487
-2436
-2507
-2507
-2096
-1223
-590
-563
-756
-545
228
876
908
399
72
526
1333
1820
1738
1567
1652
1801
1862
1740
1471
1209
1134
1246
1315
1220
1002
891
1044
1156
863
320
17
85
269
334
328
310
185
91
168
184
14
-155
-125
76
206
114
-36
15
242
383
239
162
371
590
633
530
497
386
226
173
112
80
75
107
179
190
66
-131
-316
-356
-242
-253
-418
-607
-695
-708
-717
-778
-1002
-1272
-1529
-1694
-1769
-1848
-1884
-1863
-1650
-1231
-813
-620
-671
-463
124
582
501
-67
-123
922
2318
2805
2142
1576
2057
3304
3943
3297
2101
1433
1921
2902
3293
2659
1353
248
64
684
973
-52
-1894
-2837
-2149
-1010
-1089
-2579
-3906
-3812
-2824
-2441
-2977
-3602
-3507
-2907
-2516
-2495
-2755
-3104
-3282
-2849
-1875
-1012
-856
-1100
-910
-70
835
961
385
0
487
1550
2262
2216
1928
2070
2494
2744
2545
2061
1699
1641
1896
2158
2017
1549
1251
1245
1308
1033
421
-48
-78
285
526
344
84
-33
-28
-27
-145
-248
-389
-329
-16
322
405
239
304
571
692
509
400
556
777
850
779
701
676
650
633
609
477
268
155
172
115
13
-198
-429
-569
-612
-787
-1130
-1356
-1490
-1488
-1498
-1605
-1864
-2254
-2451
-2451
-2416
-2480
-2692
-2563
-2134
-1588
-1024
-907
-1061
-961
-338
276
207
-209
-170
782
2112
2661
2352
2003
2486
3642
4428
4030
2983
2393
2659
3524
3957
3506
2395
1400
1096
1300
1357
481
-988
-1969
-1798
-1086
-1072
-2090
-3318
-3775
-3341
-2905
-3121
-3581
-3737
-3417
-2887
-2613
-2662
-2930
-3126
-2731
-1755
-943
-832
-981
-791
-169
601
962
665
240
352
979
1634
1811
1668
1750
1965
2194
2162
1863
1538
1342
1439
1607
1697
1396
1011
841
862
838
395
-294
-646
-335
-102
-64
-141
-204
-72
-111
-266
-259
-104
-92
192
680
845
948
922
1002
1238
1214
1095
1148
1286
1444
1597
1576
1501
1224
822
540
375
256
107
-19
-87
-78
-280
-489
-635
-807
-991
-1341
-1621
-1820
-1769
-1736
-1785
-1777
-2106
-2337
-2593
-2625
-2572
-2676
-2582
-2649
-2418
-2044
-1548
-1266
-1352
-1166
-689
139
479
332
458
918
1795
2693
2946
2576
2500
3299
4359
4647
3927
2878
2598
3314
3980
3973
2915
1570
964
1157
1443
818
-449
-1859
-2246
-1636
-1164
-1713
-3041
-3712
-3820
-3126
-3067
-3748
-3946
-3887
-3376
-2782
-2105
-2637
-2852
-2533
-2339
-1124
-752
-928
-1001
-407
345
1035
1577
587
452
999
1066
1808
1813
1320
1673
2204
2348
2054
1518
1310
1725
1989
1365
719
614
339
850
1336
785
76
-777
-700
-182
34
64
-396
-443
-64
191
391
307
-209
102
649
672
1065
1067
1071
1134
1757
1837
968
1071
880
1380
1706
677
595
799
371
430
532
47
-283
-764
-760
-474
-736
-840
-909
-854
-1013
-1213
-1141
-1381
-1456
-1458
-1505
-1585
-2197
-2433
-2230
-2446
-2212
-2391
-2959
-2640
-2351
-1585
-1167
-1445
-1309
-1026
-65
686
811
783
188
586
2395
3472
3390
2757
2348
3555
4991
4938
3730
1988
1618
2652
3721
3732
2399
831
-76
355
1188
745
-1271
-3026
-3132
-1906
-647
-1115
-2708
-3786
-3486
-2473
-2411
-3328
-4061
-3609
-2810
-2202
-1796
-1903
-2373
-2621
-1702
-690
-430
-956
-1367
-583
647
1594
1695
961
369
916
2039
2395
1698
926
1150
1868
2248
2068
1628
1347
1064
995
889
358
-176
-186
449
1141
1075
406
-85
-260
-35
78
-114
-319
-325
-73
437
1013
1021
903
737
577
699
491
386
294
356
429
718
1709
1438
1196
895
635
851
543
385
-294
87
255
-158
79
-487
-738
-765
-1194
-1660
-1599
-1342
-1453
-658
-340
-1041
-1757
-2281
-2558
-2872
-3154
-3616
-3767
-4059
-4445
-4425
-3565
-3190
-2774
-1180
502
2477
4101
4297
4243
5173
4697
2932
809
2052
6188
8957
8931
6236
6445
7296
6265
3617
-1524
-4587
-4161
-1323
591
-145
174
-94
-632
-2953
-5816
-6372
-7747
-7363
-5905
-2698
15
-30
378
-249
-1624
-3436
-6392
-7325
-6412
-2978
981
2046
2767
1822
1220
147
-2155
-2623
-3314
-2415
1194
3858
5169
4147
4099
4442
1818
-412
-2204
-1489
-116
1725
4051
3330
1437
730
1768
734
-3355
-4529
-2156
444
1147
975
2847
3396
2179
317
-1134
-1436
-1495
358
2283
3589
4345
2833
724
-1060
-1089
-726
-2107
-1115
1542
3557
2838
693
639
-334
-1531
-1460
-620
317
189
1659
2905
630
-2129
-2602
-1185
-811
-1662
-1056
807
1127
65
-851
-1555
-1644
-2061
-2428
-2299
-2029
-1514
-1634
-1850
-1632
-3015
-4888
-5694
-5956
-5800
-7239
-6199
-3575
-1452
1297
4313
9352
9899
9676
9485
9834
9466
4323
1390
-1896
2297
9213
12904
9940
1741
3631
6512
5613
-5214
-15670
-13458
-6073
3843
3652
742
1256
2720
4839
-4020
-11697
-13414
-9241
-395
2804
4234
434
-2354
-841
-2501
-9634
-17520
-17724
-8706
374
4610
6421
3663
2073
-221
-3168
-4806
-6667
-1046
4871
7201
9725
7492
4943
-340
-3180
-1885
-4929
-4998
-1057
5158
8093
5226
3160
808
-4334
-3242
843
2606
1215
654
8006
8147
1614
-2659
-831
3520
227
-2786
-1367
2224
4817
3505
1391
-1451
-2088
-2304
-2921
-2916
-2185
1829
2942
4034
2913
26
-986
-2596
-1008
-1573
-1848
1678
3923
4393
1945
-1034
-2044
-4453
-5346
-2836
-647
1178
824
929
2192
-438
-2597
-3626
-1989
1283
797
218
110
428
-85
-2161
-3402
-2358
-2238
-1125
-877
-2873
-4934
-7920
-6612
-4902
-4889
-4116
284
7507
12964
11644
8557
7423
7803
9296
5116
1203
-3060
51
10080
13546
10586
-188
-943
5047
5270
-1678
-15126
-14306
-7060
1585
3942
-3282
-3460
-925
4351
1377
-9865
-13258
-9512
-1023
3100
-596
-2464
-1963
1261
2066
-7088
-15950
-17248
-10218
369
2466
2847
3440
2592
3457
-1331
-4219
-4448
-2806
3047
5053
6874
7624
4359
2326
450
-82
-912
-2556
929
5402
5058
3295
1544
258
-1057
-3865
361
2513
640
1641
3069
5415
75
-4044
712
4554
4188
367
-1063
3449
3195
362
-594
-1487
1292
1101
-378
-496
-1310
1612
3507
2184
1345
-554
1113
2540
145
-867
-1185
1222
3065
420
-1992
-3158
-3150
-2486
-4261
-4050
-1876
-725
641
-827
-1233
-505
-1690
-1069
-466
801
1632
241
117
244
-1032
-2395
-3342
-1904
801
430
-1107
-2885
-5305
-6278
-8336
-8251
-5905
-4464
411
4085
9093
11612
10813
10056
7833
7780
6918
4713
-696
-3702
869
9686
12385
5938
-1883
57
4665
3462
-5868
-16228
-14377
-8222
873
1673
-1784
-191
2895
5044
-1473
-10720
-10847
-5495
46
1146
-74
3118
4757
4698
-1789
-12513
-18774
-15941
-6704
922
2132
2922
5555
6060
3596
-3061
-5734
-4572
-85
5313
7367
8025
7965
5692
3648
-360
-3651
-3241
-2597
1521
1843
1244
1814
761
-56
-3504
-4734
-1256
628
1179
2365
3085
3176
73
694
5267
5951
2628
-44
1077
3753
1925
-1240
-564
8
1996
265
-2211
-2121
-1605
2778
3558
1249
1126
2127
4067
2402
-1878
-1541
-273
1087
944
-2307
-2405
-2823
-2624
-1791
-3707
-2778
-2017
-1923
-361
-1379
-420
827
495
795
13
1199
1966
-2
-2180
-2150
-2378
-2160
-2067
-1239
1337
-540
-1439
-2678
-4719
-6647
-8248
-5378
-1912
-1445
-202
3454
7416
10029
8176
6385
5882
5592
7157
7042
2230
-1686
-2466
4442
7829
3719
-1341
-3685
1988
4135
1606
-6967
-11688
-10218
-4269
241
-1997
-774
2501
4956
2520
-2275
-4258
-4485
-5057
-3286
-1519
1353
4155
4664
2328
-6034
-14011
-13062
-8142
-3731
-1689
-1277
4207
7392
7624
2617
-4003
-4344
-1714
1584
3047
3728
5655
6537
4657
3085
-374
-4732
-6196
-3578
-368
-867
-703
2919
3599
49
-2959
-227
4716
2539
-55
335
1829
2025
1436
5112
6111
3149
-1
-1642
-724
-2488
-3867
-2483
-696
1652
1845
1352
603
420
1630
1584
1084
1855
3624
3894
2895
1443
944
202
-1687
-2208
-3039
-3510
-2630
-691
437
-1765
-3783
-2327
-490
-456
-582
498
2864
3072
1045
1576
1844
1015
-498
-2242
-1098
-1855
-2472
-754
1353
2380
-162
-1528
-445
-2907
-6797
-8223
-5501
-2188
-2352
-3322
-1203
446
955
4196
5608
7294
4072
5091
8955
8428
4845
-3048
-6831
-4329
2467
7887
5666
-5196
-4922
3498
11501
2929
-15263
-20447
-13806
1492
7526
7321
4076
420
2219
5724
4190
-4504
-13979
-10593
614
10034
10016
2095
-2986
-8372
-10515
-10502
-10645
-11987
-9051
141
12167
13767
7436
905
-5242
-5304
-3124
3676
7398
3868
3821
8857
9669
4654
-6105
-11269
-10122
-6783
1621
5267
4694
1636
-15
2982
3120
-383
-503
-1178
535
3378
5393
5811
459
-1601
2503
5544
383
-6495
-7574
-916
1761
-174
-343
-324
1777
1225
1303
2687
1824
1830
3352
3262
3369
2293
2560
1897
-3234
-5382
-5139
-2787
-1711
-3324
-2361
199
719
-747
-3778
-2992
569
1765
2574
2285
3278
2610
395
1136
2360
1262
-692
-563
486
-426
-3162
-1961
399
-99
-1176
-100
2125
-118
-3038
-1769
31
-2551
-6620
-6370
-4157
-3797
-6849
-6070
-1260
2831
5091
4638
6325
6225
8052
7180
2653
-4039
-8058
-308
6930
10180
2654
-791
3165
5167
3354
-8352
-15315
-16085
-7582
4945
9057
6991
571
-74
3923
3011
-1849
-9008
-9344
-1661
7558
11167
5633
-1268
-5014
-7924
-11865
-12917
-11458
-5626
895
7244
11121
6599
630
-3976
-4694
-1956
1739
6924
8602
6801
7386
6609
2546
-4837
-11491
-10594
-6276
34
5555
5747
2820
-548
-300
1063
-1186
-2753
-1193
1695
3987
5305
4509
2401
-1153
-2331
-1127
-2780
-3344
-3981
-374
1914
1287
2959
1272
1610
83
606
3592
3213
3301
1692
2689
3872
1426
-1049
-3514
-3838
-2645
-2758
-2222
-1275
-783
-292
269
471
161
-504
368
2521
3037
3725
3567
2578
1205
-821
-363
530
62
5
757
1001
-937
-3642
-3458
-817
324
279
686
2819
4980
3163
-156
-1723
-2686
-4503
-7013
-9384
-8710
-9728
-10693
-10253
-10565
-6081
-1136
7269
12275
10240
8763
7361
8806
4864
-1541
-6354
-4218
4555
8562
9365
1456
-1672
-163
1781
481
-12547
-18071
-13487
2328
15002
12908
6656
1601
2105
2727
44
-4148
-6548
-3360
4340
11251
9058
444
-7125
-10957
-13129
-16532
-13385
-6013
1561
6705
8792
8932
4203
-1230
-4301
-1659
3599
8466
11420
9138
5751
2411
-2657
-8711
-14378
-13759
-7606
202
7841
8746
4292
-730
-2933
-1709
-2377
-4130
-792
4618
8177
8211
3993
-251
-6053
-9384
-6505
-2430
2011
3605
3800
5428
3308
1304
109
-1292
-351
476
4184
7087
5720
2543
-922
-2402
-2647
-2843
-2470
-1706
-1228
559
1611
1091
599
-473
-142
186
-124
1050
1847
3020
4050
4115
2811
-261
-2291
-1413
-783
-390
782
883
789
-1044
-2000
-3196
-5228
-3667
1358
3995
2254
446
1356
1926
-3147
-6713
-6012
-2846
-1972
-5481
-7873
-9220
-10172
-11378
-10423
-8307
-4830
288
6450
12600
10823
7874
6890
8173
9588
3452
-753
-5514
-2137
6515
10527
8524
-3749
-5176
707
8983
5562
-8902
-13501
-8319
6524
12661
8667
1927
-3477
-1352
1565
2349
10
-3729
-2155
2743
5908
2968
-2598
-6387
-8735
-12640
-13919
-7356
-39
3759
1994
3087
3528
583
-2191
-2803
391
2296
6205
8972
7309
1285
-4694
-7352
-9010
-10146
-7696
-1205
3735
6151
4140
793
-1058
-3010
-2091
-2869
-1339
3861
7479
9606
4130
-1156
-4198
-5009
-1971
1664
4991
5044
5259
4257
3682
646
-1540
-82
344
3432
3683
4518
3439
-940
-1582
-3176
-3111
-1926
-385
2577
2747
1915
1588
517
114
-42
13
575
542
1541
2879
1371
190
5
-670
-1355
-3131
-2347
-1380
-2091
-2093
-2469
-2202
-1276
-1074
-1341
-3167
-3249
275
1478
171
-1692
-1600
-468
-2245
-4415
-4097
-3276
-2656
-4994
-7736
-8805
-10073
-8625
-8138
-5588
-1422
4362
10719
11963
9319
4861
4603
7762
7942
3027
-2772
369
9978
15546
10959
-876
-4043
185
6764
3499
-8440
-15230
-11112
3892
11682
8628
-475
-4852
-1716
1745
1897
142
-430
1096
4057
6129
5660
1836
-4488
-11613
-16148
-14273
-6033
1762
3462
-2143
-5095
-3305
485
-385
-4908
-3417
3931
12026
10871
4978
143
-3611
-6829
-8350
-7122
-4589
-2861
790
5263
3436
-2509
-7031
-4924
-1582
-185
3267
8456
9207
4860
961
1241
2073
-1169
-735
3415
6749
4893
1306
1366
457
-1785
-2500
292
3944
4779
3994
3395
907
-2300
-3611
-1550
1289
2698
4574
6707
5819
1051
-3482
-4217
-1402
166
1158
1782
1662
467
-2343
-4254
-4596
-3175
-657
235
-163
225
-239
-593
-2318
-3669
-3417
-3013
-1146
-271
-927
-1916
-2056
-450
-369
-1957
-1556
-658
306
-1534
-2650
-2868
-4129
-5638
-7680
-6989
-8252
-7777
-6886
-3783
-862
266
4815
7934
10749
9049
8681
10719
9906
5901
-1601
976
8605
13904
10631
-1086
-3572
-1590
4344
-96
-11528
-15367
-10436
5512
11588
8048
93
-4871
-2963
80
2437
3139
2296
2047
5076
6795
4656
-3092
-9891
-12820
-14611
-11542
-5037
1515
2662
-3609
-6981
-6753
-3675
-1782
-2368
1215
7953
13999
12304
3636
-3251
-5064
-5916
-5516
-4951
-1243
1876
1238
517
-4018
-6663
-6268
-3562
1066
2788
6032
10303
9164
5246
-923
-2052
842
2230
4674
4717
5799
4994
1258
-2891
-5394
-3595
-93
2557
4365
6411
5821
2420
-1610
-2021
620
1991
2273
3514
4987
4735
1465
-2469
-4110
-3510
-995
1615
3082
2175
-463
-3934
-5573
-5901
-4496
-1916
640
3759
3473
1338
-1752
-3994
-4522
-4290
-1912
1292
2480
929
-2226
-4742
-5870
-5467
-3272
-745
1031
1841
2319
-472
-4224
-6998
-5963
-3708
-3955
-4770
-6039
-5519
-7106
-7113
-5218
-1440
4203
7396
9299
8147
8892
12438
12020
6788
-2652
-1767
8739
15662
12851
-1899
-7332
-3318
5712
5103
-7735
-15089
-12393
3410
11862
8531
-355
-6057
-3654
48
3488
4796
3559
1020
777
2914
3710
844
-4990
-9488
-12179
-9927
-4066
169
862
-5100
-8677
-7786
-1400
3100
336
-1539
2783
11345
11463
3521
-3473
-3518
-863
425
332
229
-285
-1728
-2662
-5139
-6907
-6033
-2687
1922
4503
5973
5924
2642
365
-1399
-393
1951
4368
6958
6195
4244
963
-2081
-5190
-5495
-1939
2393
4193
4016
5225
3638
35
-4074
-3758
1525
5081
6434
4252
2789
2198
-58
-3584
-6734
-3850
1644
5585
4757
1156
-2332
-5559
-5920
-4931
-1370
2182
4844
5735
2572
-1286
-4172
-4000
-2477
-610
1642
2931
1929
-1519
-4842
-7143
-6571
-3964
-528
1482
668
361
-47
-1930
-4960
-5661
-2278
765
438
-3142
-5901
-7714
-8725
-8389
-6642
-1861
3604
7792
7708
5297
4029
5587
6049
3762
332
2682
10744
14292
10557
-1326
-5913
-1808
5397
4759
-5872
-11151
-7938
3883
8310
3705
-3178
-7166
-3364
342
3165
3452
1812
1283
399
1688
3161
2052
-1341
-5224
-7691
-6372
-2820
1281
2200
-3913
-7945
-7564
-1741
1567
-964
-1273
2158
7798
8023
2511
-1850
-1658
177
1796
1354
1012
678
-1663
-3558
-5560
-5290
-2849
-749
1600
2878
3976
3569
-14
-1863
-1503
1295
3814
4649
4529
3239
1940
-424
-2594
-4510
-2193
2616
5501
4906
1621
524
-481
-1401
-1766
-390
3372
4879
3543
938
-626
-971
-2312
-3993
-3755
-184
3763
5145
2888
-950
-3512
-4402
-2732
-861
1077
2592
2876
2450
-111
-2754
-3823
-2696
-236
2293
3494
2360
-285
-2848
-3973
-4753
-3984
-1209
1312
1862
257
-913
-840
-1769
-2810
-2797
-1847
-695
-1509
-3976
-6999
-9330
-8585
-6056
-2860
-21
2135
3595
3019
2467
2659
6365
7777
5708
1839
2317
9111
11582
8427
-1366
-4027
628
6414
4785
-6294
-12331
-9621
2590
8439
4230
-3090
-7462
-4653
-1899
923
2369
2156
1490
1441
2903
2433
601
-2306
-3519
-5265
-4027
690
3600
2848
-4437
-8313
-7433
-2423
1283
-80
58
2612
6205
4682
-869
-2677
-81
2611
3515
2905
3127
2020
-438
-2285
-4351
-3865
-1528
863
2193
1314
1163
322
-3201
-4402
-1671
3839
6169
3549
1061
-81
636
499
-527
-1061
546
3903
5211
2841
-1491
-2521
-1517
-396
13
844
3083
2220
-589
-3622
-3640
-1374
-1266
-1288
-212
3366
5667
4326
1343
-1639
-2407
-2221
-541
1371
2926
3009
1173
-1113
-3809
-3929
-2500
-663
254
559
1956
1866
25
-2227
-2626
-1111
-175
412
554
145
-758
-1651
-1577
-2175
-2641
-2436
-1328
-1401
-3794
-6128
-7360
-6584
-6112
-5304
-3876
-1419
1771
2276
832
-551
1669
7071
9099
5924
404
1015
8146
12271
8505
-567
-3346
2036
8189
5834
-4458
-10699
-6070
4138
8288
2909
-4400
-6704
-5069
-1300
786
2198
1520
-528
-438
-614
307
373
595
820
-1982
-2309
-65
2658
1830
-4176
-6779
-5251
-650
2068
57
-631
268
1580
920
-1545
-369
2269
3514
4234
2787
1611
-830
-2606
-1131
-1930
-1838
-361
1150
1867
-1449
-2467
-2194
-3620
-3214
-1301
2891
4281
1865
870
766
1285
1345
412
700
2150
4075
4772
1614
-1407
-1744
-630
-7
-1088
-111
1725
1052
-1289
-2705
-1152
543
542
-55
424
2751
4024
3338
1230
-357
-506
-455
407
405
494
896
164
-1447
-3918
-3257
-266
1094
744
678
1985
1724
-550
-1917
-1341
-1179
-1177
-332
393
-195
-2655
-3645
-3980
-4388
-3634
-2649
-2116
-3106
-3816
-3468
-4089
-5964
-5641
-2568
1079
1705
-635
-1085
-100
2859
4467
3306
1890
2305
7881
11245
7739
384
-2875
3316
10075
9481
752
-7093
-5753
641
6263
4906
-743
-5633
-7463
-3149
1315
2752
-197
-3961
-2883
-943
698
629
-765
-1098
-2677
-1672
1894
4266
4531
-565
-5340
-5985
-2849
2598
2320
-588
-1107
-500
251
-2486
-2109
1933
2703
2320
1523
2692
2123
-1249
-707
458
-658
-2099
-997
2943
2213
-2034
-3169
-2522
-1346
-1792
-1257
1128
1347
1589
1356
518
77
-355
1336
2723
2874
3577
2582
344
-1668
-1796
419
1444
1444
1250
88
-1141
-1695
-1226
-615
-433
47
769
360
298
1897
2912
2259
142
-453
865
530
-245
113
623
521
-1400
-2600
-2317
-1826
-52
823
675
633
532
329
-1654
-3107
-944
1696
1476
-1062
-2444
-1117
-1012
-3102
-4501
-4128
-2864
-2807
-3228
-2882
-2644
-2441
-2208
-1634
-1183
-1582
-1232
-144
1404
2555
1754
517
91
3769
8642
8177
2845
-2521
204
7015
9853
6555
-482
-3157
-1504
2351
4720
2344
-1594
-5066
-3883
302
2486
970
-3861
-4964
-2694
-815
-636
-2052
-732
-1605
-4434
-3325
735
5220
3085
-1771
-2675
-2522
-567
282
168
1139
-32
-281
-1587
-2799
468
2267
1976
164
-233
2010
730
287
2269
2155
-217
-2761
98
2918
593
-1336
-934
-58
-1518
-2656
-1074
-257
-729
289
1711
1133
-896
-1148
1434
3008
3076
2427
1069
1000
1848
2677
2288
1100
1912
1753
-355
-1202
-11
1418
-540
-2589
-1458
-274
-737
-1791
-877
1018
1470
1074
487
-190
-516
130
991
1025
475
288
-116
-2001
-3526
-2711
-271
1391
786
-733
-1637
-1940
-1270
30
1221
1404
-196
-1616
-2345
-2271
-1621
-1653
-1671
-2388
-3292
-3341
-3437
-2687
-1791
-1033
-647
-1463
-941
855
2076
1056
-1405
-676
4281
7693
5517
209
-1728
2658
7153
7586
2584
-2949
-2556
1718
6111
4309
-876
-4023
-4889
-1658
1554
3358
1200
-4116
-4574
-2229
446
756
-702
-977
-4718
-6569
-2993
1803
3622
-1898
-4859
-1827
1657
3322
145
-1048
772
1571
1833
17
1085
3737
2379
112
-1267
601
1657
-632
-79
1239
621
-1126
-801
2043
1072
-1874
-1112
995
286
-2484
-2610
373
857
87
541
382
-811
-2400
-934
1335
1539
1795
1382
552
369
893
1667
1384
2230
4778
4084
17
-2051
-96
2109
975
-201
1190
740
-1962
-3218
-1680
62
-934
-1215
75
302
-80
21
570
34
-518
995
2405
1222
-989
-1153
-411
-710
-1736
-1722
-489
-735
-1591
-2018
-1457
-799
-1445
-1669
-1545
-1293
-1080
-1688
-2446
-2266
-790
901
402
-1946
-2831
-662
2266
1824
-1155
-2678
-512
3922
5809
4106
467
-1560
800
4480
6486
3661
-1342
-2110
251
3327
2646
-394
-1929
-4144
-3359
-213
2254
586
-5163
-5456
-1662
613
14
-1219
14
-1114
-3497
-2279
1055
3249
521
-2526
-3149
-2884
-469
418
76
-673
-686
914
220
163
1960
2603
1716
961
2972
3938
1357
883
3110
3390
258
-1710
844
2049
-233
-1563
-144
627
-587
-873
-235
-391
-1385
-464
823
610
-16
-531
-334
-245
622
1344
434
-210
-83
131
66
576
1822
966
-494
666
3257
3316
358
-234
1474
1558
49
-120
1380
611
-1845
-2033
-531
-463
-2068
-2347
-1124
-1246
-2267
-1720
287
926
29
-284
-92
-292
-706
88
1095
694
-376
-1041
-1097
-1818
-2605
-1922
-559
-416
-1751
-2395
-1844
-1218
-419
807
1631
484
-788
-11
1826
2500
794
-385
516
2222
2431
818
-120
856
2630
3354
1910
-989
-2169
-670
2299
3250
1070
-1699
-3775
-3386
-1132
1401
1856
-1921
-5470
-4982
-1395
1135
-412
-2016
-2792
-2789
-1119
285
1031
-716
-1848
-175
588
216
-528
452
1968
861
-444
-607
-97
602
-11
-302
252
1068
2247
1372
518
1438
2407
2038
277
509
2595
3314
2540
1566
485
-573
-1099
-108
835
-241
-843
-409
-393
-1429
-1984
144
1518
310
-734
-589
593
411
-324
644
1704
2381
1155
-622
-278
1086
2169
1330
259
1052
1797
1236
538
1098
2216
1314
-846
-1453
-1039
-460
-385
-546
-924
-2314
-2806
-2029
-1543
-1944
-2260
-1204
-430
-1043
-1677
-1206
-77
-138
-845
-936
-725
-362
-103
439
711
299
38
-471
-927
-841
-44
1069
878
365
384
468
301
-514
237
2080
2550
1229
-264
927
2990
3257
1223
-980
-919
345
1647
1735
753
-800
-2856
-3393
-1984
40
564
-1767
-3927
-3852
-2048
-586
-1285
-2381
-3036
-2949
-1564
-71
874
73
-2097
-2537
-1496
196
850
313
812
1070
778
-173
-464
1113
2092
1932
1354
1440
2060
926
-635
-385
1418
2547
1123
-397
-146
914
1438
1261
1050
974
739
1063
1611
1092
466
501
1500
1740
619
-62
-293
-121
-95
-248
130
56
-203
-183
-76
410
57
-448
-157
918
1989
1250
-206
-388
1127
2521
1848
-12
-899
-441
516
980
751
240
-251
-445
-911
-1234
-888
-129
-161
-1241
-1748
-1414
-849
-775
-1082
-1301
-1908
-2213
-1788
-1384
-1256
-1492
-1130
-675
-969
-1110
-1036
-740
-392
189
1054
1244
665
191
240
594
620
530
1121
1461
915
-162
-294
1125
2021
1517
231
-208
516
1015
1005
826
955
972
272
-995
-1757
-1224
-168
292
-419
-1410
-2038
-2504
-2739
-2533
-1334
-63
349
-296
-1690
-2424
-2090
-777
429
687
275
-506
-1034
-994
-592
-201
-42
207
632
414
132
599
1403
1347
574
690
1456
1764
1452
1451
1790
1787
1292
563
156
212
508
749
485
345
443
217
82
4
609
927
530
198
-154
196
550
840
854
433
149
-256
-415
-400
-121
433
716
433
-447
-888
-26
1101
1126
109
-236
577
1126
895
503
777
878
159
-769
-842
-67
231
-151
-930
-1236
-1117
-775
-338
-375
-863
-1805
-2133
-1463
-480
-154
-987
-1937
-2146
-1619
-818
-632
-1110
-1539
-1238
-127
672
1078
1138
785
349
296
1328
2541
3063
2661
1736
1459
2011
2744
2488
980
88
587
1435
1527
762
-88
-1134
-1922
-1957
-1437
-1023
-1162
-1702
-2583
-3137
-3013
-2212
-1717
-1994
-2233
-2140
-1848
-1927
-2330
-2313
-1794
-1197
-868
-663
-212
126
-32
-288
252
1203
1621
1251
955
1367
1418
732
-7
441
1578
1722
739
32
673
1805
1970
1221
831
1166
1514
1030
580
845
1416
1152
-193
-875
-498
301
360
-122
-98
173
244
-99
-184
484
1021
911
570
684
1179
1076
472
82
552
1459
1671
958
39
3
580
685
-57
-744
-579
87
341
-135
-893
-1448
-1236
-589
10
98
-398
-701
-714
-583
-632
-796
-761
-887
-1217
-1409
-1292
-921
-894
-1099
-940
-614
-247
-351
-373
-36
296
603
459
637
970
968
493
-45
352
1187
1711
1788
1574
1516
1445
1372
1513
1422
1401
1315
1355
1383
819
25
-888
-1356
-1304
-1299
-1480
-1796
-2196
-2528
-2799
-2809
-2853
-2860
-2537
-2083
-1848
-2098
-2052
-1691
-1317
-1290
-1271
-958
-644
-354
-382
-405
-328
-17
210
108
153
700
1571
1853
1387
1035
1105
1500
1765
1608
1426
1037
1005
905
409
-50
-394
98
447
259
-17
11
677
1100
986
699
753
1245
1477
1427
1341
1176
1087
727
575
562
508
638
459
308
-80
-143
-19
-249
-140
314
932
814
133
-315
-394
-83
414
748
737
471
282
57
-405
-589
-352
74
-50
-545
-735
-575
-454
-734
-1159
-1377
-1125
-839
-799
-958
-1049
-1032
-1087
-1148
-1027
-547
-80
-48
-452
-662
-265
647
1363
1334
1008
934
1043
1079
1289
1799
2175
1786
1109
627
549
736
847
1113
959
469
-92
-460
-389
-449
-605
-991
-1444
-1417
-1261
-1338
-1950
-2692
-2857
-2711
-2357
-2287
-2286
-2075
-1984
-2044
-2219
-1939
-1240
-689
-733
-992
-753
87
677
660
280
104
502
825
954
819
966
1158
1176
1060
621
392
394
1064
1741
1758
1321
802
762
797
781
828
950
1113
880
249
-370
-537
-51
243
100
-230
-371
5
420
883
1065
1047
991
1037
1219
1170
1286
1649
1696
1265
842
659
680
496
525
462
39
-550
-916
-244
89
-243
-868
-1151
-768
-468
-501
-876
-982
-510
54
4
-289
-501
-655
-964
-1319
-1021
-484
-328
-736
-1214
-1348
-1136
-640
-384
-435
-428
-218
32
235
420
689
921
891
685
480
577
845
1082
1187
1170
1379
1624
1291
672
555
1091
1527
1274
876
670
393
-333
-1039
-1157
-856
-789
-1299
-1745
-2039
-1835
-1681
-1897
-2088
-2229
-1881
-1614
-1304
-1069
-1017
-1128
-1533
-1538
-1191
-666
-581
-766
-720
-588
-369
-249
-112
-132
-301
-131
546
1104
993
565
426
687
1020
1233
1005
662
600
768
930
588
296
256
290
324
265
670
958
853
533
185
406
948
1486
1368
781
449
570
899
742
338
91
251
489
509
479
339
401
576
621
705
854
1062
1004
793
834
674
240
-193
-87
282
12
-648
-1234
-1388
-1280
-1171
-995
-907
-919
-999
-1223
-1229
-936
-458
-104
-99
-123
-116
-124
-223
-79
229
331
280
233
272
112
-89
22
402
722
534
94
-14
210
565
797
771
518
178
154
467
770
833
517
76
-33
227
398
254
-92
-222
-152
-158
-237
-466
-607
-820
-866
-775
-974
-1347
-1618
-1515
-1368
-1388
-1484
-1505
-1435
-1442
-1584
-1401
-878
-360
-266
-749
-1027
-728
-86
232
84
-174
-239
-31
102
193
166
89
165
219
235
225
420
750
863
839
797
830
744
704
1047
1343
1335
990
659
572
557
737
713
518
332
320
593
573
404
190
242
593
881
971
634
302
175
325
632
608
392
59
-158
-3
57
12
-126
-84
216
201
-15
-189
-13
203
-38
-341
-382
-180
-106
-354
-572
-657
-614
-625
-677
-537
-456
-398
-407
-312
-138
-230
-292
-139
328
611
445
200
228
620
888
917
727
476
404
431
466
365
121
-24
-29
-13
-231
-627
-579
-102
285
63
-455
-598
-281
237
295
-95
-476
-563
-489
-609
-726
-765
-725
-721
-923
-1110
-1183
-1154
-1054
-849
-720
-796
-970
-1127
-997
-746
-576
-568
-611
-696
-749
-560
-226
76
109
19
61
205
414
705
872
845
558
419
638
939
1048
679
410
453
644
725
556
341
208
391
810
888
439
38
167
707
924
769
544
487
564
481
378
388
569
592
233
-164
-181
134
326
162
-21
63
339
291
-60
-126
108
490
459
227
86
-71
-149
-306
-338
-328
-332
-363
-510
-586
-535
-439
-486
-584
-403
-95
-31
-263
-442
-312
-101
-15
-78
-99
-83
-120
-182
-245
-107
74
76
-14
-112
-25
111
155
279
494
710
648
452
420
566
854
777
407
171
174
352
228
-48
-214
-280
-333
-511
-502
-310
-155
-263
-503
-618
-563
-481
-430
-453
-671
-913
-1094
-994
-846
-732
-713
-910
-1091
-1078
-804
-467
-156
-97
-114
-174
-143
-18
37
202
353
528
494
423
465
439
313
192
370
672
785
647
427
376
430
444
527
603
647
572
328
202
180
237
246
120
25
-171
-331
-389
-251
27
54
-11
-41
119
156
14
105
414
728
658
372
225
144
30
-7
28
164
136
-9
-53
-57
-74
-133
-40
80
168
24
-193
-205
-27
60
-135
-383
-580
-482
-362
-301
-265
-294
-354
-436
-442
-432
-296
-63
117
102
-70
-174
82
323
297
179
227
472
450
244
69
232
493
416
73
-118
64
347
401
352
417
409
396
274
392
499
433
315
164
214
135
-9
-207
-304
-331
-380
-547
-686
-594
-420
-370
-478
-583
-596
-411
-316
-271
-403
-576
-658
-585
-395
-370
-336
-301
-288
-463
-593
-395
35
352
265
-77
-240
-141
89
248
246
242
133
52
-107
-202
-173
-69
72
61
23
-113
-155
-67
144
407
550
524
335
305
455
670
724
648
598
477
310
116
67
163
305
259
84
-19
-31
74
195
284
142
58
119
217
187
14
-100
-168
-111
-150
-238
-399
-485
-453
-373
-301
-334
-405
-550
-529
-405
-250
-297
-405
-419
-374
-252
-275
-262
-197
-1
132
47
-125
5
363
516
430
136
205
366
525
630
611
689
598
626
676
719
714
751
763
624
482
433
473
349
179
76
146
99
85
45
-34
-119
-270
-118
14
31
-221
-498
-514
-385
-264
-329
-596
-858
-897
-690
-499
-584
-654
-673
-490
-374
-414
-392
-362
-305
-343
-251
-56
-49
-231
-421
-378
-180
-93
-123
-192
-181
-160
-88
-9
-8
-3
35
97
38
60
237
402
282
47
-33
81
262
382
364
111
12
163
389
299
87
201
399
321
112
154
339
343
180
120
66
3
83
228
116
-142
-184
29
36
-182
-150
10
-1
-208
-146
12
-32
-161
-179
-89
-164
-155
-51
-107
-353
-548
-465
-293
-201
-124
-140
-252
-357
-284
-53
143
303
379
303
184
235
435
593
625
607
617
586
557
631
641
563
462
493
604
532
382
322
376
393
397
477
569
503
260
80
89
151
136
105
-3
-210
-392
-410
-313
-370
-509
-587
-516
-468
-614
-674
-639
-589
-632
-638
-580
-685
-791
-761
-588
-535
-631
-610
-484
-418
-424
-372
-274
-199
-164
-69
33
-21
-89
-51
-10
-43
-28
180
264
42
-155
-38
234
343
218
111
121
155
232
310
348
311
300
304
276
256
360
467
367
237
277
382
281
113
51
72
169
224
125
-28
-145
-126
-29
54
32
-44
-114
-268
-235
-155
-170
-259
-425
-509
-510
-373
-249
-214
-281
-459
-503
-368
-136
107
183
82
-121
-170
38
228
266
263
319
356
351
326
307
290
396
654
758
619
403
393
532
566
493
490
627
695
552
263
221
407
516
459
208
73
78
42
0
-38
-76
-147
-199
-256
-248
-88
-17
-119
-292
-306
-225
-227
-269
-378
-381
-385
-507
-644
-690
-612
-563
-557
-563
-528
-436
-397
-398
-399
-298
-122
-48
-97
-196
-162
-104
-92
-76
-47
-58
-135
-152
-71
65
121
107
61
24
41
120
194
212
120
37
53
98
179
202
209
148
51
2
38
63
67
117
55
-11
-101
-132
-161
-196
-131
-38
45
-5
-49
-121
-224
-158
-51
-43
-73
-82
-87
-150
-196
-162
-72
28
24
28
59
32
-47
-89
-37
33
108
31
-68
-51
-8
35
34
79
193
311
401
414
388
478
582
614
597
564
587
639
632
543
466
427
416
396
357
339
307
279
332
316
265
221
121
135
200
221
180
101
17
-59
-109
-159
-132
-146
-257
-372
-483
-493
-530
-625
-661
-571
-415
-442
-465
-463
-449
-385
-338
-246
-229
-278
-344
-390
-369
-393
-446
-491
-549
-498
-437
-428
-443
-417
-338
-298
-232
-142
-20
54
37
0
-39
-21
85
170
176
63
17
75
139
223
223
224
199
240
258
266
277
280
327
285
261
256
366
413
301
202
209
269
253
220
218
206
60
-65
-52
-6
43
36
7
20
-44
-78
-78
-101
-105
-125
-101
-163
-222
-230
-255
-274
-284
-205
-75
-70
-120
-82
-50
-5
17
113
207
148
69
39
42
89
149
186
230
217
167
164
302
404
425
395
387
446
446
405
382
440
340
181
112
105
57
-3
-8
-47
-79
-126
-176
-217
-223
-223
-180
-156
-186
-184
-164
-194
-284
-303
-217
-175
-235
-281
-339
-395
-458
-465
-414
-318
-197
-217
-210
-187
-152
-109
-6
137
220
222
149
147
72
3
33
147
222
118
-33
-81
-60
-24
39
87
129
89
37
23
95
201
231
228
212
196
102
38
35
58
73
8
-61
-158
-192
-126
-86
-90
-177
-205
-207
-240
-192
-90
-64
-127
-151
-141
-116
-149
-174
-131
-53
-38
-104
-174
-217
-168
-155
-106
-25
-40
-64
-80
-59
-29
-89
-53
5
65
90
14
-7
-22
46
101
158
236
284
272
259
274
326
418
397
356
323
307
279
236
153
143
163
170
191
176
207
178
157
137
145
216
285
279
261
252
155
65
-12
17
89
84
-27
-138
-134
-118
-140
-152
-168
-132
-111
-154
-142
-92
-55
-106
-132
-138
-138
-102
-102
-157
-189
-201
-238
-291
-312
-243
-231
-221
-208
-201
-219
-239
-177
-131
-104
-155
-124
-64
-61
-87
-114
-88
-96
-53
-37
-81
-124
-99
-82
-131
-104
0
73
42
-1
61
117
86
46
63
169
180
109
75
72
119
123
57
35
95
126
86
16
-13
-9
-15
-16
-7
-8
-5
23
45
39
13
-6
25
52
44
80
71
51
62
31
73
85
41
60
73
75
29
12
29
40
67
86
58
30
81
81
60
41
107
210
177
69
16
75
87
48
44
37
12
-16
-92
-141
-108
-111
-133
-147
-106
-88
-121
-139
-104
-17
8
-15
25
79
36
-9
-23
44
73
10
-73
-133
-75
-62
-68
-70
-58
-41
-83
-111
-54
31
92
92
79
154
123
47
41
129
187
97
31
3
5
7
-40
-49
13
48
13
-67
-78
1
59
38
-9
47
120
97
42
-8
27
57
56
73
57
46
-10
-51
-66
-40
-25
-29
-15
-45
-102
-173
-130
-24
-14
-78
-137
-129
-111
-126
-120
-104
-114
-136
-111
-114
-140
-122
-104
-98
-92
-91
-112
-124
-94
-88
-113
-78
-30
-5
11
65
83
107
127
107
98
82
93
87
105
79
47
79
117
86
45
0
-32
-25
-34
-15
-22
-1
-7
-15
3
32
52
41
44
28
17
23
35
29
2
2
3
-54
-89
-49
-5
25
44
42
81
81
45
82
124
149
133
104
163
181
170
156
138
118
66
85
94
114
115
92
57
43
51
20
25
28
56
44
10
16
27
11
-24
-82
-80
-7
6
-55
-96
-117
-126
-92
-107
-54
-32
-71
-79
-92
-44
-3
-1
10
0
-9
-14
-28
0
-12
-28
-8
-20
-62
-94
-86
-114
-89
-12
-45
-71
-104
-168
-175
-117
-51
-28
-69
-118
-116
-164
-169
-156
-126
-70
-50
-60
-105
-98
-76
-101
-129
-102
-73
-47
-60
-63
-44
-9
14
-19
15
33
41
38
10
61
101
79
73
67
75
101
106
123
146
129
110
110
104
113
108
107
122
116
63
-9
7
63
80
71
66
91
88
95
101
78
80
43
7
-16
-6
9
-36
-40
-35
-6
27
29
41
15
-3
-38
-35
-5
16
7
-19
1
0
-4
-7
26
55
90
87
69
60
9
14
49
71
57
40
31
57
86
101
109
123
121
102
92
85
91
16
-23
-26
6
-10
-69
-43
-68
-59
-55
-71
-28
-10
-5
-1
-41
-39
-63
-74
-41
-100
-124
-148
-174
-171
-154
-217
-289
-246
-226
-187
-174
-167
-131
-135
-188
-197
-111
-44
16
7
-39
-46
-37
-5
28
61
38
3
-31
-35
-10
-12
-13
-13
-19
-18
-13
-34
-5
40
11
-37
-9
50
92
70
38
38
29
54
48
77
41
1
-11
-25
17
-4
35
26
-9
-29
-27
7
44
85
69
67
99
152
161
129
139
184
151
155
152
151
161
130
145
83
38
19
6
23
47
28
24
48
55
92
62
60
117
150
109
97
146
179
142
54
20
-16
-10
-7
-47
-57
-68
-103
-95
-73
-78
-51
-35
10
-1
-6
33
79
123
79
53
-16
-10
44
4
-91
-138
-132
-157
-187
-249
-256
-201
-171
-219
-232
-174
-60
-92
-134
-77
-60
14
-25
-52
-80
-41
-17
-76
-108
-135
-83
-75
-96
-135
-121
-119
-105
-66
-92
-117
-79
-12
26
41
32
43
35
42
95
85
91
106
81
39
-19
-9
-42
4
18
6
9
-37
55
27
17
-2
40
132
81
82
35
37
69
91
58
13
26
40
47
-4
-53
-30
32
34
53
47
68
103
58
38
26
66
102
105
114
28
57
141
152
120
44
24
55
66
23
38
17
20
37
70
69
89
92
35
47
-13
12
16
19
9
46
111
59
41
59
27
-20
10
-21
6
17
22
16
19
26
-22
-24
-30
6
5
-10
-48
-43
-41
-25
-37
-47
-48
-99
-67
-110
-137
-149
-137
-135
-158
-184
-178
-158
-200
-212
-192
-166
-171
-128
-94
-58
-44
-23
-11
-28
1
-15
4
23
7
1
6
-12
-8
7
-32
-37
-38
0
3
-26
5
3
-8
-16
-26
-1
38
44
27
25
33
15
-22
-21
-11
-9
3
0
-26
-4
19
5
-11
-10
16
17
56
58
54
72
68
98
93
102
126
129
120
122
138
112
97
104
116
93
47
36
12
-1
-8
-31
-19
4
16
60
82
87
83
85
95
63
71
85
99
98
98
68
37
61
34
-7
-10
-4
-11
-14
-22
13
-5
-29
16
5
32
4
19
66
27
35
4
2
-10
-14
16
0
-6
-48
-97
-101
-100
-110
-118
-114
-126
-152
-123
-144
-137
-101
-98
-125
-141
-115
-127
-130
-130
-111
-106
-87
-102
-123
-121
-90
-92
-85
-79
-78
-48
-66
-33
-22
21
22
13
7
-9
39
41
27
8
28
45
18
-2
19
30
51
68
41
45
61
53
77
103
116
129
104
123
123
91
89
91
107
87
75
56
3
13
-3
7
25
17
34
25
22
-15
-27
-7
-3
-23
-8
2
-26
11
30
-1
-10
0
-25
-58
-49
-21
-13
-14
-25
-9
12
-13
-19
10
59
62
65
75
49
49
44
66
22
-23
-10
-14
23
40
32
19
12
29
31
31
48
62
62
13
-12
7
10
17
38
38
27
1
-7
1
-7
-3
-15
-3
-29
-59
-83
-59
-72
-90
-58
-71
-53
-93
-73
-51
-49
-51
-46
-9
-26
-26
-38
-48
-60
-34
-14
5
29
-6
-25
-65
-85
-67
-78
-68
-57
-62
-44
-55
-34
20
12
21
21
19
35
23
22
42
37
22
15
13
-3
-41
-43
-44
-31
-35
-31
-25
-9
12
10
49
60
63
36
16
50
90
79
71
59
36
44
26
13
-32
-22
-3
-21
-39
-52
-41
-36
-30
-44
-40
5
24
7
26
10
45
47
11
50
38
57
57
33
25
25
41
29
38
20
5
-4
-12
-12
-28
5
19
6
34
46
61
72
53
60
77
78
53
70
78
59
60
41
47
6
-6
-8
-9
-2
-3
10
-17
-32
-34
-35
-60
-41
-25
-12
-1
24
30
37
57
12
-1
-54
-36
-56
-66
-61
-61
-36
-98
-78
-65
-70
-75
-39
-63
-80
-61
-53
-48
-91
-71
-73
-64
-91
-72
-57
-22
-9
-10
6
-28
15
20
46
2
10
33
35
16
6
60
40
29
3
46
13
2
-27
-61
-69
-45
-1
-32
5
-5
19
-9
8
31
26
43
47
37
13
34
5
23
2
18
-1
-16
-22
-86
-78
-45
-26
-40
-33
-61
-18
20
41
57
51
84
88
76
70
89
69
69
34
22
36
45
25
-6
-13
0
15
18
18
-35
40
74
78
63
55
78
70
95
44
73
92
99
55
23
26
-23
-10
-39
-34
-56
-53
-53
-56
-39
-15
19
4
35
22
38
43
50
1
-13
4
-34
-4
-22
-22
-65
-61
-67
-66
-73
-86
-81
-103
-69
-79
-64
-88
-47
-24
-11
-8
-10
-2
-40
-9
-15
5
-7
0
8
22
-25
-18
35
-31
-32
-51
-29
-28
-8
7
-8
-18
-31
-36
-31
-36
-32
20
-3
14
16
35
29
37
49
8
-13
-50
-15
-27
-41
-49
-41
-35
-41
-33
-66
-51
-25
-20
-24
-23
-7
26
41
68
61
76
72
45
48
28
41
58
55
2
0
-6
-8
12
34
40
34
44
32
42
43
98
101
109
88
72
90
60
60
48
70
44
46
31
20
31
21
14
0
2
-41
-37
-53
-25
-17
-10
10
13
25
2
15
1
0
-22
4
-5
-9
-3
-24
-43
-79
-89
-102
-54
-51
-28
-53
-45
-41
-55
-25
-52
-47
-44
-35
-63
-59
-55
-27
1
12
-4
-3
29
15
34
16
28
13
-14
-22
-7
5
3
12
-16
-13
-15
19
19
13
12
21
25
17
37
39
41
17
3
-10
34
42
49
10
4
31
22
19
-50
-3
-41
-66
-73
-89
-95
-127
-106
-99
-73
-87
-73
-69
-40
-42
-10
10
-11
3
10
19
-26
-25
-34
-20
5
39
12
0
21
6
10
-8
13
15
53
62
73
85
104
150
125
107
99
93
66
61
40
38
18
6
15
-4
-25
-50
-4
-5
21
17
4
21
33
72
67
83
68
92
96
77
63
70
40
-29
-19
-31
0
-44
-63
-72
-55
-29
-68
-48
-73
-78
-85
-52
-44
-25
-3
29
54
22
46
48
34
16
-12
-26
9
-15
-26
-69
-81
-70
-110
-103
-89
-72
-78
-47
-51
-32
-29
-12
14
13
20
9
24
40
50
34
41
-3
-18
16
10
-24
-44
-48
-54
-62
-79
-54
-53
-39
-53
-53
-39
-38
-2
2
4
-2
35
22
53
90
57
89
44
19
0
-27
-2
1
-26
-59
-30
-12
-15
-12
3
18
20
-2
15
32
51
94
82
104
96
98
106
103
56
13
32
-13
-16
-54
-67
-59
-82
-66
-56
-10
-18
-61
-11
6
8
1
5
33
48
85
45
43
34
44
82
62
60
-6
-19
-27
-55
-31
-41
-48
-64
-73
-55
-29
-38
-32
-12
-15
-1
29
61
68
85
73
80
74
70
105
83
55
37
49
41
35
40
14
-16
-10
-32
-72
-85
-93
-76
-79
-85
-69
-51
-75
-35
11
-3
23
17
25
11
-10
4
-4
-13
-48
-44
-60
-38
-26
-59
-41
-50
-21
-57
-32
-41
-63
-45
-66
-20
-45
-21
-33
-12
5
-3
21
22
47
14
19
-27
-60
-58
-12
-10
-31
-6
-7
22
-6
-4
-8
-10
-18
23
77
89
56
8
46
57
76
35
52
61
34
38
9
3
6
19
34
45
4
14
-6
-15
1
-10
7
3
15
-7
3
12
12
28
72
72
46
54
18
2
15
32
34
46
19
32
9
-21
-1
-43
-50
-82
-36
-35
-24
-20
-25
15
8
40
25
54
47
54
75
87
76
50
31
3
-2
-51
-65
-101
-94
-133
-118
-106
-118
-63
-56
-32
-45
-4
-7
29
23
23
24
26
77
50
62
25
31
8
-4
-11
-11
-10
-45
-47
-59
-63
-97
-55
-33
-15
-28
-2
23
-7
4
-6
16
17
40
43
66
39
-8
-28
-18
-26
-34
-11
-28
-4
-43
-20
-19
1
5
-17
8
-3
17
8
50
29
9
4
8
6
4
19
25
22
-13
22
8
-18
-51
-33
-12
3
1
-2
14
-22
-21
-28
24
6
-12
12
38
19
-4
8
1
17
-7
8
-6
0
-25
-27
1
-2
15
13
48
50
58
65
45
31
60
54
64
57
38
59
34
47
29
17
25
22
2
13
31
29
-18
-28
-11
-38
-13
-36
-9
-12
-7
-7
-10
10
-26
-29
-32
-32
-69
-41
-54
-73
-42
-13
11
22
28
3
20
11
55
66
30
-5
7
23
-32
-44
-35
-14
-24
6
-10
-9
-7
-18
-7
-24
-23
-65
-78
-97
-79
-99
-110
-109
-102
-66
-56
0
24
28
-17
-3
4
7
-4
-3
11
-18
-7
-13
21
19
41
23
41
82
82
79
32
47
28
47
57
87
111
130
146
114
116
58
9
10
9
-28
-35
-58
-79
-86
-86
-101
-105
-56
-61
-48
-25
7
2
6
12
5
22
-19
-6
-29
-55
-65
-72
-39
-14
-1
6
64
32
20
20
29
27
12
41
42
67
57
82
86
69
38
7
-5
-13
11
-2
3
6
15
5
28
44
57
75
47
61
53
38
22
37
20
6
-1
-32
-48
-74
-52
-76
-84
-79
-54
-30
-9
12
-10
33
27
61
58
24
7
-35
-13
-10
1
0
8
-27
-57
-63
-60
-90
-149
-117
-110
-114
-104
-55
-47
-32
-37
-32
25
21
48
20
35
18
-21
-31
-50
-96
-162
-152
-152
-143
-117
-90
-64
-9
12
59
89
114
107
91
136
131
143
108
136
127
105
87
108
107
36
51
26
51
7
25
75
45
54
57
95
139
113
69
110
59
16
3
9
20
-10
-26
-61
-48
-69
-53
-54
-51
-70
-100
-79
-91
-86
-127
-140
-134
-101
-74
-82
-58
-47
-48
-27
12
16
41
75
80
77
54
62
76
64
64
32
32
19
-12
-36
-15
-16
-68
-54
-65
-23
2
5
12
31
19
7
41
35
63
24
16
19
29
28
-19
-8
-5
6
-2
-25
-62
-50
-47
-68
-61
-2
31
4
12
-4
-25
-49
-33
-40
-24
-38
-57
-46
-64
-64
-45
18
3
2
-22
-28
-24
-34
-26
1
19
16
59
67
92
80
98
83
80
81
70
82
59
67
36
19
3
17
-9
-19
-31
-47
-65
-77
-35
-70
-56
-53
-28
-9
-13
-17
-25
-38
-15
58
48
43
28
36
29
21
23
22
-15
-35
1
-7
-6
-22
7
-1
-23
-27
-8
-13
-10
34
25
38
-8
5
7
28
47
57
58
38
44
-9
16
7
-1
-34
-32
-11
-22
-45
-63
-40
-41
-21
-24
9
14
35
30
65
41
32
22
-8
24
-21
15
2
4
0
1
-9
-28
-37
-54
-27
-76
-68
-73
-87
-68
-60
-73
-40
4
9
12
-1
16
-6
3
18
35
33
21
34
22
7
0
0
12
0
-47
-10
-9
-6
6
18
15
-8
24
16
26
-4
35
58
43
43
71
94
57
60
39
55
10
-13
-21
-8
-26
-41
-32
-47
-23
-63
-19
-20
-15
-28
-6
5
10
47
25
52
29
42
18
19
9
-6
-52
-61
-24
-36
-32
-56
-35
-46
-18
-38
-28
-20
-15
17
-15
-11
-26
-4
-9
-1
3
25
31
25
1
-16
9
19
21
-19
9
-22
4
-1
-9
13
-20
-7
-19
12
25
40
-5
7
23
32
81
59
70
49
40
34
19
14
9
-5
0
6
17
-6
-44
-48
-52
-41
-41
-33
-38
-3
-6
-13
22
26
16
-3
2
6
-2
-35
6
16
28
18
-15
11
-6
-13
-42
-32
-8
-3
-5
19
19
16
15
-12
0
20
41
3
10
-6
9
7
1
11
-25
-14
-15
-7
-38
-15
-35
-45
-25
3
5
-8
-1
-28
18
-9
-14
-19
6
3
-15
4
0
15
-11
-12
-37
-10
-16
-19
-11
-22
-29
-29
-48
-66
-13
-14
3
6
23
13
14
28
39
51
47
50
32
40
9
28
26
19
10
29
34
-2
-15
-27
30
27
23
14
22
6
-6
4
18
8
-18
43
41
51
20
13
-3
-30
-57
-46
-3
-44
-12
-16
-20
-48
-13
4
-4
6
-31
-15
-22
3
-23
4
19
25
58
28
17
2
-1
-9
11
15
25
22
19
3
-4
8
20
-8
-19
7
-22
-7
-28
2
11
15
14
-18
1
-26
-4
-18
16
13
0
50
5
-6
6
3
-16
-1
-16
-45
-40
-45
-28
4
5
-19
-39
-9
4
2
-8
-35
-31
-34
-7
-17
-3
-14
-13
21
-6
-13
-41
-15
-13
-20
-31
-60
-46
-28
-38
-42
-12
-29
-17
39
29
15
25
16
19
23
30
32
28
13
7
8
15
53
20
-4
-6
-33
7
38
22
11
47
51
10
34
55
19
5
22
43
53
76
106
90
41
11
21
6
-41
-38
2
-4
-11
29
42
10
-15
9
34
2
-5
15
-28
-39
-57
6
34
-26
3
-6
2
-45
-53
-12
-37
-63
-54
-24
-57
-62
-46
-48
-33
-20
21
35
3
-15
-38
-38
-34
9
10
-3
12
21
34
-14
9
1
-3
-3
-48
-22
-14
-17
-22
-8
-19
-10
17
1
-3
7
7
-16
-20
-3
-12
-12
-18
8
31
17
23
7
4
-34
-15
-6
-31
-21
-26
13
-13
31
35
4
36
33
31
4
14
21
19
36
52
32
51
45
50
37
3
53
21
36
25
2
6
3
16
22
13
-11
1
4
0
-30
-12
-15
-48
-40
-29
3
21
30
35
9
4
3
3
-1
-39
-22
-41
-43
-42
-36
-28
-56
-70
-72
-47
-67
-57
-59
-58
-50
-38
9
44
39
22
32
21
34
27
6
-6
4
6
5
25
44
23
15
31
37
63
16
23
17
-2
21
25
45
33
26
12
20
34
35
53
19
28
34
6
23
0
15
9
13
3
-17
-13
-56
-24
-60
-55
-18
-10
-29
-50
-19
-26
5
14
29
7
-22
-41
-49
-50
-54
-48
-58
-38
-47
-24
-31
-52
-54
-25
-7
-46
-28
-6
-11
-15
20
23
13
28
10
8
-19
-6
-13
3
19
4
40
39
28
32
69
22
-17
-15
-1
17
45
58
35
48
31
50
67
79
60
23
9
22
24
39
27
6
18
-14
9
-5
-13
-11
-21
-16
-22
-38
-56
-54
-50
-35
-31
-17
-27
3
9
17
21
-20
-5
22
22
-9
-27
-21
1
-11
16
31
4
4
-5
-16
-63
-26
11
22
26
54
63
3
24
6
4
-6
-17
-26
-67
-67
-64
-33
-1
-16
-18
16
6
-26
-33
16
8
27
55
37
50
32
24
5
13
-16
-23
-27
3
-2
-20
9
-26
8
-6
16
4
2
-1
-5
-1
-19
-1
-24
16
7
29
9
14
7
-4
-19
-43
0
-32
-11
-10
16
-16
9
6
-11
9
-7
32
-11
12
-5
9
2
-23
2
16
35
-19
-14
-16
-26
-55
-57
-62
-68
-62
-76
-27
-28
2
3
2
13
19
48
39
26
38
71
66
59
48
79
70
76
88
41
31
3
2
16
28
20
23
14
0
6
3
15
10
0
16
24
-17
1
-21
-23
-12
-24
23
5
-19
-36
-26
-19
-11
-33
-38
-44
-44
-21
-45
-41
-33
-13
-34
-29
-47
-62
-67
-77
-83
-68
-3
16
47
22
56
47
45
46
29
60
-13
0
1
47
46
26
28
-9
23
-7
6
-9
-16
-10
-2
-3
-34
-7
-8
18
23
5
-7
-11
-41
-60
-51
-66
-50
-44
-22
4
0
-15
-2
-3
12
23
2
-13
3
13
28
89
67
48
63
67
37
19
12
7
3
-43
-63
-38
10
8
6
17
26
8
29
43
29
50
53
52
12
24
21
28
7
-14
-9
-6
15
-29
-38
-40
-9
11
11
23
27
-11
-38
-33
-25
-42
-35
0
-19
-32
-48
21
3
-8
14
-17
-7
-41
-20
-16
-25
-28
-3
6
-11
3
4
6
-31
-31
-9
-4
-28
-57
-53
-33
-2
-36
-53
-34
-3
10
-5
7
7
5
-3
6
18
16
32
56
64
64
54
42
47
56
48
31
28
35
39
37
59
27
-3
22
12
0
7
-21
-29
-31
-57
-69
-64
-29
-11
-21
-41
-36
-18
-19
-26
-1
6
3
22
9
17
45
32
5
11
26
32
-7
-10
0
-26
-25
-10
7
1
3
-19
-19
7
-22
-12
-5
-9
-17
-9
-10
-38
-2
13
20
10
29
32
-29
-31
-38
-9
15
18
37
68
61
39
63
63
37
8
40
-1
-29
-14
-35
-24
-31
-38
-71
-30
-23
-26
13
-42
-31
-22
-41
-14
6
-6
-3
1
-7
-11
-6
-3
-63
-46
-31
-51
-30
-27
-9
-9
22
29
26
54
32
16
25
3
19
11
29
53
44
66
39
49
25
36
45
26
24
14
32
34
19
-10
18
17
14
34
21
-10
-12
-36
-38
-15
3
12
-21
-18
-40
-51
-56
-60
-65
-54
-56
-60
-9
4
-6
-1
21
17
14
16
38
18
-9
-6
-19
16
-3
-23
-2
-19
-38
-20
-9
-34
-51
-49
-20
-10
-13
8
19
7
25
37
27
15
28
31
0
12
4
40
64
54
28
13
36
32
31
11
33
21
-24
-35
-10
2
-44
-58
-54
-26
-7
-9
22
-11
-54
-38
-36
-45
-54
-40
-32
15
14
2
5
10
29
-10
27
36
41
35
-4
23
47
48
28
6
3
6
23
28
9
7
-25
-26
-9
-16
9
13
-22
-31
-14
-6
-19
-42
-16
-31
-22
3
-20
-19
10
25
26
55
50
57
32
24
36
22
27
44
36
15
-7
-35
-27
-12
0
-29
-12
-24
-29
-13
-13
-1
-7
10
-18
-11
-15
-24
-31
-61
-25
-1
10
-7
-40
-27
-11
-24
-9
27
-13
-34
-9
-19
-25
-6
-6
-11
22
-12
-9
9
-16
-42
-44
41
19
17
32
12
71
82
58
56
74
18
-3
-12
-53
-36
-47
-73
-62
-32
-25
3
13
0
3
2
16
28
13
4
-3
-1
12
10
21
25
2
20
53
51
58
50
42
15
30
24
-12
4
1
0
-6
-4
26
2
-41
-38
-33
-24
-28
-7
-10
-16
-6
6
9
13
37
45
18
-38
1
8
-12
-11
-6
5
30
44
-5
-8
-27
-24
-34
-27
12
-8
-32
-45
-49
-22
-26
-63
-60
-45
-33
-23
-39
-39
-42
-70
-37
-41
-26
5
31
61
38
56
64
63
42
29
29
-11
9
41
57
25
-5
36
7
15
24
-12
10
13
6
-5
-9
22
32
22
-17
-14
6
-2
1
17
53
14
14
29
6
7
-6
-9
9
20
-2
-17
-25
-45
-46
-20
-38
-50
-33
-35
-44
-23
15
11
-22
-1
24
-1
29
9
3
29
-1
33
37
6
-14
-23
-8
-40
-13
9
-18
-19
-26
-3
-32
-10
13
-22
-13
-4
13
29
21
-6
-9
18
20
25
29
-5
-4
-18
-10
7
7
22
-1
-5
-10
16
32
3
1
4
-40
-22
-5
-25
-25
-23
12
16
41
42
-8
-3
-6
-26
-17
-9
0
6
32
35
51
73
51
66
65
45
45
50
51
46
27
12
-45
-38
-17
-4
-3
-46
-54
-63
-28
-49
-57
-40
-67
-66
-45
-54
-55
-38
-34
-20
-30
-15
-10
-12
14
18
25
37
21
37
31
31
25
-12
9
4
-15
-29
-30
0
0
-14
-26
-20
-25
-60
-28
22
18
13
9
32
55
0
0
22
-3
8
69
83
41
56
52
43
11
3
4
-16
-2
-2
-9
-35
-35
-38
-32
-44
-58
-25
-18
-6
29
9
4
-13
-19
3
-1
10
-5
1
-20
-4
15
13
16
19
25
33
24
19
57
24
35
41
40
11
-10
-2
-21
-22
-19
18
-12
-33
-28
-2
-14
-51
-19
-27
-18
16
-10
-34
-12
6
-4
-2
6
-6
15
32
13
36
63
9
-22
-10
11
26
28
17
-4
-19
-23
-32
-39
-52
-80
-66
-42
-31
-42
-40
-57
-48
9
13
22
36
30
16
12
35
61
57
48
26
26
20
3
47
37
-3
-15
6
-19
-27
-35
-51
-8
-19
2
29
19
-14
-20
2
-13
-29
-16
12
13
20
2
-3
0
-18
-32
-16
-14
12
36
23
25
1
19
3
-22
-10
13
13
-13
9
23
16
1
-6
-25
-13
-3
20
30
-6
-14
-6
9
3
7
10
-26
-19
16
-13
-12
-8
-2
8
14
9
-13
14
0
-4
12
31
-3
-9
-7
-15
23
13
-6
-23
-1
-19
-41
-50
-47
-25
-13
-34
-20
12
7
76
58
68
78
45
54
51
53
16
27
38
6
-13
-23
-46
-47
-23
-9
-25
-9
-9
-19
25
-11
-15
4
-18
-25
-37
-14
3
-14
0
15
29
-6
2
32
6
13
-19
-9
-15
-30
-36
-36
-60
-78
-31
6
25
-7
-8
-19
-12
-26
-13
-4
-29
-54
-46
-1
-38
-39
-9
-10
-25
25
57
47
44
32
45
59
60
56
63
57
50
66
66
50
46
34
9
-15
-12
-43
-47
-61
-50
-15
-34
-23
-25
-42
-48
-19
-2
22
35
47
55
47
63
38
13
25
31
9
-10
10
12
-14
25
32
31
21
-30
-40
-24
-1
-15
-22
-8
-40
-63
-28
-26
-24
5
12
-19
-62
-33
-23
-29
-11
-22
-3
9
5
4
-2
22
17
-17
3
0
-24
-1
-28
-27
-4
0
16
27
7
-25
-28
-32
-48
-41
-25
-25
38
23
-19
-13
17
37
26
54
46
58
36
38
35
31
36
30
57
45
50
29
23
19
3
-15
-4
-7
-9
0
-35
-61
-30
-3
-31
-30
-28
-10
0
2
-13
-15
-2
-12
-12
-9
21
2
-19
-41
-34
33
14
-9
10
17
-26
-32
-10
-28
-46
-35
-12
-42
-25
-16
-28
-21
-13
21
31
23
29
28
17
26
19
28
28
20
50
68
55
50
40
43
36
13
18
-16
4
49
35
16
-26
-19
-15
-28
-39
-67
-68
-54
-31
-49
-40
-13
15
-13
-17
10
-28
8
-4
-1
-32
-60
1
-4
4
12
31
29
29
25
9
34
6
-37
-32
-40
-45
-45
-20
0
13
48
26
27
19
34
20
6
-1
-25
-2
-24
18
31
23
35
15
13
29
24
-6
3
-25
-18
-5
-26
7
5
-10
-8
-19
-13
41
51
-12
-31
-50
-28
-19
-12
6
-4
48
34
22
34
31
8
-3
6
6
12
-6
6
1
0
2
-13
-21
13
-6
-24
-6
-30
12
10
15
-1
-37
-16
-6
-13
-28
-31
-30
-25
-33
-9
11
-9
-16
-7
-3
-6
-4
-17
-5
-3
-11
-12
25
60
32
25
17
9
13
5
-2
-10
-38
-38
-10
-7
-2
18
42
42
27
15
36
19
-19
-15
-32
-20
-1
-13
-10
-7
17
28
23
37
14
-33
-18
-1
-23
-20
-26
-28
-25
-41
-37
21
43
9
13
9
0
-25
-23
13
-4
-7
-4
21
60
36
33
46
65
72
80
85
42
38
34
23
32
22
-8
3
20
10
-18
-23
-12
-38
-16
-19
-9
-31
-78
-85
-48
-41
-83
-16
-10
-43
-42
-15
4
2
8
-10
-16
-35
-36
-41
-35
1
-6
-3
26
25
39
18
0
-3
-26
10
17
-54
-53
-23
-64
-17
8
9
17
0
4
7
16
-24
-3
-1
-10
13
12
24
30
56
47
32
49
38
22
0
-6
0
-16
8
9
22
16
10
12
-8
11
-16
-32
-16
-25
13
28
-21
-19
-35
-15
11
-15
16
15
-3
3
21
33
3
4
22
14
0
-20
-34
-19
-14
22
49
37
51
42
64
68
55
57
60
54
33
38
11
-12
-17
-6
-3
-8
-30
-32
-29
-9
4
-20
2
-37
-21
-24
-55
-33
-31
-35
-48
-29
-26
-31
-57
-63
-66
-70
-57
-38
-30
-35
-33
-18
-4
-37
-1
6
-1
-2
-28
-10
-9
-1
17
28
-11
-42
-41
-25
2
11
28
26
3
24
18
18
19
1
31
12
12
23
27
25
13
20
29
10
9
42
23
34
47
42
37
25
25
32
25
-9
7
10
10
20
17
20
26
14
-12
-3
4
38
25
-19
16
0
-13
19
25
23
-13
-5
-21
-30
-1
-7
4
16
6
-25
-14
15
7
10
29
-9
-2
-2
-32
-18
-47
-51
-29
-11
25
25
42
42
17
22
-28
-20
-12
-19
-36
-19
-16
-25
27
-17
-54
-56
-16
0
-30
-86
-107
-87
-60
-68
-81
-31
-11
-30
-39
15
19
3
13
25
-12
0
12
-11
-9
-49
-31
-19
-8
14
33
15
12
47
38
1
-1
4
0
46
67
79
64
43
69
59
45
50
47
38
29
22
26
22
-10
-8
30
44
7
24
31
2
-9
-22
48
50
26
34
44
42
-5
18
37
28
41
14
-6
8
-6
-12
-20
-19
-12
3
2
-39
-38
-53
-47
-42
-67
-62
-83
-70
-60
-59
-38
-56
-64
-64
-53
-56
-32
-19
-28
-7
-8
3
-3
9
19
15
17
10
6
-9
-10
-13
-27
-6
12
5
3
20
26
-8
15
24
-3
22
-2
10
27
6
25
19
-5
3
21
15
-7
-32
-10
-25
-22
29
4
20
