8
-3
3
8
4
5
-1
-1
-23
-29
-15
-39
-41
-13
-25
-19
-4
-11
-20
-10
9
22
14
7
25
18
11
6
15
16
14
24
18
32
17
15
20
-13
1
-11
-9
7
12
26
-6
-6
1
-4
4
-10
1
2
-15
0
-3
-2
17
18
26
34
32
40
46
34
39
21
12
9
18
33
-6
4
-4
-15
-22
-48
-31
-44
-54
-36
-38
-47
-63
-48
-35
-30
-4
-17
8
-1
3
20
16
29
5
25
24
42
40
23
15
13
22
-10
2
1
3
6
-20
-19
-37
-37
-17
-7
-10
-10
-1
-3
-7
-13
-2
1
4
16
54
33
32
48
26
55
14
38
29
-5
2
-23
-6
-31
-26
-21
-23
-14
-6
-3
0
-3
-19
-22
-37
-29
-45
-61
-46
-26
-13
-5
-12
7
9
-15
11
19
42
34
13
20
-2
15
5
-6
10
-12
-4
-11
-5
-7
-28
-5
-14
-13
-7
-28
-25
-31
-27
-14
5
23
16
15
29
38
36
51
29
44
56
27
27
24
36
36
39
35
25
3
-12
-3
-6
-6
-26
-37
-23
-16
-25
-25
-16
-29
-21
-13
0
8
10
32
21
27
37
34
12
12
28
10
9
14
-3
-3
-22
-40
-22
-47
-23
-33
-53
-48
-55
-27
-33
-35
-51
-48
-34
-31
-22
-19
-21
4
21
16
22
34
8
14
23
23
31
1
28
15
30
35
6
35
21
18
14
9
13
-21
-2
11
0
13
-15
7
15
13
9
-8
8
2
0
3
5
-6
1
-1
0
1
-9
-2
0
3
-1
7
16
12
6
-6
-12
-21
3
-3
-22
-31
-39
-22
-40
-35
-26
-22
-10
-38
-34
-19
-3
38
20
17
23
22
21
9
29
7
7
6
8
8
8
24
-3
6
-2
-16
-17
-38
-31
-32
-9
-9
-19
7
-8
-10
-11
-7
10
17
31
23
41
44
41
42
9
26
25
15
14
11
25
6
-6
0
-3
10
8
16
9
-10
-23
-48
-26
-35
-41
-18
-22
-11
-17
-15
1
3
3
15
15
22
28
16
6
20
3
-7
3
-12
2
-10
-16
-14
-20
-23
-29
-3
-18
-29
-14
-40
-19
-13
-22
-25
-37
-6
-17
-13
-13
-9
38
25
16
36
46
42
54
70
43
43
45
45
31
5
17
22
35
9
-4
8
3
4
-1
-10
-31
-36
-24
-25
-26
-10
-26
-28
-31
-41
-28
-44
-33
-35
-36
-12
-15
-28
-35
-22
-21
-21
-3
6
-6
-4
5
3
-2
4
11
-4
8
14
4
6
25
28
20
43
15
13
29
24
34
32
49
35
47
49
39
43
10
9
7
25
28
19
15
-13
5
1
-1
10
22
14
-9
2
-10
-8
-13
-54
-70
-50
-44
-21
-34
-31
-34
-54
-36
-56
-35
-27
-31
-16
-10
-23
-18
-4
-1
4
2
-9
-18
2
3
4
-2
-1
-4
-9
-5
6
16
-12
6
34
45
59
45
37
37
34
32
11
6
31
47
36
38
34
15
16
11
0
3
-8
-12
6
-16
-34
-30
-22
-20
-22
-38
-48
-29
-26
-43
-33
-22
-25
0
-8
7
16
18
30
28
44
29
30
21
36
30
25
45
10
-17
-27
-19
-30
-42
-39
-41
-28
-28
-41
-39
-32
-29
-9
-12
-17
-12
6
20
16
12
3
28
42
71
47
20
55
37
34
32
27
16
-2
1
16
5
-15
-15
-21
-21
-28
-20
-6
-19
-20
-9
0
-14
-34
-17
-24
-21
-10
13
12
0
24
13
16
41
25
0
0
-22
-13
-20
-18
-11
-9
-21
-27
-13
-24
-15
-36
3
-9
-16
13
16
13
-9
14
8
8
-5
2
23
30
36
32
31
9
4
51
41
16
20
13
27
17
0
-21
-22
-15
-9
-27
-21
-16
-50
-51
-53
-61
-61
-44
-23
-9
-9
1
10
13
3
13
19
37
41
44
69
61
54
24
20
10
0
4
2
5
0
3
-14
-28
-25
-51
-39
-16
-15
-22
-15
-7
-27
-10
-9
-1
5
15
15
22
35
24
38
21
28
23
-3
-3
-12
-17
-6
3
10
-7
-17
-38
-45
-31
-44
-17
-12
-27
-29
-23
-12
-2
3
-3
3
18
28
21
10
23
15
4
25
4
24
35
17
41
52
42
28
23
-3
-4
3
-3
-28
-27
-23
-24
3
-5
-13
-21
8
0
1
14
-2
8
-10
-26
-23
-19
-10
-15
-14
-14
-17
-17
-27
-23
-44
-22
-5
-8
0
-7
-7
1
7
-18
-3
3
7
22
21
10
6
19
28
28
-1
-4
11
3
2
3
15
23
-6
7
5
13
26
-3
11
13
9
7
0
1
0
7
2
-12
-11
-9
-10
12
5
-5
-1
9
3
8
19
12
20
25
48
40
24
24
10
7
15
17
22
13
2
-9
-22
-24
-40
-33
-12
-26
-35
-19
-28
-44
-35
-23
-25
-19
-41
-37
-25
-25
-37
-41
-5
-23
-16
-19
-20
-34
-31
-37
-40
6
10
19
-12
-10
-2
-15
-11
3
21
15
18
16
5
17
29
29
43
25
41
44
44
49
50
67
37
51
52
32
13
7
22
16
13
2
-3
-10
-15
-12
-19
-26
-19
-7
-3
-2
0
-9
-2
3
-4
2
-7
7
13
-4
-3
13
18
1
-3
-14
-37
-30
-28
-44
-42
-54
-39
-31
-44
-22
-36
-37
-29
-31
-21
-21
-12
3
15
18
38
37
34
54
62
60
50
51
51
35
28
25
8
19
2
4
5
0
4
-4
-6
-10
-4
-35
-28
-21
0
-6
-16
6
-25
-28
-19
-16
6
-5
-6
18
-3
10
-2
9
22
-3
-3
-7
2
-22
-27
-12
-19
-18
-23
-29
-20
-35
-36
-13
-3
-2
-6
16
-2
-10
0
6
-4
-8
-3
-18
2
-15
-18
-30
-14
16
-3
27
28
37
32
20
35
2
19
22
40
70
42
66
44
39
30
34
66
29
25
10
-7
-22
-21
-6
-10
-16
-5
-4
-22
-7
-9
-16
-19
-23
-28
-39
-40
-39
-44
-39
-38
-25
-21
-38
-14
-8
-28
-12
-10
-23
-23
-37
-37
-33
-20
-7
6
7
11
37
41
18
11
18
41
42
41
47
18
52
28
23
32
28
47
24
28
21
27
30
34
26
25
23
1
2
-3
2
-3
-8
-9
2
-15
-23
-17
-23
-17
-32
-40
-19
-34
-45
-17
-26
-27
-10
-12
-17
-26
-35
-38
-25
-10
-22
-35
-25
-35
-38
-27
-38
-23
-13
-24
-22
-21
-6
0
22
23
6
13
31
32
2
23
22
13
33
35
51
37
29
19
24
18
-11
2
-12
-18
-19
-11
6
-3
4
7
23
42
54
47
51
40
41
49
6
15
15
25
19
23
28
16
27
8
6
-21
-32
-12
-17
-3
4
-5
-1
-3
-11
1
2
-2
-7
-37
-37
-23
-25
-34
-31
-42
-29
-19
-34
-25
-45
-37
-37
-18
-21
-28
-16
-28
-11
-14
-17
-17
6
7
-16
-9
-5
3
-7
-29
-13
9
11
6
20
25
28
25
28
41
22
22
9
14
19
11
7
25
33
25
27
10
32
34
24
-13
-14
20
-7
-1
-15
-29
-26
-57
-44
-18
-28
-36
-36
-20
-27
-16
-3
-7
10
0
10
3
17
24
22
25
28
50
22
26
25
25
30
20
12
-1
-7
-9
5
3
5
7
28
31
0
14
13
-2
4
6
-4
-19
-25
-23
-20
-9
-14
-15
9
1
-4
-28
-12
0
-19
2
-7
1
1
13
11
10
25
24
10
-1
18
-8
-4
-8
-23
-19
-21
-29
-26
-35
-40
-13
-22
-12
-24
-51
-50
-31
-31
-32
-25
-16
9
-1
1
-3
1
34
23
21
31
22
23
9
30
26
15
27
21
25
10
7
-8
-14
-4
-9
-11
7
-6
-21
4
15
32
25
4
-1
-9
-19
-26
-24
-19
-7
-10
-6
-21
-29
-4
1
1
4
-6
10
-8
-28
2
-3
17
44
42
53
45
66
87
76
95
66
43
52
51
48
30
26
8
15
19
9
-10
-3
-3
-26
-30
-44
-39
-51
-48
-46
-35
-31
-41
-45
-51
-45
-42
-28
-37
-32
-38
-55
-44
-57
-44
-27
-25
-34
-38
-29
-43
-41
-22
-19
-21
-1
6
10
6
17
17
11
14
20
44
16
21
16
12
0
-6
16
7
22
19
14
8
0
21
31
15
11
3
24
29
21
45
44
37
25
15
44
57
23
35
38
28
32
27
47
21
11
39
9
-7
3
-13
-22
-20
-5
-7
-14
-6
-10
-31
-24
-26
-29
-34
-39
-28
-33
-40
-48
-45
-62
-48
-44
-10
-11
-46
-18
-22
-21
-28
-16
-16
-10
2
-1
38
37
17
19
13
27
13
16
31
16
16
13
25
12
21
31
13
10
24
19
12
26
20
15
2
6
0
5
9
-3
1
-19
-35
-15
-5
9
-8
-13
1
-18
-28
-33
-21
-48
-35
-32
-45
-29
-13
-22
-40
0
-12
-3
13
29
26
8
12
5
24
17
15
22
5
1
15
4
15
15
21
24
3
17
6
-11
-12
19
13
-6
1
8
32
34
20
31
15
20
29
14
23
15
16
-4
7
7
2
-7
-28
-15
-20
-21
-48
-36
-27
-42
-16
-16
-23
-29
-22
-28
-13
9
-8
-1
0
2
13
7
12
8
0
11
7
-1
16
12
-1
8
4
-13
-10
-31
-32
-10
-5
9
-4
-1
3
3
17
13
5
13
31
19
12
15
31
35
28
24
-3
-6
-17
-30
-24
-32
-33
-32
-35
-50
-59
-30
-19
-19
1
7
5
2
12
17
12
19
-9
-7
6
-4
-4
-9
0
-13
-21
-23
-34
-20
-10
4
3
9
19
15
26
34
34
23
34
47
42
49
55
41
25
32
34
15
4
5
9
-3
-4
16
17
13
3
4
24
15
5
8
9
16
-2
-1
6
7
-6
-24
8
-1
-26
-12
6
-16
-43
-47
-56
-54
-62
-50
-43
-45
-48
-60
-62
-73
-63
-61
-44
-16
-25
-38
-15
19
6
14
28
21
31
29
39
56
40
34
58
40
13
35
20
21
26
20
24
7
28
19
0
20
-7
-12
-3
-10
2
6
18
24
32
8
0
-3
-22
-24
-25
-6
-6
-4
-23
-11
-1
-29
-19
-23
-35
-28
-6
-5
-7
8
4
-16
-9
20
23
7
1
0
8
19
10
2
-3
-2
0
0
6
12
5
13
17
2
1
15
15
-3
16
15
1
12
12
9
-6
-5
-6
-6
-7
6
3
-11
-9
-9
-20
-16
-3
1
12
-2
-8
-14
-1
-5
6
5
28
49
39
51
11
44
32
22
22
6
-3
-39
-50
-48
-20
-38
-31
-40
-39
-38
-60
-57
-45
-35
-51
-31
-31
-19
14
-8
9
18
13
32
15
38
46
49
55
40
34
33
47
38
43
29
5
8
-1
-12
1
15
0
-21
-30
-17
-16
-32
-29
-15
-17
-50
-37
-17
-32
-26
-38
-17
6
6
0
-2
0
-6
5
1
0
14
14
-10
-10
-19
-13
11
-4
-13
1
6
1
12
9
16
3
4
17
17
31
31
54
63
48
44
45
37
22
2
1
16
8
-2
6
3
-15
-29
-32
-22
-30
-28
-19
-9
-20
-20
-6
-5
-6
-21
-11
-24
-6
3
-5
7
13
28
10
6
-1
4
1
13
14
-3
-2
0
5
-5
1
-6
-2
-10
-10
-9
-15
-28
-21
-2
-22
-7
-4
0
-3
-8
10
-5
0
-3
-4
7
6
23
13
-3
11
18
14
5
15
1
-26
-13
-11
-2
-4
-3
3
3
13
10
19
13
12
-6
-19
-24
-10
-6
-8
13
-7
-14
-10
0
-2
17
27
5
7
15
8
-15
-9
-2
-9
-14
3
-2
-6
3
-12
-1
2
-1
-3
-7
-4
3
11
16
31
42
32
21
42
41
12
-4
0
-13
0
-4
-25
-22
-25
-19
-5
-12
-27
-1
-23
-15
-29
-18
-19
-37
-8
-40
-2
-33
-13
-22
-9
-17
-47
9
-22
1
-17
-8
11
21
23
15
6
24
26
24
41
38
55
34
52
48
58
76
79
61
57
54
47
57
42
47
14
-2
5
11
7
-20
-37
-28
-53
-70
-55
-41
-39
-38
-52
-53
-67
-97
-71
-85
-61
-57
-60
-43
-57
-65
-45
-16
-21
-23
-31
-11
-6
9
4
4
28
29
17
25
32
23
44
42
39
50
46
44
47
19
32
58
34
40
40
18
32
23
10
17
-6
-1
-17
-15
-12
-9
-13
-8
14
-13
-7
-3
-7
-16
-12
12
9
10
7
0
-4
-9
-6
1
1
3
0
-12
-4
11
0
-2
3
-5
-8
-3
3
4
-17
-25
-23
-5
-3
-10
6
-2
15
29
10
-10
10
5
-4
9
2
-7
-11
7
-22
-32
-26
-29
-27
-19
-13
-8
-10
-21
-9
-5
-6
-19
0
2
-4
1
-1
9
22
34
24
21
18
25
24
25
27
21
9
-5
5
-4
4
13
16
12
4
12
-6
-4
-1
0
-9
-9
7
7
-7
-10
-3
-16
-7
-4
2
-14
-19
-10
-12
13
0
4
8
5
7
11
10
8
2
-18
-15
-26
-28
-36
-39
-29
-21
-30
-35
-37
-31
-11
-4
13
-10
-9
14
13
1
-2
7
24
38
31
13
4
17
-3
10
40
40
32
12
27
47
19
8
26
7
-2
12
13
1
-11
15
21
27
26
-2
9
2
10
19
14
28
20
7
-2
16
7
-6
10
-3
-14
-9
-3
-20
-18
-10
-29
-13
0
-27
-35
-28
-44
-49
-57
-52
-35
-41
-37
-19
-19
-48
-38
-28
-40
-32
-31
-22
-40
-20
-5
-28
-11
-9
-13
-1
16
-1
4
8
17
43
39
38
41
51
29
13
26
50
35
7
22
-1
3
23
26
29
26
24
22
18
23
26
-3
26
30
28
55
31
26
36
35
35
36
13
3
-8
-16
-1
-10
-3
-34
-45
-10
-24
-21
-18
-36
-32
-22
-19
-28
-13
7
2
10
6
10
6
10
20
2
26
13
-7
17
0
-16
-29
-37
-31
-45
-51
-60
-59
-71
-86
-79
-67
-64
-57
-28
-25
-9
-11
-2
9
13
36
19
28
26
16
14
16
25
32
35
38
34
55
56
21
31
10
25
40
33
26
18
31
6
21
7
0
-7
0
12
12
15
-6
-11
3
31
9
19
12
3
6
3
24
6
-12
1
-10
-26
-12
-15
-22
-35
-42
-61
-50
-46
-42
-30
-38
-19
-41
-40
-32
-19
-5
-5
9
2
16
10
-1
1
-6
-6
18
22
12
16
24
37
26
45
57
44
29
30
38
32
23
30
31
11
16
13
11
-16
-16
-3
-16
-22
-16
4
-3
-5
-4
-16
-22
-12
-6
-12
-25
-17
-21
-18
2
-16
4
12
25
16
-2
-7
-31
-1
-2
-10
-11
-9
3
-17
-25
-28
-32
-18
-17
-38
-37
-16
-20
-28
-23
-22
-16
-22
-16
-12
-19
-3
0
17
35
49
47
48
42
14
51
38
29
27
-6
2
-19
-8
-15
-12
35
5
-3
13
-6
6
13
18
24
41
28
23
52
25
2
13
34
28
26
16
18
19
0
-7
-6
8
-7
-15
-13
-19
-36
-24
-34
-41
-22
-22
-29
-38
-32
-21
-23
-8
-7
-14
5
-2
16
27
10
8
22
6
-6
9
0
11
-8
4
11
-16
-19
-25
-32
-22
-21
-12
-10
-18
-6
-18
7
3
0
9
-9
-4
0
-2
-12
-7
-6
-7
-3
12
-7
-26
-10
10
12
10
3
-1
-10
-6
3
-15
-2
-7
-6
-4
6
2
-2
-6
4
21
20
21
42
51
36
38
15
35
15
34
26
0
21
-1
13
-9
-5
-13
-1
-5
-7
3
-23
-21
-23
-19
-23
-12
-11
-1
3
28
36
6
18
17
41
54
36
54
51
49
45
22
15
-4
-2
0
-15
-32
-50
-44
-31
-25
-49
-44
-40
-54
-44
-39
-43
-53
-51
-50
-21
-6
-9
14
19
7
6
6
7
7
19
13
-6
-6
-14
-6
-7
-16
-21
-45
-32
-20
-34
-17
-1
12
-2
-20
-20
-40
-18
-5
-3
-3
-9
-2
4
30
13
13
24
34
46
44
39
23
44
51
47
42
30
19
21
23
18
18
14
9
9
14
2
8
-9
-18
-14
-13
-3
-16
10
19
21
26
10
22
30
3
1
21
15
-9
8
22
7
32
15
20
5
-3
5
-4
0
-33
-20
-15
-19
-33
-37
-38
-42
-34
-37
-44
-46
-35
-52
-67
-47
-26
-42
-22
-24
-42
-18
-26
-1
3
4
12
14
37
16
14
16
24
56
38
32
25
18
21
12
30
23
6
4
-7
-11
-18
-28
-31
-21
-3
-10
-5
3
-2
9
-2
-3
-20
-22
8
-1
11
15
5
-1
-1
9
1
4
3
14
11
10
5
-2
13
18
12
16
26
22
25
11
7
-3
-11
3
-7
-19
-3
-4
-8
5
0
8
-12
-15
12
23
13
14
8
1
10
15
16
-2
6
-12
4
-1
-21
-24
-31
-10
-32
-7
-7
-16
4
-1
2
3
-3
-9
6
36
44
13
16
15
2
8
13
23
18
7
3
-1
-10
-13
5
-4
-15
-11
-32
-26
-18
-19
-26
-10
7
-20
-9
-13
-15
-7
-8
-2
-23
-18
-30
-32
-18
-16
-27
-27
-16
-34
-29
-57
-61
-47
-49
-26
-30
-10
-9
-17
15
28
18
20
47
47
46
70
58
63
88
80
73
69
56
56
73
50
42
57
31
18
24
13
9
26
22
29
29
2
-17
2
-12
-35
-45
-35
-48
-64
-13
-16
-32
-50
-45
-61
-44
-28
-36
-30
-44
-11
-13
-3
-10
-7
9
10
1
9
30
21
40
16
-10
-7
-6
-11
3
8
-16
-21
-20
0
4
-19
-19
-30
-43
-30
-47
-18
-9
-16
0
-15
-6
-26
-1
9
9
21
22
34
12
37
24
24
35
2
10
14
21
11
23
22
6
21
-4
-6
-8
-7
7
-4
5
17
8
-6
1
0
-3
3
0
10
3
-17
-13
-6
-12
-12
-9
0
-6
7
9
-12
-8
-4
4
-7
-3
0
-3
2
8
18
16
19
8
14
25
15
-5
-13
9
-9
-28
-26
-30
-32
-40
-26
-19
-38
-4
4
-6
4
9
31
33
24
35
55
54
55
58
40
29
35
46
16
6
25
-19
-13
-19
-9
9
1
11
-7
-6
-15
-22
-18
-16
-31
-19
-5
-21
-28
-11
-6
-20
-31
-37
-32
-47
-27
-32
-46
-43
-42
-55
-36
-27
-53
-45
-41
-17
-20
-13
0
16
25
25
41
23
28
15
16
31
11
9
34
21
-1
3
-20
-13
-11
-7
-1
-3
4
-1
7
17
31
20
31
52
42
44
41
53
54
44
66
60
47
48
34
11
-1
-1
-7
-8
-22
-22
-12
-19
-21
-13
-5
-19
-36
-12
-4
4
0
-27
-15
-12
8
18
4
-9
-20
-11
-11
-15
-6
-1
-2
7
-9
-12
-10
-18
-32
-22
-12
-4
3
-23
-10
-4
6
10
9
16
-3
8
9
3
4
-5
-7
-14
-6
-10
-11
-22
-19
-2
-11
-25
-29
-5
15
15
11
31
21
23
9
12
31
35
28
13
28
6
9
-13
-23
-23
-26
-32
-37
-20
-49
-64
-79
-53
-44
-50
-37
-39
-22
-41
-31
-12
2
21
23
31
32
18
24
41
37
31
28
53
35
39
43
48
80
51
51
41
28
22
33
35
32
37
25
21
12
-1
25
27
-3
-4
1
-1
-19
-1
-18
-32
-27
-34
-40
-55
-38
-47
-43
-47
-53
-42
-40
-26
-26
-12
10
4
10
22
36
51
30
24
35
34
-1
-10
-7
-15
-14
-40
-18
-20
-20
-16
-25
-10
-16
-6
-14
-13
12
16
23
38
34
32
20
1
16
11
9
15
-6
-7
-9
-2
-4
-15
-9
-34
-33
-37
-37
-36
-57
-35
-32
-54
-36
3
7
-3
-3
9
10
16
-6
-1
17
21
24
4
22
0
5
35
10
28
15
-9
16
28
30
38
56
44
27
47
49
38
29
32
25
7
16
-12
-4
-7
-40
-17
-15
-12
-22
-21
-17
-29
-28
-37
-37
-36
-18
-7
0
6
15
-3
-6
13
-3
15
9
-6
-5
-20
-17
2
-3
-1
-9
-23
-8
-8
0
-3
7
7
-16
22
35
20
35
53
51
54
49
26
26
31
18
5
14
7
-11
-9
-14
-28
-32
-42
-31
-31
-36
-27
-51
-35
-26
-32
-36
-33
-31
-52
-40
-18
-30
-42
-18
-16
-14
-35
-38
-38
-40
-26
-20
-13
-31
-19
-19
3
14
19
71
88
76
81
78
101
111
88
85
68
82
64
34
19
32
28
6
6
-2
-11
-33
-20
-7
-30
-15
3
-12
-1
-4
3
-3
-16
-18
-9
-25
-29
-4
-24
-24
-8
-9
-35
-41
-34
-41
-33
1
-4
-18
-34
-35
-12
-28
-16
-18
-12
4
-6
6
20
35
25
28
51
38
48
36
32
40
13
4
1
-6
-22
-13
-13
-28
-38
-31
-25
-27
-29
3
3
-2
20
-9
18
23
10
18
22
10
4
10
-26
-44
-53
-35
-33
-38
-22
-27
-19
-22
-26
-22
-10
-6
10
15
14
23
25
47
61
70
57
73
63
57
43
21
57
46
38
28
18
-1
-5
-3
-3
-9
-14
-42
-62
-63
-63
-50
-46
-25
-26
11
-5
-14
-13
-7
-16
-31
-15
-44
-19
-44
-47
-43
-37
-39
-69
-51
-44
-16
-6
-7
-12
5
19
13
30
54
70
76
82
75
85
92
92
86
82
69
40
54
38
36
32
18
4
-13
-13
-29
-23
-20
0
-30
-42
-22
-59
-52
-47
-48
-21
-36
-38
-26
-22
-25
-35
-20
-45
-46
-47
-42
-35
-73
-54
-49
-33
-6
-10
7
0
0
13
23
38
41
39
26
25
42
46
42
40
30
17
16
7
-5
5
17
26
15
0
14
15
29
25
24
33
10
4
-6
14
3
4
-3
-8
6
-13
-20
-31
-11
-37
-32
-36
-41
-12
-17
-12
-7
-8
-38
-15
-14
-12
-12
3
18
27
19
-3
28
35
47
18
32
20
18
26
-1
3
-16
-1
-12
-3
-2
-12
-2
-13
-18
-22
-16
-8
-28
-30
3
13
2
-4
15
15
0
-3
-2
-16
-4
-4
-16
-10
-7
-2
-16
-7
-3
-8
5
7
4
-7
9
22
12
25
9
18
18
14
25
13
25
11
25
38
30
27
19
18
10
4
2
-7
-18
-8
0
0
-7
3
3
-15
-22
-6
4
-9
-19
-37
-19
-20
-27
-12
-5
-16
-34
-24
-41
-34
-53
-50
-24
-25
-29
-42
-19
-25
3
6
-7
14
18
27
23
40
28
24
43
47
36
29
44
42
49
67
67
64
63
28
6
20
19
5
-4
-15
-37
-29
-32
-48
-34
-35
-24
-35
-41
-35
-51
-44
-48
-41
-35
-19
-18
-6
3
10
22
-14
-6
2
9
17
-10
-9
3
-1
-1
1
9
29
31
33
57
54
30
49
45
40
32
18
15
5
16
-1
12
-3
4
8
-22
-19
-22
-35
-31
-7
-9
-15
-30
-7
-18
-21
-30
-20
2
-45
-21
-18
-18
-7
-2
-11
-9
-6
1
8
8
24
-22
-24
-27
-13
1
-1
20
-7
12
17
-7
26
39
31
35
44
35
20
15
21
38
22
12
6
12
28
7
-5
-2
-4
-6
3
-5
-12
-31
-38
-29
-28
-35
-16
-33
-54
-42
-60
-37
-33
-32
-27
-23
-12
-5
1
10
13
-2
11
19
28
26
32
37
49
47
36
21
26
32
14
16
28
28
14
31
25
22
1
-1
9
-3
3
0
3
0
-13
-27
-1
-16
-39
-10
-18
7
-9
-21
-13
-12
-8
-36
-13
-3
-5
-18
-28
-15
-23
-32
-47
-25
3
-9
-11
14
0
-18
-10
-9
1
8
16
20
33
37
28
31
36
29
1
16
22
7
12
18
15
-4
16
8
-13
-6
-6
1
-11
-2
18
4
-10
15
20
-1
-3
-2
-3
-22
-19
-8
-31
-44
-37
-48
-32
-16
-23
-19
-32
-24
-23
-9
-3
-7
5
-2
2
9
25
31
39
54
54
35
40
29
7
18
33
32
12
11
-20
-28
-25
-29
-16
4
-13
-15
2
-19
-32
-14
-1
-10
-18
-25
-13
-13
1
-5
-6
7
-5
-21
0
4
3
7
1
18
26
43
40
49
41
29
35
51
31
11
32
19
37
19
9
32
10
-2
6
9
0
-7
-7
-28
-35
-29
-29
-28
-49
-38
-38
-38
-32
-45
-32
-18
-21
-11
-10
-40
-47
-39
-26
-9
-14
-2
-10
-11
7
-5
-2
-11
-28
-13
-7
-13
-16
-29
-18
-10
-3
9
7
16
11
19
28
39
18
20
42
28
8
11
37
18
21
27
22
28
35
15
6
22
9
21
36
23
-9
12
35
22
28
42
63
39
30
26
1
3
0
4
-17
-47
-65
-72
-50
-38
-57
-60
-50
-41
-37
-35
-21
-29
-7
-1
-23
3
10
23
24
34
42
48
32
23
35
0
4
-4
-6
4
-9
-17
-17
-13
-13
-19
-21
-20
-37
-18
1
10
2
-1
15
12
24
28
22
10
2
0
0
3
3
11
23
0
-15
-4
-9
-33
-38
-32
-53
-38
-25
-29
-22
-39
-19
7
-9
-10
9
-18
-26
2
16
15
22
25
18
9
0
8
-4
2
7
15
14
-3
7
7
-3
-1
21
22
18
41
49
41
51
48
47
41
32
13
-1
15
-13
10
35
14
28
18
-10
-13
-38
-50
-33
-42
-10
-12
-4
8
0
12
4
7
6
1
-13
17
5
-13
-4
-6
-6
-23
-5
-16
-29
-26
-23
-30
-38
-46
-64
-47
-63
-60
-34
-45
-35
-26
-23
-12
-8
-7
13
12
12
2
-10
21
10
16
42
52
30
35
33
8
40
26
13
-6
17
34
38
51
35
44
29
34
21
32
32
22
44
39
41
22
17
3
-7
-15
-27
-40
-63
-38
-42
-44
-31
-34
-42
-30
-6
-24
-24
0
15
20
3
16
24
12
15
14
3
-13
-9
-10
-6
-29
-43
-39
-51
-38
-29
-34
-44
-58
-37
-18
-7
5
12
12
4
32
31
38
38
37
46
45
38
20
37
28
22
10
13
-3
-16
-4
-25
-22
-14
-13
-15
-15
-13
12
10
16
30
9
16
1
-2
14
19
8
-21
-22
-10
-3
-16
-22
-41
-33
-7
-9
-20
-10
-12
-4
18
12
33
26
12
28
28
34
46
43
16
16
15
4
14
19
14
-10
-1
-16
-43
-47
-36
-43
-51
-29
-23
-27
-41
-23
-42
-15
6
4
13
17
25
28
37
20
28
3
15
22
15
4
3
-4
-15
0
-17
-26
-32
-29
-32
-17
-31
-29
-18
-10
2
-11
-4
-1
13
16
19
10
26
28
22
9
6
10
7
18
6
6
-3
2
-12
1
3
-4
12
19
20
15
37
23
12
17
24
22
4
13
41
36
17
4
8
-6
-32
-16
-14
-27
-51
-32
-51
-60
-33
-40
-30
-16
-11
-23
10
13
-1
22
33
17
5
35
31
22
12
-13
-22
-21
0
-27
-54
-50
-43
-38
-40
-19
-20
-18
-23
-28
-8
7
19
45
41
42
53
38
41
51
63
37
50
63
39
18
6
6
-9
-23
-14
-15
-29
-5
-17
-19
-23
-12
-13
-32
13
-5
-5
4
-7
-9
-33
-9
3
-1
0
3
18
20
2
-11
-12
-11
-29
-24
-20
-18
8
-9
-17
-6
0
-2
13
38
28
23
25
16
0
6
13
14
-18
-22
-15
-22
-25
-28
-10
-15
-23
-18
2
-2
2
2
13
-3
20
51
24
35
26
35
32
40
36
15
12
16
6
0
17
23
23
9
-16
-26
-20
-27
-5
-15
0
-9
-34
-20
-28
-9
1
1
-3
2
5
2
0
-16
-16
-1
17
13
-20
-27
-21
-35
-22
-16
-10
-15
-38
-17
-22
-40
-35
-18
-8
-17
8
7
-1
1
3
14
10
28
20
31
43
26
11
6
4
-4
10
17
7
4
5
-1
12
28
17
4
31
36
25
19
26
24
3
21
19
14
13
0
15
2
-12
-10
-37
-40
-53
-39
-23
-34
-27
-30
-25
-34
-26
-38
-30
-15
-19
-17
-18
0
11
1
2
31
38
34
16
28
35
34
18
15
23
31
39
15
41
28
14
23
23
20
17
47
10
-12
-1
-10
0
-28
-29
-48
-44
-25
-37
-16
-12
-10
-32
-30
-41
-56
-54
-53
-48
-53
-9
-16
-17
-6
-8
16
16
32
44
48
29
36
51
37
35
33
13
3
9
-10
-20
-26
-23
-39
-35
-23
-44
-36
2
5
-6
18
35
43
20
37
63
54
53
71
59
51
47
20
30
6
-4
-20
-22
-31
-50
-47
-69
-58
-70
-64
-31
-46
-46
-29
-30
-27
-9
2
3
9
14
12
16
25
25
21
11
9
22
11
-13
-3
29
-5
-19
-16
-11
8
1
12
8
12
7
34
29
4
26
14
3
15
20
17
24
16
-16
-13
4
-11
0
-13
-30
-35
-26
-22
-46
-32
-40
-22
-12
-12
-1
4
14
13
22
23
38
48
47
27
47
58
37
39
39
38
12
15
1
-4
1
-15
-23
-13
3
4
-13
-31
-25
-37
-16
-20
-26
-11
-19
-18
-19
-4
-34
-32
-22
-10
-21
-40
-15
-41
-41
-27
-24
-29
-39
-28
-31
-38
-18
-3
-5
-5
6
10
8
1
10
26
10
13
14
13
19
23
29
17
16
27
34
60
57
57
68
55
68
29
26
45
16
31
39
28
22
14
15
4
-25
-23
-4
-3
-27
-20
-7
-28
-28
-56
-62
-73
-65
-46
-57
-27
-31
-35
-27
-27
-16
-5
6
-1
8
19
29
29
16
13
25
48
51
53
49
25
29
38
8
-10
4
6
21
24
35
31
21
34
-25
-12
26
6
-12
-48
-35
-38
-90
-79
-54
-71
-80
-48
-50
-80
-56
-59
-56
-26
-26
17
23
-10
-12
-6
9
-12
-15
-1
-4
-23
-52
-38
-32
-19
0
12
42
27
54
65
64
82
71
79
69
69
44
58
82
66
74
75
112
93
48
76
53
6
22
34
31
13
-29
-16
-9
-41
-44
-47
-72
-64
-48
-72
-70
-79
-87
-59
-50
-64
-28
-12
-9
2
16
36
2
-20
-2
22
-27
-25
12
0
0
6
10
-4
-14
-25
6
3
-35
-51
-3
25
-6
16
18
16
-5
-11
13
-14
-44
-30
2
-13
-47
-7
-2
-60
-73
-28
1
-42
-13
30
71
55
67
119
38
18
21
42
52
10
19
28
2
-33
3
0
-47
-32
-23
14
-14
-67
-13
28
13
-26
37
53
2
7
29
31
-36
4
57
29
-13
-13
34
24
-53
-10
75
15
-30
-16
21
-9
-10
11
-7
-45
-6
16
-13
12
-2
7
4
-6
-72
-52
-10
-63
-51
-32
3
-17
-38
46
66
25
32
92
85
18
24
38
28
-12
25
70
27
47
82
82
40
-12
2
-8
-37
-47
-46
-32
-64
-38
-9
-19
-54
-67
-11
-19
-61
-65
-36
-49
-95
-98
-90
-105
-126
-108
-50
-46
-70
-41
-19
-32
-31
-22
-5
-9
-7
15
19
44
16
37
72
80
92
104
119
105
139
130
104
76
78
104
137
98
32
42
59
66
17
-7
-16
-4
-2
8
29
-11
-31
7
13
-19
-55
-48
-3
-2
-8
-18
-11
-46
-32
-31
-45
-55
-101
-47
-55
-50
-30
-45
-72
-50
17
3
-20
-69
-30
24
-45
-54
-39
-24
-8
2
35
16
25
35
58
65
51
62
44
73
88
44
12
66
59
0
-13
3
13
-54
21
47
-47
-68
-31
-2
-63
-79
-62
-37
-73
-122
-65
-59
-117
-120
-72
-35
-79
-76
-7
-8
-19
-12
-12
-19
-38
-18
26
1
-21
18
71
53
2
29
70
45
16
58
80
76
60
108
158
136
94
102
151
108
88
67
91
86
35
41
54
42
41
11
33
74
4
11
-13
-32
-47
-41
-34
-71
-49
-69
-95
-58
-56
-52
-66
-83
-27
-21
-2
-29
-54
-24
-24
14
13
-40
-9
-8
-27
-48
-73
-55
-40
-29
-48
-26
-47
-26
-12
-26
-23
-12
18
-5
39
45
-1
-2
8
-7
-10
-31
-28
-11
-10
-8
-2
-3
-38
-28
-50
-95
-82
-48
-69
-78
-9
6
-7
-38
-26
54
1
1
42
26
17
29
52
17
18
63
77
59
59
78
116
92
94
76
91
119
79
109
92
60
7
10
54
29
-9
-10
-19
-5
9
-23
-4
-42
-64
-35
-44
-115
-143
-89
-47
-29
-9
-22
-48
-40
-70
-76
-64
-62
-57
-6
34
30
55
91
151
70
73
130
98
80
81
140
99
85
41
13
-6
-37
9
39
82
75
101
53
-28
-41
-43
-27
-45
-68
-45
-13
-44
-110
-93
-13
-65
-111
-35
23
-36
-117
-70
-35
-57
-139
-94
-70
-184
-131
-68
-42
-106
-117
-46
-94
-128
-117
-92
-107
-101
-15
89
71
-38
3
89
131
162
169
180
169
205
260
151
13
108
194
132
63
110
164
107
80
52
-27
-174
-275
-219
-126
-133
-187
-158
-155
-224
-251
-218
-199
-243
-189
-57
-43
-146
-203
-132
-123
-107
-14
50
14
-118
-26
142
184
135
113
183
186
190
262
313
233
184
317
371
196
78
64
76
108
152
167
-31
-180
-99
39
56
-86
-73
38
44
68
189
309
217
256
464
506
411
298
329
393
430
418
363
298
230
252
334
315
225
137
117
31
-121
-161
-242
-317
-359
-342
-424
-556
-608
-594
-618
-707
-711
-643
-658
-829
-873
-808
-688
-733
-727
-579
-559
-604
-584
-436
-384
-393
-361
-182
-135
-212
-177
-61
34
73
174
263
244
202
264
329
366
389
368
331
323
320
269
224
304
376
346
299
361
432
392
429
498
549
565
517
482
464
424
441
542
572
393
171
112
132
97
-1
-109
-274
-383
-469
-512
-562
-705
-840
-812
-516
-268
-313
-420
-286
64
454
580
351
38
123
712
1321
1479
1272
1150
1416
1918
2100
1716
938
654
1112
1628
1504
734
127
-127
21
273
-66
-986
-1692
-1498
-865
-793
-1517
-2199
-2263
-1907
-1666
-1869
-2161
-2124
-1741
-1377
-1331
-1453
-1603
-1738
-1614
-1084
-441
-142
-270
-247
126
438
535
417
243
127
232
570
882
923
776
647
538
509
459
330
61
-69
60
304
304
21
-145
-155
10
72
-112
-341
-200
180
431
550
565
446
327
456
677
783
872
1079
1202
1205
1196
1220
1071
884
935
1062
1047
974
1006
902
742
656
520
105
-279
-212
-26
-105
-228
-140
-273
-747
-1015
-879
-937
-1391
-1663
-1534
-1556
-1803
-1733
-1571
-1754
-1985
-1693
-1136
-883
-794
-551
-202
247
845
1190
946
597
926
1775
2330
2348
2201
2212
2522
3139
3529
2863
1593
1155
1783
2222
1806
1075
409
-69
-169
24
-375
-1690
-2742
-2566
-1827
-1664
-2231
-2990
-3266
-2921
-2357
-2368
-3002
-3281
-2689
-1834
-1598
-1769
-1891
-1917
-1706
-1119
-474
-390
-689
-529
169
680
606
218
17
206
632
988
1024
881
960
1256
1414
1296
1031
823
858
1056
1091
853
693
858
1036
1077
1030
986
929
787
756
890
1059
1195
1230
1238
1195
984
685
552
699
801
650
490
609
776
695
456
278
206
141
10
-79
-104
-146
-150
-207
-383
-724
-860
-743
-733
-778
-815
-805
-806
-823
-816
-827
-900
-999
-1069
-1043
-1074
-1219
-1321
-1431
-1552
-1651
-1743
-1799
-1770
-1546
-1054
-517
-278
-257
-107
459
1050
991
481
240
923
2165
2841
2619
2206
2438
3409
4164
3728
2378
1346
1606
2678
3272
2680
1353
257
191
892
975
-383
-2259
-2843
-1790
-811
-1294
-2684
-3614
-3291
-2455
-2229
-2901
-3534
-3176
-2280
-1810
-2020
-2407
-2753
-2798
-2268
-1335
-791
-933
-1072
-740
-96
368
355
-112
-585
-383
536
1263
1161
800
1111
1734
1855
1499
1250
1383
1488
1454
1483
1669
1641
1395
1252
1267
1383
1185
649
254
373
742
853
715
561
563
552
347
137
98
73
73
288
585
606
398
407
563
512
269
399
799
774
382
415
856
751
45
-443
-247
2
-45
-176
-268
-373
-471
-432
-499
-696
-898
-936
-935
-934
-931
-1085
-1310
-1414
-1352
-1518
-1965
-2238
-2137
-1982
-1958
-1790
-1384
-1060
-946
-636
-360
-402
-111
565
804
230
-42
886
2099
2482
2161
1983
2408
3363
4110
3690
2266
1370
1933
2941
3146
2436
1243
180
61
877
1022
-573
-2507
-2698
-1331
-555
-1334
-2709
-3313
-2816
-1996
-1874
-2730
-3319
-2710
-1650
-1307
-1703
-2177
-2560
-2480
-1700
-787
-533
-923
-958
-355
243
521
553
245
-149
-122
452
1010
884
733
1094
1498
1435
1048
948
1128
1236
1162
996
941
1005
950
921
1014
978
653
241
108
168
228
425
688
836
718
364
120
130
434
620
452
407
802
1129
941
750
892
917
627
654
991
838
367
497
992
796
-48
-422
-145
-20
-159
-259
-280
-341
-357
-208
-224
-560
-746
-781
-822
-870
-967
-1064
-1138
-1031
-996
-1380
-1760
-1816
-1782
-1789
-1940
-2087
-2036
-1735
-1237
-853
-858
-991
-754
-106
663
768
107
-411
226
1891
2947
2627
1835
1850
3007
4165
4015
2461
890
832
2109
3111
2592
943
-392
-397
608
1168
37
-2104
-3229
-2364
-907
-778
-2099
-3256
-3032
-2145
-1846
-2515
-3202
-3165
-2466
-1535
-1072
-1470
-2267
-2468
-1688
-654
-331
-541
-730
-446
279
1020
1537
1327
642
404
936
1751
1846
1301
1214
1828
2316
2018
1387
1211
1444
1409
891
328
244
518
661
675
735
684
188
-505
-698
-318
28
6
-35
245
507
431
309
601
933
774
540
701
1147
1309
1300
1406
1308
992
827
1028
917
240
-64
396
688
190
-512
-706
-510
-503
-724
-1059
-1319
-1309
-1039
-934
-1167
-1277
-1272
-1379
-1397
-1211
-1177
-1471
-1599
-1209
-783
-882
-1277
-1397
-1420
-1457
-1537
-1725
-1906
-1931
-1449
-805
-430
-291
-149
101
533
1121
1324
850
451
1265
2753
3506
3190
2620
2783
3668
4398
4021
2406
947
1159
2410
2941
2066
649
-332
-444
260
562
-765
-2978
-3820
-2584
-1166
-1223
-2320
-3174
-3212
-2555
-1845
-2048
-3088
-3456
-2321
-888
-615
-1434
-2163
-2006
-1189
-389
-282
-917
-1347
-761
458
1281
1280
881
460
465
1065
1615
1330
390
244
1392
2306
1890
997
965
1534
1555
1051
537
199
68
533
1399
1660
1110
382
147
227
427
426
-170
-541
123
1153
1376
805
542
782
772
549
372
319
373
674
1163
1213
668
181
240
455
303
-195
-363
-180
-137
-301
-573
-659
-661
-780
-1124
-1529
-1523
-1265
-1101
-1005
-895
-777
-933
-1142
-952
-670
-715
-1014
-1059
-696
-581
-735
-909
-1247
-1492
-1606
-1463
-1493
-1713
-1501
-1034
-421
-35
239
383
523
1037
1385
1104
512
865
2324
3317
3159
2633
2584
3295
4161
4214
2830
950
464
1558
2624
2259
846
-294
-554
50
527
-235
-2339
-4078
-3428
-1521
-695
-1786
-3083
-3073
-2158
-1337
-1586
-2729
-3616
-2959
-1457
-658
-1015
-1966
-2153
-1469
-330
129
-811
-1608
-1343
-195
594
740
779
505
442
791
1305
1341
424
-279
119
975
1585
1604
1426
1381
1627
1870
1353
610
227
243
513
1137
1863
1823
1304
996
1118
1113
468
-306
-581
-18
728
1030
1252
1526
1718
1472
1140
1047
743
330
321
955
1420
1289
1084
410
-530
-880
-651
-552
-1575
-1894
-1507
-1016
-717
-1236
-1376
-2262
-2595
-2159
-1629
-1400
-1986
-1635
-1124
-655
-388
-742
-959
-1294
-1183
-1157
-1660
-2220
-3031
-3172
-3146
-3088
-2889
-2837
-2367
-1523
192
2364
4091
5098
5404
6052
6718
6017
4007
1673
1053
2580
5373
7021
5621
4005
4130
5455
3914
-1757
-7419
-8819
-4992
-1025
896
742
-214
-418
-615
-762
-3084
-6913
-8449
-5619
384
3675
3376
1444
-571
-1389
-2879
-4486
-6582
-7554
-5278
-950
3304
4080
1999
-846
-2464
-1635
-923
-1852
-3202
-1671
2751
5061
4443
3185
2726
1079
-1875
-2065
-439
11
-1326
-727
2602
3561
2013
593
389
-463
-2012
-930
1083
1665
1200
1985
4136
4301
2832
661
-978
-1280
-496
1087
1138
996
1758
1929
702
-1138
-1062
-803
-1534
-1252
500
2150
1123
47
579
530
-598
-1915
-1065
-280
-490
120
937
1173
-367
-1477
-1609
-2070
-1979
-1249
-68
296
293
751
551
-104
-615
-701
-864
-1055
40
1517
1659
731
-50
-214
-1298
-3429
-4662
-4537
-3752
-3826
-3954
-3373
-2852
-2120
-821
2494
5379
5998
5901
6435
8181
7577
4557
504
-1431
1215
4783
6702
4191
1915
2806
4554
3925
-2762
-9532
-12228
-8315
-2240
-339
319
618
2319
2288
57
-1881
-6065
-8213
-6299
-492
3787
2787
2743
2728
442
-5050
-9429
-9215
-8452
-6834
-3223
2084
5903
5608
2832
-897
-3017
-2267
-1116
-1161
-277
2870
5303
4791
4181
4729
2165
-3418
-5331
-1335
1834
394
-190
2952
5146
3119
1204
1277
128
-2304
-2673
288
1530
1118
2045
4361
5480
2457
-727
-2579
-2629
-1528
-1271
-209
1064
2560
2480
153
-687
-542
-144
-627
-772
920
1640
1968
2004
1873
827
-1136
-1238
-609
-474
-951
-979
34
71
-1122
-1799
-1285
-596
-754
-1132
-149
75
-794
-596
765
2180
688
-395
710
929
121
-945
978
2281
659
278
866
952
-2126
-3951
-2461
-2770
-5101
-7046
-5301
-3713
-4786
-4708
-2014
2269
4645
6047
7663
7992
7917
7073
5454
1435
-4531
-4800
144
5344
4664
-315
692
3617
4764
-643
-9432
-12889
-12553
-5576
537
2291
3598
4555
7876
5880
-707
-5197
-7730
-4894
-1053
2547
4503
3657
4919
3425
-3309
-11312
-14835
-11213
-6716
-3984
65
4559
8169
7821
3286
-1545
-3859
-1673
1051
1864
3311
5380
6135
5151
3388
946
-4244
-8439
-5974
-640
1114
-297
648
4337
4695
1703
-189
-855
-1246
-1938
-95
2616
3019
3145
3824
4664
2344
-1632
-3824
-2989
-944
-389
200
1387
3542
4174
2078
-235
-2007
-1896
-824
-16
1315
1482
2205
3127
1979
-453
-3736
-4040
-2090
-961
-366
-606
-392
81
-425
-866
-1556
-1621
-651
165
1220
1912
1860
1686
1935
2116
1223
-901
-1307
-358
-272
-532
0
2115
2063
230
-408
-457
-1380
-3320
-3682
-2943
-4069
-5641
-5477
-4428
-5047
-7178
-6321
-2089
2323
4894
6469
8145
8854
7748
6450
4165
-213
-4949
-5457
-53
4070
3527
636
1627
4920
5083
2
-7937
-12087
-10380
-3366
1379
2394
4118
7623
9772
5341
-1212
-4985
-6598
-5292
-2239
1540
2835
2132
4199
4147
-2192
-11699
-15823
-11432
-5527
-2323
189
3917
8448
9656
5406
75
-2187
-493
446
-422
976
3240
3104
1575
1136
634
-3900
-8204
-5095
425
1334
-594
842
5458
5516
2260
1226
810
-118
-1699
-88
2527
1389
673
1690
3447
2085
-1547
-2737
-1923
-676
-364
437
2382
4349
4744
3006
946
-657
-1008
-1031
-744
681
1306
2001
2067
1069
-483
-3085
-3290
-2012
-1501
-1659
-1820
-147
1037
391
-262
-56
622
719
453
479
790
309
237
1306
1432
361
-2006
-2260
-781
-1672
-2782
-2128
971
3090
1554
973
1185
-517
-3054
-4609
-3529
-4615
-7898
-8057
-5963
-5084
-6810
-6418
-1752
3189
5322
6414
7767
8631
9072
8606
5661
-321
-6314
-5192
917
4416
3673
1498
4668
7492
6063
-59
-8104
-11070
-9492
-3191
1863
3510
5806
9132
10799
5918
-2452
-7298
-7758
-5260
-2731
-136
2077
3675
5296
3045
-4841
-14108
-17210
-12800
-5960
-1905
420
4284
9032
10766
7000
1316
-1604
-1464
-893
-952
-2
1817
2434
2931
2791
197
-4391
-7101
-4722
-2011
-2231
-1796
1829
6542
7013
3925
1310
-885
-1937
-2334
-1706
-566
-109
2309
5033
5303
2592
-940
-1850
-1493
-1275
-1112
471
3941
6796
7196
4329
1059
-764
-1573
-1685
-2403
-1566
600
2607
3642
1788
-300
-1665
-2100
-1507
-1893
-1762
-708
674
2078
2295
1763
1164
611
-35
-481
-1186
-1365
-1055
-644
897
1204
-42
-1657
-2486
-1865
-3003
-4073
-2503
-78
1426
476
-56
-296
-2147
-4319
-6004
-7229
-8621
-9040
-7817
-6256
-5548
-4453
-1547
2861
6343
7665
7920
8535
9868
9066
5306
467
-2916
-1580
2217
4969
3357
423
2997
7108
7074
-657
-8137
-9268
-7455
-3437
611
4864
6977
7349
8179
5662
150
-5417
-7044
-4448
-3031
-908
1680
4213
6060
2014
-5820
-13483
-15125
-10175
-6304
-3978
-407
4538
9111
8985
5964
2549
-1322
-1794
-672
-401
75
489
2530
3674
1491
-1600
-4972
-5841
-4301
-3544
-3440
-2419
1997
6534
6461
3076
967
106
-1347
-2533
-2434
-339
637
2907
6259
6245
2975
-1117
-1257
-803
-2379
-2946
-492
3815
5384
4747
4242
2849
535
-1588
-2340
-2133
-1694
376
3278
3763
1802
-153
-388
353
-630
-2048
-1783
-193
1347
1226
881
1794
2045
1256
-16
-1162
-1242
-2190
-2145
-451
440
-25
-1341
-1029
-785
-2451
-4236
-3517
-1798
-995
-577
-251
499
-1022
-2860
-3864
-5095
-7380
-9155
-7726
-6247
-6191
-7336
-4621
205
3492
5822
6272
8948
9306
9197
9247
5064
1021
-4310
-1921
4036
5918
4729
748
3841
7245
7239
955
-8478
-10779
-8599
-2365
3076
6402
8404
7238
6015
3851
361
-4028
-7799
-6751
-3491
79
3259
5778
5808
494
-7741
-13166
-12881
-9733
-6431
-3748
264
5296
9159
8804
4005
-740
-2361
-1616
-1408
-1605
328
2361
2046
877
-315
-1792
-4891
-5965
-4099
-3183
-3326
-1502
3983
6807
4301
1085
1046
1646
-881
-2818
-2294
45
1850
3243
5504
4487
1462
-941
-809
-11
-2238
-2608
388
4792
6084
3845
3196
3041
1860
-1131
-3006
-1783
-111
1618
2791
2619
1172
-772
-879
538
422
-600
-601
1223
2929
1419
-303
286
1712
1736
-766
-1903
-880
-981
-1432
-1170
-167
-230
-1905
-1747
-1271
-2545
-3956
-3166
-303
618
-771
-1595
-642
-1031
-3581
-5711
-6516
-6894
-8412
-7644
-5274
-4471
-5356
-4596
709
5001
5765
4924
7062
9430
8780
6855
3612
1209
-1237
568
4671
5170
3021
1663
4662
6646
3976
-2210
-8114
-9534
-6641
-903
3459
5504
6030
6020
6161
3128
-1250
-5495
-7193
-4856
-2049
1219
4433
5687
2747
-4083
-9760
-11421
-10887
-8795
-5402
-1509
2283
5818
8472
7059
1492
-2379
-1636
-106
-213
93
2464
3090
745
-954
-834
-2481
-5989
-5698
-2594
-1093
-1822
245
4639
4627
1421
151
1872
1429
-1580
-2164
184
2386
3192
4798
5040
2596
-36
-392
717
-465
-1597
-286
2787
4558
3512
2556
2182
1250
-764
-1834
-995
78
526
1134
2465
2172
-363
-1831
-709
890
243
-783
514
1799
1160
-828
-1481
-606
-146
-107
-288
-374
-791
-1661
-2075
-1070
-475
-1867
-3047
-1871
37
-619
-2024
-846
1111
911
-935
-860
401
-936
-3422
-4328
-4114
-5811
-7925
-7417
-6425
-7285
-8122
-5073
324
4063
6379
8297
10083
9888
8736
8435
5195
-77
-5159
-2608
4972
7720
4908
415
2219
4875
4620
-494
-7849
-11977
-11308
-3307
5234
9142
6669
4081
4717
3433
-28
-4519
-6901
-5683
-3154
1578
5945
6470
2655
-4448
-10252
-13389
-12608
-8692
-4941
-1805
2147
6616
9232
7485
2098
-1864
-2724
-1482
734
2623
3824
2834
678
-322
-949
-2603
-5670
-5917
-2705
271
1533
2905
5409
5050
2313
-91
424
709
-1154
-1601
410
2622
2192
2936
4048
3054
-431
-2389
-480
543
84
-47
2198
4272
3920
2812
2179
732
-1535
-2324
-1161
303
388
290
923
734
-870
-2408
-2214
-717
-315
-436
89
748
441
-637
-1098
-791
-350
-329
78
382
-216
-1363
-2254
-1255
-236
-519
-1244
-1641
-808
-533
-561
-186
528
763
411
534
565
-360
-2618
-3965
-4717
-5903
-7000
-7513
-7068
-7070
-7020
-4510
-135
3938
7003
8555
9885
9740
9025
8568
5474
646
-5548
-4896
2509
7865
7178
1164
100
2416
4977
2437
-6665
-13043
-13388
-4296
6064
9847
7962
3959
3034
2337
581
-2421
-6876
-7464
-3573
2575
7081
6352
1996
-4561
-11120
-15489
-14921
-9821
-4516
-791
2570
6341
9214
8296
2410
-2890
-3561
-834
2401
4615
5967
4603
1315
-692
-1164
-2995
-7175
-7978
-2706
2440
3233
3178
5467
6193
2524
-1548
-1559
-187
-1162
-1242
1529
3790
3375
2857
3809
2604
-1609
-3260
-1490
442
-4
-186
2922
4323
3495
1595
539
10
-2310
-2536
-737
492
205
-366
1041
1539
-1185
-3743
-3441
-653
427
-437
344
1144
682
-437
-959
-381
159
765
1817
1598
303
-980
-1624
-1232
-1264
-643
-762
-1313
60
666
-182
-1664
-618
1715
913
-427
-419
647
-1251
-4748
-5126
-5702
-7484
-8864
-6419
-4600
-6223
-5399
308
6873
7034
5476
6279
8891
9374
7467
5111
-498
-4934
-3246
4712
9422
5011
-880
-682
3741
5112
-438
-8350
-12923
-10632
-1837
6626
9185
5277
1557
1794
2581
331
-4034
-6879
-4999
-114
4583
6736
4944
-13
-7233
-12883
-14811
-12324
-7410
-2890
1220
4627
6679
6926
4121
-643
-3943
-2988
1460
5505
7688
7347
4808
1120
-1954
-3681
-5336
-7200
-5784
-814
3199
4592
4674
5151
3246
-467
-2605
-1654
-70
-217
994
3404
5212
4354
3262
2612
-109
-2629
-3252
-1227
183
270
1739
2922
2460
1155
759
1243
-117
-1802
-1204
401
1192
77
-262
-122
-1094
-2437
-3132
-2034
-765
242
518
681
275
-465
-732
-940
-15
1142
2319
2679
1947
397
-1514
-2348
-1599
-573
-248
-418
-609
-188
-622
-1719
-2254
-2011
-1330
-557
661
1530
351
-2453
-4575
-5563
-7423
-9046
-8484
-5616
-4083
-3538
735
5969
8519
5609
3540
5159
8011
7859
3042
-2610
-5392
721
8810
12125
5292
-2735
-2432
3222
7021
-566
-11582
-16004
-8346
4508
10864
8777
1738
-2666
-1449
1869
2333
-3918
-8300
-3759
5379
10282
7445
3997
-1211
-9462
-15974
-14527
-7158
-2272
-1138
1103
4117
4658
3223
84
-3260
-5403
-2331
4645
9354
10042
8126
4114
-1404
-5690
-5846
-4806
-5328
-3808
1003
4922
4087
1591
-310
-2208
-4471
-2750
2235
4538
3565
1947
2654
2111
1209
1412
1512
-143
-2050
-866
1384
2712
1293
-278
-2033
-2470
-78
2014
3086
2383
2120
2560
1744
998
-47
-1843
-2541
-1842
632
1340
-691
-909
-222
-2
-1613
-3244
-1844
-538
40
963
2087
3180
2524
794
-313
-1764
-2110
-559
1111
1837
211
-1701
-2457
-3569
-4211
-2687
-343
1058
586
58
729
-1680
-5424
-7689
-7501
-6015
-6257
-4676
-2518
-1341
-693
1743
5200
5628
4674
4362
7698
7541
3268
-1979
-3773
2374
7658
9885
4826
-367
958
4594
5591
-3019
-12527
-14078
-5639
5376
8854
5639
31
-3216
-2891
-796
680
-2031
-5405
-2756
5224
9929
6926
2005
-2235
-7907
-13451
-11684
-3753
647
-973
-1986
670
1808
-928
-3520
-3581
-2084
1164
5535
8706
8412
6040
2896
-706
-3355
-3222
-1079
-662
-586
656
1754
762
-1862
-2578
-2974
-3232
-611
3885
6452
3641
-149
-1019
-760
-849
59
3028
4445
3314
739
-121
379
-728
-1776
-2896
-1420
970
2138
3342
2942
2541
1365
-73
6
525
942
929
435
694
598
-653
-1795
-2796
-2299
-1485
-162
1456
1075
-858
-2353
-1511
-91
-89
513
2762
3886
2564
333
-264
-909
-2787
-3632
-3360
-2720
-2187
-321
1747
922
-1949
-3750
-3893
-4240
-5091
-4705
-2936
-2742
-4281
-4309
-2378
-179
856
1544
3318
4671
6447
8227
7501
2066
-5686
-5628
3800
11947
9909
619
-3775
593
6443
6192
-2505
-11788
-13169
-3425
9043
11464
3941
-5997
-8680
-3927
1745
3223
-746
-3103
-506
3912
5263
2487
-22
-2780
-7221
-9005
-4682
2655
4955
-541
-6715
-6860
-3025
-835
-2312
-3166
715
5133
6671
5407
3347
1221
-2277
-1787
3247
6022
3861
753
1501
1554
-3600
-7405
-4423
-190
-578
-1364
3257
7591
4360
-2249
-4890
-3306
-2132
-657
3705
7673
6904
1958
-1882
-2692
-2525
-2281
-1191
1682
4069
4138
2460
399
-1672
-3265
-2749
236
4343
5513
4419
2689
244
-2412
-4828
-4515
-2035
325
1980
3211
3017
1025
-2721
-5393
-5119
-3269
-174
2258
3871
4433
3060
1646
786
-933
-2508
-2867
-1251
499
-304
-1346
-1211
-1270
-3141
-4598
-3276
-1842
-2883
-4144
-2950
-1680
-2761
-4064
-3092
-683
757
2348
4062
2669
425
432
4004
6193
3066
-258
1347
7879
10642
5072
-3507
-6491
-1464
4326
4219
-1831
-7771
-8218
-1553
6102
5430
-2257
-8405
-5892
1129
4410
3289
-805
-3296
-2833
-356
1808
1516
1467
263
-3887
-7257
-4344
2161
3888
-1460
-6117
-4332
-856
486
-822
-1867
-1401
-188
2696
4094
3058
1359
944
3042
4527
3954
2731
1701
802
-1134
-3709
-3281
-79
1846
656
-966
1466
3919
1682
-2409
-3852
-925
1748
3470
6375
6538
2374
-3477
-5482
-2681
-401
903
2137
3456
4016
2265
-430
-3001
-3832
-1944
953
3422
5229
4981
2218
-1320
-3611
-3112
-2503
-1564
774
1883
1082
-959
-1134
-784
-3058
-5196
-4043
52
3253
2625
260
-1108
-1311
-363
589
1694
3198
3018
893
-1541
-2805
-2896
-3138
-2858
-1231
-93
-614
-2688
-4869
-5985
-6622
-5427
-2218
283
1571
2069
2869
2930
792
-904
-305
2495
4934
4792
2286
226
3471
9669
10711
3575
-5128
-5247
1956
7558
4502
-5732
-12223
-9349
625
7507
4207
-2719
-6744
-5103
5
3035
3047
-426
-2966
-1510
-10
975
724
548
-1529
-6639
-7207
-2794
2452
3418
-1257
-4816
-4832
-996
2728
1285
-978
-1486
-34
579
-1528
-56
3083
4392
5212
4688
4425
1801
-862
220
-587
-2425
-1814
2021
4483
475
-2270
-169
571
-1923
-3837
-549
3319
3212
3679
5245
4434
-316
-4591
-3731
-815
1441
2405
2681
2707
1547
-263
-2291
-2066
658
2645
2605
2025
3034
2429
-1391
-3819
-2730
-305
713
1508
3018
1061
-3490
-5389
-2984
-29
-857
-1818
-258
1088
298
-2245
-3194
-2136
-1371
48
1889
3668
4190
1673
-885
-2045
-1785
-904
-367
940
813
-1488
-3275
-3910
-4332
-5564
-5904
-3471
-553
94
-930
-1363
-686
822
2138
2259
1690
2280
5206
6095
2117
-2772
-1734
6572
11806
8304
169
-3975
273
5716
6107
-1559
-10420
-10849
-3188
5617
5181
-1080
-5605
-6456
-2789
1359
4499
2439
-3576
-4656
-1221
2377
1965
-70
-879
-4131
-7158
-5889
-894
3008
1168
-2524
-4229
-3030
89
1263
1492
1136
45
-797
-1601
975
3749
2714
940
1088
3854
3819
1166
1237
1462
-189
-2238
-791
2711
1996
112
1346
1983
-1729
-5136
-2159
2520
1537
-891
2165
6368
4350
-1985
-4935
-2656
339
2312
3326
2365
556
-195
3
576
1807
4060
4772
1830
-121
152
-356
-2044
-2797
-197
1127
371
1016
1144
-1247
-4943
-4709
-1045
519
1033
2087
2084
-377
-3193
-2362
-549
-1348
-1690
929
3469
2319
-918
-1794
-1474
-1923
-1018
1086
2518
1201
-1464
-3203
-4869
-5712
-4506
-1897
-365
-1671
-4144
-4851
-3273
-610
1829
2225
1432
1683
3573
5586
3802
-1527
-3919
1968
11034
12238
3845
-4241
-3291
2874
6513
3892
-2071
-5651
-5468
-629
2852
468
-4252
-7469
-5067
-738
2754
4549
1766
-2617
-5683
-3619
1757
3938
2204
-2401
-5403
-4956
-2523
462
980
-530
-3081
-4384
-2514
-147
892
1689
2873
2408
-1008
-2593
1403
5331
4101
4
-915
1558
2374
1762
1452
617
-1246
-987
1878
2801
708
-30
2444
1970
-1643
-2081
1397
2978
-799
-2099
1597
3091
523
-1498
154
1362
253
383
1775
901
-1879
-2583
-325
2807
5163
6367
4012
-1097
-3170
-1424
182
-472
-859
1214
2070
-333
-3145
-4456
-3356
-1455
-293
243
-85
526
896
-706
-2125
-1995
350
2518
2386
1494
155
-1150
-1720
-1625
-848
18
633
1032
-45
-1579
-1909
-1873
-1942
-2741
-2528
-1088
-165
-689
-2895
-4987
-5331
-3359
-500
1727
1203
-139
486
2480
4178
1927
-1144
525
7367
11716
6415
-2466
-5419
1168
8712
8447
898
-6865
-6144
-464
3892
1467
-4038
-4663
-3309
-1719
-1916
-1153
232
-544
-897
-1062
269
1093
1046
19
-3980
-6818
-4819
1110
4115
1837
-2003
-5016
-4929
-3436
-1969
34
2593
4081
3068
-834
-3788
757
5949
5063
2293
1482
424
-1793
646
3313
1192
-1546
-2112
891
2222
-73
610
2257
-334
-3067
848
5612
1514
-4043
-2165
2525
2521
-1070
-1110
1616
1571
-254
-510
674
669
-580
-13
1932
2808
3410
3721
2776
413
-1234
671
2424
1752
3
-615
-348
-2072
-3126
-2333
-921
412
390
-1420
-3133
-2152
-510
-88
-365
558
2655
2204
116
-851
17
302
-903
-395
371
-19
-1186
-1543
-1279
-2775
-3928
-2563
-101
-801
-3130
-2338
118
-27
-3493
-4214
-863
1382
121
-2325
-978
1397
1932
1755
547
-474
-184
5181
9800
5698
-1985
-4116
2987
8479
5890
-336
-4136
-2614
-554
1269
1070
-1048
-2149
-3013
-3014
-3860
-2434
550
640
-1243
-3724
-1881
1415
2613
1300
-3047
-5086
-3772
48
2637
940
-1582
-3169
-3142
-2262
-1344
-514
571
2060
1860
-1506
-3575
1022
6747
7017
2883
366
1403
1494
1264
2258
2285
-542
-2360
237
1765
-945
-2398
773
2509
113
-1071
876
1050
-1874
-938
2763
2567
-856
-2015
820
1034
-1112
-1031
756
1629
-233
-231
1153
1187
1587
2159
2298
808
526
2644
3313
1503
-851
-571
723
349
-1277
-2753
-1821
-164
91
-1510
-2936
-2336
-1602
-1044
-627
812
2022
1274
421
-68
84
-226
35
1512
1837
1119
-340
-1475
-2419
-3108
-2392
-1799
-1845
-2235
-2349
-2598
-3252
-2383
-406
470
21
-508
-862
-869
265
2828
2708
-614
-2368
-158
5324
6497
2580
-1896
-1847
4724
8588
5851
-1866
-4853
4
3278
2497
-1700
-2671
-2482
-4027
-3327
-1726
763
-1012
-3626
-3399
-2857
-918
171
1972
688
-3566
-4565
-1933
2423
2556
24
-2145
-3486
-1976
210
681
-1039
-1283
978
1130
-1765
-2665
494
3138
2979
2236
3472
3665
1273
338
1733
2923
2101
1907
2641
1180
-1407
-1771
0
228
-756
-242
758
-73
-1386
254
1944
315
-2151
-2133
562
2224
1995
594
-1149
-1341
-320
1108
1072
720
1959
2177
851
-126
1704
4037
2901
484
-1164
-557
1088
1802
1157
-925
-1744
-1221
-1071
-2193
-2655
-1492
-1557
-2897
-2823
273
2162
380
-1277
-791
585
62
-189
1676
2438
1489
599
988
102
-2361
-2384
-353
-409
-2880
-3273
-1374
-1427
-3824
-3674
154
2311
665
-1669
-1566
-222
491
1271
2083
1672
-90
443
3093
3182
15
-2151
1133
5153
5005
1446
-2116
-1618
385
2189
1600
-1416
-3115
-3511
-1725
-1034
-1424
-1093
-1847
-2555
-4009
-3249
-278
1657
1584
-1435
-2981
-2398
-504
1810
1574
-726
-3485
-2749
624
1597
-199
-1272
39
77
-1661
-1358
2004
3745
1286
-396
1719
4353
3346
825
682
1851
2214
2376
2931
1973
-127
-519
1144
1405
-863
-1818
-323
601
-538
-1126
186
491
-1226
-2291
-1113
391
942
1104
820
-357
-1657
-844
1005
1478
936
844
1160
385
-165
1399
3608
3613
1239
-641
-421
852
1423
898
139
-377
-407
-633
-1193
-1213
-1198
-1892
-3269
-3163
-849
783
513
-614
-942
-585
-16
1271
1738
939
-61
3
769
264
-411
-475
-470
-1478
-3294
-3095
-1823
-1388
-1641
-1606
-401
42
-31
604
1072
589
-836
-704
1728
4427
4850
2026
-1284
-1557
1643
4383
3109
-763
-2132
231
2117
908
-1591
-1657
-808
-1490
-2412
-2144
-416
-700
-2371
-2874
-2392
-1865
-3238
-2889
-641
484
-202
-2136
-1550
53
962
712
-769
-933
-677
-370
-267
481
2069
1416
-1031
-2303
-64
3005
2656
-10
-945
989
2638
2438
1821
1793
1234
408
778
1832
2184
1452
868
316
-591
-891
-222
355
133
-195
-401
-417
-962
-1042
-145
-243
-828
-1293
-190
1151
652
-55
-659
222
1616
1852
1177
192
720
1526
1457
1151
1738
3185
3119
1285
-450
-169
1168
1685
1087
-177
-772
-482
194
-190
-1681
-2513
-2050
-1185
-1003
-1090
-1262
-1594
-1547
-732
181
230
-11
487
664
-260
-1186
-728
749
921
20
-741
-1238
-1735
-2277
-1505
-370
-422
-749
-346
727
624
-392
-412
548
1589
1491
1102
1208
1400
1524
1230
638
-48
18
609
455
-584
-1406
-1448
-1527
-1755
-1437
-534
-668
-2261
-3204
-2169
-610
-885
-2282
-2495
-1371
-445
-667
-907
-528
-176
-249
-895
-936
123
1274
1160
-332
-1187
-595
515
991
430
178
720
1286
1238
378
139
734
1493
1935
1635
1530
1457
1259
1128
1004
1185
1392
1597
1135
59
-371
-71
559
515
184
273
96
-265
-709
-178
786
650
-88
-777
-659
-383
-16
755
1006
842
414
362
556
424
538
771
1009
1107
1220
1605
1793
1545
831
253
414
827
866
391
-336
-722
-650
-398
-382
-1163
-1859
-1716
-1420
-1549
-1974
-1897
-1626
-1340
-896
-613
-505
-753
-709
-192
175
83
67
616
610
-423
-1397
-1151
-399
-374
-850
-948
-418
-267
-408
-111
435
776
1085
1597
1448
1003
1186
1771
1810
1072
784
975
1091
707
-147
-930
-1415
-1221
-1094
-1498
-1998
-2242
-2014
-1828
-1767
-1444
-958
-1090
-2093
-2567
-1787
-397
604
525
-235
-1041
-1138
-645
84
1054
1428
630
-894
-1394
-217
1135
1287
306
29
761
978
265
-361
221
1370
1924
1565
934
898
1055
872
510
646
1446
1732
1027
360
307
390
66
-137
140
440
637
98
-616
-640
-16
996
935
235
-218
-201
65
-244
192
1240
1599
646
-562
114
1513
1908
994
243
410
686
962
741
769
1275
1065
-280
-1199
-595
294
724
71
-1492
-1961
-828
-377
-963
-1365
-1371
-1468
-1994
-2194
-1764
-964
-834
-1037
-582
-392
-442
-236
131
518
995
1626
1319
299
-48
419
823
424
255
566
479
132
-68
201
582
735
712
453
723
1238
901
206
247
1093
893
-720
-1716
-1113
94
-78
-1267
-1831
-1984
-2306
-2936
-3104
-2455
-1624
-1098
-1447
-1964
-1966
-1781
-1774
-1717
-785
465
604
-333
-851
-243
341
511
1147
1796
1530
192
-696
-237
764
1551
1430
1162
808
392
284
133
352
934
1534
1527
992
654
439
151
-6
375
1059
1156
728
610
780
461
-281
-252
821
1688
1352
298
-306
-173
132
217
270
685
900
570
2
-188
370
984
1249
673
27
312
1057
1422
866
159
36
336
418
242
288
342
-6
-562
-745
-527
-295
-153
-353
-917
-1320
-1342
-1028
-815
-865
-1034
-1336
-1702
-1783
-1259
-735
-863
-1236
-1108
-695
-621
-426
445
1195
982
392
675
1593
1902
1594
1267
1154
1040
879
1080
1369
1309
841
265
77
279
566
309
-384
-760
-453
105
-48
-533
-877
-1265
-1774
-2118
-1675
-1059
-1172
-2118
-3036
-2889
-2019
-1491
-1984
-2656
-2479
-1726
-1097
-1106
-1249
-999
-349
352
593
493
328
518
1099
1580
1703
1660
1679
1443
850
379
480
1164
1706
1500
559
-402
-487
74
426
301
326
667
864
477
-225
-393
-9
562
848
876
830
559
150
-102
88
679
1242
1262
918
711
565
221
-93
187
1021
1432
700
-588
-1095
-398
551
775
364
217
405
457
316
240
478
523
372
306
500
803
509
-158
-529
-336
37
99
-178
-563
-708
-657
-698
-767
-709
-632
-726
-953
-980
-721
-429
-531
-971
-1089
-561
298
706
422
-56
-186
138
543
914
1385
1858
1811
1035
366
610
1191
1218
590
127
244
203
-354
-1066
-1199
-873
-806
-1130
-1564
-1849
-1992
-2026
-1979
-1750
-1370
-1272
-1628
-1904
-1472
-906
-1224
-1787
-1532
-528
-20
-428
-792
-652
-322
-408
-592
-313
331
875
870
535
408
738
1232
1441
1414
1437
1359
1042
767
796
920
750
552
610
737
412
-379
-924
-733
-5
388
107
-281
-91
413
402
-155
-493
112
1245
1583
866
-48
-204
439
926
929
615
519
627
553
404
352
597
754
518
138
82
468
562
105
-151
132
480
384
165
280
459
389
219
300
411
363
150
-66
-116
-249
-375
-453
-458
-381
-468
-632
-603
-363
-367
-745
-943
-615
-116
63
-94
-334
-393
-213
-23
127
322
529
674
682
661
812
1045
1088
960
913
1034
992
554
96
10
223
219
-286
-832
-979
-923
-1211
-1751
-1895
-1566
-1328
-1614
-2080
-2261
-2134
-1873
-1764
-1903
-2025
-1830
-1318
-946
-925
-860
-669
-567
-491
-173
225
436
487
486
418
231
379
936
1348
1072
421
170
442
996
1556
1790
1536
950
414
346
666
996
982
588
75
-67
184
377
136
-510
-756
-483
-3
277
199
105
66
1
-110
49
582
1037
984
536
243
429
785
938
772
537
549
646
648
396
192
298
307
107
-6
266
532
123
-531
-658
-228
119
-13
-110
79
181
-107
-616
-702
-246
306
392
-26
-470
-603
-451
-287
-96
136
268
174
78
213
351
218
38
300
861
1021
705
338
186
320
475
590
672
644
452
91
-229
-191
107
330
360
45
-344
-489
-545
-736
-1106
-1288
-1182
-1106
-1258
-1517
-1639
-1744
-1848
-1780
-1487
-1302
-1398
-1444
-1362
-1314
-1292
-1158
-915
-704
-683
-675
-613
-428
-98
206
300
197
385
855
1113
838
486
555
951
1183
1095
944
882
846
576
395
541
942
1156
901
455
235
406
639
721
616
432
260
154
203
348
336
89
-172
-226
-103
53
136
20
-167
-210
-21
221
260
157
214
449
559
442
166
-3
145
397
434
288
192
272
291
0
-350
-307
189
476
179
-350
-475
-202
-79
-297
-493
-158
190
84
-366
-639
-376
-4
164
-4
-225
-250
-103
31
30
176
486
674
451
149
275
623
711
491
495
802
944
635
201
126
370
497
370
339
358
196
-143
-532
-641
-417
-102
-36
-290
-515
-613
-608
-645
-827
-1011
-1083
-1064
-1058
-1106
-1200
-1248
-1197
-1100
-1131
-1318
-1394
-1049
-552
-378
-634
-965
-850
-468
-259
-274
-259
-102
12
-42
-48
113
366
573
632
606
534
577
787
985
923
614
358
390
524
512
419
432
609
629
294
-170
-279
26
302
364
326
323
251
75
-43
109
390
466
296
76
136
329
387
189
25
240
563
612
382
401
690
834
643
316
262
344
421
404
261
149
71
30
-90
-263
-277
-108
16
-176
-490
-536
-314
-92
-206
-528
-655
-519
-268
-219
-265
-183
-45
-47
-360
-533
-365
-49
213
330
283
98
57
172
356
407
378
344
293
420
564
694
656
530
380
45
-119
-63
205
373
187
-168
-461
-619
-682
-530
-395
-410
-521
-533
-486
-553
-689
-841
-816
-612
-455
-545
-756
-808
-724
-737
-809
-690
-391
-274
-420
-424
-247
-50
18
-63
-68
-24
19
56
90
177
284
395
427
288
138
278
547
706
671
622
648
516
129
-180
-20
223
230
111
123
227
174
-40
-279
-305
-82
179
334
260
6
-104
2
224
236
120
175
288
370
272
164
167
167
172
186
221
267
363
541
613
402
49
-25
229
372
274
69
-15
-103
-252
-244
-221
-285
-432
-555
-557
-425
-296
-208
-231
-353
-429
-468
-385
-250
-77
67
93
46
-49
12
250
337
225
162
380
572
417
227
403
773
781
401
82
250
668
863
667
374
328
463
459
146
-95
64
329
156
-411
-638
-362
-173
-328
-658
-689
-503
-432
-568
-736
-724
-716
-710
-644
-534
-467
-430
-470
-568
-679
-637
-404
-287
-384
-543
-403
-112
-13
-114
-145
-71
-51
-142
-179
31
224
230
47
-26
105
272
309
305
385
413
333
236
246
177
98
44
-35
-33
42
105
109
88
52
31
26
108
281
434
399
238
205
278
283
222
217
259
222
107
54
161
285
237
85
-160
-258
-136
-72
-50
-46
4
-21
-69
-149
-192
-116
-90
-26
-46
-150
-225
-149
-58
-212
-360
-269
-57
81
-21
-146
-105
58
189
203
211
222
332
341
256
287
461
605
605
493
288
208
306
579
720
607
372
128
106
227
381
528
481
330
250
130
50
48
137
216
30
-250
-399
-342
-357
-534
-730
-832
-743
-718
-672
-696
-768
-796
-764
-624
-549
-477
-418
-365
-372
-357
-349
-238
-83
-140
-254
-334
-269
-118
2
-15
-122
-214
-215
-188
-114
-19
21
122
202
149
42
99
287
435
440
437
389
370
347
298
202
40
54
116
215
122
-53
-154
-60
99
99
72
29
126
198
211
152
151
184
146
128
113
123
152
135
-25
-133
-82
50
-15
-319
-524
-389
-93
-23
-227
-350
-299
-243
-266
-271
-126
48
118
-54
-303
-345
-80
206
180
-92
-215
-48
198
297
241
202
163
230
359
475
550
540
508
568
740
833
757
707
736
717
569
477
603
725
610
207
-16
30
195
272
181
76
-54
-85
-170
-184
-84
12
-89
-363
-510
-512
-448
-562
-755
-882
-781
-694
-809
-863
-845
-753
-738
-733
-620
-429
-316
-399
-434
-290
-83
64
35
-85
-84
23
75
2
-54
11
105
47
-186
-340
-190
46
110
11
3
163
231
158
39
224
462
505
445
198
149
272
317
256
164
171
172
57
-108
-85
45
54
-100
-241
-136
-21
39
14
-47
50
148
123
57
40
45
60
-47
-142
-195
-203
-180
-265
-368
-435
-421
-395
-352
-328
-259
-216
-222
-209
-189
-50
84
88
28
72
243
416
408
361
357
375
378
344
379
517
657
560
394
345
490
573
499
512
606
733
728
586
478
504
535
476
376
389
461
390
156
-115
-181
-95
-16
-63
-180
-250
-376
-445
-404
-350
-276
-277
-378
-484
-501
-386
-318
-373
-484
-601
-638
-629
-688
-742
-676
-468
-382
-438
-523
-550
-424
-327
-190
-120
29
73
-57
-161
-177
18
162
204
144
78
14
-14
-75
-64
-42
-53
-19
-44
34
76
64
23
47
185
265
320
335
238
221
300
383
357
202
27
-123
-91
28
127
88
-31
-133
-213
-198
-140
-41
94
122
85
76
32
25
-12
-12
29
-12
9
-12
-38
-42
-149
-263
-329
-347
-260
-209
-177
-155
-186
-145
-105
-2
41
122
209
287
385
362
331
282
335
338
346
342
366
444
440
375
273
313
333
325
308
360
390
323
266
250
310
299
267
221
237
279
251
161
35
-31
-98
-178
-265
-279
-259
-294
-339
-365
-347
-360
-341
-276
-217
-164
-155
-168
-215
-199
-156
-180
-237
-336
-353
-336
-347
-307
-270
-241
-291
-318
-335
-325
-224
-114
-31
-57
-13
-3
-19
-20
-10
120
208
219
121
19
-85
-128
-108
-118
-107
-72
-60
-106
-86
-62
-53
-5
18
83
130
178
199
192
232
225
249
197
86
32
41
113
99
18
-41
-110
-174
-222
-225
-159
-86
-28
-56
-66
-78
-82
-14
25
69
29
-10
-38
-32
20
6
-59
-127
-125
-129
-106
-82
-56
25
40
12
62
145
230
310
346
391
437
443
389
344
368
382
273
199
249
275
237
172
96
58
54
41
45
47
88
115
72
60
67
29
12
53
131
168
131
36
-34
-53
-48
-88
-162
-212
-230
-229
-278
-288
-244
-216
-216
-247
-287
-208
-90
-45
-36
-91
-148
-136
-70
-77
-80
-47
-37
-64
-98
-145
-176
-157
-139
-98
-57
-42
-40
-28
-29
-20
2
23
30
42
44
56
49
-3
-3
-25
-63
-104
-106
-101
-77
-16
14
29
-6
-29
-21
2
51
95
94
128
147
82
-15
-51
-23
15
46
-18
-98
-132
-139
-227
-277
-237
-244
-168
-95
-111
-98
-107
-80
-4
70
142
135
82
44
72
44
53
72
41
35
-7
-30
-22
45
74
95
92
103
80
54
132
196
325
396
361
310
307
283
243
248
265
323
279
175
109
40
12
7
24
25
-44
-69
-22
20
0
-9
-16
-41
23
-1
-49
-63
-113
-139
-154
-129
-96
-44
-51
-108
-154
-136
-79
-51
-32
-98
-164
-158
-139
-31
59
85
38
-67
-89
-63
38
58
37
-9
-63
-49
-98
-82
-62
-62
-51
-9
52
44
14
-1
-12
25
60
85
69
-3
-9
31
146
162
107
42
-47
-69
-38
22
47
-20
-160
-255
-271
-208
-129
-63
-54
-80
-124
-103
-109
-146
-101
-119
-133
-170
-165
-198
-231
-223
-263
-198
-127
-151
-177
-149
-111
-56
-26
-16
-23
-23
-21
-15
63
107
147
198
201
196
205
218
201
170
173
218
240
234
202
138
70
24
57
145
227
242
210
204
189
214
220
180
183
199
172
138
121
110
114
98
38
-6
2
6
6
-27
-69
-92
-97
-85
-28
20
-1
-44
-103
-67
-14
24
20
-45
-41
-53
-62
-69
-55
-38
-84
-85
-95
-137
-148
-135
-120
-113
-89
-52
-72
-89
-94
-82
32
88
91
66
-12
-44
-32
-25
22
82
83
1
-62
-73
-73
-3
32
50
35
8
-51
-77
-21
7
35
4
-58
-120
-120
-89
-61
-13
-19
-88
-145
-177
-159
-118
-59
-51
-107
-138
-165
-93
-77
-103
-70
-44
-41
-14
0
-60
-81
-84
-57
-28
-30
-79
-115
-127
-64
81
117
88
27
5
84
129
137
167
166
154
136
117
119
128
155
170
186
211
215
142
62
36
76
131
153
124
38
-22
-34
4
49
123
136
87
16
-47
15
53
48
11
-17
-3
-20
-51
-58
-40
-12
-5
-37
-9
9
12
-26
-81
-16
42
67
18
-41
-52
-25
24
-1
-19
-16
-34
-53
-41
-49
-12
14
-25
-41
-23
12
-9
0
1
-9
12
56
80
73
60
6
-44
-70
-18
3
12
12
-16
-13
-66
-54
-43
-40
-16
-29
-32
-31
-4
-20
-41
-27
2
-7
-2
1
-15
15
7
-19
-69
-67
-75
-107
-141
-128
-106
-101
-61
-77
-36
-45
-58
-67
-109
-76
-54
-50
-40
-29
-37
-48
-59
-66
-41
19
31
22
16
-1
-22
-55
-57
-72
-51
-24
-25
-19
6
10
-7
15
41
73
53
29
-6
-24
-4
-3
12
25
55
57
54
61
107
133
158
191
187
209
150
117
134
145
178
194
173
142
113
97
89
74
117
137
82
-3
-43
-48
-4
15
33
76
51
14
-20
-4
6
39
49
32
41
40
25
-21
-39
-34
-35
-17
-13
-31
-54
-71
-46
-63
-51
-60
-105
-96
-91
-92
-112
-129
-159
-117
-81
-102
-105
-112
-106
-104
-99
-126
-108
-58
-61
-80
-95
-44
-1
14
17
-2
19
-3
-9
9
-5
-10
-6
-9
-34
-4
13
13
18
-13
-4
-10
7
0
-28
-41
-38
-5
3
35
31
53
59
66
73
35
73
68
18
6
2
-19
-17
-56
-45
1
18
32
28
22
-6
-6
-12
16
13
-12
1
-6
-25
-24
-13
-19
-11
15
16
-6
-17
-48
-48
-50
-45
-48
-53
-53
-33
19
21
47
55
63
49
58
30
-11
20
-18
-14
-5
15
54
57
22
0
21
51
92
117
145
129
108
107
80
90
100
92
99
87
84
80
56
43
54
73
78
73
37
25
16
-1
28
44
55
44
32
44
35
38
20
-6
-22
-32
-14
-12
-28
-44
-45
-51
-73
-63
-83
-100
-113
-147
-150
-97
-88
-123
-105
-127
-139
-106
-72
-55
-59
-63
-70
-78
-69
-71
-54
-52
-86
-54
-57
-52
-77
-57
-38
-75
-50
-94
-67
-47
-42
-32
-60
-47
-17
-31
-67
-54
-48
-50
-37
-3
15
3
3
23
33
26
10
28
31
30
32
26
14
-6
43
79
65
77
118
110
101
90
92
110
76
67
62
60
83
74
67
44
27
52
13
9
30
38
49
46
49
51
65
44
58
65
44
40
59
66
50
38
32
28
3
17
-19
-28
0
10
22
-12
-5
13
20
16
29
37
32
37
35
-6
3
51
42
57
38
53
16
14
48
28
58
50
20
3
-4
-3
-12
-35
-35
-37
-35
-43
-66
-73
-66
-86
-113
-83
-91
-102
-104
-103
-67
-50
-50
-45
-72
-88
-94
-114
-125
-95
-46
-77
-86
-108
-121
-99
-100
-63
-80
-90
-68
-61
-69
-88
-86
-79
-31
-4
-13
-6
-2
10
18
16
44
65
80
56
24
26
18
56
67
19
10
24
48
50
45
32
13
30
9
3
17
0
-1
15
28
22
40
47
2
12
18
19
42
51
63
29
52
85
65
63
50
42
59
66
67
81
77
56
57
62
86
95
67
91
94
86
87
89
91
73
66
23
1
3
41
55
19
23
-3
7
8
-5
21
-30
-31
-38
-32
6
2
-6
-18
-7
-28
-4
-12
-20
-13
-23
-16
-52
-20
-7
-41
-60
-66
-69
-67
-69
-84
-84
-71
-82
-95
-72
-72
-86
-65
-62
-76
-69
-96
-100
-109
-101
-80
-92
-83
-64
-41
-45
-36
-46
-30
-7
7
49
43
39
10
-16
-11
-4
4
10
9
-3
-22
-32
-33
-36
-6
5
-10
-6
-8
-19
18
43
37
64
62
45
44
42
31
35
39
41
66
40
33
27
8
29
-3
16
14
26
44
-3
8
35
60
31
40
42
31
21
-4
6
10
25
16
13
-34
-59
-37
-9
-1
-27
26
42
28
29
15
12
22
53
66
73
68
64
69
42
22
52
67
59
66
57
60
61
79
72
74
95
57
69
76
49
47
-5
-21
13
10
-3
-41
-23
-55
-73
-45
-64
-42
-40
-45
-64
-63
-52
-82
-92
-89
-89
-73
-49
-85
-115
-82
-61
-47
-61
-81
-88
-104
-64
-76
-93
-51
-71
-53
-33
-40
-22
-12
-7
-35
-17
-11
-23
-19
-39
-41
-34
16
37
16
11
3
-3
-2
15
32
22
24
-1
-4
7
-1
27
28
40
26
-2
12
24
6
6
32
23
19
15
0
-7
-19
-19
4
29
32
34
65
41
50
70
42
62
73
63
57
63
56
83
56
22
58
41
22
10
13
9
15
10
9
-12
-31
-34
-45
-20
-21
-14
-13
6
13
9
-5
-10
23
32
41
24
15
9
22
25
38
41
31
15
-12
2
-31
-14
-3
9
3
-9
10
-8
-6
-29
-1
-9
-15
-3
3
3
-32
-28
-27
-26
-26
-18
-20
-17
-54
-73
-36
-37
-40
-22
-16
-7
1
-23
-16
-10
2
-7
4
10
14
44
19
-12
-28
-16
-19
-19
-18
-19
-1
3
1
-3
-9
-15
-19
-19
2
-7
-1
-7
-32
-33
-13
9
-3
-16
-20
-31
-43
-25
-16
-4
0
-1
-19
-3
29
36
29
-15
-20
-25
-43
-50
-57
-26
-10
-19
-27
-60
-48
-43
-38
-4
-4
2
7
25
6
-4
21
41
38
34
38
41
35
27
56
41
47
68
65
78
66
59
53
44
52
32
30
34
31
61
53
56
62
63
68
72
64
49
59
45
21
10
7
-11
0
-10
-16
-20
-23
-20
-44
-27
-17
-13
-38
-33
-15
-13
-10
-42
-42
-27
1
19
17
13
-6
-1
-14
-36
-40
-31
-24
-19
-16
-25
-38
-63
-53
-26
-33
-48
-26
-31
-39
-34
-53
-20
-6
-22
-6
5
-2
0
-7
-1
-2
-26
14
20
-1
9
-3
13
30
20
20
34
27
4
-8
-24
-29
-35
-45
-36
-31
-47
-48
-41
-56
-89
-70
-18
-20
-32
-40
-38
-29
-12
2
-7
-3
-1
8
10
8
17
15
11
-3
15
33
32
8
7
6
15
32
18
52
57
62
66
44
37
53
41
36
31
32
14
-7
24
61
87
67
71
32
34
41
42
54
55
37
-2
5
-8
16
-5
2
33
30
-9
-18
-15
-27
-21
-12
23
-12
-1
1
2
11
12
8
14
9
-5
0
-35
-18
-23
-15
-16
-31
-15
-32
-63
-51
-61
-45
-14
-15
12
-16
-32
-46
-29
-9
22
57
61
30
-25
-16
-28
-45
-15
9
-2
3
-19
-30
-25
-14
-13
-44
-28
-34
-11
-3
-6
6
-5
-23
-41
0
-2
-28
-14
-28
-49
-66
-44
-30
-32
-46
-69
-48
-53
-40
-22
1
29
11
19
13
-6
16
37
44
25
-5
4
32
31
13
15
57
54
26
9
-3
45
49
54
66
33
29
39
26
1
18
32
15
4
17
18
9
1
9
23
15
5
25
28
-5
12
7
-10
-3
-35
-40
-14
-16
-25
-10
-16
-12
3
13
18
11
5
-7
6
32
35
32
39
54
48
47
48
24
22
-9
-12
-13
-36
-17
-23
-2
-26
-22
-16
-36
-18
-29
-33
-9
9
-13
-10
-11
-13
-14
17
-2
-5
19
-11
9
25
24
7
-10
-25
-20
9
0
-3
6
-14
-2
-5
31
55
26
5
-13
-2
22
28
-6
-6
-21
-18
-22
-17
-17
-45
-38
-36
-32
-43
-58
-67
-63
-66
-34
-10
-7
-26
-27
-26
-23
-14
-25
3
-16
2
-17
-23
-9
-26
-25
-52
-57
-41
-16
-25
-40
-34
-18
7
-1
-7
0
-6
24
16
14
42
35
52
50
19
38
52
67
77
57
45
37
57
23
43
56
56
57
30
47
16
24
50
52
42
38
26
12
-1
0
34
21
23
41
34
22
22
23
16
7
-4
-9
-2
-12
-25
-13
-15
-19
-48
-59
-26
-25
1
-16
-16
-18
-18
3
-11
11
19
29
16
16
3
12
28
16
18
32
30
0
19
3
19
-9
-22
0
-8
-13
-37
-34
-29
-29
-61
-66
-76
-69
-75
-69
-61
-44
-19
-38
-14
-23
-14
-10
-20
-8
-9
-19
-9
11
0
-22
-27
-59
-77
-44
-38
-33
-43
-30
-32
-45
-16
-10
-14
10
-13
-15
21
29
47
42
28
0
7
21
19
12
0
17
6
-6
-4
-13
-7
4
5
-1
-18
-19
-13
-3
2
10
12
16
18
30
53
57
70
44
54
94
85
65
54
67
61
52
64
54
45
66
69
40
35
38
36
56
39
29
24
-5
14
8
7
5
-10
-10
-22
-27
-12
-4
-15
-12
-28
-32
-34
-28
-5
0
-7
6
12
-3
-29
-13
7
-3
9
-8
2
-7
-19
-23
-34
-37
-51
-50
-28
-10
-12
-16
-35
-44
-66
-60
-42
-30
-44
-43
-44
-38
-33
-52
-6
-20
-29
-12
-42
-54
-39
-36
-34
-17
-30
-28
-25
-23
-20
-29
-13
-29
-13
6
-16
-13
-10
-2
-9
16
16
21
48
44
27
1
5
0
7
10
23
12
7
19
26
35
30
47
46
72
55
36
29
20
28
50
72
31
28
3
-1
14
21
38
40
29
11
6
3
6
-16
-16
-9
2
-14
6
15
3
30
20
14
17
3
1
-4
-2
4
-6
-17
-49
-24
-10
4
4
7
23
-7
8
0
8
18
15
22
17
31
26
32
17
10
18
3
6
-6
-1
-6
-14
-27
-15
0
-26
3
-9
-25
-19
-38
-27
-36
-10
-15
-33
-37
-53
-32
-15
0
-13
6
6
13
17
7
17
1
9
7
-15
-36
-35
-55
-37
-29
-43
-40
-42
-25
-7
-4
-15
-6
-19
3
20
2
6
2
-9
-2
-18
-8
26
3
-4
-13
-13
-17
-16
-22
-20
-27
-23
-9
-35
0
3
-7
-11
-9
13
5
2
-9
-7
7
22
12
-4
2
2
12
30
16
-5
9
15
43
52
54
53
50
76
62
66
52
58
60
27
39
26
17
2
3
32
42
35
34
33
25
38
15
-23
-19
-11
-32
-9
5
2
-25
-37
-41
-57
-31
-32
-7
-9
-34
-53
-46
-60
-64
-39
-35
-12
-31
-6
-6
-28
-5
18
23
28
28
32
41
-4
5
42
77
85
63
61
49
25
26
6
-6
19
20
20
20
14
0
-26
-22
-31
-41
-16
-31
-25
-28
-47
-28
-47
-54
-50
-29
-20
-36
-12
-19
-28
-33
-40
-38
-47
-19
-18
-1
-15
-44
-11
-12
-4
0
1
-4
-20
-25
-19
-9
5
12
17
38
15
3
3
7
6
-5
12
10
-9
13
28
25
25
14
-3
1
10
-8
-4
-10
-22
-34
-41
-7
-4
-12
1
-7
-3
15
10
6
6
3
12
20
6
28
39
20
37
32
5
-7
-5
13
28
33
30
22
0
23
47
38
54
48
48
52
42
29
35
36
36
38
49
61
32
31
10
29
20
6
6
-29
-32
-51
-26
-30
-24
-3
-4
-6
7
8
-7
-1
-30
-29
-21
-4
7
-14
-6
9
11
18
-16
-31
-10
-22
-25
-24
-1
-7
-39
-41
-38
-41
-47
-57
-51
-46
-52
-48
-30
-16
-37
-20
-18
-33
-19
-15
-12
-16
-25
-37
-32
-27
-39
-29
-21
-13
-26
-47
-28
-45
-25
-16
-5
1
17
16
-21
6
4
9
5
15
13
8
11
12
0
-10
19
26
38
15
39
51
43
36
13
32
29
24
29
41
64
57
58
62
58
57
55
55
19
23
15
13
26
15
-3
4
25
13
12
1
11
17
23
1
6
20
7
3
9
9
-4
13
27
33
7
0
-29
-9
8
-3
28
12
15
-8
-22
-21
-35
-41
-51
-38
-13
-28
-41
-48
-70
-71
-58
-61
-60
-55
-57
-25
-28
-19
3
-6
-3
27
41
7
3
2
11
10
23
16
-15
28
32
-1
5
5
-31
-63
-65
-62
-46
-15
1
7
18
36
25
8
-6
4
15
20
8
-4
-10
-28
-9
-8
-9
-12
0
-2
-1
-2
-15
8
-10
0
-3
-20
-1
14
-16
-28
-3
0
-9
-18
1
-16
-27
22
65
47
38
51
35
6
-19
-2
22
16
29
37
29
13
-8
0
21
41
48
63
52
6
-21
-48
-1
-5
-15
38
26
41
9
5
0
-31
-10
0
15
5
6
-12
-20
-8
15
22
-4
-7
-16
-9
13
-9
-11
13
1
-8
-14
-26
-9
7
-12
-2
25
2
-27
-36
-42
-12
-4
3
23
10
-8
-10
1
0
4
14
45
45
25
5
-37
-57
-80
-81
-33
-7
-9
-8
0
-14
-20
13
7
6
3
13
15
5
19
16
43
40
11
5
-12
-43
-29
13
15
-6
-35
-19
-14
-10
0
-13
-10
-26
-34
-25
-6
-3
1
12
5
10
41
54
42
54
61
39
46
27
-9
16
17
2
-26
-12
-15
-41
-18
-22
-47
-35
-47
-75
-47
-30
23
21
26
-8
-66
-30
-35
7
53
61
44
8
-28
-67
-66
-26
17
51
39
32
9
-10
-1
-2
53
96
87
48
31
28
31
20
0
-29
-63
-51
-38
-25
-15
-27
-38
-48
-50
-33
4
0
-37
-51
-48
10
59
91
107
82
62
17
5
39
50
51
34
-15
-38
-39
-19
-8
-13
17
6
-16
-19
-10
3
-8
19
17
10
30
-4
-24
-30
-20
18
34
34
6
-35
-15
29
48
41
19
-5
-20
-23
35
61
44
26
-30
-48
-67
-79
-64
-76
-82
-22
24
26
28
23
28
1
-2
13
3
4
8
-6
-7
9
-4
-23
-9
2
7
7
-29
-78
-111
-79
-32
-8
9
-15
-58
-77
-45
-29
10
9
-10
-5
-32
-31
-29
2
38
79
70
43
23
-4
9
-5
6
-2
-25
-19
-13
-19
-39
-56
-89
-95
-39
3
17
27
30
13
6
35
65
66
81
74
51
55
57
88
74
84
84
56
77
57
10
38
58
39
43
5
-25
-29
-16
-9
-9
23
27
4
18
22
-6
19
45
31
12
22
-5
-48
-22
-36
-35
-28
-41
-21
-44
-40
-21
-44
-28
-10
-8
-15
-29
0
-15
-36
-3
-5
3
2
-6
-7
-21
-3
-6
-26
-24
-32
-25
-45
-52
-34
-51
-41
-45
-44
-38
-60
-37
-27
-23
-10
-41
-29
-8
-22
-23
-6
4
0
16
19
17
12
-3
1
10
22
23
24
32
30
24
15
16
0
15
27
-11
3
-1
-13
-4
-25
-10
12
48
43
4
26
33
26
47
63
51
44
50
40
40
44
35
42
41
21
17
8
6
-4
-32
-44
-38
-20
-12
-4
-6
0
-3
-11
-22
-25
8
-2
6
4
2
7
13
42
21
40
27
1
3
-12
4
11
-1
2
-9
-12
-7
-22
-6
-42
-38
-32
-34
-25
-49
-29
-3
8
-6
9
-2
-2
16
35
42
37
49
17
-21
-10
-14
-28
-6
-21
-28
-46
-71
-72
-57
-29
-47
-55
-32
-14
-25
-16
20
22
11
23
14
4
4
10
16
23
15
4
6
32
39
-9
4
2
22
5
-11
6
-10
5
-11
-7
-9
17
25
35
2
-9
6
0
11
-2
25
-6
-16
-17
-22
-26
1
13
-17
-23
-13
-17
-37
-15
-15
-27
-8
11
-22
-35
-25
5
14
27
19
-3
27
23
23
3
15
35
41
49
29
48
67
69
52
35
28
31
17
-12
9
16
17
-4
5
0
-6
20
-9
-2
-19
-21
-19
-30
-42
-49
-34
-25
-26
-20
10
-6
11
17
9
8
19
41
21
46
34
1
5
-7
-23
-3
23
15
-9
-28
-19
-35
-38
-25
-16
-16
0
-9
-29
-27
-39
-23
-33
-19
-24
-35
-15
-28
-25
-67
-58
-46
-37
-23
-47
-10
-31
-13
9
-27
-22
-7
26
40
43
58
68
49
60
70
70
70
75
43
31
54
55
57
32
30
17
2
-19
-16
-17
-23
-19
-38
-64
-66
-54
-72
-64
-45
-38
-29
-10
-12
-16
-22
-31
-16
3
9
16
13
-7
5
4
10
3
-10
3
0
-2
0
0
5
-18
-10
-22
-39
-3
12
47
54
33
16
29
33
32
49
32
17
44
69
59
65
35
2
13
16
10
6
26
19
-6
-36
-46
-30
-22
-3
5
13
-11
-25
-1
16
14
22
35
17
15
20
49
68
49
38
15
-9
-12
-17
-9
-19
-28
-32
-46
-63
-72
-54
-63
-35
-30
-47
-34
-32
-40
-47
-20
-17
-33
-6
19
20
9
11
7
-10
3
-7
3
20
19
7
-24
-20
-11
-29
-21
-30
-40
-41
-56
-48
-59
-60
-67
-36
-40
-37
-10
3
11
-9
-4
4
22
-19
-17
0
24
26
12
47
57
59
56
40
39
27
34
59
46
63
25
33
42
41
57
24
46
59
62
60
71
72
44
42
67
50
39
49
33
12
15
24
26
-9
-53
-42
-37
-44
-32
-12
-44
-45
-43
-36
-44
-63
-43
-54
-43
-40
-32
-40
-42
-33
-25
-25
-20
7
-3
9
6
-10
2
-4
-13
-16
-14
12
-1
-3
-10
-25
7
15
26
19
14
42
28
26
15
-21
-29
-25
-13
-55
-47
-13
-35
-36
-41
-42
-38
-36
-26
-5
-4
3
-4
-10
-10
-7
-6
18
27
10
32
34
35
32
44
21
7
14
21
-1
7
42
19
14
-2
16
10
11
16
28
42
36
47
23
-5
10
17
-16
-27
-39
-29
-30
-28
-7
-12
-21
0
4
-15
-22
-20
13
-1
-1
-25
-26
10
-4
-6
-10
12
21
28
46
30
45
41
18
8
-3
-3
10
20
-6
-3
-7
-9
-21
-31
-29
-36
-11
-3
-8
-18
8
0
-10
3
20
42
4
-11
-24
-35
2
6
-5
-13
-10
19
5
3
-10
-9
15
26
23
4
15
-6
-25
-8
-22
-50
-51
-13
-6
-12
27
22
21
8
10
15
-6
18
19
6
-23
-26
-27
7
43
12
36
4
-56
-1
57
58
-16
-27
-12
-32
-2
-23
-21
0
15
26
49
34
-3
3
33
11
-26
12
-14
-48
-31
-29
-43
-87
-120
-95
-75
-37
-83
-61
27
14
14
0
50
38
39
76
66
26
44
73
58
49
17
103
74
-1
1
-13
33
-23
-47
34
-3
38
74
53
47
34
51
3
-7
25
62
52
19
3
9
-21
-44
-29
-56
-64
-92
-72
-87
-121
-92
-52
-86
-104
-47
-57
-26
-16
-33
-24
9
10
-18
0
-29
-39
-10
22
13
3
-5
28
28
-37
-22
7
-3
-3
19
35
50
48
48
21
67
72
49
80
35
47
45
42
-6
10
94
38
18
9
27
58
-1
-13
48
51
16
16
37
29
-11
-2
-10
-22
-3
-52
-24
36
26
-39
-34
-23
-87
-38
-28
-36
-38
-4
-7
-14
-22
-29
-7
-45
-40
-40
-10
-19
-39
-18
14
-10
-44
-41
-6
-57
-69
-12
-6
22
-28
9
26
23
-10
4
13
-40
-13
19
24
-10
32
13
21
-3
-42
-20
17
-6
-73
-8
16
12
3
18
7
1
6
-24
27
50
61
19
-9
37
6
27
38
28
15
23
53
-8
3
10
42
64
-16
17
54
38
6
24
56
18
3
-4
2
-21
-5
7
3
-28
-54
-13
-37
3
-24
-34
7
-6
-50
-81
-49
-78
-31
-15
-11
0
-19
15
3
-10
-6
-4
-21
21
79
41
38
51
38
72
61
52
57
1
10
50
28
-33
21
75
6
16
1
-38
-64
-86
-96
-142
-111
-89
-70
-91
-113
-33
17
-13
-26
15
4
-12
-40
-9
3
-22
17
0
34
30
36
72
38
43
29
51
50
35
46
13
34
-3
-9
3
8
58
-18
-22
4
14
-1
6
53
1
24
10
-28
-24
-35
-45
7
36
-29
-20
-44
-18
-41
-23
33
-28
2
-19
15
3
-31
29
4
16
15
52
10
-29
40
29
72
48
65
51
14
54
14
51
18
39
11
-5
-4
-53
0
-69
-19
-13
-48
-27
-83
-30
-20
-85
-57
-15
-9
-26
-21
-15
-41
1
9
-20
-26
-14
-26
-39
-35
1
18
-25
-41
-28
31
-36
-39
9
61
69
-12
112
16
-19
8
11
46
-65
24
-13
18
-31
-43
26
-71
-10
-1
54
-38
4
74
15
110
34
66
76
43
97
2
30
21
42
71
36
55
38
108
-19
40
41
13
33
-39
-16
-97
-11
-71
-83
-98
-83
-53
-38
-68
-97
27
-55
-16
-50
-2
45
-36
15
-24
-27
9
6
10
-32
6
21
-3
60
-18
22
3
-44
22
-39
-28
-44
-12
32
-20
3
20
-7
-6
43
40
0
52
48
-68
-36
13
-24
-12
-43
-43
-48
-60
-63
-130
-54
-51
-23
60
-25
1
-10
-18
10
-50
1
81
74
110
70
58
108
74
87
67
61
47
45
73
-2
35
25
-3
69
0
25
7
7
44
-23
8
-1
40
-34
-25
38
-44
11
-6
-24
19
5
5
10
-10
40
20
10
29
-56
-34
-13
-48
-34
-11
-30
-60
-49
-71
-131
-86
-95
-56
34
-75
-8
20
-27
-69
-83
-4
-54
16
-35
5
-4
-82
18
-75
-11
-9
-26
14
-52
10
26
5
-3
9
57
56
52
76
75
-6
20
28
10
37
-23
95
50
-1
94
49
90
55
1
38
-6
-14
75
86
34
64
71
73
26
7
89
-46
12
20
-107
-1
-89
-43
5
-73
-12
-1
-22
-39
-84
-75
-63
-130
-44
17
-30
22
-8
-12
22
-23
-3
4
-1
11
-8
-44
-10
-9
-8
-17
-47
19
-62
7
-7
-87
51
-63
-16
61
-67
9
5
-46
37
-6
25
104
41
58
54
66
77
56
114
99
57
25
67
70
54
55
16
31
-64
-22
-38
-82
9
-85
-26
-26
-92
-2
-108
-125
-72
-111
17
-7
-91
22
-34
-77
-47
-102
-37
-72
-2
50
-92
47
36
10
58
15
25
-20
22
1
-11
18
43
66
54
96
38
90
98
18
132
72
67
160
41
67
78
-10
62
-22
-34
29
-75
36
-26
-86
78
-35
-39
-9
-94
3
-50
-78
4
-80
-18
-54
-66
-29
-66
-36
-63
-35
-49
-19
-53
-2
-54
-92
32
-66
-39
-28
-68
-12
-23
1
12
-63
48
35
-12
51
-4
69
34
-27
41
35
40
31
7
65
46
58
87
18
98
76
42
57
23
67
75
84
-9
90
62
-15
73
-44
-28
-71
-56
-67
-121
-9
-47
-25
-25
-100
-50
-13
-45
-47
4
-7
1
3
9
-34
-50
-10
-46
-23
-24
0
30
4
8
37
53
45
14
33
70
29
-3
5
-4
-5
-16
-13
-16
-8
-8
-62
24
-34
-13
7
-31
34
-47
6
14
17
9
-10
29
19
10
7
54
-10
-12
-22
-56
25
-26
-22
4
-18
11
13
3
26
27
3
13
-19
22
54
20
46
23
24
29
-20
20
-13
-17
19
-43
-12
-69
-39
-49
-120
-10
-49
-38
7
-42
-26
7
11
-27
-29
-16
-18
12
15
0
-16
45
15
13
38
13
25
7
112
69
84
80
55
102
62
111
38
67
57
22
24
-23
-16
-51
-25
-79
-59
-76
-119
-49
-81
3
-9
-39
1
-59
-12
-18
-23
-5
-37
-12
-54
-19
-30
-53
-4
-25
16
-56
15
64
-23
25
4
26
23
14
3
-4
33
13
16
37
13
-26
59
7
-37
52
20
79
-2
3
32
12
95
10
18
75
83
-45
17
42
-42
28
-14
16
-17
-49
-53
-157
-56
-21
-144
-33
-111
-39
20
-105
34
9
6
36
-17
69
-5
-36
80
-49
32
60
-22
52
31
66
2
5
29
-90
33
-7
-66
3
-73
28
-70
-42
16
-106
-22
-50
-27
48
-17
78
97
25
102
17
87
82
23
95
31
89
58
-44
54
-4
-79
14
-27
-19
-46
-8
-11
-99
0
-2
-41
-35
-3
5
-54
-8
80
15
57
73
-25
51
9
15
2
-59
25
-31
-30
-22
-35
-27
-57
-36
-75
-36
-2
-43
-1
3
-17
15
1
12
-1
-46
-3
-4
15
-9
10
31
-16
34
21
3
45
29
-29
3
61
56
6
60
40
34
69
56
35
-44
21
-31
-29
-12
-28
-14
-20
-6
-16
32
-34
-3
5
-6
29
-35
-23
1
-33
-40
-12
-5
-20
-66
-16
-24
-26
-26
-80
-20
-54
13
-6
-94
-35
-18
26
-19
-34
16
-13
3
49
42
55
30
42
67
73
73
26
82
87
73
102
32
19
46
-31
-1
17
-21
-51
-85
-40
-62
-76
-79
-85
-28
9
-12
0
-23
37
34
-19
34
2
44
35
7
4
44
35
12
89
37
25
17
-10
13
-1
1
4
-25
0
-21
-22
3
-66
-23
-10
-20
-36
-22
24
-47
-51
-51
-53
-21
-32
-35
-13
10
36
19
35
34
43
41
30
68
30
2
16
45
19
6
-19
34
54
-22
10
-10
-4
25
18
-28
-45
-21
4
-21
-80
-45
-44
-60
-108
-76
-48
-85
-48
-76
0
-41
-91
-9
-13
3
-70
-14
72
35
-7
35
62
78
101
26
76
84
89
83
55
51
78
66
15
45
-15
24
39
2
12
44
9
5
40
-79
-75
-72
-64
-87
-76
0
-63
-29
35
-73
-88
-23
-59
5
-20
12
31
17
104
32
65
79
87
93
56
66
83
7
-21
31
6
-10
-36
37
6
-3
-76
-53
10
-93
-44
-97
-121
-104
-59
-73
-103
-82
-30
-4
-31
0
-86
3
13
-17
-12
-41
57
52
82
92
47
77
132
117
59
46
117
114
125
68
5
81
54
16
-12
-17
-38
-11
-19
-29
-35
-80
-61
-72
-98
-132
-86
-54
-69
-106
-113
-76
-42
-60
-95
-70
-76
-47
1
-33
-31
-2
104
109
87
136
58
179
152
75
152
92
132
92
61
130
59
80
37
17
68
-27
-11
5
5
-18
-85
-66
-26
-100
-128
-127
-88
-57
-111
-62
-104
-80
-111
-143
-56
-95
-88
-85
-49
-17
-68
13
14
9
59
34
83
67
51
106
105
88
101
99
117
38
-20
60
44
-19
-37
13
51
5
-46
-70
-87
-57
-70
-107
-88
-50
-24
-42
7
-11
1
51
13
47
13
46
105
83
50
32
112
100
73
77
52
110
101
50
88
50
13
51
31
-25
-41
0
0
-7
-35
-96
-26
-56
-96
-79
-95
-41
-147
-84
-72
-124
-61
-159
-73
-23
-85
-101
-53
-29
-64
-36
31
27
34
99
61
119
102
80
108
153
139
71
129
49
28
56
