-41
-41
-41
-36
-30
-47
-41
-27
-21
-27
-25
-19
0
2
4
13
12
14
23
18
7
32
12
11
12
8
16
6
12
13
5
4
-6
-15
2
-16
-24
-25
-26
-19
-19
2
-3
-17
-17
-12
-19
-22
-12
-4
-7
7
0
3
28
25
22
24
21
0
9
18
12
17
23
27
27
19
16
16
10
16
0
0
-1
-7
0
-9
-10
-16
-12
-20
-22
-19
-10
-18
-15
-8
-19
-29
-31
-8
-22
-12
3
17
7
4
29
13
19
12
13
4
10
21
11
26
25
19
20
39
19
5
9
6
5
1
-2
-8
-13
-15
-12
-18
-1
-7
-31
-22
-6
-9
-26
-13
-13
-29
-25
-17
-25
-8
-7
-9
12
9
15
8
23
25
17
31
19
4
-4
0
-1
1
9
9
-12
-6
2
-14
-15
-18
-26
-36
-38
-28
-16
-19
-23
-24
-22
-13
-14
-3
3
-4
-3
11
12
16
33
32
28
29
30
50
56
40
51
38
34
38
26
29
7
2
11
7
-9
-21
-20
-25
-26
-14
-10
-15
-23
-45
-51
-37
-19
-23
-35
-3
2
-16
-14
-2
4
-3
-10
-12
-1
-3
2
14
30
26
18
34
36
27
25
39
21
28
29
3
2
5
3
-7
-10
-18
-27
-19
-27
-44
-44
-48
-48
-37
-35
-41
-31
-22
-27
-16
-12
-2
9
-7
-5
8
-1
6
11
36
31
22
41
37
44
38
41
38
27
14
13
20
25
20
5
2
-3
-4
-10
3
-2
-9
-12
-26
-16
-27
-25
-29
-23
-20
-29
-20
-20
-7
-23
-13
-3
-10
10
2
9
28
34
38
43
46
44
33
40
45
29
22
27
25
10
13
-7
-14
-10
-16
-25
-33
-25
-26
-22
-38
-42
-40
-49
-44
-47
-54
-49
-48
-44
-40
-32
-10
0
5
7
15
38
28
16
26
34
30
22
32
23
17
9
14
21
13
13
9
12
9
0
3
6
3
15
3
0
7
4
-2
-6
-10
-21
-19
-29
-23
-25
-22
-11
-7
-3
-8
-13
2
11
0
26
34
25
14
31
34
22
25
22
27
10
13
-1
0
7
-5
-2
-4
-5
-21
-19
-20
-25
-22
-16
-12
-17
-21
-18
-7
-7
-6
-6
-5
-14
-12
-4
-16
19
24
-6
-1
-5
-1
3
9
7
19
18
14
35
17
15
14
1
8
4
9
9
1
0
-3
-16
-11
-11
-9
-10
-32
-28
-28
-31
-39
-45
-40
-35
-25
-21
-20
-19
-17
-8
3
3
8
10
8
20
26
35
29
22
29
33
24
23
26
17
18
25
22
12
24
12
4
10
10
13
6
19
8
-3
10
12
13
8
8
-9
-16
6
-9
-14
3
-9
-8
-10
-10
-9
-4
-3
-20
-9
1
6
9
3
8
0
1
-4
-25
-8
-11
-19
-20
-21
-21
-22
-7
-9
-4
0
5
1
4
-3
-24
-25
-18
-7
-24
-7
-7
-18
-11
-26
-7
6
-2
-5
-9
7
-1
-5
16
7
7
-1
5
7
3
2
11
19
23
29
11
24
18
10
7
15
13
6
29
9
1
-6
-3
-1
5
12
4
-2
3
8
-3
1
9
13
12
17
8
9
4
6
24
5
8
13
-3
-15
-13
-10
-12
-2
-6
-18
-20
-23
-24
-33
-21
-10
-6
-16
-27
-19
-20
-16
-7
4
4
3
2
6
7
7
16
20
16
25
12
-5
5
-3
2
8
16
10
9
10
6
25
19
9
7
13
0
1
0
-12
-17
-5
-9
-21
-12
-22
-17
-19
-28
-20
-10
-24
-23
-15
-6
-19
-21
-3
-7
-5
0
1
-17
-3
-3
0
15
15
17
19
3
-2
14
15
13
19
30
20
15
11
8
5
6
6
-1
10
8
24
22
4
16
6
1
8
4
3
4
0
5
2
-7
-3
-3
2
0
-6
-6
-9
-7
-7
-15
-29
-26
-28
-25
-14
-16
-12
-14
-16
-4
3
-5
4
11
4
-9
-1
4
-11
-11
-6
-12
-10
8
6
13
14
13
11
13
13
2
9
7
22
24
10
12
16
8
0
16
23
14
-1
1
1
2
12
-1
-2
-10
-28
-43
-37
-31
-31
-26
-24
-14
-21
-22
-7
-16
-6
-13
-14
12
6
3
2
0
2
8
5
10
5
-1
6
0
6
7
16
18
39
30
15
45
38
25
15
27
21
19
29
12
4
14
2
0
11
8
-1
-9
-13
-19
-7
-12
-30
-41
-35
-24
-29
-17
-24
-37
-28
-25
-37
-34
-8
-10
-30
-22
-6
-5
-7
-3
-6
-4
9
5
-4
0
0
16
13
6
6
10
11
-10
10
15
5
12
25
30
21
40
41
23
21
31
26
9
14
7
-3
8
-3
-3
-1
8
6
-6
-4
3
15
1
3
-3
-6
-18
-26
-13
-23
-13
1
3
-9
-19
-10
4
-17
-32
-16
-9
-13
-8
6
-1
-15
-24
-4
0
-3
-5
-6
-3
-18
1
-4
-4
-3
1
7
4
15
5
14
7
3
0
2
6
-6
-1
0
7
11
9
7
6
9
13
7
10
1
-2
8
10
6
-2
10
9
6
2
5
16
8
2
4
2
4
7
13
0
1
6
-21
-20
-7
3
-3
-6
-14
-13
-17
-33
-17
-19
-9
4
2
3
-2
-4
9
19
7
16
26
22
3
10
2
-7
1
-3
-3
-11
8
-6
-16
-14
-18
-24
-27
-24
-19
-25
-31
-20
-29
-24
-15
-2
-2
-1
2
-3
3
8
0
1
15
14
3
3
18
11
19
5
17
37
26
28
34
34
28
28
25
35
32
32
20
13
13
5
-1
-4
-6
-18
-26
-37
-33
-34
-35
-34
-34
-31
-23
-24
-19
-14
-29
-13
-3
-1
7
11
6
-3
-4
1
6
1
9
16
25
18
9
11
6
22
11
17
22
6
22
16
16
-2
-3
-7
-16
-15
-23
-23
-31
-24
-26
-28
-26
-29
-41
-38
-21
-21
-23
-6
5
-3
-4
7
11
13
10
13
24
22
25
25
5
6
29
38
33
32
29
25
29
28
30
26
22
16
21
25
12
6
1
-6
-5
6
-12
-20
-12
-18
-14
-16
-26
-23
-26
-24
-29
-23
-10
-20
-6
-2
-10
-4
0
0
4
9
0
6
11
10
9
-5
2
3
-4
1
-4
-3
-7
2
10
-7
-16
-15
-21
-19
-16
-25
-20
-26
-37
-40
-15
-16
-36
-28
-21
-26
-19
3
-18
-9
6
1
8
17
35
34
42
41
37
56
66
60
52
39
51
48
46
47
26
22
31
12
0
10
-3
3
-10
-29
-25
-16
-29
-35
-34
-37
-35
-38
-21
-29
-31
-38
-22
-9
-4
2
-3
4
-2
10
16
17
3
1
7
16
10
12
19
21
23
10
0
-8
-7
-9
-1
-18
-16
-18
-16
-5
-20
-25
-26
-19
-34
-35
-32
-25
-18
-20
-12
-4
10
10
0
6
16
16
27
41
42
25
23
29
31
26
25
13
7
15
8
9
10
8
5
23
16
2
11
16
9
-4
1
1
5
-6
-19
-27
-20
-20
-43
-26
-22
-37
-40
-33
-19
-25
-22
3
3
4
8
12
-1
-4
11
-6
5
10
6
6
9
7
3
6
1
0
3
19
3
-6
-1
4
-6
-7
5
2
6
-2
-4
-4
5
7
-6
0
-2
-9
-7
0
-9
-14
-16
-16
-4
-11
-5
4
-3
-2
3
10
24
19
19
22
16
23
16
21
12
3
16
22
11
13
15
8
11
4
3
-1
0
0
-3
-7
-33
-30
-17
-12
-20
-24
-9
-4
2
-1
-4
-5
-1
-2
-11
-7
-7
-5
-14
-9
4
0
2
12
10
1
-9
-18
4
6
-9
3
16
9
4
31
25
4
-1
2
-3
-13
-22
-14
-6
-15
-9
-19
-27
-34
-31
-26
-27
-7
1
-4
-3
-5
2
7
17
25
20
28
16
26
39
38
29
27
44
29
29
39
29
18
22
9
21
25
0
-6
-4
-6
-23
-9
-1
-5
-13
-16
-19
-19
-16
-15
-10
-19
-26
-29
-22
-14
-11
-19
-11
-9
-16
-6
-3
-7
-6
-8
-15
-14
-15
-5
-6
-10
-12
-28
-16
-13
-19
-21
-9
5
-3
3
3
-4
2
2
0
0
-1
-2
3
3
5
8
32
46
21
29
43
47
32
28
29
7
13
29
16
3
17
15
7
16
12
3
-2
7
10
3
8
11
3
1
4
-4
-5
-7
-18
-8
-9
-19
-28
-37
-37
-28
-20
-21
-23
-13
-8
6
2
2
12
15
12
-9
-7
-9
-15
-16
-12
-12
1
9
1
-2
-1
20
2
-8
-2
10
19
9
22
28
18
0
-1
5
2
-10
-3
-1
-9
-7
-13
-3
-13
-12
-17
-28
-7
-10
-13
-11
6
1
-12
-20
-4
2
-14
-1
4
11
2
1
2
1
2
3
13
0
-1
12
15
0
-1
6
13
20
30
29
23
22
9
10
9
15
22
8
-5
-1
-15
-35
-13
-13
-28
-38
-37
-31
-28
-27
-28
-9
-13
-9
-6
-1
6
-1
16
24
25
10
25
32
27
38
32
25
16
21
20
10
22
19
8
12
1
8
-9
-7
-8
-16
9
-6
1
-7
-10
-10
-11
-14
-18
-23
-24
4
-1
-7
-16
-14
-20
-21
-2
-3
3
1
3
8
1
3
13
22
16
-4
4
22
19
17
2
-3
1
0
1
-7
-13
-6
-3
-7
-18
-26
-32
-38
-36
-42
-29
-31
-21
-10
-30
-26
-5
-6
-3
4
-1
4
0
2
2
8
19
20
23
6
11
9
9
15
4
19
31
26
26
25
31
29
12
16
15
11
14
0
7
3
1
1
-5
8
3
-7
-3
6
7
13
14
12
6
13
15
13
20
8
13
24
13
0
8
-1
-6
-12
-12
-14
-18
-18
-27
-22
-29
-29
-25
-35
-32
-28
-29
-23
-16
-17
-23
-18
-21
-16
-3
-9
-9
-10
-3
-1
-3
12
12
-13
-8
-1
-8
-3
-2
-4
4
2
2
19
33
32
15
17
25
6
15
34
19
11
11
9
10
13
13
15
16
13
7
-3
2
10
-1
0
2
-18
-19
-6
-3
-13
-5
7
-8
-6
-6
-1
-4
-10
-10
2
19
4
-3
-4
-7
-21
-8
-4
-16
-24
-24
-19
-13
-18
-34
-18
-12
-19
-24
-15
-7
0
-7
-4
15
22
28
21
32
32
46
51
40
31
23
15
16
19
16
19
12
14
5
3
2
9
1
-6
0
3
4
-5
9
6
-7
-13
-12
-16
-12
-9
-22
-13
-24
-14
-12
-31
-22
-31
-3
-10
-28
-11
-18
-11
4
8
0
-9
-14
-7
1
-2
6
10
-3
-4
3
3
10
-3
13
23
6
12
5
6
10
4
7
11
11
-6
-3
-3
0
1
-10
2
-2
-7
-9
-3
4
0
-8
-4
-15
-27
-3
-10
-10
-15
-17
-12
-9
-15
-6
9
5
7
10
14
0
5
-6
9
17
4
5
-5
3
-2
8
20
27
21
22
21
24
22
14
29
29
31
22
20
9
-2
-5
0
13
5
14
6
-5
0
-6
-11
-3
-1
-13
-8
-9
-26
-23
-22
-13
1
-17
-25
-20
-7
-16
-17
9
-3
-15
-28
-28
-18
-22
-2
-2
-20
-17
-16
-19
-19
-15
-3
-1
-3
0
-9
-8
-5
-10
-9
6
5
16
25
19
24
26
35
26
32
25
14
19
17
26
34
31
25
24
12
16
3
-8
-6
-7
5
1
0
0
-4
-10
-14
-21
-19
-2
-7
-20
-10
-7
-9
-4
-9
-13
-18
-23
-22
-21
-17
-20
-14
5
-4
-7
4
16
20
1
-9
-16
-12
0
0
-2
-6
-4
-1
5
9
9
8
7
-4
2
6
0
-1
0
8
0
9
11
-1
3
7
-3
-15
-4
8
4
-5
-4
6
9
2
10
15
23
31
18
32
39
25
22
23
19
13
30
35
14
6
-6
-13
-7
4
-2
-19
-13
-11
-19
-25
-10
-17
-14
-3
-1
-11
-26
-18
-31
-9
-11
-27
-24
-12
-9
-25
-17
-20
-19
-19
-4
-3
-19
-7
6
8
9
0
11
12
5
19
15
12
2
7
13
15
12
13
10
-15
6
0
-9
-3
-26
-23
-29
-32
-30
-24
-14
-17
-9
3
21
24
10
27
23
6
1
-6
20
29
29
23
30
36
26
25
12
2
8
9
1
-12
-7
7
-12
-14
-8
0
-9
-23
-9
1
-6
-3
-10
-13
2
-16
-10
-1
-7
-9
-7
0
4
4
14
19
14
32
42
50
49
46
35
32
44
16
3
3
0
-3
-16
-19
-18
-16
-29
-38
-22
-26
-51
-50
-38
-40
-41
-37
-34
-27
-34
-29
-19
-16
-9
-10
-3
4
12
18
19
21
22
27
33
31
19
30
30
20
16
16
22
13
10
-5
1
-3
-15
-7
-15
-17
-15
-13
-24
-28
-28
-20
-8
-17
-16
0
-10
-19
-4
3
5
9
23
24
22
18
19
23
23
29
16
32
23
14
21
4
5
-4
-1
-3
-6
-3
-8
-9
-4
-5
-9
-6
-15
-12
-15
3
-10
-24
-24
-28
-14
-21
-16
-20
-15
-14
-13
-3
3
-4
-2
7
7
19
3
11
28
17
30
40
53
63
53
37
37
38
26
35
20
14
8
-19
-19
-23
-24
-22
-22
-9
-15
-40
-24
-6
-19
-21
-10
3
-8
-18
-23
-26
-37
-32
-26
-23
-14
-12
0
3
6
6
5
5
23
26
18
16
8
7
4
4
10
-1
-8
6
-12
-20
-29
-27
-25
-32
-28
-31
-24
-23
-10
-5
2
-1
5
12
0
-9
-6
21
16
16
21
18
22
14
22
29
44
38
24
26
22
21
12
11
24
17
0
6
1
3
-3
-3
-5
-25
-19
-12
-14
-22
-19
-11
-4
-15
-20
-25
-29
-11
-9
-16
0
10
16
10
4
17
24
40
39
48
43
34
25
28
41
17
11
16
6
-19
-10
-10
-21
-18
-11
-26
-44
-24
-34
-44
-36
-35
-40
-41
-33
-33
-34
-12
-10
-14
-6
-6
0
1
3
9
20
12
9
9
29
38
22
28
27
22
13
14
13
9
0
-6
-11
-17
-24
-21
-12
-23
-24
-21
-20
-23
-19
-28
-35
-17
-18
-22
-13
7
12
2
0
15
5
11
19
16
25
13
22
37
26
28
35
37
45
35
28
34
35
35
32
25
17
17
19
20
22
13
13
2
-7
-10
-30
-41
-38
-35
-42
-44
-53
-41
-47
-46
-29
-39
-33
-16
-13
-11
-12
-19
-3
6
4
-2
6
12
13
17
33
32
16
13
1
24
26
-1
1
10
14
9
12
18
13
4
10
13
-7
-3
-4
-19
-15
-14
-16
-13
-14
-31
-31
-21
-16
-16
-9
-6
-13
2
6
5
6
11
11
16
31
29
16
4
15
9
-1
0
-3
4
0
-9
-17
-4
-7
-15
-8
-19
-26
-25
-20
-12
-16
-9
-3
-1
3
-12
-11
-10
-9
-7
8
10
12
15
19
23
25
35
34
34
25
25
20
17
8
9
0
-3
7
-2
-6
-12
6
-4
-3
-9
-9
15
4
3
10
1
-7
-4
-3
-8
-15
-7
-6
-14
-21
-22
-11
-5
-8
6
6
-2
13
4
6
12
12
2
5
5
6
5
-10
-3
0
-1
-6
0
0
-9
-7
-5
1
-6
-16
-16
-10
-26
-11
-10
-23
-9
-16
-7
-5
-14
-16
-13
-3
6
8
9
16
14
22
26
22
22
12
24
38
28
28
19
25
31
15
13
19
25
15
12
10
5
-15
-25
-10
-21
-21
-29
-26
-24
-25
-18
-20
-15
-41
-28
-19
-28
-26
-26
-23
-29
-15
-19
-1
7
1
12
3
13
13
7
2
3
9
12
21
12
17
27
29
21
13
25
6
1
9
-9
-12
-5
-1
-13
-15
-5
-10
-1
3
-7
-5
6
-10
-13
4
1
3
8
22
15
22
22
9
15
14
10
5
10
3
7
12
7
10
-3
12
13
11
10
14
19
13
7
-6
-4
-3
0
-2
-3
-14
-23
-21
-28
-19
-35
-49
-43
-50
-51
-39
-18
-15
-28
-22
-15
-5
-4
-5
9
16
22
24
27
28
9
6
11
14
19
9
7
16
17
15
22
3
6
15
6
3
-7
-15
-10
-3
-8
-3
-14
-18
-11
-7
-18
-20
-14
-21
-10
1
6
1
3
11
13
16
29
29
22
25
19
19
12
10
12
-3
-5
-1
-2
6
15
16
4
-10
-3
9
-7
-16
-6
3
-2
-12
-15
-24
-8
6
-3
-11
2
-2
-10
-2
-9
-6
-4
7
4
2
3
4
6
15
21
-4
5
3
1
6
4
3
-17
-16
-19
-14
-16
-22
-13
-24
-31
-32
-29
-17
-14
-3
2
-4
-1
-1
-4
2
3
9
19
16
8
15
20
15
21
24
31
25
19
26
8
4
7
-6
0
0
-13
-15
-10
-19
-18
-12
-13
-8
-8
-14
-7
-6
-3
-2
-4
17
1
8
25
13
23
27
33
28
30
25
22
13
3
3
1
7
-10
0
1
-10
-9
-17
-12
-24
-13
-17
-28
-8
0
-6
-20
-15
-22
-28
-21
-18
-13
-13
-5
-2
-18
-19
-17
-23
-22
-10
-5
-15
-4
-2
1
8
8
13
0
19
23
13
6
16
28
21
20
16
15
9
16
23
23
10
20
11
5
19
23
14
9
24
15
13
9
13
4
6
14
0
-8
4
1
-6
3
-9
-15
-26
-24
-15
-19
-22
-10
-19
-24
-13
-20
-27
-31
-31
-28
-19
-15
-15
-11
-5
-4
-5
9
10
-3
0
6
12
11
13
23
12
4
12
1
-4
0
1
9
10
7
1
15
10
0
-1
-2
-2
-6
4
-3
-4
-2
6
-4
-8
-1
-6
7
-4
-5
-3
-2
-1
-4
-13
-10
9
2
5
1
6
13
6
-13
-6
12
-1
-7
-10
-7
-3
4
1
5
10
15
11
10
1
-3
10
4
19
19
13
9
0
0
2
16
29
21
9
16
19
7
0
14
11
0
-12
-14
2
6
13
14
10
3
-12
-19
-23
-22
-12
-5
-15
-25
-35
-41
-27
-11
-12
-7
4
10
3
1
-7
-9
-22
-32
1
-4
-3
-12
-18
-9
-18
-11
-13
-19
-16
-13
-15
-6
-19
-36
-25
-21
-15
-6
-6
5
12
3
9
23
38
36
28
28
31
34
22
34
38
29
34
42
35
22
14
15
22
23
29
13
11
4
-6
1
1
3
-11
-13
-19
-20
-9
-6
-9
-13
-13
-24
-26
-11
-16
-19
-5
-7
-13
-13
-7
10
8
7
4
-3
4
1
1
1
0
-17
-14
-2
3
6
2
2
-3
0
-6
-6
-2
-6
-16
-11
-3
-7
-13
-5
6
-9
-10
0
7
-4
-2
2
-4
-3
-2
6
2
0
10
11
10
12
6
12
4
8
14
3
11
25
27
6
-4
0
-5
-9
2
6
6
1
7
10
-13
-16
-21
-10
-7
-12
-23
-15
-16
-45
-12
-11
-34
-21
-12
-9
-31
-29
-20
-16
-6
7
11
22
25
15
33
29
37
38
31
34
38
39
30
29
23
24
25
27
25
28
19
5
-9
-10
-4
-20
-21
-17
-23
-38
-29
-23
-28
-39
-40
-41
-38
-21
-18
-7
-10
-13
-10
-7
-5
-1
1
-7
6
12
22
14
12
22
18
13
15
26
20
18
9
6
16
12
0
-7
-3
-5
-6
-7
-12
-22
-25
-6
-13
-23
-9
-10
-10
-17
-9
-17
-13
-5
-16
-6
-14
-9
8
18
13
8
18
26
23
38
42
22
17
30
34
27
29
16
28
19
17
-3
-16
-2
-7
-6
-10
-18
-40
-35
-40
-36
-32
-20
-22
-23
-14
-24
-3
-3
-1
-19
-7
-5
-10
1
1
8
17
38
34
24
32
36
34
36
28
23
6
-3
0
-2
-9
-19
-15
-21
-28
-20
-23
-26
-40
-38
-12
-20
-28
-25
-12
-14
-19
-7
-14
-19
-9
6
-1
6
21
22
14
0
12
22
19
19
28
26
20
24
26
27
26
35
34
27
18
14
9
-5
-10
-5
6
-6
-13
-1
3
0
-6
-7
-20
-32
-13
-10
-11
-8
-10
0
-17
-10
0
6
6
-2
11
13
21
10
3
0
6
6
-9
-3
-10
-23
-16
-6
1
-9
-21
-8
-5
-10
2
-13
-27
-23
-28
-24
-15
-15
-23
-15
-16
-21
-15
-11
-6
-4
8
10
6
13
17
19
16
14
26
27
24
21
25
34
32
25
35
47
31
26
29
27
17
9
20
6
-6
-6
-14
-16
-7
-10
-16
-24
-23
-34
-34
-23
-28
-9
-10
-15
-19
-28
-8
1
3
-17
-23
6
6
0
9
18
13
9
11
9
12
23
12
1
18
16
24
21
6
6
1
2
-10
-12
-14
-18
-23
-32
-16
-17
-26
-21
-19
-19
-18
-16
-23
-9
-5
-17
-3
5
12
12
20
26
23
26
27
35
29
20
15
6
0
11
12
4
7
13
7
0
5
-7
-16
-26
-26
-17
-23
-19
-35
-32
-21
-20
-13
-22
-7
-18
-24
-6
-16
-12
-10
-5
-4
-6
4
21
21
20
26
22
26
25
21
39
29
21
35
36
36
28
45
43
33
23
19
14
9
17
-3
0
-5
-23
-28
-38
-41
-38
-32
-34
-43
-37
-32
-33
-17
-13
-19
-16
-16
-10
-11
-1
5
6
16
11
14
4
17
15
0
9
-3
5
12
13
3
6
23
9
-3
2
-10
-4
4
-2
0
-12
-8
-22
-19
-6
-11
-13
-11
-12
-22
-10
-5
4
6
14
23
23
13
5
18
19
19
10
19
28
10
4
9
-5
-4
-9
-12
0
-3
-7
-7
19
5
-6
0
-10
-5
-2
-6
-6
-6
-12
-25
-26
-10
-15
-20
-9
-2
-1
-6
-2
-7
6
15
4
15
22
13
22
30
12
12
10
21
23
2
7
5
3
9
11
-3
5
-2
-5
-6
-7
3
-10
-8
-16
-20
-31
-22
-16
-21
-3
-21
-22
-3
-12
-13
-3
3
2
-2
16
18
15
21
31
19
15
17
16
13
-1
12
-4
8
9
-5
-10
-10
0
-15
-6
-6
-12
-12
-21
-19
-10
-13
-3
8
1
-4
-5
6
5
4
-3
9
12
-7
3
4
5
-3
2
19
21
30
30
22
20
12
0
13
15
0
-13
-9
-22
-31
-22
-6
-4
-16
-1
-7
-19
-15
-14
-25
-8
-7
-13
-15
-10
-3
-20
-16
-17
-9
-12
-10
-11
-7
0
3
10
6
8
11
19
7
7
6
27
33
17
34
25
25
23
13
26
17
10
4
1
0
0
6
3
4
-1
8
0
-5
3
-7
-10
-12
-10
-3
6
1
-12
-3
-6
-10
-4
-6
7
3
3
7
-1
10
3
4
-1
0
6
4
3
-9
-10
-14
-9
-26
-33
-27
-26
-21
-25
-11
-13
-29
-38
-44
-22
-15
-28
-16
-10
-20
-16
-10
-5
-7
0
9
22
28
23
29
20
16
25
34
32
35
46
39
47
41
28
28
44
24
11
38
32
16
2
-9
-14
-8
2
3
-3
-10
-12
-26
-23
-19
-20
-23
-16
-31
-52
-33
-26
-24
-20
-6
-7
0
-6
-2
10
-3
6
-2
4
16
13
3
10
18
14
26
14
12
22
19
6
1
2
-7
-20
-14
3
-14
-20
0
-5
-12
-6
-9
-19
-9
-3
-29
-23
-23
-24
-23
-31
-11
-1
13
4
-2
4
4
12
3
-1
12
22
16
2
7
20
0
-7
5
8
8
3
3
-2
9
11
1
10
12
5
4
12
10
1
5
19
21
7
-3
0
-16
-20
-6
-3
-3
-10
-15
-13
1
-2
-10
-12
-9
2
-6
5
7
0
7
7
25
22
20
10
5
10
-8
2
1
-2
0
6
10
9
9
-3
6
-1
-3
4
-3
-6
-17
-8
-1
-19
-18
-4
3
0
-12
-22
-14
-7
-9
2
-3
-6
-13
-15
-10
-6
-1
-6
1
-6
2
-4
-11
-7
-5
2
-3
-1
3
3
-4
8
15
7
-5
-3
-2
-11
-4
0
0
3
11
3
6
9
2
8
7
12
19
30
18
18
16
9
13
13
20
11
6
7
22
11
-10
4
0
-5
-13
-16
-12
-13
-14
-20
-21
-16
-23
-28
-24
-36
-43
-22
-16
-26
-12
-13
-5
-9
-3
15
6
12
10
7
10
27
43
42
41
35
32
31
29
32
28
31
31
31
26
25
23
13
-8
-10
-10
-20
-5
-19
-28
-39
-45
-34
-37
-36
-22
-6
-13
-18
-20
-28
-35
-23
-25
-29
-25
-27
-23
-19
-4
-6
-3
0
-9
1
11
3
14
34
33
31
28
35
18
17
28
10
15
26
17
3
3
-4
-6
-9
-6
0
-6
-22
-21
-9
-23
-17
-21
-26
-15
-1
-2
6
18
13
29
25
24
19
19
32
31
30
39
50
33
29
27
25
12
4
10
10
18
6
-7
-6
-17
-27
-27
-24
-26
-22
-19
-22
-28
-41
-51
-63
-57
-53
-47
-32
-36
-29
-25
-10
-4
-9
1
7
12
16
17
19
21
22
9
10
22
25
16
23
46
39
44
31
20
10
10
16
-4
4
-7
-6
-9
-14
-11
-20
-16
-25
-29
-45
-26
-21
-23
-13
-10
3
-1
0
-13
3
11
15
22
20
34
20
15
18
31
36
34
46
34
31
14
7
13
3
-4
-10
-3
-13
-14
-16
-8
-3
-12
-13
-21
-22
-21
-1
0
-14
-11
-13
-14
-20
-18
-26
-21
-12
-14
-10
6
12
-2
-7
-1
-3
-6
7
13
15
13
21
32
40
39
33
32
22
23
19
4
-2
-3
-24
-21
-25
-37
-39
-46
-38
-38
-32
-35
-26
-19
-18
-23
-12
-10
-16
-3
-10
16
11
17
17
17
21
0
7
7
24
21
33
41
43
24
12
29
5
15
5
9
13
0
22
12
3
-2
-13
0
0
-18
-32
-21
-2
-17
-18
-6
-13
-25
-30
-15
-14
-5
-3
-11
17
7
-20
28
44
18
-7
19
41
-3
9
22
9
10
37
31
60
55
8
3
-9
0
-6
-7
-21
-13
-52
-57
-55
-56
-36
-23
-34
-98
-50
-35
-41
-35
-11
-20
4
16
21
35
-2
25
7
59
35
13
45
47
38
15
61
35
19
15
86
72
-6
35
28
54
4
-54
-14
-37
-47
-23
-102
-96
-29
-94
-50
-93
-104
-46
-63
33
4
-88
-67
11
9
-13
-6
7
49
72
116
93
63
128
145
171
150
33
84
122
38
14
57
87
66
10
20
23
-63
-137
-109
-64
-118
-103
-130
-120
-135
-230
-173
-128
-116
-94
-49
-63
3
-10
-47
17
-64
-37
23
24
43
45
102
109
151
222
116
107
119
114
15
70
40
-21
109
6
128
106
149
57
28
152
20
53
-2
-6
-81
-79
-67
-98
-119
-161
-126
-135
-146
-144
-203
-191
-58
-133
-92
-25
-44
-3
67
120
50
40
50
9
23
79
53
66
69
49
-31
41
149
-29
46
126
129
125
48
-60
-132
-41
-56
-64
-73
-39
-66
-28
30
-140
-228
-42
-5
-195
-123
-222
-217
-103
41
98
-6
425
476
478
546
378
-114
-136
516
-411
-306
-138
-533
-80
1375
786
-1435
658
497
-696
-447
-544
-1420
-1003
1419
679
-230
0
874
528
-1081
209
181
-1805
4
1033
1031
158
-66
-89
-14
-32
-487
1047
-1676
-1206
2333
1062
-1329
-656
1227
571
-2030
796
1509
-1227
-977
561
-1005
-1961
2203
-1290
60
-22
639
2826
-275
-1614
-1248
2278
-532
-155
-416
1240
1497
-1898
2229
362
-2442
1939
1509
-1273
-584
279
-987
-296
-1505
-2216
1498
-233
963
951
182
-983
-1127
-393
-206
-1769
-1034
2163
640
476
-181
665
-2363
407
-546
877
2866
-586
1441
2461
289
-3522
1396
-439
-2673
1965
2431
957
169
-533
589
-1886
-2447
-847
752
-607
2059
1799
-3513
2988
-1763
-3052
599
273
-1723
1544
3023
-1322
-283
-50
-980
-1999
930
-124
1611
572
887
790
-782
-891
-1039
1418
-1728
2147
828
-1321
2755
-1558
-1459
1536
-1257
-1629
1581
518
-1345
1770
-639
-1225
2600
-1461
303
1901
-2286
1018
176
398
-227
-1702
1627
-581
945
-1276
70
-686
-3026
3243
-2335
683
-631
-1115
1948
-3206
2940
-2693
212
1042
-452
1309
-433
3917
-2349
3602
-65
-643
6093
-4575
2207
834
-2268
1464
-1392
4335
-5534
955
1539
-884
-312
-3297
4800
-8474
1090
685
-2241
-1521
-2586
3083
-3136
-355
904
-680
-2147
558
1549
1852
-717
2815
416
1510
-854
-116
5198
-818
1558
615
3550
-1818
313
728
-3563
-2365
924
4135
-975
-1296
-841
-198
-1013
-2110
-1144
909
-1588
1550
3675
810
-3014
-1714
-959
1378
-304
-2313
6333
-2422
-2237
2109
671
-2649
-2347
1338
1326
1350
-581
2228
-2254
-574
195
-43
-774
-828
675
-493
2550
-1110
120
1511
-258
282
492
885
108
-891
2156
-1339
-1503
1643
1115
-1417
-1694
2072
-1228
996
-1169
-4488
836
1189
-1673
1788
-2464
659
-341
108
1860
-1434
2118
-2358
5186
-361
-1291
693
-812
1899
-978
454
-366
1333
151
-1194
2842
-2374
-1297
949
-4015
956
-832
551
-1127
2666
-324
-2677
2141
-2747
-260
1762
147
887
2346
-1786
-357
-162
-747
-251
3157
-1298
3504
65
-2482
4293
-6022
857
83
760
1310
516
-720
-2210
1993
-2240
2625
-591
-1576
1592
-2646
2105
-181
-1939
-997
-110
994
-890
3884
-1772
-76
2672
-707
-1124
234
-2114
-1348
3289
386
2442
-1770
-628
-1027
-1776
-788
1829
499
-1806
3448
36
-1450
-1766
365
-1158
-90
872
892
-771
815
563
-2573
1910
-689
-7
-451
1073
1057
2053
-401
1351
-527
-4523
4117
-299
61
513
1592
-827
1119
922
-4266
-2001
-1422
424
961
3327
-1986
-529
-1732
-961
-966
-1087
1490
969
1627
684
1682
-4165
-82
-863
1336
1194
1819
2068
-2050
2351
-708
-2712
-93
1759
-2214
5338
-628
-1669
770
-2725
-605
-3584
2975
-1999
1795
2220
-572
-165
-3620
-93
-1279
1828
498
2110
504
-39
3686
-4108
-1465
-449
-78
2271
2391
1659
-2014
2033
-2255
-1566
265
-1054
54
418
2136
-470
1063
-1073
-1031
-1612
-724
1510
611
601
-341
32
-525
248
-1193
173
-1249
-409
2599
353
1747
-2712
-1634
1194
-1933
2531
1093
-1154
18
83
-157
-455
590
729
-818
-618
3156
-833
-2102
1580
-1421
-1021
2688
-887
1707
-391
-2659
894
-2259
1139
-1702
283
1948
-338
-358
726
308
-2999
-74
356
4139
54
1273
528
-2385
936
-1884
137
477
424
690
283
1328
825
-3846
-652
-78
-1828
1855
251
1063
1461
-1997
613
-706
-3324
606
234
1062
2905
2918
-1753
-584
-1998
-2386
-485
-23
3886
338
1655
-54
-1108
-1353
-2052
-575
-724
2474
1912
-130
-12
-1937
-2761
-574
1580
110
364
2158
-161
468
-1053
1256
-353
-2390
2759
288
-257
2093
-245
-2029
351
200
87
-559
-813
1011
-101
-534
1226
-1528
-2140
759
291
123
-442
1601
-446
-1156
696
-356
-88
461
786
113
1514
-350
-641
547
-1132
-294
1051
-408
1605
60
-2308
656
-730
14
-247
1142
-1040
-652
763
535
1605
-1523
819
-1661
-611
-312
22
1948
-613
1199
626
-1282
-167
74
-1909
5
755
382
1113
381
-1194
-824
-1330
-455
30
-595
1428
75
1463
488
181
-194
-1575
-237
-487
1029
646
2244
1315
-706
215
-1093
-557
-890
376
1818
503
887
132
-1022
-1033
-1417
-690
1167
-486
1220
1167
-1077
293
-2226
-904
164
-476
83
542
-260
-728
291
-433
-622
-1282
-1423
173
201
74
1360
-1190
555
-154
-1323
56
-673
1057
333
2001
340
645
936
-350
1470
-262
1157
1994
637
423
-123
-179
-808
375
502
-671
389
81
542
-858
-822
436
-1442
-551
261
-163
-163
-348
-219
-415
37
538
-705
-267
150
447
640
638
456
-782
672
1028
810
814
1391
38
-513
540
-418
303
453
826
582
656
429
-1441
-1972
-1050
-1382
-163
987
367
-1108
-1438
-1623
-3643
-1111
-1384
-411
1855
300
76
-1852
-1583
-1055
-1764
515
857
1365
950
673
11
-1663
-180
-717
710
1758
2095
1169
-43
643
-1264
-671
349
956
1051
67
1206
491
-1139
-661
46
-456
111
359
-405
1170
-157
-8
386
-320
375
-902
665
523
50
-464
-1135
-163
-1444
-2433
-2676
-1221
-1496
-207
856
109
75
-1249
91
1958
1723
953
1167
781
3291
4559
3970
2262
2674
5179
5428
5113
2387
905
116
3374
2921
2499
3016
-432
418
-1383
-2785
-1946
-3521
-4075
-3648
-2046
-1754
-3906
-5789
-7910
-6719
-4718
-3693
-4019
-3050
-229
-680
-1316
-2644
-1836
-1844
-1555
2527
2986
3308
2857
2095
997
-235
552
141
1580
2009
3308
3325
965
-448
-2235
-417
-1498
-2206
1221
1788
1111
-1075
-2378
-2516
-3564
-1934
173
1072
791
-175
-406
-170
-850
-1614
290
1512
3038
3525
3073
945
-421
381
492
1826
1959
3518
3515
2259
-152
-1059
-1154
-801
1079
1519
2086
1598
627
-2027
-1878
-2492
-394
1850
1364
301
-881
-968
-2794
-2842
-3914
-1534
-986
-271
32
-111
117
-1525
207
224
1610
1755
2060
666
1086
2144
4286
6704
2846
4235
4148
5304
5724
2492
1512
323
3006
4823
5166
3136
-1183
-1129
-3380
-2389
-1360
-4496
-4309
-6325
-3529
-3835
-6380
-7749
-11029
-8330
-7124
-5198
-3722
-4863
-3636
-3727
-3916
-4192
-3622
-1663
-962
1630
3334
4527
3572
604
738
1282
2299
2483
3733
4739
4473
4502
1868
556
-802
-1717
-358
1755
3782
1361
-200
-298
-2595
-3045
-3234
-835
-73
1437
4173
-714
-89
-2031
-1138
926
-1229
2427
1204
4764
4312
1182
619
-778
859
183
3099
5015
4860
3422
576
248
-133
-209
341
1299
2172
1084
1796
1951
-1194
-2297
-2126
218
2504
635
335
-426
-1277
-181
-1918
-699
361
562
1005
378
-1007
-2372
-740
-357
263
-498
-631
-987
-245
-512
-2764
-565
-803
516
300
-2183
-1700
-2121
-1155
-2199
-1413
1081
-252
-800
-897
-94
-359
22
1069
271
-459
-556
634
1318
1770
21
-69
-154
-1442
-996
-327
-24
-1022
-1073
-953
352
-1732
-2886
-1978
-2549
-498
261
48
48
-1223
-2068
-1873
-1142
193
-830
-746
-324
821
901
-511
260
-720
-521
-207
639
808
1069
998
59
787
630
196
335
1482
1185
1195
1681
2045
1139
-78
1174
2291
2425
1893
1716
2529
1996
428
1531
1916
1313
1004
1504
1213
-774
436
791
-753
-410
-385
-367
-894
-356
-537
-1725
-1338
-187
408
-2244
-418
8
-477
-809
-231
1554
-97
224
109
1362
-792
537
2297
711
-37
1397
2022
236
771
-243
1078
164
746
158
-497
-1406
-1527
-146
-2485
-2330
-2780
-2587
-2307
-2650
-1885
-159
-3537
-4577
-2510
-2353
-1755
-2256
-1431
-1067
-516
1763
2715
872
-936
122
4793
4760
3678
2104
815
2791
3856
5016
3926
1954
644
3013
3587
361
-1272
-1435
-400
489
-757
-1393
-3738
-5475
-3658
-3797
-3724
-3601
-3140
-2213
-2321
-4063
-4793
-3771
-1743
-609
38
1000
712
756
267
594
26
227
2184
3506
4540
3729
2219
2280
1904
1197
1990
2609
2892
2964
2691
1778
-28
-424
454
-307
-168
266
555
401
-728
-2062
-2607
-1347
-1945
-1290
-1440
-641
-1015
-3263
-1606
-1041
-1810
-2424
-652
128
534
548
1046
-675
-2346
1204
1641
3694
2403
741
2114
2128
2973
1003
560
360
3375
4423
2568
1784
-1496
-493
1019
1098
-558
-1266
-372
-912
-1368
-2934
-3555
-2777
-3472
-3259
-1170
-2869
-1616
433
-1823
-4851
-2914
2387
1249
-510
-1896
124
2863
5682
6915
2754
-817
751
8855
9973
3657
282
3047
6510
7849
4420
1517
-305
-1151
2577
2167
-1997
-4867
-1890
-1105
-3366
-7146
-9613
-6899
-5834
-7326
-7101
-6249
-7078
-6348
-5350
-5480
-7116
-6660
-2805
-1127
-2243
-1413
-274
1193
521
-325
2031
3519
3012
3373
5609
4891
4924
3667
4179
4208
2592
3945
4884
4364
2772
2947
2196
1207
-943
-783
332
776
927
-242
-354
-1733
-3192
-1326
353
-1009
-1281
-1529
4
-965
-1742
-536
-364
-964
-1686
1272
1028
510
1049
2162
281
-1372
1465
2173
2318
1020
1882
2784
1273
1618
633
-593
1478
3942
3201
203
647
-706
-432
1079
1117
2579
-863
1233
-872
-4355
-2439
-2682
-63
-1110
-251
-980
-3024
-3961
-2850
146
-2241
-1015
581
346
-633
-2210
-1918
-1047
756
4814
5853
1653
-2105
1349
5561
2504
1987
1478
2123
4510
4173
2552
-1681
-3390
157
2234
-183
-3876
-4283
-2033
-1776
-4348
-7097
-6495
-5141
-3482
-3891
-5917
-6028
-4427
-3006
-2840
-3295
-4231
-2437
-2149
-866
581
-374
1482
2159
1259
-336
283
3037
3548
3022
3376
3459
3097
2149
1178
2051
2209
2992
4202
3916
2148
696
891
1440
769
619
1848
2917
2621
902
1257
-706
-1426
215
1283
1314
367
657
-167
-413
-1674
-789
-271
-712
765
5
-198
-79
-1022
-594
-25
-231
-168
-70
1835
1053
-310
923
661
1149
383
1455
1835
876
1955
756
-673
-864
23
166
3068
1972
-1761
-2698
-3635
-2667
-1218
-132
-1317
-1170
-2457
-3116
-4280
-3628
47
-1574
-1606
-68
573
-1487
-3848
-2375
-2156
819
6189
5511
239
-3982
-322
6502
4610
-627
741
4443
5992
5299
1673
-2077
-2185
1576
6191
3865
-3393
-2909
1233
1105
-2926
-5698
-3833
-1191
-1148
-3050
-5399
-6209
-4014
-1521
-1530
-4647
-5722
-3166
-1520
-2475
-3161
-2065
284
1828
-390
-2852
-2116
208
2205
3396
2732
2339
2553
2103
2412
1788
2169
3871
5081
5074
2766
2152
1863
1410
1681
1166
2180
2944
2498
1057
-929
-1980
-1464
1066
1257
-758
-1486
-1280
-1787
-2141
-1073
-1077
-1644
-1458
-519
-1286
-1844
-1210
-565
-300
-775
834
650
337
889
1243
176
-296
2204
1959
759
1544
2302
1438
1308
1253
197
-1877
475
2692
1223
-4
-1426
-1184
-3591
-2373
-708
-1493
-1598
-755
-133
-2674
-4003
-3254
58
386
23
655
-182
-3036
-3023
3806
7740
2785
-1454
1456
4398
6730
5265
1452
-1463
1632
10258
10856
2271
-5266
-2224
4451
4817
228
-2182
-1036
-246
102
-3581
-8758
-8471
-3478
-307
-4825
-9428
-7423
-4856
-5172
-7477
-7715
-4523
-1944
-1856
-4727
-6170
-3558
1214
3449
405
-2032
-391
2879
3558
3208
3349
3834
5525
5553
3646
2429
3293
5787
6168
4007
3267
3608
3330
1295
-285
392
1517
2352
1476
-523
-2212
-3504
-1899
-187
-1843
-1852
-1038
-2143
-3090
-3426
-2587
-1029
-1182
-410
-681
-1969
-1221
-1221
508
516
1588
779
-710
22
-42
2426
2086
2891
880
827
973
238
3296
3028
2374
1004
1125
-190
-910
456
1942
213
-1657
-2367
-2803
-2059
-1504
-813
-1710
341
-1185
-1395
-2567
-2585
-180
-2
1283
-610
1973
4532
5987
1796
-2053
2073
7828
12790
8574
-469
-2822
4726
11544
10194
2615
-1669
2078
6256
3294
-3193
-6738
-3341
3747
1231
-7192
-12839
-11561
-5613
-5444
-9351
-10771
-9187
-7725
-8942
-11206
-11587
-7180
-3226
-4097
-7009
-7504
-1846
2136
205
-2704
-1734
4013
7205
6104
4179
2870
4908
8009
8521
6705
5425
6747
8195
6814
3241
3545
5618
4656
2827
468
298
1606
355
-339
-1538
-3641
-2520
-1782
-1651
-2829
-3585
-2376
-2789
-3822
-3679
-1093
949
704
-1349
-2507
-2345
-610
2172
3837
3613
1492
178
69
1950
3328
4721
3854
1609
807
352
2227
2475
2711
1883
400
-176
-471
-945
-2089
-1379
-1606
-1495
-3022
-4236
-3935
-3479
-2526
-1249
-991
-2536
-3645
-3787
303
1329
390
-3028
-1102
6248
8806
6723
-1367
-776
5816
13627
12013
2313
-1656
3965
14912
13008
2888
-4136
-43
9488
8366
-2466
-9441
-5734
3162
3483
-6961
-15774
-13660
-5556
-3841
-10035
-15822
-13453
-9359
-8548
-11308
-12286
-8913
-5428
-5899
-9956
-8382
-1865
3137
2242
-2399
-2570
2708
6670
6373
4345
6154
11090
12826
8987
3787
4095
9563
12983
9826
5414
4611
6269
5511
2152
-299
846
2917
2306
-65
-2924
-4218
-4584
-4405
-3828
-2802
-2370
-2117
-3643
-5913
-6302
-3846
589
1075
-485
-881
230
160
-1216
162
3865
5659
3757
1615
1514
2949
4138
4006
2857
2019
1262
1838
2231
1601
594
-1065
-1376
-2619
-3285
-3230
-2636
-2037
-3362
-5715
-7768
-5359
-1654
-220
-1987
-4149
-2689
-625
-836
-2224
-3048
1919
8797
11546
6197
-4102
-2143
7976
18635
15394
2552
-1906
5392
16590
12797
1371
-3638
5612
13852
7646
-4981
-11642
-4863
4910
4968
-6404
-16525
-13751
-4939
-5018
-14094
-18931
-12418
-6182
-7574
-13824
-16670
-13715
-9001
-5636
-6900
-6056
-3758
-1525
-2888
-5717
-1461
4435
7176
5445
4528
6971
8045
7812
6306
6841
11050
14046
12966
6952
3634
6473
9709
8775
5037
4056
4638
3772
820
-1230
-970
-79
-391
-1860
-4057
-4598
-3092
-3342
-4820
-5622
-2867
-802
-2633
-4178
-4440
-2321
193
1507
1664
482
1501
2139
657
491
2481
6882
7045
2683
-833
-1395
1803
3354
3241
1850
170
-2368
-4386
-5027
-4749
-3374
-2780
-2411
-5096
-6998
-8137
-6415
-5295
-4700
-3303
-75
1418
-2961
-7366
-6415
5471
12076
11023
760
-931
7212
14556
13885
2324
2407
9167
21701
19541
4259
-5400
602
16545
16754
2762
-8533
-3649
7317
6552
-7248
-16663
-11601
241
18
-12321
-20898
-16977
-8040
-6692
-12728
-17648
-14720
-9351
-7847
-12218
-13493
-7884
-1291
-1268
-6388
-6224
-802
3396
2897
1789
4605
8256
8390
6014
4387
7097
11034
11569
8517
6223
8285
11063
9120
3537
1855
5476
8419
6226
1593
-358
78
-806
-1610
-1381
-441
-1363
-4228
-4687
-4177
-3914
-3059
-1818
-2185
-4162
-3969
-512
427
-813
-678
1335
2052
-123
57
3201
6703
5936
2539
882
1776
3343
4003
3987
3484
2387
69
-1671
-3391
-3237
-2568
-2364
-2381
-3218
-5116
-6907
-8047
-8011
-6310
-4135
-234
-1826
-5695
-10779
-7174
2839
8100
5778
-2701
825
7808
12839
6009
-462
4103
15073
23940
13642
346
-3653
9360
19695
13287
738
-3266
6431
11265
2491
-11954
-13828
-380
7894
-1046
-17368
-21538
-11754
-4379
-6964
-15408
-16754
-11546
-8116
-12198
-18090
-14790
-5389
476
-4271
-9893
-8679
-2870
352
281
1759
5171
7014
5070
3113
3623
7287
10719
10481
7982
7747
9679
9086
4865
2818
5608
10309
8911
3197
72
214
2035
225
28
259
241
-1100
-4308
-5038
-5382
-3348
-1750
-937
-2045
-4872
-5428
-3899
-735
777
966
1330
-186
-1853
-190
3455
5650
4508
2595
2748
3665
3725
2958
3308
5534
4911
1342
-1058
-1296
748
1149
362
-1466
-4206
-4561
-3894
-2536
-3963
-4870
-5685
-3633
-1235
-4817
-8068
-9392
744
6597
4755
-3756
-8407
418
9181
14712
3702
-3469
-88
13795
19608
6092
-2643
1087
16433
17665
4171
-6001
-1834
12254
14709
950
-12764
-9917
4058
7076
-5415
-16592
-13022
-3044
-1756
-10260
-17441
-13948
-7409
-5654
-12171
-16804
-11713
-4358
-2903
-8947
-11213
-6333
-2107
-1969
-2355
191
3066
2213
687
1477
4694
8133
8078
5485
3581
6406
10325
8842
3759
2127
6666
9384
5772
2110
2133
4042
2701
152
161
1115
1407
-871
-2289
-3179
-2701
-1093
314
330
-3139
-5563
-3910
569
2639
1460
-599
-1168
-1172
-567
1864
4229
5522
4200
2117
1192
714
1902
5089
7309
6514
1643
-1296
-710
864
2162
1218
837
275
-1111
-4560
-6080
-4071
-468
75
-3473
-4421
-4086
-2217
-5039
-6512
-5151
-390
6593
5914
227
-10070
-5874
5823
14409
10405
-2000
-2703
3984
13579
8604
-712
-1108
8891
15464
6639
-5193
-8038
2493
11242
7609
-6075
-12653
-4283
4991
199
-13618
-16840
-5907
2400
-2708
-13801
-17477
-11296
-4245
-3570
-9706
-12711
-8298
-1561
-1443
-7173
-9185
-4853
669
1616
1340
1069
1488
1780
2128
3634
4854
6358
6581
6004
5951
6746
5704
3021
2971
6341
8338
5504
2027
780
1756
2749
1514
607
2
455
318
-2117
-3319
-2592
-98
-34
-2090
-2710
-2167
-823
527
402
-164
-808
24
2160
2052
1469
2004
4277
4559
1901
676
2630
5000
4856
2808
1963
2878
2746
1049
-632
-433
992
1608
1650
-236
-4466
-7000
-5946
-162
2273
425
-4791
-7717
-5860
-3988
-177
-512
-905
-3018
168
3607
891
-4423
-4575
7080
14920
11481
-3324
-7690
1048
14247
15109
3224
-2775
1297
11308
7790
-3498
-9432
-887
12167
10090
-5712
-18410
-12578
2398
4396
-7340
-16100
-10712
-2059
-4694
-13161
-16554
-8973
-1532
-1896
-9794
-14638
-8654
29
2286
-4014
-7446
-3668
1685
2729
2245
2998
3480
2830
2476
4410
5999
7056
7141
5509
3795
3938
5404
5954
4368
4762
6016
4339
507
-1265
2063
4338
2573
-1051
-2386
-338
874
-826
-2780
-2362
97
680
-1502
-2708
-2420
-930
479
1317
1475
-268
-409
1522
2629
1835
913
3420
5707
4155
537
-447
2166
5108
4563
2416
1394
418
551
-272
-75
96
-6
180
-1557
-3392
-5346
-5051
-2994
-1227
-2044
-3498
-3760
-4704
-3997
-3830
-1420
-48
-754
-1776
-2338
2797
3460
2546
-1512
1266
8769
10079
7047
-2664
-1655
4966
14765
13108
1004
-3849
660
9990
5928
-2850
-5341
1991
7164
24
-10912
-13947
-3582
4004
-1844
-13837
-17205
-7471
-1453
-5252
-12746
-13829
-6673
-2427
-4155
-10523
-10668
-3254
2740
559
-5706
-4854
981
4795
2805
1098
2467
5112
5812
4679
4085
3793
5979
7428
6220
3959
3569
5448
5695
3666
2340
2171
2120
1609
2263
2744
183
-3003
-2745
606
1173
-839
-2523
-1357
-529
-2103
-2899
-1979
567
837
-18
-845
-1177
144
1233
1797
1460
1355
1843
2115
2188
1981
1890
2040
3023
3070
1422
931
2174
3219
1299
-1069
-753
674
1367
-220
-1835
-2596
-2920
-2846
-3346
-2701
-2120
-2545
-3609
-3591
-2131
-3206
-3097
-1742
1081
1687
-1537
-2192
-2402
3950
7095
5945
747
-2782
4596
9398
11201
2677
-1556
1833
9481
11941
1550
-3237
263
9173
5716
-4467
-7868
-2041
4573
1448
-5975
-12419
-9459
-2206
-1336
-8692
-14678
-8902
-2170
-4230
-10768
-12329
-6205
-2418
-2237
-5768
-7453
-4476
-707
1202
-1349
-1145
1646
2775
301
-254
3558
6550
5845
2717
2440
3127
4428
5359
4374
4499
4838
4852
2294
-305
1674
4506
5193
1765
-712
-592
169
1039
682
377
-1
544
-337
-1586
-2541
-1437
973
1535
1066
-1350
-2392
-1730
638
2704
1725
-285
-503
988
1405
271
-248
1892
3658
2980
277
-1517
-164
1600
2575
2799
1856
77
-2068
-1719
-9
658
840
314
103
-2642
-4872
-4185
-403
2553
-365
-2962
-3813
-1060
-1349
-2298
322
2415
4248
-546
-3496
-4319
1550
9368
8447
2685
-4372
517
6288
8723
2688
-2829
1691
8172
10055
-1853
-7869
-2372
8585
8020
-3654
-9815
-6753
2361
3045
-3685
-11231
-9457
-476
472
-7511
-13942
-8127
953
-159
-7081
-11558
-6808
-579
652
-3062
-7639
-4708
998
3033
-1789
-4251
-229
2886
1261
-1145
1136
3936
3514
707
353
2085
3569
4135
3262
2230
2126
3385
3868
2423
1686
2690
3730
3523
2131
2244
2227
1532
773
985
2590
3450
1931
-1028
-1702
148
2286
978
-239
261
254
-1006
-2333
-557
1331
1116
-177
-1350
-1507
-1096
415
2111
1082
-1192
-1904
33
1278
853
104
192
944
372
178
-20
524
915
693
239
-113
62
37
-69
-108
584
-237
-940
-1180
-239
812
908
-411
-1435
-1241
95
2214
155
-1238
-2637
2486
5109
1894
-3235
-5140
3286
6964
6598
-3040
-6768
-1681
6241
8795
-1677
-6109
-3265
5657
4235
-5004
-8223
-2385
6992
4192
-6038
-12650
-6288
4138
4174
-4984
-11819
-5773
1639
571
-6126
-8991
-3035
762
-495
-5927
-7596
-2368
1563
970
-3990
-4562
-863
1031
-380
-1282
1068
2370
1228
-544
310
2218
3704
4355
2814
1989
2595
4670
4206
1664
3309
6404
6855
2385
-497
2675
5431
4892
2541
1874
2212
822
-39
467
1546
2176
1417
-90
-1952
-2455
-1708
67
1019
65
-1907
-3260
-1822
-752
-967
-1402
-535
682
-535
-1889
-1639
-620
428
760
1169
1231
618
580
173
-258
374
2190
3419
2936
1077
-537
-1446
-799
1624
2907
1803
-853
-1687
-1013
-998
-1375
-1249
-328
700
-206
-1225
-3308
-4263
-2441
-478
2536
1095
-817
-3883
-3696
697
2878
3235
-1220
-1729
994
4477
2673
-3393
-3198
3260
8740
3290
-5266
-6136
1121
6047
1788
-4536
-5697
-188
3292
-1099
-7803
-8596
-985
3161
-1489
-8008
-8273
-1993
-126
-3562
-7046
-4945
412
1004
-2736
-6056
-3533
908
2094
38
-724
1055
2028
1595
442
1418
2792
4620
4771
2831
1858
2654
4830
4188
3093
3653
4480
3577
1822
2823
4368
3386
1353
970
2150
2315
1045
564
915
1352
460
-1268
-1683
-77
971
-287
-1806
-1589
-583
-1490
-2230
-1754
-591
-716
-1124
-1023
-1421
-1415
-1250
1
226
187
353
608
612
186
662
990
1364
1549
2025
1468
588
345
500
1382
1281
1289
254
-748
-336
100
-492
-2159
-2597
-1238
60
-891
-2434
-3970
-3465
-1706
-449
-823
-2770
-3135
-821
1512
510
-2341
-3223
1915
5365
3662
-2213
-4571
844
6342
7583
582
-4263
-1656
4802
6024
-921
-4402
-973
4394
2985
-3490
-6445
-3349
1830
1619
-3409
-6708
-4510
-639
-1152
-4320
-5188
-2239
-675
-2051
-4176
-4236
-1047
560
-94
-2279
-1996
558
174
-1294
-929
2645
3798
505
-1593
82
3173
3673
2710
1590
1898
2759
4235
3536
1156
1822
4016
5919
2747
681
1892
3987
4754
1694
1015
1782
3597
2821
32
-618
205
1945
1282
-105
-1369
-1666
-854
-587
-1222
-2233
-1162
-17
-1221
-3734
-3537
-536
764
-457
-2492
-2543
-1469
-212
200
-312
-363
161
722
-389
-1203
-513
1824
2887
1410
-642
-1245
631
1715
1020
-284
-155
864
694
-859
-1987
-1420
303
904
-594
-1732
-1555
-711
-1202
-2008
-1002
715
548
-1676
-3259
-1498
955
1217
-1097
-2219
425
2355
1171
-3172
-3142
1401
5317
3317
-2887
-4164
378
5055
2486
-2702
-3336
1356
3960
761
-3496
-3756
691
3305
1219
-3000
-4413
-975
1699
404
-2160
-2482
33
229
-1747
-3119
-2107
416
150
-1564
-2390
-1384
-285
-1220
-2365
-1314
608
1156
-385
-1667
-484
877
1921
1536
982
1476
2415
3383
2416
1394
2075
4151
5073
3572
2247
2801
3775
3663
2863
2009
2323
3141
3442
1851
-660
-731
732
1619
453
-1003
-1407
-1791
-2104
-2083
-1773
-1530
-1465
-2184
-3111
-3351
-2192
-1590
-2066
-1882
-1092
-666
-1903
-2631
-1491
174
1149
659
-396
-883
-358
1215
1990
1700
1267
1091
1278
1192
1303
1702
1805
1700
1290
559
-93
-523
336
801
552
-448
-1729
-2505
-2638
-1224
-474
-1157
-2602
-3106
-3110
-3626
-3018
-416
714
-1513
-4687
-3488
253
1887
543
-1875
-848
1557
3375
1124
-1426
305
4341
5594
1089
-1950
75
4743
5383
1124
-2163
-623
3613
3564
-814
-3365
-527
2648
685
-3022
-3313
-916
-111
-1738
-3225
-3296
-2063
-1088
-1477
-3233
-3984
-1880
-448
-1309
-3166
-1960
626
967
-225
-1210
374
1508
2559
2910
2743
2594
2511
3607
3444
3660
3950
4575
4289
3380
3371
2735
2656
2555
2980
2612
1272
758
288
49
-449
-1023
-1396
-1505
-1045
-1742
-3459
-3695
-2590
-2173
-3366
-3149
-1605
-2045
-3631
-3952
-1818
-838
-1067
-744
-451
-835
-1491
-272
1031
1631
1611
1549
1405
950
1229
1686
2391
3165
2978
1801
543
993
2017
2007
1549
935
702
-224
-711
-878
-918
-1091
-1121
-1620
-2950
-3492
-3214
-2288
-3205
-3125
-2683
-2417
-3724
-4993
-3335
-1275
476
-987
-2853
-3330
-848
1837
1730
135
-347
1573
3065
3269
1478
923
2901
5566
5224
1149
-565
2523
6077
5258
963
-844
988
2920
2462
-183
-1059
148
797
-863
-3132
-2697
-599
-241
-2131
-4164
-3673
-1653
-1163
-2266
-3588
-2332
-755
-1133
-2322
-2001
191
1024
218
-485
237
1655
2634
2427
1726
1427
2533
3827
3504
2410
1801
3218
3996
2595
1039
1504
3224
2162
-160
-120
1404
1298
-1025
-2090
-1105
-552
-672
-1889
-2921
-2852
-2213
-1323
-2657
-3557
-2762
-1453
-1326
-3097
-3360
-2190
-130
497
-1342
-2785
-1696
892
1586
506
325
1312
1490
979
1031
1782
2310
2522
2884
2530
1460
1137
1918
2522
1998
1170
1158
1115
728
-29
-748
-962
-1006
-872
-1399
-2007
-2681
-3373
-3661
-3607
-2716
-2686
-3359
-4022
-3912
-3063
-3239
-3102
-2881
-2098
-988
-416
-217
-1511
-661
1797
3452
2429
341
1847
4736
6383
4335
2200
2965
5534
6820
4524
2642
2806
4691
4681
2494
1307
1558
2675
1792
-232
-1693
-1439
189
-352
-2189
-3354
-2630
-1807
-3292
-4248
-3659
-2366
-2274
-3535
-3529
-2835
-2141
-2241
-2226
-1311
-933
-726
-778
-224
241
251
848
1364
1698
1161
1421
2060
1873
1834
1888
2338
1600
1178
1686
1829
1527
597
309
166
293
479
-307
-1147
-1123
-818
-1455
-1979
-1342
-1024
-1936
-2763
-2168
-1912
-1909
-1136
-403
-851
-2100
-1446
-306
397
740
1090
1049
337
823
1406
1845
2245
3118
3144
1528
970
1711
2514
2183
2119
2520
1559
147
-669
-12
591
418
-83
-1087
-1993
-2678
-2703
-2462
-1859
-1929
-2720
-3978
-4499
-3647
-2831
-2083
-2418
-2659
-2709
-2576
-1767
-1615
-925
151
1345
1204
-33
686
1892
3525
3667
3882
3814
2940
3616
4182
5392
4659
4465
4460
3631
3210
2780
3704
2930
2245
2064
1391
194
-1114
-376
-73
-789
-1633
-2346
-3144
-4129
-3254
-1934
-2050
-3697
-5065
-4462
-3667
-2640
-2759
-2869
-2666
-2681
-2415
-3417
-2272
-563
859
108
-1616
-866
-238
1062
917
1179
1644
1590
1767
676
915
1581
2568
2436
1197
754
553
1240
1334
1328
840
91
34
-28
75
-364
-184
-106
-353
-474
-834
-620
-844
-451
-84
-261
-274
-831
-158
235
367
224
-10
954
844
622
91
335
1258
1173
1261
969
892
363
-186
237
836
999
340
-95
-275
-858
-1501
-843
266
155
-1087
-2040
-1818
-1658
-1790
-1260
-687
-612
-1678
-2479
-1991
-1619
-681
-629
-235
-453
-1158
-954
-440
1069
804
427
666
1397
1736
1453
2083
2427
2381
2593
3435
3670
2600
2077
2976
4073
4011
2886
2182
2039
2848
2942
1893
754
626
1509
901
-340
-1305
-1045
-763
-1342
-2191
-3016
-3157
-3096
-3045
-3504
-3747
-3831
-4025
-4599
-4539
-3493
-2995
-3216
-4103
-4001
-3296
-2422
-1484
-1600
-1620
-1639
-637
32
-281
47
710
2002
2005
1834
1505
1599
2680
3150
3354
2653
2683
2680
2578
2714
2603
2774
2279
1850
1193
1008
1443
1169
346
-301
333
410
-864
-1747
-1302
-506
-746
-1364
-2043
-1999
-1520
-848
-1090
-2011
-1703
-877
-420
-1120
-1057
-474
-139
-53
-153
86
299
908
877
425
338
1015
1510
1079
598
789
1331
1077
443
233
537
991
673
122
-417
-390
88
189
37
-919
-825
-656
-13
-326
-918
-675
-755
51
-265
300
-381
-115
758
1179
1197
-193
873
1809
2925
2063
974
1409
2160
3207
2450
1763
1587
2129
2523
1780
1092
766
1289
1223
59
-814
-940
-220
-766
-1728
-2418
-2318
-2436
-3522
-3730
-3602
-2922
-3479
-4452
-4876
-4654
-3763
-3515
-3250
-3407
-3437
-3227
-2932
-2204
-1705
-960
-264
-65
-226
-342
596
1738
2449
2551
2589
2649
2501
2741
3302
3911
3777
3462
3096
2877
2520
2203
2416
2582
2379
1352
505
27
-18
80
-106
-304
-1006
-1685
-1923
-1802
-1860
-2182
-1954
-1719
-1837
-2273
-2303
-1919
-1585
-1028
-760
-727
-877
-643
-164
173
663
902
1022
1168
1365
1531
1516
1929
2367
2297
2031
1863
1971
1911
1939
1922
1823
1702
1356
843
364
542
812
504
-44
-260
-266
-670
-985
-768
-724
-915
-986
-724
-930
-1516
-1334
-777
-329
-671
-901
-487
-26
170
-367
-476
245
1080
1144
525
258
501
854
1204
1200
686
427
766
1043
336
-409
-171
239
-107
-685
-925
-1275
-1754
-1725
-1312
-1659
-2464
-2722
-2373
-2369
-2711
-2787
-2716
-2619
-2446
-2339
-2481
-2325
-1724
-1163
-1447
-1495
-829
-108
229
291
722
832
1149
1575
1994
2133
2308
2629
2418
2263
2401
3012
2873
2234
1939
2023
2116
1737
1315
755
629
722
461
-132
-816
-709
-683
-931
-1238
-1586
-1503
-1572
-1290
-1625
-1961
-1493
-991
-676
-1283
-1218
-695
-116
239
262
705
559
588
891
1368
1910
2001
1995
1522
1346
1807
2510
2541
1850
1554
1599
1789
1313
1001
1067
1121
1001
427
146
-375
-467
-108
50
-414
-1401
-1357
-856
-646
-947
-1538
-1516
-1216
-732
-781
-1276
-1455
-967
-199
-378
-722
-960
-411
88
72
-66
-415
76
187
213
30
84
577
227
140
-79
-86
-19
-73
355
-103
-421
-676
-584
-457
-870
-517
-771
-872
-1180
-1256
-1271
-1655
-1073
-809
-969
-1879
-1943
-1267
-1047
-871
-1142
-1086
-1059
-746
-448
-758
-528
-19
450
208
-98
307
666
1196
1292
1265
816
758
1628
1751
1593
1357
1727
1575
922
1064
1390
1572
1219
1052
690
165
101
553
766
222
-269
-401
-353
-548
-541
-380
-333
-407
-707
-743
-731
-443
-83
-95
-17
-44
88
104
192
667
884
1157
1191
1008
849
1006
1659
1722
1363
1211
1471
1532
1003
757
885
1189
1106
576
-144
-570
-184
309
147
-787
-1297
-1048
-944
-1195
-1535
-1398
-1108
-1201
-1480
-1803
-1718
-1140
-671
-879
-1366
-1229
-503
-90
-335
-433
-131
382
466
393
356
304
627
780
1023
675
287
450
607
927
388
-225
-349
-106
388
-175
-749
-1203
-929
-460
-863
-1249
-2015
-1537
-1124
-1001
-1517
-2238
-1474
-1067
-756
-1488
-1648
-1182
-705
-226
-709
-548
-395
297
437
94
389
591
1090
839
977
1288
1299
1478
1339
1457
1217
1437
1698
1449
1192
1043
1362
1262
1040
873
751
578
483
467
241
13
-46
47
-136
-187
-198
-336
-545
-660
-484
-481
-407
-370
-386
-405
-488
-328
-327
-72
151
196
30
30
494
605
645
446
770
880
675
773
793
1096
818
704
768
822
972
664
472
146
21
256
295
118
-281
-504
-490
-504
-605
-827
-946
-669
-662
-891
-1073
-1088
-685
-735
-712
-708
-747
-594
-630
-304
-285
-209
52
28
60
20
274
421
251
196
298
525
447
180
95
173
168
-12
-345
-439
-351
-442
-582
-866
-926
-995
-1107
-1069
-1322
-1364
-1302
-1082
-989
-1412
-1358
-1323
-971
-902
-1001
-573
-615
-441
-547
-211
117
199
458
488
844
741
768
877
1298
1699
1545
1339
1229
1478
1561
1659
1648
1447
1346
1370
1430
1118
827
993
1114
892
385
181
331
430
330
-41
-286
-273
-152
-334
-592
-591
-358
-316
-557
-784
-742
-265
-145
-404
-692
-420
46
-117
-246
-221
114
190
-47
114
183
361
321
246
315
185
415
351
211
107
86
293
79
-48
-234
-196
-45
-135
-292
-558
-484
-387
-402
-508
-616
-582
-512
-435
-487
-587
-579
-469
-376
-265
-166
-167
-244
-262
-85
92
168
219
281
329
293
221
231
429
583
497
220
122
179
216
268
143
79
24
-161
-399
-491
-326
-269
-375
-648
-777
-692
-732
-737
-757
-709
-718
-829
-781
-835
-867
-677
-358
-208
-331
-551
-518
-206
206
434
379
281
162
394
593
831
986
981
1108
970
877
753
896
1264
1404
1274
821
515
583
783
896
815
650
499
244
79
49
186
330
123
-117
-271
-305
-269
-371
-300
-209
-195
-237
-502
-573
-429
-115
14
-225
-386
-464
-204
-18
-24
59
-152
-197
-81
120
169
-191
-253
-104
47
-16
-258
-271
-107
-30
-219
-470
-509
-292
-195
-367
-558
-578
-328
-314
-481
-600
-452
-161
-282
-375
-477
-222
41
-25
-4
-111
151
348
320
313
256
439
614
705
691
564
636
773
822
670
539
637
651
600
479
389
263
203
179
98
-28
-211
-300
-356
-328
-490
-731
-812
-695
-633
-802
-928
-881
-745
-809
-987
-876
-581
-514
-624
-764
-649
-446
-307
-193
-79
22
-12
28
150
344
413
499
515
586
750
710
708
642
743
860
891
898
812
718
549
588
663
648
535
399
359
228
156
86
97
182
108
-50
-211
-206
-142
-122
-128
-149
-168
-215
-209
-182
-143
-75
-83
-190
-253
-161
-14
-76
-262
-275
-148
-52
-139
-297
-274
-199
-210
-277
-365
-409
-439
-418
-364
-458
-568
-600
-520
-456
-531
-515
-566
-546
-480
-427
-367
-469
-335
-179
-83
-27
-130
-10
171
371
417
275
419
601
841
874
674
667
772
1072
1123
930
771
761
908
929
856
687
659
656
482
247
56
77
89
29
-237
-505
-578
-571
-532
-694
-755
-889
-981
-939
-917
-819
-899
-862
-867
-842
-747
-724
-587
-528
-416
-337
-266
-141
-31
204
277
253
236
370
558
629
771
746
780
759
835
922
812
846
797
870
794
645
633
548
514
384
311
272
149
34
-80
-33
-70
-243
-372
-415
-386
-477
-541
-595
-601
-584
-528
-488
-560
-654
-703
-494
-424
-436
-442
-414
-282
-323
-187
-124
-127
-111
-200
-139
-140
-23
6
-34
-54
-139
-145
-227
-169
-104
-82
-164
-358
-388
-304
-136
-139
-225
-202
-181
-130
-143
-122
-42
194
373
239
161
215
444
631
673
588
566
687
810
903
835
854
865
902
870
699
701
711
647
521
456
420
234
124
7
-12
-63
-285
-440
-567
-516
-584
-704
-774
-810
-770
-809
-870
-870
-752
-675
-639
-645
-588
-486
-406
-339
-228
20
196
206
43
76
392
590
616
544
585
683
633
565
602
740
797
644
450
367
397
438
404
328
206
194
161
-11
-82
-82
-39
1
-104
-217
-255
-287
-308
-368
-355
-363
-464
-523
-521
-430
-395
-448
-502
-522
-500
-502
-537
-540
-513
-407
-381
-424
-441
-448
-394
-391
-403
-436
-421
-336
-227
-177
-158
-144
-138
-98
-139
-154
-161
-25
113
117
32
-50
81
239
339
326
249
228
323
414
423
410
569
740
637
483
415
580
800
828
724
613
620
637
615
631
614
539
443
360
365
364
348
332
239
107
-24
-118
-147
-136
-81
-118
-253
-366
-402
-284
-263
-420
-526
-550
-521
-538
-579
-534
-412
-329
-436
-572
-543
-374
-195
-85
-102
-126
-65
41
187
218
245
308
372
370
307
333
379
499
596
522
389
301
293
356
398
380
294
162
103
76
21
7
-18
7
-35
-278
-417
-341
-229
-207
-320
-517
-566
-515
-470
-449
-454
-497
-529
-554
-620
-599
-552
-421
-388
-527
-598
-558
-397
-367
-414
-347
-374
-391
-368
-317
-163
-77
-40
-154
-229
-152
-95
-13
39
50
70
80
109
145
203
322
341
319
249
277
467
559
627
602
575
585
544
566
598
684
753
664
568
573
657
691
539
421
367
370
384
276
249
280
248
166
13
-32
31
26
-9
-114
-66
-35
-41
-45
-126
-81
-54
-133
-312
-319
-190
-98
-86
-131
-146
-177
-231
-291
-257
-170
-96
-170
-261
-235
-162
-79
-72
-107
-90
-63
-70
-119
-92
86
201
193
88
35
47
84
117
96
211
295
183
30
-36
10
56
46
-40
-130
-129
-120
-170
-239
-249
-244
-247
-305
-381
-396
-427
-411
-384
-376
-366
-373
-439
-482
-506
-528
-497
-468
-407
-397
-433
-490
-505
-418
-315
-282
-362
-381
-295
-206
-149
-113
-60
19
26
-7
8
94
226
332
334
293
293
304
405
509
527
499
461
483
533
547
580
567
560
557
550
526
475
527
583
639
572
466
407
387
423
457
460
341
221
210
272
298
272
179
148
116
123
103
2
-16
2
42
-33
-161
-231
-177
-80
-89
-176
-229
-206
-171
-164
-201
-270
-266
-168
-134
-177
-233
-238
-215
-180
-228
-275
-275
-257
-192
-158
-179
-297
-327
-229
-141
-128
-168
-205
-180
-187
-253
-223
-139
-47
-3
-75
-208
-221
-120
-13
19
-52
-134
-135
-57
-58
-126
-112
-68
-91
-155
-248
-262
-186
-108
-93
-212
-269
-246
-234
-253
-224
-139
-107
-102
-160
-173
-137
-51
-38
-107
-118
-110
-40
-7
-9
-2
16
35
16
33
104
218
199
138
165
160
228
252
241
287
293
236
156
183
257
338
338
301
246
206
291
304
319
361
403
389
319
265
272
370
402
416
382
325
269
243
309
332
349
319
215
120
142
180
155
136
96
75
42
-30
-89
-96
-54
-38
-95
-150
-164
-168
-170
-189
-231
-258
-213
-205
-216
-229
-269
-262
-253
-281
-322
-296
-241
-242
-253
-271
-282
-262
-263
-215
-192
-209
-231
-256
-192
-126
-86
-120
-162
-189
-153
-83
-85
-87
-110
-95
-132
-158
-111
-89
-85
-95
-107
-121
-130
-95
-85
-86
-35
-111
-185
-209
-187
-123
-72
-57
-105
-91
-102
-89
-87
-117
-37
50
60
-8
-37
44
136
157
131
98
72
89
118
175
246
260
271
255
209
191
226
298
327
306
295
264
212
235
273
307
314
279
208
168
222
265
278
290
262
190
175
147
94
174
268
212
123
80
37
-7
13
48
27
24
-3
-58
-78
-18
25
2
15
-18
-85
-76
-76
-113
-101
-42
-40
-116
-176
-199
-156
-136
-160
-177
-184
-166
-227
-213
-152
-158
-184
-195
-198
-203
-171
-153
-106
-83
-68
-97
-116
-126
-82
-42
-88
-91
-113
-63
-35
-45
-97
-133
-101
-98
-89
-110
-128
-92
-47
-68
-81
-92
-107
-119
-111
-81
-69
-59
-79
-59
-28
-40
-70
-83
-74
-83
-60
-16
-7
31
92
44
-16
-31
41
122
109
75
19
67
106
119
101
101
155
120
100
101
190
257
255
203
175
190
173
186
155
180
198
199
167
86
104
161
180
131
78
61
76
129
161
209
221
192
143
29
-5
23
60
96
76
45
29
-21
-41
-31
-32
-15
-42
-88
-87
-63
-35
-22
-30
-69
-118
-152
-191
-168
-101
-57
-18
-39
-111
-176
-238
-180
-146
-121
-44
-28
-30
-91
-51
10
-32
-102
-161
-146
-105
-83
-29
-4
-41
-76
-113
-149
-186
-144
-94
-60
-75
-98
-48
-56
-75
-85
-109
-108
-131
-106
-57
-43
7
9
-10
-33
-77
-113
-120
-27
60
98
104
88
74
24
15
51
84
95
120
112
102
120
110
98
55
51
67
30
-1
54
85
98
104
96
85
23
7
-3
37
88
117
124
110
95
101
140
127
107
114
126
127
145
182
207
196
126
86
100
90
82
82
100
117
129
115
54
5
-40
-64
-56
-26
-41
-53
-45
-80
-102
-87
-82
-129
-180
-200
-159
-120
-119
-123
-139
-165
-205
-208
-183
-184
-168
-113
-62
-52
-15
-25
-61
-63
-74
-66
-79
-36
-14
-32
-15
-24
-44
-85
-89
-77
-48
-56
-41
-31
-74
-55
-79
-50
-45
-88
-98
-120
-104
-51
-4
-7
-30
-41
-73
-80
-16
28
40
-6
32
99
80
95
93
105
79
48
79
112
150
189
193
181
162
143
139
108
59
69
145
158
116
118
108
51
39
63
48
32
66
87
77
96
122
88
61
60
19
35
67
76
67
90
73
57
117
82
42
51
83
64
37
57
48
50
35
-10
-59
-76
-57
-20
-35
-75
-78
-77
-100
-152
-164
-158
-136
-121
-143
-131
-146
-168
-146
-145
-183
-205
-224
-212
-177
-143
-118
-126
-81
-96
-112
-93
-108
-78
-75
-64
-18
13
7
-17
-72
-66
-64
-39
17
19
18
-6
13
7
26
36
17
15
-16
-37
-37
-7
6
21
-5
-47
-49
-54
-57
-14
38
49
44
39
42
34
34
83
122
68
51
81
109
168
168
171
174
157
138
93
104
128
154
146
144
138
101
127
124
122
105
106
130
90
113
83
75
107
64
33
-2
24
44
56
69
57
35
9
-6
-19
-6
27
22
-4
-24
-34
-28
-36
-14
-25
-45
-41
-31
-44
-49
-24
-18
-28
-66
-87
-108
-96
-82
-89
-88
-103
-121
-120
-132
-144
-166
-175
-134
-91
-82
-110
-95
-112
-127
-144
-167
-128
-120
-113
-82
-74
-60
-57
-84
-81
-92
-97
-89
-107
-103
-54
-19
-9
-24
-50
-54
-45
-34
-18
19
25
34
19
9
21
5
22
24
9
8
35
69
67
76
60
36
23
29
47
58
85
93
135
112
91
101
82
91
98
135
145
144
168
181
152
138
133
119
102
97
109
130
136
113
83
64
78
43
52
92
85
88
94
92
101
83
50
59
47
12
1
3
25
67
48
35
-5
-35
-58
-73
-60
-75
-53
-55
-30
-41
-103
-107
-75
-100
-117
-98
-89
-54
-38
-40
-31
-45
-93
-82
-98
-97
-81
-111
-97
-97
-102
-102
-126
-117
-140
-167
-103
-74
-85
-80
-59
-67
-75
-91
-106
-94
-91
-61
-73
-89
-75
-63
-57
-54
-64
-63
-51
-40
-23
10
36
7
-5
-9
-1
-33
-28
-2
2
32
2
16
19
40
45
15
28
4
3
32
88
99
73
85
85
78
80
71
75
91
101
102
88
82
91
82
79
86
65
105
121
120
156
151
142
105
82
63
76
112
95
85
79
79
102
100
86
73
57
31
19
53
80
58
34
42
25
14
10
13
-10
-19
35
18
-10
-25
-5
-3
-21
-26
-32
-12
-45
-68
-57
-92
-125
-120
-109
-133
-160
-115
-100
-94
-84
-79
-119
-152
-135
-142
-111
-132
-124
-103
-101
-71
-69
-76
-95
-92
-79
-81
-73
-31
-37
-51
-15
-14
-22
-15
-4
7
-19
-23
-16
-6
1
12
12
-15
-12
-16
-27
-6
22
29
31
38
21
-18
3
10
-11
-3
-9
-18
-12
-11
-17
-4
-11
1
-6
-19
-9
8
27
46
51
35
37
19
27
38
42
80
95
89
111
110
108
142
129
107
127
141
141
126
111
123
142
110
97
111
92
108
99
75
75
72
85
61
35
22
12
7
-9
-21
-19
0
-7
-28
-41
-63
-76
-92
-77
-64
-61
-40
-56
-60
-39
-40
-24
-19
-68
-58
-29
-60
-37
-28
-49
-19
-16
-32
-38
-35
-21
-19
-43
-51
-47
-21
-16
-47
-57
-47
-58
-77
-75
-84
-60
-79
-72
-50
-59
-69
-68
-39
-65
-61
-49
-38
-34
-45
-13
24
10
-18
2
25
13
6
-6
-6
-3
-19
-8
6
-4
-17
-17
-3
-2
-29
-35
-31
-41
-43
-58
-43
-19
-13
-8
-13
-23
-29
-28
-19
0
-3
15
21
19
28
44
75
71
54
72
83
76
89
99
119
139
146
114
119
154
161
145
122
108
77
109
96
66
60
63
68
28
13
-2
-1
-3
-6
-23
-10
19
19
7
0
-5
-10
3
-1
8
19
25
28
0
1
37
28
-6
10
46
31
41
38
0
-12
-34
-29
-47
-47
-72
-85
-57
-66
-96
-109
-58
-86
-140
-133
-103
-87
-105
-115
-119
-121
-114
-123
-144
-104
-94
-102
-67
-55
-40
-29
-16
-15
-9
16
20
24
0
-3
8
16
39
21
10
19
20
3
-1
-4
-5
16
2
-21
-17
-24
-38
-37
-31
-24
-55
-48
-33
-41
-25
-51
-60
-26
-1
9
27
45
22
29
40
50
44
50
94
96
94
83
123
119
110
135
134
122
120
127
115
133
115
124
95
81
75
59
77
56
47
31
38
21
16
-14
-46
-39
-45
-27
-22
-22
-25
-26
-22
-19
3
6
-4
14
34
31
25
41
40
6
-31
-25
-27
-35
-35
-46
-7
-2
-32
-29
-21
-24
-44
-59
-51
-57
-89
-96
-80
-88
-102
-108
-113
-106
-132
-123
-98
-100
-78
-73
-52
-35
-51
-64
-55
-8
4
2
18
25
41
7
-1
16
25
24
-7
13
32
50
42
60
69
19
17
6
3
-10
-9
-7
-12
-19
-33
-25
-13
-12
-30
-15
-7
0
16
17
8
-6
-17
-21
-33
-10
16
10
38
45
51
47
27
39
32
53
76
76
91
100
93
97
81
32
26
22
-11
9
40
30
57
39
3
-26
-55
-17
-5
28
49
65
89
92
97
40
10
-19
9
44
10
32
18
7
-6
-19
-28
-60
-58
-36
-4
23
23
29
18
-39
-71
-94
-88
-76
-45
-10
-14
-28
-63
-92
-110
-104
-102
-73
-53
-26
3
7
18
-4
-51
-72
-73
-60
-36
-27
25
27
1
-11
0
14
1
19
10
47
64
44
56
31
21
-10
-53
-52
-31
-9
-22
-19
-2
-14
-39
-44
-24
-38
-14
16
26
54
21
29
34
15
-1
-18
10
-2
-10
13
37
23
18
31
-8
-18
3
25
28
48
78
91
92
79
57
31
34
40
34
29
32
46
32
18
-16
-41
-49
-82
-69
-47
-23
1
14
31
0
-26
-9
-16
-67
-78
-54
-16
19
12
12
4
21
15
-21
-18
-9
43
81
106
108
71
55
38
22
26
37
19
-3
-6
-5
7
17
-13
-40
-42
-54
-50
-47
-42
-26
-28
-26
-27
-29
-41
-43
-36
-33
-38
-60
-53
-49
-77
-63
-48
-72
-92
-84
-59
-27
18
7
-15
-25
-19
-12
-23
5
-11
1
25
37
50
15
30
11
9
25
23
25
58
102
94
101
80
44
9
8
20
20
24
44
47
58
29
-27
-26
-36
-40
-36
11
34
48
52
15
8
0
3
7
4
7
29
39
44
14
-30
-32
-20
-5
21
49
80
88
66
86
61
7
-26
-54
-52
-19
5
15
66
57
11
-45
-95
-123
-148
-130
-57
-12
-6
-17
-54
-51
-64
-70
-63
-51
-38
-23
15
31
6
-27
-42
-76
-63
-33
-2
45
95
92
66
53
-10
-52
-82
-50
-1
33
68
78
56
35
23
-32
-61
-104
-110
-85
-37
-17
11
19
0
-19
-66
-58
-65
-49
-32
21
44
36
32
2
-17
-51
-54
-34
-5
45
98
104
101
67
62
41
15
24
40
74
90
129
115
115
95
60
36
22
56
58
51
66
83
56
40
14
-22
-47
-61
-18
5
19
22
18
0
-45
-58
-61
-83
-106
-68
-37
-30
-3
8
-6
-28
-12
-25
-65
-56
-38
-22
-2
-8
-19
-32
-57
-44
-28
-39
-29
-38
-52
-58
-44
-48
-57
-48
-69
-52
-38
-23
-5
13
23
21
23
8
-2
5
21
20
44
48
60
66
72
67
41
50
66
58
42
62
48
30
38
32
3
-4
-11
-48
-50
-44
-38
-19
-22
-33
-34
-36
-28
-65
-65
-41
-27
-29
-40
-13
-37
-45
-40
-38
-43
-47
-33
-20
24
22
13
35
35
28
43
60
57
67
82
71
62
64
53
10
-15
-3
-8
-5
9
7
-19
-20
9
-25
-56
-37
-48
-35
-28
-29
-24
-34
-17
-24
-16
-9
-9
35
63
45
35
62
90
89
77
98
103
94
95
113
125
117
85
57
82
66
45
22
26
42
28
22
2
-17
-54
-75
-67
-76
-112
-128
-102
-110
-136
-130
-105
-105
-112
-105
-113
-75
-69
-59
-60
-54
-31
-45
-2
18
29
23
13
22
34
50
44
32
29
18
22
4
2
29
3
19
13
-19
-41
-42
-44
-43
-49
-59
-63
-43
-38
-57
-31
-44
-46
-71
-68
-56
-35
-14
-32
4
13
-7
-15
12
22
39
47
85
104
83
100
99
88
66
87
102
101
92
66
60
54
29
12
3
-3
1
1
11
9
-1
-16
-13
-12
-15
-19
-5
2
-5
26
46
37
44
49
38
41
33
42
45
57
54
38
35
20
19
19
16
-6
5
-3
-28
-21
-31
-30
-43
-60
-51
-50
-75
-54
-60
-80
-67
-39
-28
-51
-34
-38
-32
-39
-25
-4
-16
7
6
21
23
8
23
7
-6
3
5
11
3
13
20
-2
-7
-5
16
6
-6
6
4
10
-8
-13
-37
-78
-76
-79
-96
-79
-71
-82
-82
-88
-66
-54
-32
-24
-22
-19
-10
22
5
14
15
16
14
15
29
3
13
34
32
22
33
25
12
29
14
20
50
25
10
26
28
23
6
13
33
22
36
32
17
24
26
29
22
18
19
16
29
64
39
24
51
44
58
43
41
41
36
52
49
47
49
50
37
39
35
18
4
13
25
6
9
16
23
31
-10
-7
-4
-24
-37
-39
-18
-31
-28
-41
-56
-62
-64
-38
-26
-29
-38
-20
-21
-25
-22
-31
-32
-39
-55
-47
-36
-49
-34
-16
-23
-35
-30
-35
-45
-29
-10
-19
-37
-1
-7
-18
2
-12
-3
-15
-11
-22
-35
-18
-20
-25
-25
-16
-19
-21
-17
-35
-28
-4
2
4
6
19
3
-4
-1
-10
1
9
14
-3
9
25
15
39
38
19
35
44
38
35
43
36
40
23
6
29
29
23
8
15
22
10
3
7
3
-5
13
-4
7
38
44
50
36
29
22
22
49
55
51
45
50
49
25
10
-5
7
-7
-12
-11
-7
6
-7
-6
-3
-3
15
28
8
19
32
32
5
-11
-18
-54
-44
-45
-55
-50
-37
-53
-45
-32
-55
-31
-24
-28
-16
10
2
-4
20
25
37
18
10
19
18
18
9
-1
3
-16
-34
-38
-56
-50
-56
-54
-36
-54
-47
-35
-38
-17
1
-24
-32
-15
-20
-31
-28
-25
-31
-26
-18
-24
-21
-10
0
4
4
13
14
13
19
16
31
38
41
16
7
41
34
22
35
47
36
41
50
41
41
36
19
6
6
-1
-3
0
-3
-28
-51
-28
-14
-17
-9
6
12
-6
-4
-10
-4
3
9
19
20
19
4
26
19
11
16
33
50
31
30
29
15
14
18
21
18
7
20
22
10
17
31
24
7
-15
-5
3
-14
-11
-5
-1
-19
-20
-35
-40
-26
-10
-13
-6
-7
-12
10
10
28
13
6
12
-4
-2
6
22
14
-1
-8
-19
-34
-40
-42
-42
-38
-47
-51
-42
-56
-51
-33
-39
-37
-12
-10
-9
-12
-27
-11
-14
-12
-22
2
6
-11
-7
-16
-14
-22
-25
-35
-19
-24
-8
20
11
12
18
18
28
25
19
42
34
42
28
34
60
42
16
0
15
19
26
24
13
23
6
-15
-13
-3
0
-4
-2
-6
-3
1
6
9
-6
4
19
23
11
5
14
24
31
13
5
-3
16
21
10
29
4
-3
6
0
0
6
26
35
19
13
16
3
-1
-12
-17
6
-1
-17
10
6
2
3
-3
-1
-7
-2
-12
-23
-24
-45
-66
-38
-13
-42
-35
-3
15
-4
-19
-8
-16
-12
7
13
10
-7
-12
4
2
4
-6
-12
-13
-26
-15
-19
-19
-16
-17
-18
-28
-12
-11
-28
-35
-32
-31
-25
-18
-42
-18
-9
-19
-2
19
20
20
38
48
69
52
63
57
35
45
51
43
31
22
7
-3
-18
7
19
7
-13
-16
0
10
-2
1
12
-4
2
0
-4
-15
-32
-27
-24
-14
-10
-25
-28
-34
-26
-14
-6
4
-17
-20
-9
9
16
21
24
26
44
23
22
31
35
21
23
49
28
31
21
13
27
9
21
34
10
-10
-7
-9
-21
-49
-54
-42
-43
-32
-45
-34
-42
-42
-16
-23
-21
3
-10
-24
-16
-22
-8
-9
2
9
6
15
37
38
41
42
22
34
39
44
27
39
31
8
27
22
21
26
28
7
-14
-3
-3
-30
-45
-39
-47
-66
-49
-58
-73
-41
-40
-28
-38
-53
-30
-23
-8
-9
-10
-6
0
-1
-7
13
6
26
12
19
41
37
50
25
9
4
14
0
15
5
4
16
-7
14
10
2
7
0
-1
4
10
16
20
23
0
1
-7
16
25
-1
3
-23
-19
-14
-20
2
-4
-3
10
22
37
25
21
12
11
6
7
25
12
16
34
43
32
12
9
19
4
3
-8
-15
4
-19
-41
-33
8
-7
-14
-8
-17
-20
-34
-19
-3
-10
-23
-26
-26
-19
-31
-20
-21
-34
-51
-60
-42
-31
-20
-4
0
-7
6
-3
9
16
-10
-9
3
14
19
24
31
24
-3
6
10
7
9
17
8
-10
-3
-13
-23
-5
-19
-12
14
-4
10
19
25
23
15
19
33
25
16
22
18
25
23
20
0
-9
10
16
-17
-9
6
-1
2
11
22
-4
6
16
7
8
-10
-25
-18
16
8
9
20
18
22
17
9
0
-1
-8
-6
-7
-2
-21
-38
-17
-31
-50
-18
12
-21
-37
-14
16
8
-6
11
11
6
2
-2
-6
-13
-32
-25
-2
-18
-28
-17
-17
-22
-23
-28
-12
-7
-14
11
0
-3
-6
-14
20
13
10
11
22
19
9
20
9
27
25
28
31
33
38
16
29
31
9
12
16
0
-11
-3
10
4
8
9
-13
-7
7
-7
-12
-8
-24
-22
-38
-25
-8
-9
-4
1
3
5
13
-20
-19
-18
-14
-12
-24
-19
-14
-19
-12
4
-13
-6
-3
1
1
-5
-8
6
9
1
16
4
7
-6
-5
7
1
-2
1
17
18
12
1
16
9
-7
5
12
29
10
14
25
-7
3
2
6
16
3
-12
-13
7
-8
-6
18
25
11
-1
-3
-12
6
21
16
11
4
1
0
3
9
5
2
22
35
21
2
9
21
13
5
5
12
9
-4
6
22
8
-9
-11
-21
3
-8
-26
-32
-66
-56
-38
-41
-47
-44
-35
-32
-42
-43
-24
-17
-29
-26
-42
-42
-19
-9
3
4
10
2
15
3
-6
17
34
57
57
49
37
22
17
21
28
35
27
28
16
-7
2
-6
-16
-3
-18
-28
-35
-56
-41
-38
-19
-18
-44
-24
-19
-13
-12
-6
8
-13
-8
-1
2
18
16
11
35
42
35
47
43
54
53
61
82
52
41
73
65
47
50
39
37
25
40
38
21
25
-1
-22
-5
-12
-43
-25
-41
-38
-51
-62
-37
-45
-51
-71
-61
-57
-59
-60
-44
-38
-38
-25
-7
16
-2
-7
-13
8
23
22
43
41
35
25
24
28
14
11
12
12
8
-11
-2
-6
-19
-26
-22
-34
-34
-27
-40
-31
-50
-46
-47
-37
-37
-58
-51
-47
-34
-25
6
4
10
-1
1
16
22
39
28
61
71
51
35
46
72
69
53
60
65
36
33
31
25
16
13
9
-5
-15
-16
-16
-7
-12
-31
-13
0
-1
-37
-27
-11
-12
-10
-9
-3
-29
-15
-18
-21
-12
-20
-7
23
19
7
19
35
31
17
45
44
44
43
29
24
10
15
3
-2
3
-10
-12
-16
-29
-34
-25
-28
-47
-41
-27
-41
-48
-40
-56
-50
-44
-40
-38
-22
-28
-27
-3
-12
13
23
34
36
34
46
50
41
36
38
47
57
27
24
19
32
24
9
4
-2
5
-11
-3
-11
-26
-32
-6
-5
-11
-34
-45
-25
-51
-52
-36
-19
-44
-50
-18
-17
-43
-45
-14
-7
-1
9
16
45
52
32
34
27
21
15
34
32
24
36
44
50
43
35
18
36
23
12
16
18
20
-2
1
6
6
-19
-28
-17
-36
-66
-78
-64
-62
-77
-64
-39
-41
-32
-42
-40
-14
-23
-22
-16
5
9
19
29
38
47
46
59
63
87
80
74
56
50
41
10
26
24
8
4
21
0
-13
-16
-19
-15
-28
-16
-23
-5
-13
-41
-28
-32
-25
-34
-30
-25
-35
-19
-7
-8
-9
-1
-4
-2
5
10
25
18
21
22
25
24
25
16
7
21
8
10
0
1
-17
-27
-19
-19
-7
-22
-13
-22
-22
-31
-29
-25
-40
-9
-10
-24
-17
-15
-27
-16
-14
-12
3
3
9
18
19
25
44
55
66
42
44
44
31
45
54
52
29
32
28
14
3
3
11
7
-7
-17
-35
-31
-27
-39
-37
-44
-46
-56
-49
-43
-32
-20
-41
-57
-60
-51
-38
-34
-43
-32
-18
-9
7
7
-1
10
24
22
25
27
42
52
54
38
40
42
19
31
38
38
24
29
35
21
11
14
29
-1
-6
-1
5
2
-3
12
3
14
5
2
22
15
10
-2
13
9
4
15
6
4
-10
4
16
9
0
-9
-24
-14
-9
-33
-22
-10
3
-7
-24
-32
-36
-26
-38
-49
-53
-60
-57
-48
-37
-56
-54
-19
-16
-11
-11
-8
-17
-7
16
8
24
40
44
31
29
41
28
34
42
41
29
42
35
17
21
12
31
11
-6
-2
-16
-7
-12
-15
8
-10
-20
-16
-21
-9
-1
-2
-12
-14
-2
9
8
8
-3
0
5
11
8
9
-12
-27
0
0
-6
-19
-9
-10
-13
12
32
7
-10
0
9
15
4
9
20
22
23
29
21
12
10
3
14
6
-9
-4
-12
-29
-25
-22
-23
-9
-7
-10
-6
-6
-5
-14
-23
-6
-7
-8
-3
-4
-13
-8
-1
-4
14
11
23
13
-10
-4
9
2
-7
-6
-4
10
17
19
19
15
0
8
24
20
12
1
5
14
9
1
1
6
0
-4
-3
-5
-14
-12
-19
-24
-20
-15
-4
-3
-2
-17
-22
-19
-6
-14
-21
-13
-20
-9
-16
-12
-2
-6
2
14
9
15
6
0
21
33
35
15
19
19
5
0
6
0
-20
-3
-9
-7
-1
-6
-3
-3
22
26
16
5
18
9
-3
-3
-12
-6
-21
-20
-35
-37
-29
-28
-2
2
-11
-17
7
6
10
3
-9
7
-1
3
10
10
6
-1
9
12
-2
0
7
19
21
10
2
16
27
25
46
35
28
27
27
28
22
31
20
23
19
-6
-4
-6
-3
-23
-38
-16
-12
-28
-21
10
-10
-34
-25
-12
-25
-44
-25
-19
-22
-18
-29
-21
-3
-3
-10
-2
2
-6
-11
-10
5
7
4
10
10
4
8
11
-6
-13
-29
-13
-12
-33
-35
-28
-26
-41
-28
-3
3
-6
-3
-6
-12
-3
6
14
23
40
41
38
45
41
31
29
44
48
29
35
39
38
30
21
19
10
9
2
10
19
-1
-22
9
6
-10
2
-8
-22
-44
-21
-16
-20
-24
-23
-29
-31
-8
-4
-3
-14
-9
-3
-3
-11
-2
-4
10
15
0
0
-14
-3
5
2
3
20
20
14
4
16
18
4
17
19
-2
-2
11
-3
-13
-6
-1
-15
-23
-38
-16
-32
-53
-18
-15
5
-3
0
6
-12
-16
-3
7
-10
-6
1
8
-2
-10
-7
22
32
12
9
16
25
12
16
9
2
3
11
20
13
10
-5
-1
-9
-26
-25
-11
-11
-26
-17
-22
-21
-15
-9
-9
4
3
0
4
3
6
-4
12
17
7
10
16
0
1
16
21
22
22
28
29
35
18
4
1
8
19
-1
7
14
-2
-7
-4
1
-5
-10
-16
7
3
-24
-14
-12
-24
-45
-26
-22
-29
-28
-19
-10
-26
-13
-9
-3
-3
-12
4
6
20
7
-15
-4
12
18
-7
13
26
4
3
1
12
9
9
22
22
10
19
28
6
3
0
-6
4
-6
-20
-12
-11
-28
-32
-11
-4
-12
-14
-8
-6
2
-1
1
7
6
0
7
16
18
26
18
27
4
-9
3
-4
-14
0
11
6
5
1
6
-3
2
6
3
2
-13
-18
-19
-22
-26
-22
-5
-16
-31
-10
-13
-11
1
5
17
13
-4
14
17
-13
-10
3
-1
-5
13
18
12
16
22
31
24
13
26
34
30
36
22
4
4
13
13
10
6
-3
-10
-10
-10
-13
-15
-28
-32
-35
-28
-31
-37
-26
-48
-44
-30
-41
-44
-35
-6
8
3
11
23
17
22
27
21
39
34
25
34
42
54
50
15
4
17
6
7
3
9
0
3
9
-23
-19
-19
-15
-23
-13
-27
-41
-18
-22
-11
-22
-3
6
-8
-10
0
6
-3
5
-1
10
10
6
20
20
9
10
12
7
-4
0
-3
-4
3
-5
-4
-7
-6
-13
-10
-7
-15
-17
-22
-28
-31
-19
-26
-26
-24
-17
-17
-14
0
-17
4
15
11
-6
6
17
-2
13
13
38
34
52
51
38
48
25
31
33
51
20
22
44
24
7
-2
23
6
-4
-9
-20
-7
-12
-29
-29
-30
-34
-37
-19
-23
-46
-50
-45
-11
-6
-12
0
24
22
7
18
29
29
14
20
35
38
19
23
31
20
24
22
24
16
1
5
10
-9
-9
-20
-29
-32
-42
-47
-41
-34
-54
-53
-57
-36
-44
-69
-57
-46
-19
-40
-38
-21
-35
-31
0
9
5
4
3
17
25
29
30
33
44
35
53
67
47
48
40
42
43
38
36
29
19
11
10
11
5
10
-3
-7
-6
-25
-15
-16
-8
-9
-20
-35
-23
-20
-40
-12
3
-4
-11
-10
-1
-6
-7
1
2
-6
-8
12
21
29
31
33
24
22
31
13
31
34
28
23
19
16
10
19
23
21
-4
-2
-7
-18
-27
-42
-39
-37
-38
-33
-29
-26
-23
-42
-31
-19
-34
-28
-19
-25
-38
-19
-4
-10
-5
2
13
0
0
8
16
10
-1
17
26
12
13
22
11
12
19
12
5
3
-10
-4
-2
-24
-14
-1
0
-6
-10
-7
-16
-7
-2
-13
-2
4
-2
-6
7
15
3
6
10
7
-2
14
28
14
15
26
34
33
12
11
29
21
10
13
23
31
17
-18
-9
-12
-18
-26
-28
-22
-48
-42
-49
-36
-42
-46
-39
-39
-40
-43
-29
-19
-7
-10
24
47
37
33
47
58
39
26
34
45
45
33
39
45
40
33
24
34
38
19
-13
-6
6
-13
-9
1
-17
-19
-7
-15
-19
-44
-48
-34
-41
-48
-46
-39
-44
-48
-21
-3
-3
-8
-3
-6
-16
7
1
7
24
20
28
19
29
48
41
39
37
22
15
23
18
-12
-7
-10
-5
-11
-6
-3
-21
-8
-34
-26
-38
-44
-34
-30
-12
-34
-37
-34
-25
-29
-21
-3
-15
11
18
4
0
13
12
9
17
20
31
34
48
30
32
28
10
28
39
28
18
22
21
4
-12
-5
-19
4
9
-7
-12
-12
0
-14
-10
-16
-9
-27
-15
-12
-17
-6
-15
3
0
3
5
4
8
-5
7
39
31
23
31
16
4
10
16
22
19
-1
4
0
-2
1
6
15
1
-8
-8
-25
-17
-5
-16
-26
-25
-6
-28
-29
-13
-28
-34
-24
-25
-29
-13
-2
9
-6
-3
4
13
13
18
31
16
35
27
19
21
3
10
10
6
-3
-1
-9
-26
-24
-16
3
9
0
1
0
-10
-3
0
-4
-1
-6
-5
-5
-10
-3
0
-3
-6
-22
-19
-3
-9
-4
3
-9
-8
12
12
19
38
29
27
32
33
31
14
26
33
22
36
25
29
34
17
2
2
-4
-15
1
-7
7
7
-12
-24
-31
-25
-40
-47
-41
-37
-51
-42
-41
-43
-54
-56
-34
-50
-37
-24
-30
-28
-23
-7
-3
5
19
5
3
10
23
45
32
25
25
32
35
47
53
53
57
54
57
61
58
32
54
49
34
32
23
16
-3
1
-3
-12
-33
-31
-34
-34
-19
-37
-42
-32
-31
-39
-47
-34
-35
-41
-31
-22
-22
-31
-32
-32
-19
-11
-4
11
20
18
28
28
25
33
31
35
36
23
25
23
26
29
15
16
0
-3
2
-5
-12
-7
-4
-13
1
-16
-20
-4
-9
-17
-25
-3
-16
-36
-27
-35
-41
-40
-19
-19
-19
-14
-13
6
-1
5
9
0
16
16
13
25
32
19
19
28
36
50
41
21
15
5
2
7
-9
-6
-6
-12
-3
-2
-13
-25
-45
-51
-40
-36
-30
-33
-35
-31
-19
-5
-5
1
10
17
18
11
18
14
15
23
19
28
29
32
50
40
38
52
44
47
40
38
32
31
32
11
20
23
6
0
-3
-28
-32
-13
-22
-38
-51
-47
-38
-56
-48
-49
-51
-25
-35
-34
-25
-22
-28
-24
-8
-29
-8
22
4
3
28
35
28
44
50
37
25
27
14
11
9
4
6
-3
-6
-17
-6
-19
-22
-13
-17
-19
-21
-10
-17
-17
-16
-22
-23
-11
-4
3
-4
-17
-15
-1
6
7
12
11
29
29
22
2
0
9
11
7
6
14
3
16
4
14
24
14
6
-13
-6
5
3
-6
5
2
-7
-15
-9
-10
-16
-9
-20
-7
-7
-9
8
5
9
8
19
29
22
29
41
41
37
27
17
36
36
19
32
26
32
13
-10
-6
-18
1
0
15
13
-8
-8
-32
-27
-44
-42
-35
-31
-35
-60
-56
-52
-50
-52
-43
-39
-35
-49
-35
-26
-38
-48
-52
-29
-24
-16
-9
3
7
16
18
24
38
25
32
36
49
56
53
44
50
69
35
25
44
57
42
31
51
40
30
12
11
8
0
3
-6
-5
-10
-17
-28
-34
-18
-29
-34
-35
-44
-42
-57
-41
-31
-20
-13
-11
13
3
-6
3
12
10
7
4
10
29
18
27
13
4
-9
-31
-9
-13
-9
-9
-1
2
-8
-8
-11
-11
-8
-4
6
6
-9
5
2
7
4
-1
18
18
17
18
37
34
24
16
10
20
23
18
20
24
26
11
16
27
16
3
-11
-10
-27
-35
-34
-32
-25
-43
-44
-28
-27
-27
-19
-26
-30
-38
-32
-3
-11
-30
-32
-13
-20
-24
-7
-15
0
-9
0
22
19
9
-4
19
24
6
10
31
29
25
34
41
51
39
49
50
25
38
42
29
8
4
3
3
-8
-19
11
-1
-13
-19
-21
-22
-35
-36
-51
-48
-28
-28
-35
-21
-7
1
-4
6
9
0
7
3
21
18
0
6
10
10
3
-5
2
15
14
22
25
18
15
12
19
1
-8
-10
-31
-35
-32
-38
-60
-47
-37
-24
-28
-32
-19
-27
-7
-6
-5
0
2
2
19
41
31
30
36
40
31
34
42
47
60
56
35
34
36
24
25
38
