-9
-15
-6
-6
-18
-10
7
-10
-1
-3
-7
-15
-26
-4
-4
-34
-21
-16
-30
-33
-36
-16
-10
-26
5
8
-3
13
8
20
15
7
16
12
-3
11
13
-13
8
18
14
31
27
2
-1
15
2
14
22
10
4
-9
9
3
22
28
10
20
17
3
-3
9
21
28
15
6
-7
-10
12
6
-11
-9
3
-7
-27
-42
-38
-35
-45
-42
-54
-44
-41
-51
-30
-22
-31
-27
-1
10
0
10
31
22
6
16
34
24
37
19
-2
21
7
15
29
-5
5
25
-5
-10
-10
9
19
24
11
-1
6
-4
4
-1
16
17
25
28
22
25
9
16
20
16
3
12
4
-6
0
-20
-22
-8
-13
-27
-6
-1
-10
-16
-13
-19
-25
5
-7
-17
0
10
9
-16
-19
-12
-8
1
-7
-4
-13
-18
4
6
16
-13
-14
-6
-15
-7
-30
-34
-26
-19
-42
-41
-29
-46
-35
-20
6
6
8
9
-4
-3
1
36
47
37
31
30
46
33
16
16
18
21
-4
-14
-1
-5
-10
15
10
11
15
-4
12
5
17
19
32
32
-7
13
24
38
18
19
28
2
9
-4
-3
-10
-34
-21
10
16
6
2
-24
-18
-5
-20
-4
2
-32
-31
-20
-37
-32
-19
-12
-11
-23
-13
-12
-17
-3
-10
-6
3
10
-9
1
20
0
-3
-6
-1
-12
-11
-9
-13
11
8
-9
12
16
8
28
25
22
16
22
13
1
1
7
3
18
28
15
21
15
25
17
-11
-1
0
-13
-3
-18
4
6
-19
-5
2
-6
-28
-29
-14
-26
-42
-25
-32
-23
-13
-21
-14
0
-13
-32
-11
-19
-25
-17
-16
-15
-20
-9
11
12
11
16
18
5
15
2
5
16
8
28
25
45
27
11
13
8
-3
-14
-9
0
-3
-9
2
-9
1
20
44
18
11
19
7
24
38
31
33
34
8
28
35
44
47
19
9
26
19
23
20
-13
-2
-6
7
10
7
-2
-6
-4
0
-9
-27
-25
-19
-10
-28
-18
-28
-14
-11
-30
-13
-29
-36
-45
-41
-42
-61
-61
-47
-35
-38
-43
-29
-31
-51
-34
-17
-29
-44
-44
-29
-28
-16
6
10
2
16
24
4
2
7
-4
13
38
24
32
22
6
32
29
25
36
35
24
10
24
32
4
24
61
50
27
29
31
22
27
41
36
44
31
22
35
29
24
8
24
36
9
1
-7
-16
-15
-6
9
1
-18
-17
-19
-28
-18
-16
-13
-7
-19
-18
-5
-17
-22
-1
2
-9
0
-1
-2
-1
-6
-9
-9
7
-8
-17
0
-12
-40
-31
-51
-51
-47
-44
-16
-40
-33
-25
-26
-19
-21
-9
-10
14
23
10
7
0
11
5
20
18
-1
10
-3
6
5
15
9
5
10
1
12
-1
9
1
-13
6
18
10
25
16
-4
11
6
15
21
25
41
25
6
7
9
8
4
14
12
-9
-29
-4
-4
-24
-20
-24
-10
-32
-34
-31
-20
6
3
-4
20
35
0
0
3
4
-1
15
9
4
5
4
16
0
5
10
19
7
9
-17
8
9
-26
-17
-10
20
-15
-8
-4
-6
1
6
26
19
6
-1
27
39
26
10
17
12
13
14
5
7
3
6
13
-1
-9
-17
-29
-12
2
22
-3
-21
-18
-33
-32
-22
-35
-54
-35
-47
-41
-37
-38
-27
-26
-7
-10
-4
3
0
0
-1
15
21
17
13
27
19
-4
7
6
-7
-10
-1
-10
-5
-7
-24
-15
-17
-9
-8
-3
-3
-1
0
8
15
-3
11
23
21
9
19
41
18
11
24
29
28
25
4
10
32
23
27
13
13
16
6
-14
-2
18
-4
16
-16
-19
2
-3
21
16
40
22
15
23
9
10
-6
16
0
16
9
-8
10
-14
-31
-22
-14
-22
-19
-49
-35
-37
-32
-28
-31
2
-20
-31
-20
-14
-28
-10
-3
-3
1
-6
9
20
10
11
29
25
22
5
16
5
-4
-1
-11
-7
-18
-18
-27
-27
-21
-17
-19
-22
-13
-16
-12
-12
-19
0
-5
-12
0
5
7
16
37
14
-4
13
27
16
3
-7
-10
-6
0
15
1
7
-9
-19
1
-19
-8
3
-7
-10
-3
2
4
30
29
41
46
56
64
24
47
48
52
62
41
29
22
24
12
23
11
7
6
1
7
-12
-26
-16
-35
-56
-22
-2
-32
-36
-41
-47
-29
-26
-26
-41
-41
-39
-26
-5
-22
-23
-13
-39
-36
-19
-31
-7
-16
-9
-8
-7
15
14
27
8
34
14
6
57
45
25
12
35
48
37
38
38
32
13
-16
-10
-3
-32
-9
13
-4
-14
-10
-3
-20
-36
-17
-1
-6
-15
-15
-9
-4
-2
2
-17
-12
10
0
15
3
4
-4
-11
-1
-3
-13
-22
7
-2
-13
-16
2
-3
-27
-11
-12
0
2
0
7
26
26
10
10
10
21
20
16
6
0
-3
-1
19
19
4
0
4
-7
12
28
4
3
7
-9
-12
9
1
-6
-6
-6
4
2
9
3
9
17
-14
-17
15
35
14
-3
17
2
-1
-7
-7
-7
-22
-9
-25
-17
-10
-28
-25
-21
-38
-32
-16
-6
-8
-16
16
-6
-6
12
11
1
1
21
25
29
1
3
-1
-3
2
10
17
9
5
-4
3
-7
1
14
29
26
19
25
26
16
13
28
25
31
13
-7
-6
-6
-7
2
7
0
-2
-21
-44
-48
-42
-57
-55
-41
-35
-34
-32
-16
-31
-38
-23
-25
4
-3
-28
-16
-12
-1
10
3
22
28
13
7
13
16
0
13
0
4
1
1
10
17
33
14
13
29
28
20
38
33
25
16
25
57
32
14
8
0
11
2
-4
3
-12
-17
-15
-16
-13
-19
-27
-14
-2
12
11
11
11
6
-4
-4
10
-6
3
0
-8
-28
-22
-5
-21
-18
-27
-28
-26
-22
-25
-19
-18
-19
-28
-15
7
-23
-11
15
3
1
24
25
14
35
35
13
35
60
45
22
30
9
12
26
11
9
-15
3
-6
-8
4
-19
-35
-25
-31
-49
-40
-15
-4
-24
-19
-17
-21
-10
4
-3
-10
9
-3
-7
12
5
6
8
19
24
-11
8
-2
-4
7
1
10
-6
-5
4
15
-11
-5
17
6
-19
-10
0
-21
-28
-32
-11
-19
-4
-1
2
15
18
11
3
13
13
34
34
6
-1
11
0
11
25
2
-11
-19
1
3
-15
3
7
-5
-10
-20
1
3
7
35
14
19
17
16
23
0
-3
3
14
-4
8
14
-1
-6
-32
-16
-9
-18
-16
-5
-12
1
-6
-24
-19
-23
0
-6
-9
9
5
-4
15
29
23
14
15
13
6
4
-2
-1
0
-13
-18
-9
-19
-35
-6
-6
-16
-26
-43
-23
-15
-11
-10
13
11
-7
0
9
9
27
36
23
18
13
37
12
15
25
3
7
-1
12
22
9
7
-8
-19
-11
-22
-19
7
9
-25
-10
-10
-28
-22
-8
-7
-40
-17
-16
-44
-34
-19
-19
-10
-15
-15
-16
-22
-15
-10
0
13
28
13
17
21
13
25
33
26
28
29
26
44
46
34
31
32
35
28
26
39
12
-5
3
6
6
11
12
-1
10
-16
-12
21
-6
-17
-3
1
3
-7
-6
1
3
14
2
-19
-10
-33
-35
-12
-25
-26
-22
-19
-25
-30
-33
-19
-11
-34
-15
-12
-6
-10
-20
4
16
3
6
3
-23
-15
-18
9
0
-30
-12
-13
-19
-6
6
-6
1
3
-8
-35
-36
-28
-21
6
-4
4
13
11
13
-1
-6
3
18
28
31
25
13
24
29
45
67
51
19
20
19
15
30
32
29
22
13
-2
-4
21
21
-1
4
15
18
-4
11
29
3
-2
-1
2
17
21
3
-7
-6
-15
-26
-7
-5
-15
-3
-17
-23
-26
-10
6
-8
3
-18
-27
-25
-7
3
-31
-14
-13
-42
-31
-47
-55
-38
-41
-48
-41
-26
-31
-50
-22
-19
-56
-23
12
11
6
13
13
19
16
-6
13
24
39
41
32
52
44
38
41
36
55
44
43
27
15
13
9
-4
-18
-14
-25
-2
-15
-21
-15
2
0
-3
9
-1
11
3
18
18
11
16
27
25
15
7
8
8
7
5
5
-2
-18
-4
7
6
10
12
-22
-22
-3
-8
-20
-16
-12
-9
-10
-20
-9
-20
-25
-20
-3
-4
-15
-30
-22
-25
-31
-8
-11
-9
-12
-13
-29
-14
-18
-22
0
-22
-17
-6
2
-8
3
19
0
7
-2
1
5
12
23
10
12
20
25
13
12
15
22
27
16
17
10
22
37
30
32
22
26
21
13
21
23
29
22
9
-5
9
5
-12
-7
5
19
20
-12
-15
0
-19
-1
10
12
2
-16
-14
-6
-7
-44
-40
-18
-31
-29
-19
-16
-35
-48
-18
-38
-32
-5
-17
-23
-18
-12
-26
-31
-14
-14
-28
-4
-16
-11
10
4
-4
-13
11
7
14
11
20
21
18
35
17
12
20
35
29
34
34
30
33
25
48
38
22
16
6
25
6
4
28
7
3
-1
-5
-12
0
-4
-9
1
-24
-10
-25
-29
-16
-26
-17
-14
-15
16
-1
-23
9
-7
-13
-12
-26
-23
-13
-18
-27
-21
-18
-9
-8
-22
-11
-23
-42
-11
-14
-13
10
-2
5
13
10
18
16
44
41
24
22
3
5
10
36
44
25
21
10
-6
13
7
-10
0
3
15
24
19
13
16
-3
-15
-11
0
0
-1
5
-18
-30
-20
-13
-7
-6
-4
-14
-30
-26
-39
-25
-20
-14
-5
-27
-16
4
3
-4
3
8
9
0
15
16
-9
6
15
26
17
26
26
12
22
10
10
25
12
-5
13
9
-5
-8
17
21
0
9
-7
-16
-10
3
-1
-23
-7
5
-6
-15
-5
-19
-18
-11
-16
-10
-5
-15
-15
-18
-39
-13
15
3
-29
-36
-19
-16
-38
-8
-5
-19
1
-29
-37
-32
-1
3
-6
11
13
16
15
35
36
42
44
38
47
43
26
28
32
20
11
31
50
19
26
31
44
36
20
37
31
34
7
22
11
-12
-10
-11
-14
-28
-10
-34
-31
-11
-35
-45
-45
-60
-58
-46
-26
-16
-44
-28
-15
-25
-44
-32
-2
-7
-30
-35
-3
-33
-32
-6
-9
7
-7
-16
13
16
26
44
30
20
22
38
19
24
37
29
20
8
10
5
15
6
28
52
27
10
20
32
18
17
13
14
2
-3
-4
-19
-11
-13
-16
-8
-19
-18
-23
-29
-10
-25
-11
-7
-21
-7
-19
-9
-21
-14
9
-10
-5
-6
-9
-17
-27
3
4
-7
5
-2
-3
-12
-11
-22
-17
12
13
10
-5
-4
-11
-8
3
-7
10
10
11
29
41
33
23
32
31
34
26
24
28
7
14
16
24
38
44
32
13
17
12
8
-5
1
-19
-10
-13
-34
-30
-27
-10
-50
-32
-22
-54
-42
-42
-38
-22
-32
-39
-25
1
-3
-9
18
13
12
9
12
14
4
15
29
37
28
11
-6
-25
-21
-7
-17
5
-11
-16
4
-14
14
7
4
9
-11
0
1
-5
-4
11
17
23
16
12
16
-17
-8
10
-2
12
10
4
10
10
-2
-7
-4
-1
0
-6
-19
-25
-11
-12
-19
-7
4
1
3
3
-12
-4
14
14
0
3
19
12
10
30
32
15
24
53
44
32
22
12
12
7
11
1
4
-11
-18
-19
-27
-11
-13
-21
-34
-26
-16
-25
-13
-26
-23
-9
-21
2
-16
-34
-16
-7
-9
-13
6
7
4
13
16
3
-22
-15
16
20
4
1
0
-18
-13
5
9
-13
-6
-7
-32
-2
-5
-27
-28
-19
-13
-20
2
7
-3
0
4
32
32
18
9
20
39
7
19
46
50
12
25
40
11
26
32
30
23
22
10
-7
-6
5
-1
9
-7
-24
-28
-31
-16
-14
1
-3
8
8
-2
-6
7
21
-5
-2
1
-3
6
-7
-19
-8
6
-7
-27
-26
-26
-24
-23
-16
-20
-25
-22
-44
-28
-1
-19
-32
-8
-21
-41
-19
-19
-22
-28
-16
4
-4
-3
9
18
21
28
42
48
30
13
22
23
21
31
20
22
23
29
45
28
24
25
25
19
17
13
4
11
23
10
-3
-3
-13
4
7
-2
13
18
-8
0
-2
-10
-17
-13
10
-4
21
26
2
-22
-31
-31
-16
-19
-26
-27
-44
-39
-57
-55
-45
-36
-25
-48
-32
-19
-45
-16
13
10
-3
0
3
-14
-17
-9
0
-27
-1
15
12
36
20
16
34
29
17
26
34
35
11
16
31
10
20
35
27
11
42
44
19
32
29
29
15
10
-1
-3
0
-7
2
9
-6
-18
-3
-22
-31
-21
-6
-29
-61
-38
-30
-38
-17
3
-12
-11
-10
0
-6
-7
-1
3
19
13
17
14
3
2
14
10
12
10
12
-3
-3
12
-22
-23
-10
-10
-7
-1
-1
-14
-25
-2
6
-9
-4
0
-4
-4
10
7
9
16
6
12
21
-6
-5
-7
-2
-1
-3
12
2
-7
8
6
-21
8
15
13
5
12
14
6
6
-5
24
3
15
3
-15
6
-3
-5
-10
8
3
12
16
4
-2
-16
-9
-1
-5
-23
-20
2
-11
-19
-13
-22
-6
-6
-13
-22
-24
-23
-26
-13
-12
-5
-31
-38
-30
-17
4
3
9
-24
-16
-1
-8
-16
-13
13
-7
7
38
63
51
35
42
10
28
26
23
26
19
14
7
28
13
23
28
26
7
-6
28
28
25
28
-5
-16
-15
4
6
-10
15
0
16
12
-17
-9
1
25
16
17
13
-3
4
5
0
-7
0
-19
-50
-36
-43
-38
-28
-42
-52
-45
-6
-31
-48
-19
-9
-15
-10
1
-7
-19
-23
-17
-3
10
1
9
13
7
9
-1
9
-5
-12
-21
-22
-5
-17
-17
-24
-12
-9
-15
-9
-13
-13
-15
-6
1
5
7
4
10
32
34
35
50
40
29
40
58
48
35
54
60
44
31
47
47
29
21
9
5
7
-3
-1
-3
-12
-19
-24
-4
-15
-25
-12
-31
-28
-22
-28
-13
-21
-22
-3
-6
3
-5
-9
-16
9
32
-10
12
-3
-4
1
-22
-1
-9
-4
-10
-10
-36
-34
-31
-29
-20
-17
1
-13
-5
-20
-18
10
8
3
35
25
-5
-6
6
18
7
1
1
3
-5
-1
-6
-10
-4
-20
-17
-2
-3
-14
1
4
-3
15
9
13
22
9
13
14
20
6
5
18
12
28
17
28
22
29
26
-16
-4
-1
-9
-19
-9
3
-6
-6
-3
3
2
9
12
9
9
-26
-28
-13
-29
9
-3
-16
-8
-29
-18
-18
-20
-9
2
-11
-25
-17
6
-3
-6
3
-7
0
3
4
-5
-1
10
6
2
-17
-16
6
-7
1
6
12
20
-5
2
0
12
20
16
28
15
6
26
42
31
29
28
34
31
16
10
15
18
29
13
-13
6
10
-8
-1
-2
-34
-32
-23
-28
-34
-37
-23
-28
-22
-6
7
2
-11
-13
-6
10
0
-6
-6
12
18
-11
-4
12
6
-24
-14
-12
-12
-7
-26
3
-13
-32
-24
-44
-25
-32
-47
-29
-31
-15
-25
-26
4
3
25
26
35
35
7
12
18
41
43
38
22
2
19
20
16
24
18
-7
-8
-18
-21
-16
-16
-2
0
0
0
-7
-10
25
19
7
4
-10
-1
-10
14
25
21
26
27
16
8
25
14
21
27
11
2
14
19
1
-3
7
7
-2
-6
-19
-34
-21
-21
-28
19
26
16
-7
6
11
-24
11
33
30
19
35
2
-13
-5
-4
9
-17
-9
-4
-20
-30
-25
-15
-15
-23
-13
-23
-22
-35
-19
-26
-40
-10
-11
-11
-51
-39
-16
-4
-14
-28
-32
-19
-22
-22
-7
-17
7
-4
-19
-44
-9
-14
-23
-2
-3
6
-12
6
7
6
6
31
27
20
34
49
63
39
31
44
46
31
55
54
50
34
34
47
14
6
35
26
-16
-6
0
-17
-21
0
-1
3
12
4
-13
-15
11
0
3
6
4
11
12
2
3
15
-6
0
-3
-3
-5
-20
-19
-29
-23
-20
0
-21
-15
-3
-19
3
-15
9
1
-23
-11
-18
-18
-8
-9
-23
-4
-10
-3
-22
-25
3
-9
-3
3
2
-6
9
4
-2
-6
-12
7
1
-16
-21
-14
-29
-28
-9
-15
-12
-25
-24
-15
-11
8
4
2
-3
17
13
0
11
4
13
4
4
3
-1
4
-8
-26
6
-2
-24
4
1
6
19
37
20
7
14
12
24
45
36
31
32
29
25
22
25
19
15
3
17
3
6
-1
-15
-2
2
13
3
6
19
35
19
31
19
12
37
35
36
21
17
14
24
-12
-9
1
-35
-45
-34
-18
-35
-9
-21
-22
-15
-23
-28
-41
-42
-57
-60
-65
-50
-56
-45
-42
-57
-53
-39
-38
-55
-41
-28
-18
-13
-5
8
8
8
27
26
11
28
15
9
16
27
25
4
20
19
32
32
28
44
35
31
17
26
28
31
36
40
22
19
44
23
25
3
1
-11
-13
10
-13
-13
-23
-13
-15
-13
2
-10
-18
1
-3
-3
0
-7
13
-4
3
3
10
27
13
9
35
31
4
5
7
-1
-10
3
-7
-21
-13
6
-12
-14
2
-6
-6
-12
-10
-10
0
3
-19
-35
-39
-37
-38
-28
-26
-47
-42
-38
-44
-48
-32
-32
-25
24
12
-19
-17
19
25
31
44
38
34
22
29
22
17
-5
11
26
3
12
38
47
20
15
14
18
38
22
2
-2
0
8
-1
0
2
19
10
-15
-23
-9
7
-6
3
0
3
3
10
8
-1
17
14
-1
0
4
-25
-28
-18
-35
-32
-26
-5
-19
-50
-12
-13
-21
-22
-22
-8
0
19
12
6
-3
0
0
-2
3
-4
-16
-21
-27
-22
-4
-23
-4
-12
-13
6
-1
2
8
22
15
33
17
1
16
13
11
6
9
11
25
13
-3
-15
-10
-9
-13
-1
-16
17
16
-10
-3
7
15
26
56
34
19
33
26
27
42
47
34
26
12
-17
-6
23
16
0
5
-13
-29
-22
-40
-20
-8
-19
-26
-21
-27
-19
-16
-14
7
-18
-13
-9
-16
-14
15
19
7
13
-7
7
1
4
7
-1
0
-7
10
8
-10
-13
-38
-54
-38
-31
-54
-32
-16
-36
-14
-16
-29
-22
-18
-25
-3
0
-10
-6
-3
5
-7
-3
3
-1
0
-1
7
26
32
32
29
34
35
18
36
39
34
37
38
33
38
41
16
6
12
10
6
8
8
-6
-13
3
-2
14
25
39
6
-24
9
-1
7
0
6
22
22
16
-7
-18
-10
-15
-5
9
-13
-13
-29
-44
-25
1
-4
-28
-6
-6
-33
-31
-24
-25
-40
-28
-36
-53
-48
-29
-16
-19
-16
-18
-15
-1
21
-6
-5
5
15
36
23
41
49
32
15
25
30
22
23
14
4
0
-10
-1
6
3
-1
-7
-13
-16
-17
-16
2
-5
-12
-16
-4
6
-1
2
7
23
12
-3
12
10
4
16
11
15
12
37
46
28
26
-3
26
22
1
4
13
6
-17
-3
10
1
-13
3
-8
-24
-12
-12
-33
-35
-16
-12
-18
-27
-32
-42
-26
-6
-12
-16
-7
-24
-15
-4
-34
-22
2
-4
-6
18
7
-6
-15
3
2
-13
21
6
9
29
24
25
26
29
27
24
14
5
10
11
12
17
13
-6
-24
3
-5
-24
-8
17
3
-27
-17
-28
-5
0
-13
-3
-13
12
1
8
-3
-28
21
11
-5
11
2
3
20
29
25
18
28
30
17
29
29
9
11
18
1
9
7
-8
-1
4
7
-4
-4
-10
-27
-23
-9
-26
-27
-1
2
-3
-7
-6
-4
2
-1
-10
-29
-35
-28
-29
-26
-21
-28
-38
-40
-51
-44
-52
-54
-40
-27
-22
-31
-8
-4
0
3
6
19
11
7
19
41
59
52
38
60
56
32
28
32
45
42
33
31
23
21
19
28
10
1
6
4
7
3
-9
-21
-11
9
15
0
10
-3
-2
12
3
17
6
-5
-13
-16
-25
-24
-14
-17
-17
-15
3
-5
-13
-22
-13
-16
-34
-20
-13
-8
-22
-16
-3
-27
-28
-18
-17
-4
-4
6
12
13
24
15
23
30
23
27
41
25
19
9
7
2
1
12
-8
-6
-15
-4
-18
-9
6
-17
-1
-3
6
8
-10
-13
-13
-23
3
-8
-9
-17
-21
-14
-28
-9
-25
13
14
1
17
-21
-11
-20
-32
0
0
13
25
-2
-4
-10
-3
14
-3
-6
13
13
-1
22
27
10
21
10
41
48
24
28
19
21
7
6
8
22
8
-16
-11
-6
-17
-18
-1
-35
-42
4
19
-8
-1
1
6
16
21
40
38
20
1
15
12
32
22
12
6
-10
-5
-1
13
-14
-21
-25
-8
-10
-26
-9
-8
-22
-35
-44
-22
-18
-47
-42
-15
-9
-7
5
-16
-28
-10
-9
-28
-28
-11
-18
-36
-25
-47
-36
5
-21
-13
-22
-16
-11
-6
0
10
19
9
21
11
37
38
26
22
45
54
55
69
41
18
28
48
16
13
7
2
10
12
-8
-29
-2
6
-12
-1
18
6
16
7
-4
-1
17
2
-16
5
3
3
26
30
9
10
3
10
1
11
5
-15
-8
-9
-10
-5
3
-25
-23
6
0
-30
-24
-17
-14
-26
-19
-10
-3
6
-10
-10
-13
1
-2
17
1
-11
-9
-23
0
-16
-26
-13
-19
-39
-47
-34
-17
-10
-22
-27
-17
-28
-19
-24
-22
-5
-20
-15
7
-2
-6
19
38
22
3
28
20
26
25
33
34
19
34
38
53
39
41
32
19
29
22
17
22
12
16
20
22
24
31
49
32
18
20
12
5
-3
4
7
-19
-5
-11
-23
-26
-44
-20
-6
-19
-21
-29
-41
-31
-41
-23
-25
-51
-28
-10
-3
-9
-7
-21
-42
-45
-48
-29
-21
-5
1
-16
-10
-13
-5
-6
-1
9
6
7
6
10
13
21
8
28
42
16
-1
3
13
19
7
13
25
3
12
17
19
18
28
7
1
17
17
10
5
8
-2
23
13
11
11
13
-7
-12
-4
-9
-2
3
1
-26
-25
-15
1
-6
2
7
19
11
6
-19
-21
6
-1
20
-3
-3
4
-9
-31
17
3
-17
-19
-31
-1
-15
2
-12
-22
-29
-38
-41
-5
-22
-45
-28
-44
-16
-9
7
16
7
4
5
19
47
52
40
29
52
44
31
48
47
40
10
15
4
23
9
-20
-9
-29
-35
-27
-3
1
-3
-10
-11
-27
-14
-24
-29
-8
-23
-7
2
-15
-13
-7
-9
5
-16
-32
-25
-13
-15
-26
-28
-22
-15
-10
8
5
15
33
30
23
55
44
22
26
14
35
42
40
44
35
46
44
32
16
-10
8
-7
-16
0
9
-3
-18
-31
-26
-9
-33
-9
-4
0
-4
-26
4
-5
-15
0
19
4
-4
-4
-31
-8
-6
-19
-13
-8
-16
-19
-13
-29
-38
-25
-29
-58
-19
-7
-23
-43
-29
-19
-41
8
9
2
0
4
17
26
28
27
31
39
38
16
32
23
8
9
0
-2
0
-2
-2
0
0
4
9
7
3
13
20
22
7
10
29
12
16
25
15
15
13
12
-8
-2
0
10
17
-2
-7
-19
-6
0
-9
-10
-11
-11
-8
-30
-28
1
7
-4
-13
7
9
-8
-8
-1
0
-7
-6
10
6
0
0
3
7
-14
-3
-7
-15
-30
-32
3
-21
-13
-3
-20
-9
6
9
1
-3
5
17
0
-4
-3
-15
-9
15
3
8
9
-11
-3
1
-8
-16
-1
-15
-36
-21
-1
-9
-8
7
-7
-2
5
7
1
-3
0
22
19
4
15
5
16
27
8
11
42
27
2
1
14
32
22
9
6
21
27
17
9
19
20
16
13
12
22
32
20
-4
-1
-9
3
-3
-7
8
-14
-22
-22
-31
-17
-3
-4
-14
-33
-33
-27
-16
-34
-38
-36
-36
-35
-25
-6
-16
-12
-8
4
2
-7
-17
-22
-7
-19
1
-3
-27
-5
-7
2
1
-1
-5
-15
7
-9
-5
20
19
21
25
32
15
9
19
4
10
11
15
30
11
-5
11
10
16
8
-16
18
28
18
38
27
20
45
38
31
17
16
13
10
36
22
-1
13
13
2
12
10
0
1
-17
-48
-4
-9
-25
-27
-19
-19
-74
-43
-44
-29
-13
-12
-13
-26
-28
-17
13
-2
4
-16
-6
-4
-16
3
-13
-13
-20
-15
-9
-16
6
-4
-17
-36
-31
-7
-7
6
1
7
4
8
18
22
15
-7
3
4
6
11
21
23
-9
9
19
-1
-6
-18
-16
-4
11
0
-13
-12
-12
3
6
-4
13
11
4
4
3
1
10
32
27
47
24
4
35
61
63
38
52
48
29
47
93
69
43
35
14
31
13
-1
-23
-4
25
10
-30
-73
-21
-31
-71
-89
-87
-41
-48
-84
-66
-44
-52
-36
-36
-17
-23
-13
-25
-65
-67
-59
-29
1
10
-18
-4
10
6
7
9
-7
29
22
-18
-19
-18
42
-1
-14
3
-6
-41
-35
12
16
62
33
33
30
11
35
7
6
29
-5
47
73
7
-25
2
-27
-88
-67
-88
-51
-39
67
48
-20
56
4
43
49
103
133
109
128
128
142
85
136
135
52
47
91
98
32
37
-4
-41
-71
-152
-137
-71
-69
-117
-80
-15
-71
-148
-114
-134
-96
-89
-133
-71
-29
-19
51
88
-6
110
78
59
20
-49
-32
-81
-48
-98
-12
-79
9
13
-70
-101
-157
15
-43
-38
-18
-41
-104
-181
-145
14
21
74
366
480
601
342
404
317
-39
-143
-507
-470
-732
-125
19
131
568
251
477
-296
-388
-1195
-1510
-1418
-1279
-287
-64
1285
1342
1780
1238
782
250
-606
-778
-967
264
384
1920
1938
2803
1987
1338
1002
-132
-595
-1734
-279
-1245
291
496
736
130
-380
-286
-1629
-1767
-2835
-1397
-2284
-1545
-220
-351
-1009
-868
-98
-1350
-1072
-1152
-574
2
-511
864
1032
231
253
1142
1083
-8
1381
1585
1081
516
972
1382
332
770
947
618
840
716
1078
152
-350
239
-249
-370
-945
602
-519
-832
388
-772
124
-1036
-920
-367
-420
114
-1449
-54
-184
-198
-67
26
1041
-702
504
100
762
122
-669
669
155
1031
403
610
567
142
178
-204
-21
246
-673
-297
171
8
-212
-659
201
-306
-281
-557
-286
-442
-791
-356
-41
-304
-313
206
-476
617
-13
159
525
318
632
627
303
183
1084
-284
23
156
344
601
47
234
112
-209
178
4
239
-427
-1750
-298
-813
-460
-931
-254
232
-246
-96
-781
-233
-1033
-707
-582
-792
-1243
-799
-426
-104
-565
-1162
-969
-1135
-650
-1180
-1137
-1287
-1232
-1100
-940
-193
100
-53
861
1795
1640
1053
1184
1913
2584
3173
2250
3236
3908
4255
5494
4146
4316
3212
3574
3580
1730
1902
830
1683
723
-352
-971
-665
-763
-2347
-3017
-3764
-3591
-4394
-5022
-5366
-4785
-5058
-4370
-4106
-3716
-3068
-2857
-1446
-2228
-1965
-1716
-851
225
406
1162
2205
2583
2245
2674
3052
3240
2927
2435
2730
2944
1689
2139
2020
1693
1846
717
844
-16
-393
-447
-1147
-1851
-2401
-1986
-1828
-1891
-2224
-1971
-1460
-1890
-1630
-1510
-1404
-1053
-1762
-1272
-1272
-1986
-1866
-1826
-1498
-1876
-1998
-1639
-1419
-1192
-1242
193
337
536
435
383
1945
1691
2388
1692
2741
3596
4583
5263
4557
5745
6102
8068
6835
6626
5500
5480
5919
4218
4280
2941
3782
2872
1886
611
-430
-308
-1627
-3184
-4613
-5399
-5582
-6941
-7709
-7999
-7795
-7017
-8328
-7674
-7533
-5939
-5015
-5231
-5325
-5567
-4069
-3259
-2102
-1345
-313
765
1768
2539
3851
4863
5915
5616
5809
5627
5452
5837
5699
6220
5190
4827
3986
4200
3643
3526
2387
1672
-88
-1787
-1948
-3216
-2503
-4166
-4182
-4704
-4712
-5192
-5542
-5050
-4980
-4669
-5434
-4812
-4282
-3228
-2424
-1859
-1320
-115
-27
1225
1332
2084
2794
1789
1852
844
1069
791
519
57
-219
-744
-804
-335
498
996
870
49
887
1682
1544
1098
-385
1788
2412
4212
3465
3656
5078
7196
9696
8453
8369
5935
8188
7495
6833
5624
4107
5297
3956
3751
1737
1503
353
-250
-1719
-3585
-5079
-7171
-8065
-9327
-10328
-10145
-10670
-11128
-10832
-10303
-7927
-7898
-7835
-7908
-7443
-6609
-6184
-5087
-3590
-2651
-1938
-677
942
3475
5531
6938
7104
7477
7615
8645
8435
8293
7829
7340
6798
5528
5441
5445
5603
4468
3455
1417
576
-858
-1496
-2354
-4294
-5558
-7154
-6804
-7211
-6664
-6528
-6337
-6222
-6626
-5299
-4709
-3775
-3430
-3318
-1920
-1623
-448
603
2115
3645
3553
3725
3279
3525
3346
3152
2343
1567
912
52
-317
-433
-152
395
205
-840
64
-145
2011
1393
1471
541
-780
1351
1532
4969
2659
4424
4622
8460
10319
8576
9662
7154
10320
7281
7752
4897
5191
5299
3720
3309
-239
726
-1090
-316
-2983
-4845
-6656
-8335
-9345
-10320
-10729
-11152
-12110
-13063
-12420
-11207
-9465
-9643
-9054
-9532
-8459
-8135
-6099
-4315
-3171
-2078
-1900
-132
1909
4233
5922
7062
7464
8698
9184
10444
10674
10976
10112
8909
7416
6504
6916
5926
6208
4304
2978
1240
-85
49
-1044
-2680
-5098
-6191
-7376
-7833
-8234
-8208
-7573
-8232
-7603
-7193
-5830
-4496
-3517
-2771
-2594
-1909
-1206
590
1215
2693
3194
3391
3624
3891
5002
5017
4274
3048
2797
1902
1162
162
154
377
-228
-772
-828
-490
-317
800
937
960
-887
-1566
249
1553
2893
969
1807
2999
6504
8398
7636
7568
5794
8608
7415
8014
5921
5481
6464
4705
3997
1295
2251
1504
1454
-1209
-3118
-4583
-5528
-5480
-6568
-7711
-9260
-10413
-11304
-10757
-10494
-9247
-10128
-10232
-10523
-9488
-8578
-7403
-5752
-4921
-4006
-4456
-2445
-372
2442
3346
3507
4146
5263
6914
7743
8832
8619
8171
7382
6762
7059
6911
6401
5598
4124
2601
1207
730
648
37
-1639
-3300
-4026
-4545
-4296
-4581
-4657
-4764
-5334
-5097
-4708
-3606
-2946
-2054
-2131
-1973
-1398
-580
1231
1598
2404
2503
2705
2958
3664
4321
4092
2798
1496
1764
1302
543
-465
-957
-975
-1601
-2112
-1624
-1513
-1327
-1267
-175
72
-187
-1167
-440
1394
1728
2689
830
3186
4773
8134
8673
6845
6856
6854
10519
8747
8106
5272
6117
6575
4703
3602
1335
1928
551
-556
-3094
-4364
-5309
-5186
-6223
-7982
-10222
-11113
-11431
-11615
-11334
-11853
-10955
-11991
-10767
-10695
-9510
-8532
-7294
-5203
-4409
-3574
-2785
-613
1519
3327
3881
4938
5439
7400
8499
9493
9294
9150
9333
8691
8410
7238
7937
6743
5754
3649
2379
1896
1120
630
-919
-2081
-3253
-3184
-3761
-3738
-4324
-4593
-4916
-5086
-4798
-4298
-3548
-3318
-2542
-2661
-1885
-1411
-179
959
1352
1485
1815
2396
3030
3971
3447
3373
2095
1538
1327
400
-372
-1109
-1490
-1880
-2422
-2437
-1650
-1552
-1402
-1282
-565
-972
-552
-1865
-120
31
288
1399
55
3705
3756
7236
6294
6044
6412
7550
10155
7909
7341
5038
7083
6976
5291
3440
2305
2216
2664
-77
-1241
-3120
-3310
-2392
-5715
-6359
-9817
-8240
-9544
-9382
-10740
-11342
-9948
-10911
-8811
-10887
-9861
-9075
-7148
-5192
-5736
-4879
-2955
-1477
674
1075
2416
3834
4772
6907
7214
8144
7606
9111
8437
8405
7619
7418
8393
5902
5303
3592
3466
2965
1794
915
-199
-1336
-2096
-2239
-3129
-3552
-4188
-4505
-4682
-5000
-4862
-3935
-3873
-2845
-2831
-2743
-1845
-1511
145
358
522
770
1858
2426
2841
3067
2818
2751
1214
1040
862
8
-712
-2295
-2171
-2215
-2204
-1759
-1954
-1456
-1883
-144
-776
-236
-1294
-524
1273
210
1893
128
3401
4115
6570
7020
5881
7061
7456
11102
8918
7618
6319
7084
8465
5603
3257
2392
1728
2812
-484
-2040
-3889
-4055
-2656
-6130
-7335
-11265
-8321
-9280
-9963
-11376
-12711
-9453
-11132
-9578
-11139
-10041
-8306
-7352
-5727
-5935
-4855
-2722
-755
805
904
2368
4560
6238
7532
7228
9078
9062
10203
8871
8675
8963
8400
8894
6507
6411
5098
4936
3583
2355
1585
486
-294
-1917
-2136
-3068
-3828
-4797
-5509
-5594
-5377
-5603
-5175
-5486
-4567
-3826
-3405
-3299
-3096
-1688
-1471
-361
-638
805
869
1570
2173
2003
2442
1459
1957
1362
819
-801
-1126
-1418
-1857
-1768
-2245
-1778
-1892
-2057
-326
-65
391
-285
-458
1628
752
2143
914
2690
3784
5657
7384
5633
6948
6607
10800
9760
7718
7013
6632
9347
6708
4358
2894
1981
3169
626
-1344
-3335
-3517
-2383
-5113
-6599
-10148
-8013
-8096
-9337
-10258
-12346
-9361
-10580
-9776
-10389
-10133
-8333
-7837
-6159
-6041
-4929
-3252
-1410
-188
39
1735
3679
5419
6565
6754
8503
8663
9435
8874
8247
8459
7575
7651
6086
5800
4902
4499
3434
2112
1668
634
103
-1533
-1949
-2814
-3570
-4493
-5176
-5268
-5571
-5673
-5707
-5247
-4760
-3938
-3355
-3197
-2671
-1588
-666
257
-47
722
829
1214
1513
1470
1959
1253
1584
792
919
-249
-513
-603
-1421
-978
-2066
-1738
-2052
-1885
-168
-159
133
-305
380
1988
1929
2271
1557
3563
4566
6268
6109
5041
6482
7048
9997
8317
6903
6605
7065
8433
5769
3674
2701
2718
2747
-125
-2119
-3778
-2877
-3122
-5398
-7130
-9475
-7140
-8373
-9073
-10607
-10910
-8852
-9788
-9489
-10294
-8856
-7993
-6636
-6140
-5837
-4046
-2801
-617
-330
175
2089
3604
5457
6209
6835
8008
8528
9013
8811
8728
7702
8090
7378
6413
5566
3733
3989
2233
1644
765
-96
-713
-1867
-2098
-3003
-3249
-4628
-4643
-4875
-5474
-5289
-6061
-5368
-4810
-4301
-3291
-3503
-2679
-1658
-580
234
256
1046
1131
1771
1175
1403
1071
483
788
-132
256
-937
-794
-806
-829
-572
-1086
-376
-682
546
752
1021
475
270
2177
2246
2980
1144
2590
4404
5928
6672
4422
5989
6236
8989
8146
6361
6234
5900
7945
5257
3328
1817
1789
2685
-426
-1953
-4020
-3336
-2726
-5197
-5552
-8256
-6591
-7324
-8206
-8572
-9932
-7437
-8661
-7798
-9303
-8324
-6707
-6314
-5020
-6016
-3905
-3054
-1585
-337
-150
1473
2151
3809
5055
5699
6610
6515
7916
7212
7711
7064
6776
7232
5065
5476
3571
3629
2363
1241
1016
-402
-720
-2188
-1479
-2172
-2532
-3259
-4146
-3483
-4195
-4035
-4293
-4892
-4054
-4077
-3171
-3104
-2771
-1658
-1327
-395
-401
1080
1021
1172
724
573
1107
311
441
-130
-508
-1307
-1539
-1294
-776
-1188
-1141
-1022
-432
202
1235
1588
1651
1205
1779
3573
3546
3903
2296
4385
5461
7608
6691
5757
6463
7274
9891
7181
7087
5615
7316
7116
3973
2170
823
1676
730
-2082
-4117
-5169
-4192
-4671
-6688
-7849
-9281
-7184
-9187
-8755
-10101
-9110
-7919
-9537
-8561
-10031
-7398
-7412
-5811
-5704
-5156
-3347
-2103
104
417
1748
2531
3917
4910
6100
7075
7439
7316
7721
7418
7760
6946
7119
6666
5197
4747
3354
3434
1727
1422
227
-239
-1648
-2395
-1859
-2842
-2687
-4442
-4119
-4264
-4198
-3735
-4161
-4121
-4008
-3314
-2910
-2821
-2246
-1572
-922
-932
-149
1288
1299
1840
1007
1950
1620
1111
1303
546
320
-1334
-1224
-1063
-800
-1087
-1373
-1058
-834
132
1423
1395
1452
385
2180
3147
3225
3131
1534
4015
4229
6740
5250
4793
5194
6570
8683
6014
5996
5155
7422
6816
3829
2554
1696
2419
1087
-2075
-3337
-4682
-3195
-4430
-6096
-7578
-8493
-6273
-8356
-7560
-9580
-7581
-7242
-8188
-7860
-9040
-6529
-6944
-5632
-6085
-5339
-3714
-2371
-759
-336
579
1809
2665
4001
4841
5840
6123
6032
6626
6127
6914
5705
6428
5261
4705
4213
3361
3472
1787
1942
675
386
-1390
-1304
-1228
-1592
-1983
-3396
-2884
-3175
-2677
-2340
-2830
-2885
-2898
-2552
-2053
-2487
-1702
-1723
-1276
-1648
-584
428
605
1179
511
2174
1068
1505
1280
1012
576
-1312
-1096
-1319
-1009
-1618
-1712
-1751
-1222
-659
731
1144
1258
987
1746
3241
3348
4180
2645
3938
4320
6071
6164
4233
4823
5161
7846
6654
5160
4779
5501
6806
5126
3073
2238
1762
2150
-432
-2463
-3817
-3925
-3227
-6387
-7342
-9337
-7217
-7483
-8615
-9110
-9718
-7313
-8432
-7626
-8665
-7693
-6789
-6451
-5663
-5820
-4142
-2709
-1359
-971
-277
1176
2708
3658
4550
5166
6207
6310
7131
7057
7063
6954
6739
6838
5278
5009
4068
4155
2658
1722
1336
629
-21
-1513
-1410
-1616
-1603
-2647
-3004
-3205
-2786
-2625
-3200
-3288
-3426
-2891
-2987
-3301
-3110
-2227
-1906
-1567
-1481
-208
974
1296
1577
1692
2094
2003
2010
1434
1140
-72
-614
-860
-1306
-1034
-1542
-1669
-1318
-1058
560
1174
1145
1645
1308
3517
3276
3918
3048
3040
4614
4657
5948
3246
4266
4364
6343
6567
3914
4831
4378
6681
5665
3018
2740
1548
2572
510
-2220
-3104
-4264
-3047
-6220
-7376
-8846
-7623
-6742
-9130
-8734
-10146
-6968
-7337
-7437
-7656
-7994
-5830
-5905
-5093
-5268
-4357
-2838
-2036
-1461
-845
576
2060
2900
4062
4441
6020
6185
7241
7280
6650
7380
6646
7310
5527
5099
4477
4031
2968
1739
1653
714
176
-1341
-1369
-1416
-1542
-2092
-2754
-3165
-2755
-2559
-2587
-3282
-3426
-2875
-2935
-3039
-3466
-2265
-2036
-1586
-1812
-536
745
1163
1751
1641
2348
1948
2175
1835
1531
186
-498
-836
-1000
-1039
-1356
-1349
-1492
-1044
-240
1190
634
1225
738
2688
3196
3041
3236
2344
4447
4268
5681
4033
3847
4330
5471
6356
4091
4091
4094
5772
5289
2847
2186
1846
2279
1260
-1743
-2299
-3552
-2742
-4650
-6658
-7571
-7838
-6311
-8519
-8485
-9585
-7555
-7082
-7642
-7526
-7877
-5912
-5767
-5004
-5049
-4180
-3097
-2121
-1559
-723
295
1403
2422
3179
4329
5209
6118
6730
7098
6931
7248
7267
7392
6232
5461
4902
4502
3415
2126
1734
797
304
-1378
-1182
-1536
-1536
-2224
-3314
-3047
-3351
-2397
-2842
-3186
-3416
-3081
-2600
-3035
-3101
-2527
-1891
-1926
-2112
-1088
55
686
1056
1417
2395
2235
2625
2491
2477
1741
665
388
-425
-520
-1200
-1277
-1763
-1829
-1331
-624
51
25
666
567
1619
1902
2696
3131
2384
3558
3765
5317
4346
3681
4324
4682
5714
3796
3828
3746
4526
4701
2593
2493
1730
2420
1680
-611
-876
-2234
-1451
-3436
-5268
-5808
-6663
-5701
-7955
-8181
-9022
-7986
-7534
-8088
-7555
-8004
-6231
-6108
-5140
-4769
-4096
-2651
-2182
-1579
-1151
134
1564
2192
2748
3228
4520
5425
6015
6506
6136
7057
6627
7131
6322
5755
5791
4578
4075
2308
2110
1429
766
-356
-1126
-1288
-1612
-1887
-2604
-2792
-2774
-2639
-3067
-3148
-3444
-2587
-2843
-3155
-3148
-2785
-1932
-2398
-1993
-1482
-247
305
588
1280
1882
2413
2471
2174
2089
1508
1012
188
-739
-830
-1532
-1396
-2468
-2071
-1699
-1345
-321
-533
943
192
1310
1826
2724
3574
2124
3637
3409
5264
4546
3756
4338
4179
5801
4228
4107
3807
4391
5205
3446
3108
2273
2891
2614
484
37
-1783
-1167
-2911
-4385
-5239
-6854
-5914
-8197
-7995
-9077
-8196
-7628
-8333
-7751
-8329
-6379
-6279
-5076
-4783
-4324
-3153
-2934
-1868
-1235
-80
1016
1336
2223
3137
4561
5457
5805
6615
6530
7380
6908
7651
7107
6363
5887
4624
4651
2978
2881
1749
1077
-107
-1170
-1154
-1558
-1533
-2543
-2866
-3179
-3016
-3185
-3614
-3616
-3275
-3406
-3674
-4064
-3009
-2307
-2456
-2397
-2217
-538
-191
610
969
1721
2238
2152
2337
2080
1901
1077
475
-460
-862
-1092
-1326
-1885
-2227
-1964
-1380
-627
-216
375
224
740
1797
2715
3210
2020
2556
3474
4798
4728
3469
3817
4130
5459
4610
3926
3924
4692
5499
3971
3020
2679
3452
3437
1220
-194
-1096
-530
-1171
-3501
-4724
-5962
-5346
-6707
-7736
-8408
-8158
-7430
-8270
-8041
-8477
-6922
-6342
-5523
-5258
-5246
-3781
-2965
-1547
-1417
-661
327
1200
2053
2776
4014
4921
5561
5986
6239
6545
6868
7280
7016
6164
5773
5201
4956
3714
3020
2419
1779
746
-515
-510
-977
-995
-2487
-3031
-3516
-3288
-3288
-4289
-4269
-4445
-3657
-4315
-4334
-3755
-2808
-2569
-3007
-2380
-1164
-1
447
681
1187
1759
1957
2241
1784
1803
1044
684
-40
-428
-226
-842
-1085
-1710
-948
-651
-36
71
559
739
632
1783
2157
3106
2004
2357
3148
4136
4429
3163
3621
3914
5170
4631
3780
3692
4302
5202
4088
2889
2704
2987
3176
1165
-146
-581
-718
-1120
-3588
-4282
-5427
-5003
-6029
-7228
-7587
-7788
-6806
-7517
-7280
-7760
-6569
-5837
-5240
-5000
-5010
-3759
-2800
-1819
-1585
-735
108
1204
1794
2732
3800
4669
5137
5531
5970
6332
6669
6707
6703
5957
5591
4952
4538
3626
2860
2269
1438
470
-450
-608
-890
-1277
-2531
-3088
-3463
-3182
-3407
-4273
-4504
-4456
-3928
-4517
-4687
-4115
-3119
-3058
-3594
-2995
-1542
-219
6
246
1191
1973
2522
2573
2615
2595
1870
1641
1039
735
316
-271
-509
-943
-920
-784
-390
109
259
327
-17
1038
2070
2713
2489
1539
2993
3536
4465
3425
3077
3631
3871
4512
3345
3530
3486
4355
4204
3267
2760
2893
3430
2640
1085
119
-275
-175
-1587
-3483
-4353
-5239
-4984
-6597
-7286
-7918
-7530
-7169
-7626
-7656
-7639
-6100
-5658
-5019
-5251
-4320
-3118
-2232
-1924
-1456
-323
444
1363
1693
3107
3783
4584
4776
5531
6175
6281
6555
6392
6347
5697
5340
4942
4423
3429
2847
2100
1480
509
96
-329
-829
-1681
-2684
-2764
-3336
-3348
-4312
-4623
-4944
-4644
-4719
-4938
-4488
-4188
-3321
-3634
-2862
-1958
-696
-219
-80
889
1642
2602
2647
2783
2848
2412
2247
1822
1457
801
-19
-248
-570
-465
-1001
-853
-775
-305
67
-133
140
652
1848
2154
2142
1547
2405
3340
4277
3682
2656
2854
3897
5046
3949
3229
3275
4618
4981
3929
2934
3347
3709
3358
1512
255
67
-92
-1021
-3368
-4278
-4999
-4531
-6089
-7378
-7908
-7527
-7026
-7790
-7810
-7787
-6629
-6246
-5936
-5896
-5075
-4097
-3181
-2985
-2316
-1124
-12
910
1341
2633
3527
4587
4856
5863
6124
6633
6763
6814
6769
6121
6216
5548
5100
3806
3566
3025
2386
1225
314
29
-580
-1258
-2477
-2968
-3447
-3736
-4541
-5085
-5505
-5256
-5402
-5471
-5290
-4514
-3774
-3731
-3052
-2138
-623
-417
161
872
2034
2755
2776
3050
3344
3542
3039
2526
1860
1492
713
193
-276
-411
-789
-968
-1147
-587
-178
-3
-126
-103
1244
1791
2374
1028
1447
2471
3859
3392
1931
2303
3055
4822
3641
3133
3073
4319
5255
4398
3606
3478
4187
4128
2537
941
602
602
-127
-2560
-3838
-4606
-4404
-5620
-6911
-7593
-7584
-6957
-7647
-7747
-8213
-7204
-6606
-6292
-6344
-5809
-4650
-3908
-3425
-2998
-1491
-707
67
523
1800
3079
3738
4266
5024
5765
6064
6330
6577
6966
6681
6465
6016
5620
4785
4358
3924
3146
1904
762
613
-56
-721
-2187
-2784
-3240
-3634
-4082
-4977
-4993
-5161
-5016
-5388
-5266
-4500
-3756
-3400
-3345
-2282
-928
-113
175
631
1763
2646
2981
3453
3662
3827
3432
3052
2798
2045
1469
464
-133
-854
-1169
-1375
-1809
-1884
-1848
-1096
-1209
-1167
-1089
105
920
1020
663
643
2028
2786
3470
2272
2285
2995
4502
4921
3963
3901
4404
5764
5629
4983
4361
4478
4328
3670
2205
1405
659
241
-1123
-3048
-4115
-4811
-4533
-6224
-7314
-8252
-7653
-7351
-7970
-8312
-8643
-7773
-7308
-6750
-6545
-5828
-4893
-3764
-3270
-2405
-1457
-50
867
1386
2437
3288
4610
4904
5658
5743
6268
6673
6956
6921
6448
6472
6136
5762
4852
4587
3970
3118
1802
1109
548
-257
-1426
-2507
-3139
-3805
-4018
-4865
-5434
-5946
-5582
-5401
-5521
-5335
-4551
-3684
-3246
-2486
-1234
-87
244
947
2078
3153
3369
3690
4048
4178
3541
3184
3214
2685
1751
594
69
-520
-1096
-1343
-1723
-2451
-2717
-2656
-1764
-1898
-1809
-1908
-1507
-563
-354
470
-251
794
1651
2941
2870
2243
3631
4725
5987
4922
4976
5813
6767
6880
5767
5207
5182
5177
4598
2957
1578
1004
504
-437
-2794
-3844
-4645
-4692
-6076
-7525
-7803
-7877
-7627
-8695
-8748
-8659
-7832
-7515
-7336
-7012
-6333
-5079
-4326
-3610
-3055
-1743
-742
63
915
2131
3293
3685
4277
5405
6166
6563
6533
7108
7515
7260
7258
6793
6663
5737
5233
4660
3564
2614
1355
885
-294
-1252
-2219
-3124
-3589
-4393
-4668
-5582
-5887
-5615
-5536
-5658
-5917
-4784
-3759
-3465
-3177
-2131
-618
-71
338
1276
2407
2861
2861
3321
3730
3797
3429
3153
2696
2027
1722
1086
372
-683
-1263
-1628
-2311
-2676
-3015
-2855
-3212
-2871
-2562
-2203
-2092
-1713
-277
155
653
423
1884
3230
4248
4343
3994
5003
6066
7398
6724
6205
6222
7321
7536
6342
5167
5052
5210
4210
2421
968
675
-171
-1347
-3611
-4728
-5476
-5776
-6937
-8464
-8910
-9007
-8465
-9175
-9385
-9352
-8393
-7659
-7309
-6958
-6223
-4821
-3919
-3262
-2664
-1296
-182
423
858
2084
3349
4128
4379
5116
6086
6705
7109
7318
7743
7440
7535
7202
6755
5910
5195
4759
3485
2264
1042
512
-348
-1543
-2544
-3380
-3884
-4230
-4667
-5154
-5497
-5034
-4477
-4602
-4617
-3975
-2689
-2411
-2377
-1724
-530
44
-33
543
1290
1766
1745
2006
2334
2437
2347
2356
2240
1905
1523
987
414
-270
-627
-1252
-2287
-2996
-2978
-2903
-3294
-3768
-3257
-2593
-2214
-1865
-1230
212
895
1946
2252
3171
4415
5425
6254
5671
6230
6796
7811
7486
6707
6590
6764
6956
6107
5204
4466
4011
3286
2052
441
-404
-1293
-2165
-4188
-5555
-6224
-6866
-7650
-9177
-9324
-9464
-9253
-9613
-9541
-9031
-8389
-7697
-7174
-6334
-5411
-4195
-3397
-2580
-1927
-585
297
1078
1497
2238
3342
3839
4722
5166
5905
6090
6521
7030
7180
7040
6911
6896
6425
5555
4791
4438
3339
2254
1037
646
-260
-1252
-2028
-2538
-2634
-3492
-3599
-3963
-3734
-3658
-3637
-3667
-3809
-3281
-2866
-2828
-2931
-2388
-1729
-1408
-1622
-1068
-361
171
238
536
1150
1257
1487
1752
2211
1850
1569
1447
1450
986
333
33
-499
-1145
-1779
-1756
-2083
-2494
-2991
-2671
-2319
-1758
-1146
-736
-163
355
2008
2938
3770
3805
4840
5950
6547
6817
6428
6819
6763
7207
6584
5849
5252
5344
5050
3698
2193
1755
1735
698
-786
-2259
-2337
-3000
-3663
-5272
-6096
-6384
-6724
-7232
-8465
-8496
-8403
-7994
-8597
-8740
-8135
-7134
-6596
-6421
-5665
-4561
-3236
-2512
-1707
-1080
162
1070
1805
2195
2871
3747
4093
4478
4617
5180
5300
5692
5847
5971
5708
5771
6063
5700
5040
4396
4676
4105
3065
1904
1811
1484
423
-778
-1569
-1727
-2323
-2843
-3721
-3956
-4072
-3967
-4305
-4527
-4171
-3762
-3655
-3934
-3311
-2511
-2057
-2170
-1761
-1038
-659
-594
20
717
835
797
1082
1910
1921
1911
1800
1941
1851
1727
1802
1088
590
182
179
-371
-1179
-1143
-857
-1054
-1541
-1315
-219
412
502
715
1344
2692
3475
4070
3761
3973
4785
5382
5350
4180
4230
4447
4579
3604
2710
2673
2748
2665
1814
1104
810
952
636
-224
-1445
-1810
-2036
-2689
-4175
-5329
-5497
-5936
-6824
-8141
-8183
-7937
-7793
-8153
-8115
-7295
-6357
-5515
-4970
-4199
-3202
-1914
-1189
-501
-48
1054
1733
1837
1950
2426
3335
3320
3407
3636
4442
4804
5011
5280
5627
6027
6238
6302
5940
5496
5268
4976
3784
2694
1764
1360
135
-1247
-2151
-2634
-3118
-4053
-4355
-4711
-4483
-4570
-4396
-4504
-4398
-3670
-3210
-3045
-3217
-2525
-1829
-1674
-1792
-1233
-565
-379
-417
215
865
1060
1233
1799
2545
2580
2844
3109
3561
3445
3295
3222
2883
2639
2332
1863
954
319
89
-46
-760
-1239
-1289
-1315
-1480
-1519
-1043
-633
-513
-214
113
668
1138
1657
1921
1798
2314
2831
3474
2929
2741
3057
3445
3442
2724
2851
2805
2798
2202
1535
1133
860
436
-445
-1590
-2350
-2871
-3446
-4578
-5707
-5966
-6322
-6517
-7338
-7340
-7033
-6642
-6262
-6052
-5228
-4542
-3469
-2768
-2162
-1523
-545
417
837
994
1528
2257
2522
2434
2600
3225
3414
3537
3613
3940
4099
4230
4471
4464
4395
4185
4110
3601
2871
2427
2035
1308
88
-595
-852
-1447
-2256
-2776
-2685
-2899
-3111
-3079
-2854
-2739
-2742
-2349
-2068
-1993
-1743
-1279
-1134
-1251
-1118
-557
-482
-603
-289
403
587
386
885
1650
2115
2041
2468
3052
3328
3306
3342
3326
2947
2579
2339
1898
1068
503
53
-533
-1397
-1735
-1819
-2073
-2488
-2577
-2230
-1986
-1798
-1558
-1180
-916
-474
155
625
682
1022
1589
2080
1957
2160
2634
2882
2872
2670
3010
2895
2940
2717
2639
2271
1742
1611
1376
954
90
-310
-767
-1291
-1976
-2477
-2990
-3519
-3930
-4012
-4260
-4620
-4523
-4432
-4208
-4357
-3878
-3410
-3050
-2979
-2766
-2182
-1875
-1463
-1335
-1035
-949
-609
-220
-43
-115
85
481
676
779
969
1343
1311
1533
1791
2163
2123
2115
2317
2330
2298
2112
2262
2158
1874
1639
1669
1553
1213
959
837
751
533
482
434
364
173
101
44
73
218
158
5
-133
67
148
-171
-513
-383
-233
-440
-736
-733
-500
-648
-694
-683
-588
-533
-376
-198
-335
-386
-180
117
-91
-245
-78
212
209
73
254
409
447
472
612
639
689
838
948
736
657
918
1060
840
529
698
858
735
514
548
574
372
97
70
176
141
69
-62
-41
93
369
246
44
146
592
725
359
234
374
554
131
-246
-362
-325
-636
-1182
-1518
-1694
-1807
-2148
-2487
-2776
-2803
-2831
-2907
-3113
-3154
-3067
-2940
-2831
-2740
-2570
-2375
-2046
-1846
-1655
-1500
-1014
-685
-535
-446
-93
456
621
760
988
1544
1919
2174
2357
2705
3101
3363
3498
3584
3829
4043
4025
3661
3644
3662
3575
3014
2526
2355
2084
1601
880
487
85
-328
-982
-1402
-1775
-2079
-2313
-2724
-3000
-3164
-3069
-3089
-3204
-3243
-2860
-2556
-2378
-2270
-1899
-1362
-1083
-766
-462
172
625
1051
1347
1623
2019
2456
2730
2596
2594
2798
3049
2812
2509
2375
2377
2241
1886
1574
1437
1263
909
552
86
-150
-371
-570
-1017
-1472
-1670
-1740
-1924
-2248
-2388
-2420
-2268
-2294
-2250
-2212
-1916
-1628
-1429
-1249
-1054
-545
-192
119
148
479
827
995
1006
975
1163
1095
982
729
715
636
352
85
-63
-202
-498
-714
-817
-880
-1102
-1294
-1408
-1309
-1334
-1435
-1597
-1570
-1328
-1262
-1270
-1285
-1006
-849
-785
-729
-404
-77
80
186
327
663
933
1246
1357
1562
1744
1982
2080
2175
2307
2292
2262
2095
2113
1899
1655
1354
1138
779
338
71
-158
-443
-898
-1038
-1192
-1292
-1496
-1529
-1502
-1516
-1495
-1423
-1235
-1131
-925
-868
-676
-517
-144
112
196
392
717
1151
1189
1353
1629
1907
1919
1842
1903
1976
1950
1835
1707
1449
1322
1227
1033
620
279
134
28
-351
-733
-754
-749
-948
-1228
-1184
-1084
-1083
-1169
-1090
-1034
-992
-897
-866
-821
-968
-911
-1012
-1127
-1210
-1170
-1142
-1363
-1417
-1435
-1329
-1445
-1438
-1316
-1210
-1220
-1148
-831
-628
-532
-387
58
310
508
694
1060
1290
1357
1553
1729
1878
1750
1760
1729
1694
1587
1516
1402
1173
997
784
634
378
190
-11
-275
-608
-769
-884
-1182
-1425
-1524
-1561
-1687
-1779
-1744
-1621
-1554
-1500
-1380
-1135
-846
-652
-501
-247
123
439
594
808
1103
1334
1482
1571
1688
1732
1745
1762
1702
1588
1523
1505
1361
1150
1028
1003
919
674
469
344
259
100
-55
-181
-321
-425
-566
-699
-849
-916
-1038
-1203
-1301
-1365
-1341
-1374
-1477
-1498
-1327
-1172
-1147
-1035
-749
-513
-405
-253
114
453
593
831
1144
1407
1489
1660
1854
1935
1952
1880
1834
1643
1427
1164
895
560
262
-25
-372
-673
-938
-1142
-1414
-1635
-1750
-1816
-1996
-2084
-2041
-2001
-2041
-1997
-1749
-1533
-1412
-1309
-1075
-710
-430
-294
-26
325
655
800
936
1182
1400
1563
1510
1475
1545
1659
1603
1364
1132
1040
1017
771
503
342
225
25
-177
-317
-416
-472
-544
-639
-813
-838
-760
-729
-845
-962
-917
-799
-760
-777
-765
-673
-432
-248
-145
-15
277
517
615
723
952
1212
1320
1378
1387
1376
1441
1435
1251
1011
806
731
483
148
-95
-316
-514
-782
-967
-1168
-1316
-1427
-1518
-1644
-1711
-1591
-1571
-1549
-1534
-1406
-1245
-1082
-911
-772
-548
-265
59
314
565
865
1224
1548
1806
2023
2222
2329
2500
2637
2581
2545
2517
2414
2136
1880
1596
1334
1000
612
268
-119
-414
-695
-982
-1299
-1524
-1669
-1805
-1947
-2060
-2210
-2280
-2222
-2301
-2342
-2328
-2206
-2064
-2022
-1934
-1744
-1467
-1249
-1092
-800
-424
-83
203
395
704
1033
1328
1460
1586
1810
1913
1920
1846
1885
1852
1716
1544
1360
1158
911
674
456
217
54
-102
-268
-350
-496
-572
-633
-601
-591
-610
-673
-681
-561
-558
-543
-508
-425
-386
-317
-262
-177
-74
-13
-25
-35
91
161
142
31
73
71
-15
-82
-95
-160
-339
-439
-526
-487
-564
-664
-663
-591
-544
-524
-421
-303
-111
29
129
288
519
684
771
769
850
929
954
925
880
967
904
912
901
874
880
838
894
891
878
865
853
872
783
641
578
513
395
152
-64
-227
-446
-661
-874
-985
-1060
-1134
-1209
-1265
-1288
-1325
-1281
-1246
-1251
-1249
-1203
-1147
-1154
-1165
-1090
-1033
-1013
-980
-932
-844
-770
-617
-472
-285
-114
117
334
442
675
880
1080
1156
1234
1390
1483
1479
1428
1438
1429
1305
1167
1093
991
835
674
638
564
517
436
369
343
224
107
-14
-37
-125
-231
-397
-533
-587
-711
-824
-919
-955
-1006
-1100
-1179
-1199
-1205
-1185
-1193
-1182
-1122
-1094
-1070
-1050
-953
-872
-832
-736
-600
-443
-352
-201
20
239
431
593
836
1012
1101
1213
1369
1504
1550
1630
1698
1710
1682
1588
1555
1448
1331
1225
1006
860
680
520
424
264
129
34
-50
-145
-250
-340
-404
-476
-605
-762
-885
-924
-911
-1004
-1074
-1080
-1040
-979
-1072
-1059
-971
-864
-809
-786
-695
-598
-500
-515
-497
-410
-375
-408
-404
-392
-408
-430
-352
-276
-255
-188
-69
73
98
167
256
431
518
535
581
611
717
699
698
699
713
695
651
615
561
545
525
464
432
439
435
465
450
479
496
531
511
467
509
484
421
334
256
200
174
107
3
-114
-190
-211
-289
-425
-512
-547
-594
-681
-820
-828
-810
-878
-949
-976
-963
-935
-897
-823
-730
-683
-576
-465
-392
-316
-215
-87
-23
30
149
285
354
427
469
526
576
594
645
665
704
707
699
684
705
694
652
613
560
559
482
451
394
327
311
251
227
223
185
162
104
-5
-63
-113
-176
-240
-274
-401
-456
-471
-565
-639
-707
-744
-816
-852
-923
-952
-940
-918
-905
-884
-783
-759
-678
-553
-496
-445
-319
-204
-127
1
90
146
211
280
351
402
442
452
455
497
515
481
439
442
433
379
344
360
384
393
422
406
396
439
484
539
546
556
621
658
625
588
623
638
623
612
623
625
611
581
560
540
510
474
385
293
193
104
0
-131
-285
-373
-436
-582
-689
-784
-848
-946
-1039
-1132
-1208
-1237
-1296
-1317
-1314
-1273
-1260
-1243
-1172
-1119
-1099
-1030
-925
-816
-720
-558
-371
-216
-22
170
372
544
708
888
1068
1166
1286
1416
1483
1507
1511
1555
1511
1376
1262
1166
1030
905
750
575
429
265
133
-7
-174
-314
-466
-588
-682
-775
-909
-1034
-1087
-1132
-1180
-1239
-1249
-1239
-1234
-1216
-1195
-1141
-1024
-882
-788
-677
-544
-414
-240
-112
26
133
203
331
402
429
499
571
576
615
659
697
741
709
740
807
821
794
805
821
790
769
725
735
693
620
612
551
467
375
338
316
283
257
252
228
209
228
241
255
223
233
247
240
188
149
131
77
18
-62
-113
-191
-249
-328
-415
-447
-523
-591
-626
-660
-733
-796
-844
-888
-932
-1011
-1039
-1059
-1097
-1101
-1101
-1081
-1028
-935
-840
-730
-596
-435
-268
-133
8
174
364
501
626
742
829
898
934
964
983
1011
1002
968
920
874
816
745
669
564
467
348
240
147
48
-76
-186
-268
-398
-533
-614
-674
-780
-828
-888
-948
-968
-971
-919
-916
-879
-806
-725
-649
-578
-467
-390
-297
-208
-85
59
163
266
343
456
578
645
733
810
888
932
944
980
964
975
955
906
866
790
714
614
521
471
381
285
224
142
57
-4
-18
-78
-129
-170
-210
-233
-250
-233
-244
-235
-269
-255
-211
-211
-152
-100
-66
-39
24
61
70
104
113
141
142
166
139
61
34
-44
-123
-173
-241
-313
-363
-455
-516
-554
-587
-604
-611
-624
-639
-594
-590
-531
-495
-439
-370
-348
-277
-223
-124
-70
-7
82
163
216
270
325
395
481
502
544
576
608
567
531
513
465
423
325
243
159
72
13
-115
-233
-278
-348
-415
-496
-524
-540
-568
-621
-629
-602
-645
-632
-629
-574
-524
-498
-463
-393
-294
-253
-143
-40
26
102
198
310
397
472
523
574
642
672
708
755
747
746
753
724
702
676
621
582
531
502
461
419
380
295
223
179
97
20
-5
-52
-94
-164
-200
-205
-245
-253
-285
-276
-231
-199
-198
-206
-154
-123
-100
-79
-36
0
13
22
35
38
0
-9
-41
-29
-48
-53
-38
-67
-65
-91
-87
-112
-100
-107
-139
-127
-144
-147
-167
-180
-176
-190
-197
-201
-230
-224
-224
-235
-215
-196
-168
-155
-153
-146
-126
-126
-110
-102
-105
-97
-101
-85
-58
-70
-61
-47
-72
-68
-80
-79
-69
-73
-72
-34
-17
-29
-36
-17
10
-11
9
41
42
25
30
59
62
70
67
78
82
64
70
41
35
22
25
48
29
47
44
59
92
123
145
173
204
218
253
272
287
316
320
316
319
312
342
323
323
341
313
294
274
283
247
204
183
164
129
69
34
15
-16
-43
-83
-127
-175
-205
-229
-280
-276
-275
-283
-303
-321
-312
-306
-305
-308
-288
-247
-225
-216
-163
-144
-82
-41
-12
39
35
41
73
132
143
159
204
219
185
170
180
158
156
161
135
114
92
61
21
-26
-50
-77
-113
-155
-178
-180
-226
-267
-281
-304
-307
-326
-285
-267
-313
-290
-281
-257
-274
-266
-221
-196
-166
-145
-96
-56
-16
-6
16
51
91
96
114
161
164
169
166
189
195
193
181
175
165
142
109
88
106
89
86
73
41
37
52
51
44
60
85
82
100
128
114
121
151
182
212
224
234
244
254
283
319
300
270
266
243
230
190
180
142
62
3
-52
-83
-131
-200
-258
-258
-268
-294
-339
-370
-394
-407
-371
-381
-399
-360
-326
-329
-306
-237
-209
-209
-138
-85
-19
22
51
107
123
172
224
264
302
322
341
362
345
349
363
355
339
289
287
276
218
204
181
142
117
83
22
-44
-53
-88
-139
-150
-183
-262
-293
-295
-335
-351
-377
-380
-370
-361
-360
-362
-332
-347
-364
-340
-310
-275
-238
-216
-180
-138
-127
-95
-43
-36
-7
40
80
95
99
132
157
162
184
217
212
205
233
236
246
271
263
269
256
257
240
209
235
236
224
216
208
224
209
158
152
165
141
95
75
67
38
-31
-22
-3
-32
-53
-73
-69
-101
-105
-93
-97
-122
-138
-120
-123
-123
-123
-127
-129
-131
-129
-131
-125
-120
-115
-89
-79
-91
-102
-79
-51
-44
-23
-18
-6
16
20
14
22
35
31
23
31
49
54
62
61
73
84
80
65
77
112
124
91
56
79
72
71
83
70
60
72
65
38
31
-6
-6
-6
-51
-85
-100
-107
-140
-148
-160
-188
-199
-189
-181
-212
-230
-220
-222
-233
-211
-197
-211
-207
-171
-132
-137
-89
-42
-25
21
31
32
65
116
139
161
183
196
188
196
217
218
246
265
268
263
226
196
177
165
166
146
151
123
104
91
68
54
-24
-31
-48
-73
-78
-100
-113
-146
-153
-141
-117
-129
-119
-103
-96
-72
-48
-16
-8
13
52
94
95
113
148
139
149
162
156
154
140
122
105
105
94
35
24
9
-22
-35
-59
-85
-107
-111
-116
-155
-176
-177
-209
-231
-246
-224
-218
-231
-222
-215
-183
-186
-166
-111
-88
-73
-73
-43
-13
-3
15
30
42
68
136
142
141
155
151
183
180
157
159
148
126
103
79
75
66
41
28
-7
-54
-63
-89
-113
-94
-94
-102
-116
-121
-118
-126
-120
-113
-97
-80
-86
-79
-42
-41
-25
-8
5
51
56
64
66
72
76
104
130
145
132
125
135
115
146
152
136
120
137
124
96
86
69
43
27
54
51
51
33
26
32
56
66
74
84
71
77
70
69
55
64
76
64
45
32
70
74
55
40
35
34
24
1
-38
-42
-54
-85
-93
-122
-164
-183
-211
-230
-260
-267
-279
-306
-300
-300
-312
-319
-308
-329
-328
-288
-276
-266
-248
-253
-222
-169
-142
-115
-62
10
6
37
94
129
162
187
234
262
301
300
331
340
326
335
341
324
284
296
277
260
213
172
147
117
120
91
98
64
22
-6
-38
-56
-83
-88
-119
-126
-138
-160
-166
-175
-168
-156
-142
-134
-135
-149
-134
-121
-120
-92
-82
-70
-44
-42
-13
13
15
34
57
62
89
97
86
128
124
135
152
164
173
143
159
139
144
162
173
164
138
140
119
125
117
100
79
45
45
56
25
21
33
2
-25
-59
-70
-76
-93
-101
-105
-127
-125
-143
-187
-182
-175
-186
-178
-167
-187
-171
-170
-185
-183
-203
-206
-212
-215
-205
-199
-202
-183
-191
-188
-151
-142
-132
-113
-78
-65
-44
-19
-7
-1
45
82
83
107
123
133
136
167
174
181
186
177
193
186
205
212
208
213
221
230
225
212
212
200
162
154
133
108
101
76
26
9
-17
-36
-40
-63
-80
-135
-131
-128
-141
-139
-148
-154
-153
-127
-124
-113
-98
-75
-73
-73
-41
-12
-10
-12
10
26
61
57
57
72
82
108
117
118
120
131
130
123
126
126
124
120
107
79
56
54
34
9
0
-9
-21
-31
-40
-64
-63
-61
-61
-70
-75
-90
-106
-91
-118
-127
-129
-130
-125
-134
-132
-111
-113
-133
-132
-118
-97
-82
-87
-84
-69
-66
-66
-58
-46
-32
-40
-54
-50
-26
-11
16
30
0
8
31
48
68
43
48
81
69
87
100
106
118
117
149
133
126
150
122
92
95
106
86
80
73
54
36
31
21
-30
-19
-18
-46
-56
-57
-84
-98
-76
-106
-113
-122
-126
-110
-103
-118
-108
-82
-60
-63
-76
-42
-59
-41
-29
-6
12
23
51
15
46
77
84
96
84
67
97
122
130
124
127
130
110
135
118
99
80
86
89
70
82
70
47
26
16
9
12
22
14
-23
-30
-22
-38
-55
-54
-48
-39
-29
-37
-35
-38
-35
-52
-47
-35
-59
-35
-30
-69
-44
-45
-69
-49
-32
-25
-23
-16
-66
-69
-54
-45
-42
-50
-50
-57
-22
-33
-42
-44
-44
-51
-36
-19
-27
-26
-46
-39
-34
-34
-9
13
-4
9
16
25
26
20
43
37
43
16
17
38
39
29
28
50
29
26
18
-19
-12
-9
-19
-7
-24
-35
-45
-58
-41
-37
-26
-9
-20
-37
-26
-18
-14
-15
-10
2
-5
9
29
26
26
34
50
35
48
58
41
43
40
70
50
40
76
82
105
94
86
101
79
48
52
56
42
26
1
7
-5
-4
12
-7
3
43
36
23
46
15
7
19
37
34
-10
-12
3
-2
-18
-3
-1
-7
19
16
2
-11
-13
9
2
-5
-25
-18
-6
-29
-42
-57
-64
-87
-78
-100
-116
-101
-111
-95
-88
-76
-82
-94
-94
-87
-85
-73
-64
-60
-67
-60
-35
-41
-24
-16
-27
-9
-3
13
14
13
4
9
33
25
55
68
38
28
54
49
47
54
54
29
3
6
4
32
23
21
3
-1
16
3
10
-7
-7
-9
7
7
-13
-6
-2
-7
-38
-34
-37
-17
0
0
8
4
26
28
48
45
36
37
51
70
54
43
38
73
72
60
61
63
57
25
40
41
41
50
22
-3
14
32
46
49
26
14
17
38
70
56
38
31
13
10
4
-9
-21
-14
-25
-29
-6
-26
-27
-20
-32
-48
-46
-39
-47
-43
-48
-55
-45
-65
-93
-62
-48
-76
-78
-74
-79
-96
-91
-66
-80
-93
-62
-64
-52
-28
-33
-31
-29
-13
-10
2
7
-29
-10
22
16
35
45
50
53
51
44
22
43
70
60
11
13
41
16
23
23
4
-12
-12
-5
-29
-22
-10
-12
-11
-25
-19
-24
-13
-12
-6
-4
-18
12
4
13
2
23
56
41
55
56
64
51
38
29
24
29
15
28
40
38
35
30
24
-2
12
25
13
15
11
-14
-34
-16
3
-4
3
12
-12
-17
25
44
-2
7
23
12
11
2
32
39
39
28
31
21
21
41
44
49
23
31
13
-5
-2
-9
-4
-13
-31
-59
-31
-26
-45
-58
-77
-69
-64
-76
-97
-83
-83
-94
-76
-62
-49
-64
-58
-32
-38
-34
-18
9
9
-3
6
5
15
26
12
-7
3
3
7
33
31
27
4
0
10
-12
-22
-20
-7
-21
-41
-25
-27
-9
12
10
26
16
35
9
-11
-3
-32
-12
9
21
23
34
35
29
45
62
47
43
64
86
67
44
61
47
53
66
64
53
35
42
19
-7
-3
-3
-6
-4
-19
-35
-37
-40
-44
-35
-39
-49
-40
-29
-26
-22
-7
6
-5
-3
0
-19
-17
-4
-7
25
29
19
45
43
43
34
44
37
21
19
0
-6
-8
5
-12
-1
-6
-19
-4
-7
-14
-38
-29
-32
-42
-44
-48
-38
-41
-41
-30
-37
-19
-18
-44
-54
-56
-21
-25
-26
-22
-22
-12
-9
1
-13
-1
-6
1
9
19
23
5
23
7
-13
-4
16
6
-9
-3
-13
0
20
6
12
12
5
13
-7
1
4
-6
10
51
41
12
41
40
38
19
13
34
13
19
32
26
9
3
16
9
16
10
8
20
37
48
9
-8
9
13
13
6
1
-9
-12
23
3
-13
9
-3
0
-12
17
19
2
-1
-20
-36
-25
-6
-20
-4
-14
2
-9
-17
-13
-20
-2
-2
12
-6
-5
-21
-34
-14
-4
-9
-22
6
-3
-20
-19
-35
-23
-17
3
3
-9
5
-10
2
-1
-9
-12
-3
1
-24
-17
-11
-24
-13
-10
-24
-19
-22
-4
-17
-19
-6
-17
2
-1
0
0
2
-11
-7
-2
-1
28
25
33
32
29
24
9
30
19
6
20
36
31
23
33
1
-18
-32
-17
-9
-9
4
-10
-15
-18
-3
-2
-3
-5
-3
13
3
-15
12
11
-16
-20
7
44
27
37
34
24
8
-8
6
25
18
5
25
3
13
8
7
39
19
2
31
31
8
21
21
22
9
4
7
22
7
0
7
-9
-3
-22
-24
-19
-38
-13
-12
-24
-8
-22
-21
-4
3
-2
-3
-6
-10
-13
-9
-5
-9
-14
-31
-9
-3
-14
-16
-8
-15
-33
-16
-19
-30
-25
-51
-62
-28
-41
-48
-32
-34
-26
-23
-22
-29
-25
-15
-16
-15
-10
1
-10
-1
1
6
23
21
23
16
18
19
7
7
27
21
29
36
16
27
19
47
67
39
44
28
31
31
16
27
12
20
-16
-8
21
3
8
0
9
-13
-7
21
9
5
30
27
6
12
23
28
13
10
11
4
7
11
3
3
10
4
-10
-8
-2
-28
-19
-4
1
5
-4
-6
-1
12
-4
-13
-19
-14
0
-10
8
11
7
-3
-6
15
-19
-20
-2
-4
-3
-19
-10
-15
-23
-21
-9
-17
-4
-6
2
28
5
-1
-4
20
-12
-22
-24
-15
-4
-27
3
-8
-14
-34
-34
-27
-35
-28
-5
-9
-42
-36
-44
-38
-14
-21
-24
-11
-21
-35
-30
-10
-9
-17
-24
-11
16
26
21
12
15
29
55
27
21
19
10
31
34
49
29
33
41
24
36
16
36
53
32
31
20
14
3
-11
10
25
12
-3
-27
-6
-1
-5
12
-7
-23
-24
15
3
4
31
4
4
16
25
27
5
-3
16
6
10
26
21
5
6
2
26
12
-9
9
-17
4
3
-7
-3
-12
-30
-9
-14
-31
9
12
-2
-7
14
9
-18
-12
-6
-9
2
7
-3
-6
-7
-3
-2
-3
11
2
-7
10
-1
0
8
13
3
-11
-9
-13
0
-19
-42
-35
-34
-39
-56
-56
-66
-60
-33
-45
-25
-15
-26
-35
-25
-26
-47
-7
0
-25
-21
-13
-29
-21
-5
-11
4
16
3
-9
-2
26
12
-3
26
29
49
45
31
19
25
12
4
46
26
32
37
44
26
13
50
44
32
31
24
16
20
35
38
24
19
18
2
7
22
10
10
2
-16
-6
-2
12
12
-15
-32
-22
-5
-23
-16
-7
-1
12
-14
12
31
19
10
-8
5
0
3
12
26
17
4
13
0
11
-3
-3
4
-3
-4
-18
-10
-15
-2
-10
9
16
1
12
4
29
3
-10
-4
-1
-7
-10
-8
-30
-32
-29
1
-25
-45
-23
-9
-34
-41
-17
-26
-19
-25
-11
-28
-55
-42
-57
-57
-54
-46
-37
-36
-26
-37
-30
-35
-47
-32
-47
-44
-40
-31
-28
-6
-14
-37
-11
-20
6
2
26
38
34
58
56
71
66
60
66
86
79
72
85
87
70
79
97
71
57
56
44
51
48
35
45
24
2
1
6
2
9
0
-13
-18
-31
-28
-29
-34
-26
-17
-36
-36
-28
-31
-45
-44
-31
-22
-17
-23
-19
-31
-36
-7
1
-12
6
17
-10
-17
-5
8
9
17
29
16
30
41
27
41
29
28
23
13
18
-11
-11
-1
-2
9
15
4
1
-19
-12
-5
-7
-13
-10
5
-25
-20
-27
-24
-34
-25
0
-32
-35
-25
-23
-29
-41
-58
-51
-61
-46
-13
-35
-54
-48
-32
-49
-42
-14
-8
-7
-13
-4
14
26
26
3
6
18
10
29
58
31
10
27
14
17
29
41
35
31
34
14
15
39
33
19
43
29
4
26
27
6
11
22
24
13
0
-8
-41
-16
2
-5
2
10
13
-34
-1
7
-23
-4
0
-13
-26
-5
-1
3
16
23
29
35
12
1
14
7
3
-7
-3
-1
-5
-6
-4
16
33
9
-3
19
30
-1
-15
13
16
31
29
22
15
7
25
22
13
1
-4
-2
3
-9
-17
-6
-28
-59
-51
-36
-32
-20
-27
-35
-41
-48
-17
-32
-31
-15
-19
-14
-13
-5
-14
-16
-13
3
4
-5
-17
-16
-8
-33
-19
-11
-17
-13
-3
-19
-13
-4
-6
6
-4
0
-9
6
-10
-3
9
1
8
-6
10
6
11
22
23
3
2
12
-3
3
15
35
12
12
26
23
18
9
12
10
24
25
34
28
29
23
7
32
12
-10
-4
13
14
-10
2
17
7
-4
7
13
-5
7
9
-1
-4
-8
-16
-11
15
-1
12
11
5
-5
-21
-6
-11
12
7
-9
-7
11
0
-16
22
19
12
3
-9
-2
-9
9
14
-3
9
15
7
-20
-24
14
28
19
11
3
-1
0
-24
-3
8
-10
-15
-11
-4
-25
-17
-36
-36
-37
-25
-16
-35
-8
-32
-32
-29
-32
-14
-26
-15
-12
-21
-15
-19
-5
-1
-1
-9
-24
-11
-14
3
4
-9
15
15
3
7
21
10
-20
0
6
-9
-6
-9
-6
-19
-2
-16
-18
4
-4
16
22
24
35
60
43
37
47
50
21
-9
20
10
6
1
6
1
3
31
25
13
18
24
15
-3
7
43
35
42
40
11
28
25
22
32
19
29
17
13
18
5
1
1
3
6
13
5
-11
-20
-16
-27
-42
-47
-17
-40
-57
-41
-46
-16
-20
-22
-21
0
-8
-25
0
-10
-23
-31
-3
-15
-29
-18
-31
-18
-13
-1
-17
-3
3
-18
-15
-21
-38
-36
-18
-21
-12
-35
-31
-26
-13
-10
-32
-19
-30
-23
-6
-8
-6
6
6
6
10
23
23
33
39
34
7
-7
39
23
6
26
56
42
39
63
76
52
41
40
40
79
61
60
57
44
18
4
23
9
18
5
5
10
-13
3
-13
-26
-23
-36
-27
-18
-21
-26
-37
-47
-33
-39
-45
-32
-31
-14
-14
-24
-22
-26
-19
-9
-5
-13
-3
-3
-28
-20
-22
-4
3
9
7
-5
14
9
-4
0
9
17
31
16
5
-12
-14
-11
-6
12
11
3
-13
-15
-11
-20
-8
8
10
30
22
28
12
-3
7
11
14
-5
-7
5
-1
2
16
1
9
14
-2
-13
-9
-6
-8
22
4
-2
10
-3
-1
-2
-7
-17
3
12
5
1
-8
-4
-13
-5
-11
-1
-16
-30
-18
-22
-19
-32
-7
-1
-21
-15
-6
-20
-4
4
8
14
3
3
0
19
-6
-3
13
24
5
10
41
17
12
7
30
33
38
19
3
9
8
22
-6
-9
-9
0
5
-4
1
-10
-11
0
-15
-18
10
-9
-10
9
10
20
22
28
28
24
40
22
17
54
29
34
25
-4
7
-6
3
-2
-3
2
8
-19
-37
-20
-17
-31
-32
-30
-43
-40
-44
-44
-68
-47
-34
-61
-56
-34
-24
-44
-29
-12
-22
-32
8
22
-6
3
16
19
9
16
29
-10
-7
9
-8
-7
-3
5
7
29
14
-12
-4
22
32
26
22
25
23
19
16
10
25
51
57
9
9
20
13
28
17
4
-4
-9
-17
-12
-14
15
5
-10
-4
-27
-13
-19
3
17
-6
-12
-16
3
5
-15
-19
-12
-4
9
18
24
41
21
-3
-9
7
20
26
35
11
17
2
5
21
-5
-4
-5
0
-5
-10
1
0
-7
-7
-13
5
-5
-23
-2
1
-4
0
3
-4
-12
-20
-9
-4
-3
17
14
0
-3
3
-16
-25
-4
-26
-36
-34
-38
-39
-34
-29
-26
4
-6
-15
-6
-14
-29
-23
0
6
-7
-1
9
-10
-1
-2
6
6
10
32
19
-4
2
7
3
13
20
21
12
8
0
1
-1
-1
10
18
13
12
18
-9
-9
4
17
10
-2
2
-22
-31
-26
-22
-1
2
0
0
-3
2
4
12
18
9
41
62
34
47
63
38
39
73
62
44
44
28
9
19
29
2
-13
-6
-8
-15
0
-26
-26
1
-37
-57
-50
-59
-42
-54
-59
-44
-51
-14
-9
-12
-28
-38
-23
5
7
-15
0
-15
2
4
20
14
9
6
-6
29
9
7
7
6
7
-11
10
6
-11
5
-5
-5
6
3
0
-9
-12
-1
-4
-3
-8
-33
-22
-31
-8
-4
-14
-26
-12
6
-17
-6
-18
-7
11
22
9
6
19
26
38
33
37
42
37
23
24
10
-4
7
11
11
26
9
0
5
-10
-3
7
10
-14
-17
-10
-3
-4
20
17
-10
6
0
14
20
21
13
20
22
-6
10
-17
-12
-22
-19
-4
-32
-11
-18
-13
-48
-49
-34
-46
-14
-24
-20
-28
-16
-6
1
2
-6
-10
7
26
-4
-8
4
41
28
4
21
25
18
12
17
12
-4
13
27
30
44
20
34
29
31
33
30
25
1
2
-4
3
-3
-5
-15
-4
-12
-48
-53
-38
-35
-38
-11
-19
-42
-38
-27
-13
-14
-9
9
-6
2
1
-15
-1
4
1
0
12
16
0
16
19
11
31
19
3
-4
4
-26
-50
-11
1
-1
0
6
8
-11
-31
-27
-3
3
-6
-13
-11
-1
1
-3
-1
-3
5
6
-18
-6
-6
-19
0
3
13
-9
-15
10
-2
1
3
12
-7
-3
10
4
26
16
3
14
23
26
37
34
51
43
51
74
45
29
38
19
-6
10
13
13
14
16
-6
1
35
15
-4
16
16
-5
3
-4
-17
-28
-23
-37
-43
-19
-35
-51
-49
-44
-53
-35
-17
-35
-43
-46
-44
-25
-35
-37
-14
-15
0
5
-10
-4
14
10
21
23
-5
17
13
3
3
7
22
18
6
-11
-6
-20
-13
-41
-41
1
7
12
-4
-13
-3
-2
-1
22
9
12
36
26
22
19
9
25
18
23
32
26
48
21
28
45
35
20
17
11
9
10
-20
-11
-16
-3
-3
-19
-15
-18
-26
-17
5
-24
-25
-12
-4
-1
-25
-15
5
8
15
24
24
3
-5
3
0
13
14
11
3
-5
9
1
-5
8
-4
-8
-15
-32
-19
-26
-22
-7
-12
-32
-18
17
6
-7
-3
-4
4
-19
-22
-5
0
-5
-10
13
14
25
28
-7
-6
0
-18
4
7
-10
-23
-28
-18
-21
2
2
-8
-17
-22
-16
9
15
26
37
9
15
3
-1
20
35
22
17
40
25
23
17
18
35
26
29
20
25
14
1
-6
-6
5
-13
-13
-12
-21
-25
-8
-24
-19
-19
-34
-18
-13
-1
-19
-7
0
-19
-17
-14
-21
-23
-31
-23
-23
-29
-7
-9
-16
-19
-28
-32
2
-9
-4
-4
-1
8
11
52
35
27
1
21
28
13
16
23
48
23
7
14
22
1
27
34
12
39
26
25
21
18
18
-5
-2
6
-8
-14
-22
-25
-10
-6
-36
-35
4
-31
-41
-19
-9
-8
-12
-9
-26
-6
3
12
16
11
10
-10
13
22
8
0
7
6
6
15
28
63
41
15
9
9
15
14
12
6
-15
-13
5
1
27
2
-9
0
-30
-34
-22
-23
-35
-39
-35
-16
-60
-47
-25
-33
-37
-59
-25
-21
-14
-31
-29
-30
-28
7
-6
7
14
15
3
8
26
28
20
15
40
41
31
39
50
32
18
27
12
-3
15
13
13
34
2
-8
15
19
10
-1
4
-6
1
-3
-6
-3
-25
-17
-10
-10
-14
-16
-12
-23
-27
-37
0
9
-18
-8
-2
1
0
28
36
5
-1
-3
-13
4
21
11
18
34
11
24
27
7
17
18
27
25
31
21
5
13
15
15
16
19
15
-2
6
9
4
24
0
-7
-9
-23
-2
-36
-39
-26
-55
-26
-29
-22
-8
-61
-72
-47
-51
-58
-43
-40
-60
-64
-27
-22
-28
-24
-4
-7
-11
2
-11
6
-10
-9
7
6
19
16
11
10
20
9
21
36
32
42
42
44
39
25
19
30
28
37
54
21
18
34
28
17
3
10
14
6
19
13
-3
0
-10
-1
-6
2
3
-8
-11
-17
7
-1
0
-2
3
6
4
10
-14
-3
-16
-11
2
-9
3
-7
13
-2
-26
-15
-13
8
-3
-2
-9
-16
6
6
3
4
-11
-6
18
17
29
-1
-10
6
-13
-31
-39
-12
-7
5
-3
-16
3
1
-20
-33
-10
-6
-28
-31
-40
-45
-23
-23
-16
-26
-26
-24
-13
3
-15
9
22
15
15
7
16
28
16
30
45
49
29
10
19
19
17
25
44
-1
-9
0
-12
8
1
6
-2
-3
-2
0
1
-6
-4
-18
-1
-9
-23
-12
-16
-11
-21
-22
-17
-17
13
14
8
3
10
3
13
26
3
16
9
27
10
12
30
16
6
5
16
6
19
-2
8
19
41
50
6
13
10
-7
-3
-1
-11
-3
-10
-11
-6
-19
-18
7
0
-5
-15
-47
-19
6
-11
-25
-7
-9
-2
-14
-18
13
-12
-32
-27
-8
-18
-9
6
-7
-9
-13
8
-9
6
6
-21
-16
-25
-6
-16
-13
4
0
3
14
29
2
7
25
18
2
3
11
11
15
3
10
6
12
-3
-13
6
-8
-8
-12
0
-10
-6
-9
-29
-29
-36
1
7
12
13
-26
-13
-11
-31
-23
-2
9
14
26
10
14
7
19
36
29
40
21
33
48
34
10
34
51
14
29
34
29
31
35
35
8
12
10
-3
-8
-4
-16
-28
-6
-18
-3
-3
-16
-13
-39
-35
-27
-28
-40
-37
-43
-18
-9
-32
-14
-12
-23
-22
-13
-36
-24
-22
-30
-9
-16
-3
0
-12
-3
-4
5
-21
-17
-4
-35
-10
-14
-4
2
6
34
13
29
17
32
55
32
49
60
44
31
38
42
41
33
48
44
22
10
-3
-4
-15
-33
-29
-16
-35
-41
-32
-48
-32
-28
-32
-17
-35
-35
-31
-22
0
-14
-25
-12
10
26
10
20
28
29
9
19
43
16
29
17
9
12
1
0
6
15
26
9
-6
6
-1
10
-2
5
7
-18
-50
-12
11
-3
15
7
4
-22
-3
-12
-23
-32
-29
24
-4
1
-9
-24
-31
-25
11
17
10
-3
15
-2
-6
-6
-2
4
0
13
13
12
23
28
13
28
32
41
13
-6
8
-6
-19
-4
5
-4
2
-3
-6
-33
-42
-33
-23
-8
-19
-33
-15
-13
-45
-16
3
0
9
8
11
9
16
12
5
13
36
11
-6
27
6
-3
3
-1
9
1
7
9
4
-10
-8
14
15
10
12
10
-2
7
10
25
23
16
37
2
10
14
-9
-10
-20
-12
-31
-28
-32
-48
-44
-42
-42
-47
-28
-29
-21
-19
-19
-5
6
6
3
22
20
-2
-15
-2
11
13
21
20
14
12
6
12
2
3
12
-10
0
0
-6
-3
4
14
7
16
45
56
35
22
32
37
46
47
22
29
10
11
21
13
19
10
-3
-31
-38
-36
-16
-34
-44
-31
-39
-26
-26
-27
-44
-41
-18
-23
-31
-21
-18
-1
-10
-8
7
-10
12
18
29
35
10
0
11
18
32
25
4
2
1
25
16
-16
0
6
-25
12
12
-10
2
-3
-5
-3
8
-9
-19
-16
3
-13
-28
-21
-27
-14
-4
-31
-37
-4
-17
-22
-1
3
-13
6
9
8
6
29
42
26
36
31
47
29
43
37
41
21
-19
-13
-15
16
15
6
-6
-6
-10
12
-12
-26
-11
-29
-17
-21
-19
3
8
-13
-1
10
27
-3
9
19
-21
-16
-18
0
-11
6
-11
-35
-28
-28
-12
-11
9
-15
-26
-7
-8
-3
19
25
23
34
21
33
36
13
-3
25
41
6
7
7
19
3
-4
6
-3
-2
1
-2
-9
6
-15
-11
-13
-30
-25
-18
8
-1
2
7
3
-7
-22
-13
6
-1
0
15
16
9
-6
-19
-29
-13
-12
-17
-23
-16
-24
-16
-5
7
9
-11
8
-7
-1
-9
-15
10
3
10
3
0
-4
-12
10
10
9
19
4
7
-9
-13
0
15
42
15
-20
-14
-9
-19
-16
-19
-1
9
3
19
13
19
32
18
39
56
27
25
35
38
17
-3
19
15
4
-2
-19
-34
-24
-15
-29
-16
-21
-42
-22
-7
-17
-15
0
-8
-13
-11
-8
4
-1
25
24
9
18
19
41
25
16
13
1
-6
-2
11
-20
-30
-48
-39
-29
-34
-57
-53
-27
-40
-24
-34
-1
-9
-27
-5
2
18
20
41
22
-6
17
22
0
26
22
6
13
5
17
34
35
13
13
-7
0
3
-14
29
21
3
16
31
24
19
26
23
15
-3
1
6
10
4
-3
2
-8
-9
10
4
-10
-12
-36
-29
-29
-22
-9
-29
-11
-10
-21
-4
0
-13
-19
3
-2
-7
-1
-3
4
9
26
29
35
9
-14
-10
-4
6
-12
7
7
-1
-8
-21
-8
1
-4
-3
-3
-22
-10
13
8
5
-1
0
-1
-7
-5
-9
-9
-2
-6
-22
-1
-4
-26
-7
-22
-18
-32
-18
7
-12
3
-13
-26
-6
24
12
3
1
-15
-5
10
13
-6
10
15
28
15
25
46
24
37
26
18
43
48
10
3
32
22
26
36
27
9
12
41
17
11
1
6
26
0
2
-2
3
4
-10
-12
-3
-16
-41
-16
-11
-41
-31
-37
-42
-21
-29
-19
-25
-30
-14
-16
-15
-17
-3
9
-7
1
17
3
-10
5
-6
-16
-1
-12
-3
-23
-27
-19
1
-1
-19
3
1
2
-10
-10
-2
7
3
-14
10
16
-5
-9
13
21
7
9
0
-26
-41
-45
-15
-6
-8
-2
-13
-12
-5
-12
-7
22
14
13
15
13
13
3
27
21
19
24
23
29
12
40
47
24
38
40
25
6
35
35
8
32
23
