-35
-24
-29
9
37
70
107
100
111
64
47
50
82
124
83
80
56
34
20
13
42
73
123
145
151
99
24
-31
-16
54
119
145
50
-50
-83
-82
-58
-9
38
75
2
-99
-158
-205
-181
-186
-151
-129
-125
-115
-170
-234
-218
-130
-22
-5
-31
-50
-129
-108
-54
35
79
68
51
-4
5
44
142
158
122
147
152
114
63
29
33
6
12
67
122
182
132
86
21
16
52
62
65
19
6
-5
0
-16
30
59
20
-35
-56
-43
-30
27
16
-38
-100
-152
-165
-112
-49
3
4
-75
-133
-123
-76
16
73
70
71
15
6
-5
11
59
49
6
-35
-31
-8
-22
-49
-41
-51
-61
-76
-54
-50
-64
-66
-63
-32
-16
21
35
19
14
37
76
91
88
136
148
101
100
101
79
68
56
31
25
33
22
-24
-32
-20
11
17
15
8
-91
-106
-68
-15
33
19
-11
-67
-120
-90
-18
23
-14
-63
-110
-148
-130
-95
-24
-18
-83
-124
-124
-90
-46
-43
-9
33
29
16
28
80
76
75
89
136
169
176
175
144
111
83
119
140
147
141
127
74
16
13
5
6
-15
-25
-16
9
-4
-66
-82
-80
-87
-86
-100
-114
-116
-86
-76
-55
5
-25
-76
-138
-151
-95
-64
-50
-71
-108
-151
-158
-110
-26
-32
-36
-41
-66
-42
-12
55
96
113
73
34
30
24
23
44
75
60
63
95
121
126
117
91
53
34
59
72
67
51
53
50
25
54
80
110
63
67
105
103
88
29
66
60
16
37
73
61
1
-61
-33
-22
-71
-98
-137
-131
-110
-73
-105
-120
-133
-165
-133
-108
-74
-54
-82
-142
-185
-188
-145
-103
-99
-146
-176
-150
-117
-91
-49
1
12
-1
-34
-41
11
82
113
91
71
91
117
164
212
259
224
200
218
194
237
233
219
200
157
107
69
79
76
45
2
4
-1
0
-7
-5
-17
-24
-44
-72
-76
-120
-123
-98
-66
-73
-54
-65
-80
-77
-61
-20
-61
-82
-109
-93
-44
-39
-60
-91
-120
-131
-132
-92
-31
-47
-85
-121
-111
-81
-52
2
-9
-28
-52
-65
-1
60
81
44
-15
-45
-13
3
27
62
46
19
4
57
92
98
100
82
69
77
89
92
73
57
79
101
125
137
116
85
102
107
78
91
106
92
54
43
47
21
4
-28
-70
-42
-29
-32
-46
-82
-111
-134
-94
-63
-50
-74
-120
-121
-130
-124
-60
-3
-1
-48
-87
-67
-58
-43
-8
-21
-40
-62
-66
-32
-2
18
27
23
8
9
19
41
88
98
98
108
80
73
78
69
72
86
91
47
12
-9
-9
0
22
35
14
17
19
17
4
26
25
-27
-48
-53
-65
-100
-117
-148
-158
-130
-123
-78
-43
-76
-89
-123
-152
-113
-61
-55
-64
-72
-92
-50
-15
15
45
41
35
-3
-7
23
67
103
113
99
48
56
88
96
118
137
158
138
134
161
148
145
117
100
92
77
82
80
117
133
107
69
39
19
-17
-18
-16
-35
-54
-85
-102
-95
-77
-66
-82
-93
-139
-190
-179
-152
-114
-107
-110
-79
-67
-58
-41
-15
1
-36
-43
-51
-28
3
16
34
36
30
-36
-43
-25
-23
13
20
1
-20
-22
-3
23
38
45
3
10
19
5
38
64
84
64
71
44
35
63
76
74
20
22
-15
-17
-4
10
31
-10
-7
-22
-15
-19
-12
18
9
6
7
-5
-3
22
18
4
-18
-47
-47
-2
-12
-20
-41
-84
-85
-79
-42
-47
-64
-75
-105
-119
-88
-17
24
25
19
-6
-4
22
89
121
96
83
78
86
48
64
78
76
50
-23
-9
16
30
43
50
32
-9
4
10
19
37
26
13
8
18
22
44
54
12
0
10
3
33
10
9
3
10
-3
-66
-67
-57
-40
-69
-82
-83
-74
-78
-107
-111
-90
-91
-68
-50
-70
-54
-62
-36
-24
-20
-14
4
4
5
7
-4
1
4
18
10
28
10
16
12
7
56
60
58
81
94
101
109
91
72
57
89
102
121
123
84
56
66
69
25
41
38
-1
-41
-40
-21
-10
-35
-74
-90
-80
-47
-57
-45
-53
-35
-10
-19
-42
-76
-71
-107
-122
-83
-85
-88
-69
-66
-58
-73
-79
-87
-77
-45
-54
-19
-9
-41
-36
-10
19
21
12
29
39
51
72
78
88
76
51
83
91
85
104
119
107
55
38
34
25
39
39
54
54
26
21
22
30
50
81
81
77
54
51
64
42
6
-12
-8
-34
-26
-42
-50
-32
-51
-71
-66
-67
-77
-84
-89
-82
-122
-117
-102
-101
-64
-84
-80
-67
-61
-24
-28
-13
-11
13
-9
-21
4
-17
2
-14
3
-5
-3
19
1
8
2
26
38
33
30
31
35
69
110
112
108
98
111
126
114
105
107
105
41
7
19
10
-3
-31
-72
-73
-49
-73
-95
-58
-51
-52
-21
-25
-25
-4
48
21
-18
-1
7
20
-3
6
4
3
-51
-78
-48
-53
-36
-52
-57
-86
-121
-114
-54
-12
-2
-11
-26
-18
-17
24
45
65
39
19
20
41
97
72
64
44
10
19
26
38
45
17
8
-12
-27
-35
-28
-5
9
10
-13
13
32
34
49
57
25
52
65
45
43
8
3
9
40
43
41
-12
-20
-28
-79
-62
-76
-45
-27
-63
-67
-62
-82
-71
-48
-13
13
-36
-35
-15
5
35
15
31
40
39
25
-4
7
23
21
-15
-33
-18
7
-3
-9
-13
-8
7
6
19
13
23
38
48
55
70
96
101
71
57
68
83
57
4
-22
-24
-33
-60
-70
-103
-60
-53
-69
-49
-56
-68
-81
-50
-58
-54
-24
-22
-11
25
22
4
6
-1
-1
-8
4
-2
-26
-47
-51
-22
-16
-21
-18
-34
-49
-42
31
37
-1
3
-3
10
25
72
85
81
42
32
65
68
80
80
58
32
35
7
4
13
11
-9
-7
19
19
18
-14
-13
-16
-38
-8
14
25
52
40
38
51
68
50
15
25
16
11
-12
-12
-16
-21
-34
-70
-46
-54
-76
-96
-85
-71
-85
-74
-94
-93
-98
-101
-52
-35
12
8
3
16
19
39
23
60
29
24
40
34
38
29
54
29
22
9
2
10
12
3
7
4
5
24
26
37
26
37
16
12
-9
0
10
-15
6
-22
-6
-6
-16
-43
-38
-15
-15
17
0
-27
-44
-32
-24
-3
13
15
20
-9
7
28
8
15
4
-22
-21
-13
-3
7
8
0
2
29
35
28
10
-49
-69
-60
-44
-22
-16
1
-10
-13
36
63
53
67
84
64
46
58
59
51
32
1
-4
1
7
22
-7
-34
-40
-35
-11
9
12
-16
-23
-28
-30
-10
20
15
-20
-34
-51
-37
-14
7
-18
-38
-21
-33
-39
-41
-23
-36
-51
-15
-14
-24
-34
-32
-3
-1
16
35
16
3
-9
-9
20
33
45
30
28
19
8
19
7
20
20
16
6
22
25
20
29
63
59
36
31
35
74
36
19
39
19
-25
-13
-22
-32
-2
-17
13
2
-13
-2
-18
-25
-32
-18
-14
-32
-57
-72
-55
-41
-41
-23
-7
-42
-31
-1
-34
-28
-2
-10
-31
-26
-22
-15
-25
-46
-29
-57
-49
-12
16
51
29
16
37
32
24
7
0
13
13
59
69
72
55
19
44
42
54
51
34
55
57
23
19
34
6
-15
7
-7
-6
28
-3
-18
-33
-23
0
-4
7
-3
-46
-22
-13
-26
29
16
6
-3
-10
-8
-19
-34
-41
-35
-64
-43
-5
15
7
-14
-10
12
10
0
-1
3
13
-3
2
-27
-51
-11
-26
-36
-40
-18
4
-15
16
35
38
22
28
29
28
23
39
45
4
25
16
17
20
6
-9
0
-10
-25
-3
15
10
-14
-7
-21
-16
-3
9
6
-7
-10
-32
-35
-13
-10
-9
-13
-12
-17
-37
-12
-5
0
-19
-28
-37
-20
-5
-13
6
-9
1
4
-17
-20
1
0
-6
3
1
-1
-9
7
37
11
16
47
39
25
17
2
-14
7
16
15
14
31
12
-11
9
23
42
42
43
41
28
26
28
21
24
16
26
44
15
-18
-18
-3
-36
-40
-13
-3
-1
-22
-15
-14
-18
-3
0
-10
-21
-33
0
-10
-44
-52
-54
-16
-21
-16
-13
0
-7
-35
-9
38
37
6
26
1
6
-12
-2
46
24
-29
-18
19
16
29
1
8
-6
-3
12
18
17
-8
-1
-12
-3
10
17
17
10
-9
-13
8
8
13
-7
-31
-48
-38
-3
-12
-36
-58
-51
-69
-39
-32
-63
-44
-46
-19
-24
5
-10
-25
11
-4
-16
-16
13
7
-11
13
48
29
-4
13
28
13
17
12
9
20
6
24
42
21
42
51
45
51
74
100
72
78
36
50
62
51
65
29
35
39
55
38
27
22
12
-12
-10
-3
-22
-26
-35
-34
-19
-1
-29
-35
-24
-34
-64
-55
-46
-59
-69
-67
-53
-78
-65
-54
-62
-67
-61
-50
-29
-32
-33
-22
-3
16
-27
-51
-29
-7
-3
7
7
7
14
26
32
29
22
24
24
41
68
31
26
15
0
1
-10
-6
-7
26
31
5
37
51
25
29
47
12
-5
55
29
-16
0
-14
-13
-18
-1
6
0
19
10
10
7
24
21
35
56
23
16
14
3
-2
-17
-10
10
-5
-7
-30
-22
-19
-29
-25
-16
3
-9
-18
-33
-28
-33
-64
-53
-41
-56
-30
-23
-13
-19
-23
-16
-22
0
16
33
32
19
6
34
29
43
53
36
61
48
52
44
22
28
25
4
-9
1
-3
-13
-19
-5
2
-27
-57
-41
-21
-17
-32
-47
-17
-19
-19
-19
-26
-19
-29
-9
-1
-4
-41
-58
-47
-30
-22
-13
2
9
15
0
19
42
50
26
35
54
46
46
31
36
55
50
46
63
80
75
28
28
29
25
32
22
25
22
-17
-30
-4
-14
-30
-20
-16
-49
-58
-44
-60
-45
-38
-46
-10
-38
-31
-4
-43
-38
-56
-38
-19
-38
-39
-9
9
-6
-5
-14
0
5
-10
-12
-8
10
19
8
-21
-28
4
19
32
28
21
0
0
13
-20
-6
0
0
32
32
12
18
3
11
12
11
25
4
20
6
14
16
5
18
41
64
26
11
38
34
28
35
16
25
23
7
9
5
34
23
2
12
-11
-25
-38
-31
-27
-50
-42
-25
-30
-46
-40
-26
-17
-32
-35
-31
-40
-42
-38
-32
-42
-55
-55
-58
-56
-13
-22
-5
0
-7
0
10
25
20
22
0
37
34
39
39
48
56
23
54
41
58
60
38
22
15
10
19
31
12
39
10
-7
6
4
16
10
-6
-2
-22
-45
-19
6
10
10
12
13
3
-3
-1
-18
4
19
19
6
-30
-28
-19
-24
-2
-7
-25
-26
-30
-6
-20
-33
-13
-14
-32
-36
-24
-26
-15
-16
-35
-60
-51
-40
-38
-36
-36
-32
-10
34
33
26
22
30
29
34
41
33
27
22
41
22
28
16
-14
10
22
21
17
15
21
24
-1
0
-2
7
13
4
27
4
-3
4
9
3
-13
31
46
30
16
-1
-4
-11
-14
-27
-23
-17
-10
-3
-21
-11
-22
-14
2
6
0
-22
-37
-42
-38
-32
-3
10
13
-4
-6
22
33
14
56
40
14
32
15
23
-15
3
1
-6
-4
-6
17
4
6
-7
-19
-11
-4
-10
6
3
-19
-16
-12
25
44
4
-32
-57
-41
-14
7
0
-14
1
-18
-6
-22
-21
-3
1
-3
-13
-23
-47
-53
-34
-29
-37
-24
-22
16
-13
10
-1
-24
20
6
11
17
40
17
16
19
37
38
49
63
41
37
7
15
24
31
12
-10
-4
3
3
-23
-18
-28
-19
14
4
31
34
13
9
23
16
15
15
4
40
12
39
58
25
24
10
19
-2
13
7
-15
-11
-35
-17
-24
-32
-31
-49
-33
-45
-38
-51
-18
-22
-44
-19
-45
-33
-53
-34
-53
-45
-20
-36
-8
-16
12
1
19
26
15
28
-2
10
19
31
41
54
59
36
40
25
31
24
11
29
9
15
-10
-11
0
-18
-1
-24
1
10
-25
-19
-1
-22
-39
1
-2
-3
-3
0
7
-29
-32
-1
-3
-5
-2
-13
-11
10
13
-3
7
0
10
-6
-7
-3
-10
19
11
11
2
-6
-6
9
20
10
2
8
15
3
-13
-25
-18
-5
6
0
10
13
-16
-6
8
0
-6
10
16
1
8
-2
3
-3
0
10
10
26
16
15
15
9
-3
3
30
19
-9
4
14
30
37
19
44
29
25
12
-11
-9
-18
-20
-45
-39
-41
-38
-31
-24
-7
2
1
-1
0
-6
5
4
22
27
-12
10
22
-2
-6
-25
-24
-23
-34
-43
-26
-26
-22
-10
3
-1
-13
12
9
35
16
-4
16
12
-32
-28
-8
-26
1
-10
-7
3
-10
-13
-10
-8
-15
-2
44
25
17
26
11
21
29
28
46
65
28
38
16
13
22
7
34
35
32
20
-7
-5
-23
-39
-33
-40
-26
-41
-46
-69
-66
-64
-49
-22
-33
-22
-37
-44
-45
-50
-48
-30
-22
-19
-4
11
17
35
35
32
15
32
60
43
62
73
51
38
50
39
41
36
39
19
22
33
16
9
-4
4
-21
23
35
22
35
10
0
-15
-7
1
-6
1
-9
-20
-1
-6
-26
-17
-16
-21
-10
-5
-10
-25
-10
-7
-6
-5
3
6
-15
2
7
0
-5
9
-23
-36
-16
-9
-25
-35
-13
-39
-55
-59
-50
-57
-35
-6
-31
-7
-25
-10
6
-17
-13
-3
16
11
18
10
36
41
35
36
15
12
16
42
11
0
19
1
1
21
21
25
7
-6
-2
-10
6
-3
-7
8
7
7
5
-5
-11
-29
-28
12
-3
4
26
-2
0
-1
3
15
8
22
25
-10
18
19
2
28
12
32
14
14
20
21
41
6
29
-7
-12
-10
1
27
12
31
10
9
-14
-23
-21
-14
0
-24
-49
-38
-19
-24
-22
-45
-22
-7
-25
4
8
-35
-44
-39
-19
-16
-21
-14
1
-10
-22
-13
-40
-6
-6
10
17
-20
14
6
3
13
-11
5
15
-8
5
-2
4
5
3
5
38
68
48
29
32
23
31
48
40
57
22
6
7
18
0
-13
-1
-24
-35
-12
-1
-25
-3
7
-1
-17
-19
-51
-51
-26
-28
-12
-16
-9
-7
-11
-4
-5
18
44
17
10
31
27
16
10
13
22
7
6
2
1
-17
-21
6
9
21
-4
-18
-22
-7
-1
-16
-9
-45
-46
-13
-17
-17
-11
-3
-1
-6
6
-3
-9
9
1
-9
-10
0
13
-5
-10
6
16
-4
16
35
29
14
-4
28
18
12
7
38
33
25
16
-4
5
1
26
14
20
7
19
9
-6
-30
-33
-7
-22
-7
-41
-30
-28
-32
-14
-33
-45
-37
0
5
-2
-16
-4
-16
-29
13
-16
-9
1
14
2
-34
-7
-32
-15
-23
-34
-7
7
12
26
26
42
46
22
56
58
59
28
24
23
16
6
13
51
39
24
5
12
6
9
-8
13
19
-3
6
0
5
5
-3
-3
-11
-24
10
0
17
15
4
2
-5
1
-44
-36
-35
-13
-34
-35
-7
-15
-13
-21
-20
-15
8
-6
1
-6
-28
-47
-52
-29
-39
-29
-16
-20
-11
-5
-32
-36
-13
-21
-28
-29
-15
-30
-25
2
-6
3
3
16
15
19
10
-16
2
5
2
-3
2
27
35
40
64
76
83
65
85
80
43
60
55
60
48
38
32
20
10
22
12
-8
6
-22
-6
15
-7
6
-8
-12
19
10
31
-7
-9
7
-32
-25
-43
-61
-64
-35
-67
-60
-59
-47
-41
-87
-88
-78
-33
-31
-45
-28
-36
-58
-34
-13
6
7
19
3
13
46
25
40
16
84
70
-9
26
-2
34
36
-4
14
6
29
40
41
49
40
25
39
57
25
37
39
31
0
-30
0
-19
16
21
9
29
19
7
-37
-6
-13
-41
-60
-112
-72
-96
-109
-56
-61
-29
22
17
31
53
30
37
-15
-8
-14
-56
-6
-34
-20
-4
-11
42
42
75
68
64
104
40
6
-10
-27
-35
-39
-25
10
38
64
121
88
49
28
8
-7
-36
-81
-95
-82
-50
-85
-85
-15
-92
-38
-39
-40
28
-7
17
3
8
-16
37
36
-18
1
9
47
43
60
13
-3
-23
-63
-58
-22
70
16
18
55
72
89
54
35
21
25
4
-12
-42
-23
-31
-4
-25
-37
23
-9
76
59
73
63
54
97
-7
16
-18
-42
-27
-54
-28
-72
-53
1
-48
-6
-42
-74
-64
-58
-13
-43
47
18
28
8
-44
-51
-122
-56
-105
-35
-26
-20
67
4
96
69
99
78
36
15
-75
-33
-159
-109
-117
-51
-6
-78
106
86
167
177
174
225
69
162
15
-100
-160
-219
-88
-259
-79
-43
-26
160
84
153
168
164
136
83
46
18
77
19
28
15
-3
39
31
27
-72
72
-68
-105
-169
-281
-108
-365
-124
-106
-88
175
8
298
188
167
119
-82
-26
-280
-108
-193
-126
-104
13
202
-4
254
122
123
57
-42
-1
-224
-45
-226
-160
-52
-230
83
-84
-25
84
113
174
37
25
192
107
10
149
14
207
-93
61
45
-75
72
-113
32
-127
-28
-70
-111
-70
-87
-23
163
93
150
302
117
189
68
85
-64
-145
-58
-138
-169
-118
-47
-63
14
-19
131
85
-13
46
-42
-27
-220
-94
-95
-198
-23
-45
90
24
1
124
19
-41
-51
-201
-55
-58
64
105
47
253
87
289
80
-35
-37
-82
-89
-303
-162
-244
-171
-52
-52
-90
78
44
112
168
139
327
219
337
146
248
213
179
216
-85
78
-65
-140
-326
-277
-246
-330
-178
-136
-188
13
180
122
235
129
142
63
111
-76
31
-59
19
-42
-236
-90
-252
46
-289
-122
-252
-206
-80
-149
91
-141
107
84
146
170
76
275
184
193
218
73
159
-33
111
-83
-174
-45
-138
-132
-107
37
-18
150
84
114
-9
198
-186
-35
113
-115
86
-31
116
-314
-15
-111
-69
-195
-31
-51
-6
301
-38
269
-108
201
-123
-28
5
-181
141
5
145
-37
190
7
20
-15
-51
-67
-253
83
-282
-85
54
-111
208
-207
99
147
126
138
-7
292
-5
139
-48
23
-147
-48
-36
-342
-32
-231
271
-126
25
230
54
390
-113
244
-31
-39
101
-101
94
-204
-16
62
-44
-214
69
2
28
-89
-74
-52
-384
-21
-371
188
-396
-47
160
-196
453
-118
401
-20
86
-60
-199
-11
-314
-79
-40
1
5
284
-28
203
24
208
72
-33
214
7
281
-52
247
-107
6
-70
-121
65
-292
332
-89
56
56
-77
127
-345
2
-198
-45
-65
-217
229
-159
194
27
107
54
-26
182
-82
235
-291
219
-104
-135
54
-239
250
-334
109
-86
41
125
-81
348
-59
220
-39
69
45
-211
83
-245
8
-82
2
-25
-74
-165
-305
160
-124
102
12
106
90
2
74
-156
110
-104
97
25
74
-50
23
22
-33
-53
-80
81
-140
148
-182
279
-204
227
131
-86
395
-171
448
-306
214
-118
92
78
-202
374
-250
368
-239
37
-75
-215
119
-387
91
-108
-66
56
-224
62
-173
-178
-92
-69
50
-258
113
-130
-125
-56
-256
133
-114
-45
83
168
179
75
141
77
86
-67
156
107
-118
180
-5
180
62
-129
295
87
117
120
-138
133
13
-57
29
-247
114
-184
-18
-119
-248
154
-185
234
-37
201
157
-156
95
-185
-105
75
-225
18
246
-165
180
-100
5
66
70
32
-105
358
-71
303
118
-208
345
-102
2
-23
-221
12
-137
155
-379
-48
-2
-304
219
-327
315
-57
-89
-59
-294
-77
-485
-20
-385
29
49
-86
286
-39
205
98
22
11
-16
258
-66
80
16
-45
173
27
128
200
248
136
88
6
60
88
17
-155
310
-342
139
-41
-151
281
-361
636
-287
459
-279
68
238
-798
228
-718
-139
-457
-169
12
-178
155
-57
154
58
29
129
50
-206
89
-276
-30
60
88
255
-132
543
-93
290
65
-220
344
-405
452
-153
122
56
4
212
-272
198
-208
125
21
-71
198
-110
-87
-14
-527
81
-294
41
-88
270
21
-8
539
-325
418
-411
342
-255
288
-160
61
143
-379
690
-534
440
-448
297
348
-286
474
-484
161
34
-130
227
-477
374
-272
127
-13
-171
138
-523
393
-536
316
-536
113
-200
-255
335
-537
753
-870
646
-201
-64
283
-789
877
-751
622
-377
142
319
-514
781
-847
632
-285
157
73
-280
50
-38
263
-319
467
-231
600
-365
143
101
-236
356
-403
504
-160
231
-11
-88
203
-299
175
-412
-300
182
-305
177
-99
-354
429
-352
224
-333
-99
256
-365
737
-705
597
-12
-140
486
-666
915
-433
123
255
-501
725
-626
238
0
-606
928
-642
1004
-261
9
689
-774
1038
-776
630
-350
-206
393
-922
839
-617
83
329
-376
619
-438
591
-558
-60
384
-666
973
-1366
1088
-620
62
359
-922
1118
-1581
1446
-581
-35
195
-652
781
-1059
353
-166
-224
103
-29
198
-238
-64
320
-287
252
64
-244
-11
-297
186
-86
-218
-203
321
-194
195
-121
-114
335
-468
591
-637
402
-187
-150
662
-921
737
-358
229
288
-433
423
-183
208
127
-274
574
-606
257
282
-554
837
-575
855
-297
268
390
-650
331
-713
443
8
-20
139
225
320
-10
-2
-66
-341
237
-447
411
-80
-193
702
-326
527
-557
649
-604
31
-326
-264
281
-507
761
-599
452
-441
486
-280
-214
70
-398
551
-489
356
-168
-115
47
-293
362
-216
119
189
-437
822
-869
554
-81
-425
242
-1069
900
-927
722
-608
242
214
-723
1206
-1345
899
-781
446
117
-403
975
-513
885
-1018
822
-509
-219
405
-778
879
-751
619
44
12
160
-361
184
-91
-161
381
-3
357
-19
-125
948
-1040
966
-878
350
-195
-449
1153
-1301
1180
-1004
789
-219
-520
853
-832
568
-392
228
453
-618
353
-159
-62
-67
-569
796
-839
754
-103
-216
774
-1038
671
-209
-425
532
-615
994
-570
-22
471
-707
848
-1228
861
-778
439
224
-247
332
-354
556
-175
95
-657
551
-808
781
-840
811
-405
72
300
-642
636
-889
838
-1136
892
-1045
935
-263
15
121
-352
952
-1116
1161
-983
659
-182
38
27
-129
292
-385
217
-189
-258
457
-161
268
342
-424
567
-705
607
-653
534
-405
213
90
-5
458
-869
625
-725
713
-247
338
-156
-320
-58
327
-92
-119
-28
112
120
-195
678
-715
526
-850
459
-219
-382
489
-460
459
-199
-32
-44
11
-205
-36
-153
28
203
-54
260
-324
70
8
-311
394
-436
392
-387
587
368
-235
419
-795
599
-425
338
-143
-69
207
-110
922
-577
591
-763
143
354
-544
921
-1037
1012
-264
124
513
-914
756
-1016
545
-266
-147
352
-550
826
-583
248
-191
-382
392
-803
549
-392
202
196
-306
474
-720
544
-904
383
-89
-352
603
-582
666
-493
489
-619
-152
-253
23
262
-152
456
-430
865
-624
482
-614
410
-296
296
365
-551
1119
-1221
856
-809
1196
-760
169
133
-664
1355
-1364
1551
-1229
541
-393
112
339
-853
1057
-867
1011
-328
267
-205
-170
446
-281
24
16
75
42
-189
130
279
-532
735
-809
614
-356
78
121
-379
718
-1297
979
-1239
735
-93
-375
638
-777
691
-936
1000
-739
-12
240
-147
418
-228
-94
-126
68
-212
445
-741
989
-987
854
-358
-71
702
-1518
1858
-1722
1522
-685
136
592
-1108
1378
-1390
1373
-885
404
-78
-283
383
-398
214
-445
777
-661
391
-39
-477
287
-141
-147
309
-227
520
-630
781
-459
1
316
-927
1598
-1774
1821
-1195
684
69
-776
1396
-1484
1426
-1670
1538
-856
183
442
-1119
1267
-906
375
-163
217
65
-189
203
264
-854
941
-790
-112
431
-572
1227
-1469
491
-186
277
28
-731
866
-866
516
-33
-111
345
-676
554
314
-559
81
-549
19
174
-127
773
-484
23
-444
421
7
-682
628
-657
1016
-540
253
424
-940
824
-1074
1234
-565
-35
651
-1156
1462
-1302
1434
-686
-237
637
-827
1272
-1115
1004
-456
387
-125
138
108
-494
480
-682
655
-238
312
-106
-121
-140
-113
226
-534
195
270
-204
477
-660
120
-171
-462
281
-609
633
-205
415
188
-48
-90
-353
617
-46
-348
-146
813
-106
-228
278
-1066
748
-896
628
353
-968
869
-800
1140
-1141
879
-388
-733
525
-484
641
-561
443
-43
262
472
-546
-335
600
-1430
1277
-1019
888
-269
159
902
-1187
1634
-2260
2276
-1695
703
-724
119
891
-1022
1543
-1480
1513
-1843
1714
-983
81
127
-515
980
-592
452
-562
638
-787
415
-541
932
-682
432
-490
320
237
-1061
1084
-991
621
-346
675
-91
11
-48
265
-475
163
-408
175
436
-965
1188
-1118
1129
-1216
506
12
-417
888
-1263
1649
-1500
800
-627
-130
502
-836
1683
-1459
1290
-965
898
107
-940
1263
-1689
1887
-1563
1224
-833
-263
1074
-1237
1873
-1954
1207
-954
105
766
-664
578
-253
753
-312
-153
353
-104
-281
23
-895
1513
-562
204
24
-774
517
-910
1103
-1188
187
253
-251
1367
-1267
217
94
-1066
498
-493
850
-76
-114
573
-130
496
-1096
475
-428
-621
1066
-392
704
-349
147
494
-1112
710
-1324
982
-589
-239
1142
-940
1441
-1046
12
-433
-247
388
-55
259
515
48
680
-586
-454
238
-1294
1353
-886
1152
-90
115
528
-1167
1207
-1237
407
102
83
77
74
644
-805
329
-428
273
-131
76
63
-191
273
-672
516
-404
-265
-206
135
39
278
339
-133
93
-242
-90
-316
336
-436
124
288
36
382
337
-11
-473
179
-112
222
-259
-436
507
-401
503
-711
446
165
-484
561
-882
699
-695
893
-200
-318
503
49
118
-78
-198
-507
739
-765
656
-281
213
-861
394
-133
-486
765
-634
479
-860
948
-469
304
-445
19
114
-363
436
-122
837
-1025
983
-522
239
57
-584
337
-512
824
-31
253
-311
475
-91
-387
419
-556
230
-17
76
72
29
28
55
10
-243
-23
82
2
-68
327
-564
817
-96
-403
283
-789
283
-88
397
-170
254
-202
237
110
-433
434
-653
263
-149
77
-155
465
138
-222
48
-399
308
9
-405
-335
379
-23
678
-401
-15
-774
221
252
-575
710
-849
1109
-344
464
-135
133
196
-1045
469
-562
887
-306
-29
180
-123
287
439
-125
-713
252
-300
153
-42
137
-254
351
-305
264
876
-995
873
-449
276
-55
168
-515
-542
742
-861
881
-480
1013
-452
44
-19
-734
-50
-473
499
-644
979
-28
287
-317
-149
-533
-69
56
-370
909
-290
371
146
-576
-259
556
-361
74
175
40
122
312
-499
-14
274
-580
843
-715
616
-193
-95
300
-455
767
-1188
936
-582
-147
647
-837
1359
-713
680
-274
-445
472
-429
772
-1280
262
517
-375
258
-578
369
-242
-11
708
-554
222
-676
193
143
-315
478
-424
767
-286
217
70
-421
86
-78
147
-63
395
-135
-2
307
-600
287
294
-805
423
55
111
-325
224
374
-330
326
-206
471
-360
-382
204
-88
158
-407
402
-76
-148
377
-161
494
-260
468
-456
-105
157
-476
520
-361
145
-17
255
-225
41
-80
-419
-173
49
-354
359
-16
-335
556
-450
384
-468
374
-364
-40
163
-173
-94
-132
3
-366
459
-286
134
-118
658
-292
301
-312
269
24
-323
722
-159
339
-355
745
-458
314
-206
-76
-157
318
-68
-1
348
-694
1113
-886
669
-395
60
-122
-442
530
-436
562
-144
-10
-179
134
-375
141
-343
185
-67
140
180
-309
400
-660
365
-165
308
278
-188
9
-558
-38
-135
-126
62
-380
-73
121
230
-261
171
-1
-379
433
-313
496
-345
-148
-39
230
273
-145
689
-459
132
33
-114
-185
286
166
-162
348
-171
616
-215
-73
248
-233
654
-376
537
-133
-61
337
-489
559
-261
67
-185
-20
-162
83
-44
193
-326
59
90
-455
708
-906
511
-817
241
149
-481
448
-1073
703
-468
305
5
-175
219
-478
528
-330
30
-192
-20
245
-239
397
-276
-94
-117
-75
215
-53
256
190
548
-336
-5
-197
-390
-85
-427
520
-247
447
180
365
392
-648
337
-390
405
-250
259
171
-330
557
-406
393
-557
98
48
81
78
-12
125
277
166
-222
426
-904
415
-865
407
-336
-415
472
-415
887
-1049
852
-442
-74
-130
-605
555
-578
277
-36
108
177
-95
427
238
-325
428
-289
387
140
177
280
-208
484
-474
385
93
-63
-29
-71
646
-61
173
-91
-334
535
-381
-86
-198
-372
-356
-405
-240
-788
139
-364
203
90
-52
37
-383
-19
-197
42
93
-58
-47
129
-183
40
-98
91
218
375
213
305
388
195
200
118
42
-123
531
-250
405
70
-94
606
-99
566
-337
-290
92
-795
206
-200
-94
218
-149
477
-462
44
-565
-453
213
-214
440
-72
78
267
-261
-67
-45
-253
87
-279
395
-17
-41
101
-125
333
-269
194
-211
104
-306
-157
24
-350
167
-407
76
-235
11
-203
-83
132
-142
420
-154
392
-309
-126
-164
-290
329
-174
693
-13
386
502
-25
266
-209
21
213
-186
340
-119
-18
235
-614
461
-548
326
-149
-76
526
-502
480
-609
157
-190
-223
82
-349
442
221
-80
207
6
301
155
125
373
-133
716
-97
445
-154
-153
272
-332
432
-465
539
-28
-99
464
-422
313
-417
-229
-41
-688
226
-574
79
-12
-659
329
-455
290
-284
-449
392
-598
222
-279
-358
-144
-970
-28
-869
128
-298
-342
554
-421
659
9
388
103
220
227
58
388
-305
-104
-432
-392
-305
-694
-407
-462
-265
143
-447
347
-667
148
-490
-679
31
-1252
294
-921
-86
-516
-557
580
-129
1190
858
1722
2166
1650
3027
2354
2799
2762
2053
3021
1884
2546
1541
1250
1168
456
941
-147
402
-650
-232
-801
-1543
-1174
-2165
-1656
-2680
-2495
-2610
-2679
-2421
-2809
-2264
-2679
-2131
-2219
-2116
-1671
-1819
-1137
-1209
-786
-177
-254
427
532
781
1327
1198
1556
1319
1329
1096
949
884
369
418
192
256
59
-26
218
168
415
522
202
367
311
173
248
119
30
60
281
245
48
80
-60
48
-33
-171
-90
-616
-591
-1100
-1399
-1639
-2175
-2655
-2854
-3042
-2896
-2505
-1821
-1384
-691
968
2078
4043
3670
4752
4369
6064
6629
6215
6129
3810
6233
4569
6558
3715
2851
2986
1831
4211
362
1259
-1348
-940
-1353
-3781
-3326
-6488
-5828
-6982
-8217
-7323
-8918
-6985
-7399
-7732
-5847
-6332
-3007
-3223
-1575
-197
125
3073
2265
4272
4492
4388
5473
4476
5053
4639
4461
3601
2684
2503
1793
2011
397
116
-688
-1122
-1214
-2070
-1248
-2508
-1952
-2803
-2509
-1908
-3699
-1908
-3380
-2766
-2628
-3259
-756
-2131
-523
-553
44
1445
674
2596
2114
2491
2543
2323
3090
2133
1585
1545
656
567
213
94
761
-119
366
440
585
669
230
581
62
-758
-1482
-1939
-2873
-3865
-4927
-5260
-5953
-6051
-5364
-4477
-3265
-2608
-193
1290
4553
5657
7170
7665
7417
10976
10235
12091
8052
9025
9425
9373
10773
4599
6910
2835
6025
4630
1019
1590
-3372
526
-3504
-4864
-7169
-10597
-8311
-12420
-12180
-13113
-14190
-11056
-13337
-11481
-11169
-9968
-6448
-6850
-3388
-3812
-762
2160
2476
5241
4311
6287
7339
7384
8279
7793
7917
6745
6564
5786
5227
4434
2232
2222
69
-827
-1312
-2413
-1652
-4176
-3661
-3999
-3659
-2982
-5666
-2643
-4804
-3897
-3601
-4611
-860
-4161
-1461
-1434
-880
1782
244
3538
2789
3033
4502
4407
5490
3587
3704
4205
2518
2523
1702
2113
2193
218
1049
1746
1388
1125
422
1123
850
-859
-602
-1070
-1543
-2155
-3847
-3210
-4942
-5057
-5193
-6095
-5688
-6904
-4620
-3856
-2862
-2138
356
2350
5003
6324
7663
8880
8133
11427
10285
12773
7942
9399
9793
10049
10834
3704
6457
1702
6057
3171
-196
-951
-5231
-788
-5444
-6409
-9945
-12035
-9794
-13315
-13144
-14462
-14911
-11876
-14099
-11840
-12040
-10388
-6298
-7086
-3086
-3577
197
3148
3474
6416
5300
7800
8444
8871
9700
8611
8594
7798
8230
6934
6270
4958
3606
3506
1136
321
-1091
-1758
-2410
-4187
-4156
-4900
-4493
-4802
-5968
-3948
-5128
-3955
-3762
-4134
-1188
-3145
-918
-845
-470
1784
1407
3725
2944
3115
4633
4421
4691
3476
3493
4426
2441
2468
2117
2473
2521
682
1923
1731
1359
808
66
724
-655
-1912
-2081
-2882
-3308
-4142
-4185
-4411
-5286
-5088
-4615
-5134
-6197
-6405
-5266
-4572
-4201
-3342
-1593
284
1586
5872
6815
9053
7429
9470
13846
12599
15176
9295
13305
12686
13647
14716
6726
8981
3121
8106
5197
-547
-996
-6552
-1729
-7186
-9289
-11266
-15315
-12195
-16427
-15062
-16384
-18290
-14008
-16074
-13646
-14674
-12684
-8133
-7843
-4826
-5057
-303
2150
4064
6231
5883
7960
8566
10890
10639
10543
9761
9107
10141
7042
7135
5683
3811
4064
100
655
-854
-2055
-1976
-5137
-3582
-5201
-3521
-3659
-4598
-2482
-4354
-2053
-2767
-2030
-449
-1233
-411
-340
494
1666
2803
2578
3192
2954
4459
5548
4305
4875
4127
4707
3638
2218
3242
1738
1416
31
-559
774
-1040
-257
-661
-1749
-1538
-3127
-2167
-2862
-3974
-3373
-3706
-3601
-4217
-3964
-3004
-4154
-5279
-4743
-5087
-5098
-6322
-6115
-3729
-4484
-2732
-491
1823
5727
5655
8919
9471
9334
13871
12930
16581
11040
11456
14023
11813
14821
5224
7531
2952
3074
4209
-2348
-1488
-8885
-4942
-5709
-7977
-9862
-14262
-10432
-12560
-13590
-13698
-14961
-12120
-13836
-13393
-12193
-11861
-8588
-7278
-4069
-4146
-1186
2733
5338
7701
6568
8910
10972
12256
12126
11929
11662
9332
9103
7738
7445
5935
1817
2250
274
-1410
-2180
-3589
-2802
-5173
-6134
-5009
-4088
-3876
-5370
-4408
-3795
-4010
-2970
-2942
-1253
-1899
-2573
-176
-215
582
1305
1735
3130
1903
3030
5588
5094
4649
3229
4733
4714
2130
2259
1304
1487
-802
-1953
-98
-1450
-1825
-2771
-2584
-1638
-3437
-2628
-2498
-2633
-2587
-2770
-1260
-2548
-2111
-1877
-1472
-2166
-3901
-2581
-3133
-3508
-5444
-3605
-2129
-1709
-66
1023
5591
7268
8863
10321
9693
11910
13168
13771
13494
8485
10553
9416
11049
8968
3157
4654
-585
3823
359
-2047
-3600
-7883
-3060
-6580
-6983
-10556
-12972
-10222
-13254
-12560
-13947
-15217
-11725
-13743
-12010
-12649
-11831
-7290
-6794
-3719
-4294
-600
3038
4472
7093
6771
9163
11372
11928
13037
12629
10996
10333
10022
8338
6927
4163
1745
2029
-1705
-2194
-3469
-4177
-3859
-6442
-4256
-5322
-3623
-4423
-4812
-2683
-5029
-3037
-3663
-2986
-2436
-4147
-2267
-1667
-1548
-672
600
2289
2806
2924
5605
7130
6543
6018
6162
7422
5559
3901
3574
2515
1293
-1082
-1465
-1110
-2477
-2870
-2949
-3524
-3444
-4086
-3160
-3336
-4832
-3870
-3369
-2526
-3917
-3710
-2156
-2558
-3057
-3777
-2235
-2860
-3382
-3850
-1673
-710
-436
2562
3719
8646
7969
10166
10436
10903
14732
13209
15807
9483
10729
11157
11765
12497
3464
5073
685
3643
2672
-2538
-2204
-8241
-4018
-4935
-6917
-8482
-14438
-10479
-12180
-13376
-13381
-17297
-12346
-14832
-14394
-13520
-14637
-8584
-9245
-5391
-5490
-3772
2487
3558
7538
5938
7370
11265
12189
13532
12149
11491
10136
9986
8668
7336
5544
1743
1917
-699
-2465
-3182
-4217
-3646
-6357
-6605
-6000
-4530
-4053
-6004
-4364
-4935
-4210
-3007
-3586
-1719
-3195
-2435
-22
-392
991
1756
3453
4763
3748
6225
8673
8744
8163
7025
8859
8092
5243
4745
3161
2263
-378
-2401
-1094
-2662
-3321
-3621
-4691
-3793
-5006
-3980
-3445
-5256
-4215
-3990
-2880
-3390
-4364
-2069
-1840
-2568
-2818
-2326
-1082
-2410
-3926
-2319
-1931
-435
385
1562
4443
5758
8094
9307
9144
10150
12729
13481
13500
9334
10451
10732
11093
10090
4194
4643
25
2991
920
-2081
-4365
-8586
-4469
-6697
-7177
-11039
-13264
-11345
-12921
-12633
-14354
-15763
-13796
-14319
-13237
-13703
-13047
-9118
-7509
-4638
-4793
-987
3323
5404
8436
8170
10591
13005
13838
14705
13612
11656
10157
9893
8053
6422
3113
621
681
-1910
-2489
-3618
-3761
-4529
-6155
-5454
-4960
-4125
-5355
-5142
-4450
-4666
-4241
-3564
-2927
-2741
-2872
-1708
406
-13
1007
3185
4517
5151
4447
7276
9533
8091
7039
6883
8240
6388
3520
3086
1759
118
-2445
-2931
-2056
-3848
-4043
-3694
-4514
-4241
-4652
-2837
-2825
-5311
-4164
-2756
-1977
-3772
-4412
-1987
-2280
-3163
-3896
-2708
-2649
-4396
-3821
-1931
-634
-1101
2268
4115
8278
8002
9058
11135
9685
14765
12924
16034
9329
9838
12569
12293
13526
2758
5727
1978
4501
2395
-2708
-2991
-8518
-4973
-6469
-8249
-11900
-15806
-12609
-13640
-15852
-15966
-18109
-13488
-15513
-14745
-13164
-13535
-8318
-8160
-3199
-3965
-914
4393
6650
10657
7911
10570
14360
14491
15342
13305
12224
11009
9450
8229
6318
3475
-903
-184
-2476
-4646
-5015
-6648
-4864
-8044
-8274
-6267
-4981
-4633
-6548
-4076
-3840
-2770
-2022
-1954
323
-1544
-506
2182
1900
3302
3784
5650
6883
4814
7341
9230
8808
6919
5191
7438
6053
3277
1958
759
-99
-3418
-4195
-2863
-4086
-4311
-4896
-4560
-3900
-4950
-3118
-2805
-4242
-4055
-3334
-1490
-2830
-3469
-1876
-1669
-1936
-3591
-2016
-1464
-3097
-3693
-3141
-1235
-673
186
2091
4412
6555
7501
9347
9120
10287
13489
13070
13575
8763
10409
11746
12182
10671
3938
4720
1031
4081
1395
-2253
-5105
-8742
-5125
-7315
-7911
-12896
-14362
-12622
-14597
-13497
-15766
-16064
-13312
-14125
-12241
-12763
-10824
-6889
-5023
-2241
-2793
2167
5764
8236
10848
8821
11318
13488
13613
15147
12472
9608
8977
7955
6670
4208
216
-1817
-1896
-4674
-5465
-5954
-6530
-6980
-8036
-7218
-5886
-4780
-5180
-4370
-3220
-3530
-1557
-400
-247
459
-605
2186
3111
2099
3748
4968
6312
5068
4654
7682
8283
6335
4902
5198
6055
3205
1734
1062
-308
-1931
-3916
-2990
-3374
-4995
-3953
-3927
-4505
-4315
-4333
-1447
-3251
-4717
-2509
-1070
-442
-2780
-1366
1096
580
-319
-195
693
435
-1996
-1985
-1853
-3795
-2603
-1848
-949
-218
-224
4998
6612
7045
7710
8728
12981
11071
13760
10353
10069
10174
9727
14035
4866
3184
-637
3275
4452
-2975
-4242
-8785
-4656
-4941
-6892
-8780
-14389
-12278
-11171
-12248
-13120
-17128
-12622
-12216
-13846
-12799
-12417
-6233
-6916
-4596
-2535
234
5356
6541
10490
9957
9399
12824
14601
14208
11282
8372
8184
7077
3591
1560
214
-3045
-3875
-4516
-5246
-4924
-6364
-5115
-4638
-5619
-4799
-2795
-1450
-2960
-2867
-2078
-595
-19
-1379
54
821
504
2024
2534
3252
5159
4811
6230
5782
5850
8119
6265
5162
3274
3076
3460
252
-1051
-2595
-3731
-3408
-5066
-3928
-4371
-4874
-3065
-4063
-2366
-2117
-1889
-829
-2320
-750
455
456
576
225
1863
2212
1303
1760
1902
1278
304
-1649
-1760
-3549
-3999
-2330
-3619
-2882
-3444
182
3121
4690
5923
7443
8085
8752
11646
11516
12128
6184
8885
8964
10488
7686
1673
3943
-405
3614
-306
-1535
-4626
-7168
-2999
-5105
-6483
-12228
-12379
-9619
-11706
-12919
-14299
-14646
-12061
-14299
-11764
-11142
-10455
-7326
-5761
-1025
-1874
2117
5641
8183
10059
7359
10378
12496
11119
10397
8162
6177
4899
2683
2048
1207
-2553
-3724
-1943
-2512
-3176
-3513
-2522
-1159
-2629
-2698
-755
499
-1456
-2102
-1281
-1685
-714
-1957
-648
-451
-1345
937
2132
2885
2793
5093
6524
6198
4851
5417
7147
4444
2693
1478
1510
617
-2670
-2065
-2923
-3141
-3494
-4208
-2254
-3857
-2196
-1519
-2128
-931
-2213
325
-139
-1583
591
338
1584
704
780
2924
2454
2819
2441
2452
1439
189
-498
-1562
-3391
-3954
-4264
-4535
-3781
-3770
-1176
-318
2239
4531
6580
6176
6249
10044
9802
11201
5558
6505
7771
7481
8603
1753
1912
-1950
1915
2849
-1996
-3692
-7588
-1826
-2030
-5060
-6979
-10449
-8157
-9518
-10333
-9657
-14130
-11775
-12801
-11565
-10232
-12582
-7137
-6711
-4056
-3445
-352
4631
5206
7598
6657
8966
9642
9095
10266
8079
5911
4092
3898
3744
1996
173
-1276
257
-476
-1140
311
-474
463
-1038
-1427
-32
-260
-860
-2730
-2661
-3770
-2915
-2273
-2539
-1753
-2707
-465
2020
2909
3366
4845
6228
5939
5335
5383
7162
5714
2616
1714
1242
1106
-738
-1966
-1649
-3122
-3429
-2928
-2213
-2026
-2735
-1675
-1476
-1760
-1707
-383
185
-1960
-2126
-940
789
815
350
1796
2471
2271
2523
3481
3486
1999
642
127
-1298
-2724
-4100
-4444
-5740
-5930
-5199
-3355
-1928
-1708
3123
2451
5352
3883
5738
10263
6481
8751
2766
6539
6102
6962
7434
25
2077
-1446
5423
3628
291
-153
-2809
2089
-469
-1033
-3423
-8548
-7337
-9020
-9185
-10432
-15741
-12676
-14781
-13911
-12927
-12596
-7721
-8510
-5218
-3339
383
3264
4780
7868
6952
6944
8144
9813
10164
7548
5360
5633
6206
5206
5090
3986
1809
2644
1839
2986
2041
-644
-233
-2190
-2519
-3687
-3122
-3822
-5535
-5625
-6288
-3147
-3523
-2661
-1490
-1294
1326
2762
4445
4762
5803
5821
6035
5942
5732
7048
4470
2208
2079
1395
1913
-817
-2055
-2003
-3535
-1989
-3120
-2591
-3835
-3978
-1812
-3196
-2580
-3655
-2091
-1795
-3417
-1326
-46
1194
575
751
3356
3625
3453
3823
4127
3380
1744
1266
1020
-1316
-3472
-3444
-5136
-5538
-7029
-5103
-3418
-5044
-2069
-128
3698
3377
2975
4963
6270
7213
7265
6573
5296
5043
6493
9780
5404
3667
1643
6121
7951
3680
3218
-1021
2203
441
-1
-2937
-9624
-9827
-10373
-10298
-13499
-17991
-16290
-14111
-14831
-14197
-13909
-9311
-7698
-5667
-3169
-1243
3000
4531
8084
7894
6195
8900
11564
11864
10419
7170
8120
9566
7281
7022
5308
3413
2862
1796
877
-424
-2322
-3141
-3952
-5703
-6703
-5470
-5067
-7038
-6724
-6934
-4072
-2107
-2751
-351
-204
1619
3865
4733
4740
5423
6140
6740
6575
4740
6289
5261
3580
2723
1604
2358
197
-1030
-1251
-2943
-2796
-4270
-3774
-3970
-5841
-3511
-4398
-3400
-3129
-3659
-287
-2172
-474
1822
1576
2985
1215
3500
5553
3997
4430
3813
3986
3937
2227
2261
-327
-2688
-2719
-3328
-4846
-7005
-8249
-5756
-5745
-6574
-3350
-3282
1703
478
2540
3737
2842
7592
6575
10589
4010
6135
8196
10640
11756
3188
6465
4023
8771
7377
3147
1170
-4011
-119
-755
-3694
-9001
-14215
-11048
-12048
-14133
-15028
-17636
-13028
-15086
-12965
-10710
-10286
-5537
-5803
-1295
-1107
1734
6270
7999
9536
6122
8174
11415
11940
11094
8156
7977
7178
6873
6234
5011
2654
-1168
542
-679
-2129
-3794
-5745
-3871
-6547
-6914
-5586
-4126
-4233
-5651
-2974
-1948
-57
-142
954
2949
1582
3175
5061
5666
4673
4815
6207
6606
4893
4201
5754
4427
1417
817
1008
574
-2249
-4121
-3094
-5143
-4968
-5325
-4430
-4769
-6576
-3302
-2497
-1505
-1954
-1085
1166
428
1906
3473
3714
3366
3028
5100
5484
3825
4043
4447
3762
1942
758
585
-890
-3054
-4129
-5438
-6831
-7846
-6520
-5902
-7411
-5745
-2952
1006
2020
2062
3465
4603
7344
8655
10780
6669
6017
7722
10065
11572
3966
4772
2673
5446
5058
760
787
-5527
-2536
-3372
-4723
-8014
-14036
-11204
-11753
-13129
-13860
-15658
-12311
-12975
-12707
-9631
-9111
-5696
-5234
-1604
-103
1331
4911
6756
9565
6908
7006
10116
11070
11042
9003
7688
7794
6851
6036
5631
3596
-135
-475
-540
-2255
-3203
-5601
-4381
-4626
-6653
-5235
-3514
-2836
-3802
-2867
-1418
905
1374
803
2844
2129
3038
4901
5300
5184
5016
5679
6523
5644
4219
5354
4212
2055
301
316
197
-2281
-4322
-5157
-4772
-5361
-5817
-5623
-5652
-5479
-3718
-2559
-1482
-1268
-588
1303
765
1885
3222
3422
3651
2552
3588
5287
4085
4375
3644
3237
3612
2314
2406
22
-1932
-2551
-3971
-5125
-7316
-8351
-8027
-8800
-7895
-5539
-4877
-2240
-111
1957
4916
2480
5915
8510
8945
9442
4253
7834
6552
9151
8087
2744
3655
-600
6817
4410
258
-2419
-5687
778
-3008
-4997
-8640
-11935
-9207
-11880
-10503
-12328
-15128
-11500
-12069
-8931
-9281
-8041
-3852
-3645
-558
-199
4636
6640
7404
8714
7375
10089
10583
11733
10752
8478
7193
5983
6775
4459
2992
-79
-2820
-1180
-3018
-3521
-4802
-5746
-4237
-5433
-3932
-2758
-1136
-1810
-2287
821
610
2654
2304
2605
3475
2065
4715
6339
5469
3791
4901
6039
5364
3510
3050
4030
774
-1992
-1811
-1522
-3336
-6322
-6626
-6065
-7358
-7152
-5809
-5034
-5917
-5677
-1929
-1083
-1448
-681
1616
3164
1670
3388
5883
5661
4703
4479
6568
6294
4052
4998
4826
3399
1467
437
801
-2146
-4177
-4406
-6063
-7996
-9477
-8155
-7377
-8785
-7145
-4580
-1759
-1318
1534
4067
5368
4774
4916
9476
7174
8409
4524
5908
6640
5893
9345
3363
3642
647
5855
6449
437
-1826
-4589
-738
-3787
-6847
-9456
-12810
-12105
-12812
-11754
-12235
-14960
-10563
-9475
-7089
-6618
-5128
470
-318
2037
2501
6736
8211
7363
9148
7811
9296
9230
9323
9134
5898
4030
4161
3749
1663
-667
-2847
-3723
-2937
-4430
-4054
-4276
-4672
-3054
-3161
-1330
-174
859
751
1160
2562
2279
3622
3282
3498
3724
2775
4981
5541
3930
3069
3613
4439
3044
923
797
655
-2532
-4395
-4001
-4138
-6384
-8629
-7454
-6892
-7658
-7040
-5126
-3634
-4095
-2019
1757
2360
2347
3028
5716
6109
4328
6666
7424
5777
3717
3651
6047
4097
1502
1848
1917
799
-600
-248
-451
-2852
-3557
-2792
-3285
-5649
-6589
-5215
-6389
-8047
-7317
-4348
-3757
-4659
-3163
-505
2938
2252
4627
4771
3961
6394
6601
9325
3952
3638
5432
7115
7573
972
2462
-51
1914
1796
-1601
-2523
-7100
-3658
-2829
-4914
-7658
-10021
-6108
-5825
-7002
-6992
-7351
-4123
-5136
-3896
-2798
-2481
162
-388
2734
1401
2909
5277
5287
6430
2954
4309
5344
4673
3792
1772
1801
304
21
341
233
-481
-2492
-402
1025
857
930
1048
2590
1761
1786
2895
4001
2576
763
2134
1880
2180
1353
1337
1998
171
625
1313
401
-961
-1176
-1100
-2745
-4998
-4744
-2910
-4853
-7135
-6922
-5156
-3953
-4927
-3391
-2538
-2247
-445
1433
3875
2145
2649
4759
4653
5105
3967
5661
4923
2539
3985
4321
3813
1825
1389
2972
1654
141
816
819
-211
-1448
-1395
-1048
-3198
-3396
-2848
-4098
-6071
-6802
-5006
-5281
-7051
-6812
-4258
-3779
-3613
-1879
353
2624
1565
3918
4185
3864
5381
5436
7207
1801
2322
4336
6571
5834
-571
1551
591
4198
2971
408
-685
-3752
875
766
-287
-4624
-6797
-2989
-3163
-4429
-6323
-6679
-4026
-5587
-5443
-4944
-4026
-1896
-3048
-583
-1319
678
2774
3228
3885
664
2236
4361
5163
3199
1440
1941
2590
3192
2007
2943
1989
609
2726
2587
3176
1950
1501
3428
1522
1589
1660
3116
1956
-593
426
-362
390
-1544
-2260
-2220
-4495
-3673
-3321
-3482
-4393
-4474
-3507
-3124
-3196
-2512
-945
-1786
-2144
-794
17
207
-738
138
1187
353
1326
1970
3114
2649
2851
4937
4118
4640
4510
5314
4468
2434
3785
3296
1663
-371
-319
330
-1446
-2517
-1937
-1881
-3260
-3188
-1586
-1369
-2780
-2960
-1526
-1941
-3606
-3726
-3075
-4419
-6125
-5452
-4070
-4755
-5315
-3407
-1109
-425
-346
3161
4133
3622
2426
4516
6620
4571
3722
1806
4525
3423
5600
5148
2416
2227
2381
8148
4760
2294
-194
1842
3666
-60
-667
-3694
-4255
-4687
-5093
-4734
-7130
-7540
-5018
-5830
-5888
-6242
-3513
-1832
-4084
-3109
-2502
112
126
352
715
-289
1617
3686
4805
3455
3579
4874
5436
5233
4937
6037
4025
2670
3736
3240
2667
895
1556
1473
-1270
-514
467
385
-3192
-4192
-1920
-3520
-4452
-5351
-3915
-4835
-7035
-3909
-2151
-3055
-4166
-1738
522
-542
-1030
1651
2924
64
237
3149
3928
1511
807
3843
3988
2285
3356
5464
4635
1641
3009
5136
3373
1103
810
1970
-537
-2147
133
-290
-2578
-4159
-1798
-120
-3004
-2973
-1551
-1208
-2324
-2382
47
-1039
-3015
-2383
-1370
-2180
-4062
-3775
-2633
-5153
-5978
-3559
-1613
-2048
-3452
-637
1757
2950
2478
3748
2696
2492
4392
5191
5094
-252
3012
5005
7522
4959
2389
5979
4659
8354
5076
4436
2283
1202
4134
803
-996
-4638
-4171
-3456
-5576
-6358
-7249
-6611
-5987
-7502
-7025
-6898
-5192
-4719
-5552
-4318
-3873
-950
-661
1351
1386
1268
3611
4851
6975
4541
4934
5535
4977
4235
3373
4844
2328
523
972
1771
1693
-502
776
1075
-946
-1234
-431
808
-2808
-4565
-3437
-3799
-4733
-6222
-3551
-3984
-5245
-3232
-917
782
-670
1085
2846
2359
1829
3070
4499
1604
894
1793
3018
1511
146
2663
2179
1305
1570
3372
3212
756
1254
2190
1059
-545
-603
96
-2085
-3015
-1149
-1569
-2278
-3567
-959
-455
-2812
-1634
-887
360
-1576
-1105
846
-393
-752
-362
831
-773
-2791
-1545
-1579
-3466
-5080
-3549
-2027
-3496
-3164
-1385
1014
582
1751
4026
3013
1778
2397
5692
5199
1798
1031
4183
5497
6205
5132
4974
5001
4918
8905
6585
4099
1169
2494
3863
-703
-1941
-4039
-4015
-5664
-7572
-6723
-7884
-7430
-7092
-8426
-8512
-7692
-4781
-4127
-5763
-4589
-2620
-324
792
1676
2144
1628
3471
5715
5419
4008
4092
5031
3804
2070
3397
4137
1588
50
1332
2141
348
-468
1186
519
-2509
-2447
204
-667
-4432
-4683
-2743
-2830
-4510
-3348
-580
-1922
-2594
121
2724
1735
686
2418
3530
1582
650
3590
2830
731
-112
2257
3129
-32
1117
2065
1716
-274
-382
2346
-133
-2106
-1541
-1011
-1007
-3109
-1673
-830
-2561
-1677
-566
337
-786
-599
1457
1029
-97
385
1863
995
255
756
1719
911
-112
1652
1135
55
-1733
-1373
-1389
-3889
-3335
-4264
-3591
-4512
-3345
-808
-2071
-986
73
2564
1508
-232
531
2613
2413
1802
1781
2375
5040
5479
9581
7297
6823
7167
8665
10474
4430
3931
1583
2006
-153
-3319
-3405
-6277
-6401
-6679
-6800
-7538
-8080
-6554
-6352
-8554
-8234
-6544
-4703
-5909
-6559
-4182
-2900
-706
5
1746
2274
2883
5310
5411
5266
4912
5446
4130
2404
3235
4169
2806
235
1215
2451
1452
33
428
1113
-1360
-2552
-1441
-1712
-3093
-4530
-2493
-2651
-4466
-2301
-729
452
-1282
16
3224
2113
2022
3006
4038
2765
514
2801
4031
1562
835
1055
2224
107
-1106
1305
232
-1799
-3211
-1704
-860
-3191
-2883
-1339
-1515
-2604
-2077
219
49
-1824
-609
839
377
-62
912
2832
1282
209
2419
3487
2959
1901
2607
2882
976
825
1887
851
-1837
-3094
-2280
-2756
-5132
-5491
-4806
-5031
-5458
-4317
-2184
-2475
-2516
-690
1106
817
-224
401
2715
2923
3631
4269
4822
7474
8313
11761
9661
8025
7802
8044
9347
3591
1968
364
1023
-364
-4456
-4030
-5100
-4719
-5968
-7295
-7206
-8132
-6931
-7238
-9539
-9917
-8500
-5337
-6109
-7040
-4448
-1567
625
98
1842
3186
3668
4254
4068
4218
3441
4109
3751
2629
2366
3500
4073
2023
1809
2307
1801
417
-1083
-4
-1482
-2892
-2277
-2735
-2215
-3069
-692
-311
-2286
-725
921
2915
176
-323
2254
1754
1626
1069
2325
1769
-73
1665
2160
335
-807
10
490
-1843
-2948
-381
-416
-2640
-2979
-590
700
-1662
-1080
883
645
-798
-779
1472
944
-747
808
2070
1854
1477
2356
3782
1857
1466
3059
2460
771
-401
876
768
-1705
-1563
-507
-799
-2661
-3142
-1746
-2765
-4536
-4891
-3889
-3834
-4100
-3375
-2515
-2351
-1677
1242
1506
1158
323
2276
5050
3750
5394
4112
6461
7761
8539
10833
6638
7585
6033
6927
5827
1259
1926
-636
294
-1599
-4052
-3559
-5701
-4143
-5981
-7559
-7616
-8567
-6864
-9142
-9472
-9310
-8333
-6293
-6452
-4337
-3712
-2000
-124
623
2039
1886
3130
2878
2307
3062
3782
4433
2313
2974
4113
4641
3885
2539
4174
2434
1368
1031
1114
958
-2004
-985
-675
-1005
-1141
-1194
641
-1249
-1158
81
279
142
-1232
430
232
-666
505
606
541
-956
-110
1274
-483
-1080
-465
538
-595
-1614
56
1067
99
-356
578
1164
305
3
1143
454
-423
43
1047
872
-343
522
2173
1591
991
1347
2011
1778
347
1002
1051
198
109
434
938
-173
-336
313
-2
-1330
-2139
-1496
-2460
-3869
-4717
-3896
-3483
-4040
-3265
-2456
-1538
-1520
-86
1090
792
529
407
2783
3090
3513
3950
3863
6472
6358
8577
7515
5683
5989
4676
6542
3108
1523
1110
245
915
-2511
-2414
-3224
-4663
-4958
-7483
-6722
-8309
-8880
-8607
-10206
-8660
-8646
-6240
-5344
-5366
-3062
-2256
-225
-444
445
1911
1494
2437
2245
4131
4694
4184
4722
4483
6117
5215
4634
3869
3081
3449
1540
1589
1002
1167
957
-839
218
-320
-215
-1464
-2110
-1077
-2355
-1940
-2597
-1954
-1825
-2161
-590
-1063
-533
-242
91
554
-755
365
754
118
-78
-127
1687
937
472
1113
1486
1329
45
685
815
-160
-816
-305
474
-64
-79
765
1160
531
1045
2595
2091
529
-40
1388
1510
-315
-390
153
375
-399
-318
786
-244
-1069
-940
-601
-1493
-2843
-1978
-1583
-2232
-2836
-1550
-179
-753
-807
-72
628
-377
-619
602
1188
1145
817
2574
3213
3720
4805
4560
5021
3327
4489
5436
3811
3238
1136
2174
1516
40
345
-2028
-2681
-4270
-4547
-3849
-6252
-6437
-7424
-7158
-6299
-6771
-5688
-6302
-5371
-3878
-3156
-2525
-2763
-1708
-1030
-543
59
847
1956
2707
3558
3522
3786
4311
4768
4669
3772
4076
3893
3276
2679
2671
3215
1913
1420
1643
1891
1236
-437
-332
-1170
-1874
-2430
-2265
-1633
-2704
-2389
-2075
-1453
-1200
-1437
-533
-991
-1170
-883
-876
-468
-932
-118
498
225
935
1158
1825
1151
686
1309
895
768
273
638
646
-112
266
727
1127
871
771
1092
746
566
636
776
182
-360
50
442
739
251
598
908
741
852
627
1073
685
646
654
96
141
-318
-84
-241
-1111
-1217
-1547
-1124
-1366
-2048
-1834
-2226
-1713
-1904
-2120
-1426
-1386
-645
-342
115
882
891
1320
1675
1855
2183
2170
2442
2422
1837
1935
1750
1473
1178
563
493
-210
-537
-455
-925
-1374
-2205
-2298
-2347
-3013
-3071
-3085
-2966
-3261
-3560
-3069
-2729
-2356
-2353
-2048
-1673
-1156
-630
-519
-324
-387
256
687
1081
1496
1755
2278
2130
2422
2858
3070
3106
2370
2439
2290
1866
1784
1357
1421
607
211
452
437
446
-208
-385
-658
-829
-590
-581
-909
-1409
-1393
-1305
-1248
-1049
-568
-319
-586
-390
130
221
77
-121
80
12
-363
105
364
447
284
496
1287
1291
1407
1556
1578
1413
1202
1597
1614
1443
1216
1062
1034
529
654
682
643
354
6
181
-302
-357
-581
-639
-1063
-1878
-1878
-1975
-1853
-2272
-2481
-2493
-2516
-2118
-2039
-1738
-1851
-1699
-1194
-1030
-473
-333
183
642
714
1393
1714
2298
2452
2435
2815
2671
2756
2633
2343
2004
1546
1393
1132
660
294
-138
-645
-869
-1109
-1265
-1653
-2112
-2072
-2335
-2592
-2783
-2852
-2648
-3103
-3081
-2800
-2446
-1897
-1941
-1442
-1223
-820
-104
97
355
431
957
1445
1605
1836
2114
2329
2159
1962
2176
2349
2071
1713
1616
1542
1385
1252
1152
1116
527
191
215
71
50
-324
-562
-811
-1142
-1022
-935
-987
-1300
-1371
-1132
-1186
-932
-686
-412
-459
-544
-120
92
357
220
369
583
514
779
973
1385
1417
1339
1544
1495
1759
1829
1819
1597
980
1169
1208
1173
637
38
17
-249
-149
-470
-590
-896
-1205
-1126
-1546
-1561
-1710
-1770
-1950
-2271
-2089
-2091
-1923
-2063
-2197
-1887
-1803
-1236
-965
-732
-468
-358
252
278
521
628
974
1566
1536
1988
1989
2272
2511
2279
2240
1817
1862
1735
1511
1195
692
825
584
484
237
-243
-224
-587
-705
-1046
-1441
-1416
-1636
-1876
-2474
-2673
-2356
-2232
-2255
-2395
-2186
-1716
-1382
-1021
-1035
-872
-451
-266
137
112
451
814
804
1033
1262
1741
1641
1652
1769
1863
2163
1720
1733
1772
1392
1127
800
876
879
745
357
184
148
-43
-53
-320
-813
-1209
-1014
-1116
-1236
-1239
-1429
-1293
-1363
-1164
-776
-636
-730
-532
-97
51
297
467
627
753
735
780
1018
1117
1044
1281
1290
1410
1622
1566
1504
1046
838
803
692
471
61
26
-223
-334
-485
-932
-974
-1112
-1177
-1356
-1683
-1628
-1552
-1527
-1669
-1616
-1346
-1344
-1164
-1144
-1077
-910
-885
-672
-571
-340
-351
-23
407
339
599
786
1203
1526
1538
1751
1821
2112
2248
1874
1836
1618
1448
1488
1001
827
578
497
633
271
203
-102
-208
-433
-1112
-1393
-1906
-2138
-2184
-2252
-2254
-2406
-2219
-1843
-1677
-1755
-1792
-1551
-1205
-1098
-963
-533
-161
90
296
584
948
1097
1201
1302
1462
1582
1609
1700
1640
1542
1458
1352
1327
1197
1069
992
814
780
696
578
426
108
-149
-333
-600
-923
-1082
-1033
-863
-888
-810
-625
-490
-296
-225
-79
3
140
369
410
465
332
282
417
273
165
147
169
215
136
271
417
354
361
338
457
291
-18
53
-63
-126
-251
-316
-172
-447
-671
-781
-711
-797
-1125
-1075
-1157
-930
-722
-738
-822
-1099
-873
-841
-868
-922
-954
-550
-600
-617
-372
-114
133
134
427
695
897
1300
1397
1668
1741
1672
2010
1929
1843
1680
1435
1393
1149
1167
963
768
695
426
421
-33
-224
-248
-555
-717
-1169
-1144
-1242
-1518
-1554
-1713
-1657
-1749
-1625
-1450
-1563
-1493
-1433
-1283
-1160
-1124
-837
-650
-462
-210
106
357
430
590
740
827
842
1033
1113
1221
1249
1251
1532
1480
1412
1272
1024
1022
872
786
540
97
106
83
89
-4
-231
-121
-249
-439
-499
-613
-556
-665
-615
-376
-331
-145
-48
165
281
248
371
332
233
23
-31
112
37
84
255
354
461
478
468
301
121
31
-37
-268
-536
-536
-562
-657
-860
-747
-625
-871
-1019
-1125
-882
-919
-1098
-986
-1042
-864
-784
-680
-615
-742
-556
-461
-479
-552
-541
-262
-212
-197
158
586
846
988
1266
1529
1527
1553
1625
1574
1502
1351
1261
1195
1103
1157
1127
958
785
738
733
620
480
307
134
-89
-182
-132
-329
-569
-772
-790
-825
-1055
-1041
-1135
-1131
-1189
-1293
-1179
-1334
-1196
-1117
-1154
-1047
-978
-710
-681
-560
-256
-110
-52
-18
255
551
534
575
806
990
1018
1005
1169
1227
1122
1084
1000
850
786
698
592
355
296
431
319
95
-75
79
17
-366
-474
-332
-216
-375
-341
-48
83
161
238
306
218
93
204
110
-174
-362
-366
-241
-464
-559
-414
-363
-418
-506
-284
-328
-463
-485
-485
-503
-746
-635
-460
-534
-659
-680
-430
-319
-465
-487
-438
-356
-309
-203
-142
-255
-231
-118
-140
-399
-430
-351
-353
-493
-493
-146
24
123
290
602
847
972
1138
1267
1301
1264
1176
1065
1001
914
866
829
834
940
963
1018
1102
1090
1049
803
733
654
400
212
-104
-153
-280
-457
-480
-703
-796
-900
-970
-985
-1216
-1153
-1167
-1274
-1198
-1267
-1090
-1140
-1173
-991
-967
-841
-793
-520
-189
-101
75
322
552
688
721
933
1075
1084
1065
1056
1105
1038
1019
1024
866
712
651
520
341
121
74
6
-140
-233
-232
-51
-166
-309
-338
-332
-322
-443
-375
-390
-465
-413
-363
-255
-336
-354
-317
-392
-437
-489
-320
-310
-386
-306
-248
-51
-130
-145
-3
-152
-115
-102
-113
-272
-413
-207
-194
-228
-313
-187
35
-55
-49
-10
38
63
-35
17
-33
-133
-177
-370
-487
-596
-537
-388
-381
-348
-95
242
414
471
614
849
874
846
819
859
886
793
818
890
933
957
1034
1090
1089
968
870
864
736
655
492
333
187
-15
-41
-224
-411
-518
-628
-592
-728
-853
-913
-1032
-1065
-1169
-1172
-1166
-1216
-1095
-1053
-937
-774
-715
-593
-512
-323
-143
-75
82
150
293
513
642
824
824
829
951
1020
1030
946
847
752
727
682
585
374
238
230
167
-33
-248
-165
-186
-430
-581
-482
-350
-454
-585
-517
-456
-493
-480
-430
-338
-381
-301
-95
-64
-61
-2
78
41
-91
-63
-7
-56
-143
-158
-71
-128
-128
-31
-4
-136
-268
-215
-196
-270
-326
-260
-199
-207
-193
-47
29
-6
68
105
65
0
-75
-201
-334
-377
-351
-341
-354
-297
-152
9
62
139
306
421
513
563
631
717
778
822
745
850
955
904
879
823
948
944
833
729
634
625
480
379
287
149
19
-94
-127
-234
-425
-538
-624
-736
-803
-851
-910
-985
-995
-884
-851
-835
-698
-639
-576
-566
-478
-295
-308
-276
-199
-28
39
52
220
369
476
491
568
617
579
536
595
597
481
479
527
500
438
379
317
216
59
79
69
-81
-286
-316
-173
-337
-533
-486
-404
-420
-547
-581
-468
-462
-461
-385
-270
-254
-237
-127
-138
-153
-164
-156
-142
-195
-195
-85
15
28
74
180
234
299
312
320
300
223
278
246
187
176
140
104
75
79
28
-58
-138
-192
-285
-410
-462
-494
-506
-472
-440
-389
-328
-236
-193
-163
-82
16
144
213
278
342
465
614
651
745
883
955
982
993
999
945
861
840
768
586
455
414
285
102
14
-39
-129
-304
-386
-404
-474
-572
-690
-675
-641
-671
-641
-594
-578
-518
-455
-454
-472
-474
-401
-326
-279
-237
-181
-78
-9
75
148
229
217
123
142
184
175
107
76
125
206
261
274
268
281
273
285
238
133
76
64
42
-50
-60
-44
-31
-127
-224
-212
-231
-336
-431
-400
-408
-474
-509
-421
-369
-336
-294
-219
-159
-189
-111
1
49
36
103
223
285
243
337
461
438
451
518
578
507
414
376
354
256
143
105
79
-8
-66
-87
-172
-259
-313
-294
-372
-485
-457
-433
-420
-417
-331
-218
-263
-218
-162
-93
-17
-4
116
148
167
253
411
481
469
538
630
660
610
605
585
524
439
424
339
211
121
95
117
18
-34
-32
-107
-258
-275
-243
-283
-329
-307
-275
-244
-229
-244
-199
-294
-379
-383
-413
-447
-434
-344
-287
-244
-103
29
95
91
64
66
12
-44
-85
-46
-90
-98
-19
50
141
131
193
209
196
180
161
126
51
40
-34
-68
-52
-20
-5
-50
-44
-17
28
3
-1
-7
-57
-48
-70
-51
-80
-111
-69
35
84
57
80
102
98
38
55
84
84
45
72
142
105
114
151
133
55
-4
32
20
-55
-44
-64
-71
-96
-100
-75
-110
-165
-180
-170
-216
-215
-243
-206
-216
-179
-83
-91
-69
-26
65
61
69
108
123
110
151
179
175
218
187
236
275
278
304
319
353
321
280
233
168
146
121
148
83
-4
50
31
20
-24
-36
-69
-160
-149
-209
-207
-199
-227
-166
-209
-186
-92
-173
-206
-193
-141
-121
-175
-112
-82
-40
-18
-4
90
71
64
46
19
3
-117
-127
-124
-123
-113
-107
-57
-25
16
60
16
-34
-18
-54
-3
-60
-52
-73
-60
-51
-107
3
-138
9
133
151
287
241
233
97
-1
-123
-287
-252
-431
-309
-84
-109
158
206
268
196
153
231
131
125
61
151
241
258
360
329
241
251
120
128
149
65
84
85
108
20
-67
-124
-239
-237
-268
-286
-190
-240
-50
-32
-180
-191
-234
-175
-356
-295
-221
-140
-44
-120
63
3
15
64
-12
60
14
57
41
41
96
-66
74
19
-57
205
174
308
313
310
365
276
318
262
297
195
133
248
206
212
180
125
100
-27
-64
-107
-130
-171
-272
-178
-227
-249
-212
-341
-304
-312
-295
-263
-387
-276
-270
-290
-210
-273
-159
-276
-248
-45
-65
136
169
157
236
189
140
41
45
-26
-97
-18
-20
-7
0
88
114
86
157
111
59
-34
-91
-94
-202
-121
-81
-73
116
63
132
193
128
104
36
15
-28
156
266
336
474
441
285
211
224
105
32
82
-25
35
221
149
220
43
86
155
-47
56
-112
-224
-318
-511
-449
-420
-446
-338
-298
38
171
-3
14
-145
-128
-155
-247
-99
-63
-162
-22
142
169
136
139
132
89
97
57
65
-2
-35
-15
137
144
171
339
316
322
238
153
82
-26
-37
-71
-91
-12
65
92
70
199
122
102
232
176
46
-139
-267
-517
-468
-455
-532
-405
-286
-362
-321
-217
-262
-233
-298
-243
-261
-125
73
68
28
87
-58
-79
-27
2
149
170
341
268
384
232
115
249
168
221
64
-39
-134
-151
190
172
74
67
-310
-301
-253
-265
-233
-225
-116
-87
35
149
153
109
98
109
191
158
252
422
463
507
415
268
370
380
379
427
355
403
273
236
175
92
-25
-165
-136
-111
-165
-231
-119
-166
-221
-355
-493
-358
-382
-415
-278
-256
-237
-137
-68
-148
-179
-247
-277
-276
-397
-194
-108
112
259
108
332
241
88
61
-171
-123
-285
-323
47
64
163
185
85
209
224
249
273
123
147
187
60
35
-56
-3
31
-49
122
114
74
159
17
-17
-126
-309
-298
-271
-206
-136
-111
-145
-71
-98
-83
-61
-247
-336
-439
-443
-281
-161
-28
54
92
189
139
150
190
136
225
179
102
182
120
197
317
231
160
-28
-107
-114
-54
186
176
94
38
-41
-47
-113
-101
-116
-63
48
96
53
53
103
-23
55
136
169
277
272
350
421
416
284
106
149
258
288
250
277
88
-97
-108
-250
-197
-279
-317
-253
-326
-211
-143
-194
-124
-66
-75
-108
-220
-221
-255
-311
-255
-291
-261
-133
-79
18
73
183
129
28
104
-13
14
25
-54
-79
-87
-74
-194
-145
2
59
101
79
78
89
131
146
169
231
190
211
48
-56
108
178
163
161
197
86
-11
-34
-3
79
-64
-126
-131
-215
-89
-161
-153
-43
-215
-249
-368
-387
-312
-291
-116
-187
-289
-287
-210
2
66
125
159
139
167
159
124
136
104
12
23
84
160
134
149
235
166
74
-79
-101
-38
-50
68
23
-91
-122
-83
59
146
251
154
88
53
-69
47
125
248
358
313
298
171
152
183
148
196
269
222
155
216
120
-2
-118
-176
-177
-164
-29
26
-45
-152
-185
-259
-299
-258
-172
-82
-24
-10
-35
-156
-235
-186
-183
-182
-224
-139
-75
-42
-34
4
120
133
148
145
133
7
-86
-147
-229
-158
-101
-21
60
92
122
60
41
49
57
107
116
123
72
-63
-74
-112
-170
-49
35
135
185
210
266
222
120
-7
-97
-253
-389
-330
-219
-114
-16
7
8
-114
-138
-45
-159
-186
-174
-150
-104
-117
-73
-84
-66
-70
-78
45
62
39
95
80
69
82
102
54
16
45
114
156
131
183
201
240
126
8
-6
-133
-120
-47
59
168
186
181
139
101
72
32
83
137
66
37
75
92
114
90
92
132
57
74
91
115
110
88
140
87
78
10
-29
-38
-66
-88
-104
-47
-22
-47
-34
-50
-143
-192
-173
-133
-114
-105
-159
-149
-211
-262
-193
-173
-102
-91
-102
-25
-12
32
24
15
63
-36
-35
-13
24
16
8
80
56
0
-32
34
98
126
124
136
21
-64
-22
-29
-25
-16
1
-53
-106
-127
-64
19
67
97
58
10
-19
-26
-27
-6
-23
4
31
56
55
-25
-86
-188
-238
-237
-196
-118
-53
-4
47
41
-12
-54
-146
-57
12
-26
10
19
22
-23
6
37
9
28
25
79
171
203
243
238
144
100
33
19
98
107
100
86
85
92
107
145
108
50
-39
-62
-15
20
127
140
146
145
77
77
75
18
-18
-41
-71
-62
-47
30
75
75
36
-15
-31
-23
44
85
111
86
51
-29
-182
-197
-169
-180
-191
-173
-121
-131
-103
-79
-101
-149
-221
-209
-163
-139
-122
-77
-57
-40
-40
-69
-55
0
30
35
26
16
17
17
90
136
120
53
-18
-22
-29
20
89
127
64
-48
-66
-76
-105
-125
-89
-39
-15
29
72
101
72
21
-9
25
10
-3
73
91
105
54
32
77
23
-7
-40
-31
-31
-40
44
73
81
25
-39
-105
-173
-147
-110
-23
70
123
114
34
6
53
68
114
155
126
131
121
79
110
106
75
84
41
51
68
88
62
57
63
-22
-10
-24
-11
-2
-57
-48
-142
-168
-127
-120
-71
-117
-144
-151
-127
-110
-20
118
131
105
29
14
-65
-66
51
81
125
70
13
-48
-106
-83
-83
-35
-34
-31
-3
-37
-68
-91
-89
-127
-110
-102
-69
-31
-65
-66
-101
-129
-88
16
54
87
91
55
60
92
145
135
99
93
30
19
66
23
38
29
50
33
-35
-37
-55
-20
15
44
-13
-13
-17
-40
12
17
41
5
-9
0
11
25
13
19
16
50
108
102
63
29
25
-32
-66
-25
-38
15
2
-30
-101
-146
-124
-108
-40
-34
-64
-47
-23
-44
0
-3
32
79
79
79
12
-7
32
80
121
158
155
74
29
38
41
83
41
51
45
24
61
-32
-59
-65
-148
-147
-146
-179
-123
-106
-94
-91
-101
-70
-10
38
51
82
76
82
57
71
112
105
81
73
68
49
47
39
48
34
11
-25
-59
-29
-18
-30
-40
-49
-92
-117
-111
-148
-126
-116
-99
-60
-31
-23
-46
-50
-38
39
29
56
92
82
92
38
57
58
28
24
17
-10
-44
-16
-10
-27
-47
-69
-68
-54
-15
-12
-41
-42
14
-17
-55
-6
0
28
51
90
130
155
146
164
177
137
120
103
129
92
56
48
18
25
18
-26
-33
-72
-104
-77
-88
-112
-127
-102
-153
-143
-151
-147
-40
-13
16
25
32
19
6
9
29
48
47
12
6
60
50
38
51
70
29
15
-36
-66
-67
-118
-55
-63
-30
-53
-70
-58
-103
-52
-63
-48
-21
6
16
14
80
126
117
123
172
151
134
133
132
115
51
35
-4
-16
-10
-23
-9
-24
-60
-114
-101
-106
-146
-151
-159
-129
-83
-90
-90
-52
-47
18
26
23
44
25
38
43
99
133
113
76
103
107
79
83
52
46
25
28
28
-9
-25
-23
-57
-88
-66
-78
-99
-100
-114
-124
-136
-107
-57
-18
-10
16
47
30
52
47
79
89
111
116
62
88
38
45
44
39
54
39
30
-10
1
-15
-32
-81
-84
-82
-95
-97
-114
-62
-51
-46
-17
-4
31
58
51
56
36
53
46
31
58
11
3
-16
-2
-4
-31
-32
-57
-14
10
6
21
1
-9
16
-15
-34
-39
-2
49
48
75
61
57
64
48
77
85
84
111
77
28
28
69
53
3
-25
-47
-73
-85
-50
-83
-107
-63
-55
-87
-97
-101
-119
-89
-90
-114
-92
-67
-60
-48
-25
-45
-12
31
20
25
-10
-13
4
-16
-6
-7
-3
16
11
7
-19
-26
-19
26
56
21
24
23
3
-31
-19
10
44
38
54
85
54
61
87
120
127
127
124
144
131
94
108
123
142
97
39
33
10
17
32
-7
-19
-13
7
19
-23
-56
-70
-104
-105
-93
-129
-120
-111
-123
-117
-129
-92
-56
-76
-75
-57
-56
-47
-37
-20
-4
12
-16
-43
-44
-39
-10
-52
-5
13
-2
24
-9
14
0
16
29
24
18
-6
15
44
59
40
42
57
67
75
91
80
48
29
26
44
31
44
36
28
15
-25
-26
-22
6
-1
-13
-2
-12
-32
-54
-45
7
5
-6
11
-12
-16
-11
4
-9
-16
-6
-29
-32
-38
-21
-15
-14
-29
-55
-73
-73
-52
-68
-57
-109
-61
-29
-22
30
13
54
-6
-17
13
5
-7
3
63
85
65
35
83
108
95
100
109
110
104
76
77
66
44
47
21
51
41
11
5
-5
-31
-38
4
15
-2
-17
-22
-34
7
6
-4
3
-18
-21
-36
-41
-57
-49
-51
-51
-60
-66
-60
-57
-34
-39
-54
-45
-26
-18
-45
-82
-76
-59
-59
-57
-35
-38
-19
13
4
31
25
16
8
0
24
30
37
22
18
35
31
27
11
-3
2
-3
16
-28
-32
9
-9
-2
-11
-4
10
20
36
47
30
28
33
34
37
50
38
23
29
1
-17
-43
-7
-4
-6
-16
-17
-9
-35
5
-13
10
24
-15
2
-9
-5
26
7
-3
-30
2
7
-9
22
18
33
31
84
76
39
49
15
11
11
50
69
56
60
16
22
11
-12
-16
-19
-9
-49
-45
-24
-16
-35
-52
-16
-28
-39
-6
-7
-10
0
-35
-34
-20
-39
-41
-21
-37
-9
-8
-56
0
-23
-65
-59
-23
-13
-31
-24
-27
-16
-35
-29
7
22
-48
-60
-32
-37
-16
-18
16
16
16
42
22
31
25
58
63
24
57
50
56
61
78
68
41
47
35
26
3
-2
-6
-7
8
-12
-41
-45
-60
-32
-14
-20
-22
16
39
14
3
-8
15
29
47
24
34
63
60
21
13
31
0
-20
-18
19
-15
-15
-29
-16
10
-28
-23
-26
-23
-31
-20
-27
-37
-47
-68
-60
-30
-31
-38
-27
-35
-9
-17
-15
-10
-12
10
3
21
9
-13
1
6
22
35
16
10
17
-16
-9
13
32
13
-10
18
42
29
10
12
14
8
-7
20
7
-10
-11
-2
7
3
28
16
16
27
12
-16
13
22
15
35
41
58
52
25
8
29
24
-3
-9
-13
-1
-23
-30
-6
-2
-1
-3
-3
-5
-12
-5
0
-21
-25
-38
-35
-28
-1
1
-14
16
-4
13
-10
-7
16
-20
10
24
16
-28
-41
-1
-29
-39
-29
1
6
-22
-9
-24
-30
-64
-74
-59
-46
-29
-28
-31
-32
-9
4
14
1
32
43
30
6
20
22
7
28
-13
10
3
0
19
16
-5
-19
10
-4
-24
-22
6
25
5
15
52
40
19
29
31
39
31
19
31
6
15
9
-6
28
14
4
-10
-7
-5
1
4
-2
15
-8
23
36
10
26
12
18
12
-2
8
0
-2
-23
0
15
16
26
5
13
8
13
-5
-6
-15
-26
-36
-52
-41
-31
-22
-31
-45
-19
-1
-12
15
2
3
-5
8
10
8
22
13
19
14
25
-14
-4
7
-13
-7
13
12
33
19
-18
6
-17
-14
7
6
4
-11
-33
-29
-15
-7
-10
-33
-55
-53
-48
-27
-19
-30
-13
-22
-26
-35
-15
-16
-17
-12
-38
-26
-22
-6
-28
-67
-52
-48
-45
-8
6
5
-13
-32
14
24
12
58
51
42
42
44
56
63
68
55
68
86
91
75
56
76
60
16
40
38
33
-9
-12
21
-1
12
-16
4
-19
-20
8
-18
4
-13
7
16
-6
21
44
64
75
54
32
22
18
2
-17
-23
-23
-17
-47
-61
-60
-48
-47
-65
-64
-62
-60
-58
-39
-46
-87
-87
-76
-58
-33
-23
-2
0
-2
12
12
23
47
52
37
6
4
-4
-21
-4
-12
-16
-17
2
28
18
13
19
12
-9
-19
-2
5
-6
5
-16
-3
16
34
54
1
25
31
39
60
45
35
-4
-4
0
-4
-13
-2
9
24
6
-28
-9
-9
-25
-45
-32
-15
-35
-41
-41
-21
1
-8
15
-1
-4
3
-3
21
3
7
3
15
19
10
26
18
-7
-29
-20
3
5
-1
12
18
27
12
2
7
19
28
8
6
41
50
33
47
48
39
6
30
49
18
27
3
2
2
-43
-35
1
-10
-25
-22
6
14
-19
-18
-3
0
-10
-10
-16
1
17
-10
3
-13
-12
3
-11
-27
-44
-37
-50
-44
-27
-57
-62
-44
-48
-27
-44
-58
-22
-26
-38
-32
-18
-11
-41
-44
-19
-14
-4
-25
-4
47
36
27
58
50
32
40
43
53
20
22
47
57
36
33
45
47
40
15
38
32
25
30
25
25
18
18
0
12
6
-16
6
6
18
-10
-5
11
-9
2
-9
3
-4
3
7
2
11
-13
-25
-20
-19
-27
-25
-37
-54
-28
-36
-41
-38
-41
-37
-38
-3
-11
-1
-7
5
17
10
6
-22
-12
-15
2
-8
0
29
23
14
11
44
27
29
38
25
3
-4
11
12
14
13
13
6
-1
-6
5
3
11
18
11
0
-10
-2
-6
-15
-22
-8
-23
-12
-11
-33
-40
-54
-41
-41
-26
-16
17
-6
-22
-20
-27
10
7
7
-20
-2
3
-9
-15
-33
-36
-24
-13
7
26
35
53
23
31
10
16
33
25
38
10
22
32
38
38
31
49
41
41
44
33
12
0
23
32
24
12
20
19
26
25
4
-6
-25
-19
-48
-49
-39
-19
-23
-22
-17
-35
-7
-8
-16
-40
-29
-12
-12
4
-7
5
-9
-10
6
-25
-28
-32
-47
-45
-39
-39
-42
-29
-28
-1
13
5
10
4
4
0
2
16
17
1
36
26
17
32
19
22
26
48
44
47
31
4
10
3
-3
-21
-33
-18
-25
-16
-11
-34
-29
-21
-22
-35
-17
13
1
10
27
9
12
18
-6
-29
-16
-18
-15
18
14
19
20
22
9
-3
9
26
17
15
36
24
6
-13
10
7
7
28
17
26
27
25
15
19
15
25
14
21
25
-1
19
-12
-33
-9
-16
-34
-44
-43
-54
-82
-70
-53
-41
-48
-38
-25
-28
-31
-12
22
6
31
42
48
52
31
34
18
-3
19
29
10
26
27
-4
-6
-9
-17
2
-16
-10
-27
-19
-30
-35
-28
-50
-22
-32
-22
-57
-35
-6
-21
16
18
31
14
7
16
10
35
16
20
64
58
57
29
21
9
5
35
23
9
4
4
-1
8
14
26
13
9
16
12
13
-8
-1
-23
-28
-25
-11
6
-20
9
-8
-25
-10
-9
-16
-10
-9
-21
1
-19
-10
-12
-9
-13
-23
-19
-12
-16
-13
16
-3
-3
-14
-9
-12
12
10
-13
9
0
6
-4
2
0
-10
3
-4
-7
-4
-19
-4
9
12
3
-6
23
22
28
29
30
36
5
-18
-6
-3
-22
-24
-15
-19
-26
-16
-7
-11
-17
4
12
6
28
14
28
53
34
38
46
58
52
26
8
2
11
20
-6
-23
-3
-38
-33
-24
-50
-53
-69
-43
-39
-37
-59
-39
-11
-36
3
16
29
16
-3
37
11
21
56
15
25
34
34
29
36
57
25
0
-3
16
14
-6
-35
-51
-17
-30
-24
-7
0
-4
-30
2
10
-9
-17
-28
-25
-32
-31
-10
-27
-26
-21
-22
-1
-3
-6
4
2
-4
25
19
16
16
9
18
32
41
27
22
29
21
7
34
47
34
5
21
41
45
35
10
-17
-34
-19
-30
-29
-34
0
-13
-7
26
15
-2
-25
-16
-19
-10
-24
-18
-21
23
22
-13
11
-13
-17
-22
-7
-13
-25
-31
-15
3
-24
-18
-18
-22
-35
-25
-2
3
0
-3
0
-3
10
-3
-7
4
19
6
9
20
11
22
-1
14
9
2
-10
-19
-16
-19
17
-2
-18
-23
-9
-12
7
9
-5
4
-19
-5
5
15
29
30
28
35
13
19
15
10
45
40
63
46
28
34
9
2
25
14
16
19
-12
7
9
0
12
16
17
6
-17
16
27
3
7
12
23
-21
-15
-19
-39
-33
-41
-13
-1
-18
-51
-34
-34
-43
-71
-51
-7
-58
-79
-72
-57
-66
-39
-18
-29
-25
-39
-38
-30
-15
-11
-13
6
-3
0
-5
-13
10
19
31
57
74
61
57
27
24
37
20
48
50
44
32
22
31
41
59
50
42
16
12
5
-10
4
10
20
22
32
33
21
0
-19
-21
-35
-22
0
-13
-34
-35
-24
9
17
0
30
29
14
19
-4
1
25
-4
-1
9
5
6
3
20
5
-14
-28
-28
-17
-52
-58
-37
-30
-14
-5
-12
-36
-39
-43
-32
-2
-20
-32
-42
-61
-42
-34
-43
-25
-1
-10
-8
29
16
11
12
-20
-17
0
-6
4
6
6
15
20
21
19
18
10
19
17
6
3
17
33
17
19
53
47
44
45
30
20
23
24
33
38
-5
-6
-19
-22
10
20
12
1
-13
-24
-15
-9
0
-1
-4
-1
12
-2
-15
-10
-11
-1
-8
6
6
11
12
-9
-4
-3
-2
-3
2
-6
-28
-34
-34
-5
-2
-17
-9
3
23
17
10
32
26
-10
20
11
-12
-9
11
1
-29
-31
-38
-19
-42
-38
-52
-27
-6
-12
2
-13
21
17
14
13
-7
12
4
10
26
16
28
38
55
35
22
16
7
16
3
-4
-18
-4
-19
-29
-6
-11
-32
-35
-22
-3
-40
-45
-23
-19
-32
-50
-4
-12
6
3
4
18
16
34
42
44
31
25
35
40
32
21
7
-2
-5
-6
-43
-38
3
-9
-25
-14
-23
-7
1
-5
9
10
8
-9
-6
4
-13
-7
9
-2
-6
-9
2
-3
-3
-1
0
3
-17
-6
-9
-18
-18
-6
-12
12
26
0
-6
-12
13
28
34
44
53
47
34
19
38
33
13
27
23
35
16
13
16
12
1
-12
-4
-9
-11
-9
-29
-18
-13
-15
11
-6
-5
-27
-35
3
-13
-48
-18
-20
-46
-19
-10
-17
-35
-25
-37
-22
-15
-28
-17
-8
8
-14
-6
5
22
25
11
24
37
4
13
25
23
41
22
16
-10
0
-3
-3
22
24
-3
-21
-18
-40
-31
-27
-13
-15
-9
-15
-25
-18
-16
3
8
12
3
-9
-17
3
8
10
13
8
16
-12
-20
-7
3
0
-4
-12
-6
13
1
-3
15
15
4
26
21
11
27
33
31
30
36
29
28
31
39
39
46
37
28
15
-1
-2
-22
-41
-44
-31
-49
-40
-31
-9
3
-16
-16
-18
0
-22
-22
-3
-12
-23
7
28
1
-9
-12
1
0
-3
-3
-1
2
1
9
13
10
-3
3
-2
-23
-3
4
-2
2
-7
-13
-18
-3
12
11
5
25
44
32
32
35
54
22
-8
6
9
22
5
0
10
1
-13
-7
9
-9
-13
-5
0
16
-27
-39
-39
-48
-51
-48
-41
-51
-9
-30
-50
-38
-37
-41
-42
-34
-42
-43
-50
-14
0
9
7
-11
13
7
1
15
27
26
0
3
12
28
20
17
47
39
58
48
52
48
35
39
53
53
42
38
20
29
16
43
43
30
20
9
4
22
16
-9
-1
1
12
-8
0
-5
1
-21
-13
19
-4
-6
-3
3
-12
-29
-16
-15
-45
-22
-25
-32
-25
-20
-6
-27
-30
-23
-13
-34
-57
-56
-59
-43
-40
-63
-59
-30
-9
-8
7
-7
-4
3
10
-3
-33
10
3
-6
9
10
7
21
20
25
58
43
38
50
39
14
34
9
-3
16
-13
1
0
1
4
3
11
-8
-10
-6
18
26
17
15
16
35
19
-1
16
37
13
21
35
38
35
3
34
38
12
-9
-7
17
8
8
3
-15
-29
-42
-40
-31
5
-1
-15
-16
-36
-45
-60
-49
-51
-55
-40
-39
-44
-44
-51
-53
-42
-21
-18
-29
-19
-19
-25
-13
5
20
28
13
43
54
44
48
45
51
33
39
64
39
7
13
17
33
19
13
23
19
19
1
6
10
12
-9
2
22
13
0
-19
-5
-5
-6
-6
18
34
7
3
-6
3
4
-3
-7
-15
-16
-28
-13
-13
-3
-22
-38
-34
-40
-24
-31
-49
-46
-22
-14
-1
-17
-3
3
-4
19
28
19
5
40
39
16
-15
-5
4
-3
2
-15
-22
-10
6
1
9
10
-5
4
23
10
-3
-5
-16
-20
-10
-29
-22
-14
-24
-20
-16
2
-26
-10
10
23
17
-3
9
4
3
3
15
31
40
37
29
38
51
35
35
16
3
10
1
2
15
13
12
35
32
30
18
31
10
-3
-4
-14
-10
-23
2
-10
-20
-34
-36
-41
-29
-16
-35
-17
-3
-14
-38
-17
7
18
7
9
0
-17
-33
-20
2
-15
4
0
-4
-16
1
1
-9
7
-16
-7
-10
2
10
10
4
-13
-6
4
-1
-16
-8
0
-7
-32
-16
-1
0
-6
-18
-25
-7
31
0
-1
-1
-6
-3
7
6
-18
23
39
37
11
2
25
6
10
10
6
0
-5
-7
-6
1
-10
6
-1
-16
-19
-20
-6
-6
3
-1
7
25
16
25
38
11
19
29
32
50
23
30
2
8
41
19
22
17
-1
-34
-13
-11
-1
29
-19
-12
-9
-37
-38
-33
-1
-23
-15
1
-3
-3
-13
8
5
8
2
-3
9
10
11
8
1
9
5
-21
7
-1
-9
-12
-26
-19
-24
-2
-1
-6
-6
-10
-13
24
16
-12
3
-9
3
0
-1
3
-6
-10
-15
2
-4
2
2
-7
14
-7
-29
-30
-39
-43
-35
-26
-25
-30
-44
-48
-36
-15
-26
-33
-18
-2
8
8
-7
5
24
12
25
39
49
43
73
84
56
54
29
43
49
56
51
38
48
27
19
26
25
3
-2
3
1
1
-15
-20
-6
-17
-12
3
-5
1
-15
-39
-31
-29
-28
-29
7
3
-27
-2
-25
-10
3
-17
-22
-29
-21
-38
-26
-16
-19
-17
-2
-4
2
12
-3
16
16
-8
9
27
18
17
9
18
15
-12
6
13
4
2
6
-13
-11
-1
-14
6
-6
-16
-18
-28
-19
-11
-6
11
22
12
23
15
3
28
16
13
12
10
21
-8
12
22
3
-21
-31
-27
-25
-10
-41
-30
-40
-53
-20
-26
-31
-28
-8
-10
-20
-17
-14
13
18
20
38
38
13
4
29
54
41
43
34
9
29
35
30
51
49
28
22
22
35
28
7
-1
-4
-3
-3
-7
-5
7
-6
-5
12
7
3
-13
-20
-10
-13
-13
-23
-32
-47
-29
-42
-59
-49
-46
-12
-28
-27
-34
-38
-33
-30
-20
-34
-27
-12
-13
-15
-3
0
-10
-19
10
16
-6
5
4
-17
3
13
7
13
-2
0
-10
-15
3
13
10
32
33
28
41
24
28
45
51
49
40
55
48
47
66
35
29
36
40
58
26
3
2
7
22
6
-8
-6
19
15
-3
22
18
-3
-6
-4
-16
-14
-18
-17
-7
-35
-31
-38
-75
-56
-54
-65
-55
-67
-44
-52
-40
-47
-43
-14
-46
-42
-42
-26
-10
-14
-3
-12
-15
6
-12
-7
12
2
-12
-16
1
-3
-3
-1
16
25
22
0
5
25
25
36
29
60
62
26
23
46
59
30
43
38
29
37
7
0
16
7
0
3
-9
-13
-6
-4
-10
-3
-7
-2
16
8
0
-5
6
25
6
3
15
15
22
10
11
3
11
-3
-18
-17
-34
-19
-11
8
8
15
4
12
17
2
8
-20
-3
-13
-28
-15
-29
-25
-25
-25
-25
-33
-24
-28
-47
-38
-22
-38
-9
12
-14
-5
29
27
-2
-6
-10
-5
-10
3
16
29
19
-13
-22
-16
-8
-32
-17
-17
-30
-32
-25
0
