5
-34
-60
-103
-114
-76
-91
-81
-95
-140
-173
-177
-228
-191
-141
-119
-169
-146
-132
-152
-72
-68
-55
-62
-41
-25
-23
1
5
25
26
45
14
-4
53
38
42
75
74
69
54
113
89
55
91
90
142
155
143
172
139
151
137
107
175
87
89
117
33
51
20
-30
-49
-18
-41
-102
-85
-43
-124
-124
-90
-145
-117
-105
-89
-144
-139
-92
-80
-54
-19
-7
-1
-10
-50
-51
-56
-29
-10
18
-57
-76
-51
-41
-31
-83
13
-22
-42
-11
-21
49
45
53
70
70
75
95
126
76
113
136
107
154
129
146
103
69
129
111
120
85
19
-2
30
82
26
26
-1
13
26
-18
42
-4
-3
-42
-109
-97
-88
-95
-119
-121
-115
-120
-155
-123
-131
-150
-139
-99
-122
-146
-129
-147
-123
-72
-67
-82
-70
-76
-66
-107
-30
-18
-21
18
-7
30
9
33
30
44
48
96
123
116
138
113
187
214
158
159
210
212
169
200
185
128
122
141
135
106
174
121
49
96
60
57
91
45
-13
-41
-47
-93
-113
-99
-128
-117
-144
-129
-152
-221
-182
-177
-176
-135
-147
-158
-212
-237
-214
-231
-171
-146
-147
-152
-125
-89
-75
-26
-31
-18
1
-3
-3
-6
78
103
62
59
100
169
124
190
251
257
249
207
231
186
201
136
135
147
93
112
118
131
69
47
10
2
25
56
52
0
19
-48
-80
-60
-111
-141
-121
-122
-88
-72
-132
-153
-129
-152
-177
-152
-175
-151
-103
-93
-118
-137
-117
-92
-99
-23
68
-18
16
42
32
44
22
98
40
34
60
40
39
10
69
60
40
47
73
124
48
71
128
101
86
58
87
51
22
84
90
88
90
53
81
83
58
9
2
56
8
27
-6
30
31
-72
-37
-10
-16
-68
-46
41
-35
-78
-75
-72
-51
-95
-64
-105
-112
-121
-135
-134
-145
-112
-150
-150
-130
-63
-103
-113
-87
-98
-123
-107
-40
-85
-62
-14
-28
-42
-39
-31
32
33
73
118
149
168
172
204
124
94
108
126
144
180
131
175
157
92
89
76
138
67
113
114
94
119
66
42
28
13
-1
-1
-11
-19
-17
9
-18
-35
-43
-57
-72
-69
-49
-113
-112
-50
-23
-61
-133
-127
-132
-84
-64
-65
-60
-23
-17
-90
-29
-59
-80
-82
-81
-64
-78
-70
-36
-27
-62
-30
15
71
29
-14
-9
36
-16
-59
10
42
28
-29
-4
27
54
21
-19
43
113
114
91
105
85
43
35
63
73
63
77
24
23
60
18
53
53
30
-25
5
64
7
-9
-19
8
-25
-28
-34
-63
-44
-38
23
-17
-47
-12
-31
-33
-64
-50
-22
-35
-86
-32
-29
-69
-20
-6
3
-39
-53
-65
-34
-17
1
-7
3
15
35
111
35
-13
30
25
20
60
90
37
-10
58
65
72
34
40
74
28
29
-20
15
10
-23
-41
-69
-49
-24
-105
-89
-21
-8
0
-44
-16
-91
-80
-33
2
-1
-18
41
17
-23
-11
8
-11
24
24
63
72
44
52
51
76
99
94
105
63
13
35
14
36
45
33
-30
-13
0
-10
-5
-30
14
-32
-49
-24
-39
-62
-87
-68
-51
-80
-108
-81
-41
-85
-94
-30
-18
-31
-35
-49
-37
-69
-11
-6
-41
-34
-98
-26
-36
4
7
-1
29
-5
57
58
37
34
39
66
54
77
104
43
101
66
40
34
3
34
17
47
55
101
101
110
49
31
55
35
75
9
1
1
-33
-32
-29
-31
-40
-32
-19
-30
-59
-53
-25
-70
-95
-16
64
49
-19
-7
-29
-21
15
19
38
-12
-34
-36
-58
-15
-40
-47
-19
-11
-13
-74
-7
-21
-23
-13
6
39
-3
9
-31
13
-6
19
58
44
25
5
-28
-1
41
-14
27
-6
-25
-28
9
-32
-29
-33
-8
41
-49
-33
-69
-20
-38
2
-11
-33
31
-4
-22
-50
-29
-54
-13
17
10
7
40
86
69
28
3
19
60
64
51
63
49
43
25
50
48
19
39
32
17
35
66
48
38
9
-45
-10
-15
-19
-43
-30
26
-69
-50
-75
-102
-21
-38
32
-24
-15
57
-58
-42
-28
-39
-50
-28
-31
-56
28
16
7
24
9
-1
6
29
21
57
67
17
22
55
24
51
35
38
21
-3
55
-20
-17
3
6
7
-22
-30
0
-16
-63
-49
-47
-11
-41
-73
-86
-104
-45
-38
-31
2
-38
-35
-77
-41
3
-22
10
-10
-4
-37
12
64
28
78
69
48
99
41
50
83
25
34
18
13
13
-8
22
8
-36
-5
19
45
18
11
18
-12
25
22
50
51
60
26
-17
-7
-6
-4
-10
-10
-40
-9
-26
-21
-59
-124
-80
-95
-63
-37
-30
32
27
20
-34
6
30
10
72
70
74
72
105
44
5
-22
-15
-26
1
15
-27
12
-41
-7
-58
-57
-54
-3
-5
-56
-55
-61
-5
-31
-15
4
33
2
17
-10
18
16
8
38
-10
-6
-12
4
8
34
20
40
12
-4
-28
-21
9
6
35
42
47
12
14
32
5
-27
-10
-4
-24
-40
-41
-38
-3
-18
1
-16
-12
-11
-50
40
-3
-14
20
17
-11
-10
32
-1
-11
-16
-35
3
6
6
1
-31
43
23
14
72
9
-6
2
8
19
-22
37
13
-12
-14
-40
-28
-15
-24
-49
-17
-74
-23
10
2
12
61
69
37
17
7
53
-12
2
25
36
3
26
17
32
53
27
84
71
50
15
62
19
-1
-40
-15
-31
-53
24
-62
-16
5
-30
-48
-14
-24
-91
-30
-16
-88
-85
-70
-50
-61
-20
36
11
15
-30
-29
-36
-47
-50
-37
-22
-3
28
-28
-23
0
0
6
-39
19
35
41
74
64
76
47
144
102
98
89
28
79
41
83
34
29
52
-29
-28
-15
-38
-25
-14
-18
33
22
-35
-42
-16
-35
-68
-91
-83
-102
-95
-23
-69
-92
-98
-80
-34
-16
-65
-70
-8
-40
-32
-13
0
-24
-24
38
31
14
36
64
69
90
100
81
111
83
-1
28
60
66
61
77
54
19
43
29
44
7
-34
-44
-8
-25
-38
29
-32
-31
0
3
35
44
20
4
-6
-18
13
-4
-39
-34
9
28
18
36
71
62
12
16
34
12
-15
-34
-85
-22
-41
-50
2
-53
-12
-47
-69
-52
-42
-40
-30
-22
-44
-98
-128
-44
-100
-121
-41
13
7
-17
-10
10
8
-54
-35
0
-20
-55
9
32
27
24
77
111
61
73
32
16
15
36
45
47
49
64
42
53
48
22
44
36
46
2
3
-65
-52
-44
-82
0
-1
23
48
58
70
23
15
9
32
35
0
44
6
3
-38
0
-7
-62
32
-56
-16
-42
-26
13
-55
-5
-19
-20
-17
-18
-2
30
1
8
14
-29
-20
-13
-3
-33
-61
-8
-18
25
35
36
82
-12
22
-34
-38
22
-19
8
1
32
-9
-13
17
-13
10
1
56
62
17
80
19
15
-27
-29
2
-42
22
4
61
-6
-8
16
-46
-22
-76
-64
-63
-66
-25
-14
-44
-26
4
-35
-46
-27
-20
-3
-68
-3
-2
-63
-18
-78
-52
-79
-61
-47
-19
-4
22
51
3
15
-37
30
8
44
79
77
71
41
82
64
108
77
53
35
75
61
18
79
38
38
63
18
7
32
36
41
34
79
105
65
99
65
5
-19
21
18
-28
22
-12
-60
-55
-54
-52
-92
-38
-20
-49
-27
-85
-55
-67
-27
3
-42
-14
-42
-5
-49
-74
-67
-81
-86
-132
-75
-46
-69
-107
-104
-60
-99
-59
-9
-12
-24
-6
37
13
-12
-28
-19
-16
5
23
46
129
114
65
97
104
71
81
92
80
74
60
80
64
14
9
15
36
8
9
32
41
34
-2
30
19
12
49
47
49
0
1
53
-32
-7
-16
-54
14
-15
-10
-15
-45
-12
-54
-78
-47
-102
-83
-78
-83
-72
-37
-75
-127
-76
-85
-93
-81
-11
-42
-7
10
-23
13
-6
-15
-42
81
91
73
101
93
109
62
67
41
55
88
70
80
119
41
10
56
27
11
-10
39
34
44
77
120
148
149
129
79
93
56
68
15
12
-37
-116
-96
-192
-183
-182
-210
-194
-154
-130
-147
-113
-63
-112
-95
-58
-63
-79
-85
-59
-87
-51
-67
-6
9
8
25
24
8
-75
-18
-55
-23
-20
-34
38
1
44
44
-3
34
45
75
61
103
118
117
148
132
211
164
118
85
110
79
60
125
114
95
8
72
78
64
28
14
52
1
7
83
68
10
6
-48
-51
-75
-54
-38
-35
-51
-95
-137
-120
-73
-90
-99
-90
-76
-186
-198
-189
-215
-240
-206
-136
-72
-31
-22
63
70
24
14
72
21
-10
28
73
86
15
6
16
-25
-41
111
133
120
162
103
112
129
134
150
107
69
81
79
32
29
39
-11
-10
13
40
48
9
27
-10
-51
-39
-77
-51
-54
-25
-4
-28
-25
-49
-80
-133
-155
-181
-124
-127
-69
-6
-40
-48
-77
-73
-133
-87
-47
0
27
5
8
-11
-35
-49
-11
-22
12
28
69
75
51
92
92
78
89
91
83
113
149
150
149
145
92
155
124
36
50
56
61
-49
-63
-78
-152
-160
-131
-68
-25
41
68
93
90
41
7
-29
-1
6
6
33
10
32
-10
-50
-36
-70
-90
-114
-146
-119
-22
-13
-26
-30
-82
-81
-66
-75
-64
-47
-36
-67
-41
-29
-66
-53
-45
-62
-38
67
79
118
112
50
66
104
126
117
85
12
12
-28
-26
-21
-43
-36
-64
-30
-17
30
72
62
1
-60
0
51
26
32
70
75
53
-38
-14
-9
-90
-95
-117
-43
-2
9
66
65
44
28
23
21
42
50
33
64
32
22
15
-42
-32
-51
-13
-16
20
32
-21
-47
-60
-60
-107
-32
15
49
46
65
74
20
-23
-66
18
-5
41
118
101
73
7
-24
-50
-44
-44
-37
-41
-6
-11
-29
17
-40
-72
-85
-48
21
6
-23
-21
19
-17
-54
-29
16
27
22
-2
-12
13
50
34
21
34
-25
41
52
-4
-33
-19
-102
-106
-67
-88
-56
-43
31
-14
30
54
61
0
1
41
33
91
42
44
35
3
-11
46
24
21
14
19
17
31
82
50
47
39
70
66
86
81
28
1
-13
-15
-19
-62
-35
-41
-102
-106
-86
-48
-53
-86
-116
-90
-106
-100
-60
-48
-67
-83
-77
-78
-99
-54
-24
-41
2
33
35
42
46
7
32
26
37
63
52
9
-18
11
48
132
98
104
113
103
112
49
109
92
74
129
85
117
86
127
144
83
69
58
86
25
7
-7
-6
-25
-35
-15
-57
-76
-69
-89
-95
-112
-109
-91
-170
-140
-133
-104
-154
-173
-123
-189
-88
-56
-28
-62
-98
-84
-65
-17
-50
-25
-37
7
-19
-12
10
-46
-64
-40
-45
-54
34
41
66
57
68
46
49
61
62
86
97
161
103
98
144
138
124
113
155
201
188
189
157
173
131
82
88
62
25
-3
27
-22
-7
-35
-29
-37
-83
-91
-114
-82
-91
-77
-92
-58
-72
-98
-100
-116
-125
-132
-160
-177
-105
-146
-117
-93
-114
-131
-159
-116
-119
-95
-63
-33
-19
-34
-5
33
53
41
23
56
73
79
126
124
93
98
121
98
83
113
91
97
123
119
120
197
184
91
60
66
60
5
36
-3
-13
-28
-44
-10
-27
-10
-36
-31
52
35
1
53
13
-4
-6
12
24
-4
-8
-44
-44
-28
-78
-103
-67
-125
-123
-63
-57
-123
-117
-56
-99
-101
-98
-89
-152
-142
-117
-108
-49
-59
-37
-37
23
-33
-15
36
18
66
61
126
140
133
150
146
113
109
57
29
48
-26
-76
-36
18
-41
-20
30
34
79
107
147
113
123
116
79
138
105
70
20
-18
-32
-78
-59
-88
-132
-81
-56
-42
6
-29
-59
-57
41
54
24
63
6
-12
-32
-85
-127
-61
-79
-117
-43
-4
16
-10
58
6
10
57
-12
23
29
7
-66
-34
-25
-157
-195
-202
-241
-216
-161
-95
-42
-7
95
128
192
165
129
175
191
204
198
229
160
149
86
62
41
-37
-3
-75
-42
-40
-81
-84
-123
-92
-150
-103
-30
-41
91
94
100
139
55
-2
-53
-57
-74
-65
33
18
-56
-4
-3
-77
-132
-176
-130
-102
-68
-26
24
67
-25
-3
9
-22
-39
-9
50
42
117
130
202
215
171
107
134
138
49
104
55
57
30
-53
-85
-116
-166
-202
-190
-128
-161
-69
38
-11
-32
-99
-39
-78
6
-5
25
127
13
56
29
9
19
68
7
-13
42
13
-1
-42
-48
-93
-92
-79
-47
-4
37
56
64
49
47
37
17
25
-26
-13
-50
-21
-25
-34
-11
-61
-66
-85
-44
-90
-45
-16
-29
9
35
103
135
152
112
37
43
52
-14
30
44
91
115
62
64
77
31
38
131
124
113
118
145
109
75
77
3
-71
-117
-129
-125
-171
-154
-120
-70
-98
-121
-135
-207
-238
-231
-129
-129
-68
-69
19
32
-9
36
-10
0
-37
35
20
39
29
-3
-16
-33
-7
-33
53
60
123
121
120
158
101
98
-9
42
69
46
101
79
79
36
50
21
-26
-3
5
18
38
-3
20
40
4
-8
4
-32
-105
-67
-90
-46
-62
-28
-16
-52
-30
-32
-29
-25
49
30
94
68
82
79
12
-38
-44
-56
-61
-68
-100
-33
-107
-65
-76
-42
-113
-89
-25
-52
2
-28
24
-29
7
24
-58
-58
-61
-65
17
26
41
35
89
72
37
100
36
54
70
81
72
110
59
27
29
44
60
33
113
96
96
77
54
115
53
13
-3
-22
-20
-71
-52
-34
15
6
32
53
-14
-15
-14
-21
-54
-70
-29
-28
-57
-61
-106
-107
-91
-113
-137
-85
-70
-79
-91
-55
-33
-91
-89
-40
12
-10
-11
31
73
33
30
20
23
13
-7
-11
-38
-46
-76
-70
-39
-1
-16
40
83
126
124
91
179
131
112
116
41
72
18
47
69
41
85
46
50
14
21
0
-11
-32
-49
-22
-41
-42
-24
8
0
-25
-8
-13
-26
4
1
-7
-24
-4
-23
10
-24
-51
-1
-28
-5
54
43
-2
0
-48
-49
-63
-83
-105
-69
-64
-63
-36
-49
-54
-43
-13
-22
-3
-30
-29
-10
11
-14
-6
33
16
-19
-5
47
8
-1
73
86
71
57
16
44
22
-13
-31
40
54
11
16
47
30
35
98
64
92
61
92
112
69
82
18
24
54
13
30
13
-11
9
-24
-62
-83
-112
-119
-100
-107
-117
-114
-77
-47
15
-4
-3
-1
-22
-4
-34
1
-64
-79
-37
-66
-71
-120
-88
-48
-72
-8
-20
4
36
0
53
20
18
26
41
84
21
26
30
3
73
37
16
21
-26
3
-28
-7
4
20
47
39
51
24
40
63
56
70
78
115
117
7
12
24
3
24
-13
-10
15
-30
6
55
18
60
90
51
6
36
58
17
-36
-20
-3
0
8
-78
-69
-67
-73
-54
-45
-3
-11
-47
-55
-18
-43
-56
19
5
-57
-23
-39
-39
-63
-124
-70
-75
-68
-51
-83
-60
-69
-69
-35
-23
-26
-34
-58
-35
43
51
12
41
34
-35
-8
51
62
35
46
79
86
137
141
62
69
72
33
57
38
18
35
17
15
11
-8
-19
11
-10
-50
-19
-35
-32
-38
-6
-16
-31
28
-22
-29
52
69
13
-20
-23
21
-6
-1
39
-32
-14
-3
10
40
6
47
77
44
5
30
64
9
5
49
52
-1
50
0
-66
-54
-88
-60
-79
-45
-23
-6
-9
13
23
9
6
-10
-31
-54
-15
-15
-47
-41
-54
-129
-127
-145
-121
-93
-65
-17
-16
33
42
81
36
38
108
78
85
98
107
80
54
82
14
10
19
-50
-68
-133
-143
-96
-20
-10
-13
14
6
23
25
52
104
81
54
14
8
-35
-69
-5
-55
-35
-23
26
63
69
85
63
76
7
-34
1
28
-28
15
32
50
28
26
-21
-62
32
-2
11
-38
-7
-34
-95
-50
-48
32
11
16
64
-10
-8
-29
-21
-32
-110
-54
-66
-38
3
-19
-41
-35
-47
-52
35
55
51
69
52
18
17
-13
-36
7
-20
-49
1
31
45
8
66
76
32
77
35
15
36
53
34
53
48
42
87
26
19
44
72
105
40
44
-10
-82
-47
-104
-101
-92
-75
-32
-5
-48
-99
-102
-147
-187
-208
-142
-170
-159
-171
-155
-152
-170
-64
-69
-33
-7
47
120
136
106
171
149
133
227
276
299
243
212
109
72
17
-4
-43
-28
39
31
72
26
62
46
43
25
50
123
114
161
117
108
57
-3
-6
-36
-84
-146
-173
-205
-196
-192
-218
-128
-96
-157
-121
-168
-149
-190
-149
-81
-151
-78
-94
-28
-54
-81
-51
-28
-16
-3
107
62
118
95
129
180
123
222
282
294
279
224
172
114
0
8
14
39
58
-32
-58
-28
-6
-80
-54
-47
-30
13
5
48
14
-19
-41
-66
-101
-145
-100
-143
-196
-172
-178
-142
-165
-142
-108
-85
-29
-44
16
21
9
6
0
30
33
103
95
92
121
59
61
67
57
22
7
66
52
80
127
133
189
200
166
136
155
160
86
55
25
-35
-72
-105
-105
-123
-124
-123
-193
-137
-28
29
20
8
30
19
15
-57
15
54
33
-9
-64
-7
-24
-39
-76
-102
-88
-29
-53
-145
-152
-136
-161
-148
-60
15
41
41
56
16
-1
-41
-63
-120
-153
-99
-98
-16
41
55
79
109
168
212
172
136
124
90
95
63
92
127
142
124
79
77
40
23
-2
16
18
79
69
84
113
38
98
103
115
44
-11
-35
-130
-193
-245
-262
-276
-299
-247
-234
-223
-130
-121
-41
-41
-10
78
105
84
83
69
79
141
61
56
-5
-22
-79
-136
-114
-140
-104
-71
-40
-24
20
29
77
130
101
112
125
129
127
123
131
110
99
85
77
32
0
-50
-74
-46
-92
-82
-56
-80
-38
37
36
95
133
165
148
101
24
-52
-49
-107
-80
-132
-162
-187
-194
-110
-67
-15
25
61
6
9
22
63
29
12
54
-11
-23
15
-7
-74
-16
-16
-48
-18
6
-28
-53
-22
-34
5
88
138
140
154
121
84
111
72
-6
-1
-14
-36
-32
-70
-56
-22
-86
-50
-20
40
92
66
140
102
78
5
-35
-66
-148
-180
-202
-215
-252
-219
-164
-159
-96
-9
-12
41
57
117
122
137
179
167
180
149
176
131
103
61
8
-24
-33
-58
-117
-137
-135
-164
-193
-111
-69
-24
30
86
161
167
164
190
143
128
123
60
53
-3
-26
-50
-67
-93
-117
-111
-148
-102
-75
-56
-15
-20
6
25
10
19
38
16
-49
-75
-48
-61
-12
45
35
-19
-43
-15
-80
-54
-12
-1
39
-10
0
18
22
55
51
56
77
55
16
34
64
70
60
33
43
54
60
66
39
82
78
79
77
17
21
7
-34
-50
-1
-12
12
0
-22
-30
-94
-98
-106
-107
-160
-93
-85
-151
-116
-111
-116
-160
-133
-77
-54
-32
-35
-16
-13
-55
-45
10
-6
4
37
76
98
83
128
151
189
172
161
142
74
100
99
57
36
24
0
-6
-18
-37
-47
-58
-56
-28
0
26
77
131
83
22
17
15
10
-24
-30
-9
31
29
44
39
-10
-6
-34
-44
-34
-43
-14
-13
-63
-82
-100
-111
-102
-114
-102
-75
-67
-84
-111
-143
-120
-117
-139
-81
-42
-38
1
26
25
47
1
-9
22
31
82
131
111
129
88
35
116
88
151
145
88
113
57
98
87
72
57
7
52
82
79
58
66
70
6
-33
-10
15
23
18
2
45
-2
-37
-4
-63
-84
-107
-75
-57
-46
-47
-77
-104
-125
-104
-121
-105
-120
-146
-135
-133
-154
-127
-115
-27
1
-4
12
-60
-36
-34
-8
13
72
80
50
52
9
20
15
35
77
83
69
63
85
104
66
132
184
165
183
131
111
122
129
57
62
58
8
-66
-140
-90
-164
-148
-125
-66
-48
-47
-4
-12
54
-8
20
49
63
-8
-87
-105
-143
-86
-95
-93
-114
-105
-96
-98
-27
11
-20
23
109
113
100
98
109
99
66
30
65
36
58
83
39
67
3
12
-24
-54
-54
-86
-10
32
75
84
93
63
22
4
10
7
-61
-73
-62
-57
-61
-43
-79
-92
-89
-101
-17
0
-10
-9
-9
35
37
25
-2
-41
-48
-37
-25
9
56
75
66
47
6
-3
-28
-79
-53
-47
-38
-64
-75
-50
-92
-35
12
14
45
1
16
-17
17
107
44
65
42
49
114
139
137
111
93
59
24
-10
-26
-104
-133
-132
-108
-93
-59
7
20
17
13
54
66
85
124
123
137
147
60
-20
-41
-85
-106
-97
-125
-90
-48
-44
-37
-57
-60
-73
-102
-110
-56
-6
44
45
56
64
81
85
55
89
51
92
120
168
136
-15
-23
-51
-28
-39
-49
-36
-4
15
-7
22
13
16
-34
-23
-70
-156
-162
-145
-106
-109
-60
-33
-7
37
90
102
56
8
6
19
11
-11
-62
-47
-71
-76
-95
-113
-35
-29
6
43
25
54
16
-50
-58
-22
8
19
116
143
72
57
72
26
9
22
51
58
68
95
40
63
35
39
73
38
38
57
98
69
69
92
107
65
11
23
4
-32
-62
-67
-46
-23
-31
-54
-98
-114
-76
-60
-55
-6
11
20
27
-9
-14
-28
-71
-91
-73
-73
-124
-166
-190
-216
-181
-174
-168
-177
-222
-180
-172
-43
-1
-9
69
79
127
140
153
168
186
177
181
155
194
177
149
184
121
148
127
98
42
14
2
-8
20
-3
10
-7
43
51
26
73
82
92
83
67
19
-2
-13
-98
-80
-136
-174
-124
-155
-123
-66
-20
-51
-70
-79
-138
-127
-172
-133
-123
-138
-45
-52
-6
39
90
59
53
117
92
129
123
79
29
-7
-25
-42
-90
-85
-89
-31
-4
18
92
24
90
36
92
116
54
60
-12
82
7
18
51
68
84
32
81
22
9
-39
-90
-92
-74
-44
-45
-27
-54
-59
-32
-3
-14
-48
-37
-4
24
14
41
28
-34
-118
-142
-162
-185
-129
-135
-67
-53
-35
-6
30
38
-12
32
11
60
109
133
181
139
159
102
60
40
-21
-14
-68
-57
-62
-31
-25
0
21
-24
-20
-29
49
64
109
168
225
211
160
180
132
92
35
29
43
84
93
-11
-29
-38
-23
-22
-34
-57
-136
-190
-286
-238
-222
-196
-133
-63
26
-9
72
36
-20
-96
-118
-71
-97
-42
-12
54
70
84
77
94
82
38
38
15
30
10
-27
-53
12
-15
-36
40
6
64
8
39
-27
-100
-16
-119
-28
-90
-34
-16
-1
25
-73
7
-91
-18
-36
40
89
32
141
48
-11
-35
-16
-58
-97
-56
-28
27
-12
-91
-41
30
-18
-5
-10
4
13
61
79
-26
101
201
216
208
167
122
35
35
-3
-54
-130
-158
-175
-190
-27
-7
67
87
90
220
109
132
51
39
80
0
119
-21
-6
56
50
143
64
88
28
36
-31
-46
100
-49
-86
-112
-108
-70
-60
-35
-101
-113
-98
-183
-167
-169
-194
-173
-231
-40
-107
-49
11
-70
70
12
111
-5
-16
-21
-58
248
94
10
-55
-69
-68
-269
-216
-387
-365
-308
-220
-102
-69
82
-176
-139
-5
-228
38
153
196
595
1092
1727
1624
2022
1592
892
958
-185
-421
-1432
-1095
-1064
-609
910
443
1904
-6
-44
-880
-2174
-1981
-3022
-1634
-2290
204
602
988
1122
-395
-496
-1544
-1355
-1490
-514
-116
1296
1425
1574
659
96
208
-377
1070
817
2204
1176
1406
1272
-49
68
-1323
-677
-1043
324
959
1100
862
-332
-780
-1174
-951
-481
400
-320
254
-129
172
-516
-644
-310
-1270
478
-615
480
-1
-1091
-210
-724
494
-139
976
749
132
1415
157
692
160
-523
228
-34
1011
529
450
260
-468
905
-123
214
324
-152
296
-781
601
-515
-502
-357
-651
1054
-413
682
-220
-95
-57
-764
759
-787
-236
-1014
-207
516
28
502
-303
583
44
-9
169
-256
-597
-444
122
-272
181
314
-588
-8
-94
-707
-260
-675
-1106
-1094
-826
-1042
200
496
-527
-40
394
-843
-937
-985
-1615
-562
-666
-278
21
454
-730
-856
-160
-1173
-1633
-1446
-1174
-891
60
-159
938
975
1058
1589
1970
2065
1126
1872
2081
2622
3128
2824
3428
3148
2551
3054
3335
3229
2987
2892
2530
2005
972
445
172
48
-21
-778
-785
-1231
-2016
-2594
-3392
-3694
-4066
-4248
-4409
-4281
-3298
-3384
-3077
-2801
-2623
-2197
-1814
-1649
-1571
-1083
-1148
-68
631
755
1291
1871
2034
1881
1858
1679
1658
1541
1473
2197
2230
1683
2008
1677
1376
885
272
444
-103
-231
-98
-432
-744
-1414
-1331
-1839
-1660
-1737
-1949
-1909
-2538
-2219
-2625
-2105
-2200
-2345
-2283
-2353
-2042
-2095
-2166
-2011
-1545
-1362
-955
-444
563
183
1118
1718
3430
3345
2794
3465
2350
4862
4082
6226
5379
5831
7572
7372
9077
5101
6132
4350
5503
4232
2151
2970
855
1881
-402
-214
-980
-2328
-3090
-4950
-5912
-6450
-7368
-7338
-7724
-7796
-7305
-6869
-6500
-7308
-5725
-4523
-2876
-3220
-3668
-2755
-1985
-969
84
1495
2667
3148
3601
4292
4457
5080
5034
5400
4455
4561
4049
3832
3511
2673
3174
2042
1632
1017
948
-112
-990
-1860
-2142
-3155
-4202
-3325
-3429
-3096
-3915
-3810
-3386
-3699
-3875
-3130
-2567
-2345
-2162
-1947
-634
-362
204
391
281
184
231
336
224
419
586
555
-404
-507
-409
-582
-1062
-1095
-758
-1136
-866
-1294
733
872
1386
2986
2247
3575
984
4403
4565
5554
5838
3766
9096
7093
11599
8472
9068
8868
6343
9768
4820
6778
3071
4498
3425
309
473
-2464
-1340
-4158
-4951
-6048
-7991
-8786
-9957
-10242
-10461
-11800
-11357
-11460
-10848
-8543
-8099
-6618
-7220
-6174
-4383
-4067
-2286
-2194
-130
14
947
2424
3104
5844
5599
7608
6121
6303
7657
6991
7862
6327
6556
5372
3723
3631
3720
2966
1895
826
248
-1499
-3539
-3293
-2923
-3807
-5695
-6137
-5897
-5668
-5855
-4880
-4152
-4733
-4139
-3662
-2511
-1651
-1273
413
373
402
937
1726
2187
1688
2321
2063
1580
821
1458
1521
753
184
-246
-265
-1283
-974
380
515
590
626
2249
3008
1355
2503
1586
4562
3535
4304
4860
4583
8585
8020
12120
7550
8956
8108
8988
9469
4267
7095
3299
5674
2158
1086
486
-2751
-1651
-4513
-4383
-7570
-8357
-8652
-9476
-10663
-13049
-12342
-13176
-13228
-12294
-11250
-9761
-9715
-8707
-6718
-6332
-5268
-3889
-2376
-1240
-1194
616
2069
4111
5538
6627
7189
7087
9308
9667
9774
8497
8504
8722
6433
5898
5327
5702
3812
2070
1611
626
-712
-1990
-1026
-2432
-4252
-5921
-5866
-5720
-6953
-6419
-6394
-6122
-6431
-5583
-4486
-3597
-2492
-1157
-179
-504
496
1506
1800
1303
1385
2207
1774
1097
1392
1566
1116
355
609
754
-184
-335
545
1360
310
285
1071
2696
3144
2123
3163
1604
3508
4038
5338
5175
3134
6869
7504
10663
7069
7169
7620
8044
9554
4831
6205
3144
5037
3527
263
-486
-3080
-701
-2569
-4537
-7178
-8225
-7188
-8354
-9326
-11439
-11330
-10640
-10648
-10239
-10678
-9004
-7696
-6752
-6399
-6709
-5068
-2926
-1939
-1587
-1389
82
1424
1998
3494
3898
4958
4896
6484
7269
6648
7022
7093
7505
5253
4178
4492
4832
2953
969
311
-16
-1449
-2724
-1834
-2203
-3263
-5084
-4863
-5086
-5247
-5408
-5698
-5368
-5755
-4144
-3581
-2626
-1483
-54
961
911
2299
3508
3603
2994
3635
4283
3408
2074
2887
3830
2599
1134
1206
1811
684
-598
-367
366
-792
-766
-887
-331
-209
-331
2105
641
526
-486
2494
3335
2509
3291
2141
6538
5520
9559
7724
6938
8336
7835
11319
6202
6570
4945
5930
4655
1214
768
-1388
-247
-2215
-3674
-6478
-7497
-6005
-6912
-9187
-11424
-11304
-9786
-10888
-11801
-11256
-11222
-10136
-10223
-9653
-9728
-8904
-6415
-4700
-4515
-4781
-2078
-40
1325
1955
3385
5212
5556
6569
7598
7951
8062
9054
8946
7841
6571
7149
7643
5553
4105
3912
3059
1491
107
70
-463
-2620
-3090
-3643
-3808
-4619
-4548
-4470
-5415
-5024
-4333
-2696
-3585
-2680
-724
-699
-721
-224
2168
2783
2385
3000
3719
3535
2804
3869
4776
3249
2138
1839
2278
541
-1157
-656
-1407
-2071
-2954
-1557
-1918
-1997
-1504
167
1398
-882
259
-638
2130
1286
2323
2133
527
4132
4372
8606
4599
5817
6352
8009
9271
4714
6967
4819
6608
4260
2093
1319
-454
502
-2025
-3533
-5876
-5660
-4856
-6324
-7645
-9211
-8194
-7830
-9486
-9532
-9613
-8945
-8557
-8867
-8886
-8675
-7237
-5326
-4530
-5142
-4105
-1474
738
1017
1696
3356
4362
4259
4755
6610
6592
6591
6527
6457
5947
4721
6150
6625
5083
3785
3632
3590
1951
927
824
828
-1377
-2898
-2818
-3061
-3054
-3635
-3097
-3013
-3465
-2865
-2253
-2754
-2296
-1394
-1044
-1108
-800
733
1259
1055
1539
2958
2851
2391
2938
3426
2461
859
1320
2090
518
-1247
-1394
-1056
-1726
-2702
-1485
-1037
-1453
-2111
-734
1050
67
185
-205
1455
1211
1392
1804
967
2908
3863
6419
4398
4142
5138
7432
9148
6374
7306
6507
7254
6307
4421
3522
1641
1553
-59
-2222
-5199
-5120
-3868
-5082
-6898
-9302
-7842
-7748
-9236
-9560
-9698
-9005
-9238
-9458
-10163
-10036
-9574
-7359
-6552
-7332
-6731
-4244
-1602
-1555
-212
1808
3873
3997
5146
6796
7024
7286
7576
8352
7045
6117
6787
7753
6483
5385
5981
5720
4391
3070
3461
2989
973
-34
115
-580
-1425
-1917
-2318
-2807
-4071
-3191
-2843
-4001
-3728
-2817
-1997
-2887
-2465
-433
292
-165
-170
1079
1061
284
965
1854
796
-866
-482
346
-673
-2101
-2171
-1409
-2421
-3251
-1843
-2006
-1702
-1924
-493
1472
-369
505
-36
1746
1740
1654
2501
1138
3476
3952
6781
4643
4776
6166
7286
9318
5995
7613
7172
7657
6914
4283
3612
2181
2429
631
-1477
-4462
-4414
-3351
-5216
-6598
-8791
-7679
-6934
-8294
-8515
-8449
-7988
-7896
-8442
-8944
-8962
-8606
-7152
-6729
-7245
-6487
-4198
-2056
-1234
-370
1216
2961
3619
4741
6380
6749
7078
7557
7649
7181
6392
7059
7661
6126
5001
5319
4846
3955
3034
3229
3509
1319
278
234
-642
-1440
-2216
-2878
-3416
-4598
-4114
-3969
-5543
-4972
-4141
-3352
-4167
-3932
-1446
-822
-989
-692
981
1178
434
909
1690
672
-876
-179
372
-287
-1786
-1896
-1327
-2121
-2339
-1002
-1243
-1016
-1193
771
2136
442
1433
861
2830
1925
2390
2033
1523
3847
4611
6943
3679
4943
6062
8557
8954
6311
7701
7262
8277
6070
4854
3222
3054
2468
46
-1624
-4843
-3319
-3700
-5526
-7459
-8854
-7221
-7284
-8773
-9243
-8418
-8178
-7824
-8929
-9237
-8704
-8313
-6941
-7117
-7398
-6137
-3782
-2537
-2046
-937
1092
2683
3425
5001
6595
7028
7408
8611
8423
8105
7430
7891
8485
5936
5384
5393
4325
3318
2125
2489
2281
-111
-652
-266
-1359
-1324
-2204
-2699
-3303
-4966
-3811
-4449
-5403
-4720
-4302
-4174
-5093
-3813
-1581
-965
-1690
-374
1036
950
998
1443
2891
732
-213
570
511
-513
-2520
-1448
-1914
-2583
-2964
-1913
-1535
-1985
-620
776
1669
335
1502
1410
2726
2571
3206
3209
1638
3728
5169
6963
4567
5524
6424
8844
8583
7329
8493
7384
8443
6230
5989
3386
3037
2120
-9
-1561
-5248
-3419
-4737
-5743
-7955
-9230
-7744
-8191
-8770
-9775
-8827
-8827
-7907
-8777
-8823
-8240
-7854
-5934
-6580
-6429
-5540
-3103
-2036
-1969
-854
1003
2871
3496
4947
6356
7235
7905
9170
9047
8527
8248
8264
8426
6007
4863
4941
3331
2272
933
747
882
-1481
-1740
-1692
-2601
-1975
-2618
-3105
-3798
-4731
-3424
-4385
-5603
-4895
-4216
-4204
-5018
-4165
-2114
-1782
-2438
-633
792
1397
1304
1872
3502
1612
1218
2086
2316
860
-1652
-1441
-2034
-2654
-3213
-2328
-2435
-2848
-1794
-793
1181
510
2198
1875
2423
3578
3738
4745
2180
4136
5787
7251
5615
5010
6503
7888
9170
7405
8373
7837
8647
8190
7284
5503
4621
4498
2312
522
-3258
-2870
-3439
-5145
-7491
-9927
-9460
-9086
-9549
-10936
-10455
-10845
-9466
-9926
-10475
-9581
-9908
-7475
-7462
-7663
-6788
-5312
-3107
-2530
-2281
-729
1006
2276
3890
4916
6388
7282
8346
9222
8798
8832
8777
9375
8122
6196
6211
4733
3553
2236
1274
1603
-322
-1440
-1439
-1865
-1716
-2380
-3470
-3580
-3925
-3145
-3199
-5156
-4371
-4031
-3949
-4365
-4679
-2008
-1665
-2339
-1268
-213
1147
1404
1555
2919
1765
1279
2263
2372
1887
-112
-748
-908
-2147
-2737
-1976
-2077
-2552
-2210
-1453
428
753
1494
2291
1314
3174
3831
4225
3506
2547
5022
6323
5780
4285
5104
5886
7996
7441
6694
7131
6396
7970
7074
5678
4569
4400
3361
1404
-1148
-2577
-2052
-3990
-5634
-7947
-9137
-8540
-9090
-9775
-10457
-10727
-9925
-9064
-9626
-8794
-8844
-8237
-6441
-6940
-5869
-5327
-4279
-2182
-2686
-1849
-26
864
2757
3343
4371
6186
6125
7554
8290
7949
8243
7691
8132
7247
5556
5274
4194
2882
1648
990
826
-287
-1605
-1397
-1007
-1766
-2468
-3031
-2899
-2987
-3109
-4054
-4222
-3699
-3791
-3204
-4436
-3395
-2249
-2633
-1881
-1824
-102
1050
141
1047
1641
1184
2114
2141
2217
1666
-353
294
139
-1380
-863
-1751
-1339
-1613
-1903
104
1179
1254
1632
2042
2219
4559
4023
4915
4008
3719
6339
6204
6170
5285
5695
6173
7207
6063
6163
6332
5738
6930
5123
4061
3781
3166
2034
-9
-2118
-2673
-3169
-5408
-6246
-8245
-8980
-8720
-10168
-10224
-10685
-10756
-9412
-9728
-9796
-8807
-8954
-6984
-6198
-6298
-5102
-5220
-3264
-1920
-2479
-525
241
1179
2484
2481
5100
5608
5843
7475
7459
7696
7403
7371
8405
6799
5296
5156
3888
3726
2574
1844
1692
-182
-466
-106
-748
-1408
-2391
-2486
-2843
-3747
-4025
-4214
-3893
-3922
-3719
-3936
-4151
-2842
-2114
-1878
-1757
-1326
284
508
279
1623
1549
1479
1892
1348
2309
871
-85
1031
-226
-418
-910
-804
-515
-1078
-720
1057
1542
1158
2033
1638
3934
3786
3792
3954
3078
5029
5790
6158
4824
5115
5312
6570
6247
4985
6175
5292
5710
4767
3359
3213
2709
1446
200
-1334
-3058
-2021
-3929
-5206
-6637
-8805
-7566
-8628
-9533
-9636
-10043
-9304
-8849
-9827
-8955
-8904
-8093
-6159
-6918
-5929
-5221
-3846
-2275
-2947
-1851
-52
685
1657
2223
4008
5276
5363
6531
7242
7223
6886
7089
7981
7187
5569
5539
4803
4242
3036
2137
2160
339
241
218
-468
-992
-2115
-1928
-2207
-2929
-3143
-3469
-3486
-3368
-3462
-3339
-3665
-3193
-2041
-2155
-1992
-1187
142
714
179
924
1876
1768
1967
1857
2041
1622
197
626
363
-423
-475
-965
-385
-942
-814
413
1315
1204
1138
1795
2315
3727
3146
3855
3063
3124
4730
5025
5065
4155
4166
4707
5878
4823
4733
4578
4262
4612
3369
3018
2594
1951
1081
-359
-2048
-2491
-2826
-4314
-5428
-7461
-7683
-7415
-8499
-9059
-9259
-9073
-8555
-8554
-8659
-8052
-8180
-6615
-5657
-5722
-4928
-4303
-2540
-1909
-2124
-382
772
1298
1802
2476
4033
4383
5100
6282
6393
5990
6302
6980
7561
6025
5012
5329
4294
3894
2585
2233
1620
174
35
-469
-773
-1137
-1578
-1686
-2218
-2683
-2740
-3084
-2843
-2927
-2961
-3054
-3534
-2247
-1847
-1887
-1203
-729
551
866
744
2162
2409
2522
2988
2373
2646
1715
1320
1851
751
-169
-269
-759
-450
-823
-1245
-314
-852
52
262
388
346
915
1877
2308
2015
1070
3185
3800
4576
4040
2927
3736
4621
4934
4480
3295
3175
4276
3625
2944
2187
1663
2070
561
-710
-1198
-2535
-1884
-3326
-4945
-6069
-6697
-5967
-6770
-8025
-8845
-7990
-7983
-7686
-7969
-8220
-6889
-6356
-5625
-5304
-5138
-3476
-2271
-2412
-1121
-388
643
1709
1454
3281
4299
4150
5779
5631
5518
6132
5784
7496
6077
4300
5459
4886
4296
3677
2709
3361
2250
492
1424
688
263
-370
-1545
-1522
-2475
-2516
-2352
-3016
-3659
-3307
-3219
-3607
-3314
-2480
-1715
-1747
-1746
-236
1137
599
1408
2137
2234
2855
2285
3158
3220
1572
2049
1559
629
312
-800
-858
-1069
-2161
-1727
-1634
-2529
-992
-494
-845
-895
-1288
1325
1807
698
913
1306
2558
3393
2789
2409
2958
2724
4395
4213
2751
3569
3594
4489
4462
2613
3308
3474
2596
2279
517
-386
153
-1137
-2501
-4018
-5851
-4516
-5222
-7123
-8077
-8577
-7316
-7204
-8315
-8217
-7681
-6917
-5898
-6300
-5551
-4497
-3352
-2259
-2275
-1333
-130
923
1335
1847
3345
3947
4206
5032
5303
5626
5588
5704
6579
5701
5441
5735
4569
4934
4340
4026
4000
1962
1861
2017
921
214
-836
-1358
-1625
-2723
-2541
-2802
-3810
-3536
-3471
-3529
-3372
-3322
-2291
-2303
-2633
-1493
-291
331
143
890
1857
2096
1924
2723
3309
2344
1713
1938
2086
1174
358
-215
-524
-1529
-2332
-2015
-2578
-3564
-3611
-3019
-2278
-2532
-2660
-1902
-917
-212
227
488
448
1991
2953
3439
3003
2705
3952
4791
4974
4795
4762
5331
6094
5816
5338
4632
4749
5186
4195
2638
1713
1172
1166
-500
-2533
-3532
-4531
-4769
-6170
-7552
-8368
-8609
-8454
-8646
-9381
-9672
-8922
-7742
-7056
-6929
-6297
-4842
-2989
-2593
-1789
-637
383
1551
1679
2418
3413
3581
4616
4726
4388
5211
5294
6020
6293
5634
6225
6247
5583
6052
5313
5061
4582
2656
2616
1688
825
267
-1711
-2318
-2714
-3545
-4155
-4906
-4959
-4498
-4503
-4681
-3768
-3159
-2613
-2122
-1731
-743
-185
-11
873
1975
1560
2011
2206
2875
3415
1825
1969
2524
2113
1822
537
214
439
-1468
-1971
-2479
-3229
-2783
-3945
-4053
-3545
-4056
-2884
-2616
-3112
-2453
-1701
-615
376
-13
775
2489
3138
4564
4621
4652
5825
6840
7470
7412
6400
7046
7820
6991
6186
5209
4966
4659
3309
2051
1245
-271
-227
-1494
-3604
-4939
-6079
-5739
-7089
-9204
-9331
-8892
-9009
-9324
-9862
-9131
-8214
-7680
-6548
-5951
-5585
-4043
-2641
-1764
-945
-392
820
1422
1661
2940
3721
3915
4867
5066
5459
5847
6060
7383
7041
6247
6720
6400
5823
5309
4634
4420
2694
1078
1015
196
-1051
-2102
-2855
-3403
-4282
-4240
-3925
-4581
-4983
-4544
-3854
-4227
-3634
-2481
-1884
-1788
-1776
-87
1033
582
936
1913
2049
2436
2121
2947
3368
2033
2422
2271
1804
1955
1136
660
75
-1055
-703
-1798
-3343
-3346
-3790
-3960
-4943
-5509
-4403
-4114
-4065
-3483
-2870
-2529
-1144
85
1286
2029
2073
4576
5807
6235
6572
6995
8003
8852
8618
8379
8353
7566
8115
7254
6143
5507
4427
3823
2545
668
24
-1076
-2110
-3181
-5027
-5694
-6572
-7021
-7617
-8827
-9216
-9314
-9254
-9094
-9476
-9287
-8543
-7901
-7096
-6465
-5774
-4423
-3335
-2330
-1332
-537
536
1347
2349
3504
4260
4516
5427
5859
5868
6237
6116
6526
6220
5312
5416
4976
4184
3858
3011
2705
1988
654
597
172
-737
-1140
-2074
-2423
-2487
-3065
-2922
-3497
-3738
-2957
-2794
-2776
-2512
-1916
-1284
-1101
-885
64
601
549
950
1629
1836
1792
1792
1998
2044
1281
1157
1433
1025
686
469
-57
-299
-835
-1026
-1104
-2283
-2646
-2488
-2866
-3236
-3535
-3442
-3021
-3422
-2949
-2127
-1697
-747
-136
584
1974
2782
3888
4790
4671
6024
6931
7595
7481
7139
7436
7736
7163
6252
5843
5112
4796
4019
3150
2081
1389
628
179
-862
-2375
-3024
-3454
-4175
-5345
-6721
-7155
-6915
-7971
-8600
-9295
-9185
-8731
-8898
-8708
-8175
-7362
-6377
-5398
-4772
-3741
-2538
-1080
-286
374
1123
2170
2659
2749
3556
3719
3975
4092
3945
4220
4197
3838
4315
4042
3709
3865
3487
3684
3387
3072
3146
2828
2475
2421
1792
1344
823
17
-365
-1123
-1583
-2018
-2615
-3051
-3062
-3283
-3316
-2845
-2349
-2162
-1899
-1487
-835
-336
-404
92
176
259
261
357
522
638
348
406
634
478
881
699
726
808
1002
888
1058
832
635
807
230
373
4
-373
-278
-642
-873
-1006
-1248
-663
-396
-398
179
295
962
2042
2072
2512
2847
3311
4429
4291
4458
4719
4410
4513
4431
4178
3963
2969
2540
2332
1641
809
19
-374
-1023
-1905
-2628
-3134
-3551
-3775
-4668
-5376
-6251
-6528
-6359
-7259
-7477
-7356
-7218
-6803
-6780
-6527
-5744
-5289
-4515
-3948
-3428
-2626
-1830
-1145
-480
30
571
1420
1625
2471
2987
3285
3749
4329
4827
4868
5161
5620
6149
5779
5762
5988
5786
5205
4584
4087
3585
2758
1858
1303
491
-142
-805
-1641
-2339
-2627
-2835
-3149
-3917
-4005
-3188
-3116
-3401
-2936
-2460
-2148
-1703
-1423
-589
-523
-685
144
513
288
541
891
1348
1379
1019
1651
1657
1486
1859
2064
2302
2256
2267
2538
2312
1885
2111
1873
1112
411
-48
-231
-791
-1574
-2003
-2422
-2703
-2591
-2718
-2545
-2154
-1631
-1243
-1077
-655
405
1267
1318
1717
2179
2729
3172
3414
3499
3194
2684
2934
3176
2413
1861
1658
1726
1454
637
-18
-214
-539
-1093
-1936
-2567
-2860
-3129
-3651
-4560
-4938
-5047
-4938
-5191
-5571
-5350
-5090
-4799
-4358
-4005
-3468
-2959
-2312
-1406
-994
-449
331
942
1281
1434
1865
2260
2025
2095
2502
2590
2401
2205
2708
2773
2173
2072
2391
2527
1978
1637
1867
1623
1311
1300
1266
951
533
558
711
427
244
351
246
20
-264
-181
-267
-635
-720
-760
-1028
-1210
-868
-604
-773
-844
-353
58
122
162
720
1032
778
928
1184
1280
1076
778
935
889
441
406
390
395
88
-70
73
-81
-133
-60
23
-200
-275
-45
229
23
-216
-52
-95
-454
-655
-529
-358
-496
-832
-822
-651
-538
-415
-384
-386
18
351
544
437
526
1124
1449
1151
668
658
825
893
457
261
112
85
253
123
-31
-91
193
445
351
-27
9
317
456
-196
-855
-872
-889
-1329
-2153
-2480
-2647
-2774
-3191
-3585
-3723
-3666
-3493
-3445
-3516
-3524
-3008
-2587
-2539
-2422
-1760
-1291
-1164
-1002
-549
73
399
654
1114
1571
1673
2136
2713
3227
3345
3411
3921
4180
4191
4409
4680
4557
4322
4097
4287
4092
3423
2985
2576
2200
1752
1060
365
-219
-714
-1054
-1724
-2279
-2374
-2457
-2876
-3311
-3126
-2648
-2765
-3136
-2802
-2365
-2266
-2083
-1692
-1307
-1120
-1001
-519
48
188
549
910
1193
1436
1650
2112
2182
2234
2472
2588
2398
2336
2492
2356
1969
1565
1393
1045
521
59
-362
-917
-1442
-1861
-2229
-2548
-2787
-2705
-2568
-2556
-2530
-2259
-1829
-1359
-971
-598
-448
-138
561
941
1073
979
1318
1508
1541
1615
1532
1683
1606
1350
1201
1200
947
685
162
-120
-375
-752
-996
-1427
-1667
-2030
-2390
-2621
-2483
-2602
-2893
-3003
-2767
-2524
-2723
-2737
-2530
-2126
-2074
-2122
-1921
-1599
-1236
-1058
-931
-492
-41
443
814
1040
1629
2196
2701
3036
3303
3743
3955
4084
4357
4301
4238
4145
3844
3615
3222
2929
2585
1922
1380
958
592
102
-480
-727
-1049
-1447
-1694
-1943
-2057
-2227
-2396
-2376
-2498
-2516
-2423
-2431
-2239
-2024
-1851
-1589
-1453
-1153
-674
-344
92
392
720
1109
1367
1637
1828
1902
1972
2063
1966
1965
1896
1837
1856
1705
1567
1572
1506
1429
1303
1019
1004
794
522
188
-166
-396
-728
-1121
-1486
-1832
-2229
-2449
-2775
-3050
-3200
-3227
-3414
-3651
-3613
-3315
-3079
-3160
-3067
-2623
-2185
-1788
-1435
-1027
-321
124
574
926
1334
1865
2278
2505
2593
2681
2862
3103
2898
2798
2664
2679
2627
2321
2095
1808
1747
1577
1193
765
507
344
-79
-572
-964
-1318
-1563
-1869
-2227
-2355
-2529
-2843
-2924
-2814
-2729
-2652
-2583
-2314
-2100
-1863
-1489
-1235
-699
-310
-8
449
853
1387
1742
1772
2005
2400
2587
2635
2455
2487
2574
2475
2353
2052
1957
1962
1724
1527
1212
963
834
520
283
-11
-228
-357
-687
-1007
-1223
-1338
-1254
-1387
-1568
-1541
-1532
-1394
-1187
-1216
-1178
-1043
-888
-663
-792
-695
-410
-203
-63
-163
39
566
783
768
942
1233
1454
1606
1726
1790
1819
1876
1792
1456
1377
1338
1168
715
163
-72
-245
-601
-1144
-1368
-1680
-2162
-2539
-2781
-3005
-3223
-3489
-3629
-3595
-3677
-3434
-3276
-2880
-2481
-2305
-1787
-1275
-618
39
450
902
1580
2110
2635
3025
3416
3802
3882
4028
4145
4229
4209
3966
3529
3261
2872
2502
2131
1507
989
428
-21
-508
-1044
-1427
-1732
-2204
-2606
-2872
-3068
-3106
-3227
-3257
-3303
-3248
-3053
-2851
-2635
-2459
-2053
-1715
-1460
-1085
-610
-7
370
676
1134
1637
1972
2235
2595
2803
2848
2987
3206
3157
2956
2838
2704
2445
2028
1570
1325
1027
478
-102
-605
-856
-1247
-1625
-1950
-2277
-2400
-2547
-2752
-2828
-2725
-2785
-2677
-2517
-2415
-2123
-1863
-1594
-1213
-866
-366
107
513
1045
1398
1860
2239
2477
2809
3025
3129
3241
3177
3061
2845
2558
2367
1925
1567
1268
857
423
80
-145
-369
-622
-1002
-1151
-1191
-1379
-1557
-1721
-1766
-1901
-2104
-2140
-2201
-2327
-2454
-2435
-2354
-2379
-2291
-1964
-1720
-1599
-1276
-833
-465
-212
96
524
879
1135
1385
1624
1711
1833
2068
2136
2060
1903
1963
1925
1656
1512
1359
1376
1105
885
762
539
568
398
204
1
-161
-210
-318
-589
-727
-784
-869
-1013
-1138
-1118
-1200
-1148
-1105
-1079
-994
-866
-799
-763
-739
-634
-459
-397
-384
-323
-320
-256
-129
-160
-124
-263
-193
-129
-113
20
-31
58
70
81
174
192
234
296
328
396
421
382
408
414
405
338
320
274
168
107
36
73
6
71
200
278
340
387
599
716
717
691
915
1092
1048
1070
1143
1229
1118
989
961
880
838
650
438
272
80
-17
-109
-293
-526
-570
-638
-746
-905
-1058
-1062
-1185
-1357
-1409
-1541
-1765
-1834
-1840
-1838
-1840
-1791
-1686
-1444
-1210
-1037
-830
-471
-142
93
385
642
931
974
1115
1168
1220
1344
1273
1314
1202
1129
1229
1195
1038
977
1005
1125
1036
1053
1172
1096
1052
987
1008
881
692
547
471
240
1
-156
-400
-597
-897
-1102
-1248
-1348
-1528
-1691
-1829
-1963
-1938
-1998
-2066
-2146
-2109
-2046
-2097
-1960
-1740
-1519
-1335
-1084
-731
-409
-17
250
501
752
995
1305
1539
1732
1924
2067
2031
1979
1968
2004
1907
1692
1666
1594
1395
1287
1123
1035
965
735
707
569
392
230
15
-85
-478
-667
-657
-891
-1029
-1078
-1125
-1041
-993
-1018
-874
-746
-663
-583
-550
-502
-529
-537
-505
-523
-524
-468
-536
-576
-544
-511
-411
-362
-273
-183
-108
-58
1
101
305
348
322
466
505
566
552
575
595
463
394
452
407
373
430
376
438
443
463
519
473
532
638
673
676
653
661
630
543
583
593
430
363
404
320
165
25
16
-129
-234
-334
-532
-655
-802
-842
-972
-1168
-1348
-1328
-1284
-1370
-1405
-1445
-1439
-1463
-1507
-1372
-1252
-1194
-1136
-987
-718
-571
-336
-124
113
326
475
735
886
1037
1160
1147
1201
1298
1335
1337
1297
1366
1408
1284
1160
1234
1244
1078
975
874
755
606
578
341
55
-26
-197
-360
-515
-711
-797
-930
-1080
-1085
-1147
-1140
-1188
-1206
-1180
-1154
-1100
-1033
-967
-924
-805
-765
-681
-596
-557
-608
-494
-302
-197
-160
-107
166
234
343
501
717
953
970
1051
1115
1226
1258
1275
1239
1134
1126
993
984
822
604
459
343
395
185
100
50
-63
-120
-135
-86
-153
-146
-164
-186
-147
-32
-46
-4
72
104
192
183
289
288
277
302
387
468
467
469
504
567
445
502
573
497
337
203
102
-107
-244
-426
-550
-762
-970
-1061
-1222
-1352
-1508
-1642
-1706
-1786
-1805
-1847
-1840
-1671
-1649
-1530
-1375
-1218
-1063
-909
-681
-608
-463
-334
-188
-76
31
229
315
472
662
888
1090
1202
1419
1563
1661
1676
1706
1846
1833
1781
1688
1617
1560
1312
1080
987
726
549
359
93
-39
-276
-417
-633
-758
-793
-903
-1002
-1093
-1082
-1052
-982
-1014
-1018
-978
-916
-872
-802
-743
-739
-599
-480
-373
-233
-97
6
50
108
196
240
381
442
522
530
473
569
609
630
531
540
589
605
595
564
535
448
327
296
295
226
234
268
290
179
242
296
312
272
266
337
383
500
496
676
580
563
683
747
724
607
735
595
537
472
459
359
190
158
-16
-101
-223
-235
-353
-540
-712
-793
-956
-1216
-1241
-1428
-1682
-1845
-1927
-2039
-2146
-2295
-2317
-2288
-2327
-2189
-2012
-1694
-1519
-1211
-859
-657
-237
102
374
642
914
1069
1260
1477
1622
1734
1741
1754
1747
1817
1881
1882
1798
1773
1678
1588
1511
1318
1154
860
719
531
389
255
-50
-265
-515
-642
-837
-1061
-1132
-1253
-1445
-1588
-1593
-1618
-1550
-1425
-1432
-1279
-1118
-972
-839
-625
-419
-440
-318
-204
-184
-95
53
111
259
381
446
585
627
735
795
830
940
1035
1116
1101
1085
1168
1087
1057
985
885
854
722
674
520
448
356
292
220
117
112
27
98
161
162
111
160
213
210
224
261
217
146
213
171
227
203
113
70
52
52
3
-57
-218
-236
-329
-455
-518
-654
-685
-746
-777
-898
-951
-882
-975
-920
-919
-949
-923
-901
-815
-780
-721
-622
-550
-526
-443
-307
-213
-160
-121
-83
51
123
192
250
251
336
353
411
397
347
250
192
211
92
65
-14
-77
-127
-176
-226
-240
-289
-340
-296
-335
-332
-416
-363
-459
-489
-418
-464
-426
-455
-397
-435
-391
-363
-313
-267
-213
-71
29
214
358
486
561
708
829
906
1014
1071
1189
1287
1295
1313
1281
1328
1327
1265
1246
1186
1178
1104
1025
870
802
664
502
409
236
120
-59
-181
-222
-293
-442
-525
-605
-716
-818
-832
-794
-783
-793
-797
-690
-619
-524
-458
-387
-249
-137
-25
76
132
215
231
183
253
264
215
210
195
158
140
95
62
17
1
-41
-124
-128
-174
-126
-254
-422
-461
-556
-644
-734
-689
-729
-799
-771
-721
-741
-717
-623
-571
-549
-451
-340
-300
-190
-215
-162
-154
-214
-165
-168
-132
-115
-129
-148
-177
-184
-202
-214
-196
-164
-70
43
109
111
171
199
248
258
240
350
351
388
376
304
349
342
260
216
260
316
209
242
342
270
259
239
281
285
336
464
486
522
487
468
519
464
441
473
504
518
468
463
414
378
353
293
291
367
334
279
377
296
247
210
122
152
110
44
-62
-101
-90
-186
-177
-181
-267
-243
-234
-259
-309
-294
-301
-344
-326
-358
-348
-326
-331
-296
-255
-215
-304
-248
-115
-163
-159
-113
-38
-1
66
-8
-21
9
25
69
-6
4
-46
-50
-87
-151
-206
-279
-383
-399
-454
-582
-589
-644
-621
-673
-681
-711
-713
-654
-632
-539
-503
-489
-534
-475
-441
-421
-366
-420
-361
-271
-145
-54
-10
162
213
298
457
624
695
788
986
991
1013
954
951
981
946
887
765
775
708
626
525
418
410
319
274
217
128
63
-1
7
-49
-123
-191
-234
-276
-266
-278
-264
-226
-215
-130
-128
-67
-47
-17
24
89
196
223
268
300
321
320
297
279
239
202
171
76
80
3
-68
-110
-209
-205
-275
-329
-322
-263
-324
-411
-420
-442
-402
-398
-383
-368
-397
-392
-341
-368
-380
-338
-314
-268
-298
-243
-92
-35
12
81
79
72
140
171
207
224
269
316
313
263
244
306
279
265
284
286
247
168
26
-48
-22
-76
-140
-218
-202
-199
-270
-232
-256
-281
-231
-237
-201
-249
-234
-232
-281
-224
-234
-173
-160
-162
-124
-127
-37
20
7
89
129
182
272
274
234
243
291
310
299
272
286
321
366
367
378
360
423
379
315
362
319
281
167
227
261
164
105
121
123
46
-14
-61
-58
-56
-114
-200
-154
-202
-154
-79
-132
-167
-167
-127
-234
-273
-264
-229
-241
-266
-281
-259
-241
-303
-293
-292
-336
-379
-348
-400
-336
-278
-261
-182
-214
-175
-97
-80
-66
-37
-67
-40
6
19
70
116
81
108
98
120
165
160
220
206
218
194
229
229
287
368
363
419
452
456
466
568
515
478
548
567
472
440
429
290
257
164
91
9
-142
-176
-228
-282
-336
-347
-396
-425
-437
-510
-474
-489
-516
-563
-562
-509
-500
-556
-620
-583
-542
-514
-482
-413
-322
-304
-284
-76
16
112
120
145
257
279
428
488
501
494
600
626
609
644
620
603
516
454
500
445
401
416
326
322
196
156
72
19
-16
-139
-165
-274
-315
-364
-326
-386
-434
-400
-416
-405
-367
-390
-389
-320
-306
-281
-211
-141
-166
-41
-21
-75
-19
-14
-60
-32
52
46
-2
44
75
26
52
42
79
52
25
73
102
13
-8
-37
-101
-62
-105
-77
-102
-75
-94
-96
-54
-77
-31
29
83
112
81
93
154
200
160
116
222
235
223
226
226
274
323
300
281
291
367
347
253
269
298
247
165
155
56
63
-69
-169
-183
-271
-285
-353
-326
-375
-435
-425
-399
-399
-461
-447
-320
-313
-328
-289
-238
-157
-169
-140
-79
-39
-65
24
70
96
107
153
271
198
255
305
278
313
312
348
377
300
300
199
155
160
84
59
33
81
24
38
16
-10
43
2
18
47
19
71
26
58
90
86
96
72
137
25
52
-4
-36
-38
-24
-18
-82
-3
-51
-55
-56
-51
-81
-127
-147
-124
-177
-224
-245
-276
-263
-320
-297
-341
-335
-400
-433
-398
-412
-371
-395
-367
-423
-384
-332
-312
-253
-212
-129
-134
-45
15
-28
67
82
80
202
155
245
195
197
356
310
448
452
524
591
553
620
591
568
558
600
553
494
462
368
363
304
208
202
145
130
54
-47
-58
-171
-142
-213
-267
-226
-274
-336
-349
-296
-341
-362
-369
-335
-365
-339
-354
-328
-254
-194
-151
-77
-47
-73
-12
-10
93
125
156
117
186
175
201
159
150
236
108
192
119
118
132
132
92
113
169
167
204
195
250
199
217
238
237
194
170
162
166
130
14
-14
-57
-114
-156
-222
-276
-300
-397
-428
-456
-455
-393
-424
-398
-347
-344
-319
-354
-377
-284
-341
-310
-310
-335
-285
-387
-331
-354
-405
-335
-331
-293
-259
-218
-179
-182
-104
-103
-36
76
95
224
242
334
360
386
439
408
521
522
532
540
566
563
516
501
534
536
484
439
417
417
343
334
200
203
227
147
113
67
70
-16
-32
-91
-58
-107
-159
-148
-236
-179
-228
-247
-216
-254
-205
-232
-278
-268
-271
-214
-272
-214
-140
-136
-98
-89
12
-48
87
127
98
132
73
223
149
154
201
136
221
230
243
240
250
270
158
161
130
117
58
69
94
-9
32
-59
-81
-89
-61
-66
-87
-143
-195
-145
-258
-318
-365
-325
-398
-473
-409
-448
-478
-469
-466
-380
-355
-330
-308
-344
-228
-327
-300
-206
-236
-159
-110
-45
-22
51
61
67
147
202
183
207
177
196
199
182
277
218
272
250
298
321
331
340
254
270
245
226
140
96
-14
69
41
9
29
55
145
35
118
53
75
84
15
85
42
32
35
3
5
18
16
16
-47
-28
23
-20
-10
-6
34
-3
-44
29
-2
14
-7
27
60
16
84
38
74
152
93
166
91
74
93
-44
30
61
97
65
104
162
95
56
-5
-36
-79
-118
-97
-149
-221
-145
-193
-136
-118
-118
-65
-27
20
-14
40
48
-9
49
123
6
17
-12
-7
26
32
18
-52
-88
-102
-87
-163
-183
-216
-189
-251
-280
-265
-285
-290
-285
-240
-272
-270
-262
-253
-226
-165
-160
-93
-68
-93
-30
6
45
-2
23
66
60
83
80
149
167
183
128
118
157
122
181
210
204
171
145
138
160
142
135
94
108
115
118
124
10
23
7
18
-25
-86
-17
-48
-26
28
14
64
61
94
120
68
83
44
32
12
10
63
61
15
-2
70
102
71
120
188
117
108
107
109
84
20
65
99
68
55
93
77
113
63
124
121
70
44
-61
-28
-58
-89
-107
-30
-72
-122
-110
-82
-62
-53
-56
-83
-74
-110
-32
-97
-172
-205
-187
-133
-127
-79
-46
-92
-74
-31
-58
-24
-49
-29
-64
-99
-70
-110
-183
-155
-161
-206
-209
-204
-162
-198
-204
-180
-105
-107
-169
-130
-101
-44
1
-27
36
50
42
56
98
70
-13
107
121
65
54
123
127
58
174
198
154
162
155
201
205
214
154
108
135
110
190
177
171
129
110
146
45
50
67
8
-37
-86
-94
-61
-104
-91
-67
-35
-34
-85
-64
-34
-53
-9
71
7
-14
-34
10
2
21
64
39
88
59
66
52
42
-22
-13
27
-12
-13
-57
-37
-20
3
3
-2
60
33
59
56
49
75
33
14
-17
3
-8
-13
-21
-56
-84
-101
-113
-80
-98
-113
-77
-83
-95
-131
-43
-28
10
-6
-22
20
-15
-15
-47
-26
-25
-38
-44
-42
-58
-31
-19
-13
-1
-7
-3
-18
28
14
-34
-34
-6
-39
9
-5
-5
61
-6
16
26
6
-28
17
52
4
-28
-5
2
-10
53
32
67
66
32
43
14
-11
-4
-19
-36
-32
-59
-60
-63
0
33
-7
15
44
23
-22
-19
16
-18
-43
53
33
-25
37
62
121
66
53
137
105
94
50
64
92
19
31
38
61
75
31
66
27
-21
-32
-29
-60
-84
-54
-85
-122
-73
-35
-47
-73
-47
2
-37
-26
-57
-18
-13
-88
-65
-79
-94
-122
-77
-40
-73
-55
13
66
38
37
59
63
122
120
99
97
81
99
89
85
152
156
124
123
101
84
42
12
-17
-6
3
-18
-20
-61
-106
-84
-74
-47
-21
-59
-21
-34
-46
-36
-36
-10
-32
-85
-125
-86
-110
-155
-116
-124
-125
-104
-133
-70
-49
-37
-9
9
44
-34
-22
28
22
24
66
101
106
88
107
144
117
88
96
70
33
30
-22
-27
-25
-23
-13
7
1
-50
-83
-53
-46
-59
-19
11
22
14
36
9
29
4
-19
-2
15
60
25
-11
-3
-11
-24
24
-60
-70
-79
-98
-69
-75
-35
-78
-110
-57
5
-26
28
108
88
89
119
142
185
191
213
189
139
133
94
129
88
68
57
98
83
-1
22
-16
-15
-22
4
-31
-51
-37
-41
-53
-123
-107
-174
-164
-116
-110
-160
-131
-115
-202
-170
-200
-165
-149
-108
-82
-68
-47
-40
-6
32
54
-42
15
50
30
29
67
116
113
111
124
150
143
188
191
145
153
142
99
141
100
56
38
13
-14
-35
32
3
-41
-60
-75
-110
-63
-48
-99
-96
-90
-91
-98
-98
-124
-168
-191
-144
-153
-120
-107
-127
-83
-103
-103
-76
-50
73
151
92
98
142
161
140
153
169
144
184
186
196
159
182
202
114
133
95
63
42
31
26
-23
23
5
-46
-78
-81
-74
-120
-126
-128
-152
-184
-220
-197
-167
-196
-157
-108
-112
-101
-65
-32
23
86
15
-16
1
8
38
53
70
9
9
83
116
107
42
35
28
41
80
135
214
193
178
135
121
138
131
77
-1
45
17
-24
-83
-123
-117
-199
-158
-100
-145
-140
-161
-180
-140
-161
-140
-139
-164
-147
-92
-46
-73
-73
-18
17
3
39
32
49
38
53
127
133
151
161
115
50
63
44
40
66
70
67
54
50
44
30
-3
-26
-91
-110
-95
-6
98
113
133
81
34
-5
-48
-79
-47
-16
-25
19
31
-7
-24
-67
-72
7
-13
20
77
138
206
192
137
101
97
37
7
24
68
112
95
82
79
29
24
-7
-13
22
19
51
61
96
64
-12
-19
-65
-113
-167
-146
-96
-110
-68
-120
-154
-136
-129
-146
-123
-48
-56
-26
-4
27
-63
-116
-116
-120
-111
-123
-86
-79
-39
-59
-95
-148
-140
-128
-142
-148
-147
-140
-111
-58
-80
-82
-91
-138
-224
-171
-114
-101
-101
-60
-13
-28
0
-68
-58
-61
-50
31
41
142
206
187
158
123
152
158
190
201
218
285
301
332
309
362
373
348
387
390
382
406
439
415
411
390
351
258
192
151
126
120
136
117
69
31
-56
-77
-132
-188
-187
-148
-146
-143
-117
-164
-197
-220
-267
-345
-335
-301
-323
-302
-224
-178
-208
-172
-152
-180
-186
-185
-155
-144
-97
-77
-81
-68
-95
-140
-129
-92
-164
-148
-67
-92
-73
-69
-43
-60
-121
-96
-132
-148
-142
-153
-135
-112
-73
-42
-82
-89
-105
-160
-141
-126
-67
-61
-57
-47
-58
-16
-65
-65
-32
-48
-16
24
56
70
112
117
65
53
73
114
155
194
242
272
282
306
297
355
338
276
360
329
337
360
334
347
351
348
279
282
290
268
244
262
287
249
180
98
124
69
-38
-37
-2
-10
-9
-19
-35
-36
-119
-107
-117
-194
-187
-129
-130
-138
-133
-182
-195
-205
-210
-233
-254
-258
-235
-204
-196
-234
-180
-126
-138
-124
-120
-105
-160
-97
-124
-140
-120
-118
-82
-163
-134
-98
-71
-69
-88
-100
-81
-77
-66
-55
-56
-29
-81
-130
-171
-138
-164
-149
-77
-51
-41
-54
-31
-37
-61
-19
79
70
99
136
109
71
55
57
66
60
29
58
76
132
142
172
152
82
72
89
100
63
140
169
182
213
169
135
59
-26
-28
-26
26
100
111
98
60
100
42
24
34
18
81
93
145
163
138
113
96
71
25
-10
-1
-1
41
115
148
143
130
156
93
51
32
58
67
29
53
91
104
48
-41
-84
-62
-83
-48
-51
-56
-45
-61
-80
-157
-199
-226
-189
-170
-166
-154
-131
-148
-176
-211
-294
-317
-315
-299
-263
-226
-158
-118
-145
-115
-85
-51
-37
-31
0
-15
21
64
44
92
139
114
83
64
71
108
162
197
220
200
188
177
163
129
113
118
119
137
81
42
41
13
-28
-36
-97
-119
-148
-170
-139
-111
-86
-95
-45
-123
-155
-138
-146
-110
-85
-72
-88
-33
3
-23
-59
-12
-9
10
79
94
145
149
116
67
54
69
68
108
133
105
100
100
74
97
85
74
57
96
114
61
107
101
98
80
56
65
64
94
103
82
62
26
-65
-103
-86
-83
-92
-92
-91
-109
-81
-54
-17
8
34
32
-36
-35
-43
-45
-10
-17
-29
-13
-15
-10
-73
-64
-15
-43
-20
-45
-38
-50
-51
-61
-72
-59
-73
-35
16
13
4
18
-13
-13
-28
0
-3
-20
-36
-54
-47
-22
16
-3
26
35
0
-15
21
20
-3
4
9
31
41
24
10
46
75
23
61
72
49
64
24
48
33
0
-45
-50
-4
3
-19
-3
38
13
-20
-5
0
-18
-10
-93
-88
-73
-99
-82
-89
-108
-133
-123
-130
-168
-193
-168
-183
-149
-138
-134
-114
-82
-40
-47
6
7
79
153
129
167
208
161
159
155
165
181
161
202
212
205
181
196
101
90
120
101
159
94
90
98
72
44
27
19
47
62
49
50
14
22
-43
-72
-51
-81
-60
-38
-8
-22
-69
-60
-46
-26
-31
-67
-83
-57
-34
-36
-22
-12
-34
-31
-1
-35
-89
-81
-46
-60
-82
-105
-138
-153
-150
-177
-164
-91
-75
-53
-22
18
34
20
19
-21
-40
-54
-33
3
-16
0
-3
-16
-48
-89
-50
-9
3
-7
26
19
31
66
83
105
46
57
69
40
21
39
35
2
41
23
4
14
16
74
54
70
116
72
71
46
78
49
-34
-4
-5
-48
-56
-68
-86
-68
-61
-52
-28
-25
-15
47
22
52
66
42
35
-13
27
1
-26
-20
-9
-50
-41
-22
-35
0
-22
-7
-3
-7
25
82
96
114
163
162
150
115
157
159
92
60
14
-29
-52
-83
-106
-93
-69
-17
-21
34
82
23
-12
-20
-13
-55
-41
-82
-119
-93
-114
-125
-126
-73
-101
-119
-148
-172
-103
-67
-57
-40
-24
-13
3
23
71
85
148
142
101
86
53
24
-8
-4
17
74
35
18
7
28
63
32
69
41
34
13
-15
2
-46
-54
-55
-42
-21
-71
-95
-98
-77
-60
-54
-34
-57
-39
-7
-41
-32
6
1
28
25
-4
13
18
30
17
57
64
15
16
-3
25
30
42
45
37
120
136
129
94
77
64
23
34
28
30
28
-13
-25
-35
-47
-21
-20
-19
-65
-70
-28
-9
10
8
30
57
49
33
26
12
28
-7
-20
-10
-28
-49
-93
-129
-91
-80
-103
-73
-22
21
8
-13
-23
12
25
40
45
14
-16
-24
10
22
29
23
61
-5
-80
-47
-41
-34
-51
-32
15
10
-6
-18
-34
-24
26
76
81
93
44
33
21
-31
-10
-43
-19
-34
-66
-39
-38
-15
-6
-3
22
58
45
46
53
91
93
58
73
50
36
21
-39
-33
22
-8
6
18
-10
-5
-9
-32
-40
-32
-44
-28
-37
-70
-60
-77
-63
-64
-98
-62
-47
-87
-59
-52
-50
11
-42
-60
-23
17
6
10
88
38
59
85
62
36
-26
20
28
72
88
50
94
69
56
34
67
86
99
94
55
78
60
61
4
14
33
40
53
46
62
16
11
1
26
21
-17
9
14
27
65
50
29
-3
-41
-71
-85
-77
-93
-110
-94
-107
-142
-118
-100
-87
-76
-106
-128
-99
-75
-75
-79
-63
-58
-112
-75
-10
-48
-38
26
29
5
3
-18
-42
-46
-48
-22
-35
-63
-25
-40
-37
0
-2
36
45
24
37
34
43
68
42
-3
-18
21
38
38
75
99
66
72
92
61
77
63
64
113
146
126
146
173
136
148
136
136
111
100
84
63
86
74
27
-15
3
-3
15
8
-4
-23
-64
-35
-17
-46
-129
-108
-68
-107
-101
-100
-93
-85
-111
-104
-119
-149
-100
-70
-91
-113
-53
-76
-90
-57
-63
-26
-77
-50
-29
-3
4
-10
32
11
-10
14
72
84
97
92
103
87
90
96
14
26
27
7
12
3
-17
-52
-4
-48
-101
-44
-61
-64
-67
-78
-80
-28
29
0
2
29
10
-3
41
38
22
42
63
65
67
70
48
27
21
52
41
52
7
-64
-39
-19
-42
-70
-9
5
-47
-72
-58
-18
-70
-51
-38
-65
-1
-5
-32
-3
9
-19
51
72
38
45
42
70
13
-15
-24
3
11
-19
-32
-22
12
-69
-56
-11
-2
-3
-24
-7
27
47
63
93
103
121
127
175
142
108
85
113
126
48
107
86
88
63
54
57
22
36
-31
-4
-16
-12
-33
-38
13
-31
-57
-48
-69
-55
-29
-55
-26
-75
-82
-62
-105
-90
-105
-102
-63
-105
-111
-76
-46
-44
-72
-44
-56
-9
-63
-64
-28
-70
-34
-79
-83
-79
-24
-41
-35
-7
-33
-3
-57
-18
-45
-51
-30
-38
12
-21
-16
9
27
67
78
32
45
39
27
41
53
25
-2
-31
-18
-9
-65
-42
-40
-20
-41
10
22
29
39
69
117
92
171
106
97
111
72
68
51
92
73
60
69
56
76
79
102
76
49
67
13
46
74
21
28
18
-38
-72
-71
-54
-77
-63
-54
-44
-41
-7
59
39
78
83
91
85
59
56
63
42
-7
68
79
54
23
-10
40
7
-5
35
-2
-18
-57
-66
-70
-100
-73
-40
-76
-126
-86
-102
-100
-84
-123
-126
-141
-125
-137
-158
-146
-140
-133
-136
-136
-132
-105
-105
-92
-67
-96
-97
-70
-92
-93
-35
22
17
51
128
98
95
120
156
148
134
135
113
122
121
136
121
107
60
60
88
62
21
-20
-4
-19
-57
-44
-35
-33
5
36
-26
-44
-21
-45
-83
-74
-16
-69
-33
9
-9
29
74
89
69
67
79
59
23
66
80
101
30
33
82
63
64
71
66
-10
19
29
7
48
74
59
88
87
65
73
63
25
28
34
19
-11
-7
13
-73
5
-48
-105
-77
-63
-51
-80
-65
-127
-26
-49
-73
-32
-44
-45
-62
-28
-76
-63
-29
-11
-75
-68
-45
-77
-87
-76
-39
-73
-74
-44
-16
-59
-41
-34
-15
16
4
22
32
31
-5
35
21
-3
-4
26
48
59
74
55
68
45
33
-6
12
-4
-50
-44
-22
-32
-82
-58
-87
-93
-62
-45
-9
-12
-35
25
22
22
48
2
58
89
98
85
53
61
45
45
26
25
55
75
74
45
37
15
25
21
-1
-44
-63
-50
-78
-36
-77
-87
-63
-61
-44
-37
9
-32
-32
22
-3
-16
6
-30
31
25
13
43
48
76
29
72
53
66
87
85
73
57
76
82
117
111
152
121
148
147
133
161
127
104
83
65
4
-31
-52
-70
-92
-60
-88
-92
-89
-100
-133
-203
-194
-182
-189
-249
-176
-138
-153
-125
-114
-125
-69
-28
-62
-63
-36
21
-48
-48
10
15
24
47
60
75
38
25
42
64
52
22
27
-6
47
17
8
0
17
56
26
20
11
2
-7
2
-43
-19
-20
-1
-37
-37
-12
-41
-23
-100
-69
-13
-22
-59
-60
-6
-10
0
46
48
51
42
71
104
101
54
52
124
81
76
48
91
76
31
86
65
40
31
62
6
6
44
79
66
9
7
50
53
-12
16
6
-4
-8
-13
7
-17
-26
-19
-79
-85
-44
-62
-38
-9
-11
-28
-12
-20
-21
-8
-24
-25
-37
-65
-69
-50
-19
-10
-1
49
15
8
28
-2
-21
-35
1
9
17
-9
-22
-12
-46
-4
37
14
-31
11
0
-27
-45
-54
4
-58
-17
-16
-49
6
-3
16
0
-4
-7
5
-4
-50
-65
-22
-20
-95
-110
-74
-13
-30
13
14
-25
-18
-29
6
5
15
-12
10
44
39
57
59
49
82
97
68
62
28
44
66
62
54
42
7
-16
3
-3
2
10
22
10
3
-9
-32
0
-21
-7
8
-3
44
25
41
13
13
31
3
-8
-44
-21
-7
19
39
50
16
20
9
-4
26
0
-7
-5
18
14
-19
-27
-2
20
6
24
29
2
3
-54
-29
22
9
-15
-50
2
-34
-44
-28
-56
-82
-70
-35
-94
-85
-74
-76
-54
-73
-66
-43
-14
29
29
48
38
0
47
28
-7
-4
-18
-38
-48
-7
6
8
3
1
57
58
44
56
85
98
68
47
47
38
4
35
19
-51
-43
-15
-41
-32
-38
-27
-15
-38
27
-29
-31
23
-23
-8
31
60
55
42
48
69
32
17
35
81
94
66
58
39
28
-1
14
-8
-18
-37
-35
-26
-45
-62
-83
-39
-81
-86
-57
-53
-22
-42
-50
-85
-68
-46
-12
25
-7
16
6
21
28
10
34
22
5
-28
-51
-39
-30
4
-14
-25
7
12
29
27
47
24
9
-7
-16
34
68
61
36
72
60
19
14
11
-6
-4
28
3
-6
12
6
27
18
-25
-2
21
15
6
3
32
-20
-57
-34
-53
-23
-2
-18
-6
50
40
-5
44
36
-7
-28
-33
6
-16
-54
-62
-89
-60
-38
0
18
-70
-89
-56
-36
-50
-28
6
11
-6
-5
21
22
54
53
75
70
59
41
-3
5
5
15
-2
36
23
-7
37
36
70
71
77
66
6
5
8
9
0
-55
-27
18
-36
-58
-59
-36
4
3
20
30
-37
-26
-8
1
-1
-22
-8
-39
-44
-16
44
-17
-30
-18
-45
-23
-48
-4
39
17
-2
54
7
-28
-36
-48
-20
-30
7
-31
-45
-5
-19
-21
-48
-26
-13
-6
13
-3
8
-3
44
40
50
85
39
-8
-15
25
4
6
-16
-23
8
-3
23
35
-10
14
30
21
24
5
22
-5
29
43
-1
-48
-45
-22
-24
4
-7
28
-1
-25
-1
-14
-9
34
80
51
26
51
67
39
66
29
-3
9
0
0
-19
58
10
-44
-2
-21
3
-14
32
59
2
7
-35
-51
3
32
5
-3
7
-41
-111
-87
-95
-91
-43
-70
-48
-51
-84
-60
-2
-9
-54
-58
-16
-2
-35
-28
-10
-10
8
18
5
-13
-9
15
32
73
53
57
55
31
32
35
68
51
41
5
-21
-23
-26
1
-31
-15
37
-15
-28
-1
25
35
5
10
45
32
1
14
26
35
9
16
39
47
58
47
29
-20
8
26
9
7
-11
6
13
-13
-37
-52
-31
-2
-40
-6
6
-13
-6
-36
-22
-33
-29
1
16
32
28
57
32
-23
-11
-10
38
41
32
23
-28
-29
-63
-69
-38
-27
-1
-19
-42
-23
-19
-1
-31
-48
-34
0
-29
-47
40
-21
-64
-26
15
9
-14
3
24
12
-37
-35
-52
-41
-13
3
47
37
13
13
24
26
9
-3
14
31
18
-9
16
57
28
9
14
6
-8
-29
-16
35
57
47
14
12
15
34
59
32
35
38
51
18
-14
0
31
37
13
2
-41
-41
4
-4
0
-9
-28
15
-3
-10
-44
-45
-23
1
-13
-27
-12
-37
31
-3
-8
-4
-9
27
-22
-30
-3
-27
-47
-4
8
-1
-15
-15
-26
-24
-13
3
1
2
13
-25
-43
-21
29
38
60
53
44
31
-6
13
-2
-4
27
-1
-4
-6
-26
-17
-15
-14
-19
-10
-15
3
21
44
44
11
-13
-51
-53
-19
6
4
41
43
-4
-22
-19
-45
-40
-66
-53
-62
-116
-46
-14
-15
-24
10
14
-18
-31
7
51
29
15
-4
-17
-19
-4
7
31
45
62
50
33
64
57
36
81
107
70
32
16
25
-7
3
-17
6
44
-27
-8
5
6
1
-4
-12
-44
-38
-43
-17
15
16
50
73
56
60
35
54
55
-6
-6
-20
-23
-9
-10
3
51
46
-2
21
35
8
12
-3
-6
-3
-4
3
-12
-41
-80
-63
-62
-108
-97
-88
-127
-118
-85
-91
-85
-56
-74
-105
-59
-52
-45
-7
17
19
27
89
72
55
53
44
52
75
41
-2
51
41
42
16
4
2
-16
39
25
-3
-23
-46
-89
-104
-80
-76
-31
6
13
-1
4
11
-35
-7
38
65
84
76
79
51
52
45
15
37
25
6
12
5
5
26
47
39
50
31
39
45
18
55
27
50
63
12
7
-12
25
22
-41
-60
-64
-47
-64
-51
-29
-21
-12
-48
-20
9
-3
9
-2
-1
16
-7
8
-1
11
9
-26
-11
-6
6
-12
12
8
35
51
30
0
7
13
7
38
-3
-14
-49
-39
-40
-54
-60
-67
-72
-85
-50
-63
-54
-44
3
13
16
22
22
48
16
11
8
40
58
6
-7
-70
-71
-57
-104
-33
-24
-10
-9
-24
-3
-25
-4
-36
-5
19
4
17
73
79
11
72
58
43
60
51
38
19
8
-28
-3
-37
-74
-83
-74
-19
1
15
22
24
35
22
25
69
75
55
44
80
51
35
38
29
37
-10
-12
-2
-29
-28
2
-44
-73
-95
-82
-50
-63
0
-8
-12
4
4
13
-6
22
34
16
20
50
67
34
32
67
87
100
61
82
94
53
31
23
27
7
-4
-2
-26
-66
-33
-66
-106
-77
-69
-71
-74
-42
-19
-2
0
6
12
48
23
-18
-7
-31
-5
-15
-4
-25
-66
-57
-114
-100
-84
-68
-47
-73
-30
-22
-35
-7
42
86
60
87
139
77
45
50
36
41
31
22
-35
-14
34
16
42
25
5
-16
-59
-42
-33
-58
-37
-76
-95
-64
-77
-76
-86
-71
-60
-54
-37
-13
-7
6
34
22
6
7
-4
-7
6
17
72
80
35
25
48
28
22
35
44
33
8
3
8
69
76
91
115
99
72
41
41
49
31
34
69
63
65
64
57
22
-6
3
-13
-12
-6
1
1
-29
-37
-17
-60
-47
21
-19
20
38
22
34
1
22
7
-7
0
-7
-18
-48
-77
-64
-45
-86
-116
-67
-22
-66
-48
-28
-88
-95
-66
-79
-81
-39
9
-3
-28
-38
-38
33
50
20
16
48
-6
-21
3
-31
13
18
51
27
-6
62
51
27
50
24
3
2
-21
-24
-42
-80
-67
-42
-50
-4
6
2
1
-4
38
-28
-54
33
-1
-13
3
-24
-29
-48
-18
-30
-22
1
34
8
-25
36
48
49
0
11
58
39
42
53
69
57
16
9
41
35
22
25
24
28
1
19
-3
3
28
35
79
69
86
63
45
60
76
38
10
12
19
40
22
68
66
42
-2
43
63
-9
-7
34
23
-23
15
25
-19
-40
2
-48
-61
-92
-67
-40
-85
-45
-93
-64
-79
-140
-147
-129
-117
-82
-84
-115
-76
-53
-32
-33
-18
-70
-77
-35
-33
-44
-39
-10
24
18
-20
34
40
-2
16
19
7
7
-9
14
25
25
32
3
26
48
38
61
90
105
52
-11
19
23
32
-8
-31
2
14
9
-28
9
7
16
24
34
74
21
54
81
64
56
50
40
12
16
17
65
37
32
18
-23
6
3
13
35
9
-12
-9
-60
-24
-42
-53
-57
-92
-64
-86
-69
-77
-66
-58
-29
-10
6
52
44
47
59
58
43
74
66
28
48
28
0
-1
-30
1
-10
-9
-8
-37
16
-20
-19
13
10
51
60
53
76
38
13
35
31
17
-24
-2
-41
-40
-34
-44
-33
-95
-65
-59
-38
-7
-16
-28
-16
-7
-21
11
-3
-6
-18
-28
-44
-18
18
-5
-44
-27
-3
-29
-17
-34
-43
-39
-26
-38
-45
-96
-104
-44
-64
-81
-70
-27
-16
-27
-43
-3
4
-7
11
35
85
67
35
51
70
41
47
37
40
37
29
64
80
74
51
76
38
1
26
62
65
70
111
92
68
73
93
63
59
66
38
37
45
3
-22
47
10
-32
-46
-26
-5
-21
-2
-73
-54
0
-6
3
15
-12
-13
30
52
52
8
38
3
0
3
-17
-10
-56
-99
-127
-63
-54
-67
-123
-107
-45
-46
-51
-66
-63
-79
-56
-110
-76
-40
-67
-45
-64
-74
-44
-38
-25
-34
-40
25
-16
-4
13
7
-8
-25
-34
-47
-10
-15
6
10
8
18
30
26
27
30
63
116
101
76
114
133
52
41
77
82
42
26
53
44
16
-8
2
19
-16
3
28
29
44
7
44
78
94
76
58
69
57
63
38
73
73
26
5
13
25
5
-6
-20
-20
-42
-79
-49
-28
-82
-111
-106
-74
-62
-84
-58
-30
-35
-40
-72
-58
-64
-101
-66
-46
-13
-53
-63
-17
-16
-39
0
80
30
-10
-34
5
15
-22
-4
9
24
16
48
67
45
13
22
61
67
20
19
45
23
8
-11
8
-15
-54
-31
-20
-3
-11
-27
-26
-55
-51
-41
-2
10
-15
-7
-9
-1
-12
20
74
84
48
23
47
58
28
38
44
50
26
-5
16
-8
-14
-35
-16
-33
-42
0
-7
2
-22
-42
-66
-77
-67
-67
-60
-67
-40
-16
13
22
-18
4
7
11
-1
15
26
54
91
42
22
23
44
10
48
87
36
15
-1
9
10
-20
16
18
20
31
38
74
30
14
-4
3
-15
-6
25
-9
10
57
78
63
31
9
25
-10
-35
-28
-3
-13
-25
-20
-46
-25
-12
-45
-56
-23
-36
-47
-50
-33
-61
-70
-29
-33
-12
-32
-46
-21
-29
-45
-26
-38
-31
-26
-50
-29
-15
-16
-6
-13
-6
-15
-62
-49
-42
-15
-12
-19
6
6
20
55
121
94
89
90
58
67
77
72
31
44
46
41
47
68
48
-15
-1
-25
-51
-26
-17
-13
-31
-3
13
-5
4
-19
-41
-36
-4
-51
-37
10
-42
-57
-32
-1
-21
-3
-2
7
26
11
33
45
65
57
54
95
63
-4
8
11
-33
-61
-8
26
3
-13
-3
-1
-6
4
5
6
-3
16
25
14
-10
-15
-21
-27
-6
-22
13
36
3
11
20
10
19
-18
-44
-27
-49
-57
-41
-45
-38
-29
-32
-54
-56
-41
-57
-45
-10
-18
-23
-13
-1
27
5
-1
9
39
86
68
61
63
36
-3
-29
28
27
-3
45
57
85
86
69
73
20
0
46
68
44
-6
-5
2
-28
-48
-57
-57
-115
-76
-47
-50
-36
-76
-58
-63
-63
-52
-49
-38
9
0
-41
-38
-35
-46
-43
-24
-5
28
-21
-2
39
37
86
66
40
46
41
22
35
79
68
98
109
105
76
45
40
-4
-4
-16
-14
-23
-12
-22
-23
-54
-104
-83
-69
-38
-36
-33
-26
8
-2
-29
-53
-21
-14
0
25
31
34
-13
41
27
17
13
7
29
34
62
70
45
31
16
-41
-36
-5
30
37
38
44
39
15
-47
-48
-39
-56
5
12
0
-10
-31
-20
-36
-5
-15
-34
-25
-36
-35
-34
-49
-46
-27
-27
-18
35
57
67
61
15
29
6
35
22
6
44
5
15
19
12
-2
-10
-35
-74
-93
-84
-51
-36
-27
-37
-53
-57
-18
-3
-16
6
-1
17
54
19
-6
-26
6
46
28
39
53
72
107
85
53
56
35
15
22
16
35
80
50
-11
-39
5
-15
-40
-26
-41
-52
-79
-73
-124
-77
-67
-70
-34
-56
-51
-84
-23
-21
-15
4
24
