22
24
19
21
28
32
24
13
30
32
31
39
30
34
25
23
20
19
10
-10
7
-7
-16
3
12
6
-10
-8
-6
-10
-12
-9
-13
-27
-36
-22
1
-7
-14
6
5
-4
-3
-15
-16
-6
-20
-22
-9
-9
-3
-20
-22
-24
-34
-33
-37
-31
-37
-27
-19
-28
-22
-13
-19
-9
8
-4
-9
-28
-28
-25
-19
-19
-34
-28
-39
-30
-28
-38
-23
-13
5
-3
-5
5
4
17
13
23
32
26
37
47
49
42
49
63
50
43
45
30
29
26
27
25
9
10
-1
-2
1
1
6
10
10
30
28
7
12
20
9
9
39
34
28
19
6
19
13
16
3
-5
-2
-17
-21
-18
-27
-33
-19
-34
-32
-27
-34
-3
-12
-26
-20
0
7
6
7
4
6
3
16
7
6
10
-4
6
13
0
-8
-6
-7
-13
-22
-38
-31
-25
-27
-34
-44
-29
-25
-35
-25
-11
-32
-36
-18
-17
-23
-14
-4
2
-3
-6
16
9
5
-7
-2
4
-3
5
3
9
20
26
4
2
-4
-14
-16
-2
1
-6
5
-4
-13
-10
16
17
11
24
24
35
41
27
32
29
15
17
24
34
37
33
16
32
35
28
24
40
50
24
12
6
9
2
11
10
5
2
-5
-10
-12
-10
-13
-22
-12
-3
-8
-19
-28
-2
-31
-31
4
-9
-10
-7
-6
-4
-22
-32
-26
-18
0
-16
-29
-28
-34
-16
-10
-11
-30
-43
-28
-39
-23
-12
-25
-24
-31
-39
-25
-9
0
6
-6
3
9
-1
13
12
11
21
22
26
21
28
32
28
27
22
25
31
31
23
27
23
19
16
11
8
-3
2
6
12
1
7
22
9
0
-7
1
3
4
2
-1
10
19
23
18
22
26
28
21
33
16
-10
-7
-21
-9
-15
-11
-28
-30
-30
-37
-25
-37
-31
-28
-31
-42
-22
-28
-31
-21
-32
-40
-41
-12
-19
-17
1
10
26
12
13
21
20
18
-3
19
34
31
23
12
12
1
0
2
16
9
12
10
14
15
-1
4
-1
6
4
4
3
-4
1
6
7
21
25
17
3
2
10
-17
-6
-3
-13
-3
-3
-21
-41
-28
-19
-28
-19
-24
-26
-13
-22
3
9
19
28
22
19
7
6
10
13
4
14
23
25
9
15
23
19
7
-1
16
3
-8
-21
-40
-35
-35
-41
-22
-28
-19
-12
-16
-10
-21
0
7
10
26
32
36
13
5
26
22
16
29
18
16
32
26
6
14
15
-4
-13
-29
-31
-21
-8
-23
-16
-22
-33
-25
-18
-25
-24
3
5
9
0
-2
-1
4
19
24
19
28
37
32
41
31
34
26
5
6
-11
-17
-4
-4
-14
-14
2
-6
-15
-20
-44
-34
-29
-44
-41
-40
-34
-38
-19
-9
-5
6
6
7
10
6
7
31
30
14
2
12
26
26
32
24
13
7
14
20
5
12
13
-3
1
-3
-4
-7
-2
-12
-6
7
-1
4
-2
3
9
11
11
-1
-2
-7
-11
4
7
-4
0
-9
-12
-6
-19
-19
-9
-22
-35
-17
-1
-6
-16
-15
-20
-33
-26
-20
-7
-6
-7
-5
-6
9
3
15
31
35
50
47
29
31
42
28
9
18
12
-25
-34
-23
-7
6
1
-8
-7
8
6
-11
2
-8
-9
3
10
31
37
44
48
42
35
20
13
12
7
-3
-12
-15
-26
-28
-17
-21
-35
-28
-25
-29
-29
-43
-49
-55
-42
-29
-33
-33
-20
6
-4
3
2
8
25
22
23
19
13
2
-1
-3
-13
-15
-6
-2
2
9
13
-1
4
7
3
9
-12
-7
7
13
16
31
38
29
29
34
18
0
3
6
18
3
2
-10
-15
-3
-25
-18
-21
-19
-4
6
1
-6
5
0
-17
-19
-9
8
17
19
21
11
7
13
12
9
15
10
5
9
11
16
6
2
-3
-3
-4
-9
-25
-30
-20
-20
-5
-6
-11
-15
-3
-9
-15
10
-2
6
6
-8
-3
-6
-25
-29
-14
-8
-11
-26
-31
-36
-38
-37
-24
-4
5
4
2
16
22
26
26
47
40
25
46
58
31
12
31
19
11
25
41
20
13
28
7
0
-23
-15
-27
-44
-38
-54
-48
-51
-34
-31
-22
-7
-4
4
5
18
4
13
28
6
6
13
35
35
22
16
12
24
3
-1
9
6
-1
-3
-4
-10
-26
-19
1
-10
-14
-7
5
-2
-5
-16
-22
-1
-3
-1
19
12
-3
6
5
4
-9
-19
-19
-25
-35
-41
-36
-31
-12
-3
-2
-4
2
8
-1
3
4
13
10
14
19
12
24
33
29
21
27
26
19
9
-10
-8
-2
-5
-11
-8
-2
-4
0
-6
-8
-6
-9
-4
3
-5
0
-5
-3
12
17
24
36
47
17
12
1
-14
16
10
-1
-7
-6
10
7
2
-6
-10
-20
-32
-36
-35
-37
-39
-35
-39
-27
-20
-25
-18
-24
-7
0
-19
-15
-12
3
4
10
16
21
35
37
39
42
36
36
41
34
36
15
13
10
20
28
27
43
19
9
7
16
17
-1
6
2
-18
-39
-26
1
-13
-13
11
9
10
0
-6
-14
-25
-35
-55
-52
-63
-57
-36
-57
-64
-53
-44
-32
-28
-17
-19
-18
-2
-7
-2
20
10
15
23
29
38
25
35
50
38
38
28
8
18
14
13
7
11
-1
1
13
1
-6
-13
6
-7
-11
-8
-17
0
1
5
20
19
22
28
7
-4
10
5
1
4
-1
22
17
15
22
26
22
4
11
-3
-3
-11
-15
-15
-18
3
8
-3
4
6
3
12
12
6
-2
2
7
10
1
-5
3
6
7
9
12
-4
4
-3
-19
-32
-28
-27
-50
-55
-46
-24
-32
-17
-19
-29
-9
-7
3
-7
-20
-18
-9
-15
-42
-31
-22
-4
12
20
30
23
19
7
-5
-10
5
-7
-13
-6
-2
-1
-2
8
12
15
6
-3
-1
1
-1
3
5
18
22
27
32
36
25
22
37
33
36
4
-7
-11
-10
-10
-10
-6
-2
2
7
15
-6
-4
3
3
5
13
18
19
36
22
25
40
23
39
32
6
3
-5
-16
-9
4
-15
-20
-13
-1
6
7
3
0
-1
-9
-21
-29
-35
-35
-13
-10
-4
-10
-13
-13
-23
-6
-4
3
5
0
4
-16
-10
-13
-16
-13
-15
7
-3
-12
-9
-15
-16
-12
4
-13
-26
-11
-17
-20
-4
-16
-36
-20
-8
-4
-19
-19
-8
-18
-3
4
6
16
22
33
43
28
19
18
15
26
29
53
45
29
50
55
60
53
42
26
22
5
-6
6
-9
-15
-38
-45
-50
-41
-35
-47
-37
-47
-29
-23
-27
-34
-25
-15
-15
-11
-3
12
9
27
28
28
35
32
26
9
26
16
-2
6
-5
-6
-10
-11
-6
-5
3
2
3
-3
-19
-10
1
-1
-7
-1
14
16
18
9
20
25
6
-4
4
5
6
11
-4
0
4
-1
4
2
2
0
4
7
-2
6
6
11
3
1
15
7
8
-4
0
0
-9
-6
4
-3
-17
-5
-5
-12
-15
-4
-4
-7
-12
-9
-12
-26
-17
-22
-4
-6
-16
-25
-38
-16
-11
-29
-33
-19
-28
-26
-1
-9
-10
0
-6
-7
2
0
-5
7
2
4
13
13
7
-1
12
17
14
28
34
32
35
41
24
20
25
18
33
24
9
7
-7
3
17
15
8
10
13
-1
-18
-4
-3
1
14
7
10
3
-5
-13
-14
-12
-19
-16
-9
-24
-14
-1
-7
-14
-25
-28
-21
-6
-2
-3
3
10
15
11
-9
-10
-16
-26
-22
0
9
10
19
-4
-1
-6
-5
7
1
-1
3
10
10
4
5
14
-3
1
-3
-6
7
-6
3
3
7
19
5
1
-2
9
16
3
9
9
4
3
6
-1
3
4
-14
0
9
9
11
29
31
19
13
-4
0
-6
3
3
4
18
1
6
11
6
9
6
-11
-19
-13
-8
-11
-16
-22
-34
-34
-43
-51
-51
-43
-28
-38
-26
-14
-25
-18
-38
-44
-28
-18
-3
3
8
6
-4
-4
8
0
1
-2
9
20
8
0
23
19
-3
9
-1
3
0
9
23
18
14
12
13
9
0
-3
2
7
18
18
19
25
33
23
21
32
22
3
31
41
26
24
26
44
32
39
41
21
33
11
0
21
-8
-24
-13
-16
-7
-7
-16
-25
-28
-24
-26
-16
-23
-38
-36
-45
-47
-38
-32
-34
-19
-8
-4
-6
-3
-22
-23
5
-2
6
-10
-13
1
-7
-5
8
7
0
3
6
19
15
16
25
19
13
10
21
27
5
11
29
19
0
-16
-33
-29
-28
-28
-24
-43
-47
-53
-52
-38
-35
-37
-46
-24
-6
-2
3
1
9
7
19
26
37
42
37
37
27
35
35
44
32
21
16
0
4
0
14
25
4
-2
6
5
4
13
24
35
32
32
20
12
1
7
28
10
-4
-12
-18
-28
-17
-13
-21
-23
-18
-12
-12
-7
-26
-22
-10
-14
0
-3
-9
3
-3
11
19
0
-3
-6
-13
-15
-16
-11
-9
0
-9
-19
-19
-20
-7
-14
-12
-13
-27
-19
-11
-5
-2
6
18
28
20
25
25
36
37
29
32
25
28
20
21
6
29
19
10
11
-12
3
-3
-13
-32
-15
-6
-18
-23
-25
-13
-6
0
0
4
4
9
-2
6
11
15
15
1
1
-5
-4
-19
-32
-42
-40
-44
-36
-31
-26
-28
-28
-18
-22
-28
-33
-4
-19
-23
1
-3
-1
9
12
7
13
12
18
20
25
26
35
47
32
21
24
20
15
14
9
19
35
23
0
6
15
14
0
12
26
20
21
26
7
0
3
2
6
0
11
4
14
7
7
7
-10
-8
-19
-9
-5
-9
8
-4
-7
-4
-18
-22
-19
-10
-5
-6
-2
6
-18
-16
-10
-18
-19
-32
-22
-32
-47
-41
-22
-26
-29
-38
-48
-41
-44
-37
-19
-2
-3
-10
-3
-1
-6
0
11
10
13
28
16
15
16
25
30
26
31
19
28
38
51
53
60
56
32
29
24
0
-4
2
-9
5
-1
-2
-7
-20
-17
-2
-6
-12
-7
-3
12
2
12
7
-4
8
7
-9
-7
2
1
6
-1
-10
-5
2
1
12
2
-2
-3
-15
-15
-26
-6
-8
-25
-11
-22
-3
0
-13
7
17
23
32
22
2
3
4
12
18
26
6
5
5
-10
2
6
13
-13
-15
-18
-35
-28
-28
-37
-30
-45
-47
-39
-41
-44
-55
-26
-16
-23
-20
-9
-5
6
18
28
38
26
19
6
19
26
14
16
25
21
12
29
29
16
31
33
32
22
8
18
19
18
12
21
41
43
22
10
5
15
0
-13
8
-4
-3
-12
-12
-6
-36
-38
-19
-19
-21
-17
-16
4
2
-9
-9
-10
-19
-13
-7
-14
-15
-17
-21
-26
-31
-24
-3
1
-3
-12
-18
-6
-16
-21
-10
-11
-2
-1
7
15
18
18
17
21
13
14
22
31
26
28
26
19
19
15
18
32
31
31
36
16
17
22
5
-3
-6
-29
-26
-28
-32
-27
-29
-13
-8
-13
-29
-38
-51
-28
-31
-12
15
-6
-11
-10
6
-10
2
7
-4
22
18
5
-2
-9
5
-1
-8
6
4
-9
-21
2
5
7
19
21
19
2
-4
-17
-5
-3
-11
7
-4
-16
-10
-11
-9
-15
-7
3
-3
18
17
-1
-7
-6
16
19
5
5
13
8
1
11
2
4
3
12
25
12
26
36
45
42
33
39
33
26
20
23
13
5
9
-5
-15
-19
-27
-25
-25
-36
-17
-16
-6
-7
-28
3
-3
-11
-13
-16
-6
-3
-19
-27
-14
-21
-18
-15
-13
-34
-47
-34
-39
-28
-28
-18
-16
-37
-32
-23
-17
-17
-2
-3
17
25
12
15
10
18
17
33
48
56
51
59
57
38
31
29
33
13
13
6
1
12
4
10
15
-6
-26
-25
-3
-8
-13
-11
-19
-11
-19
-16
-25
-12
4
-3
5
2
4
-8
-10
2
-9
-14
-13
-7
-2
-10
10
17
19
22
14
10
7
16
1
9
17
28
38
24
22
17
18
23
15
1
-6
-8
-3
-18
-9
-2
-13
-27
-42
-31
-38
-20
-14
-28
-17
-28
-29
-35
-36
-36
-35
-25
-16
-23
-32
-9
0
20
13
7
9
25
30
19
53
48
43
39
29
22
24
12
-1
10
12
10
-3
-1
-5
-7
3
-3
-2
-8
-15
-13
-17
-16
-18
-12
-12
-14
5
7
10
6
7
21
28
31
19
6
6
4
8
16
5
3
-7
-13
-3
3
-3
-20
-20
-7
-4
-20
-10
-8
-4
7
-1
6
3
6
-3
3
4
-33
-22
-2
-10
-16
-5
-3
-9
-8
-24
-26
-18
-28
-35
-31
-27
-41
-30
-11
-1
-12
-2
10
-3
19
6
6
10
16
21
30
55
42
53
59
43
42
44
35
46
33
25
44
23
19
13
10
12
2
-19
-22
-10
1
-4
-26
-9
-20
-34
-25
-32
-36
-25
-14
-24
-15
-12
-1
1
-7
-13
-23
-10
-6
-9
-12
-1
3
3
9
0
4
-10
-4
16
8
6
8
13
6
11
13
-4
-8
-22
-3
12
0
-5
-8
-5
3
-3
-20
-35
-23
-3
1
3
5
5
-13
3
2
0
10
13
16
-18
-16
-9
-6
-1
-15
-13
-16
-6
-7
-13
-18
-15
3
-4
-5
6
6
-9
-16
-3
1
-11
-16
4
6
16
30
6
6
18
9
25
30
19
12
-4
0
-5
-6
12
29
45
24
28
41
34
41
19
19
15
9
28
28
28
20
20
28
34
13
7
3
-7
5
-10
-20
-23
-25
-15
-25
-46
-57
-60
-35
-15
-16
-9
-19
-26
-9
-6
-25
-25
-8
-4
0
-10
-18
-12
-3
4
1
-14
-21
-6
-3
-15
-24
-19
-10
-16
-28
-23
-22
-6
2
2
12
5
11
4
9
12
9
-7
6
38
17
23
17
4
7
19
22
13
4
7
20
8
3
-8
-12
3
-3
-3
-12
-18
-20
-15
-4
-14
-11
13
15
18
31
22
26
41
38
33
34
21
27
28
27
19
3
5
-1
-1
-7
-25
-32
-6
-13
-21
-23
-37
-10
-20
-26
-19
-12
-3
-12
-15
-27
-29
-28
-16
-6
-7
-7
-13
2
-4
-9
10
13
15
27
38
26
34
29
29
36
32
48
30
34
27
23
30
7
-2
-2
1
-3
-7
-8
1
0
3
7
-18
-29
-12
-9
-32
-32
-28
-38
-38
-41
-34
-31
-24
3
-3
-17
-32
-33
-26
-9
-7
-16
-7
-12
-15
-34
-13
-1
-19
-2
12
-4
-4
3
-4
0
0
4
-1
11
23
19
6
18
19
0
8
-4
-13
-10
1
1
0
3
7
12
14
18
13
15
33
27
21
39
35
34
23
34
48
24
29
26
20
35
16
-7
-7
0
3
0
-7
-15
6
0
-3
0
-3
16
13
10
13
22
16
8
7
22
10
-6
4
-13
-21
-30
-29
-18
-19
-28
-20
-16
-31
-18
-34
-41
-36
-39
-31
-27
-27
-32
-47
-59
-47
-32
-34
-32
-45
-35
-14
-36
-27
-9
-4
-5
-6
3
-2
4
34
50
38
26
31
36
32
30
22
33
32
31
48
51
47
48
43
25
11
9
9
1
2
5
-12
-18
-13
-21
-25
-22
-22
-5
1
-8
-7
3
-10
-29
-19
-6
6
-4
-4
-9
-4
14
-10
-6
-2
-4
7
11
11
5
4
12
16
25
19
11
14
17
13
19
35
31
28
18
22
25
31
31
13
6
0
5
13
12
-9
-5
-6
-11
-13
-31
-38
-29
-14
-32
-24
-11
-22
-48
-42
-28
-46
-35
-28
-25
-25
-39
-47
-37
-23
-24
-23
-10
-14
0
-2
-16
4
12
20
17
25
16
16
31
22
25
23
30
14
13
27
22
10
-1
-2
5
4
-8
-6
7
0
7
6
6
9
-10
-1
4
10
9
2
4
0
-13
-13
-7
3
18
14
13
19
9
-1
4
5
7
-1
-13
-19
-13
-13
0
-4
-6
12
11
15
5
18
21
27
21
13
23
17
4
-3
2
-6
-8
-13
-19
-31
-36
-42
-28
-16
-24
-24
-24
-17
-24
-5
3
-5
-1
0
4
1
4
10
15
16
-6
2
14
-3
3
3
10
7
3
10
18
11
2
5
11
7
-4
12
15
13
16
29
19
16
25
8
8
10
20
18
13
10
2
3
-7
-9
-15
-25
-23
-27
-31
-12
-28
-22
-15
-28
-9
-15
-7
-13
5
2
-18
-19
-6
0
-16
-6
-15
-1
-18
-31
-15
-15
-29
-28
-19
-34
-42
-40
-32
-14
3
-16
-11
17
12
-9
-6
22
36
35
41
50
41
14
26
43
34
41
44
49
43
23
16
25
10
1
19
22
24
13
-2
18
23
12
17
-1
-11
-20
0
-7
-22
13
0
8
-2
0
7
-1
-3
-8
4
-16
-13
-3
0
8
12
13
19
19
4
-7
-14
-4
10
9
-16
-21
-17
-32
-29
-18
-28
-34
-31
-35
-32
-45
-42
-37
-41
-27
-19
-23
-23
-18
-24
-13
-14
-24
-16
-9
-21
-21
4
-2
-7
-1
15
18
8
14
20
31
15
14
24
20
36
26
22
27
19
31
30
9
8
8
13
22
9
7
-3
11
19
9
23
15
10
0
6
0
-6
1
9
4
-7
-11
-28
-6
-5
-1
18
19
7
0
14
28
31
19
18
23
13
11
25
33
21
-1
-2
-12
-10
0
-9
-2
3
-16
-31
-11
-8
-32
-27
-18
-22
-13
-30
-41
-36
-38
-45
-49
-39
-48
-44
-34
-37
-37
-28
-33
-18
-9
-21
0
5
8
0
10
34
32
29
38
22
3
35
28
25
32
27
13
20
29
14
29
12
6
27
34
34
31
22
13
0
-1
-9
-25
-20
-15
-7
2
1
0
0
-10
-12
-7
-4
-1
4
7
4
-4
4
3
-15
-25
-22
-18
-24
-22
-21
-17
-15
1
11
21
10
-3
21
32
28
22
24
21
33
26
13
29
23
-1
1
-3
-25
-19
-22
-25
-19
-15
-27
-25
-12
-14
-8
0
0
-6
-15
-15
-8
-8
-10
-3
3
3
1
-6
-5
0
9
9
4
13
19
-9
1
-3
-6
26
27
28
26
28
16
21
8
4
0
-10
-15
-19
-6
-22
-23
-26
-27
-34
-16
-14
-19
-19
-31
-19
-19
-10
-19
-9
7
-1
3
-4
-6
-8
-10
9
20
12
12
19
10
12
22
23
26
13
-1
10
9
-1
14
12
1
-15
-12
-3
-11
-8
-6
-10
3
12
0
0
9
23
18
28
23
12
25
19
19
13
25
27
8
3
0
13
12
0
16
25
10
5
-2
-1
-2
-8
-12
2
6
-7
9
7
0
-1
0
-6
-10
-20
-20
-19
-18
-26
-23
-15
-24
-16
-27
-32
-25
-19
-27
-33
-22
-22
-37
-32
-18
-34
-40
-31
-20
-30
-29
-25
-22
-18
-26
-12
-12
-8
16
10
16
12
16
19
32
59
43
37
35
47
37
40
51
50
50
39
42
22
32
42
25
40
53
44
46
27
16
5
13
18
7
23
2
-19
-35
-27
-35
-47
-40
-43
-48
-63
-49
-44
-54
-50
-42
-41
-41
-27
-12
-13
-22
-17
-14
0
6
2
-1
3
16
13
17
21
39
43
21
14
22
32
29
23
36
11
-3
14
0
-2
-4
9
0
-18
-10
4
2
-13
6
0
-7
-9
-5
-11
-9
-6
0
16
-6
-4
-16
-20
-11
-16
-12
-13
-13
-12
-8
-3
2
-6
-9
0
-2
3
19
9
24
33
32
25
11
1
14
18
9
7
-1
13
-8
-19
-13
4
-1
4
9
0
13
-3
-1
-7
-6
-6
-21
-12
-16
-24
-26
-22
-19
-16
-8
-17
-19
-9
3
9
2
11
15
18
18
22
29
36
25
12
9
-7
1
-2
0
4
-9
-19
-5
8
9
19
10
9
-5
-5
-18
-18
-16
-23
-6
-18
-4
-19
-29
-13
-24
-10
4
9
10
-1
-6
0
-1
1
6
16
16
1
-8
13
16
-4
4
15
22
1
-1
16
15
7
13
13
6
16
11
19
14
23
18
16
3
-9
2
-3
8
-9
4
7
4
-16
-27
5
-3
4
1
1
-2
-10
-11
-14
3
-1
-1
-3
-21
-31
-35
-18
-13
-11
-11
-15
-32
-33
-25
-23
-6
-21
-31
-11
6
-16
-18
-13
-18
-19
-23
-3
5
18
23
26
-9
-6
4
-10
-2
-16
0
12
18
25
39
41
24
25
33
34
29
15
1
3
16
19
19
20
23
19
24
43
40
43
29
18
11
5
16
0
1
0
-8
-21
-28
-28
-41
-31
-22
-6
7
-3
-23
-40
-17
-9
-28
-23
-9
-22
-36
-31
-11
7
7
0
4
9
1
2
19
39
34
25
44
33
17
34
7
-2
-9
-22
-13
-23
-6
-13
-13
-3
-29
-28
-47
-55
-52
-42
-36
-30
-14
-20
-14
-9
-6
-22
-12
16
16
0
1
6
-20
-19
-14
15
7
-10
12
4
-3
5
27
32
14
10
4
22
50
39
21
15
31
33
38
53
48
35
34
41
30
6
-13
-6
13
28
26
30
-3
-25
1
9
-16
-32
15
8
-11
7
18
-6
-20
45
47
7
-9
-35
-22
-22
-54
-74
-53
-13
-16
-22
-30
-35
-24
-25
-45
-61
-44
-21
6
10
-15
6
2
-6
9
19
31
13
61
67
0
-6
-8
-66
-52
36
35
-13
19
28
-74
-53
2
-13
-32
-9
59
29
8
24
6
0
5
33
-16
-15
91
30
-33
11
50
1
-28
28
35
4
-19
22
27
-66
-69
4
-39
-82
-34
48
-1
-25
84
41
-64
-53
56
87
12
13
13
-21
-28
-26
32
-29
-3
54
10
25
-21
10
-19
-31
28
5
-28
-51
18
16
-70
-31
30
22
0
22
37
-1
32
3
-4
5
-21
44
1
28
24
20
66
-42
-17
59
22
-53
-3
49
-30
-51
9
22
-37
-32
45
41
-77
-23
42
-34
-54
16
2
-98
-27
66
19
-46
-27
-13
-87
-57
70
52
-10
59
62
-34
-58
9
-9
-81
60
121
23
-7
45
25
-138
-51
57
-38
-12
71
41
-52
-42
-11
-24
-51
-82
77
56
-73
107
92
-145
-85
111
-45
-114
152
126
-147
-78
128
-9
-172
18
128
-76
-42
116
85
-108
-76
108
-16
-100
-21
130
-72
-107
115
-56
-101
38
64
-57
1
77
-45
-29
49
57
87
-4
83
78
-2
52
41
93
-39
83
-2
-115
58
120
7
-108
16
-36
-67
18
35
-116
12
138
15
-28
62
-42
-134
184
69
-83
28
22
-16
-48
-26
-17
-6
39
43
62
-71
-58
31
-63
-6
-71
-54
-13
104
44
-171
-72
-45
-55
-60
-32
27
-86
-226
81
177
-238
-218
237
113
-252
134
237
-236
-146
147
52
-216
-77
185
11
22
-15
204
-150
-187
360
-2
-91
57
256
-210
-14
261
-42
-92
-42
116
41
124
-17
114
-138
115
29
-151
155
-91
1
105
357
-409
-140
372
-234
-120
161
195
-290
71
355
-219
-210
69
-29
4
72
0
-95
42
197
-143
-41
-26
-135
-103
269
140
-568
27
355
-121
-62
96
-83
-88
21
268
90
-250
-204
395
104
-682
274
170
-461
72
612
-197
-497
348
50
-179
121
175
-187
-122
273
112
-195
-82
246
-10
-214
378
-32
-409
76
397
-270
-359
520
25
-241
-173
456
-141
-666
385
323
-307
-236
568
-236
-441
197
64
-53
-225
281
348
-181
-273
223
207
-437
54
532
-140
-393
437
304
-746
-168
296
60
-201
7
460
78
-529
-238
703
-191
-606
227
675
-320
-669
808
363
-1077
-308
1371
-309
-1027
561
820
-571
-727
1062
323
-1151
-180
1357
-235
-1085
716
605
-813
-123
487
6
-399
-284
631
396
-266
-449
953
-31
-869
363
413
-536
-345
1202
-313
-647
324
169
-778
196
348
-581
311
221
68
-435
282
16
-344
210
316
-240
-156
688
-322
-472
242
169
-490
23
93
150
-95
-658
693
-5
-958
249
806
-371
-620
717
392
-589
85
373
-48
-321
54
254
-62
-2
-213
408
-105
-210
51
-198
299
123
-124
47
343
-245
48
253
-301
11
326
25
13
157
-141
-241
222
71
-249
-34
287
147
-403
73
119
-287
-150
282
-236
-62
15
-52
83
-281
70
153
176
-373
-74
452
-292
-575
732
109
-685
164
368
-316
-163
127
-168
670
-579
-423
924
65
-1221
769
995
-1430
327
960
-546
-583
732
-238
-415
233
-148
459
-648
124
539
-422
-446
414
651
-1262
615
745
-1012
87
675
192
-535
-7
239
193
-259
-127
475
-277
-407
891
169
-1212
1060
505
-1428
715
900
-1177
-259
1710
-842
-1157
1447
47
-1035
305
585
-315
-175
169
295
-231
-489
394
465
-910
246
822
-779
-335
561
224
-874
499
284
-1081
713
425
-1149
541
436
-910
-98
947
-750
-659
932
-420
298
-431
-112
277
-118
-562
305
1216
-1261
45
722
-254
-353
133
31
144
-22
-618
986
348
-1715
369
1632
-1220
-598
1083
243
-704
-170
628
266
-574
-216
1221
-244
-788
362
534
22
-839
217
1155
-155
-1691
1073
1304
-2465
840
1552
-1513
-543
1619
-429
-1471
1679
-360
-252
-460
1169
37
-2255
1617
386
-1384
-579
2403
-1233
-856
1213
-136
-187
-793
1200
-564
265
21
-194
521
82
-983
97
1361
-1198
-97
698
49
-774
102
749
-590
-494
715
36
-630
596
-151
-467
815
-325
-259
666
-227
-686
828
457
-1404
422
915
-793
-885
1721
-311
-1735
1443
531
-1140
-70
831
-253
-471
254
440
-3
-995
748
702
-1236
809
-336
113
318
-673
464
490
-665
-582
1726
-1128
-687
1246
-368
-349
260
67
58
-552
744
-295
-797
983
-315
-124
-676
1583
-960
-326
117
445
535
-2631
2702
-435
-1348
234
1741
-1452
-1540
3073
-1731
-5
246
703
-373
-878
1490
-330
-1547
803
1693
-2164
315
1665
-541
-1054
382
1289
-829
-689
819
843
-998
-339
1635
-1244
-756
1328
-366
-128
114
-287
104
738
-1060
187
705
-1414
1016
544
-1876
865
937
-1691
709
888
-1542
872
464
-1024
711
0
255
-1300
1814
-768
-1568
1869
-735
185
-1508
2397
-370
-1618
983
740
-553
-1370
2283
-1216
-309
715
-459
581
-535
-237
1029
-1128
618
328
-203
50
110
386
-708
1225
-1386
662
-161
-34
561
-170
-944
1069
418
-2375
2073
-277
-1178
-210
2404
-1545
-1376
2090
-85
-1312
-395
1947
-843
-819
398
957
-144
-1336
645
771
-930
-17
-73
745
-81
-1067
583
938
-790
-862
996
-247
165
-762
359
768
-622
-879
913
861
-2093
943
736
-426
-548
506
762
-1394
1250
-327
-1221
1239
149
-621
264
573
-657
-41
951
-175
-1249
685
894
-795
-262
1044
-110
-1348
1492
-71
-1385
1174
-469
292
0
-122
311
-465
658
-1090
654
-285
-83
612
-255
-609
956
883
-3023
1363
1715
-1733
-1462
3520
-1038
-2930
2920
461
-1676
-1268
2664
-250
-1900
1901
-168
-1183
535
-182
369
-4
-1126
273
1813
-1457
-1036
2454
-1332
-1046
1217
843
-1163
-600
1649
-472
-689
434
20
566
-1055
109
1220
-478
-1138
664
1186
-2011
698
615
-338
-173
-81
299
-293
87
-509
983
52
-810
1021
-387
-624
1047
-711
-160
555
-42
-403
290
25
-95
-600
-170
1226
-382
-719
289
1267
-2222
758
1169
-1094
-490
413
2122
-2444
696
849
-1413
302
718
-592
-13
1457
-1929
379
1568
-1373
-794
1750
-35
-1087
412
916
-204
-1094
-216
1664
154
-2397
1831
812
-1543
50
849
89
-415
-1175
1485
1567
-3521
355
3133
-2682
-1723
3965
-1658
-1738
2521
-1318
-383
1114
-1960
750
983
-1786
1194
403
-1394
702
761
-2160
1764
400
-1899
1596
-106
-345
-419
296
-152
329
-1045
710
1847
-2006
28
1139
97
-1617
1152
1041
-2199
1595
1191
-1655
94
651
482
-1374
1155
470
-916
178
434
1364
-3040
2018
616
-1247
22
345
1307
-1992
384
2
1578
-1895
-989
2773
-1329
-1904
1822
726
-2819
828
1561
-958
-1300
1628
-610
-830
325
-55
479
-530
-302
504
1159
-2788
790
2345
-2538
-734
2863
-216
-2179
251
2279
-67
-3272
1788
2308
-2012
-899
2785
-1097
-673
540
-92
1303
-1444
-198
1245
804
-1803
-330
2614
-1357
-1677
2435
-24
-1598
1092
288
-1429
685
792
-1389
43
1138
-504
-1136
627
1142
-941
-1722
1770
928
-1976
-919
2515
46
-2644
878
1491
-243
-2387
1158
1700
-1297
-963
808
1139
-1513
-518
660
1012
-642
-1591
2198
239
-1224
831
-473
-114
1315
-1222
-937
3515
-1947
-2258
3655
-380
-2419
867
1645
-932
-466
987
-987
885
-123
-929
1233
-440
-797
179
2151
-2789
637
1804
-2026
605
118
210
-1004
1121
-451
195
-460
-59
1127
-1337
12
795
-514
-175
930
-1505
1006
95
-749
-2
604
-608
-292
515
-439
1003
-1400
784
288
-253
-602
37
650
-409
573
-1149
1539
141
-1782
1152
1197
-1745
-1446
3976
-818
-3335
3677
-16
-2343
1385
97
-1325
1132
-420
-643
2346
-2131
-743
2544
-437
-2673
1949
1596
-3363
1571
1518
-1567
-1064
2526
-790
-1868
1803
131
-834
-1266
3217
-1724
-1688
2598
129
-2659
999
2829
-4498
2223
900
-1548
604
389
-615
-90
1087
-3163
2706
644
-2693
1187
2068
-2300
-210
2133
-1717
-217
766
353
-607
563
-610
22
-5
322
-237
-896
1592
-167
-1570
1954
-1
-1995
1890
-300
-806
843
817
-1123
183
626
-19
-565
-401
2009
-1754
-505
1974
-751
-649
192
793
-832
216
307
-708
1357
-2455
1399
1434
-2617
766
1888
-2112
-998
3861
-3168
-703
2795
-1909
-159
765
-355
287
-605
-685
1926
-662
-2037
2436
157
-2486
1364
1619
-2568
-240
3146
-2321
-909
2232
-801
-1638
2487
-596
-1633
2598
-2107
452
1584
-2033
-202
2449
-1452
-462
1681
-883
-329
-140
1093
-1467
675
207
-67
-52
189
442
-1061
739
-477
782
-926
776
-228
-53
238
-78
-900
182
1778
-3043
2268
698
-1369
-859
2004
325
-3043
1724
780
-931
-656
2087
-640
-1766
1375
729
-1000
-375
423
1231
-2068
499
3072
-3385
-1135
3548
-60
-3757
2502
1265
-2697
351
1716
-270
-1692
876
808
-407
-1045
245
1104
-740
-407
543
592
-586
-758
1149
-366
-814
1085
474
-1298
996
-283
-1033
1210
-820
453
-254
539
199
-1525
1075
363
-937
-720
2551
-1425
-1581
3674
-2640
-1265
2768
-285
-1707
1420
63
-1551
1634
-363
-649
673
196
-1303
908
373
-1645
908
640
-1178
125
909
-611
167
58
-170
81
122
-311
764
-237
-1337
1861
-319
-910
872
-677
165
115
603
-223
343
-267
-710
1667
-741
-1052
-201
2828
-2113
-1235
3708
-2551
-986
1547
633
-1061
327
-389
628
384
-2900
2370
434
-1561
-32
1774
-407
-2135
1786
182
-1047
-548
2084
-551
-1042
692
255
-76
-1159
1626
47
-1868
1301
1081
-2333
1173
1417
-1663
-99
1739
-875
-1061
1547
-1308
346
833
-462
-101
-505
359
500
608
-1148
-190
896
-1022
1063
1230
-3412
387
3456
-3008
70
2035
-2386
-280
2088
-406
-842
6
-902
1839
-535
-937
665
-151
-565
-434
2910
-1632
-2929
2535
1161
-2187
517
1320
-1334
12
49
1557
127
-2993
2575
309
-1847
1885
-1814
757
550
-1322
1048
492
-932
-1635
2562
-401
-1130
1052
-707
270
-268
-71
172
370
-934
670
2280
-1779
-1311
2182
-1137
-1188
1896
-607
254
434
-648
283
1061
-1951
-50
2413
-1316
-637
1166
330
-1842
823
387
-187
83
762
-1124
-13
1877
-3022
512
1574
-635
-1595
2677
304
-2649
810
971
-993
-684
1649
-966
444
-392
430
-85
-1280
763
517
-1585
785
1678
-2279
683
1267
-1806
-279
906
-800
1243
-766
-167
1154
-1086
-767
1565
124
-1688
1606
267
-704
-12
47
-270
1203
-1528
349
2655
-3500
456
3350
-2979
-879
3269
-1767
-1498
3411
-1266
-2133
2729
-970
-759
1117
-592
-268
621
-845
319
847
-1704
-48
1946
-451
-1675
2075
-1339
466
442
-1790
1953
-435
-1268
1681
579
-2306
1521
-231
-1223
1327
-243
-1632
1953
1390
-3779
1739
1987
-2409
-376
1856
-153
-1857
1643
271
-920
895
-851
704
-126
-525
463
-801
373
137
-189
223
178
-274
-580
-341
1650
-998
-1618
2200
330
-1460
-71
1585
-1260
-1009
1785
199
-452
-209
-12
460
88
-1295
737
1132
-1966
812
2326
-2026
-1448
2220
-602
-1223
1954
-164
-1527
1517
367
-2299
1386
-418
-1007
2368
-1205
-405
757
-497
-315
239
317
-505
729
-68
-371
460
-704
485
-55
-417
1699
-1511
415
783
-1298
456
-716
931
-542
-288
1167
62
-1210
-316
2007
-2039
1
2001
-1368
46
1128
-395
-1046
68
395
255
55
-137
138
96
-831
573
53
-574
188
181
505
-466
731
-1352
100
515
-419
666
-97
-400
-247
1378
-1959
866
792
-1677
800
484
345
-500
160
-298
273
-243
380
694
-1497
214
639
-273
659
-320
-1160
1091
-377
-868
679
-340
-964
718
965
-1400
-41
694
-489
-335
1109
323
-1057
1124
-691
102
1568
-1167
-157
816
179
-758
617
291
-1009
-11
1189
-361
-794
652
-626
19
668
-597
-206
677
-859
517
221
-613
-58
-84
-170
539
56
-1233
1217
190
-809
177
1205
-1441
-970
1429
-248
-394
550
215
-238
311
-542
122
137
-321
-819
923
435
-806
-259
-49
1074
-687
313
846
-245
-856
765
939
-1181
591
285
229
229
235
64
-297
756
-733
469
284
-576
391
-135
161
-418
185
-539
-346
203
-706
325
-285
-504
-130
44
-466
-585
547
-395
-33
886
-537
-721
441
651
-1066
621
1060
-1382
610
780
-415
-619
364
225
-16
737
-123
-60
-491
-242
59
-48
407
-407
323
626
-302
-96
-615
363
-369
296
1086
-484
-399
134
522
-689
208
30
-266
-23
-34
420
-57
-562
90
498
-82
167
-240
491
-37
118
271
334
-192
-864
793
65
-464
-11
327
-252
-286
467
-513
-180
295
-764
-113
173
-143
-515
-23
423
-403
8
197
-401
-175
192
-227
431
-288
-362
775
117
-88
55
402
-100
-282
595
128
-84
185
259
650
52
4
534
-257
-413
603
800
-383
232
616
-429
-43
-136
-82
-541
22
302
510
-23
-664
598
-655
-368
11
704
8
-746
979
-255
-290
-521
-804
98
-383
-473
20
427
-932
-967
1047
-342
-1242
616
-28
-792
-182
247
-419
-524
18
-493
53
-1179
-490
-663
-1716
-284
-294
-346
-1641
-137
-105
-1518
250
141
569
839
515
1906
1807
1461
1609
2755
2448
1437
3424
2984
2617
1982
2148
3234
1131
1653
1857
765
-26
-413
669
-1093
-2183
-1467
-1326
-2189
-2675
-1754
-2408
-3386
-3635
-2072
-1949
-3986
-2179
-992
-2208
-1885
-1139
-42
-1500
-980
1309
820
571
276
1677
1449
327
1106
1655
826
-71
1154
1639
-103
-285
713
262
-460
-371
649
-425
-860
-189
33
87
-964
-392
500
79
-683
572
184
-1128
-1509
-1105
-557
-2613
-1765
-2016
-1750
-1781
-1878
-2307
-2624
-496
98
2174
1232
2063
2060
5257
5592
2748
699
2546
8984
7705
7766
5066
7117
5939
7612
5999
-2300
-3716
-1161
5586
416
-1749
-1394
-1514
-3973
-7273
-5867
-8938
-11198
-7084
-3471
-4215
-4816
-1550
-3351
-11298
-8244
-1591
137
-4982
-2019
6183
6218
4342
3279
2872
-2394
-1018
7388
7590
2127
3516
9548
7127
-2198
-1204
2577
-2156
-5936
-261
6966
747
-3542
-848
-880
-6080
-6389
769
-2133
-6191
-1754
5673
3257
-5544
-3083
435
-785
-2541
1010
5248
-440
-1418
4774
5186
-1989
-3989
1924
1122
-1153
1630
3482
509
-3199
428
2771
-1687
-4734
-1007
2856
-652
-697
2303
479
-3404
-2597
2295
938
-2224
-144
2765
1573
-808
-1232
-1176
-4374
-4228
-595
-365
-3069
-5036
-1659
-2157
-2243
-879
1101
1831
2244
6320
7818
6739
2670
1867
3357
9076
13219
14015
8140
6359
10441
10751
7767
-4066
-7111
-4885
4515
5690
-1247
-5497
-9500
-5393
-7548
-10112
-13830
-15821
-9647
-5224
-2535
-3772
-4977
-4521
-10594
-9096
-2878
1765
-29
-3931
4782
10413
10880
5040
302
-1771
-3159
4891
9418
3799
-479
4098
8523
937
-6465
-4821
-4734
-5946
-4236
4670
6537
-2095
-5334
-1985
-1173
-5392
-3705
655
-460
-678
6415
8675
147
-7677
-1242
4934
1547
-92
2898
5911
-633
1581
6047
367
-5300
-2627
5504
2177
-65
2322
150
-2075
-606
3553
-172
-5423
-856
3233
2268
-900
524
581
-3359
-768
2770
1051
-3179
-1543
2577
637
-1570
-1517
-3436
-6174
-5653
650
-2078
-7125
-5449
-531
1736
-1774
1578
1462
2915
4987
11049
10673
2687
1224
5555
13630
10476
10552
8250
9295
8567
9899
8684
-6282
-12552
-10408
3321
2811
-7655
-10571
-8442
-5052
-11488
-13711
-13783
-18461
-12169
-3376
2758
-1569
-5791
61
-4547
-6093
-3429
5196
4317
-2611
7983
16517
13808
3457
-1700
-219
-1682
1709
6744
3722
-457
122
7437
1627
-10804
-11781
-7128
-4290
-4700
3556
6929
158
-5013
-829
2154
-2463
-3709
-219
4686
6029
9744
9287
793
-5608
-1691
5146
1986
-1931
117
3768
2400
1341
1815
-2975
-6103
-3050
2730
3411
299
959
1057
-351
489
1811
-1327
-5912
-1735
4744
2648
-2095
-2503
-1277
-2315
-2484
-392
-1399
-4280
-2140
3019
2672
-2695
-4165
-2241
-2432
-3574
-1544
-48
-2996
-4218
-2876
-568
-4553
-5688
-1672
1854
8528
8650
11131
7745
7560
11148
8476
5583
-648
11319
18305
19579
10752
-218
5535
4966
6170
-8080
-15236
-12606
-5799
5791
-5649
-14760
-17196
-8974
-2953
-13438
-15817
-16044
-9141
-2030
-846
5020
281
943
-1203
-4758
-1388
-792
5329
958
2050
12094
15809
10355
-6208
-10432
-4010
539
3715
-459
-698
347
1235
1076
-9011
-13350
-11889
-2481
5349
6177
8286
6370
4036
-84
-851
1085
1979
3033
5305
9570
10861
9023
579
-4875
-5288
-3167
-84
-692
1411
-392
777
1805
122
-2669
-8077
-2502
2475
4458
3268
2391
3434
-218
1149
1124
-1101
-4174
-3884
3227
2546
-1415
-2749
-1905
-1944
-5962
-3572
-1576
-3302
-4293
-1745
3543
817
-4297
-5881
-3305
-2723
-3347
-2656
-1889
-2213
-3273
-428
-2255
-4525
-4478
2066
8597
9071
8123
7821
10696
9761
8322
4187
2723
7531
14646
18337
11792
1215
403
4505
7235
-2851
-15110
-13593
-6070
4964
-3283
-11343
-14730
-9497
-1060
-5945
-8711
-14376
-8413
-105
2468
3350
-236
3082
1661
-3499
-656
1146
3388
-2464
-2687
7900
11620
9454
-2725
-8158
-6755
-2370
2542
-2220
-5230
-1732
3780
3270
-6277
-10317
-7985
-4565
1151
5072
9006
7121
3517
1403
-961
-1386
2246
4592
2737
3476
7626
12284
424
-9252
-8833
-3826
-211
-2544
2458
-70
-971
-313
1286
-839
-8389
-2483
3859
6421
3630
2478
4095
-492
-267
908
190
-3196
-5612
901
2446
603
-3314
-4584
-1804
-2854
-1721
-1899
-1912
-1138
750
5912
6163
-88
-3527
-1495
2946
1871
-534
1083
762
-893
-2859
-2835
-5679
-9099
-7943
79
4433
3665
4478
4152
4846
2317
9032
11240
7378
2535
2928
16704
15909
10919
-1292
-198
9103
9545
8065
-10497
-16829
-15281
-1921
4625
-10158
-14498
-9619
4120
223
-14875
-17729
-17268
-7499
-1064
3984
6619
1454
3707
-769
-4278
-5771
-3294
2294
-202
6733
15427
16029
4006
-10524
-11859
-6678
-669
57
-4493
-4421
2232
7526
-150
-13342
-13383
-3506
5284
7445
8101
8929
5286
4586
5746
2476
-1750
-1867
5899
8827
6030
6304
3963
-2318
-9715
-5592
655
-2035
-4847
-1195
6867
2833
-2198
-1877
-1792
-4074
-4886
3998
4729
-1072
-1760
1943
2171
-5189
-5442
-3597
-5734
-4053
-337
3093
-1484
-4413
901
243
-2713
-3651
-172
3706
3088
5577
5466
2047
-492
-760
1846
-217
755
2593
1916
195
-1927
-1152
-5562
-7132
-6677
-2908
847
2520
5446
3243
3587
4233
7941
8661
7461
9483
7901
7712
10271
12420
10049
-412
-354
7262
9274
4502
-11447
-15602
-16085
-6358
-1539
-10235
-11093
-9582
1358
-2359
-12212
-18125
-18867
-7285
1065
7057
6061
3880
6495
-140
-5015
-5026
-2014
1485
-313
8912
14289
10193
-72
-10235
-11938
-11276
-3850
868
-2749
-3301
3910
8385
-223
-11672
-7936
-280
2328
4099
9186
11433
4703
3641
7504
3925
-3940
-1770
6860
8268
1332
3006
6347
-1552
-8278
-4758
3313
-2066
-6257
1970
8326
2055
-5260
11
2213
-4528
-6729
2476
5556
-2046
-2835
3704
4003
-5057
-7577
-2044
-1962
-2544
1142
4635
893
-4626
313
3223
-1087
-4910
-1225
5021
3145
3
440
2182
741
-1024
-1682
-966
-2184
-3830
-2865
-2937
-2821
-5048
-4379
-3891
-3106
528
5402
9394
6285
5302
9442
12448
7883
-1616
817
12087
18245
16504
7039
3517
3877
5350
3921
-9653
-17759
-16175
-3391
3549
-6111
-13341
-12800
-4276
-4016
-11903
-14605
-13852
-6024
1786
5448
5697
2028
3856
2649
-1840
-3087
-1375
2303
857
3860
11190
11173
2347
-9367
-14484
-10753
-5081
-635
-2022
-4466
1012
5347
1693
-9378
-12660
-4017
4535
10325
12083
11516
9531
7814
6418
811
-4323
-791
5986
7189
4349
3384
3600
-2607
-10042
-9040
-4721
-2392
-2800
-798
3863
2678
310
-346
-806
-2839
-3493
3966
7534
2144
-1215
3842
6247
-2052
-6193
-1758
-1680
-6233
-3296
4570
2745
-4823
-3425
406
-3628
-7899
-2807
2711
-448
-728
6781
7316
-2335
-5021
1785
3982
-2065
-2480
3893
2928
-1616
-2658
-1776
-5547
-8898
-2698
3480
5940
4136
6148
7991
4826
6797
6297
6712
-1157
1267
15488
18065
12480
-2530
2453
8220
7529
-243
-15118
-14781
-12067
1601
1953
-8296
-11047
-7757
2461
-6541
-16193
-17156
-12061
-27
607
2870
1809
2515
4109
-5280
-7513
-7540
-2006
-1016
-958
9077
12593
7985
-3282
-9118
-9214
-7303
-1308
1246
-426
686
8094
9669
-641
-9785
-6714
1815
4493
7862
10441
10508
6031
1888
5006
-816
-3954
-2298
3911
8077
852
1270
-1363
-5862
-8095
-5177
635
-2826
-2629
3242
6627
2284
-1366
885
1657
605
2605
6397
3585
-472
1222
3594
1663
-2513
-2969
-4072
-5502
-1661
1283
-1679
-6916
-5227
-439
-3043
-7070
-4546
-49
1706
1228
2510
2268
-1356
-710
2253
2855
255
-166
3115
2688
-2153
-4428
-3969
-3492
-3735
-3715
-192
2674
4320
2590
542
2239
6148
10567
8545
5020
2074
6102
13114
13974
7985
96
5317
11156
11057
-98
-10735
-10114
-6827
-506
-4792
-7435
-5130
-1878
203
-9974
-15525
-16277
-12831
-6208
-6944
-3544
411
5284
3769
-7727
-9548
-7354
-3181
-2261
819
10795
12474
8266
2369
-2474
-5572
-5735
-1085
1054
-2060
2950
12629
10251
-2827
-10878
-2893
2760
-1091
-852
4764
9091
5614
2957
3806
-2944
-7446
-2991
3149
3208
-3317
1140
5936
249
-4926
-4213
2061
-1192
-4190
3870
8532
5920
138
2021
6326
1155
-1645
214
2263
1052
-784
3779
3865
-1603
-5289
-5580
-4069
-5081
-5018
-1709
-596
-1750
-2294
-1806
-1300
-3192
-3783
-626
2528
3738
2847
3453
4319
2763
500
-1366
-142
-249
-1492
-1716
-1802
-2144
-5070
-5123
-3572
-3425
-787
1957
3763
3255
3495
8425
7343
3008
-786
3671
12693
14909
13546
6321
7430
8967
9014
3815
-5835
-6459
-6213
935
-248
-5112
-6068
-5159
-1437
-9802
-16405
-16745
-12595
-8322
-11551
-9177
-3879
1793
1801
-5333
-7137
-7734
-4083
-1105
1928
7350
10317
12348
8760
3552
-947
-1226
-130
46
-697
2083
8250
7599
2235
-4197
-3395
-2144
-4099
-3986
-2163
2092
3051
2687
1361
-1160
-1381
-803
-222
-1331
-2612
-189
3436
4568
2449
915
965
1372
1136
1694
2501
1748
3226
4313
6020
4165
798
-564
-2446
-993
-1698
-1283
-595
-891
-598
-3262
-4189
-4318
-4558
-4259
-3918
-1756
-758
-1723
-825
697
1047
-865
-951
1788
2875
3604
4803
6913
5509
2024
1215
1637
1509
-739
-904
951
983
-945
-2810
-3901
-5253
-6262
-5092
-1766
-207
694
1952
3331
3500
1971
2649
3378
1842
1936
5596
10127
8945
4628
5871
8176
7764
918
-3825
-3222
-2267
975
-81
-502
-2700
-3940
-2908
-7920
-12262
-15085
-11024
-5661
-7048
-7563
-5959
-1090
-1122
-6060
-6737
-4829
-2489
-2704
-1175
3097
4965
4173
3878
3939
2680
281
-935
502
-490
443
3122
5467
5077
1165
2725
2738
345
-2812
-3231
1093
796
1229
3063
4992
4070
64
-295
-264
-949
-1720
-127
2359
3304
3473
3985
4210
1400
-2
-681
-421
-458
-297
2314
2493
2466
420
-319
365
-2071
-3553
-4223
-1872
1
-788
-479
-750
-1389
-2454
-2848
-1247
-1182
-1865
75
2159
2821
660
-1137
1047
2260
2948
2308
2063
1918
-514
102
738
1230
760
91
1423
454
-537
-1424
-1796
-1961
-2907
-694
1516
-35
-3178
-4047
-1073
474
-546
-736
829
1827
1088
363
421
312
-1516
-759
1236
2273
2218
2088
4098
2594
629
169
-98
-1828
-4979
-3049
131
1130
-333
-1239
668
-524
-3008
-4112
-2754
-624
-1240
-206
1471
1280
-1206
-3410
-2366
-2189
-3394
-3148
-672
905
-234
-1860
-1725
-1109
-1779
-1527
141
316
-916
-619
1278
1449
-978
-782
1781
2888
1498
502
3016
3755
1777
745
1868
3412
2238
2005
3525
4236
3758
2340
2251
809
-312
1036
2569
2403
-592
-419
1667
1483
-815
-2769
-1462
-1191
-2272
-2778
-2432
-2057
-2894
-2644
-2228
-2118
-2285
-1758
-157
-265
-745
-1594
-1051
505
1312
2662
2684
2487
1478
1054
1888
1914
1343
419
1655
2403
2018
937
-52
-279
-2070
-2028
-871
405
-70
-1751
-884
-644
-747
-1876
-1886
-550
-701
76
278
649
192
-72
1108
710
261
-274
762
1048
-521
-1522
-1772
-1049
-2529
-3104
-2106
-898
-864
-2064
-198
1702
2276
504
-1309
-468
278
1557
1814
2143
2590
1926
2412
1646
43
-1123
-298
2054
1500
-124
-552
510
192
-1479
-1782
-919
-504
-1732
-1698
-1487
-1791
-2938
-3121
-1546
-1539
-1580
-2316
-1811
-1451
-1998
-1293
-1360
-683
-652
485
2788
3511
3576
2593
2806
2935
2412
2217
1875
2053
2077
3205
4489
4122
2181
150
-454
-717
-1699
-2586
-2222
-1710
-1031
-1286
-1766
-2298
-3504
-2950
-2765
-2281
-2238
-2012
43
794
1725
1423
1224
1568
1325
2240
2121
2314
2555
2812
3402
3200
2747
1136
-618
-1307
-568
-204
-537
-1051
-1327
-1098
-1452
-1010
-1426
-1865
-1726
-1309
371
1005
1844
2355
2524
2919
2233
1846
1652
1936
2105
952
180
196
14
-728
-2367
-3571
-4118
-4997
-5029
-5244
-5071
-4447
-3857
-2785
-3650
-3765
-2822
-1510
-688
-1316
-450
590
1961
2576
2479
2881
3159
4212
4346
3830
3022
2584
2579
1901
1490
1082
1555
1627
1227
800
-32
-105
-983
-1353
-2013
-2850
-2667
-2478
-1309
-1251
-1080
-733
-1038
-1368
-1943
-898
34
685
1004
1678
2982
3144
2761
1213
274
128
995
2783
3062
2587
1826
1590
851
-1166
-2468
-2841
-2711
-2331
-1484
-627
-1170
-2410
-2678
-2518
-3164
-3904
-3533
-2099
-715
521
1869
1997
1368
1096
1696
2068
1158
1251
2605
4035
3929
2765
2193
1276
153
-454
-285
-472
-1295
-920
69
-42
-841
-1138
-897
-798
-776
7
899
1086
1916
2780
3073
2485
1812
2441
2046
1226
397
180
729
14
-611
-1727
-2467
-2829
-3760
-3643
-3809
-3706
-3456
-3652
-3505
-4053
-3917
-3145
-2693
-2019
-1469
-316
538
242
-176
179
1474
1987
1400
1304
2177
2984
3151
2835
2165
1404
1066
1692
1788
859
155
612
1452
967
-19
-668
-1000
-1127
-869
-577
-486
-697
-930
-513
-298
203
337
524
1170
1208
2003
2190
2095
1480
507
1561
2038
2541
2322
1815
2303
1418
1174
252
-885
-1492
-2132
-1167
-1175
-1958
-2436
-2430
-1921
-2791
-4184
-4504
-3849
-3046
-2532
-1768
-590
-223
-338
57
105
11
-212
508
1723
1982
2489
2349
2056
1177
44
423
394
177
-421
-427
657
544
124
-740
-1252
-891
-979
-624
-157
705
1848
2455
2549
1803
1408
1679
2148
2428
2071
1777
1867
1953
1171
-133
-822
-936
-1156
-1708
-1756
-2022
-2289
-2671
-2934
-2315
-2501
-2333
-2228
-1830
-966
-957
-234
-368
-789
-737
-487
479
304
233
465
347
797
938
1108
664
-143
353
800
1390
1199
674
1098
1047
1407
783
-14
-4
267
910
506
408
282
122
130
-86
-253
-350
-193
-319
47
644
1468
1492
1022
1085
705
767
540
832
1597
1778
2231
1654
998
292
-388
-289
-596
-698
-1286
-1614
-1442
-1596
-2083
-2877
-3065
-3474
-3974
-3534
-2152
-1589
-1815
-1713
-549
311
-266
-723
-1069
-113
884
1719
1973
1194
1509
1968
2069
1033
42
274
896
1352
1007
513
78
-51
-18
-620
-1123
-860
-5
538
465
599
686
491
139
192
475
709
1070
1158
920
388
219
42
-444
-542
-711
-1064
-979
-947
-840
-1055
-1185
-822
-1196
-1193
-1218
-511
-49
-288
6
-130
81
-151
329
624
501
393
345
1281
1124
867
636
615
494
409
1067
1041
1053
1242
1708
1354
141
-179
-212
-192
-554
-360
269
-60
-193
-478
-421
25
-113
-285
-181
665
1507
1690
1396
627
211
930
1881
2196
2005
2247
2868
2854
2064
312
-1106
-1579
-1240
-846
-1022
-940
-983
-801
-1333
-3093
-5156
-6108
-5195
-4475
-4028
-3424
-2469
-1856
-2062
-1974
-2246
-2970
-3584
-2295
-68
1086
1949
2271
2677
2292
1883
1874
1407
1357
2026
3620
4032
3152
1985
1796
1734
771
382
186
614
707
1124
1746
1355
617
-262
-287
-464
-306
25
132
461
350
668
271
-337
-858
-1343
-1275
-1796
-1847
-1708
-1117
-482
-818
-1307
-1958
-1864
-1560
-1420
-858
-277
195
220
342
656
268
-474
-563
331
1047
1147
1121
1104
975
413
182
162
422
603
970
1497
1127
717
238
616
452
140
136
124
872
473
323
-182
-407
-563
-1482
-1792
-1998
-1509
-1127
-552
521
1482
2164
2455
2632
2860
2970
3078
1968
1565
3183
4994
5589
3592
3651
3866
3208
1669
-1644
-3271
-4503
-2253
-1335
-3028
-3009
-2442
-1670
-5406
-7952
-7419
-6737
-5238
-5081
-3358
-2538
-1520
-214
-2240
-4147
-4720
-2302
-617
-866
667
3643
5612
4099
1616
327
406
26
129
1199
2163
3140
2811
2568
1041
-70
256
-50
370
442
2014
3043
2560
2672
1470
877
-402
-1181
-806
-403
1426
1245
198
-620
-1205
-1080
-1768
-1968
-2215
-1807
-217
250
79
361
919
182
-1314
-1022
-165
-342
-217
1207
2268
1274
368
332
-382
-1324
-1245
701
1502
609
299
329
277
-826
-990
-504
-607
-56
1006
1673
688
146
720
848
-5
9
1583
1635
525
-398
-198
-1159
-2717
-2295
-2017
-2109
-3473
-2712
-799
-74
1516
2305
4071
3714
3654
5660
5476
3907
-118
2738
8428
9762
6804
1718
4306
4146
2683
-1173
-5994
-6540
-7358
-1334
-1572
-3831
-4143
-3571
-2439
-10118
-11091
-8111
-4005
-1930
-3852
-734
536
2220
7
-5006
-5697
-3874
438
800
794
3700
6305
5330
572
-3606
-4848
-3078
-1600
560
1335
2946
3737
690
-1848
-4272
-1760
-309
-576
1173
3024
6470
5180
3002
1544
-487
-580
-450
829
1885
1641
2182
1741
-464
-1508
-2203
-1177
-1433
-1545
1243
1930
1445
-576
-342
1336
-117
-183
890
2003
1492
-291
1376
2052
619
-742
-1436
-683
-1581
-1181
575
757
-425
-1730
-883
-614
-1626
-868
1244
2695
1880
1509
3176
2623
893
150
2011
3105
1630
1983
2011
1225
-1510
-2659
-2542
-4551
-5264
-4384
-2127
-3436
-5545
-4680
-2484
-295
408
2662
4896
5125
5376
6153
6046
2710
-302
3785
8983
10349
5420
1731
3770
2509
483
-4643
-6921
-7603
-6161
-302
-1627
-3750
-5287
-3019
-3868
-10807
-9638
-4888
473
1058
-538
1374
1338
2056
-1023
-5243
-5188
-2233
2430
2116
1834
4117
5145
2263
-3887
-7268
-5410
-1611
730
1045
779
2819
1967
-2020
-5889
-5404
-1008
19
1357
3685
5925
5432
1767
378
-1087
-2025
-299
2513
4371
2977
2718
4254
1684
-3059
-4384
-1158
1069
-290
1008
4335
3441
-488
-2035
161
321
-2021
-116
3131
2795
-856
-2553
786
1090
-1541
-2658
-1167
971
-429
-382
1153
856
-431
-868
1415
1270
-575
1319
4342
3638
80
311
3226
2124
-864
-188
2745
2771
-318
-649
890
-569
-2163
-2240
-1114
-1814
-3369
-1361
-1551
-4086
-6543
-5963
-2787
-2990
-93
3843
5281
3648
875
3829
5848
5078
2553
-163
1362
5073
8318
7700
487
-3410
-2042
1965
3043
-4906
-7982
-7218
-1583
-177
-5293
-2985
-1493
366
-3856
-6743
-2871
-2629
317
187
-555
-291
778
4940
-1029
-7596
-6193
-818
2022
-2109
-23
5159
4101
-1528
-5997
-5407
-3379
-1819
1252
2312
1170
2140
1052
-1956
-6370
-4410
2373
2787
2324
3567
7470
7268
394
-1538
-937
-65
1997
2931
5841
3774
948
1612
-1068
-2775
-4228
-358
3364
603
-93
809
1582
-1716
-4832
-1200
1493
678
705
1393
1253
-2326
-3098
817
1323
566
208
1312
2310
686
1100
1137
431
351
240
2393
2847
2275
714
-701
-59
-356
-107
-64
1267
2115
1209
-211
-1240
-871
-1120
-1132
-1654
-590
456
233
-406
-1909
-2448
-4666
-5714
-4795
-3779
-3454
-3257
-312
1730
2238
2291
2532
1745
1111
3541
4876
3094
-1214
1177
6548
7473
4056
-2408
157
2547
5152
2686
-4752
-5366
-5735
1304
489
-2033
-52
-37
2193
-5439
-6905
-4172
-2202
1197
-2232
-477
873
1972
755
-6687
-6342
-4574
-1755
134
593
3840
1634
-1903
-4056
-5966
-5364
-2392
1258
2533
363
1760
3478
-1424
-5988
-5177
2849
5232
2050
5801
9222
8076
159
-3066
954
-110
765
3957
6327
3077
-2891
-342
1105
-4415
-8025
-3431
3845
2869
-1444
1062
2425
-2893
-6368
-1961
5029
1517
-1051
4745
5541
358
-5115
277
3706
-1574
-675
2798
4470
435
-725
2896
-772
-3769
-1724
3107
4374
69
-289
-709
-1612
-1886
-1396
1308
1346
2469
2857
845
-1011
-2339
-857
-232
-365
518
1755
1920
-466
-2747
-3710
-4323
-5253
-4705
-3537
-2805
-2249
-2187
-1634
-1813
156
2487
1346
728
2155
7142
6901
2307
-480
-1114
4365
5838
5828
1573
126
4580
5433
4321
-5248
-7848
-5305
1308
4698
-777
1350
2296
2136
-5400
-10284
-4861
-2659
1245
392
-293
-646
-2170
-224
-6279
-9358
-7189
-1894
2867
-11
875
307
-2329
-5028
-7253
-3648
513
3590
3757
2004
2498
2499
-927
-4364
-2559
3674
6464
4726
5595
6769
4337
-540
-2948
-1081
-1275
-432
3422
4053
323
-3864
-2262
-667
-5044
-6238
-672
5134
4038
432
2173
2399
-2304
-3751
1515
6377
3411
1652
5664
5253
-328
-4424
-1561
741
-1376
376
3385
3264
-444
-3144
-1799
-2476
-3431
-1382
2522
4611
1282
-552
-506
-913
-1980
-2000
2074
3096
2733
2897
2326
805
-2750
-1845
-164
-433
-354
280
1851
-1009
-4505
-4070
-4043
-5424
-6600
-4278
-1015
-3220
-4416
-3117
-1512
-714
-257
2812
1920
1044
4046
8120
6015
-1058
-2871
3619
9956
8959
5031
1388
4781
5913
5070
725
-5562
-4518
-2205
4635
2609
-1813
-1113
-1217
-2519
-11037
-9902
-3521
-1182
-503
-3764
-1900
-1366
-1663
-2616
-6798
-5637
-3073
1430
2679
1046
1564
160
-1483
-3735
-3119
978
2827
1860
663
2104
4844
2262
-2825
-3718
-491
3469
3138
2552
3445
1651
441
-1004
-1592
-2048
-2413
2563
3324
1004
-1217
-871
2323
-1017
-2224
-129
3172
4079
1828
3680
3143
137
-2233
42
4613
3031
702
1947
3546
-247
-4766
-3270
-821
-794
-534
2822
2292
-2558
-3785
-1311
-540
-3475
-1632
3859
4890
1925
-846
-434
-991
-2663
-448
2834
3836
2070
1582
1889
-1514
-3889
-2963
-580
-678
-1197
1378
1494
-2845
-6828
-5660
-3413
-4752
-5167
-2050
1132
-991
-4388
-4606
-3298
-1322
-594
4021
5324
3488
3619
6350
8945
1334
-2355
173
7526
10365
7143
6606
2770
3168
3162
3890
-534
-7596
-5395
860
6087
-860
-4500
-1644
-1665
-6060
-12131
-5720
-1737
-891
-36
-1444
-190
-3229
-783
-2317
-6679
-4070
-452
5369
1847
270
2579
-582
-3462
-6525
-2004
2124
1061
1653
1320
2731
2028
-1400
-4061
-5722
-1302
4076
4260
3067
1907
2137
509
-3777
-2889
-1287
690
3184
3663
4791
1069
-576
-257
-2524
-2058
-113
5267
6164
3197
3555
2015
-1067
-4794
-2097
3920
3118
1004
1533
3256
-84
-5473
-4574
-1576
-594
56
2459
3115
-193
-1901
-437
-720
-2447
-630
4068
4924
1075
-1126
-403
-890
-2912
-2735
700
2529
1119
137
-708
-1659
-3575
-3597
-1430
-664
758
1333
858
-2249
-4984
-2639
-857
-1273
-2489
-510
1862
-1782
-4593
-3963
-1792
-2576
-3998
-56
2627
3829
3444
3865
4087
2330
3369
4378
4663
2732
4451
9881
10920
5003
-749
2257
4775
1122
-5138
-4180
217
407
-372
-3485
-3529
-4702
-5157
-3453
-4521
-2488
-2997
-579
817
-2821
-2097
-1121
2220
-1100
-4717
-696
-966
-2691
-5210
-675
3853
-1960
-4501
-3207
73
-1022
-4014
-183
607
1062
2328
2245
535
-3598
-182
3737
2481
1755
2755
4926
1750
-1776
171
1245
263
213
3610
5092
27
-2663
362
1945
-916
-2829
1122
4353
2319
991
1349
343
-2758
-3103
1359
2926
1303
694
1626
783
-3261
-3161
678
1851
255
43
2993
2303
-1665
-2469
115
1415
-1709
-2428
754
2678
625
-2535
-2591
-1643
-696
-292
-109
-83
23
289
-681
-1852
-1664
-278
284
137
417
1056
636
-712
-1293
-1532
-1083
-1073
-1314
-1976
-2843
-1591
-1478
-2488
-3766
-2628
70
-432
-120
1706
4960
5061
2206
3627
5575
5500
2086
848
5207
6878
6835
3873
455
-121
-32
3409
1037
-3659
-4455
-2460
1175
-2439
-3427
-1299
-689
-2010
-6417
-2786
-301
-1644
-2885
-3009
1690
-180
-1891
-3072
-5059
-3201
-4310
-2346
-3347
-1957
3674
2101
-596
-5277
-2357
1739
55
1312
1257
5378
5825
2641
1107
-1276
2388
2706
1393
1952
2726
4076
-912
-2725
-396
-182
-1848
-3868
162
2424
218
-618
-720
-874
-3128
-1412
2567
2034
971
1889
3555
361
-3552
-1626
738
681
-353
1499
3237
30
-2283
-1845
-255
-213
-1056
1598
2904
1780
-620
-1942
-583
-955
-879
-313
881
1342
-777
-1291
-1033
-1019
-1713
-1153
1054
616
-634
231
2103
1008
-1620
-568
1483
955
-219
1195
2654
910
-329
1163
1509
-946
-1577
1218
2392
217
104
2532
2104
-974
-1228
1591
1707
-78
916
2853
734
-3077
-2577
-430
-1307
-2946
-1561
-29
-1735
-3002
-1425
-798
-3464
-4487
-1287
1276
-6
-1690
51
1306
-212
-1139
360
1931
563
296
2231
2961
1430
-263
738
1100
138
343
1704
2040
307
-327
371
49
-1214
-1421
-132
590
332
525
540
-605
-1676
-1309
-547
-795
-796
-72
157
-624
-1203
-913
-1387
-2003
-1538
-206
277
-652
-610
-250
267
300
-261
87
255
1000
930
192
286
-149
11
-159
-62
283
-494
-339
-265
-75
-6
-179
424
75
-329
278
1274
1693
1098
1168
1822
1537
902
717
1344
1528
1131
1250
948
120
-751
-426
106
-280
-591
-448
294
-108
-767
-947
-879
-245
-138
453
107
-491
233
810
1106
25
-177
171
-653
-726
-104
1414
1551
540
392
-41
-344
-505
275
993
439
442
824
872
-429
-1670
-1499
-1360
-1210
-1173
-776
-1029
-1684
-1660
-2124
-2594
-2304
-920
-208
-427
-267
131
270
-193
-41
657
1249
1067
760
1165
1449
1769
1176
837
794
787
1837
2101
2061
1027
199
359
33
785
1092
737
12
-478
682
204
-976
-1564
-1214
-250
-1059
-1036
-982
-1186
-1767
-2439
-1792
-2207
-2196
-1380
-254
-6
-813
-497
-578
-982
-847
-240
-56
-997
-414
831
481
-1034
-1709
-843
-790
-512
672
1573
1128
-57
28
67
-169
459
1543
1585
317
646
2306
2123
367
-81
1075
1000
173
464
1274
744
-294
270
850
399
-540
-406
46
-429
27
793
1017
597
505
1030
283
-130
661
1581
1317
306
905
1610
1402
814
611
696
339
741
1235
1063
632
425
422
148
104
322
545
345
103
365
522
33
-1026
-1627
-1574
-1394
-1301
-1370
-1575
-2063
-2755
-3239
-3425
-3276
-2688
-2134
-1633
-1688
-2052
-1651
-1174
-1006
-1418
-1535
-488
376
995
1225
1101
1079
699
834
1065
1369
2125
2025
1738
1644
1861
1800
978
1019
1559
1614
1051
562
933
808
-182
-719
-675
-576
-743
-714
-478
-750
-909
-911
-1377
-1654
-1114
68
220
-694
-484
449
341
-1057
-1570
-389
242
-211
-230
565
705
-160
-515
110
-17
-530
22
936
954
-109
-259
-431
-1402
-1310
-262
758
-119
-1067
-231
140
-195
-862
-331
353
-191
79
653
1094
631
203
546
450
558
400
286
541
1138
1653
968
267
241
654
959
1133
1651
1632
1433
1490
1545
1402
1175
1416
1437
1461
1850
1977
1639
988
629
339
-18
125
416
270
-214
-401
-234
-791
-1483
-1409
-1436
-1761
-2351
-2193
-1852
-2221
-1960
-1892
-2166
-2913
-3336
-2410
-2051
-1729
-1647
-1775
-1405
-1411
-868
-834
-1165
-685
-309
485
771
834
1236
994
1093
671
232
785
1249
2001
1860
1189
963
777
1142
870
536
880
961
798
264
509
1026
307
-662
-717
120
237
-379
-41
630
299
-637
-886
-206
-34
-439
-460
-575
-659
-353
-9
-279
-1055
-657
414
507
36
-198
174
249
-47
208
146
-182
-413
-549
-480
-776
-630
-417
-843
-741
-522
-671
-1144
-1204
-66
73
-569
-235
582
1120
268
24
680
293
106
454
1480
1708
784
885
754
386
161
368
1441
1237
923
905
752
1045
763
1325
1704
1210
999
934
1843
2128
1690
1362
924
1110
1008
911
998
734
588
116
-135
-419
-868
-865
-972
-1257
-1786
-1735
-1289
-1364
-1737
-1794
-1482
-1712
-1784
-1440
-1146
-1252
-1554
-1041
-664
-689
-849
-1010
-985
-1460
-1448
-1167
-1084
-821
-599
-128
-923
-1854
-1554
-906
-168
-389
-123
268
-29
-110
-385
-162
12
267
912
1158
1500
1556
1061
405
309
965
1430
1644
1716
1731
1171
400
290
431
492
170
395
547
50
-174
57
686
184
-405
-196
235
720
515
528
190
-203
-85
101
519
117
-241
-314
-350
-302
-885
-672
-366
-535
-819
-1080
-456
-450
-599
-615
-511
-235
-349
122
460
498
73
-263
349
827
786
377
298
493
375
364
467
508
281
-58
104
312
344
353
827
1291
786
168
351
1152
1421
1144
1094
1102
786
643
815
850
566
208
257
64
-244
-353
-421
-473
-869
-1202
-1278
-1140
-911
-1247
-1580
-1441
-1029
-768
-1145
-1060
-707
-644
-891
-954
-127
184
-129
-400
-527
-596
-904
-563
29
-82
-325
-420
-142
-228
-598
-467
-310
197
584
892
1132
781
680
593
252
-77
126
1121
1427
860
274
-160
-601
-1141
-1022
-582
-368
-283
-214
-332
-928
-1202
-969
-732
-620
-301
230
326
240
312
345
220
69
544
998
881
804
911
1146
653
312
672
713
534
272
585
662
205
161
-36
-163
-426
-526
-126
-140
-50
-63
-202
-391
-814
-457
99
307
63
-295
7
196
97
45
89
152
-9
72
363
313
70
100
535
672
307
350
951
1080
501
242
807
1259
1004
814
732
477
32
-88
95
-132
-353
-467
-473
-701
-1046
-946
-934
-1194
-1522
-1237
-481
-512
-1001
-1153
-644
-140
-350
-545
-519
-89
237
210
412
507
674
623
470
488
306
593
852
739
343
-294
-170
-105
-237
-294
-583
-489
-621
-526
-340
-608
-509
-560
-410
-265
-275
154
121
73
0
76
375
5
69
338
387
118
-352
42
247
53
-112
-196
72
-227
-432
-195
-57
76
-156
-179
-247
-470
-296
-118
-25
-170
76
609
196
-434
-311
366
421
-355
-297
325
569
248
-89
168
-66
-483
-527
-270
0
-157
139
361
63
-130
-16
370
90
-167
530
1288
1398
763
465
596
410
363
571
955
1039
769
622
349
134
79
285
429
178
116
322
555
404
161
82
-76
-307
-439
-187
114
116
-212
-611
-757
-676
-605
-670
-776
-728
-577
-522
-622
-849
-997
-1019
-1037
-896
-665
-407
-300
-420
-372
-327
-119
78
154
394
556
762
839
918
963
788
783
623
360
347
559
686
373
91
140
71
-206
-312
-76
287
192
47
157
203
245
55
-1
-152
-399
-245
-91
5
-331
-604
-507
-647
-786
-864
-607
-376
-530
-688
-719
-383
-275
-530
-646
-523
-262
-205
-172
-80
35
143
170
136
103
265
363
309
77
-39
143
168
35
-275
-353
-171
-138
-291
-524
-388
-236
-214
-184
6
219
174
233
209
357
623
906
1104
881
830
836
918
862
549
621
634
672
688
607
646
330
243
260
287
377
221
412
430
296
121
-74
76
64
150
75
-198
-186
-202
-142
-241
-489
-586
-634
-656
-739
-596
-360
-344
-566
-757
-774
-758
-677
-617
-453
-394
-320
-154
-135
-190
-288
-111
62
64
184
475
839
650
344
378
440
400
136
210
376
380
346
275
205
-19
-167
-256
-219
-104
171
520
486
108
-189
-199
-249
-379
-325
-76
45
-133
-326
-297
-316
-530
-724
-720
-588
-486
-355
-243
-272
-410
-508
-461
-350
-225
-4
85
-22
-23
138
186
-48
-115
42
66
-60
-14
171
94
-173
-306
-221
-210
-255
-231
-177
-106
-70
35
23
-153
-76
200
448
376
294
535
823
872
629
682
800
732
539
391
609
695
654
535
363
266
48
81
217
140
40
37
212
228
137
165
38
-228
-351
-79
328
335
70
-47
-73
-219
-406
-341
-148
-140
-184
-104
47
35
-119
-155
-249
-440
-394
-115
151
104
15
15
-141
-306
-306
-35
118
34
26
119
152
-24
-115
-129
-239
-355
-276
-3
6
-189
-279
-260
-330
-440
-348
-217
-243
-287
-57
184
119
-57
8
258
221
-41
-146
-60
41
128
231
181
-85
-320
-389
-268
-249
-295
-243
-256
-204
-246
-259
-329
-469
-440
-276
106
252
208
180
133
139
24
68
264
284
243
205
224
167
-67
-223
-216
-187
-129
-113
-84
22
-21
-32
-119
-194
-6
319
609
582
602
710
665
455
297
499
660
644
627
583
552
266
-44
-124
-179
-83
2
41
-98
-284
-214
-192
-353
-556
-430
-171
-76
-68
-117
-94
-92
-92
-48
-16
-57
-102
-40
1
-11
-60
-21
-56
-227
-285
-262
-243
-309
-295
-164
-53
20
-31
-97
-119
-50
99
109
116
133
307
424
351
349
278
306
218
144
255
382
512
378
206
132
68
6
-151
-231
-215
-130
20
26
-50
-136
-145
-109
-103
-57
50
156
213
247
180
34
-171
-198
-65
-126
-286
-401
-301
-294
-548
-628
-648
-641
-609
-440
-221
-206
-142
-118
-148
-196
-159
-31
41
48
56
130
12
-148
-177
-91
-46
-147
-102
-5
-62
-243
-317
-192
-99
-66
-13
58
158
208
273
310
311
294
297
407
481
633
713
619
467
341
328
265
224
143
28
-2
-67
-213
-350
-344
-250
-138
-56
-48
15
85
120
134
179
245
319
362
310
300
254
258
191
85
37
-7
111
117
-14
-170
-203
-217
-341
-362
-307
-149
-83
-179
-186
-182
-115
-26
-26
36
143
345
284
84
79
164
255
85
86
223
282
255
91
72
-90
-268
-226
-95
-80
-199
-77
22
-132
-342
-350
-172
-124
-126
-91
-28
9
-32
7
-29
-208
-275
-79
110
-7
-189
-233
-196
-337
-503
-476
-371
-344
-408
-287
-129
-89
-162
-73
123
160
211
275
404
346
208
222
180
106
1
-23
-7
-31
-42
-95
-186
-273
-253
-102
-36
-43
-46
-9
51
22
87
192
218
193
160
212
341
400
380
351
268
263
264
275
255
142
67
-28
-50
-129
-194
-176
-261
-253
-272
-222
-154
-193
-207
-268
-126
45
151
169
50
9
-4
92
162
89
-31
-131
-145
-130
-9
24
-125
-212
-161
-7
58
145
259
197
98
68
196
277
196
171
193
236
196
137
128
105
98
93
142
180
180
171
91
-11
-11
92
173
71
-74
-26
144
202
31
-69
-26
41
40
3
112
170
89
3
-72
-56
-41
-89
-107
-110
-41
-87
-243
-402
-504
-472
-413
-322
-284
-237
-157
-185
-217
-230
-206
-149
-139
-32
-6
-29
-105
-179
-114
-172
-201
-235
-124
-63
-139
-148
-224
-176
-172
-171
-150
-124
-30
-2
52
73
101
94
-25
-47
9
115
179
40
-41
14
55
82
26
48
91
-7
-59
57
193
134
-33
-64
44
149
189
163
191
136
191
312
331
288
186
266
193
84
176
262
244
97
45
107
120
87
6
34
104
83
134
199
267
206
147
174
227
373
363
363
357
237
200
157
148
112
25
-8
-19
20
24
-9
-109
-199
-193
-117
0
13
-41
-50
-78
-147
-116
-108
-130
-173
-212
-173
-214
-210
-216
-261
-373
-499
-415
-305
-291
-316
-310
-307
-332
-348
-331
-293
-297
-297
-198
-131
-128
-129
-186
-246
-256
-178
-98
-74
-73
-39
47
30
-70
-64
23
26
-11
15
114
229
205
79
95
187
177
97
135
246
329
369
256
112
31
68
86
75
140
229
247
156
74
16
60
13
-29
48
170
214
107
8
-9
60
44
-30
-5
80
91
73
-41
-64
-73
-64
-67
-87
31
16
21
0
-17
7
8
-37
-25
104
198
212
120
57
71
80
55
101
175
227
198
212
183
110
82
15
44
57
75
94
47
4
8
52
68
76
99
38
-8
-51
-50
37
-2
-24
-25
-45
-59
-111
-113
-92
-132
-174
-212
-216
-192
-219
-257
-285
-294
-280
-265
-236
-231
-225
-189
-172
-141
-161
-136
-148
-222
-205
-107
12
16
-48
-114
-147
-119
-75
-40
12
61
31
-13
42
101
118
75
6
59
106
147
174
202
229
178
170
204
248
237
179
166
171
165
153
127
73
-12
-61
-24
0
10
-4
-25
-69
-199
-194
-104
-57
-63
-95
-49
-44
-72
-99
-79
-43
-70
-66
-4
61
16
-45
-11
-28
-60
-27
25
48
41
10
-2
20
-4
-31
-10
19
31
82
172
199
155
82
107
126
98
157
248
261
186
163
177
142
68
32
63
91
73
87
123
76
34
6
5
37
74
60
23
1
-32
28
14
-10
19
-6
7
-29
-57
-97
-107
-129
-177
-163
-174
-180
-251
-242
-232
-282
-271
-274
-236
-219
-201
-175
-153
-155
-186
-141
-121
-90
-71
-12
59
2
16
64
74
40
-14
-13
34
52
29
43
67
54
37
96
142
71
-12
-3
44
63
34
53
84
37
-26
-44
21
53
19
-16
4
-22
-34
10
65
129
71
35
7
-2
18
38
73
56
22
6
45
70
36
17
63
60
35
63
75
73
27
-18
-13
17
22
-33
-72
-57
-21
-27
26
49
23
-5
-35
44
61
85
77
60
66
42
60
42
71
60
31
76
49
29
35
16
4
-29
-26
-25
-28
-16
-20
-27
-6
43
29
13
30
4
-51
-52
-10
20
-5
-28
-42
-72
-94
-100
-69
-75
-116
-111
-99
-123
-136
-143
-123
-82
-77
-68
-41
7
1
-26
1
-22
-16
16
37
86
91
86
32
6
1
-15
3
4
-12
-22
-16
-48
-78
-68
-46
-61
-38
-1
-14
-31
-56
-31
9
40
37
48
43
35
86
95
82
63
108
116
94
108
105
121
130
124
111
105
92
29
-9
-19
0
17
0
24
-2
-2
-21
-64
-89
-106
-69
-65
-45
-56
-41
-1
-27
-46
-68
-70
-97
-132
-58
-7
-13
-17
-24
-4
-70
-94
-67
-43
-6
-21
4
-11
-18
-14
-29
-6
-8
10
15
-7
18
30
21
16
9
30
51
44
49
31
9
30
54
46
32
56
57
45
54
46
27
1
-16
-34
-27
5
4
10
8
-8
-1
36
47
23
44
28
-6
20
33
54
79
61
12
-26
-27
-25
-16
-7
-10
-9
-9
0
-38
-56
-35
-19
6
25
64
63
51
47
40
-22
-38
24
56
65
42
42
46
28
12
9
-12
-13
7
1
-1
-9
-23
-43
-54
-97
-97
-81
-66
-39
-37
-13
-34
-81
-101
-73
-55
-35
-65
-79
-45
-83
-88
-114
-96
-92
-81
-42
-41
-1
12
30
10
3
-2
20
45
11
37
38
12
36
59
38
7
-1
22
-2
6
45
40
31
23
57
56
33
12
17
21
-2
14
44
44
42
29
-3
21
43
38
20
-2
23
35
-14
-36
-37
-75
-69
-9
-1
-24
-21
-9
-6
-9
2
27
10
26
26
16
72
37
22
44
58
50
17
40
57
35
13
-4
-34
-35
-31
-41
17
26
9
41
42
66
28
-2
22
56
94
78
78
54
68
87
58
9
15
59
31
0
-7
3
-12
-33
-44
-64
-35
-13
-16
10
22
10
-15
-6
-40
-49
-9
-22
-37
-16
46
-10
-79
-94
-94
-95
-131
-120
-113
-84
-111
-147
-110
-83
-86
-100
-97
-98
-72
-90
-70
-27
-13
-40
-53
-44
-41
8
3
-3
4
22
16
0
-7
-7
1
3
3
-19
3
28
15
13
9
18
53
33
47
40
23
41
39
52
28
26
41
63
64
54
74
39
48
40
10
32
23
35
65
67
51
71
65
58
85
91
140
122
85
61
40
58
48
41
19
53
54
16
38
24
-9
-3
-23
-49
-20
1
-19
-54
-7
-11
-16
23
-3
-19
-28
2
24
15
11
3
-4
-15
-39
-33
-3
10
0
-25
-28
-19
-16
-40
-51
-44
-42
-19
23
40
23
33
-4
-50
-66
-85
-59
-17
-7
-18
-26
-45
-52
-38
-45
-51
-53
-24
-5
-38
-32
-57
-79
-63
-79
-81
-71
-40
-46
-70
-59
-83
-84
-63
-67
-48
-21
-14
-28
-5
16
6
-6
-6
-4
-42
-38
2
-7
-41
-34
-23
-19
-14
8
44
54
69
54
50
33
21
15
13
31
4
-3
4
17
59
76
62
82
82
58
50
27
52
79
75
103
97
70
34
33
98
99
104
92
99
108
59
85
74
42
16
20
28
9
-6
-15
14
2
-1
-6
-19
4
68
59
9
13
9
16
-19
-48
-35
-28
-33
-45
-48
-41
-31
-41
-37
-51
-38
12
-3
-13
-32
-42
-34
-37
-16
-1
13
9
14
23
12
-16
-27
-29
15
10
-16
0
-45
-60
-69
-83
-78
-77
-92
-101
-77
-44
-35
-41
-51
-45
-31
-38
-40
-28
-22
-46
-40
-28
-54
-65
-52
-45
-40
-46
-22
0
3
23
37
7
-29
-20
-4
0
-16
7
16
5
-1
-19
-25
-1
-41
-31
37
36
31
0
2
0
-31
-48
-23
-9
-3
14
26
15
12
31
32
59
50
70
89
92
96
70
86
78
79
107
74
63
73
83
88
84
79
38
28
40
59
44
22
22
6
-15
16
54
44
69
44
53
62
38
47
29
35
28
26
25
53
31
4
-4
-20
-19
-35
-21
-34
-51
-33
-13
-32
-44
-33
-33
-15
-14
-19
-25
-26
-13
-29
-25
-18
-31
-43
-50
-47
-43
7
9
0
-17
-41
-48
-69
-62
-75
-46
-68
-75
-58
-67
-59
-92
-76
-82
-83
-72
-83
-87
-85
-73
-78
-78
-105
-100
-63
-38
-44
-61
-50
-57
-53
-56
-60
-37
-24
8
7
29
65
38
25
7
11
5
0
23
45
66
52
45
50
47
62
63
51
53
70
86
79
88
66
59
73
67
100
96
79
110
95
78
78
71
59
48
76
68
55
50
63
56
38
44
30
61
70
69
57
53
44
26
34
3
-12
4
-3
-4
8
10
16
0
-4
-13
-25
10
10
6
3
-9
-17
-40
-44
-48
-60
-66
-40
-30
-39
-35
-61
-87
-94
-78
-67
-56
-58
-60
-77
-92
-91
-95
-78
-86
-46
-32
-51
-46
-39
-26
-44
-55
-38
-32
-63
-55
-43
-48
-44
3
1
-15
-18
-23
6
-5
6
26
56
26
12
8
-9
-38
-55
0
-10
-6
3
3
15
20
-7
15
48
47
51
45
59
16
7
24
15
-10
-13
25
39
16
-23
9
19
4
-3
-6
17
32
39
32
43
19
-10
6
13
16
9
31
44
36
47
52
30
20
23
30
77
97
95
73
55
47
31
26
25
46
47
36
37
33
32
2
4
32
-15
-8
10
-6
16
4
-5
0
14
16
3
-21
-7
16
-3
10
6
-13
-39
-70
-55
-43
-36
-16
-20
-32
-40
-66
-73
-45
-50
-37
-20
-14
-31
-51
-31
-43
-47
-53
-59
-70
-43
-29
-51
-44
-48
-61
-59
-34
-32
-10
-13
-26
-3
-14
-12
12
7
-18
-32
-31
1
0
-7
7
8
-16
-14
9
-22
-9
16
28
13
-4
15
-2
-9
-20
-10
31
37
24
38
41
15
21
24
32
62
66
63
49
34
30
17
16
28
39
36
46
52
63
61
42
27
-1
18
24
22
38
20
5
-1
14
-4
-16
-32
-63
-28
-25
-8
13
29
38
0
-5
-6
-14
-16
-3
8
-10
-19
-16
0
0
-13
-17
0
19
-13
18
25
-6
0
25
48
11
3
4
4
-11
-28
-4
-16
-6
-11
-18
-3
-29
-32
-15
-6
-35
-38
-20
-26
-3
6
13
26
3
-6
-4
-18
-9
-15
-20
9
38
31
9
1
-2
1
-6
-23
-29
-6
-1
-17
-13
-20
-41
-39
-49
-36
-28
-43
-31
-40
-43
-58
-51
-39
-39
-29
-26
-6
4
1
-11
-52
-56
-42
-36
-3
-13
1
19
13
39
56
41
46
69
83
78
70
82
54
36
37
53
48
41
50
30
29
18
24
29
21
29
22
11
37
55
48
35
28
35
48
28
2
-3
-9
-9
-32
-13
-16
-31
-19
-13
-16
5
30
6
-9
-23
-32
-31
-36
-51
-27
-32
-26
-3
-15
-9
-23
-21
-48
-56
-38
-29
-3
10
6
8
1
-20
-22
-6
-18
-14
10
2
6
-12
-16
-11
-49
-38
-26
-48
-23
-16
-35
-41
-6
4
-19
-4
-4
13
-4
-3
31
44
29
4
4
11
19
-3
-4
-10
-3
3
3
16
7
10
17
49
45
45
45
55
61
34
41
35
62
32
18
22
-3
13
9
24
18
16
-4
-16
-17
-9
2
-10
3
-20
-19
-15
-25
-29
-25
-6
-19
-30
-8
-18
-26
-16
-50
-38
-10
3
-4
-32
-16
-35
-37
-38
-23
5
-4
-13
-26
-26
-30
-14
15
29
26
24
15
25
18
4
32
42
14
10
25
19
19
21
28
14
0
4
0
0
1
13
14
9
16
10
-13
8
12
1
17
13
-4
-2
6
-8
-11
-16
-20
-13
-41
-37
-32
-51
-27
-10
-2
-18
-32
-34
-31
-10
-25
-28
-22
-4
-29
-23
10
-14
-4
1
-16
-31
-14
-15
-17
3
2
-1
3
10
21
22
32
70
62
72
45
38
39
22
28
26
18
-2
23
12
41
39
33
34
20
32
23
26
6
17
0
3
14
7
10
-1
-6
-7
14
32
31
22
13
8
2
10
16
11
14
-4
6
9
0
6
-18
-33
-43
-32
-20
-21
-28
-38
-47
-53
-62
-68
-50
-57
-41
-28
-29
-20
-32
-41
-60
-53
-39
-46
-41
-52
-60
-68
-56
-44
-37
-30
-39
-10
5
-26
-28
4
0
-7
-11
7
-9
2
22
7
34
26
51
64
21
7
19
19
-3
-13
7
24
16
24
29
6
30
47
21
60
75
78
69
57
76
47
29
26
25
18
52
63
48
51
45
64
41
15
19
27
6
-3
18
16
24
9
-4
0
2
10
11
16
4
15
30
8
-4
6
-2
4
10
-4
-8
-20
-22
-29
-28
-22
-18
-30
-60
-43
-40
-34
-35
-40
-41
-48
-38
-41
-35
-41
-68
-62
-45
-49
-67
-57
-23
-56
-51
-43
-64
-46
-34
-26
-25
-25
-31
-12
-12
6
9
14
10
-6
10
9
12
4
17
16
35
48
46
16
-2
13
0
3
-9
-1
-15
-23
2
11
15
14
3
18
14
18
35
15
2
-16
-27
-48
-30
-9
-3
-15
6
26
13
16
8
17
36
47
29
38
47
63
45
33
53
42
41
44
51
44
49
17
28
51
48
43
33
45
13
0
-7
-1
14
19
9
1
10
-2
-4
-13
-14
-6
19
24
5
16
-1
-26
-18
-19
-33
-26
-39
-28
-10
-30
-37
-31
-20
-40
-36
-36
-47
-34
-8
-20
-25
10
-3
-4
-5
11
6
-26
-23
-6
13
-3
-9
-7
-16
-21
-15
7
-11
-20
-5
-16
-6
-28
-41
-29
-36
-30
-32
-19
-38
-35
-25
-25
-4
-5
16
-3
-9
10
-19
-32
-15
-2
-9
-9
-5
-22
-54
-33
-25
-41
-26
-16
-7
-11
-21
-19
-6
22
30
41
39
26
41
18
18
47
53
53
44
34
30
33
26
34
36
47
46
36
36
-6
18
20
8
38
26
23
15
13
16
31
44
56
49
13
25
41
43
47
25
5
13
-5
-1
11
1
19
35
24
17
19
13
14
-15
-4
3
2
11
15
-6
-26
-7
-22
6
6
-4
1
-18
-9
11
-4
-23
-6
-1
-25
-46
-36
-31
-49
-68
-80
-100
-88
-98
-86
-60
-64
-55
-66
-59
-47
-41
-39
-26
-40
-32
-38
-43
-24
-35
-32
-17
-3
6
-4
-19
9
4
-4
1
3
14
29
43
44
26
8
22
29
28
29
36
33
22
22
38
26
-4
6
9
-2
14
16
-2
-1
7
10
0
10
10
5
16
26
30
13
21
35
31
16
13
40
35
17
9
14
13
15
38
41
30
5
48
51
19
33
22
12
-7
-1
10
18
18
19
35
37
13
-15
1
15
16
10
11
-5
-17
-18
-39
-41
-34
-32
-51
-53
-44
-41
-26
-30
-4
-4
-25
-5
-15
-4
-17
-19
-7
-18
-1
-3
9
10
-4
15
43
8
-14
-12
-37
-23
-23
-4
-12
-21
3
-3
4
16
21
-3
-3
16
-3
-1
2
3
6
-19
-3
11
20
13
-18
-3
-13
-19
-32
-54
-62
-55
-61
-65
-35
-52
-34
-25
-16
-20
-46
-46
-48
-37
-28
-12
-2
16
14
6
4
0
2
9
15
34
55
57
57
57
31
23
69
63
57
53
55
49
26
25
12
20
28
22
27
27
23
13
6
44
32
-1
13
22
34
21
11
19
15
-1
-17
-13
-6
9
28
9
19
16
4
1
-4
-6
-12
4
-3
-16
-22
-20
-12
-15
-9
9
3
-17
-31
-23
-8
-15
-14
-9
8
-11
-21
-23
-34
-44
-48
-6
-20
-30
-29
-21
-35
-54
-31
-27
-22
-29
-4
4
-9
-13
-6
3
17
21
16
16
12
0
-12
-6
5
12
-15
5
-6
-27
-27
-44
-44
-37
-15
-7
11
19
17
1
3
7
20
25
-5
14
24
19
35
38
18
0
-7
-9
-22
-6
-9
-15
-22
-29
-15
-13
15
5
15
10
1
12
15
21
7
29
29
27
22
18
43
25
22
21
-2
-7
-10
8
19
3
16
39
28
26
31
32
24
8
3
18
19
4
17
2
-8
-5
13
39
15
6
25
22
-23
-25
3
-7
4
1
-15
-29
-38
-31
-48
-36
-28
-49
-40
-44
-47
-52
-40
-48
-60
-42
-31
-18
-22
-8
-21
-37
-24
-21
-6
-7
-13
-10
-3
9
15
26
31
17
19
40
60
38
10
40
36
12
21
41
61
14
-1
28
-4
-14
-6
4
1
-9
-3
-13
2
-13
-19
19
31
19
15
26
10
-10
-2
-6
-12
-32
-42
-29
-27
-16
-12
6
6
9
13
13
12
-9
3
7
12
-8
-22
-5
2
16
11
23
35
10
5
13
-1
10
23
28
5
-6
16
-5
0
-5
-10
12
6
-1
-3
10
9
3
13
-9
-12
-15
-25
-19
-16
-6
-22
-22
-20
-20
-36
-41
-32
-46
-7
-1
-7
-25
-38
-10
-13
-9
3
-6
15
22
9
44
29
17
30
34
37
20
19
22
-3
-21
25
11
-9
15
6
4
-3
0
-7
-16
-12
-19
-6
10
10
0
7
10
10
3
-5
23
10
3
10
9
8
8
9
-4
6
-6
-9
-3
4
-19
-30
11
-1
-1
5
1
-3
-17
-6
7
6
3
-7
-1
-3
-27
-9
1
-1
2
0
10
17
11
-7
6
6
-2
-4
5
11
-5
-13
-8
7
0
4
3
-1
-7
-20
-3
9
6
-16
-6
1
-8
-12
-19
-6
-3
5
15
13
14
12
11
18
13
2
0
0
-5
-6
-10
-38
-31
-12
-31
-49
-52
-35
-35
-47
-51
-57
-31
-12
3
6
-5
0
-2
3
7
13
34
22
-19
-10
3
33
37
30
34
51
78
58
60
35
15
7
22
23
8
10
23
12
-3
21
6
27
11
11
7
11
29
5
0
-31
-28
4
23
9
-18
4
11
13
19
-7
-2
-26
-40
-11
-19
-18
-11
-41
-27
-10
-26
-30
-31
-29
-24
-15
-23
-4
-3
-39
-35
-12
0
-1
0
6
6
16
45
35
6
6
19
21
25
34
32
9
-15
-9
10
21
-2
-23
-15
-8
-16
-15
6
0
1
-3
-12
-8
-19
-32
-37
-22
-7
12
3
-16
-20
-3
13
15
9
-30
-26
-19
-11
-6
6
2
-20
-3
-4
7
4
-1
10
10
12
14
15
5
-1
21
42
21
27
26
15
10
-2
9
10
14
-10
-12
-7
-14
1
-16
-1
8
10
16
9
12
5
-9
-11
6
25
21
0
9
24
7
-13
4
-6
-26
-9
-6
-10
-8
-5
1
-4
-5
7
8
4
-13
-16
5
6
-14
-21
-20
-22
-1
11
-4
2
-4
-25
-12
8
3
4
3
6
13
-7
-6
-4
-14
-9
-14
-1
19
23
22
31
16
16
8
0
19
4
12
19
28
20
4
12
9
8
-16
-18
9
12
4
2
-6
-2
9
9
7
13
13
-21
-20
-19
-31
-19
3
-1
5
22
-15
-14
-25
-41
-45
-60
-25
-22
-30
-50
-57
-26
-33
-29
-23
-7
8
13
24
-12
-6
-13
-10
7
4
25
0
13
2
-15
-6
-5
-7
-6
0
-2
22
8
4
-1
9
45
32
25
46
55
58
26
-10
17
15
5
9
31
7
-6
7
-6
16
-6
-10
20
14
3
23
20
18
23
29
35
15
19
22
23
16
8
3
10
6
-10
-10
-16
-4
-10
-6
-4
4
-6
-25
-5
13
22
0
-3
-8
-12
-39
-39
-22
-16
-12
-16
6
2
-4
-31
-32
-44
-58
-47
-28
-6
-14
-9
-26
-16
5
10
4
-5
-28
-38
-1
1
-2
-6
-8
3
1
1
13
16
15
15
9
7
20
32
16
12
-8
-5
9
9
16
-3
-9
-16
-12
1
1
0
7
18
19
16
25
15
16
19
13
6
1
-4
-37
-16
-20
-12
-13
-21
-26
-44
-29
-18
-9
-21
1
-16
-19
-28
-40
0
15
22
1
1
13
7
-7
-4
14
21
22
27
25
12
25
33
24
15
51
50
19
25
20
7
5
18
28
38
24
7
9
16
11
21
32
4
5
19
23
5
-4
15
8
3
2
10
3
-13
-8
-1
-16
-25
-18
-23
-27
-25
-9
-23
-24
-10
6
15
-25
-36
-37
-29
-13
-25
-36
-32
-31
-12
-11
-12
0
-16
-14
-10
-25
-26
-22
-28
-14
-10
-6
-7
-5
-21
-50
-39
-30
-39
-34
-16
-13
10
-5
-21
-3
5
11
0
9
22
23
28
25
27
31
25
29
12
18
17
6
15
19
27
22
17
7
17
13
13
15
20
38
33
41
26
14
36
41
12
12
40
41
18
6
18
11
-2
-13
-3
-13
-6
-3
-10
12
11
22
15
12
-7
-12
-3
-9
-6
-25
-6
-9
-35
-40
-34
-15
-37
-38
-21
-39
-35
-44
-43
-25
-30
-37
-22
12
-6
-13
-19
-24
-22
-32
-9
-12
-4
-7
-16
7
15
15
14
35
28
8
26
48
37
35
31
28
34
32
25
23
31
20
53
63
50
41
13
-8
-22
-5
-21
-14
6
5
13
1
2
7
16
15
3
-18
-40
-38
-36
-23
-33
-27
-15
-39
-51
-68
-62
-63
-66
-44
-45
-54
-42
-33
-9
3
7
0
-12
9
1
9
-6
-6
20
22
17
9
21
20
18
12
13
-3
-22
-4
3
1
5
5
25
29
17
31
37
32
38
38
47
29
29
50
36
39
28
20
22
38
35
25
19
9
13
10
18
-1
-27
-21
-19
-30
-31
-16
-1
-10
3
6
11
26
14
22
1
5
16
5
-9
-10
2
-8
-6
0
-16
-31
-26
-27
-42
-60
-48
-39
-34
-54
-45
-20
-27
-24
-25
-13
-2
16
3
-7
-21
-38
-25
-19
9
6
-6
16
10
15
25
4
6
-12
-12
-6
-12
3
-14
-11
9
9
10
0
-6
-9
-16
-10
-7
6
-7
17
41
31
31
31
53
42
29
24
46
52
28
7
2
20
11
3
-4
4
8
-4
-9
-15
-19
-13
-10
6
8
14
21
6
6
-2
-1
5
6
-3
0
1
-12
-20
-9
-2
-11
7
3
4
-10
-13
14
11
11
9
19
16
3
8
10
8
-6
-10
2
-6
-27
-44
-39
-39
-32
-25
-27
-45
-61
-47
-57
-34
-13
-3
-2
-20
-17
-7
-2
-11
5
-3
1
8
5
20
13
22
30
15
28
37
10
18
33
16
16
19
39
32
0
14
22
10
0
-1
0
0
0
-5
-2
13
16
23
26
6
25
37
25
18
10
1
15
10
-6
-8
-12
-24
-31
-25
-9
5
-23
-26
-13
-10
-32
-20
-3
-13
-10
-18
-23
-21
6
3
12
-3
-4
3
-9
4
-10
3
6
20
26
26
14
-1
5
12
18
4
25
17
-5
-11
-7
-1
-16
-9
-13
-20
-33
-31
-6
-10
-25
-24
-13
-19
-31
-47
-42
-21
-27
-12
-27
-48
-11
-15
2
29
26
38
23
32
35
44
36
7
15
27
22
17
25
-1
4
13
-6
17
29
7
12
16
1
10
-10
1
0
-6
16
7
9
-4
7
14
15
22
7
-7
-13
-11
-7
-3
-4
-6
-2
4
-1
-7
-13
-24
-13
-5
-19
-7
1
-18
-7
1
4
22
24
22
25
37
40
21
22
5
6
17
2
-6
-20
6
27
19
11
9
10
1
-18
-7
0
-1
1
-7
-7
-23
-23
-10
-11
-30
-38
-41
-47
-63
-59
-53
-63
-48
-38
-39
-41
-46
-54
-32
-22
-24
-17
-6
22
12
3
18
35
19
6
24
19
34
28
9
34
16
3
9
12
7
13
38
31
28
25
37
39
28
19
17
18
9
29
32
26
11
-2
6
9
7
-1
9
13
3
3
16
8
5
4
-1
3
0
3
7
1
-3
-3
-2
6
9
-8
-11
-4
1
6
13
14
10
21
12
-1
-18
-9
-8
-25
-7
-12
-10
-22
-24
-6
-17
-5
11
4
-4
-16
-1
-21
-28
-19
-29
-32
-45
-34
-58
-54
-53
-50
-21
-29
-22
-27
-29
-28
-12
2
10
9
5
29
29
45
38
15
27
35
27
28
25
9
20
19
13
18
10
1
-9
-1
3
2
13
