50
49
2
9
35
20
17
4
20
0
13
-2
-28
-19
-28
-54
-61
-29
-38
-32
-6
-9
7
23
35
48
84
58
25
16
-9
18
-6
14
52
91
127
104
124
120
80
76
54
39
50
16
8
-30
-89
-129
-145
-142
-160
-113
-53
-29
-14
19
45
20
-20
-28
-1
-29
-74
-86
-81
-104
-158
-127
-85
-85
-57
-25
5
6
9
25
11
-13
-45
-36
-29
-13
10
19
51
23
16
13
-23
-15
-33
-37
-26
-41
-30
-57
-58
-29
-36
7
40
42
39
41
68
86
92
98
151
169
124
105
113
111
59
6
-34
-50
-60
-40
-48
-47
-23
-64
-4
20
22
4
-30
-26
-25
13
13
41
28
54
21
-11
18
15
16
-38
-57
-109
-101
-104
-133
-88
-63
-46
-24
10
26
68
102
78
67
65
37
38
32
-6
-8
21
58
105
132
168
158
126
132
97
89
45
-13
-60
-84
-114
-160
-128
-131
-113
-63
-8
39
63
98
111
138
115
75
40
-17
-32
-48
-98
-121
-125
-122
-114
-121
-101
-104
-123
-128
-95
-91
-82
-58
-67
-42
-41
-3
-22
-47
-30
-15
-22
-38
8
-1
-38
-56
-26
-35
-13
13
2
21
28
38
16
57
77
72
76
84
124
119
110
104
102
75
51
43
71
69
45
92
86
75
75
54
84
65
36
38
-16
-9
-25
-74
-62
-70
-63
-69
-44
-3
-15
-36
-43
-21
-49
-73
-58
-74
-51
-27
-25
-48
-55
-60
-87
-63
-55
-27
-9
-22
-24
-19
8
38
69
87
105
118
95
50
47
66
24
16
18
-16
34
27
-2
5
-17
4
1
19
63
67
72
104
99
70
66
28
3
-17
-44
-65
-50
-53
-47
-45
-76
-54
-43
-27
-42
-19
17
-29
-25
-3
-50
-64
-67
-92
-81
-83
-79
-82
-79
-61
-49
-27
16
24
19
25
-16
-29
-29
-68
-72
-70
-98
-96
-85
-67
-29
-21
-13
25
54
106
117
112
138
112
95
98
78
65
33
26
51
49
15
3
19
2
29
62
78
79
71
92
65
47
46
42
27
26
9
-54
-67
-89
-94
-50
-45
-47
-40
-48
-26
-11
22
45
38
54
51
21
4
16
22
36
10
-20
5
3
2
13
15
16
11
46
54
34
42
9
-32
-54
-62
-63
-56
-88
-96
-47
-44
-25
-12
-3
11
7
32
48
21
-13
-44
-93
-101
-104
-97
-79
-96
-100
-66
-73
-74
-10
-23
-33
-2
22
38
9
10
41
47
45
36
36
59
35
19
26
20
11
11
15
31
70
42
2
18
33
27
12
11
6
-4
6
1
10
11
3
-10
-13
-3
4
15
18
20
15
28
38
75
84
85
91
47
36
37
41
39
8
4
7
-34
-48
-38
-23
-57
-70
-52
-48
-76
-114
-95
-89
-64
-75
-47
-46
-49
-25
-24
-23
-39
-29
-37
6
-6
15
30
3
15
-7
16
45
51
53
65
76
79
70
80
111
104
88
73
70
86
66
53
49
50
75
76
91
86
64
30
20
10
-39
-74
-89
-88
-112
-116
-122
-116
-107
-106
-91
-125
-122
-114
-127
-133
-150
-104
-108
-95
-59
-38
-9
-14
15
-7
18
39
7
10
-5
6
22
18
32
41
41
85
90
89
93
72
83
52
25
13
5
28
12
15
13
3
7
-17
-29
-43
-26
-12
-6
17
15
20
44
40
21
21
0
-31
-37
-13
-16
-28
2
40
63
66
58
59
61
79
76
95
111
56
44
41
42
42
12
29
35
29
23
18
25
-6
-20
-6
15
31
28
22
-3
17
12
-3
4
-30
-41
-73
-69
-58
-70
-64
-75
-81
-100
-116
-112
-107
-151
-165
-127
-123
-120
-121
-129
-149
-142
-142
-117
-89
-83
-54
-59
-5
26
28
53
99
130
118
109
91
91
78
94
102
78
76
88
108
102
80
98
95
73
41
33
27
22
25
28
49
13
28
32
15
19
6
10
2
3
7
-9
-15
-14
-13
-13
-31
-20
-25
-45
-47
-38
-6
-28
-77
-76
-63
-53
-44
-56
-44
-28
-11
30
19
-16
13
37
54
67
54
78
111
101
69
59
28
13
1
-6
-3
-14
9
9
14
-11
-35
-9
4
7
-16
-38
-55
-47
-54
-71
-45
-27
-24
1
32
44
51
63
91
109
82
62
47
21
15
8
-13
-57
-86
-78
-83
-51
-55
-86
-99
-112
-121
-149
-165
-148
-98
-108
-80
-25
-9
-4
-6
-22
-41
-30
-19
12
12
23
34
36
48
68
75
76
54
23
9
-10
7
6
4
7
29
50
57
60
76
95
85
92
97
108
109
105
110
121
90
85
102
61
38
0
-37
-45
-45
-64
-69
-54
-45
-42
-45
-33
-29
-32
-16
19
14
4
-15
-31
-66
-76
-64
-80
-87
-88
-58
-44
-4
10
15
46
16
-18
-26
-25
-13
-36
-45
-19
-16
-8
-19
-6
14
22
49
74
77
61
50
58
63
75
65
30
48
21
-3
-16
-8
-3
-32
-11
-16
-20
-42
-67
-48
-39
-30
-22
-32
-37
-41
-19
-41
-58
-51
-77
-64
-74
-83
-60
-32
0
18
13
25
31
63
60
38
41
29
31
47
68
35
33
13
-9
26
26
4
5
5
-1
-9
18
41
13
33
31
41
44
9
8
-3
-27
-46
-35
-24
-31
-44
-63
-60
-76
-75
-47
-40
-31
-21
-11
-9
0
-4
0
48
89
73
58
66
65
47
37
54
64
66
72
48
41
38
34
47
25
-2
-12
4
-9
1
-18
-40
6
-9
-7
6
28
39
12
31
76
50
22
4
-21
-6
-42
-75
-86
-91
-151
-167
-129
-124
-88
-83
-64
-69
-67
-67
-76
-28
-19
-15
16
35
12
-6
12
25
34
34
48
69
52
67
75
67
97
97
81
75
60
35
31
18
18
28
2
-32
-66
-75
-92
-64
-4
8
23
5
-8
-14
-50
-39
-16
19
-4
-9
16
-22
-24
-12
7
-14
-39
-25
-51
-59
-38
-49
-50
-41
-52
-13
3
-3
19
26
44
47
31
9
23
33
58
90
121
123
134
128
62
85
93
88
86
70
-5
-47
-18
-25
-25
-45
-24
-17
-21
-15
2
10
-13
-1
19
45
26
-4
-21
-45
-70
-83
-107
-131
-154
-147
-130
-111
-64
-55
-29
-33
-15
15
6
21
53
62
56
41
32
48
53
67
59
69
53
4
-6
-24
-21
-21
-1
-5
8
30
-4
-16
-34
-12
-17
-48
-19
-37
-47
-39
-30
3
5
15
19
12
-7
-6
-3
-16
2
14
8
1
-11
-22
-26
-21
-7
-18
-19
-22
-33
-31
-62
-77
-53
-56
-54
-4
33
47
51
35
34
62
83
99
95
77
89
108
87
90
93
83
85
81
107
96
77
59
38
19
-20
-21
-28
-60
-77
-93
-105
-104
-101
-95
-48
-50
-53
-20
-7
22
26
8
2
16
39
32
17
7
-12
-20
-19
5
-14
-34
-6
-25
-23
-4
-3
-31
-33
-43
-51
-31
-56
-66
-60
-62
-64
-61
-35
-1
-2
-32
-57
-42
-27
-22
-8
-7
-10
7
22
10
19
28
19
32
49
48
45
56
53
37
41
58
48
41
52
45
45
25
14
24
26
28
-6
-6
6
19
0
-8
3
-29
-8
-3
0
-4
-6
5
-8
-10
-16
-23
-3
-13
-53
-58
-66
-60
-40
-45
-49
-31
-24
0
8
6
16
29
13
5
34
18
31
47
60
54
31
21
20
42
34
42
41
61
72
47
44
30
16
8
16
-10
-41
-9
7
0
-9
-8
-10
-16
-13
-11
5
-6
-22
-40
-51
-46
-62
-51
-12
0
-6
7
4
-3
-21
-44
-42
-20
-32
-45
-33
-27
-37
-38
-33
-45
-44
-62
-56
-77
-104
-82
-61
-32
2
11
7
39
38
10
3
51
79
69
92
107
96
82
66
93
94
48
66
42
31
20
3
23
-6
-19
-42
-35
-39
-45
-50
-66
-55
-52
-37
-15
-5
-9
-15
-10
28
38
10
7
32
34
6
6
24
27
8
13
39
15
22
25
15
31
19
13
7
26
13
9
20
9
11
4
13
16
19
25
39
34
31
15
-4
10
-18
-31
-28
-31
-19
-38
-62
-78
-84
-82
-69
-60
-74
-73
-66
-54
-57
-68
-64
-60
-66
-80
-55
-51
-57
-20
-16
-17
12
10
12
47
48
31
25
5
-10
-1
22
38
80
92
78
83
100
124
97
70
86
95
81
63
73
79
59
48
52
77
67
31
21
30
20
-14
-43
-50
-35
-44
-41
-60
-65
-90
-90
-79
-85
-64
-79
-45
-29
-41
-38
-32
-52
-75
-70
-54
-42
-28
-17
-18
25
34
13
26
46
34
11
23
27
-12
-13
-4
9
18
4
32
50
48
16
-3
13
0
11
8
-15
-17
-38
-34
-4
4
-19
-12
10
5
4
3
17
13
-3
-1
10
3
-13
-29
-43
-19
-19
12
51
47
55
30
27
44
39
29
10
-4
2
24
14
22
31
36
68
67
48
35
37
28
21
13
15
7
-10
-21
-29
-34
-38
-6
-6
-12
-16
0
-22
-38
-17
-41
-60
-80
-92
-88
-63
-67
-41
-35
-57
-48
-29
-27
-44
-23
-44
-46
-81
-79
-42
-66
-50
-53
-26
-13
-28
19
50
45
37
47
55
62
60
51
65
63
60
48
39
51
48
52
79
91
77
62
52
42
29
26
12
20
15
23
43
26
22
35
59
50
38
29
39
32
4
-2
-12
-31
-51
-28
-48
-49
-23
-3
13
8
20
-12
-12
-26
-22
-2
-27
-13
-35
-32
-12
-26
-32
-37
-28
-17
-18
-37
-59
-83
-89
-105
-108
-89
-85
-86
-93
-102
-78
-48
-41
-30
3
-19
-43
-41
-49
-13
-23
-29
7
31
27
44
64
76
73
60
84
105
116
67
73
63
44
50
28
28
19
54
70
88
89
55
38
57
70
54
35
63
88
57
73
58
28
12
-8
-7
-5
-24
-43
-43
-33
-31
-39
-21
-34
-45
-65
-84
-79
-85
-76
-79
-72
-67
-49
-29
-15
-25
-22
-19
-53
-33
-38
-40
-17
10
16
-2
29
36
16
15
22
33
25
31
9
-10
12
-10
-15
-19
-11
9
-3
7
3
-3
-1
12
11
0
3
6
10
15
4
2
17
7
-34
-38
-38
-44
-46
-43
-25
-34
-34
-44
-50
-50
-17
15
41
63
64
69
66
78
45
69
81
79
85
73
86
48
72
70
48
71
78
59
52
56
20
8
0
-11
-43
-52
-40
-51
-48
-61
-44
-51
-63
-57
-78
-49
-54
-50
-60
-65
-52
-73
-56
-44
-46
-79
-65
-53
-71
-73
-63
-63
-68
-63
-52
-28
-49
-29
-7
16
29
26
58
71
47
55
60
44
64
49
40
45
59
68
58
48
61
69
76
77
66
89
62
53
44
35
18
-9
-1
-16
-10
-28
-34
-32
-19
-15
-36
-32
-22
-16
12
7
-2
31
19
36
31
18
20
5
-6
-25
-6
-4
-22
-19
-14
-17
-26
-43
-39
-37
-54
-31
-6
-5
26
2
-6
13
8
18
-3
8
-5
-29
-37
-34
-39
-45
-39
-43
-29
-23
-17
-26
-28
-22
-14
-16
-15
-26
-51
-32
1
-4
-4
-7
-18
-6
-12
12
33
17
25
32
36
57
39
50
71
57
47
13
22
7
-6
-11
7
39
28
34
28
37
39
37
40
18
20
20
4
31
25
-11
6
3
-30
-45
-48
-41
-33
-29
-39
-64
-56
-50
-53
-32
3
3
3
-5
-18
-16
-34
-8
11
9
13
40
54
58
51
34
48
29
40
63
45
16
3
-6
-5
-19
-37
-12
-1
-23
-34
-30
-46
-41
-41
-20
6
1
-18
-38
-17
-12
-32
-19
-13
-54
-64
-58
-39
-26
-18
-4
7
-3
-39
-40
-11
1
-7
20
34
25
12
25
59
59
38
38
52
48
37
15
23
59
67
83
95
64
21
30
35
31
29
18
7
-16
-16
-13
-12
-13
4
-4
-32
-36
-24
-24
-51
-39
-11
-26
-73
-50
-48
-71
-51
-39
-16
-25
-36
-42
-35
-35
-38
-6
-15
-29
-21
0
10
9
34
47
57
57
41
50
50
38
45
23
11
6
0
-7
5
28
39
43
43
50
7
-12
0
-8
-20
-36
-65
-60
-37
-40
-22
-13
-10
-15
-18
-16
-16
-22
-25
-25
-9
-2
-28
-30
-16
-17
-40
-16
0
-3
10
30
48
65
71
66
81
57
56
26
27
53
16
5
-7
1
1
12
31
43
19
-8
9
-1
-1
-9
-12
-6
3
15
-4
-9
-27
-36
-46
-48
-37
-34
-20
-31
-29
-35
-33
-15
-28
-31
-22
-25
-42
-47
-39
-19
9
4
28
39
21
13
9
31
14
-10
3
17
9
16
34
27
42
27
-7
19
4
1
7
-1
-2
-3
16
33
48
22
-9
-8
-6
-15
-23
-13
4
-6
-10
-15
-19
-5
-22
-23
-17
-16
-12
14
8
1
3
14
34
17
9
2
3
7
-22
-36
-32
-53
-44
-37
-37
-25
-21
-21
-19
-7
-3
-6
-1
9
10
10
1
21
25
22
40
25
27
16
16
27
16
40
27
7
18
27
13
5
16
16
6
0
2
9
23
34
33
10
-16
-8
40
35
-10
-2
-1
-2
-16
-8
9
19
41
36
42
13
-22
-28
-53
-66
-70
-71
-64
-59
-39
-38
-36
-12
-22
-22
-16
-16
-33
-10
12
23
29
-5
10
2
13
0
-22
-3
2
6
2
10
-17
-24
-33
-19
-5
-8
26
15
-4
-30
-59
-22
13
15
6
10
13
-7
-23
-32
-23
-37
-8
28
35
58
54
50
39
31
33
25
22
43
51
54
48
32
9
12
25
26
22
29
68
37
4
1
-4
-10
-10
2
6
19
16
5
-30
-59
-60
-70
-64
-14
6
2
16
-7
-9
10
1
30
60
9
-5
-27
-61
-79
-107
-76
-72
-67
-37
-20
-2
-15
-38
-45
-42
-30
-14
17
37
44
45
37
37
-2
-12
-13
-32
-7
-12
3
3
12
9
4
19
20
16
-6
19
13
30
50
58
36
3
10
-15
-16
-4
33
55
38
48
37
-5
-7
-9
12
23
51
98
61
49
18
-34
-41
-40
-29
-21
-19
-19
-19
-28
-33
-10
-16
-1
-3
-29
-22
-45
-64
-91
-71
-66
-85
-68
-30
-3
-9
8
8
-13
-28
-47
-69
-44
-12
14
52
85
78
75
99
85
61
8
-8
-22
9
35
12
48
13
-14
-11
-8
6
9
47
89
112
100
98
58
24
10
-1
29
37
34
38
19
14
3
-39
-33
-38
-21
-1
-9
-7
-42
-66
-87
-81
-66
-67
-73
-83
-56
-42
-96
-133
-123
-120
-73
-25
13
34
36
9
-69
-60
-47
24
50
45
54
80
128
35
61
37
-2
-12
-16
24
-2
28
37
76
83
73
93
49
38
-13
-43
-28
-63
-72
-50
10
-11
7
21
-28
-2
-18
23
27
51
112
79
25
-19
-23
-60
-86
-51
-4
12
-1
34
47
32
-45
-71
22
-3
-1
60
61
37
-4
-12
-24
-57
1
-32
2
35
-12
20
-81
-77
-114
3
61
36
92
-75
-20
5
-67
-41
-26
-16
-10
136
172
86
142
40
25
-19
-89
-98
-143
1
40
53
96
36
8
-34
-42
-11
-89
25
-42
-32
-48
-132
-59
-51
32
-65
32
133
45
-49
-4
-111
-65
12
-28
30
-17
1
-39
-9
-27
-59
10
86
203
212
54
93
-60
7
-13
-182
-74
-191
-9
109
148
10
-52
-15
40
16
3
4
-179
-25
-13
58
53
146
48
-40
217
-3
36
-49
-177
39
-102
22
15
-17
90
5
156
-25
-120
-115
-58
74
-154
155
167
18
324
69
-15
-145
-33
32
34
103
-137
-13
-37
14
-50
-5
-107
-97
-56
62
-92
-106
89
-247
175
60
81
142
64
89
-10
16
-123
-165
-116
-25
143
109
-67
111
-141
84
-189
-277
-18
-278
-92
-32
25
-71
-8
106
103
85
50
-62
40
23
23
70
-9
-42
-96
122
187
-89
49
128
1
47
-221
-106
-140
-6
110
72
181
-14
91
100
42
-88
-165
124
50
80
182
52
101
-14
66
-193
-129
-116
6
182
66
149
-64
162
-101
-122
-97
-50
-65
16
154
-84
79
-146
-27
116
103
118
19
44
-116
-56
-3
-177
-79
-66
189
98
-7
104
-94
105
-37
-118
-47
-80
67
7
37
-56
-210
-60
20
126
17
-92
-176
-117
-56
-172
-79
65
24
60
393
137
-81
-122
-16
-59
-110
85
36
127
-9
6
42
-140
-170
-169
-16
36
-43
158
120
198
100
133
-75
-330
-62
-236
104
120
250
266
110
183
-80
8
-200
-334
-77
172
273
38
-6
133
91
26
-143
-190
-93
-83
11
120
-36
-80
15
139
-3
-255
-174
-245
-46
98
-76
39
31
225
151
10
49
-250
-95
-196
142
169
86
261
-11
420
-39
-103
-53
-154
212
-100
168
-35
-79
71
-149
140
-134
-23
-12
11
235
-166
-60
-80
1
70
-41
-82
-128
-13
9
-6
-130
-37
-50
75
17
-104
61
21
262
11
-20
-58
-336
205
9
90
62
-105
114
-130
76
-59
-72
-48
11
232
21
30
-11
-55
72
-49
2
-46
-84
49
75
38
-169
85
76
208
-13
-208
-168
-233
69
-291
-20
-47
-23
143
50
248
-134
-33
-117
-77
120
-107
113
51
187
123
-127
0
-237
127
169
107
145
-128
77
-80
-77
-24
-178
117
190
248
162
0
-23
-13
227
-74
-40
-112
83
178
-83
65
-240
-67
-218
-31
87
52
257
-115
202
29
-193
-173
-238
59
-130
147
92
125
98
-182
223
-78
-62
-458
-170
56
-129
316
-140
161
-64
63
32
-449
-12
-445
-35
-44
-74
151
-114
448
57
142
-33
-211
19
-141
-60
-198
149
4
295
355
108
69
-65
155
-236
-77
-59
105
348
63
394
-88
28
7
-62
214
-182
-43
-32
390
102
-6
-7
41
55
-137
100
-233
6
-237
195
188
-136
-11
-281
279
-268
-148
58
-67
21
-147
214
-72
-225
-333
-148
-20
-181
49
173
69
36
59
-127
-152
-164
-83
116
59
93
115
-4
-65
-119
53
-89
8
30
96
15
-96
280
91
235
-193
-100
-51
-189
6
-283
255
80
242
242
0
253
-219
-107
-134
-55
128
3
428
235
167
-27
-314
-88
-280
-80
-94
61
97
11
65
-38
124
-237
-155
-161
22
158
-151
91
-155
178
82
-59
110
-303
159
-13
95
22
-161
151
-207
164
-12
139
248
-172
210
-170
-112
63
10
216
-81
-25
-200
25
29
-38
173
-208
13
-52
45
-2
48
158
71
147
-205
115
-247
-93
163
-78
-33
-195
202
-59
67
-46
-17
59
-110
185
175
73
-136
-1
106
123
-117
45
189
-46
-150
-44
-8
-27
-123
-75
247
164
-72
-104
-34
-84
-71
-102
41
-97
-256
-37
23
-49
-232
-193
176
9
-111
-96
-112
104
-253
121
58
64
316
-4
417
-146
-3
-51
-383
175
-159
224
125
131
325
-293
122
-147
124
22
-262
268
-42
366
-76
30
155
-14
67
-300
-75
-10
-110
155
-55
65
286
-46
124
-46
141
-307
74
-238
-42
227
-220
244
-214
291
-328
137
-96
-89
359
-290
241
-195
56
-382
-11
128
-51
259
-213
94
-164
64
-371
-100
163
225
327
-343
323
-132
-72
-266
-176
239
-96
34
111
409
-137
-158
92
-171
-47
-242
-51
133
-422
200
172
194
-134
-66
299
-265
123
-187
306
130
-273
263
-89
192
-81
-49
299
-365
221
-116
269
62
-35
392
-236
337
-248
290
-316
-124
90
-153
295
-175
180
26
364
-217
-103
-101
-331
-12
-34
39
-67
61
52
-293
74
47
-60
60
-291
345
-363
-12
-381
-224
250
-499
535
-306
-30
-107
-310
335
-387
72
27
282
203
-50
339
-295
59
-91
-32
82
-218
185
16
471
62
305
199
-86
198
-479
292
-178
185
217
78
416
-128
309
-462
-74
-64
89
177
-69
102
-8
180
-269
133
-145
211
-173
-273
165
-422
274
-9
166
235
15
144
-314
-54
-126
-200
23
6
69
-94
-110
4
-77
-34
-232
-270
-41
-386
-114
-63
252
335
-101
6
-163
-180
-424
-88
-172
312
125
207
226
-294
-14
-442
295
-420
218
239
-112
379
-330
490
-14
-32
-10
-227
235
-8
157
274
24
284
123
141
-122
-126
403
-314
286
-89
186
494
-181
457
-324
273
2
-56
-57
-512
435
-270
281
-154
-9
108
-222
210
-391
33
-272
40
180
-14
182
41
-18
-63
-278
-33
-203
-310
27
7
391
-126
189
-350
22
177
-394
320
-440
5
-85
99
-41
-436
328
-172
-267
-71
-76
142
-142
-247
173
53
158
-346
-136
145
-122
311
-97
49
-89
145
302
-137
121
-66
308
104
-44
155
-64
281
-272
57
146
-121
133
-184
178
-337
67
204
209
208
-194
308
2
276
-282
-149
225
138
323
-180
106
128
103
-84
-210
52
-73
-53
-12
82
124
-16
188
-297
-267
-24
22
222
-350
106
-101
-116
-48
-434
49
-171
200
1
104
-71
-474
147
-45
163
-332
163
271
-107
226
-181
-137
-258
-96
-4
205
81
-1
155
32
-313
-74
217
-26
79
128
419
-228
13
-62
-237
235
-94
291
-75
181
169
27
299
-367
-121
-227
30
40
-137
274
-46
131
-93
-12
-293
-272
123
138
459
-86
-168
137
147
-93
-280
-40
101
-2
186
-272
209
57
44
161
-329
239
-290
243
-180
-2
-47
-245
458
-315
102
-62
-134
141
-126
137
-81
-72
273
128
80
-298
-87
-7
-256
-111
-55
187
73
37
301
-12
-60
-34
-245
138
-57
71
240
122
-88
-70
131
-94
-214
-225
-28
190
216
-140
70
-51
7
-7
28
22
-318
169
97
-35
-18
94
286
271
116
235
-117
-356
-106
-244
-63
91
198
45
84
251
-137
-85
-262
-320
207
-192
53
57
209
172
-446
27
-253
-38
-197
-123
405
115
254
-3
-53
49
-434
-55
-13
-136
226
-230
287
35
-27
125
-302
-13
-316
239
-157
-46
368
-27
334
-183
103
-94
-180
-40
-53
485
-204
303
-20
68
250
-444
327
-412
266
-45
-277
558
-307
249
-145
303
274
-390
342
-208
308
-60
-275
507
-383
130
-111
-121
94
-384
68
-187
48
-42
-78
51
-127
-123
-49
-75
99
63
27
77
-102
87
-329
107
-33
-164
288
-39
102
-190
-7
-19
-93
135
-51
37
-245
-164
113
191
-7
-56
262
92
50
-16
49
52
-89
3
165
179
-160
-86
212
12
-76
16
29
200
-46
-48
17
-80
-40
53
83
-59
80
-10
-49
-102
52
-32
-26
54
-25
73
-15
16
-155
122
-53
-200
2
-295
-97
25
30
198
-7
-58
12
12
-61
-53
84
-58
54
39
17
113
-74
1
32
-94
-3
33
46
-125
-57
167
-1
-13
-161
-33
-67
-101
79
-40
347
-39
-19
232
-77
-2
-184
-48
31
51
-35
8
-26
-146
31
146
90
-61
-150
-48
168
116
210
215
184
9
-37
-94
-179
-77
-86
204
178
44
-132
-151
55
-76
4
14
60
-96
-227
30
35
4
-83
83
134
30
-182
-95
-167
-276
7
-79
149
-45
59
157
-101
11
-112
60
127
-50
193
212
231
8
-147
203
-128
156
-8
71
139
-121
262
-137
40
-181
-140
74
-86
173
134
147
89
-158
-178
-113
-355
-154
-142
29
133
-205
211
-155
-131
-62
-285
252
-218
199
285
54
199
-387
8
-151
-92
226
-292
177
-105
-47
99
-369
265
-294
130
-67
-189
181
-406
335
-166
217
215
5
307
-118
262
6
13
110
-41
124
-70
10
142
-43
261
34
195
10
-35
269
-229
210
-53
-2
9
-198
145
-114
-51
-53
-115
-4
-239
-122
10
-60
98
-2
146
50
-79
-58
53
-48
36
-40
-21
98
-214
79
-256
188
-99
-9
224
-172
311
-299
208
143
-107
289
77
305
144
-49
293
-107
72
-25
-339
379
-374
190
-235
-282
178
-551
382
-468
8
-65
-482
376
-510
106
-230
-344
175
-605
233
-246
-140
229
-513
264
-403
-57
239
-199
353
-18
188
214
-40
218
128
73
183
-8
252
164
35
174
-186
112
31
9
384
85
384
153
-21
279
-276
131
-147
-83
149
-157
368
-55
199
75
21
313
-198
-16
-162
-160
-39
-299
30
-129
-131
46
-248
32
-282
-24
40
-110
240
-160
162
-20
-194
154
-78
107
-95
-232
154
-112
54
24
2
295
-253
202
-35
-121
218
-380
524
-210
172
238
-438
510
-662
252
-397
-144
279
-657
655
-649
394
-32
-491
604
-739
342
-390
-415
346
-587
298
-521
-55
176
-590
239
-425
130
-415
-570
-60
-355
240
72
256
296
541
528
781
581
248
503
122
559
233
76
452
124
603
248
312
603
-22
622
-89
41
106
-84
454
-648
72
-406
-259
87
-516
271
-594
-74
-213
-453
-122
-1067
-334
-617
-343
39
-458
263
-267
-125
-74
-261
502
-73
4
119
-65
291
-115
220
212
-64
187
-27
173
45
-49
95
-20
-172
-159
176
203
76
-183
-228
64
-215
-316
-117
4
-94
-284
119
18
-9
-143
22
249
-178
99
52
172
-79
-133
214
322
376
197
370
141
274
20
-88
-276
-1045
-1338
-1445
-1406
-1694
-1816
-1957
-1818
-2288
-2538
-2901
-3630
-3709
-4311
-3837
-3329
-1788
1024
3474
6057
7870
10095
12395
12844
11749
8275
5364
5232
3679
1907
-1350
-2860
-1193
-290
1263
-1607
-3825
-4253
-4790
-3369
-5414
-6429
-7344
-7525
-5114
-4561
-1587
-508
92
2307
1910
4765
5398
3858
1805
-2245
-3089
-4076
-3735
-3991
-4953
-2874
-927
1247
2515
2938
4079
3450
1729
367
-1344
-1183
-1772
-3007
-2814
-2766
-727
541
857
1830
1752
1088
335
379
157
-483
-1095
-1195
-297
44
-172
488
1050
846
170
-541
633
549
-567
-378
103
1065
970
1518
2981
3369
2446
1771
2715
2590
1552
434
-294
53
-946
-1702
-1780
-2206
-2872
-4519
-5187
-6049
-7532
-8842
-9568
-9678
-9946
-8808
-5522
230
5224
8327
12418
16471
21402
22751
19155
13758
7962
7619
5983
3006
-2922
-7322
-3375
1009
6546
1396
-5141
-5817
-5333
-1544
-5614
-9576
-12133
-11781
-6945
-5076
-692
-628
-623
3553
3861
7389
7555
4507
1391
-4989
-8051
-9977
-8634
-9240
-11243
-8395
-5020
101
2386
3654
7634
7151
4860
2788
665
1747
-375
-3403
-4002
-4016
-1766
461
2844
4744
5009
2692
1309
2571
1988
498
-1792
-2986
-2684
-2975
-1788
-122
-149
-1593
-2469
-1428
967
440
-2261
-2254
-1026
189
950
2263
4866
5483
4114
3896
4626
4836
3458
1567
756
186
-872
-1022
19
-523
-1545
-2397
-1818
323
-6
-786
-813
-778
-155
-44
624
1978
1795
816
636
-120
-625
-2271
-5161
-6322
-8418
-9938
-10735
-11167
-9594
-7761
-4474
2232
8584
12838
16820
21018
25063
22994
17243
9749
6961
6948
2975
-1321
-9670
-8691
-3001
3276
5489
-5070
-9725
-10087
-4366
-1707
-9066
-12915
-14300
-8226
-2886
309
3806
-130
1868
4111
4828
7057
2498
-924
-6862
-11976
-14432
-13531
-9115
-10877
-9963
-5955
1004
8166
7872
9187
10985
8768
6777
3941
2578
1801
-3467
-6149
-4916
-3699
-2613
-1753
74
2379
1838
-1376
-650
407
-655
-349
-379
1108
1716
1203
4827
6747
4557
2638
1408
3327
3584
-567
-2654
-2813
-2418
-2100
-1655
43
1961
2254
1767
3293
3668
3437
4083
3386
3615
2300
348
1395
678
-708
-1465
-3716
-3447
-2549
-2589
-1424
-1938
-1876
-213
-11
675
1838
1271
1780
1842
566
521
-1209
-2272
-2921
-5979
-9056
-11915
-13300
-12976
-13331
-11888
-6646
258
7379
12185
17268
22859
27079
28383
24221
15495
5313
2683
2188
-331
-7571
-15731
-10626
-2492
4691
2315
-8168
-12155
-11861
-5590
-4618
-8588
-13600
-14635
-3497
3606
8635
8946
5580
9352
6742
5634
6698
1964
-5653
-16061
-18940
-18438
-14283
-10932
-11584
-6250
-2414
4033
11061
11296
11506
9226
6236
6030
2471
-298
179
-2051
-4457
-4558
-1927
1483
2020
536
1876
2023
-2073
-2582
-1268
981
2502
856
3439
5875
5005
6312
6504
4317
-237
-4435
-1915
1031
-2327
-6029
-4774
-1361
755
1751
3137
5316
3715
868
3503
4622
2734
-111
-3139
-1729
-2610
-4978
-2682
-2635
-5056
-5677
-5063
-1204
1188
430
2867
4023
3095
4286
5126
7023
6597
2184
2175
2376
396
-155
-2398
-3844
-5497
-8441
-8644
-8793
-11002
-12036
-10776
-8781
-6157
-4654
-105
8518
12613
14861
16956
18943
23573
21617
15326
7009
-2700
-3587
-3854
-3617
-7853
-13720
-7758
23
8377
3933
-7896
-11540
-8914
-1799
-3849
-6875
-9512
-8436
467
3951
9606
6827
28
3295
616
437
-769
-6317
-7739
-13027
-14747
-12380
-5051
442
-2161
-17
3944
9737
12010
8160
7581
4527
264
-1078
-1511
-232
-1882
-4944
-4646
-2703
-1087
-1119
-747
-586
-512
-505
-522
3227
5066
5439
7594
8142
8827
5844
1618
1449
-1632
-5859
-8370
-9523
-4414
-1420
-2159
251
1559
4220
6281
5409
5461
3506
1378
971
606
-1248
-3685
-4532
-4671
-3802
-4227
-4840
-4261
-5002
-4257
-2310
-410
2585
4650
5646
6936
6726
5912
6234
5156
4614
3772
717
-490
-1944
-3068
-3121
-5295
-5926
-5480
-5331
-4834
-4808
-3805
-2354
-2081
-2865
-1543
-1831
-2822
-1682
-1909
1044
4525
9029
14545
16219
17711
17619
14953
8194
-1263
-5129
-4289
-4067
-6551
-10510
-7666
1540
8740
9461
2466
-6775
-10377
-6766
-5075
-8259
-13265
-14377
-5218
3403
7675
10250
7329
5901
4349
1262
1445
-2186
-9018
-15045
-17865
-16646
-12127
-5427
-2193
-479
1852
5997
11328
11410
7252
3651
1589
273
-1648
-3106
-2508
-3205
-5685
-5609
-3190
-1482
-793
-128
1671
3649
3479
5640
9788
9794
7782
6072
5606
4054
-1200
-3648
-1342
-1785
-4500
-4615
-1591
3402
2982
176
1793
1281
-886
-1399
-1045
-193
-2213
-4165
-2122
-902
-1891
-1307
254
897
-259
-1879
971
3574
2267
2435
2779
3422
3630
2234
3276
3492
-25
-2673
-2959
-1185
803
219
237
282
-549
-190
578
1351
1194
477
632
2507
2222
415
-333
-2518
-3487
-6084
-9185
-9893
-10871
-9556
-6753
-1713
4146
7977
9467
12468
16532
15330
12374
4598
-380
-187
-845
1980
-2614
-4017
-210
3074
9683
2536
-7462
-14121
-15682
-9599
-9930
-9980
-10580
-5850
3172
8231
14230
11468
6306
2326
-2002
-3224
-6016
-7975
-12935
-14903
-12510
-9506
-548
2756
2765
4950
5879
9367
8869
4544
2519
385
-1972
-3966
-4570
-2787
-1389
-2855
-5392
-5359
-4310
-1942
1065
2897
5472
5944
7188
11265
12620
12078
10239
6170
2825
-1692
-4260
-2281
-3578
-6624
-7894
-5977
-1097
1170
-514
-2673
-3494
-3824
-1455
1661
2355
2217
1103
1950
4298
3977
4009
3404
1482
443
-574
143
1299
229
-1499
-1833
-2052
-1756
-754
180
2590
2671
1121
2410
3879
5834
5387
1831
-585
-3460
-4723
-4826
-4154
-3177
-3324
-2151
141
2249
1540
211
-1115
-3109
-6601
-10804
-10158
-9131
-9284
-8193
-5609
1638
9294
12610
14878
15872
16164
14397
8344
1575
-4595
-4821
-1519
57
-2086
-4445
-541
6549
11178
2278
-11480
-17158
-15853
-9369
-5887
-5755
-6271
-1368
8514
15983
20154
12948
697
-4473
-7428
-8464
-8789
-11045
-13176
-13091
-9264
-2162
6115
7743
4255
2685
4026
5459
3297
-603
-2743
-1421
-502
-888
-1742
-1541
-389
-1861
-3379
-4701
-5466
-2751
3255
9444
12834
12268
11748
13026
11449
8242
2836
-1689
-4384
-8943
-8891
-4928
-1986
-3105
-6291
-6013
-4349
-3467
-5016
-5683
-4053
-2804
2454
9062
12456
12685
9301
7509
5557
727
-2646
-5558
-7370
-7657
-7254
-4324
-1931
-1324
-359
723
1611
2895
3569
3968
6083
6409
4625
2368
-8
641
-16
-4763
-7410
-7446
-6181
-4426
-2840
2463
6761
5938
4941
5730
6643
4850
865
-918
-1741
-5534
-9088
-8177
-7155
-10924
-13263
-11377
-4448
960
2125
7461
11080
14343
12963
10158
8216
-1433
-2791
-315
3598
3877
-2260
2125
7199
11637
5459
-8777
-16392
-21834
-16070
-9753
-4480
-982
20
9601
15354
19968
14454
219
-5746
-11938
-12203
-8256
-4220
-1501
-4765
-4326
-141
4820
3536
-4505
-8042
-9492
-9987
-8629
-5230
433
3221
6752
9834
9426
8087
5302
3892
-971
-7294
-7602
-1657
5822
9598
12846
13200
11276
7473
4128
3005
-2208
-6219
-7253
-7073
-6189
-4880
-2135
-1928
-4580
-7816
-6852
-4049
-3740
-1577
2359
7061
9997
10816
11406
8302
3047
-2623
-6798
-7975
-9369
-7510
-3745
-861
2297
2617
3338
4510
3055
1275
-639
-1156
1556
4049
5291
5714
3237
1382
390
-1487
-2226
-3969
-4320
-1683
-563
789
3490
5755
7725
6210
2418
1927
1842
88
-1889
-4518
-4668
-4977
-7676
-10688
-14827
-17222
-17388
-17049
-12629
-5027
2670
12407
17259
18230
18465
16534
16563
11623
1380
-8244
-9137
-1898
4855
5272
309
1630
3707
6244
2741
-10543
-20241
-24346
-14952
-2597
5967
10470
8961
14152
15738
14251
10559
-3020
-13060
-17292
-15477
-8181
-2497
-2733
-5250
-4935
-4847
-3366
-6421
-11512
-9766
-6586
-522
4849
7816
13425
16950
17398
11889
560
-6119
-7111
-7187
-7962
-6978
-1626
4592
9636
14141
17374
14026
4684
-1552
-4879
-6949
-8162
-7223
-2978
-2617
-4371
-1752
1949
868
-3432
-4651
-1713
860
912
4309
9883
10324
6993
2580
627
192
-3066
-4701
-4895
-5847
-4428
-2533
-362
1830
1214
363
-836
-2841
-2080
943
4373
6594
6558
5753
5716
4452
1157
-1791
-5421
-6574
-4057
-1626
1752
2824
1792
2153
1626
1404
-276
-2522
-2204
-3418
-3009
-1322
-360
1588
445
-1468
-2478
-5502
-9807
-12802
-14327
-13225
-10577
-7639
-2235
3247
8379
9987
9437
9366
10474
12356
8909
3182
-1944
-616
4724
10317
12338
6166
3448
2899
6391
5834
-7730
-18641
-19143
-9637
-314
6317
7544
3334
751
-1537
1384
-2001
-14101
-19592
-15737
-3807
6261
12267
13881
9041
4131
-312
-2875
-8457
-16226
-14549
-7122
-143
2998
3715
5781
7421
5872
-527
-5210
-4420
-1039
1981
3472
7109
11144
11267
9673
8182
5977
550
-7249
-9829
-8423
-7833
-4290
172
3614
2127
-4248
-4066
-2816
-4072
-3524
-2163
2580
5309
6158
10019
10902
6636
-389
-4587
-3906
-2032
-1596
-2589
-2973
-4699
-3268
-931
-1619
-1012
-1228
574
2828
3708
5740
6364
6058
5203
2835
-223
-1956
-2395
-2759
-4495
-5501
-3082
-696
-307
39
1081
1397
613
-77
2177
4713
4106
3206
1872
18
-3341
-6363
-5464
-5024
-5663
-6108
-6025
-5797
-8350
-9430
-7569
-5492
-6666
-8654
-5362
-483
5403
7481
9728
14925
15207
17716
17318
13682
7401
350
3292
9544
13001
5503
-891
-724
-987
-2088
-10530
-15803
-20007
-19316
-7676
3821
9294
2359
-1718
2575
5532
4142
-3161
-4561
-1311
2669
9065
14245
12588
1378
-7409
-13038
-16893
-19918
-22398
-14037
-3779
1258
2129
1205
3759
3910
732
-2257
-4096
-3520
1985
10173
16265
18188
13531
8204
4762
1862
-472
-5622
-10493
-12085
-10419
-4530
1398
2776
1587
-1349
-4681
-3708
-1719
1167
4649
4716
5951
6983
6899
6914
3482
-1919
-7227
-8565
-3765
2549
3751
429
-2083
-3984
-3925
-2527
8
3054
2702
2595
4251
5749
6189
3695
451
-1871
-2572
-563
2167
3447
1528
-2878
-6331
-6434
-3723
-2186
-1862
-407
1565
2852
1499
2824
5886
4462
73
-4399
-3418
-721
600
2726
3920
1931
-3280
-7387
-8980
-10137
-13452
-14407
-12192
-9599
-5825
-1812
3929
7505
9392
11217
13981
15441
14120
15367
12897
7491
696
1657
10367
13216
10078
-383
-7400
-9615
-6574
-2456
-9694
-21164
-25154
-11187
6098
13963
11504
1116
-2836
-4198
-321
1915
-6217
-8317
-3586
6783
13025
9178
1153
-9042
-14317
-17507
-18823
-17407
-11179
947
8922
9703
5101
-23
-539
1850
3356
1330
-2343
-118
8120
13538
12045
6874
935
-3919
-5173
-1798
3737
3406
-328
-621
1320
2322
-77
-1646
-628
-1904
-3908
-1986
1183
3005
2003
534
1418
-74
-1185
1156
2227
879
-1863
-995
2808
1486
-2169
-3758
-3340
-2318
-2389
86
4359
5929
5357
3881
2364
679
-708
164
1096
140
-1075
-1137
-674
-2245
-4395
-4214
-3402
-2251
557
4621
7428
5105
522
-2516
-3655
-2062
-215
2332
3405
2404
2747
2683
1741
-1680
-4446
-6661
-9764
-11138
-10605
-7262
-6259
-6597
-4376
-1249
272
-57
2175
6319
9703
11103
12359
11603
9574
10495
10119
6856
-2154
-4656
4327
11390
9652
-648
-5664
-4535
1350
4226
-2572
-13446
-19984
-10226
3408
10071
3179
-10230
-13563
-11528
-4550
-2590
-7682
-7043
-1387
8140
12434
9105
1290
-7359
-9749
-9163
-7668
-7608
-1515
9923
14271
8697
-3798
-10120
-9561
-5632
-581
-430
-567
2961
11324
16048
10156
2732
-1337
-1152
2087
6683
11655
9647
1501
-4575
-5773
-6399
-7613
-5731
-1626
367
-1798
-1722
721
310
-2225
-3262
-107
2746
3249
3700
3566
122
-4505
-4020
-81
2900
2522
1039
1667
929
-672
-1262
-1008
-918
-1857
-607
2918
6229
6502
4608
2168
-769
-3150
-5098
-3440
-1879
-2984
-4070
-5892
-5004
-2545
439
2963
2864
2177
2834
6238
7949
7595
5616
2641
-220
-4276
-3629
-989
29
-402
-4348
-6262
-6990
-7527
-7025
-7236
-6438
-4464
-1100
20
269
1819
4988
8395
8724
10732
10491
9295
8834
5107
814
-6366
-5883
4070
13874
15730
7048
-232
-4254
-1404
-784
-6608
-15034
-21046
-9737
3271
9863
3849
-9798
-14031
-15326
-9816
-6393
-6068
-1213
2380
7503
7293
3953
458
-4125
-4195
-3871
-1108
2214
6906
13750
12808
4434
-6888
-11346
-8309
-3006
3343
4593
2652
127
-573
-576
-4200
-5964
-3814
387
4067
6906
10697
9571
2658
-3968
-5314
-2211
1078
5028
8695
6910
-1178
-8307
-10304
-8394
-6472
-3454
3545
6258
4152
1256
-1095
-2883
-7101
-5752
834
4904
5516
4019
4169
2160
-1799
-2202
690
4956
7450
9049
8435
3841
-1702
-6317
-7936
-7576
-4526
673
5271
5435
11
-5651
-8771
-6720
-2258
2175
5951
6424
4680
2078
1016
1190
871
1337
3044
5346
5887
5343
4386
939
-3312
-7716
-8222
-5955
-4577
-3488
-3420
-3383
-5673
-8790
-10078
-8082
-5342
-1423
4010
8839
11568
8426
4541
1868
2841
4818
4671
1418
1013
7548
13236
13427
2491
-6073
-5801
2399
9146
2007
-10678
-18150
-8582
4604
6406
-2191
-14521
-18774
-15163
-6240
-2553
-7209
-7438
-1495
6483
6005
-268
-3043
-5188
-3232
-750
3372
7780
10411
17147
16731
5559
-7572
-11876
-5261
3166
7017
3991
-2329
-6866
-6355
-5386
-6959
-7223
-3853
2736
7731
8509
7127
2497
-2580
-2963
-1001
2051
4901
8366
10316
4486
-4861
-10258
-8291
-3767
-106
3260
4823
3879
-143
-1724
-2827
-4474
-2803
1237
7649
9219
6706
3109
-2021
-5009
-4826
-176
4668
6197
5845
4136
756
-3457
-5051
-2926
513
3190
4671
4924
1817
-3274
-7008
-9387
-8296
-3422
4305
9469
6783
634
-4255
-6304
-6319
-3280
2604
6873
7679
5820
3674
1248
-974
-1105
99
2352
1894
297
-2267
-7167
-10688
-12934
-10740
-8421
-6865
-3607
-412
2670
2302
1869
901
48
-401
1115
6150
6383
3137
-3177
-2000
6698
13033
14311
4244
-1496
-591
7381
14645
7671
-4244
-12532
-781
13794
11393
-3908
-21616
-23012
-14464
-2708
1243
-6862
-11952
-10121
-1140
494
-7184
-10162
-7669
-1096
2487
5133
6692
5684
7989
8488
4915
-697
135
8303
14534
12660
2551
-4117
-4897
-2562
-110
-1640
-3274
-3326
-1201
750
-306
-2134
-4961
-6528
-4988
-1676
1449
3506
5012
3888
962
-2569
-2452
2042
5354
6169
4675
4147
3048
1358
153
-2341
-3229
-3217
-162
4197
4439
460
-5099
-6934
-5252
-974
3952
6182
5997
5089
2790
-1239
-3628
-2336
2204
4680
3843
3312
2128
-1624
-7349
-9881
-7504
-3873
351
4078
4977
2536
-2277
-5092
-3507
928
6544
9905
9400
5520
388
-2657
-4102
-3985
-2335
-683
1070
1222
-1798
-6238
-9097
-9302
-7259
-4042
-1218
904
557
-2338
-4485
-3266
707
1421
-812
-2372
-179
4255
4237
392
-3960
115
9815
17398
14015
1258
-4196
1152
13898
16032
5525
-7214
-8793
5766
14305
8016
-9046
-20121
-15044
-2829
4041
-3732
-16280
-19901
-11980
-1728
-1023
-5028
-6400
-3667
222
812
28
-1285
1124
5607
5863
1536
-2551
665
8310
12393
8790
1653
-1270
2448
6813
5988
515
-2337
752
2885
3112
2006
-872
-4083
-7404
-6321
-523
2583
3446
3849
1547
-3267
-8099
-6247
-609
1366
506
-13
2330
2876
3
-2667
-3991
-3707
-1776
4399
9155
6339
-767
-5664
-3762
1192
5533
8818
9668
7332
2738
-2163
-5245
-5640
-2198
3181
5140
2766
-1064
-3198
-6170
-8647
-6162
-2044
1314
2830
4285
2768
-2010
-4623
-3619
1941
6957
10621
10592
5816
1735
-900
-2114
-3471
-556
4341
3176
739
-1504
-6172
-11550
-12787
-9107
-6893
-5123
-3204
-4903
-7895
-7417
-2760
-989
-1807
-886
1308
4228
5124
1918
-2698
1615
14715
22171
13669
-673
-2882
8581
18680
14507
1673
-8725
-5114
8832
14103
3054
-14403
-20698
-10965
2878
6107
-3469
-14804
-16567
-8865
-3756
-6356
-8872
-8896
-7847
-6207
-5388
-4764
-3748
646
5961
5533
679
-2733
1594
8941
10700
7626
3614
4417
9034
11718
8412
1572
945
5717
9045
7817
3041
-1037
-2630
-1296
-999
-2269
-2137
-2108
-3220
-4270
-4905
-8545
-10110
-4744
770
355
-3120
-2172
-1145
-3878
-4642
-1072
2384
1598
2246
6068
7120
2032
-2292
794
4478
5646
6000
6545
5433
1275
-827
-613
-302
1604
4112
4923
2539
-1815
-5207
-7775
-8384
-6094
-3115
-1348
-534
249
730
-897
-2178
-640
2166
4809
6008
7027
5061
764
-1537
-344
2754
3676
4315
4450
2530
-2156
-7583
-9693
-9932
-8687
-6468
-4157
-3814
-5746
-5499
-4416
-5268
-6269
-2242
4754
4769
-3240
-8967
-2165
11522
19202
15286
4973
196
5967
16200
16418
2761
-9069
-2046
18128
24552
8080
-12854
-18921
-9729
1596
5578
171
-10170
-15526
-10823
-6126
-9520
-14886
-13899
-7349
-4131
-4868
-6595
-7678
-7342
-7226
-3233
1188
3366
5766
6430
6066
2772
-213
2652
9433
15264
13818
6900
3906
6511
9094
8639
6659
6255
6061
3790
1957
974
-931
-2828
-2887
-2582
-5082
-8528
-8486
-5256
-3311
-4272
-5076
-4437
-4105
-4230
-4618
-3905
-2045
-682
756
2075
1512
-1198
-3482
-2595
958
3692
5721
6575
5152
3698
3356
3929
4209
4701
6161
5797
2642
354
-261
-1188
-1526
474
2893
1804
-2193
-3181
-2329
-4183
-6982
-6785
-1883
1756
1522
-374
-1771
-1831
-1373
753
2240
1825
669
1135
2374
21
-3788
-4981
-2462
1026
1522
-478
-1914
-2783
-3956
-3977
-3300
-427
3879
4881
593
-6015
-4638
3991
8556
3488
-3503
1912
14641
17879
6917
-8375
-12094
961
17564
21736
8982
-8489
-12315
-2575
5089
475
-8954
-9691
-3343
-653
-6054
-12999
-14737
-12290
-7974
-3518
-585
-2047
-6398
-8332
-8017
-7533
-6440
-2339
3856
6607
4492
233
-2795
-1374
3847
9411
10264
6608
5214
8124
11519
10223
6484
5560
6388
7917
8855
7445
3124
-2023
-3025
-111
519
-3154
-6277
-6125
-6106
-6943
-4561
-1075
-2741
-8118
-9810
-5807
-1697
-900
-1386
-2082
-3989
-4937
-974
4892
5392
697
-1778
662
3844
4689
4263
4011
2889
1700
3221
6971
8357
5183
935
-332
501
1167
1907
3309
4023
1869
-1914
-4284
-4035
-2776
-1082
609
1732
711
-2831
-4729
-4000
-1930
-1301
-2149
-1808
-660
-509
-2567
-4191
-4966
-5159
-3309
-254
1920
1329
492
-334
-2629
-4409
-1879
4902
7878
3213
-3570
-2489
5081
9672
6022
-2096
-2033
6707
14933
13158
785
-8958
-5215
8780
16433
7941
-4829
-8417
-3639
519
-1818
-5228
-5886
-5132
-3939
-4320
-6804
-8727
-7531
-5443
-5956
-7003
-3854
21
-1684
-7763
-11125
-8215
-3532
-427
695
588
-697
-2511
-2104
855
4764
6164
4768
3719
5773
9675
11277
10448
8959
8459
7377
6158
6349
5853
3858
2020
2855
3409
74
-4446
-5061
-3841
-5106
-5862
-3769
-1898
-4687
-8719
-8559
-5768
-3996
-4428
-4330
-3701
-3674
-2809
-976
-48
-1858
-2389
1325
4788
5145
3905
3630
4158
4157
5325
7327
7906
7184
5462
2865
286
-237
2368
4655
3337
1324
798
-147
-1878
-2278
-712
-1032
-3192
-2449
92
79
-2971
-5134
-4220
-3503
-3669
-2803
-1747
-3082
-6094
-5816
-3068
-2262
-2447
-513
2031
866
-2429
-2836
240
2702
2482
1851
919
988
4142
8373
7775
1339
-684
6908
14233
9979
-238
-4023
1568
9532
12034
8447
1438
-3266
-2650
4
-358
-4130
-5027
-2969
-3654
-8875
-13861
-12035
-7701
-7623
-10691
-11804
-8354
-5392
-6028
-8185
-9005
-7619
-4616
13
3376
3477
1388
-94
49
1358
5124
9508
10115
6939
5234
6064
6630
6421
7168
8664
7816
5638
5439
6053
4276
991
39
1474
1898
1622
1802
136
-4694
-7828
-5965
-3244
-3780
-6501
-5791
-3186
-3026
-4506
-5384
-4904
-5473
-4373
-568
1544
435
-1666
-1387
266
1057
2797
5454
6288
4697
2208
2159
3850
4870
5304
5338
4362
1338
-1530
-225
4360
6296
2960
-1569
-2201
-168
945
696
666
694
-762
-2872
-4485
-4931
-4348
-2260
151
35
-3497
-7193
-6761
-4084
-2500
-3132
-3695
-2369
-842
-721
-2112
-3088
-2742
-706
2629
3871
1708
1392
5228
8583
6207
617
1407
9450
15191
11221
1494
-3052
1836
9869
11740
5988
179
-486
2265
2590
-746
-3997
-3829
-1371
-2645
-7482
-10872
-8977
-6103
-8986
-14526
-14968
-9416
-5679
-6689
-8661
-9131
-9448
-9091
-5876
-1538
1582
2558
2272
706
-829
2033
7582
9450
6909
5555
7913
9134
7350
6808
8689
9075
6616
5811
7071
6906
5196
3786
2743
433
-722
874
1785
-1667
-7005
-8157
-5547
-3593
-4334
-5933
-7032
-7444
-6460
-5411
-5140
-5108
-4025
-1338
-100
-1274
-2155
-588
2093
2959
2885
3811
5047
4870
3755
2925
2897
3538
4700
6050
5762
3563
1296
595
1766
3405
3736
1668
-1294
-2563
-2023
-629
-67
106
-312
-1731
-1654
-922
-1399
-3029
-3199
-629
-44
-2894
-4756
-3339
-1176
-1779
-3329
-3119
-2386
-2782
-3072
-2392
-1980
-1606
-648
1191
789
-677
2136
7230
8197
3413
1621
7257
12669
10442
3363
-615
1444
7140
11140
9023
1852
-2628
-22
3489
1161
-3867
-4370
-1084
-714
-5255
-10032
-10107
-6870
-5651
-8516
-11822
-10971
-8189
-7268
-8340
-8825
-7837
-7775
-7865
-6583
-3473
431
2131
728
-1952
-1531
3076
6220
5922
6044
8213
8905
5890
4378
7313
10283
9944
8475
8458
7989
6338
5958
6231
4394
1866
2515
4697
2729
-2295
-4980
-5478
-7332
-9469
-7578
-3348
-2513
-5348
-8123
-9598
-9907
-7534
-2077
1120
-1125
-4071
-2517
1285
1799
1218
2669
4430
3959
2662
3768
4754
4025
3669
4701
5920
5064
3702
3529
3013
2116
2522
3729
2754
-700
-3256
-2528
-917
-741
-1416
-2383
-3058
-3778
-4008
-3526
-2571
-1199
-744
-2091
-4545
-4955
-2553
-437
-357
-1644
-1485
-532
-903
-1763
-2890
-2542
-1339
-295
599
1172
3115
5222
4918
1879
775
5384
11806
12137
6331
2036
3218
7646
9626
7855
4348
1369
948
1493
-101
-3733
-5111
-2293
-400
-4166
-10118
-11592
-7966
-5773
-7708
-9676
-9093
-7395
-7415
-7860
-7310
-6720
-6265
-6096
-5450
-4146
-1680
1118
1113
-1230
-1574
1951
5241
5557
5293
6044
5790
3933
4158
7449
9540
7752
6108
6841
6873
5552
4908
5939
5488
3336
3109
3586
2268
25
-212
577
-1597
-5152
-6108
-4881
-4491
-5359
-6119
-7105
-8518
-8628
-6159
-3838
-3882
-4699
-4122
-2363
-1206
-40
1508
2532
2174
1218
2103
4336
5786
5918
5466
5020
4128
3483
4573
6183
6215
4699
3131
2094
232
-2205
-2272
622
2886
1458
-2330
-5203
-6171
-5839
-4106
-1820
-1208
-2916
-5526
-6685
-5198
-2255
214
771
-642
-2012
-1569
-47
884
263
-298
889
2412
2390
679
303
2761
5183
4696
2731
3090
6067
8126
6487
3118
1306
3235
7280
8881
5868
817
-1032
463
1180
-1041
-3235
-2382
-878
-1903
-4856
-6871
-7035
-6839
-7497
-8355
-8373
-7837
-7253
-7143
-7563
-7777
-7256
-6241
-5892
-5297
-2894
269
920
-1436
-2229
550
3749
4392
4679
6904
7848
5234
3060
4859
8004
8307
6800
6884
6456
4164
2844
3986
5022
3071
1509
2613
2743
240
-1411
68
880
-1582
-3581
-2947
-2696
-4195
-4898
-4023
-4212
-5655
-4965
-2882
-3322
-5846
-5981
-2613
-320
-390
-177
397
-308
-1690
-666
2599
4825
5479
5449
4392
2060
524
1578
3364
3849
3901
5022
5362
2788
-1403
-3313
-1159
2292
3992
2561
-293
-2616
-4035
-4119
-2882
-463
899
-814
-4255
-6417
-5473
-2980
-1184
-1204
-2215
-3004
-2684
-1132
-518
-1127
-1718
-639
1345
1786
1716
2198
3275
3993
3803
3480
3627
4927
6743
7225
5336
2710
2003
3805
5233
4024
1775
1147
2374
2059
-1006
-3953
-3948
-1814
-1077
-2016
-3128
-4305
-5748
-6697
-6287
-5839
-6167
-5967
-5074
-5128
-6466
-7239
-6514
-5568
-5070
-3811
-1812
-673
-1101
-1536
-900
213
1569
2831
3972
4430
4406
4697
5021
5819
6676
6687
5806
4742
4669
5036
5002
4666
4080
3205
1939
870
249
-501
-1170
-1165
-1069
-1470
-2032
-2145
-2683
-4735
-6179
-5101
-2210
-428
-1310
-3408
-5143
-5012
-3280
-1264
-84
395
972
975
-127
-1079
84
2588
3989
3788
3363
3257
2821
2082
1781
2279
3176
3803
3353
1599
-253
-492
868
1547
528
-618
-650
-489
-1600
-2427
-1343
317
-37
-2614
-4125
-3231
-1562
-991
-1788
-3070
-3986
-3580
-1963
-595
-662
-1628
-2169
-1979
-1463
-692
667
2461
3347
3220
2391
1258
1184
2803
5054
5582
4420
3363
3433
3629
3182
2831
2758
2845
2487
2067
1553
318
-769
-753
-84
-214
-1197
-2215
-3352
-4826
-5624
-4743
-3078
-2298
-3011
-4262
-5724
-6998
-6992
-5684
-3923
-2859
-2262
-1993
-2347
-2829
-2767
-1626
-358
395
1020
1549
2068
2456
3126
4253
4993
5141
4679
4197
4630
5472
5629
4839
3958
3800
3727
2803
1376
73
-591
-744
-774
-1033
-1931
-2856
-3156
-3222
-3401
-3110
-2476
-2342
-2913
-3481
-3316
-2905
-2380
-1306
-54
459
-239
-1035
-676
590
1825
2722
2933
2182
1406
1486
2148
2410
2129
2139
2605
2474
1421
530
892
1475
974
152
-5
483
447
-408
-1258
-1309
-1008
-1143
-1709
-2153
-1884
-1216
-769
-1331
-2442
-3151
-3164
-2407
-1252
-225
72
-317
-672
-1028
-1296
-1074
18
1831
2769
2262
1278
1126
1717
2174
2371
2314
2590
3230
3470
2599
1238
1096
2087
3041
3101
2363
1584
899
126
-663
-1021
-828
-571
-1077
-2098
-3015
-3622
-3931
-3938
-3303
-2923
-3246
-3640
-3560
-3021
-2617
-2202
-1891
-2201
-2460
-1951
-964
-467
-470
237
1031
715
-298
-551
580
1881
2741
3002
2434
1611
1616
2811
3609
3089
2429
2661
3079
2547
1676
1378
1132
515
259
415
159
-844
-1970
-2375
-2524
-2664
-2034
-1064
-790
-1521
-2463
-2716
-2570
-1876
-785
-242
-443
-804
-693
-269
136
494
998
1330
1456
1647
1679
1782
1901
2222
2581
2037
1048
554
1050
2146
2368
1374
51
-581
-418
-410
-569
-378
-28
-393
-1719
-2819
-2739
-1712
-685
-206
-274
-978
-1747
-1862
-1352
-817
-439
-154
129
325
231
276
73
-28
282
958
1606
1283
767
990
1912
2361
2007
1681
1778
1706
1236
1279
2078
2626
1860
392
-360
-197
179
424
157
-518
-1419
-1770
-1528
-1678
-2073
-2426
-2226
-2116
-2465
-3036
-3596
-3560
-3083
-2278
-1608
-1369
-1817
-2317
-2035
-1135
-348
-177
195
1148
1920
1811
1270
1066
1423
1911
2287
2222
2004
2261
2501
2386
1751
1335
1393
1257
935
1007
1620
1794
975
-13
-92
213
73
-349
-831
-1068
-1268
-1333
-1298
-1603
-1842
-2071
-2207
-2217
-2048
-1505
-1112
-1091
-1154
-888
-432
-36
426
825
800
468
339
702
1193
1443
1516
1469
1275
1032
775
482
439
553
534
-72
-487
-202
59
-23
-359
-168
-141
-680
-1098
-1008
-563
-529
-462
-173
-215
-701
-848
-118
641
797
534
260
-124
-453
-276
446
1182
1620
1751
1305
410
-184
423
1625
2350
2409
2259
1865
1079
645
990
1662
1790
1486
781
-111
-741
-767
-236
-176
-834
-1633
-1974
-1949
-1954
-2063
-2291
-2527
-2524
-2392
-2437
-2628
-2719
-2608
-2425
-2159
-1739
-1523
-1593
-1438
-857
-356
-273
-65
613
1199
1354
1394
1519
1678
1939
2555
3113
2851
1982
1535
1604
1796
1865
1829
1791
1357
994
702
349
59
-96
221
505
420
-169
-831
-1209
-1454
-1423
-1221
-794
-707
-1415
-2312
-2699
-2229
-1607
-1226
-926
-743
-741
-725
-405
-110
184
528
926
1262
1208
1227
1186
906
800
1155
1646
1286
279
-298
20
488
564
110
-627
-1233
-1408
-741
-149
-68
-498
-1004
-1286
-1346
-749
207
597
-202
-1119
-1128
-235
750
1208
1063
683
600
677
536
206
406
1189
1746
1556
1088
1064
1298
1233
1011
1023
1338
1693
1655
1055
458
515
1081
1330
713
-54
-261
-133
-250
-484
-442
-444
-998
-1814
-2032
-1714
-1640
-1918
-2024
-1923
-2026
-2208
-1992
-1608
-1580
-1925
-2145
-1752
-1275
-1272
-1239
-1028
-790
-640
-441
5
222
372
731
1130
1236
1179
1532
2076
2403
2291
2092
2106
2189
2287
2114
1742
1251
1028
1185
1189
914
289
-249
-565
-547
-190
-73
-348
-998
-1397
-1293
-989
-843
-1178
-1519
-1539
-1536
-1755
-1796
-1345
-834
-951
-1282
-967
-275
150
174
308
336
353
475
585
856
1129
1611
1612
782
-239
-213
672
1156
950
301
31
-316
-468
-293
-119
-137
-865
-1325
-1216
-908
-731
-691
-540
-618
-617
-271
101
212
-153
-83
738
1424
1223
667
764
1216
1684
1746
1766
1777
1513
1214
1148
1156
1072
1520
1841
1242
247
41
687
1193
879
234
-154
-313
-407
-574
-583
-870
-1261
-1554
-1777
-1815
-1735
-1514
-1646
-1937
-2206
-2158
-1606
-1252
-1198
-1516
-1758
-1511
-1036
-504
-254
-145
-466
-853
-756
-289
157
137
183
297
455
581
907
1243
1130
868
881
1391
1793
2054
2003
1461
875
832
1413
1739
1425
907
534
357
138
-65
-227
-313
-207
-166
-215
-461
-577
-546
-694
-1021
-1193
-1008
-981
-1043
-1006
-934
-1071
-1122
-856
-636
-563
-608
-363
-22
142
45
-70
206
677
1166
1183
704
239
325
701
751
557
224
-94
-450
-501
-77
337
131
-704
-1267
-1292
-984
-610
-320
-385
-851
-1086
-830
-191
199
193
252
453
727
793
788
790
799
1077
1586
1981
1888
1480
1137
1067
1151
1367
1597
1400
955
635
744
987
822
419
144
257
226
-141
-538
-819
-881
-995
-1111
-1112
-1110
-1245
-1551
-1880
-2018
-2017
-1636
-1120
-960
-1144
-1432
-1253
-864
-534
-338
-304
-237
-185
-33
110
123
15
6
132
231
442
761
1022
780
362
259
547
881
802
658
567
692
685
447
316
196
191
325
458
306
-117
-395
-285
-40
3
-223
-471
-445
-254
-32
52
-92
-245
-462
-570
-529
-370
-101
-68
-152
-354
-440
-297
-83
168
310
211
-55
-93
245
615
602
395
215
227
255
215
326
462
376
-11
-279
-222
115
199
-192
-535
-682
-580
-504
-600
-812
-1018
-851
-749
-755
-669
-422
16
125
-88
-279
-25
511
882
1014
1019
1100
1219
1301
1295
1246
1284
1494
1745
1650
1046
521
586
987
1014
616
299
224
239
-29
-304
-395
-496
-728
-1012
-1118
-1118
-1150
-1237
-1293
-1331
-1363
-1415
-1431
-1333
-1140
-1014
-936
-810
-681
-427
-190
-62
-10
-29
73
246
520
796
763
573
377
406
687
946
1078
854
467
219
261
516
559
394
129
-164
-288
-164
3
104
31
-270
-655
-863
-539
-6
244
140
-225
-504
-497
-419
-274
-114
-32
-53
-152
-145
-159
-142
32
162
99
32
163
362
333
124
13
40
138
316
597
636
228
-180
-210
12
211
304
358
212
-284
-750
-660
-53
370
177
-308
-760
-895
-571
-173
70
-46
-330
-553
-686
-447
-181
30
189
209
195
185
187
159
151
219
477
734
895
815
574
462
620
1056
1244
982
632
480
645
809
675
287
-71
22
244
443
437
80
-458
-924
-977
-780
-589
-578
-673
-862
-996
-1049
-1016
-968
-998
-991
-925
-721
-585
-506
-412
-238
-104
-162
-58
244
496
575
522
506
537
681
951
1071
873
597
446
460
604
668
594
498
332
93
-149
-308
-231
-53
31
-161
-580
-859
-796
-556
-364
-345
-451
-508
-440
-317
-329
-380
-357
-291
-223
-77
120
287
280
121
27
80
246
323
388
355
192
142
134
237
263
119
43
4
141
177
28
-74
-61
89
75
-167
-393
-436
-322
-225
-233
-290
-369
-351
-315
-243
-203
-270
-300
-217
-23
52
15
16
41
106
225
282
335
341
344
430
463
352
269
334
460
660
812
818
560
253
157
339
605
676
610
429
196
-57
-130
4
161
136
-56
-288
-491
-478
-474
-471
-497
-562
-527
-568
-796
-1022
-919
-642
-425
-358
-469
-693
-801
-645
-347
-42
166
210
149
7
-131
-49
263
569
632
540
421
368
427
556
623
644
684
652
613
458
226
165
262
398
412
212
-75
-175
-140
-132
-184
-330
-423
-416
-338
-296
-351
-414
-390
-307
-248
-227
-217
-197
-161
-105
-25
-40
-110
-63
38
84
3
-20
43
148
179
72
-22
-34
6
-31
-110
-192
-138
-47
-4
-86
-253
-359
-442
-324
-185
-135
-219
-345
-294
-146
-47
-105
-122
-5
174
326
355
246
90
107
287
443
497
434
399
400
392
346
195
187
313
465
475
338
214
209
299
375
452
343
170
51
1
-3
-25
42
132
29
-226
-441
-538
-455
-360
-288
-297
-367
-453
-559
-590
-593
-511
-410
-312
-262
-284
-256
-276
-319
-331
-238
15
177
154
83
83
60
122
250
328
362
331
323
328
360
360
392
386
289
243
279
314
259
235
272
245
131
70
123
120
6
-68
-38
-23
-70
-81
-42
-51
-164
-221
-242
-244
-169
-181
-160
-154
-237
-325
-385
-314
-152
57
123
1
-201
-328
-199
44
200
232
167
85
-26
-154
-113
-21
15
18
5
-78
-273
-403
-392
-253
-224
-224
-169
-200
-263
-338
-284
-199
-57
136
250
244
15
-117
-33
187
417
543
538
414
252
152
247
427
555
614
525
329
158
63
69
172
316
273
98
-77
-221
-162
-3
-10
-103
-171
-206
-179
-178
-179
-173
-126
-130
-190
-238
-306
-325
-299
-194
-135
-182
-256
-327
-303
-238
-236
-203
-103
-11
-4
-82
-150
-113
-4
117
236
291
355
349
237
164
199
355
544
548
377
158
35
66
161
293
281
207
120
-19
-57
67
193
177
110
-3
-51
-32
25
106
111
57
-53
-132
-98
-84
-153
-195
-241
-240
-227
-282
-275
-256
-244
-230
-268
-379
-419
-306
-167
-31
-53
-171
-217
-147
-34
10
71
86
108
92
53
29
16
37
-8
-51
-36
13
23
6
-29
-88
-133
-95
-16
69
63
10
-7
-12
9
64
214
307
239
140
152
227
334
341
270
174
86
109
159
126
130
152
44
-58
-228
-235
-130
4
66
-78
-224
-294
-259
-214
-86
-52
-60
-106
-175
-199
-227
-218
-119
9
-14
-66
-95
-6
32
38
69
67
33
32
107
178
214
103
56
48
64
129
228
295
150
9
38
151
243
253
178
110
76
89
165
306
272
144
42
-28
-10
32
157
115
-18
-124
-152
-93
-71
-61
-57
-63
-116
-136
-174
-177
-155
-142
-145
-158
-157
-177
-202
-221
-183
-193
-186
-170
-246
-301
-291
-219
-89
-20
-60
-105
-113
-79
22
84
46
-7
-9
50
89
125
123
144
136
74
90
95
130
130
113
88
26
-1
5
68
86
60
31
68
128
162
164
101
32
10
77
153
165
81
42
32
13
82
203
276
168
7
-53
-61
-37
-42
-78
-107
-120
-110
-167
-283
-359
-358
-272
-175
-191
-322
-415
-360
-265
-108
19
47
-20
-138
-94
-22
133
224
173
139
112
155
207
237
231
151
135
227
229
154
74
-1
-12
72
113
117
118
118
80
26
76
140
184
215
210
150
101
127
158
118
63
79
162
139
47
-32
-75
-68
-39
-61
-124
-132
-236
-292
-263
-225
-237
-233
-240
-339
-351
-281
-116
-91
-253
-382
-335
-117
47
66
-14
-93
-70
12
128
179
101
22
-7
59
113
116
149
167
57
-34
-22
69
187
111
2
-50
-12
76
113
147
68
31
50
93
125
88
104
121
82
31
126
177
166
103
22
-17
3
100
136
94
-56
-145
-110
-4
-7
-103
-207
-182
-134
-180
-178
-187
-197
-217
-155
-164
-203
-231
-213
-182
-191
-130
-83
33
42
-32
-37
6
70
79
20
-7
48
125
161
144
115
70
34
56
98
51
34
50
97
72
2
20
26
92
33
-9
45
81
104
79
69
28
94
160
149
117
152
232
237
183
55
19
63
108
107
-6
-47
5
31
32
-12
-79
-110
-82
-96
-160
-190
-132
-42
-69
-117
-110
-60
30
79
31
-10
8
54
51
4
0
-28
-20
39
63
45
36
75
99
26
-42
-55
-43
-9
-17
-109
-176
-135
-81
-56
-80
-144
-156
-80
-53
-111
-144
-100
-75
-84
-63
-68
-26
23
16
-14
-33
3
113
139
34
-26
-69
-21
7
-59
-107
-136
-122
-120
-132
-117
-127
-170
-122
-47
-83
-78
-9
32
25
-2
47
126
177
158
102
117
124
116
106
134
151
108
98
93
103
113
93
73
92
49
-5
86
135
57
7
13
53
82
62
59
-8
4
37
66
111
82
77
70
105
146
183
162
121
35
-34
-45
-28
12
-20
-60
-107
-98
-98
-71
-68
-129
-186
-174
-114
-129
-168
-137
-96
-119
-109
-91
-22
-23
-68
-67
-32
56
47
51
43
22
18
23
95
103
92
102
124
137
133
146
140
126
123
113
95
67
50
15
-1
-6
-48
-32
-42
-34
-58
-75
-68
-75
-36
-60
-70
-116
-156
-177
-155
-138
-173
-146
-184
-223
-224
-240
-204
-194
-214
-240
-259
-205
-210
-220
-216
-183
-140
-98
-66
-86
-48
-4
5
-3
58
117
155
198
180
177
192
219
244
225
225
234
237
243
213
197
239
239
247
234
197
205
196
201
154
107
115
130
134
91
62
50
58
48
12
13
47
88
48
25
19
29
67
64
40
-3
-15
-32
-19
-32
-45
-45
-68
-89
-126
-140
-149
-138
-176
-234
-217
-178
-170
-170
-239
-256
-239
-251
-213
-217
-199
-192
-201
-168
-138
-118
-65
-23
-36
-26
-28
15
60
63
83
73
110
126
126
151
151
164
110
119
133
112
108
104
144
94
117
142
100
92
72
60
60
52
12
24
22
14
6
-23
-12
-8
-19
-36
-65
-41
-40
-49
-46
-97
-78
-79
-85
-110
-133
-87
-75
-64
-68
-86
-65
-48
-78
-45
-6
-24
10
24
-17
-29
25
16
-47
-29
-19
32
47
16
-17
-34
-16
-33
20
28
-10
-37
-60
-22
12
8
36
41
0
-23
-14
51
35
9
37
68
83
105
113
99
96
102
166
150
123
122
130
150
168
158
124
130
85
64
44
66
95
25
-15
-44
-61
-62
-74
-82
-79
-67
-111
-107
-107
-120
-85
-69
3
-4
-45
-44
-45
-37
-42
-20
6
20
13
-26
-57
-32
-31
-58
-63
-42
-41
-28
-6
-51
-42
-3
-1
16
9
-8
27
44
35
19
2
7
-37
-42
-39
-47
-39
-78
-109
-102
-51
-50
-68
-79
-101
-79
-38
-26
-46
-80
-47
2
14
13
-27
-26
-33
-18
19
41
58
29
12
19
35
43
15
29
28
9
68
73
41
32
29
23
65
62
19
26
30
29
10
17
4
8
38
57
57
32
49
64
57
29
43
51
15
42
11
-12
3
-25
-32
-47
-8
32
17
-6
-25
-22
26
44
54
79
73
97
87
89
108
72
54
23
15
6
-25
-26
-54
-83
-92
-87
-85
-72
-72
-59
-42
-14
-3
-79
-70
-59
-1
35
24
63
44
39
-6
-13
4
20
35
41
44
40
61
31
-5
-21
-23
22
31
-16
-32
-35
-36
-56
-83
-83
-50
-64
-75
-107
-160
-107
-97
-86
-71
-71
-51
-33
-47
-63
-41
-12
15
-27
-22
-22
-48
-19
-3
-11
-27
-44
-42
15
13
-10
0
5
32
51
63
59
62
53
73
107
96
94
127
170
141
95
62
60
60
57
81
70
78
51
-1
22
21
1
-21
-49
-30
-31
-30
-8
-13
-9
-5
-15
-20
-51
-38
-39
-35
21
19
-16
-51
-37
-50
-60
-21
29
12
-12
4
0
26
55
95
64
35
19
-17
-10
-32
-19
-5
-12
-9
-45
-48
-31
-28
-22
35
47
1
3
-32
-28
-4
9
8
-2
1
-22
-9
4
13
-15
-13
4
-10
-20
-22
34
27
-19
-12
27
29
8
2
-12
-7
-12
-4
16
13
0
-6
-34
-33
-50
-50
-24
-1
10
-19
2
-13
-43
-57
-25
-21
-19
-19
-37
-31
-52
-29
-23
17
15
15
55
17
23
22
18
19
-1
11
-1
-34
-56
-48
-28
-12
-15
-7
26
30
45
88
89
90
114
78
49
45
53
37
35
53
-13
-35
-25
-45
-28
-13
1
19
10
-3
-20
-1
4
28
71
58
43
18
-3
-9
-26
-38
-23
-19
-11
-9
-19
-12
-29
-33
-31
-12
3
-5
-13
-44
-42
-45
-64
-75
-80
-63
-61
-63
-56
-50
-31
2
0
-15
-15
-17
-26
-25
-10
-22
-13
22
22
15
37
42
43
41
12
23
77
91
68
58
53
67
35
10
63
76
53
29
63
86
41
46
28
2
12
-9
2
11
10
1
0
27
3
-24
-22
25
26
1
5
0
5
-17
-20
-5
-8
-32
-10
4
-19
-38
-50
-28
-22
-30
-28
-35
-54
-58
-63
-48
-48
-61
-62
-76
-85
-87
-57
-40
-19
-8
-28
-10
-8
-10
-25
-9
34
24
4
2
11
6
13
12
4
7
11
35
24
28
51
-3
9
11
-6
36
-11
6
16
-1
-4
-19
-11
-28
2
3
11
38
31
16
-7
10
26
30
48
60
52
18
-10
-5
9
-2
-20
-21
-14
-3
-7
19
25
-11
-4
-3
30
51
43
29
8
42
25
9
-12
-13
14
5
22
13
12
29
53
35
11
15
17
16
1
0
21
19
-1
4
-14
-28
-20
-5
-9
-3
3
-16
-22
-22
-20
-3
16
-19
-16
-3
10
1
-10
5
-19
-51
-73
-21
-44
-73
-63
-70
-52
-58
-71
-38
-19
-34
-19
-19
-3
-34
-34
-6
0
5
-1
9
-6
28
20
10
0
-17
-26
-15
27
25
12
-5
2
2
16
26
29
47
51
53
61
41
35
51
47
29
3
2
9
14
-1
-13
-17
-18
-20
-14
-6
-14
-5
9
29
41
50
25
-6
4
-23
-21
-6
3
19
-1
-9
-44
-51
-50
-25
-8
10
71
16
7
20
-18
-25
-20
1
12
-6
-6
-2
-22
-19
-26
-20
-34
-40
10
31
24
24
16
7
10
42
46
38
32
30
32
25
35
16
19
19
-12
-19
-11
7
-3
-10
-15
27
66
10
0
35
15
-11
-10
-12
-11
-2
-13
-11
-16
-41
-62
-80
-93
-87
-65
-38
-38
-53
-35
-45
-59
-83
-60
6
21
25
3
-4
-4
-16
-16
18
43
35
23
9
51
17
5
49
61
79
79
88
61
36
14
30
52
40
35
16
7
-6
-1
-8
-10
8
-2
-13
-18
-18
-12
-7
22
7
-33
-25
-42
-29
-33
-45
-29
-38
-44
-62
-37
-21
-33
-13
-24
-26
-19
-25
12
5
7
4
-14
20
1
7
6
-10
17
29
-6
4
16
7
-3
-22
-4
17
36
25
15
29
51
16
4
29
28
25
8
48
45
20
14
17
19
10
37
16
15
5
-27
-15
-4
37
42
31
17
-1
7
22
18
-10
-6
-11
-16
-28
-45
-27
-29
-38
-26
-6
3
4
-2
-24
-18
-18
-29
-29
-39
-27
-46
-45
-53
-67
-57
-58
-13
-28
-47
-62
-32
-3
-10
26
20
11
7
41
51
47
34
25
37
40
51
44
54
48
19
1
6
13
32
10
-9
11
15
19
9
34
53
16
9
31
35
23
6
-7
-13
-12
-31
-26
-31
-43
-28
-22
-3
-7
-19
-27
-26
-42
-39
-6
-12
-12
-11
8
-3
-45
-44
-30
-23
-38
-51
-50
-38
-37
-20
4
3
13
4
14
45
31
0
26
22
20
35
25
24
13
18
27
33
40
42
23
5
-1
16
49
63
57
53
52
50
47
32
29
36
40
18
-9
-9
-24
-53
-67
-48
-48
-80
-58
-26
-27
-55
-29
-1
-1
2
-12
7
-13
-20
-10
4
8
15
0
-16
-23
-35
-16
-25
5
-13
-7
9
-3
12
-9
7
7
16
25
25
37
27
13
9
9
5
11
10
-6
-7
-7
-24
0
0
-4
-37
-51
-39
-57
-29
-19
-38
-25
2
-37
-25
3
6
-6
-19
-3
-12
-5
-18
17
21
13
35
40
52
8
22
53
42
33
36
27
25
21
-23
-21
-26
-19
0
-9
-5
-5
6
3
-3
4
15
38
45
28
8
19
29
21
29
19
32
32
9
9
0
0
-16
10
0
-31
-17
-11
-13
-21
-14
-9
-1
-8
-12
4
7
-8
0
-4
-11
-8
-3
-24
-57
-68
-75
-48
-37
-37
-34
-36
-49
-21
-19
-25
9
10
-11
-26
17
10
9
9
9
21
-2
12
7
38
51
37
47
29
38
38
47
41
10
29
44
56
57
57
59
40
29
23
10
2
24
33
-10
-24
-6
-37
-22
-9
-39
-33
-32
-37
-40
-32
-38
-35
-41
-28
-38
-51
-43
-58
-24
-6
-6
-4
10
-12
-15
1
0
-4
-15
-4
-28
-42
-35
-26
-27
-28
-15
-6
-23
-12
-1
-14
7
-7
8
9
-7
4
-1
4
3
5
8
20
9
11
35
24
30
34
50
78
66
53
32
35
51
23
40
47
44
67
51
59
35
44
62
42
64
42
12
2
15
7
-8
-9
-9
7
-19
-33
-32
-36
-53
-82
-84
-77
-79
-87
-72
-63
-72
-59
-28
-29
-34
-26
-24
-14
-44
-72
-56
-52
-48
-14
-3
5
13
23
51
38
41
22
-4
9
26
48
35
30
6
-20
2
44
41
39
74
43
8
14
19
39
31
22
12
16
18
-11
-32
-25
-13
-28
-9
6
3
-29
-29
8
20
25
-6
10
31
-2
-20
-1
16
9
11
35
18
-7
-26
-26
-3
-23
-21
-9
9
-19
-48
1
-12
-37
-28
-14
-20
-31
-36
-46
-49
-61
-60
-51
-53
-47
-9
9
8
22
21
13
52
73
38
38
50
43
39
3
33
48
20
30
13
25
5
-13
0
3
7
15
35
28
37
29
32
23
8
39
9
9
18
-22
-23
-7
-6
6
-20
-29
6
-3
4
10
7
9
-12
-22
-30
-15
-2
-3
-1
9
6
9
20
-10
0
1
-7
1
0
9
-4
-18
-49
-32
-30
-25
-32
-67
-59
-56
-38
-46
-26
-13
-25
-30
-23
10
-8
-7
12
1
12
7
-3
1
-9
-2
16
27
25
50
47
25
6
4
30
28
19
12
11
-9
-20
-11
-8
-17
-16
-10
-28
-23
-5
-2
9
23
7
-15
-23
-17
-19
-25
-30
-41
-46
-40
-16
-7
22
32
18
37
40
29
51
44
31
56
35
43
52
59
68
43
50
53
34
45
38
20
14
-15
-16
23
52
34
32
28
1
-6
-22
-28
-26
-37
-44
-31
-25
-22
-37
-52
-49
-66
-58
-63
-51
-32
-47
-29
-51
-76
-67
-55
-16
0
3
7
9
16
5
11
23
18
21
28
37
18
35
46
46
42
12
3
-3
12
7
15
15
4
-18
-47
-31
-5
-19
-25
0
-21
-16
-16
-7
9
-26
-25
-10
-20
-15
8
0
-22
-20
-5
26
25
16
43
12
-27
3
10
15
11
5
17
-23
4
34
7
10
22
23
11
-1
7
25
16
18
22
31
25
2
22
38
35
9
4
19
16
4
0
18
-13
-35
-26
-23
-17
-34
-6
21
-3
-6
-15
-25
-15
-26
-35
-3
4
-5
7
-9
-1
-10
-18
-2
-6
-13
-5
11
0
6
-1
9
18
-9
15
25
7
-10
-10
-9
-26
-14
-3
2
-7
-19
-28
-38
-35
-19
-11
-10
-29
-32
-11
-26
4
-3
-16
25
40
45
26
41
25
9
0
15
33
28
18
3
16
5
1
11
24
3
13
20
17
15
13
23
4
-4
-21
8
-2
-3
12
3
8
-6
0
-1
-3
1
22
10
-8
-12
-22
-9
-17
-15
-16
-23
-9
-21
-20
-3
-2
-7
-3
-3
-22
-19
-12
-4
-16
-14
4
21
32
9
18
23
12
0
3
-5
-39
-38
-18
-9
-15
-25
-10
19
9
27
45
25
0
6
21
9
-11
-26
-11
0
-1
-10
-5
-13
-9
-7
-13
-5
20
21
6
32
27
-11
9
38
0
-5
-22
-23
-31
-48
-31
-33
-26
-31
-26
-22
-5
-15
-38
-8
-3
0
23
13
19
21
25
34
28
60
52
40
38
33
19
2
20
13
0
7
13
22
40
32
26
17
32
7
-6
15
-3
7
1
-15
-22
-19
-6
14
-6
-20
-22
-25
-8
-8
-19
-16
-12
-22
-5
-29
-32
-14
-26
-7
-2
-6
3
7
-3
-11
-13
-12
-15
-21
-6
-8
8
27
12
20
3
-29
-16
5
-7
-13
-22
-39
-40
-41
-47
-19
1
-14
-6
-18
-33
-32
-34
-12
-8
3
15
7
14
18
32
57
51
33
31
36
53
38
22
25
19
14
-7
8
7
-3
23
46
31
14
22
4
-7
-9
-20
-24
-30
-18
-10
-7
13
14
26
20
15
22
20
-10
-37
-3
2
-10
-9
2
-6
-13
-19
-12
20
21
21
7
27
32
18
16
-1
-13
-15
-5
-14
12
12
2
19
7
3
-6
0
-5
-12
-5
-13
-24
-9
2
-20
-38
-41
-44
-54
-47
-38
-28
-41
-55
-59
-44
-41
-32
-14
-28
-15
-35
-28
4
9
-3
3
25
22
15
7
33
9
6
15
21
59
44
32
47
53
48
60
60
56
64
48
53
55
42
45
27
14
22
35
18
-9
12
18
7
-19
0
3
-26
-19
-13
12
0
-34
-24
-2
-23
-54
-60
-50
-54
-47
-46
-46
-34
-27
-22
-22
3
-34
-10
0
-44
-39
-40
0
-8
-28
-31
-13
14
8
-3
10
24
15
-2
1
2
-16
0
-2
-2
-13
-10
4
-2
21
32
-4
-4
-6
-16
21
22
23
19
17
44
65
41
28
56
28
10
19
16
8
17
25
38
31
27
26
0
23
17
9
15
4
0
-7
-18
-57
-38
-27
-16
6
-25
-29
-28
-35
-37
-33
-38
-38
-9
-9
-35
-19
6
-7
22
38
8
15
4
-28
-24
1
-4
-13
-7
-6
-9
-21
-13
-3
-21
-5
0
0
10
7
14
13
34
17
4
14
8
7
12
25
-1
0
5
-1
19
5
12
44
27
21
11
-1
17
12
34
44
25
41
44
32
29
13
-12
10
8
-19
4
-4
1
-13
-36
-23
-40
-54
-59
-63
-62
-64
-73
-47
-45
-47
-23
-29
-42
-39
-28
-38
-28
-39
-44
-19
-13
-3
5
12
22
20
28
43
44
63
50
22
13
3
6
19
26
41
53
34
22
28
-2
-2
31
25
22
15
25
26
0
14
35
47
29
16
25
30
14
3
34
30
4
-28
-27
-27
-35
-23
-8
6
-21
-30
-41
-25
-7
-18
-10
-10
-26
-29
-15
1
-1
-17
-14
-5
-13
-12
-21
-21
-10
-18
-3
-18
-7
23
20
18
31
33
8
8
29
14
-5
8
13
19
-14
-6
-10
-4
3
-19
-12
-28
-19
-35
-15
-15
-17
-5
7
-4
-31
-3
-10
-21
-22
-28
-7
6
0
8
1
6
-1
0
-6
-8
2
-5
24
16
-10
0
2
-2
4
13
29
20
26
10
-15
0
3
9
28
40
27
36
31
33
24
1
-13
-19
10
16
-16
-42
6
11
-9
16
32
8
-5
-1
-3
-15
-35
4
5
-19
-4
2
-3
-4
-6
9
15
12
11
5
-2
-9
-15
-5
15
-6
9
10
10
13
5
20
-4
13
4
-18
-6
-11
2
10
21
12
-6
-10
-19
1
-19
-24
-25
-30
-5
-14
-12
-9
1
-4
-6
-13
-11
-15
-34
-23
-15
-33
-26
3
-6
-7
-22
-23
-18
-20
-23
-31
-12
-11
-3
3
13
19
38
41
24
20
24
-2
-1
31
18
32
51
52
30
22
16
6
-3
2
16
3
2
-9
-14
-8
0
4
10
22
34
6
-7
-1
-25
-17
15
14
-4
5
-19
-42
-36
-26
-5
-7
13
11
-10
8
4
7
32
34
27
33
26
7
0
-10
0
-17
-31
-26
-42
-28
-16
0
3
-3
8
-6
-18
-21
2
-6
-24
-18
-18
-10
-21
-21
-3
-4
-12
10
1
-6
4
-11
15
30
23
22
31
22
3
9
11
13
22
24
21
28
22
3
-8
-9
-20
-3
0
-9
-5
1
4
-12
-29
-40
-24
-8
-7
-6
-4
10
5
0
4
-3
5
-6
1
-6
-2
-3
-14
12
0
17
7
-4
4
-15
-21
-6
-7
-14
5
17
15
-11
-5
-2
4
19
4
-5
-13
-29
-35
-13
4
24
19
-4
-7
-17
-16
-3
4
-6
-6
9
-8
-12
-11
-1
-1
2
15
-8
9
4
4
-5
-9
17
6
7
-15
-3
12
8
20
16
37
29
16
32
15
7
9
24
20
7
7
15
18
-13
-6
-8
-19
-13
-17
7
-2
3
10
-5
4
-1
-9
4
-1
0
12
26
35
23
9
6
22
25
31
23
-3
-23
-41
-42
-12
1
1
7
-4
-23
-25
-29
-40
-48
-38
-10
-41
-25
-29
-54
-36
-28
0
-13
-13
-19
-26
-12
-8
-13
-9
-27
-11
11
-8
-15
-19
16
1
-5
10
16
6
-11
4
32
28
7
42
51
54
36
44
51
19
21
31
28
15
4
4
-1
-3
0
-8
-3
-14
-3
-26
-34
-10
-26
-18
-17
-13
-11
-16
-21
-7
-3
1
-2
-10
-4
-2
-5
0
24
23
27
49
41
34
32
26
39
39
56
47
21
29
1
-1
16
7
11
15
0
-2
-9
-21
3
7
1
-12
-18
-6
-23
-23
-33
-40
-33
-23
-1
4
-5
-6
-9
-5
7
-16
-1
-15
-23
-22
-21
-9
-40
-24
-28
-21
-15
-32
-31
-30
-21
-34
-31
-20
-39
