9
8
-16
-17
-14
-30
-24
-23
-39
-39
-27
-2
-34
-28
9
-5
-3
-6
-4
21
18
0
33
26
19
16
6
25
20
12
4
8
6
-10
-1
6
3
3
0
6
-5
-13
-18
-13
-10
-6
-3
-16
-3
-19
-26
-4
3
-12
-24
-29
-20
-2
-6
-16
1
22
0
20
25
4
2
4
20
18
8
-4
22
16
-19
-3
17
2
-28
-22
-17
-10
-3
10
6
10
-2
-13
14
22
12
17
34
5
-8
9
5
-9
-2
8
6
-1
13
6
-10
11
14
-3
-5
0
-9
-18
-19
15
12
14
17
16
6
-20
9
21
-10
-16
-15
-40
-9
-5
-16
-13
-13
-8
-13
6
-3
-12
-3
-7
-10
6
16
-6
-26
0
-11
-18
7
5
3
7
14
14
23
8
11
-6
6
6
-2
16
-13
-10
-10
-9
-7
10
20
22
-3
-19
-31
-35
-4
-25
-32
-23
1
-22
-6
3
-15
4
-2
-3
-12
-7
-7
7
17
27
16
2
19
8
15
27
13
10
23
9
16
16
13
24
15
18
28
20
12
38
19
25
63
41
19
-12
-14
9
4
6
4
7
1
-7
-7
-23
-23
-6
0
-29
-27
-44
-27
-5
-20
-20
-46
-9
-34
-41
-35
-36
-29
-47
-22
-20
-25
-52
-51
-37
-27
-13
0
7
10
1
6
9
10
22
27
47
29
31
36
38
43
31
30
38
29
22
30
23
20
12
24
-2
7
-5
-13
7
-19
7
-6
-3
-5
-38
-27
-23
-18
-26
-25
-10
-13
-18
-22
-29
-18
-18
-29
-35
-34
-27
-25
-23
-19
-9
-5
-5
9
7
-5
6
9
22
47
48
55
44
35
31
24
50
67
94
85
76
74
47
16
-6
3
6
27
10
8
9
-4
-21
-54
-41
-49
-33
-20
-34
-28
-32
-9
-12
-27
-13
-41
-50
-49
-31
-5
4
13
-6
0
-15
-26
-34
-41
-36
-25
0
-2
-3
-6
-8
-25
-9
-16
-31
-10
7
22
15
1
22
40
25
31
7
1
13
28
58
41
26
13
6
12
-7
-20
4
-7
-17
-8
-3
0
-28
-41
-38
-24
-37
-35
-21
-7
18
-1
-13
-21
-23
-31
-6
18
25
32
30
31
41
40
41
63
23
23
34
33
47
16
26
35
19
8
5
0
-1
-6
-2
31
5
6
5
-22
3
-9
-25
-16
-14
-18
-12
-12
-35
-46
-48
-41
-29
-16
-30
-32
-25
-26
-40
-29
21
-6
-10
-3
-10
9
10
17
-1
-7
-7
-22
-12
-10
1
7
23
21
-4
15
6
17
24
14
22
27
28
28
18
33
32
8
14
1
-10
-19
-7
6
9
-3
-4
-2
-9
-17
-22
-4
-9
-11
-18
-8
-15
-13
-11
-26
-3
-9
-15
-6
17
32
19
26
24
22
2
-12
8
1
0
-11
14
13
-6
13
-1
-1
-6
-12
-14
-13
-9
-7
-4
2
1
9
32
25
-2
14
33
5
9
16
-4
16
24
-27
-13
-15
-17
-23
-5
5
-31
-8
-25
-18
-28
-23
-21
-25
-10
-30
-3
7
-3
0
-4
-7
7
3
7
28
29
16
11
20
14
21
9
13
23
2
14
-6
0
14
8
4
4
21
11
15
-7
15
13
6
5
-7
2
-8
10
4
-1
10
13
-1
9
-7
-13
5
-13
-5
-7
6
-1
-20
-13
-19
-24
-20
-10
-19
-46
-57
-73
-47
-38
-31
6
-6
-13
-22
-11
-22
-14
1
-9
-4
2
29
2
17
44
38
48
55
39
25
21
3
21
21
12
17
22
20
6
14
10
0
-3
-9
-7
-2
-9
-10
-18
-12
3
2
0
3
-2
-6
-4
-2
-1
-10
-8
19
18
-24
-15
11
7
4
26
15
-12
13
36
45
26
18
24
9
13
17
14
17
10
4
12
0
-14
-22
-25
-12
1
1
-17
-30
-26
-32
-39
-31
-12
-14
-23
-18
-18
-15
-26
6
1
-16
2
6
-9
-24
3
-20
-20
-17
-38
-1
-1
-23
-31
-39
-32
-30
-27
-19
-8
-11
-15
-3
-15
16
39
18
-3
-1
2
-9
-4
13
27
24
35
42
47
41
48
51
36
37
37
57
46
42
51
44
30
38
47
20
7
30
28
3
10
1
-5
-19
-46
-32
-36
-57
-55
-53
-43
-33
-25
-26
-41
-30
-10
12
-8
18
35
-6
15
2
15
16
13
19
-11
-15
1
17
4
26
1
-10
6
-27
-22
-10
-4
-11
-18
-7
-18
-9
-14
-24
-1
-18
-16
-27
12
21
-14
10
3
20
41
21
17
21
14
2
-8
7
-9
-17
-20
-35
-45
-40
-35
-41
-22
-23
-36
-40
-23
-32
-43
-13
0
-6
-3
-4
1
-1
-9
1
24
26
4
24
24
38
35
35
44
38
26
28
37
38
59
29
28
37
53
51
28
16
14
23
19
26
18
0
-16
-19
-14
-17
-8
-4
3
15
-3
10
4
-3
9
4
-4
-10
16
4
-1
7
2
-2
-4
-9
-16
-24
-17
-6
-23
-17
-39
-45
-25
-14
-22
-35
-24
-39
-32
-29
-42
-41
-46
-32
-47
-22
-21
-42
-30
-12
-5
-21
7
3
-6
-16
-10
14
9
23
9
8
-10
-1
23
11
29
30
32
23
29
34
8
15
30
23
5
18
32
23
7
1
0
3
13
18
20
29
32
0
-3
3
1
16
-1
15
38
3
-1
16
18
27
36
19
28
11
-6
9
-4
-7
-15
2
9
5
-10
-10
-1
-13
6
-13
-35
-52
-38
-28
-19
-7
-21
-14
-38
-35
-19
-28
-16
-3
-4
-16
0
16
7
16
0
-3
18
0
5
13
13
4
-4
3
10
10
8
-5
-4
-7
-11
-19
-30
-4
-10
9
-9
-15
0
-2
7
8
17
-13
10
-9
-13
9
-10
3
-11
-10
-24
-1
6
-13
-15
-41
-37
-39
-9
-20
-12
6
-8
-3
-10
3
-14
-9
-15
-15
-1
17
16
7
41
34
36
39
35
44
32
18
31
34
48
41
48
67
18
39
45
42
10
-3
60
70
62
32
12
8
6
0
4
-13
-28
-19
-9
-10
-37
-31
-37
-41
-22
-31
-25
-19
-29
-35
-26
-17
-42
-39
-64
-44
-20
-41
-28
-32
-13
-35
-36
-19
-28
-25
-18
0
-3
-4
-11
-3
-5
-15
-15
-3
4
13
9
13
27
28
15
11
42
34
40
28
12
7
-13
-12
-11
-13
-20
-29
-33
-19
-18
-22
-10
-9
-10
18
28
45
42
33
42
28
37
23
19
18
7
26
33
26
19
25
19
4
17
9
-4
-3
-11
-12
-10
-4
-10
-37
-38
-28
-20
-10
4
6
-4
19
36
34
39
22
2
18
23
26
22
6
-5
-15
-10
-21
-4
2
-21
-35
-14
-12
-26
-11
-5
13
3
-10
-16
-7
6
-3
-2
-8
-18
-12
3
-9
-6
3
-12
-3
-5
-4
0
28
15
-35
-15
-21
-44
-21
-30
-40
-23
-28
-42
-12
6
-17
-16
-5
-9
-6
5
5
10
-6
-1
17
28
24
1
18
29
30
35
41
22
37
38
13
31
16
-23
-22
0
-12
6
-9
-23
-23
-27
-14
-22
-10
3
2
22
38
-17
-1
3
-9
18
26
50
35
19
16
21
13
22
8
-6
6
-12
-1
27
16
-19
-21
-28
-25
-22
-26
-32
-26
-15
-12
-6
3
0
-6
3
6
19
27
42
41
40
33
54
63
28
34
6
-4
18
29
13
11
-7
-18
-19
-36
-23
-36
-25
-22
-22
-50
-48
-37
-62
-49
-56
-63
-71
-41
-17
-11
10
-16
-23
-4
-2
9
22
18
2
9
19
-5
-6
-12
-9
10
-9
-13
-18
-6
13
12
-3
-9
9
-19
-20
9
0
16
15
24
35
30
26
-4
12
22
46
22
26
34
25
44
14
25
3
28
31
11
41
30
23
25
34
14
-3
-2
6
3
-9
13
30
19
-3
-10
13
-1
-6
3
-1
-7
-32
-27
-25
-20
-15
-24
-27
-38
-31
-24
-14
-23
-28
-8
-35
-36
-35
-46
-41
-45
-51
-43
-34
-13
-1
-16
1
-12
6
12
0
14
-4
-2
8
16
30
16
17
29
20
28
16
18
31
28
22
38
32
15
35
40
44
32
15
16
12
0
0
3
0
-3
-14
-19
-27
-24
-10
-32
-44
-10
-29
-12
19
9
0
1
12
-8
-2
-4
0
-12
-6
8
0
9
-10
0
-9
-6
1
-13
-9
-5
-10
-29
-7
1
-34
-41
-48
-21
-15
-30
5
-8
-7
10
22
17
7
17
19
22
44
44
42
51
34
21
3
18
0
4
7
-7
13
3
-7
-13
11
0
1
16
29
31
12
-4
-2
-13
-24
-4
6
8
-7
5
-3
-6
7
4
7
-9
-13
-19
-19
-2
-19
-31
0
-12
-18
-8
-22
-21
-26
-9
-13
-3
22
7
7
11
24
7
13
27
-3
-17
-7
-7
-20
-17
-24
-19
-44
-52
-17
10
-3
-13
-15
-19
2
4
20
4
-4
-6
-10
6
16
9
0
24
2
-6
0
-6
-6
3
0
6
18
-4
-3
-10
9
21
16
35
7
-10
7
13
16
40
53
70
62
54
67
37
43
41
6
-5
6
-6
-38
-25
-22
-37
-40
-45
-59
-73
-37
-38
-38
-19
-45
-26
-21
-36
-31
-33
-36
-42
-31
-16
-16
-5
25
13
2
20
31
15
34
53
40
50
28
29
52
48
31
18
13
12
28
36
31
7
1
14
6
9
10
13
-1
-16
-3
2
15
10
-7
-7
-5
-12
-35
-21
-22
-23
-3
-22
-13
-32
-28
-4
-11
-9
-26
2
3
-22
-29
-32
-14
-2
-22
-16
-17
-39
-26
-15
-6
-10
0
-6
-16
5
-1
-6
3
12
3
1
-3
4
13
-2
2
14
26
22
11
22
8
-6
-3
-1
15
19
9
-11
-8
10
5
10
12
13
27
48
24
19
28
36
40
23
42
36
28
19
-6
-10
1
-5
-19
-23
-14
9
-10
-27
6
3
-6
-6
-13
6
-19
-18
1
-28
-15
-6
-24
-15
-22
-25
16
22
3
8
-3
-8
3
4
1
10
10
2
-2
3
11
-3
-7
-16
-13
-10
-15
-9
-14
-3
-16
-15
-5
1
3
-22
-20
-30
-27
-28
-12
-17
-25
-10
-39
-39
-29
3
-16
-30
-17
-33
-10
-10
-8
16
28
24
9
-4
-6
-9
4
39
37
44
49
46
26
44
53
32
60
54
43
46
38
41
47
43
56
26
29
31
-8
3
16
18
0
23
10
-7
-15
-22
-7
-16
-15
-18
-9
-35
-30
-24
-36
-16
-28
-1
-16
-51
-27
-12
-9
-15
-19
-18
-19
-13
-16
-36
-21
-23
-39
-22
-22
-19
-26
-41
-22
-9
-9
-10
-27
-13
-13
-21
-13
-17
-34
-30
-3
0
20
23
16
21
16
17
34
45
51
39
41
53
32
39
19
29
32
21
29
23
39
16
10
-6
-17
-7
-16
-11
-7
-11
-18
14
8
-4
2
-9
-8
-33
-30
-19
-16
-9
-13
-14
-13
-19
-38
-21
3
-10
-7
3
18
19
4
12
42
39
17
35
39
56
15
3
36
23
24
14
18
2
-13
-6
3
7
18
16
0
1
-4
-9
-20
-12
-9
6
0
-12
7
-13
-25
-23
-45
-21
-27
-30
-2
7
-5
-34
-39
-44
-36
-32
-10
-29
-15
6
-9
-6
0
-2
-24
-20
-17
-3
4
34
0
-16
9
-11
-15
-13
1
-33
-29
-14
-28
-11
3
-9
-3
3
-3
8
6
12
19
34
29
42
39
22
40
42
51
23
38
33
43
48
3
25
16
28
31
24
26
13
-3
-18
7
7
-2
25
27
10
-7
7
8
-12
2
0
-3
-13
-26
-21
-19
-24
-28
-14
-8
-25
-27
-26
-19
-32
-67
-40
-35
-56
-44
-27
-12
-14
-16
-14
-10
-9
-3
-9
4
32
-1
0
15
7
15
16
19
15
22
4
14
23
12
11
-5
-4
0
9
32
32
0
0
4
6
7
-6
5
12
9
4
2
-8
-16
-15
-17
-9
-19
-24
3
-19
-4
16
13
16
-1
6
13
18
-4
1
4
-1
-6
-14
-3
-16
-14
-13
-23
-10
-10
6
16
-10
0
-13
-3
10
5
-12
-30
-13
-7
-9
7
6
-6
16
6
27
35
37
38
13
14
8
18
10
12
34
18
-7
-2
-15
-6
1
-10
0
21
3
-34
-12
-5
-19
-13
16
24
26
10
-6
-2
-12
4
10
1
-5
23
13
-6
-7
2
8
15
24
-4
7
0
-13
-29
-33
-6
-7
0
12
16
-12
-7
-26
-26
-4
-25
-12
-31
-29
-38
-40
-23
-35
-48
-33
-30
-46
-31
-37
-15
-16
-25
-22
-22
-24
-20
-1
-2
0
0
-5
7
21
29
37
19
43
43
38
36
32
55
34
30
44
56
23
38
50
28
39
56
55
32
44
38
30
32
31
32
0
20
22
7
26
12
-23
-37
-22
-23
-9
-35
-37
-18
-48
-58
-41
-40
-46
-51
-60
-48
-50
-24
-25
-13
-15
-32
-2
-15
-10
-12
-6
1
18
23
-2
16
20
16
10
7
19
25
7
26
40
7
13
-2
3
9
6
-3
-8
2
0
31
13
-7
-29
-45
-35
-25
-12
-11
-19
-9
-7
-28
-25
-8
-17
-36
-18
7
10
-15
-7
-9
-5
-3
-17
-6
-7
8
9
14
14
7
-6
17
17
3
37
28
19
15
12
20
38
16
-2
17
14
31
44
28
22
30
29
40
35
24
3
11
3
0
3
7
28
-13
-19
-5
7
-14
-25
-19
-18
3
-16
-9
-12
-25
-24
-32
-13
-26
-28
-23
-18
-18
-31
-12
-38
-34
-17
-12
-3
-9
-19
-16
9
20
27
7
11
14
13
5
6
13
19
25
9
18
8
6
13
19
23
13
15
20
14
9
18
32
31
42
27
-4
-10
-35
-22
-28
-29
-35
-51
-38
-31
-51
-60
-37
-59
-35
-13
-46
-41
-25
-32
7
19
24
37
-3
7
26
1
-16
13
16
29
18
5
14
-5
6
14
40
36
19
10
18
9
12
46
42
38
16
35
51
30
24
8
26
25
3
29
-1
0
-12
-25
23
7
8
6
-12
2
-14
-9
-8
-34
-25
-28
-18
-9
-25
-41
-43
-42
-56
-52
-40
-3
-21
-34
-23
-26
-14
-22
-10
-2
-5
-10
1
-8
-22
-1
-7
-9
3
-20
-16
21
19
15
11
32
18
18
35
24
19
-4
17
9
31
28
25
44
46
38
16
26
15
19
20
4
2
14
7
16
-4
1
2
-12
15
-19
-31
-14
-13
-4
10
-15
-5
-8
-13
-12
-6
-4
-34
-28
-34
-28
-40
-23
-14
-19
-22
-12
1
6
18
-1
11
10
-1
13
29
35
31
32
19
3
19
9
10
9
-7
-3
-19
-19
-16
-17
-18
0
6
-19
-28
-16
-6
-10
-3
3
3
-1
-22
-26
-16
-13
6
1
0
0
-3
16
8
12
20
15
5
23
18
0
15
15
0
6
8
11
26
0
4
7
-7
-14
-3
-1
-14
0
7
21
-6
-9
6
-8
-2
16
18
-8
3
16
29
19
-4
21
-3
-15
3
-7
-12
-7
-8
-2
18
9
-4
-7
7
0
-16
-14
-12
-23
-45
-24
-8
-6
-14
-20
-7
-22
-28
-33
-33
-45
-49
-9
-17
-20
-28
-31
-12
-6
7
-2
-6
-5
13
7
6
24
38
44
24
16
40
57
22
23
42
48
44
22
23
25
19
35
35
35
44
32
42
42
29
11
13
0
4
17
28
32
3
-6
-27
-4
-11
-32
-17
-35
-18
-9
-41
-38
-40
-57
-37
-10
-18
-34
-45
-46
-51
-66
-53
-53
-40
-35
-39
-25
-21
-27
-23
-16
-15
-6
-15
-6
2
3
4
-20
-10
22
12
31
40
26
35
22
56
52
24
29
38
30
34
40
19
38
31
24
28
29
26
13
18
15
16
25
1
7
14
14
6
-3
17
-24
-28
-10
-5
-4
-16
-9
-34
-27
-17
-25
-5
-11
-22
-14
-21
-26
-43
-38
-9
-8
-4
-9
-10
-9
-22
-7
-20
-23
-3
-15
-16
0
-4
-14
6
7
-4
-8
17
35
44
26
29
36
12
28
13
19
9
23
37
26
2
-17
-1
-16
38
25
31
42
9
9
-1
0
-1
0
-7
7
-1
1
-10
5
16
-10
-3
13
16
-5
-1
-15
-16
-17
-15
-13
-19
7
-11
-28
-29
-48
-32
-13
-13
-10
-16
-27
-28
-16
-25
-30
-22
-34
-20
-37
-43
-10
-24
-1
18
17
-9
-16
-23
-13
1
-8
16
-10
-5
-5
2
6
6
17
19
16
16
18
1
24
25
42
41
42
43
45
41
42
68
33
40
58
42
26
15
22
15
5
0
-2
13
6
7
-11
-7
-16
-4
3
-13
-2
-28
2
-13
-6
0
-16
6
8
-22
-36
6
-10
-33
-16
3
-29
-21
-2
-14
12
-3
-22
-17
-13
-25
-26
-15
-13
-29
-37
-24
-21
-13
-16
-10
-4
-6
0
8
-7
-13
-38
-46
-19
-27
-28
-25
-6
-12
-14
9
-6
7
28
26
37
22
21
29
16
16
8
38
52
48
20
1
32
7
6
17
9
26
19
-13
-6
3
3
25
18
8
-3
-17
-9
-7
6
15
11
14
-7
-4
-1
0
26
23
16
12
12
7
0
7
-13
6
-4
-9
6
-32
-13
-12
-28
-30
-31
-26
-26
-30
-24
2
-3
-6
-24
0
3
-7
-6
-37
-7
19
7
-13
7
17
11
25
19
13
6
12
27
38
26
5
24
28
11
32
33
8
15
28
28
29
25
-1
-9
-2
-6
-15
-14
-14
-34
-42
-39
-32
-43
-52
-27
-38
-47
-50
-54
-53
-66
-44
-29
-28
-36
-41
-37
-13
6
12
27
14
29
26
25
30
17
24
11
22
45
40
49
50
52
24
23
16
-6
10
-3
33
28
12
22
5
-9
-13
-22
-31
-11
-2
11
10
4
6
2
5
-1
-1
7
12
4
19
33
1
-6
13
17
4
6
10
1
6
10
1
-18
-2
-12
-25
-18
-37
10
8
-18
-15
-21
-13
-23
10
-1
-11
3
-18
-25
-29
-11
-5
-11
-13
-13
-12
-7
-3
9
22
13
1
9
3
8
4
2
1
-13
1
3
17
8
13
17
19
25
19
25
8
0
-22
-33
-9
-4
-16
-6
-10
2
0
-6
-9
-27
-19
8
1
-13
-15
-47
-20
0
4
20
3
10
21
13
5
4
6
-8
1
9
1
-16
-37
-25
-29
-20
-19
-20
-32
-42
-16
-14
-20
-6
3
6
28
1
-1
10
15
10
-4
6
18
42
33
12
34
28
12
20
6
20
18
12
29
40
28
28
29
42
19
17
65
38
27
48
53
33
31
9
26
15
6
23
5
7
1
-4
-11
-3
-27
-6
-34
-43
-8
-39
-9
-15
-16
-30
-53
-61
-74
-76
-62
-44
-69
-46
-47
-37
-49
-59
-44
-48
-24
-34
-6
-12
-45
-33
-9
-6
-5
-7
7
19
-16
-8
2
22
38
35
29
27
13
29
31
7
26
13
17
19
28
27
21
28
21
28
32
26
35
35
13
38
29
23
13
25
48
31
41
10
-11
-5
-6
7
13
-4
3
-4
-6
-8
-31
-21
-19
-20
-9
-9
-24
-6
-13
-44
0
8
3
4
2
11
-4
-19
-10
-2
10
25
22
25
3
-3
10
18
13
6
0
-21
-29
-14
-1
-15
-16
-39
-29
-22
-22
-13
-25
-18
-12
-4
-5
-12
-18
-20
-16
-5
-13
3
5
-18
15
21
12
10
9
-4
3
8
-3
13
9
5
13
4
-7
-6
-26
-14
-3
-19
-10
-5
-8
4
-3
14
32
20
30
34
31
5
15
13
-10
6
19
12
7
37
16
-8
-12
-33
-20
-23
-12
-1
-13
1
-1
7
-10
-34
-22
-7
-3
-5
8
11
13
3
7
7
22
47
31
23
16
23
17
30
10
3
10
1
12
-3
-20
-37
-28
-36
-32
-3
0
-12
-4
-21
-22
-26
-18
5
-10
0
0
0
0
-3
-17
0
-16
-22
-10
-3
-10
-28
7
-2
6
11
14
13
-6
17
15
-7
12
20
34
22
22
29
9
10
20
50
30
24
-4
6
1
-7
6
-18
-25
-48
-26
-29
-32
-35
-7
-6
-31
-10
-16
-25
-14
-11
-6
5
-6
-17
-24
6
0
-5
9
8
0
9
12
1
-1
-15
-2
13
15
-16
-17
-4
0
3
13
26
9
-3
7
16
-5
13
6
-12
3
16
1
-3
20
-2
-1
9
23
23
28
20
25
39
12
29
33
25
-5
19
33
-11
12
-4
-6
-6
0
3
-15
-22
-32
7
-5
-29
-35
-27
-27
-30
-25
-18
10
7
12
14
12
10
13
5
-2
17
18
-8
3
8
0
10
-16
-13
-15
-13
3
-15
-31
-28
-23
-17
-36
-64
-52
-56
-57
-59
-61
-43
-30
-44
-15
12
14
12
5
31
27
15
21
26
28
47
51
45
37
22
26
42
60
47
54
38
15
8
24
29
31
55
34
30
25
12
0
0
9
12
19
9
-20
-35
-22
-16
-14
-17
-15
-28
-44
-48
-51
-37
-19
-18
-21
-48
-37
-8
-24
-53
-31
-12
-39
-29
-23
-3
-4
10
9
1
1
11
18
-12
12
-6
15
41
12
42
51
13
7
24
39
28
32
37
11
3
1
2
-13
2
20
9
7
4
10
25
11
9
14
2
-8
-14
1
3
6
1
1
-7
0
-16
-28
-20
-42
-19
-8
0
-8
-13
-17
-20
-29
-29
-18
-43
-20
-16
-16
-11
-21
-19
-31
-36
-40
-18
-14
-6
0
-18
-9
-10
25
29
-10
5
1
-1
8
3
8
22
14
-4
31
38
16
38
47
32
26
38
42
36
47
54
48
41
29
32
27
18
22
5
7
16
2
2
0
-5
-8
-22
-14
-13
-29
-6
-6
-16
-6
-16
-26
-25
-26
-34
-23
-19
-25
-21
3
9
-14
-29
-19
-6
-16
-19
-21
-16
-27
-12
-12
-16
-15
-52
-35
-13
2
-6
-15
19
-1
-6
2
-20
-28
-19
-4
-4
22
12
-7
14
20
17
25
43
35
10
37
59
31
54
47
12
34
32
30
24
14
4
5
24
9
12
15
16
4
-13
2
-16
-24
-3
-17
-20
-11
-34
-58
-42
-24
-36
-36
-26
-28
-18
-19
-25
-36
-25
-5
-10
-3
6
10
-3
9
0
5
19
7
40
45
25
21
31
46
43
39
29
8
11
-5
-19
-18
-13
-19
-21
-25
-33
-9
-18
-31
-32
-8
-12
-29
-4
2
-10
10
12
-12
3
9
18
-1
-10
-9
3
4
0
1
-14
9
8
16
24
18
7
10
5
-13
21
13
7
11
15
29
15
25
9
-4
11
-6
6
13
3
19
24
11
1
2
9
10
-3
4
-4
-10
-2
2
2
-3
4
-19
-40
-34
-34
-43
-34
-28
-22
-26
-39
-35
-45
-47
-48
-18
-10
-25
0
5
-10
-11
5
2
13
19
21
13
3
-6
-31
-12
9
47
49
35
36
36
38
18
37
51
40
34
29
20
20
17
20
32
35
22
6
13
7
-10
1
19
6
-14
-15
-21
-25
-35
-57
-43
-22
-22
-48
-44
-9
-26
-27
-19
-35
-50
-31
-10
-4
18
15
25
15
13
16
0
6
21
28
29
56
36
10
22
22
-2
-16
-12
-11
-4
1
-12
-32
-12
-15
-24
-9
10
-29
-43
-18
-7
8
0
1
-9
2
0
3
-2
16
10
7
26
-1
9
0
9
1
-6
21
10
-3
19
1
10
26
9
-1
-14
18
12
6
8
8
13
20
-8
-17
5
-12
-9
-10
0
1
-1
-16
-53
-57
-19
-18
-22
-32
-41
-13
-20
-4
-9
-10
2
-13
-8
-3
0
-2
11
11
20
36
5
-15
-3
7
26
32
37
33
26
36
28
16
18
20
28
38
25
44
39
7
25
31
21
11
13
6
7
16
5
10
-4
-16
4
0
-3
-9
-24
-18
-28
0
-3
-35
-35
-29
-16
-38
-31
-54
-59
-57
-64
-60
-61
-52
-65
-31
-25
-19
-22
-15
0
-12
-4
8
16
7
22
24
28
30
25
25
39
32
19
15
4
21
15
25
35
26
19
18
25
-3
-14
-3
1
22
14
28
32
9
25
23
30
28
22
26
22
39
16
36
26
-16
2
-5
-3
-10
-10
-15
-20
-5
-29
-66
-59
-58
-48
-43
-37
-19
-44
-26
-40
-32
-35
-28
12
-9
22
0
0
1
7
25
9
4
-6
8
12
25
16
37
50
28
14
20
17
6
36
37
25
32
13
-9
-3
-49
-37
-10
-5
-6
-31
-3
-12
-20
-10
7
19
3
-9
8
7
7
33
35
37
0
28
25
-15
-8
-21
3
-6
-10
-5
-15
-20
-9
22
-32
-38
-22
-40
-1
-21
-10
-1
-24
-31
-7
-10
-55
12
2
-38
-14
-36
-45
-26
-45
0
58
-33
-28
57
29
-11
15
57
34
12
49
29
9
56
72
24
14
9
-12
32
23
24
35
-26
-25
23
-13
-22
11
-31
-44
-16
-15
-15
2
1
13
24
23
5
31
36
-12
29
34
58
57
-3
-28
-25
5
-28
60
59
-49
3
23
-8
-36
0
-34
-46
-24
-26
-13
-71
-51
-25
-50
-95
6
60
-38
-2
2
-60
-24
54
13
-10
23
-29
15
31
-41
17
41
-24
19
65
-33
-15
42
-28
3
15
-17
-16
-40
-44
-50
-56
-42
-15
-16
-3
-1
7
41
-20
3
-5
-83
12
41
-33
37
132
-19
23
89
-34
-12
52
63
7
53
45
131
50
-22
123
-2
-58
93
66
-92
14
-5
-78
-32
-29
13
22
-14
-10
31
30
2
-15
34
-54
-6
119
-20
-53
8
-50
1
80
-14
10
63
-94
-38
9
-115
-10
15
-50
-29
54
-63
-35
71
-123
-27
54
-16
-34
67
-29
-108
43
-31
-7
-64
-82
-6
-48
-19
22
107
27
-22
25
-28
-28
-22
42
6
-47
37
26
27
4
-6
41
2
-44
7
89
-51
9
146
-91
-92
110
47
-80
-3
-34
67
79
-25
122
-15
-117
53
57
-92
83
60
-19
129
26
-100
60
39
-257
76
64
-43
-34
56
23
-175
85
-91
45
-182
-91
58
-64
-15
-117
226
-196
-23
80
17
-21
-67
144
-138
86
-144
238
110
-154
8
46
163
-277
268
-32
-17
-17
159
251
-355
213
128
-50
-135
271
67
-86
176
-76
102
114
26
-56
-10
-158
23
-1
42
19
-163
185
93
-146
-265
96
19
-230
21
54
-74
-264
94
101
-327
-179
142
-29
-257
19
179
-151
-212
173
-8
-100
-42
36
-13
-135
253
-90
74
107
-152
67
-31
37
-178
282
-139
3
267
-240
344
-117
-98
218
26
-51
228
11
-203
315
172
-53
70
137
-135
-74
162
38
-73
107
60
-81
41
-34
-49
42
-273
119
19
-226
401
-167
-399
175
108
-345
160
32
-439
157
237
-151
-58
-25
-122
142
-70
-95
16
65
-97
214
150
-285
81
74
-131
67
297
-413
161
233
-163
155
80
137
-488
393
11
162
-207
-336
669
-501
305
-93
106
-407
190
421
-593
392
-216
-27
-46
322
-495
140
281
-245
171
-111
171
-236
184
-190
280
-495
-21
588
-526
-30
-200
578
-458
-10
351
-275
42
-135
507
-640
30
340
105
-227
-314
656
-199
24
154
-295
-61
386
-157
-68
-94
-314
366
307
-195
-475
331
-140
378
-52
-590
804
-456
-70
485
-141
-468
110
456
-351
243
-247
-3
146
-150
97
-142
245
-73
-248
337
3
-226
54
63
82
-332
-57
310
94
-595
471
442
-533
28
487
-4
-518
550
29
-234
155
175
-180
443
-546
-85
949
-632
-209
508
-212
-308
523
-847
667
3
-806
586
450
-831
248
848
-1559
877
-239
34
-120
110
-135
-262
821
-1134
821
-718
608
-544
-287
809
-925
427
-378
439
-508
116
75
375
-173
-356
523
-64
-712
474
987
-1723
1048
-229
47
413
-228
-123
-357
1035
-1096
1319
-624
-616
1163
-762
545
-227
-144
307
-22
-222
228
526
-693
317
259
-419
523
-483
443
160
-846
825
-118
-508
469
-166
-439
587
24
-702
432
155
-528
373
-293
147
-127
-483
1112
-618
-60
-118
297
0
-185
250
-453
712
-693
79
732
-721
-31
357
-123
170
-599
558
-172
-83
-633
886
-216
-1427
1881
-1290
537
-103
-324
35
632
-897
214
1123
-2016
1621
-387
-332
519
520
-1520
1331
262
-2007
2813
-1458
-261
403
444
-378
-18
489
-854
1085
-1560
1611
-58
-1342
1119
-256
15
-118
271
-223
401
-556
47
602
-306
-138
-78
382
-346
271
-191
215
-44
-329
259
-127
683
-2122
1403
1076
-2224
578
1412
-1088
-1063
2310
-1409
-463
906
210
-495
210
-101
-256
247
82
-127
-590
1561
-1303
565
471
-791
-34
846
-1267
26
1388
-1491
966
-55
-950
809
290
-1312
1032
-101
-887
-126
1893
-958
-1316
1398
-92
-660
291
1118
-1678
1427
-982
518
714
-1263
717
-100
-93
-196
827
-1083
940
-477
-178
271
-27
819
-1346
1224
-176
-725
124
1162
-1733
114
2318
-3115
2043
-343
-334
1309
-1688
962
305
-1240
-78
1976
-1558
-502
1843
-968
-411
483
48
-772
-485
1966
-1865
168
1672
-1772
198
339
-233
-286
273
-802
1306
1
-1694
2002
-308
-1622
1477
-272
-76
-454
431
451
-313
-441
549
746
-2142
2069
-439
-254
19
-70
-50
420
-169
-926
1974
-1187
-299
626
297
-1141
643
-464
1386
-825
-1365
2441
-1007
-330
164
381
-1479
1926
-1008
25
1521
-2455
1579
493
-1930
1441
599
-2924
3183
-979
-1316
1756
-640
-176
-727
755
-725
1149
-1715
1983
-381
-2222
3064
-1877
-98
93
1090
-1307
806
603
-1313
1690
-1704
943
110
-868
585
233
565
-1319
886
-277
-841
1317
-1308
1233
-458
-871
1627
-771
-429
242
-613
-43
937
-260
-570
1666
-454
-2037
2827
-1744
-354
882
75
192
-985
1952
-1521
926
-1465
933
575
-1468
880
86
436
-1259
1015
-394
-285
-194
260
363
12
-554
782
253
-422
-336
102
483
-816
1003
-1043
1184
-272
-70
-467
489
330
-2386
2554
-220
-1628
708
1286
-1770
-30
1436
-1426
-121
1261
-1012
503
380
-724
250
-392
1071
-1728
989
231
195
-821
-38
2000
-2475
13
1438
117
-2060
1567
726
-2179
885
1096
-2010
1617
-500
-1119
2275
-984
-533
-394
2097
-2736
2311
120
-1647
1585
-1499
1854
-1333
841
-1057
893
-218
-78
973
-1337
742
-625
650
-496
-189
-71
666
-1184
994
840
-1748
88
1518
-1325
-930
2778
-2174
994
44
-291
381
64
-1031
915
791
-2573
3544
-2452
455
384
-429
859
-1255
1366
-1649
1120
-126
243
-940
-63
927
-968
933
-455
-211
32
-90
367
756
-1571
475
506
-144
-494
-335
1282
-725
-1168
1694
684
-2899
2373
-230
-1335
1807
-593
-1446
2310
-1309
-969
2588
-780
-991
-200
2082
-1608
404
-730
849
-574
391
825
-1544
1593
-1961
1644
-601
227
-504
-466
1412
-1376
1581
-1170
-253
1099
-1543
816
-779
1291
-1351
523
1194
-1726
2014
-2706
1732
-728
-422
969
-347
462
-766
1352
-1460
682
231
-1650
1302
605
-1267
770
732
-103
-2026
2184
-99
-1967
1148
339
252
-1375
2349
-1553
-238
546
-953
1353
-1205
487
416
512
-914
166
785
-1205
-521
1290
249
-849
1427
-1252
834
-623
722
-1038
888
-67
-1452
2459
-2040
2273
-2987
1587
4
113
-578
-528
1976
-3083
2149
184
-220
-1859
2479
-1770
201
713
-331
556
-1831
2073
-175
-461
-2120
3119
-1300
-897
1840
-1464
1419
-1392
763
106
-122
-457
369
361
-1243
2621
-2915
1016
1927
-2044
124
1274
-363
-1348
1574
-1332
1826
-1739
-435
2504
-1697
-1203
2222
445
-3353
2223
880
-2355
619
1383
-1455
-214
892
-178
-410
596
-923
358
-575
1311
-546
-820
1575
-1222
883
-1051
1807
-1783
669
-421
892
-47
-1862
2991
-2007
483
-590
1532
-1001
-1389
1915
-221
-1192
911
1150
-1994
386
599
-1157
2102
-1516
-648
3231
-3296
1506
420
-955
239
446
-345
-142
2337
-3520
2346
-289
-1574
2055
-1202
463
5
-505
175
986
-985
-93
314
640
-1683
1365
150
-1615
2176
-1479
299
752
-897
-658
2214
-2691
937
1280
-1325
560
-281
160
-1125
2052
-2456
2237
-835
-1117
1406
-540
-218
-433
1939
-3360
2743
-721
-575
1217
-1600
827
153
624
-2302
3048
-1992
-1004
3345
-2533
784
375
-623
228
362
-932
743
207
-806
758
60
-552
62
81
-434
1540
-1554
436
882
-1134
133
1012
-222
-1469
1298
-159
-354
905
-425
-1350
2055
-933
-237
1184
-1195
-47
115
269
329
253
-1633
1979
-1273
-179
1283
-1255
-69
939
-955
87
1607
-3326
3134
-974
-1508
2810
-1667
64
301
-228
322
-152
227
-889
1698
-1298
-295
1951
-3012
2602
-1272
802
265
-902
125
57
512
-1217
1283
-610
528
-585
971
-875
691
-995
1514
-1254
-291
1218
-1625
2056
-3339
4148
-2713
-330
1846
-1298
107
-537
1684
-3254
3862
-2332
-126
2463
-3138
1041
431
398
-1382
1183
-361
-104
211
-744
1135
-8
-1284
645
1073
-1843
2177
-2045
1166
650
-1942
1306
886
-709
-2026
3567
-2326
866
314
-1070
1489
-1371
432
353
841
-1269
-509
1927
-1004
-341
815
-1151
566
-244
518
-217
-173
-1006
993
123
-588
326
-1061
647
934
-1260
-499
2368
-2927
1078
647
-543
-948
435
924
-670
-97
-590
1842
-1441
-244
949
-94
-301
188
-646
1930
-1574
-376
1870
-498
-1103
694
1352
-1657
1137
-1085
1233
397
-2027
2265
-581
-862
1341
-1607
1909
-1343
246
1019
-1433
896
-97
-557
-693
2784
-2831
471
1831
-1869
846
-549
8
496
-1649
1831
-188
-872
1271
-1516
1130
-1185
-365
1344
-592
-1099
1686
10
-2293
1865
357
-2109
1745
-705
120
-136
-274
1571
-2024
1731
-1176
264
441
432
-1941
1266
560
-2222
3233
-1662
-226
-129
1407
-2392
1933
-371
-1124
2194
-1683
759
-1057
1753
-2161
1306
84
-892
1309
-947
1596
-1675
283
-289
793
276
-2122
3070
-1080
-1450
2014
-381
-1886
1890
-292
-1570
3388
-2709
-364
2956
-1110
-2640
3191
-650
-2974
3574
-324
-761
299
-174
-385
1189
-1105
-373
561
544
-113
321
271
-1531
320
-2
1289
-1304
2
1045
-880
255
289
-292
-1044
-22
1336
-330
109
-253
-184
-1005
556
1754
-2356
1248
-31
-364
223
661
-800
-841
1389
-903
581
656
-1662
276
621
-1533
1910
-581
-63
-510
324
231
-262
-273
-621
1449
-1332
1706
-108
-1368
-275
2559
-1806
-364
1893
-1967
613
1178
25
-2174
2651
-1957
130
1545
-841
143
-724
1001
-1048
925
98
-834
-135
895
-667
448
169
-1205
567
980
-29
-370
81
-391
71
341
592
-1142
-15
1299
-877
11
281
-1728
1187
-180
289
702
-1353
357
-140
-554
1467
-1323
-1195
2238
70
-1044
831
367
-3011
2454
-939
514
1139
-2496
1390
908
-215
-2298
2181
-572
-1222
1705
659
-1043
-593
-58
309
1447
-1638
338
1120
-1132
922
-160
-1123
1662
-1291
-133
2283
-1272
-1574
3005
-1827
-415
2677
-3264
1670
1102
-2431
1300
1274
-3013
1527
456
-2077
2423
-485
-1410
962
-107
-931
1240
-241
-269
513
-1230
842
79
-2081
2279
-656
-842
1497
-606
-80
-437
298
-1165
1540
-836
402
709
-1311
1447
-926
454
-1145
1343
-534
-346
1856
-1603
673
-317
-192
-369
729
-551
-401
2228
-2395
837
827
-1975
1393
-265
106
896
-533
-830
685
332
-1021
1375
-238
-1312
1483
-603
836
-767
-345
1234
-1246
1399
-575
-438
811
-833
-608
1502
-667
-834
1165
-209
-784
577
-10
-1085
854
526
-715
288
122
-1746
1359
660
-1141
21
938
-124
-730
1056
-215
-1557
844
547
-27
577
-940
80
703
-122
-1647
1909
-327
-1291
1617
-909
974
-1452
365
1201
-2231
1896
-1091
-528
1223
-588
104
14
-22
-552
954
-677
782
-156
-1551
1632
409
-1042
1005
-634
347
15
-942
1260
-447
-464
246
1357
-1461
371
-37
-154
142
-225
848
-930
858
-691
-350
1051
-295
-1192
1261
5
-223
657
-710
-73
-157
-236
32
1132
-784
309
-34
-334
299
-1227
1083
97
-310
574
-141
-379
-89
-62
-184
-268
-265
789
-96
692
-513
-782
310
8
630
-8
-252
-304
628
-384
-305
347
-682
237
765
-415
946
-699
-792
863
-207
-257
-275
468
68
25
283
348
-1270
1223
-112
-241
780
-1064
770
907
-1286
-274
1748
-2405
1916
38
-1563
1813
-1299
140
1336
-1534
-787
1776
-1405
500
49
-1560
1304
-823
-213
1243
-1514
305
-172
333
668
-1178
-83
415
205
-156
1216
-1324
-14
711
-419
612
604
-800
-182
1041
-559
-327
628
1
-855
1760
-846
37
548
-1361
1000
-312
347
727
-466
-746
747
-717
-761
1280
-941
347
300
-141
526
-200
-776
-354
677
-521
1187
-327
-267
511
-711
52
-204
484
-652
227
771
86
-446
-68
-1015
374
509
-831
1043
-966
-139
222
-244
580
-200
-1024
234
309
547
-365
-159
544
-992
367
183
781
-1002
577
701
-520
792
-87
-66
-408
693
33
-333
713
90
-593
916
-25
-214
-610
56
414
-249
-108
-499
540
-1107
-58
472
-154
-332
169
-228
-35
98
77
-305
110
775
-1277
1038
395
111
-769
230
661
-344
815
-166
290
-273
289
-488
90
58
-530
-159
386
-174
-767
187
24
-448
-822
175
-621
134
-206
-638
156
-574
-368
280
-432
-375
475
-902
129
629
-928
24
283
-351
269
-515
260
1103
-263
358
658
709
115
621
1392
352
947
642
1509
1234
345
1448
854
1136
742
583
1110
591
269
276
706
-250
-106
-175
-795
-201
-1075
-1278
-665
-1188
-1796
-1286
-2031
-1858
-1327
-1965
-1095
-1263
-1490
-1429
-1216
-833
-965
-377
-216
-154
553
281
359
878
425
155
746
1448
1421
1263
982
1270
385
167
1526
1400
-11
519
1144
-346
573
-189
-1226
-548
-30
-593
-1068
-173
-2176
-2151
-1582
-1844
-1285
-1986
-1372
-819
-926
-2006
-808
-1042
-506
1429
-450
579
1284
1657
3024
4558
1723
1589
5340
5262
5022
3355
2667
3261
4488
4965
4333
3060
2052
904
1353
120
-38
-152
-2245
-1618
-2831
-1797
-2900
-4542
-6189
-6759
-4997
-4006
-3768
-6112
-5118
-4879
-5604
-4651
-4407
-3700
-2390
-2940
-601
1028
-25
-406
-131
1405
2104
4038
4425
4793
4251
5507
6249
4894
3015
3317
6933
5726
4212
3910
2820
1384
912
566
748
-1384
-2130
-803
-1590
-2804
-4533
-5056
-5771
-5033
-3679
-3019
-3764
-3913
-4505
-3667
-1780
-2977
-2161
-539
242
898
726
1120
1679
629
1043
3175
3718
2784
2869
2716
1680
721
810
1273
395
-122
456
528
-1538
-2638
-1772
-1031
-1671
-2562
-1101
-502
-1035
-1249
-1684
-1219
-1624
2236
5899
4409
776
1032
5450
6113
5720
4050
3956
5223
6995
8370
6036
2259
2190
3508
3796
2921
2109
1626
-1972
-2984
-3094
-1567
-2073
-4943
-7304
-8088
-5836
-6447
-7063
-9012
-9387
-6867
-7123
-7652
-6944
-7261
-7422
-6305
-3775
-1760
-944
-1042
-1506
-371
135
3132
5101
4696
5310
6775
8733
6505
4289
6333
8523
7406
6938
8065
7903
5167
926
1768
2469
-370
2
1156
315
-2135
-4681
-5204
-6254
-7155
-5724
-3574
-3570
-5858
-6093
-3922
-4601
-7347
-4979
-250
242
-555
1299
2556
833
-1075
855
4369
4428
4220
5651
5940
3510
2278
3322
3604
2140
1680
3511
3155
-322
-2000
-1250
-3272
-4162
-3199
-400
-49
-3183
-4807
-4287
-3832
-4519
-1760
-780
-1317
-2621
1685
5839
3680
-563
-116
6246
8554
9236
7480
5142
3152
5967
10011
9262
4942
3614
4827
4569
2226
696
1407
-2025
-3719
-4221
-1703
-2233
-7072
-10427
-11979
-9372
-7142
-7720
-10007
-10785
-9748
-9697
-9561
-8406
-8156
-6791
-5861
-3771
-1264
-884
-892
-1036
385
2686
5512
7990
7667
6510
7907
9716
8559
6939
9095
10975
9869
8233
7615
8124
5509
1427
1691
2604
1394
-1
-124
-878
-4019
-6530
-6742
-6728
-7720
-6253
-4225
-5768
-7937
-7344
-5815
-5690
-6654
-4586
-810
-316
-393
310
1067
1142
747
2361
4819
5601
5453
5663
5138
3773
3863
4289
3902
2753
2658
3442
1761
-377
-2012
-3005
-3387
-4323
-3736
-1930
-2808
-4328
-4557
-5169
-5330
-5034
-2256
-339
-1889
-3888
-277
5160
5155
3076
1551
5354
8748
10979
11578
6959
2993
5972
13076
13623
7689
5032
6407
5223
3155
1511
3139
865
-3626
-4066
-2968
-2187
-6893
-11203
-13550
-12017
-9046
-7899
-9399
-14105
-14337
-12710
-12360
-11164
-9509
-8456
-7586
-6818
-4662
-2919
-2183
-1907
-1579
1387
5568
8874
8231
5970
6425
9785
11479
9330
9169
13678
13181
9399
8492
8886
8705
4092
2944
4718
3763
1994
157
-568
-2647
-5977
-6232
-5913
-5874
-6267
-5446
-5403
-8253
-8456
-7485
-5235
-5697
-6144
-2519
-318
-249
-1524
-1164
1684
1714
1350
4211
5994
5918
4966
4943
4727
4081
3780
4862
5306
3423
3468
3204
468
-2062
-2468
-1998
-3346
-5153
-3292
-3201
-5835
-6063
-5384
-4664
-7769
-7568
-2982
-319
-1933
-4900
-3788
-981
3499
6142
7041
3413
2151
8071
13449
11650
4862
3580
9811
14554
12044
8885
7124
4785
1398
2427
5144
5780
814
-4050
-4449
-5675
-4957
-6052
-8532
-12489
-13616
-9228
-7164
-10028
-15177
-15299
-11960
-11337
-8720
-6783
-7284
-7763
-8551
-4291
-655
188
1320
1441
2368
4539
8489
9875
7899
7465
10209
13116
11106
9382
11331
11080
8990
7395
8527
8674
3665
1795
3009
1685
-1596
-2213
-148
-2645
-7576
-8016
-5778
-7361
-9662
-7564
-5468
-7194
-9052
-8007
-5296
-5297
-6329
-3199
-799
-126
622
713
1065
1809
2483
3967
6003
6689
6428
4864
3308
3940
4964
5038
4263
3219
2905
1885
-938
-2513
-3174
-4305
-3691
-3234
-3140
-3958
-6287
-5413
-5019
-6994
-6439
-3838
1293
921
-3760
-4234
-1134
4340
6315
6908
5981
5290
7248
11744
13479
7551
3241
7104
15231
15804
9184
5984
5614
1564
540
3355
7015
3203
-5218
-6003
-6129
-5712
-7328
-9962
-11685
-13583
-12160
-8388
-9054
-14667
-17793
-15280
-11165
-8707
-7248
-7609
-7564
-8890
-7178
-2237
1776
2983
562
1198
5101
8749
9689
7648
7607
10772
12678
12637
11442
11401
10069
8597
9568
9732
8849
5373
2679
2626
1333
157
-412
-1193
-2734
-5916
-6941
-6801
-8496
-10032
-7798
-5133
-6603
-8866
-8941
-6569
-6525
-7399
-3567
209
-125
-995
104
1327
943
1425
4179
6082
6605
7142
6053
3918
3399
4208
4832
4595
3913
4247
2551
-2191
-3782
-3303
-3260
-4378
-4688
-3186
-3293
-5739
-6500
-6316
-7540
-7778
-4363
1336
381
-4317
-5544
675
5272
6533
5416
4337
7444
9680
13739
12062
7198
5259
9542
15359
16232
10732
6823
5949
3556
2868
3893
7415
3100
-3615
-6654
-4847
-3677
-7772
-11902
-13956
-11998
-9294
-9042
-11896
-15711
-17382
-15618
-13486
-8867
-6894
-8457
-9913
-10218
-6235
-2922
-819
519
430
2582
5833
8329
7725
5591
8086
11398
12795
10741
10633
12952
10960
8357
7368
9417
9447
4911
3586
3513
1056
-1202
-1622
-954
-2882
-5378
-6343
-7567
-8872
-8485
-6844
-6985
-8027
-8490
-7893
-5701
-5243
-5512
-4367
-1526
509
-601
500
2903
3475
2082
2900
7168
8377
6399
5239
5619
5641
5343
6255
5456
3577
3285
2470
325
-2321
-3013
-3211
-4108
-4322
-3841
-4293
-6433
-7186
-5932
-6271
-6896
-5902
-2163
-1073
-4099
-4922
-1748
4634
6526
4841
3933
5869
8286
11458
12317
8057
4945
9577
16414
15205
9244
6113
6946
4158
2753
4849
7748
3871
-3876
-6595
-5736
-4731
-6834
-9569
-12427
-12335
-10230
-9718
-13287
-16644
-16418
-14355
-13089
-9997
-7237
-8419
-10818
-11990
-7237
-2205
-169
1047
1452
2211
3724
6181
7643
7413
9619
13099
14049
10920
9577
11141
11236
10284
10070
11174
9779
5926
3470
3765
1706
-1177
-1850
605
275
-4582
-7800
-8599
-9031
-9757
-7341
-5425
-6651
-9807
-9560
-7559
-6754
-5807
-3337
-1983
-2820
-675
1185
1666
1315
2102
3997
5436
7159
7920
5880
3843
3987
5954
7251
5826
4706
3928
2327
-574
-1674
-1593
-2072
-3436
-4260
-3567
-3923
-6626
-6785
-4987
-5963
-7009
-6247
-981
-568
-4382
-5887
-2390
4045
6693
5998
3920
5366
7185
10562
11455
9196
6707
8245
14170
15764
10972
6220
6793
4667
2209
3479
8447
6405
-3180
-7969
-6254
-4324
-6893
-9299
-10850
-11327
-12070
-12255
-13140
-14996
-16151
-15211
-13687
-11185
-7892
-8364
-10261
-11537
-8454
-3356
-372
1478
2569
2758
3060
4317
6673
9333
11533
13402
13419
10725
9339
11653
12758
11452
9746
10771
10721
6450
3307
2916
1479
-779
-361
1152
-74
-5209
-8444
-9284
-9769
-9107
-7492
-6103
-6851
-9118
-10295
-9463
-7274
-5635
-4758
-1841
-67
-530
-1277
37
2255
2212
3568
7155
8602
6770
5223
5354
4809
5217
7196
7531
5581
3752
3887
1180
-2129
-2214
-1156
-1980
-4384
-3643
-3227
-6301
-8930
-6686
-4246
-5108
-6798
-5110
-1751
-3350
-5581
-4896
459
4807
6186
6622
5148
4058
5630
11218
12493
9516
7150
10658
14667
12440
8299
6957
6884
4402
3481
5543
7371
1934
-4316
-7540
-6974
-5856
-6483
-7534
-10862
-13438
-14383
-13504
-14546
-14595
-13476
-12807
-13001
-12630
-10331
-9405
-9410
-7801
-4796
-2494
-172
2596
3809
2517
2865
6616
9720
10587
12495
14746
13629
9044
8214
12158
14809
12942
10503
9348
7204
4533
2697
3317
1796
-41
-538
-952
-3928
-7149
-7873
-8511
-10691
-10824
-6562
-5098
-8171
-11553
-10419
-8632
-8008
-6083
-2208
-802
-1730
-1784
-1253
-23
2045
4884
5758
5670
6382
7638
5862
4240
5585
7450
7062
5359
5291
5371
3117
13
-1143
-736
-838
-2297
-2883
-3264
-4431
-7333
-7172
-5667
-4853
-4929
-5440
-4109
-4502
-4532
-3396
-1139
-724
588
3303
6491
6833
4405
4815
7505
10734
9825
9033
9749
11046
10110
8706
8203
7400
5936
4869
4817
3523
2041
-787
-2911
-5695
-6370
-6001
-5868
-7389
-11173
-13158
-13114
-12383
-12776
-12625
-11312
-9762
-10780
-12482
-11701
-8161
-5583
-4578
-3251
-1514
-4
682
850
1934
4911
7857
8931
8996
9946
10496
9482
7755
8346
10521
11936
10518
8657
7242
5520
3256
2194
2821
2754
1483
-1104
-1972
-3330
-5032
-6717
-7160
-6943
-6519
-5940
-6672
-7481
-7872
-7204
-6795
-5617
-3872
-2944
-2658
-1524
-768
-947
-380
2688
4353
3037
3206
4932
5411
3476
4127
6306
5639
3558
3265
4136
2936
1402
2196
2295
403
-1319
-1353
-1411
-3123
-3545
-2864
-2066
-3193
-4649
-4464
-3596
-2522
-2680
-1817
-704
-872
-2011
-1694
809
3208
3458
2997
3828
5068
5126
3684
4448
6758
8691
7412
5824
5052
4599
3688
2895
4386
4717
3804
882
-1041
-2672
-3510
-3447
-3319
-3263
-4268
-5667
-7096
-8815
-9913
-8666
-7340
-6326
-7182
-6885
-5593
-5442
-6566
-6780
-3966
-1399
-602
-359
831
1057
394
621
2547
4569
5026
4887
5263
5227
4236
3633
4176
4677
4497
4079
3707
3187
2470
1845
949
319
390
567
-609
-2325
-2442
-1109
-1191
-2864
-3575
-2679
-2252
-3263
-3292
-1804
-488
-1035
-2367
-1856
-438
-117
-426
0
1996
2627
1328
907
1758
2679
2015
1134
1732
2580
2172
1210
845
699
505
448
137
-181
-569
-691
-1070
-1857
-1676
-1282
-1056
-1457
-2011
-1726
-899
-225
-149
-183
79
420
417
748
1581
2779
2835
2217
2303
2766
2727
2001
2894
3825
3529
2440
2105
1788
608
320
1204
2084
848
-766
-1546
-1732
-2251
-2457
-1975
-1470
-2052
-3309
-3937
-4148
-3646
-3176
-2821
-2971
-2757
-2542
-2319
-2295
-2288
-1556
-502
-49
-322
357
1151
1114
359
488
1556
2494
2581
2107
1670
1093
488
393
1368
2163
1659
357
-417
-508
-792
-1727
-1839
-718
-6
-855
-2326
-2720
-2452
-2495
-2184
-1173
-88
-23
-1289
-1843
-1457
-491
414
976
1666
1659
1454
1210
973
1429
2259
2895
3142
2933
2392
1751
1481
1522
1665
1852
1573
763
275
292
-69
-682
-1403
-1458
-1013
-974
-1455
-1618
-1766
-2084
-2234
-2195
-1548
-1149
-438
-349
-640
-862
-473
344
884
1429
1951
2238
1792
1803
2219
2983
2941
2775
3001
3239
2955
2440
2197
1883
1593
1435
1714
1359
238
-1341
-1741
-1639
-1596
-1926
-2152
-2341
-3332
-4163
-4593
-3882
-3075
-2703
-2917
-3276
-3392
-3220
-2711
-1745
-860
-471
-651
-867
45
850
1454
1806
1650
1538
1763
2540
3220
2758
1734
1469
2028
2180
1723
1444
1368
1079
298
-135
-408
-401
-556
-951
-1082
-1345
-1493
-1936
-2433
-2333
-1763
-1165
-1221
-1986
-2200
-1653
-865
-981
-1285
-568
269
292
-414
-234
697
1262
1038
1179
1652
1687
1301
872
1055
2058
2650
1772
591
129
791
961
742
642
578
151
-923
-1228
-601
72
0
-608
-1088
-1204
-1113
-815
-576
-35
191
31
-186
-148
334
755
1046
1171
1390
1587
1720
1304
968
1145
1678
1745
1515
1590
1695
1124
-195
-186
876
1390
658
-387
-836
-1133
-1520
-1411
-729
-265
-855
-2128
-2750
-2395
-1322
-637
-892
-1590
-1745
-1365
-1015
-664
-289
-65
-213
-234
44
588
846
677
353
199
445
884
1053
685
205
-172
-152
-232
-323
-21
251
6
-827
-1629
-1548
-935
-396
-309
-694
-1055
-1328
-1284
-1218
-798
-47
443
98
-389
-342
123
271
117
619
1346
1625
985
324
169
670
1263
1603
1493
1124
793
200
-94
221
828
1119
609
-146
-397
-663
-660
-529
-190
-50
-454
-867
-1023
-905
-633
-326
-345
-593
-822
-375
143
273
117
169
491
562
441
693
1431
1543
1016
662
1020
1476
1305
940
981
952
580
123
178
490
202
-214
-499
-452
-630
-965
-1008
-966
-1011
-1200
-1276
-1179
-1099
-1132
-978
-896
-668
-299
3
89
59
184
518
989
1257
1415
1287
1282
1401
1447
1626
1894
1927
1335
514
589
971
665
27
-349
-226
-759
-1581
-1728
-1179
-1219
-2192
-2700
-2412
-2148
-2325
-2394
-2058
-1763
-1976
-2110
-2055
-1602
-993
-370
39
91
146
244
478
615
1110
1921
2362
2116
1581
1395
1703
1720
1692
1818
1954
1762
906
440
316
286
215
115
-5
-432
-989
-1237
-1271
-1208
-1255
-1403
-1389
-1544
-1524
-1239
-977
-1004
-1179
-1051
-627
-127
298
526
549
527
816
1301
1631
1879
2071
2320
2119
1873
2052
2301
2336
1922
1682
1623
1268
794
448
344
359
6
-481
-991
-1386
-1556
-1785
-1862
-1879
-1928
-2199
-2427
-2386
-2364
-2286
-2050
-1629
-1196
-955
-783
-766
-746
-288
401
991
1161
1220
1433
1563
1703
1903
2236
2315
1957
1739
1776
1792
1533
1109
939
774
379
-117
-359
-238
-508
-1170
-1545
-1539
-1615
-1981
-2110
-1744
-1394
-1633
-2233
-2337
-1840
-1214
-888
-798
-614
-516
-422
-291
69
637
886
980
1053
1201
1578
1581
1195
1043
1352
1785
1578
1046
769
794
727
444
331
298
-7
-604
-919
-829
-724
-825
-1104
-1409
-1465
-1330
-1207
-1225
-1332
-1233
-1077
-932
-746
-481
-208
-105
9
192
405
691
1058
1421
1536
1515
1450
1458
1627
1766
1873
1812
1499
1204
1000
878
895
927
700
180
-283
-349
-213
-454
-887
-1006
-863
-907
-1282
-1391
-1152
-1081
-1154
-1094
-716
-377
-509
-589
-342
8
204
210
284
543
884
1015
914
810
859
1025
1136
1035
690
469
526
547
350
74
-22
-169
-547
-857
-769
-544
-850
-1495
-1629
-1274
-992
-1066
-1318
-1440
-1617
-1627
-1315
-859
-559
-701
-917
-839
-641
-427
-114
161
309
220
208
569
861
726
491
610
923
1003
892
930
1044
854
556
534
778
888
640
483
382
220
79
67
288
281
9
-86
51
147
-75
-263
-130
22
73
17
183
348
150
-157
-220
254
624
515
379
392
494
351
153
332
460
337
56
-48
58
-98
-201
-167
-227
-489
-747
-633
-624
-828
-919
-629
-365
-740
-1126
-1056
-623
-397
-420
-237
-82
-214
-456
-281
311
616
535
473
582
715
666
787
933
832
695
764
1011
946
542
291
433
582
411
243
213
38
-270
-427
-122
175
-126
-711
-892
-514
-239
-344
-463
-518
-666
-931
-864
-319
-59
-321
-663
-656
-569
-583
-442
-252
-201
-369
-503
-369
-335
-456
-436
-335
-326
-484
-415
-204
-269
-456
-466
-168
-39
-196
-154
-8
82
-33
-46
240
390
354
190
303
612
730
563
319
414
734
935
966
1037
1076
939
745
904
1286
1445
1150
701
638
816
995
1009
867
554
198
73
146
263
259
19
-233
-514
-703
-616
-519
-519
-790
-965
-892
-840
-949
-1219
-1275
-1009
-626
-429
-604
-796
-790
-723
-541
-310
60
221
48
-128
-100
209
360
370
388
449
506
428
202
23
81
339
467
352
193
102
30
-188
-204
87
307
112
-206
-206
43
184
-8
-192
-155
-33
70
157
171
60
-81
-88
-12
153
242
62
-151
-286
-260
-97
-1
-33
-231
-453
-535
-566
-445
-347
-371
-578
-876
-871
-576
-284
-345
-524
-618
-623
-538
-327
-35
19
-287
-493
-263
111
316
248
240
228
141
238
563
828
726
543
560
844
1157
1132
1022
925
877
896
935
1266
1316
930
490
509
837
874
783
618
462
234
82
24
60
13
-199
-271
-293
-336
-530
-757
-732
-531
-412
-493
-644
-811
-841
-823
-778
-554
-517
-514
-530
-441
-362
-520
-592
-445
-175
-132
-59
-93
-317
-623
-591
-86
314
208
-62
-9
18
46
137
517
645
317
156
345
718
780
689
533
382
329
476
745
640
286
-19
-31
79
7
-26
-11
-205
-632
-791
-726
-715
-825
-943
-1000
-1132
-995
-917
-1032
-1103
-993
-831
-866
-703
-442
-359
-561
-757
-539
-162
51
147
220
641
965
1161
1113
1004
1054
691
667
107
75
12
609
907
869
1793
1729
1763
817
1006
143
-488
-705
-765
-224
-156
1190
1185
1422
1347
1329
130
-559
-559
-1001
-1052
-764
42
378
890
1043
1196
177
-207
-289
-418
-493
-322
-252
-426
-81
-24
198
-64
103
-148
-656
-650
-419
-695
-1130
-982
-748
-324
-248
-539
-538
-683
-1144
-1173
-944
-519
-672
-945
-696
-302
-62
109
405
374
158
106
533
820
754
843
934
923
998
1128
1250
1253
965
781
851
941
771
391
170
87
-111
-35
70
-199
-572
-876
-953
-1003
-896
-935
-1116
-1466
-1517
-1284
-1288
-1259
-1152
-1098
-1131
-1097
-765
-418
-612
-652
-426
36
154
203
353
470
446
453
770
838
887
549
691
827
863
961
1094
1081
796
989
845
797
586
541
534
399
612
534
505
325
51
-4
-6
120
149
-29
-316
-217
-180
-108
96
181
87
-69
226
344
310
-75
10
31
192
239
249
461
130
-70
-126
265
13
-136
-509
-495
-397
-426
-332
-355
-445
-890
-691
-823
-593
-825
-930
-966
-1120
-901
-741
-253
-330
-240
-296
-129
173
128
114
-2
262
277
505
807
825
883
724
801
689
813
850
609
368
178
381
313
301
57
-129
-191
-267
-324
-477
-342
-713
-763
-921
-822
-615
-700
-750
-962
-672
-838
-483
-607
-708
-698
-481
-216
-225
108
10
196
-92
212
342
651
581
334
368
318
659
322
499
372
496
583
770
994
658
787
338
286
222
349
484
114
98
-94
224
21
312
138
-7
15
-181
96
-89
-1
-285
-76
-141
276
-24
219
174
338
367
256
667
167
310
-334
316
-78
220
-161
44
92
-377
-149
-566
-133
-688
-356
-763
-299
-832
-614
-601
-802
-491
-728
-414
-681
-287
-588
-7
-105
219
457
523
656
1261
878
882
914
418
342
288
820
-305
409
-103
945
211
648
855
24
239
-860
-81
-1589
-141
-677
-349
-221
-515
-13
-968
-381
-1243
-825
-1161
-950
-307
-835
-825
-996
-1138
-1088
-1177
-514
-616
-299
-83
598
314
387
922
-71
323
126
420
616
1387
389
1290
959
403
1282
795
819
222
655
-296
1073
256
524
875
16
22
369
304
-588
232
-603
-208
-663
820
189
278
151
433
536
-925
686
-794
-133
-352
639
63
286
923
52
24
-170
728
-498
-168
-723
349
-986
-210
467
-338
71
-591
1042
-1528
-463
-126
-866
-341
-636
795
-543
256
301
-116
-855
-1077
622
-869
-91
445
439
656
298
583
479
-79
-198
978
40
107
893
495
749
586
-787
988
-334
-872
120
-557
-521
-404
611
-224
555
-1383
-459
-1126
-1017
-709
-1124
-1311
-72
-48
-1174
416
-1636
329
-2237
8
-533
185
-315
-655
889
-972
1159
-737
1817
-978
861
1388
-396
527
931
462
146
966
456
1293
345
1476
208
616
566
2042
-571
524
220
-167
1302
-1717
1816
-986
646
1208
1325
-1789
149
1618
-4262
2387
-1132
-904
1444
-345
715
-265
937
-774
-364
-1485
-1014
-256
-989
2340
-519
-936
2909
-1255
-1008
851
-3277
-1036
36
-1098
1095
1608
71
1445
713
-1574
-111
-2950
-596
418
-984
1607
2149
-442
797
438
-1953
724
-1282
-649
571
543
489
1840
705
73
410
1105
-100
-1283
181
-1498
886
521
254
-10
1819
-149
-661
22
-2795
-731
-709
-759
-659
1177
-521
1076
891
-2145
-134
-1977
-984
-575
-1509
1067
-252
-176
1960
-906
-1173
-43
-1069
-1319
857
140
-479
1046
-275
1739
359
-549
1979
-1778
1194
868
-1037
800
-318
1923
608
3231
-1174
830
988
-1623
1683
-572
604
498
2314
-1409
1953
120
-761
739
-625
-639
28
130
-417
1734
-1636
2377
-658
-313
-228
-1581
-795
124
-1513
-272
1499
-1579
888
-819
76
-1227
-2139
875
215
-1376
2309
-1079
-619
-78
-273
-34
116
-298
89
1971
-1722
1992
-888
-1454
596
98
-1138
2686
286
84
949
-880
925
-1189
-649
-698
2603
-2903
2846
1048
-1846
2273
-2638
-377
339
-229
-1496
1617
-1545
90
1122
-929
539
-1926
727
-1059
1068
443
-2202
1491
660
-350
-644
1159
-2125
-8
129
253
2126
-1864
2207
-254
-2156
1111
121
-2482
2402
-550
936
1416
-3394
1520
272
-904
-1603
3279
-2178
240
1642
-1583
950
-2418
1816
1270
-1383
-445
2327
-1310
-697
2794
-893
-547
2776
-429
174
206
-303
372
-880
2838
-930
-1098
637
231
752
-673
-86
596
-36
140
402
748
-3911
1507
1783
-3301
2825
-2492
481
-391
-793
364
-2211
1436
-1659
1277
761
-2542
1645
-593
-610
941
-999
271
-1269
1580
-285
2002
559
-1744
3226
-1632
476
-128
-414
417
326
1116
720
1494
-2997
953
1091
-1589
189
-1286
1128
959
-2304
-216
1500
-2044
-167
446
-590
-767
360
-2522
2323
-1542
-2304
5097
-4193
1729
-1291
-109
-886
408
309
-2059
4722
-3125
1694
1
-505
1733
-1593
318
1378
-1027
-493
2749
-1648
-457
1829
711
-345
-790
808
-954
-489
-554
1190
-365
1176
1067
-2116
4095
-4208
-360
2274
-3700
2878
-676
-345
2642
-304
-1817
632
-189
-2530
2067
-663
997
1227
-2292
2186
-234
-1558
150
140
1612
-946
-384
1553
-2686
2185
-930
-351
743
-106
215
-292
368
-2397
3430
-4126
1770
2398
-2356
1127
8
-861
275
358
-2880
3594
-1650
467
2625
-536
-371
878
-706
-994
1629
-3567
3858
-659
-552
3941
-3365
1463
655
-2303
-446
2103
-1995
805
1766
-1648
1140
-2262
119
-754
-992
-785
1388
-614
307
324
-973
753
-4545
3942
-2355
-685
1974
-2300
2396
-1709
808
196
-654
-2346
2712
1256
-4688
6246
-2177
-1102
3149
-3245
1352
-1753
2714
-1025
871
680
-1160
1881
-1374
557
-162
421
-527
2591
-795
-718
153
84
-2426
2424
-1214
-1027
2779
-2392
3246
-2588
1410
-1680
903
-1406
-147
2190
-2832
2214
-1866
2307
-1190
-116
714
-85
-787
-981
2949
-2818
606
2118
-3254
2841
-252
-1880
979
140
-1117
-15
1541
-2232
3834
-2503
-136
2492
-2178
-311
933
45
-1610
1400
-355
1200
408
-652
-556
2244
-1000
-432
52
996
-291
-468
3394
-2373
1996
-1086
125
432
-907
-235
632
1913
-2137
1633
173
-1388
218
-575
-559
152
-2126
1594
-519
-1739
1499
-343
-1142
-536
238
-1121
629
-1374
184
187
-155
-733
-645
370
-1165
549
618
785
-1479
1242
-9
1129
-377
-1881
3348
-2325
898
2291
-1468
-19
263
583
1204
14
-1017
2264
113
-2414
2136
293
-2468
1862
-669
-280
908
-1656
1405
-476
-605
-725
1478
-204
-1790
531
-818
1914
-2484
1494
943
-3079
944
298
-1090
-167
729
932
-636
358
631
-2290
2920
-2606
1053
-575
722
677
-2077
3684
-3749
2853
-1381
2446
-2175
829
2247
-4301
4738
-2632
828
-1285
2778
-2985
1681
1683
-3273
3775
-2744
1536
-414
2027
-2893
1543
677
-2402
1264
415
402
-987
798
-1055
2579
-3454
2330
-299
-1844
1359
12
-138
-1124
1585
-2746
2534
-1224
-976
1339
-97
-1321
855
166
-2276
1838
-2168
2444
-499
-1130
1687
-56
-728
-2888
2975
-3821
1143
1478
-1281
3265
-2044
-96
1075
-193
-4215
4087
-1227
-2021
4636
-1695
-1164
3242
-3015
-939
4184
-3820
1932
-174
571
-689
1705
-2195
859
3416
-6623
4592
-13
-2804
74
2496
-852
-1490
3901
-2847
1841
-647
-2549
3569
-3232
-64
1702
-975
227
1433
-846
-787
2322
-3472
959
1497
-2804
1966
333
-1053
1797
-1381
-989
493
852
-2504
2581
897
-4213
4778
-1900
136
731
-517
142
2
-389
-155
2593
-4318
3291
873
-2939
3595
-680
-491
-194
-401
905
-581
321
671
7
-44
668
-1132
-78
400
-589
1324
-1132
806
806
-2319
1432
932
-2474
2047
-1069
489
-54
-3456
4277
-2209
-438
1427
238
-2534
2109
-373
-4199
5752
-5963
2792
877
-1492
1018
-1575
1510
-2614
2367
-2588
2369
-609
-557
1338
-782
846
-1710
1514
-1935
2133
-720
-819
2122
-1184
-1044
3322
-1197
-2161
3192
-4109
3612
-646
-1188
3225
-1649
-1335
2731
-790
-3667
5504
-4259
2059
1641
-3732
3564
-310
-3483
3340
-468
-3798
5143
-3630
1181
292
-1919
1127
-399
228
-49
66
-1431
3438
-3708
946
2118
-3944
2330
-745
609
-349
-840
2569
-813
-39
-124
715
-657
-314
167
983
1412
-3050
3434
83
-3191
2586
-764
-1453
2900
-826
174
1860
-1914
242
1473
-3044
1378
1126
-3777
4974
-2278
-210
1497
-1243
-909
2092
-1513
-1082
3308
-4667
4043
-2300
-394
1273
-531
-1413
1267
738
-2584
1176
138
212
-2346
3003
-1031
-210
-559
150
-413
986
-1290
-401
1961
-2080
1215
214
-940
30
-290
-889
2522
-2341
1767
-766
472
199
-818
851
-1090
1957
-1689
690
1464
-694
-1399
1081
569
-831
989
1413
-2291
2487
-2244
74
1387
-1894
1215
-7
470
-1063
1745
-2941
2706
-2439
70
2362
-2469
1002
-455
49
-1396
1483
-2531
2941
-1087
-1599
3015
-1409
-326
-406
1877
-1302
509
-522
1345
-1366
-864
3320
-2708
2242
-1022
231
1405
-1502
-68
921
51
-924
2300
-2306
2050
-1518
-863
2380
-2705
1427
-130
180
-402
1041
-2361
1368
191
-3729
4776
-2124
-484
1507
-1315
-299
1306
-828
-775
1581
-863
790
-271
808
-39
188
-26
534
-605
-877
3210
-1813
-635
2960
-2628
171
1744
-2491
310
1757
-2265
441
3273
-4461
1481
948
-2274
1151
-1147
247
1268
-2025
240
1066
-3254
3671
-2599
236
1878
-1511
-233
71
1750
-4283
4194
-911
-1162
1697
-743
376
17
1806
-4243
3769
-73
-2739
4233
-1554
-1594
1732
-449
-530
413
-1609
1731
-229
-1792
1766
73
-2703
2268
-1089
-1338
1697
-1816
1648
-211
-824
-622
930
1
-646
1181
-1363
1922
-96
-1459
2967
-2532
1640
290
-1358
2659
-996
203
34
2392
-2989
2092
352
-1704
2132
-2377
1404
-581
-663
1236
-519
-442
1189
-1455
-376
169
-406
98
86
-322
1145
-1858
424
770
-2092
1184
38
333
-1056
2638
-2449
1226
264
-1199
640
-799
1746
-1110
1625
-346
28
618
42
-1181
1154
-551
449
-337
586
-1097
506
1205
-3099
2221
-1233
-142
-486
1243
-1762
16
962
-1639
691
-522
-268
283
-1317
-881
3198
-2372
845
1694
-1692
406
-170
647
-716
323
270
-16
2512
-2532
1792
320
-2652
2189
-648
-33
265
1297
-2675
2887
-1564
-1204
2597
-3088
2219
-1395
-370
948
476
-1707
1810
-1511
-911
1544
-1720
1659
-1601
1370
-543
1351
-1088
-207
551
-742
1096
-1487
1606
95
653
-1704
1740
374
-2246
2338
170
-1039
1812
-1290
50
1279
-1366
305
681
79
-430
554
-1777
2618
-3255
1287
1523
-2175
1113
-479
-110
-1220
2441
-3581
2425
110
-1518
896
165
-64
-1052
891
-677
386
-701
870
-85
410
-453
-61
863
654
-2111
1391
1103
-1666
652
1234
-441
-111
-1097
1039
1079
-3904
3180
-1053
82
-1248
1703
-1085
137
-297
-1910
3774
-4217
1712
87
255
-2647
2990
-1496
-171
926
-2455
2779
-2138
1757
-1387
2256
-2417
1549
-191
-301
351
-394
1147
-1681
3033
-2150
1176
-393
-324
-2
1140
-1572
1718
-1274
-50
1603
-2053
1792
-970
835
-1435
2007
-1958
1832
-1587
253
872
-1338
1627
-1497
1125
-1684
1345
-1551
1811
-291
-962
-69
1365
-261
-1985
2631
-1088
-407
664
1205
-726
-151
-37
1290
-863
171
1507
-2175
901
750
-1006
1215
-851
-570
1274
-1254
51
696
-1134
384
227
-1016
548
-586
267
-158
453
-1054
1356
-321
-1578
2465
-2066
1275
-259
-92
89
39
266
-878
1719
-2024
1279
-437
-97
956
-1085
355
-578
378
-1056
933
-423
-651
664
100
-319
-1062
1466
-535
-649
1218
-1053
682
-324
-924
2443
-1263
-450
353
93
44
-561
948
-714
591
-1411
1372
401
-1876
2351
-2499
1923
-47
-1811
3156
-1543
-924
2145
-811
-1214
2589
-1838
196
709
-865
461
881
-1398
478
1343
-1862
1063
-1336
1820
-1630
636
-79
-1181
2104
-2483
1616
188
-1312
458
809
-2115
982
1801
-3032
2111
563
-2946
3233
-1771
199
1724
-2735
2324
-276
-1080
647
1126
-2204
1227
1065
-2289
1683
-373
-309
828
-919
424
298
-171
21
167
-251
-456
1316
-1111
1913
-1226
-100
144
165
510
-1241
1777
-1176
638
-71
583
-1493
1474
-454
-623
631
-570
167
-215
641
-1290
1698
-1866
486
-89
67
-481
237
706
-1684
1533
-310
-766
602
64
-1750
2034
-580
-892
1107
395
-634
-679
117
-376
-133
-371
756
-289
-126
-243
815
-1158
-380
694
-1175
231
955
-654
306
898
-1405
857
190
-1163
789
450
-1566
2462
-705
-998
2806
-2894
1033
703
-1060
560
440
-1266
2108
379
-2807
3471
-2761
348
1833
-1410
350
264
168
366
961
-1476
933
-179
-1231
1566
320
-1242
494
577
-7
-1525
1134
-419
-1676
1638
-103
-75
-82
-390
-136
1233
-1186
-247
345
11
-310
843
900
-1354
1695
-779
-607
1483
-971
-721
844
459
-264
35
1099
-1384
308
-677
-297
1571
-2246
1439
-323
-188
-392
-230
582
-1354
1430
-1892
1413
-44
-656
1339
-1912
1501
-1171
546
633
-715
187
-465
1281
-371
-940
769
284
-628
257
337
-678
-315
1017
-1080
1058
-829
-343
1014
-711
387
-1139
1776
-762
-1593
2029
-33
-1945
834
972
-1585
768
404
-1929
1991
-1090
-1299
2625
-1872
360
1189
-1095
451
240
-1740
2245
-524
-1331
3001
-2706
1297
928
-1679
1421
-169
-1014
583
1121
-970
1221
-819
423
614
-1392
1605
-1022
385
57
-247
1568
-996
-144
-32
163
-657
-19
633
-79
108
-561
1651
-1946
-163
1223
-2174
1810
740
-2412
2381
36
-2646
2592
-846
-1931
1406
1331
-1699
1721
-412
-1373
1938
-1776
969
-529
244
574
-1121
1237
-356
-483
23
109
-416
-107
756
-1392
1261
-81
-1129
1834
-1487
-199
358
267
-768
-113
1863
-2763
2075
194
-2231
2152
-1676
-398
879
434
-1359
1461
182
-1742
1287
24
-838
-613
1387
-380
-12
972
-142
-434
935
-1936
1335
-44
-2105
2983
-647
-109
234
263
-1291
578
-56
-964
780
65
167
5
793
-455
-1762
919
623
-2387
2978
-1523
-110
1623
-1128
159
344
121
-1979
2201
-409
-458
1073
77
-1292
1025
-95
-753
874
-581
-18
212
889
-1714
2184
-1001
-531
1009
-909
661
-442
806
-696
510
453
-476
-346
1682
-2100
209
1748
-1792
615
128
49
-596
576
-1100
1421
-1371
-287
1346
-992
1123
-1444
275
1004
-1176
-1012
2758
-1993
213
1102
-1249
1787
-1608
-18
1331
-947
-306
1865
-1442
405
783
-1641
1566
-489
-1157
1371
-363
-986
979
-297
-726
870
-607
-280
-7
621
-708
-45
436
-815
1043
-1011
1052
-491
31
-478
218
227
-1394
1692
-809
147
380
-635
179
9
-482
520
-649
1129
-166
213
425
-841
125
-285
807
-1473
1405
51
-898
1727
-932
-982
1418
-1290
-358
2099
-1328
-57
1553
-308
-899
313
-128
-518
479
-378
712
108
12
97
-231
375
-1521
1651
-900
-179
1687
-964
809
220
-1204
378
532
-714
469
-575
557
-63
74
-148
255
-708
64
558
-1302
1400
-873
116
436
-191
175
-116
-415
523
270
-1553
911
403
-1144
496
692
-1252
701
-841
-49
947
-1138
497
-180
291
-640
469
-111
-30
223
-694
1341
-962
59
342
-686
915
-45
-822
876
44
-1035
1103
-293
-586
831
97
-248
515
217
-1106
1425
-549
-893
1203
-534
-60
373
-159
-417
868
-870
270
127
-375
69
371
135
-400
276
-625
1274
-1259
648
-49
-707
401
222
87
-719
1085
-1683
1268
291
-1160
346
593
-575
-575
1664
-932
-267
451
-126
-343
-152
136
354
-308
-83
586
-168
-547
341
-24
-549
1034
-794
282
1287
-1224
-401
914
-385
-447
621
39
-139
123
135
224
-639
-176
767
-396
484
126
-959
1076
135
-942
354
-68
-712
745
653
-1292
797
-103
-240
255
-1
-231
-741
854
-657
1006
-688
-83
670
-802
287
-809
479
-83
-149
474
123
-460
481
-32
-762
443
-254
14
532
198
-341
371
557
-699
-67
411
-374
-455
802
1
-399
992
-1151
122
889
-1145
27
1061
-703
-311
1059
-328
-9
-304
24
196
60
-209
-171
439
-542
153
548
-971
400
107
-409
331
-782
-6
-89
199
-204
183
-313
927
-843
-604
1266
-1717
664
1090
-193
-622
1428
-1403
551
330
-1006
1446
-1131
637
623
41
-873
1252
-944
247
281
-695
789
-325
338
-563
949
-1037
320
125
-143
-306
201
244
-567
528
-375
304
-603
908
-548
-511
204
282
-494
148
818
-1297
1036
-222
-233
-216
138
-55
-49
205
-319
621
-252
163
-83
497
-1375
988
480
-1061
842
80
-67
-629
858
-770
817
-755
285
1043
-1569
417
346
-91
-655
851
-146
-67
29
-384
526
-382
-193
1020
-963
258
771
-907
379
59
-516
110
306
-740
605
177
-855
361
489
-1230
404
367
-337
39
40
73
-246
517
-565
447
-615
140
261
-267
94
52
242
-385
545
-600
-154
45
153
-199
74
107
-296
521
-486
-142
480
141
-493
373
293
-184
204
-10
438
-10
-155
110
544
-57
-305
313
99
-32
-548
843
-113
-761
635
34
-484
-352
443
-534
-254
526
-275
136
416
-913
313
474
-1129
401
812
-484
-243
975
-455
158
79
-617
397
-52
184
27
483
-346
-136
199
-359
522
-567
-314
397
-209
-149
233
316
-690
175
177
-102
29
-598
586
59
-188
218
-305
-127
-144
-231
464
-214
-377
161
183
-38
-374
55
-89
34
-364
463
66
-187
352
-116
372
7
-146
722
-257
-33
486
-641
987
-407
-362
529
-192
-337
230
760
-915
473
135
-481
60
65
-445
-144
339
-426
270
112
-7
15
-91
-107
146
-24
-69
-92
658
101
-397
801
-510
-669
426
-161
-238
286
57
200
-99
131
-637
-95
-228
-153
500
-546
542
-6
28
-101
-177
-329
37
193
-70
508
-301
-44
141
-130
138
127
-175
326
-427
117
300
-439
465
102
-337
419
246
-608
271
183
-514
250
404
-62
522
-369
-140
376
-563
27
340
60
-160
-17
20
-65
-511
176
-134
-104
314
2
-230
-237
146
-665
524
-59
-237
422
-237
191
-28
-230
259
-74
34
299
201
274
-628
504
-35
-248
70
389
-356
-68
665
-667
508
-398
65
-288
131
248
-422
172
-196
31
93
-34
-438
413
-474
19
234
-154
-30
-112
208
-216
154
-11
22
-90
286
-40
-319
625
-122
-196
315
-229
-3
-84
124
-95
97
262
-442
559
-81
-468
14
40
-69
133
348
-168
82
-172
-233
-58
103
-120
19
401
-11
-29
96
-202
-166
126
-80
29
261
399
-243
99
235
-542
-36
518
-111
-155
388
-443
144
155
-168
253
-300
-273
232
-187
-201
249
-99
188
-125
125
-141
-421
-11
-71
-17
45
593
-462
526
208
-740
256
-266
-74
231
296
-140
476
-286
-293
333
-497
85
286
-16
-20
206
52
-179
-339
420
-191
-193
317
-115
-27
-48
175
-403
176
-100
15
470
-528
-57
113
-225
47
58
24
99
13
5
-139
139
-251
52
360
6
356
-225
-17
130
-197
-13
197
-118
86
115
-138
127
-325
-23
-42
-320
15
190
-393
224
-81
-551
202
-117
96
-154
106
103
-217
49
296
95
24
23
191
-56
64
437
-200
412
-113
10
390
-149
85
46
-127
88
-2
-15
197
-267
-79
1
-27
-98
100
-211
-76
29
34
141
-252
367
-399
-77
196
-284
166
84
37
30
54
-135
32
-209
-151
353
-117
89
228
-310
91
-178
-393
359
117
-255
274
107
-170
54
-15
-190
-9
82
-8
74
-32
-133
-285
114
-113
-60
-11
-160
185
-66
-49
262
-105
-177
141
54
100
-51
269
28
181
100
-125
31
142
-47
-16
284
-96
255
-157
-22
-24
-141
-296
-52
137
-231
94
-41
-83
-180
-76
-117
-79
64
189
5
154
-24
-191
59
48
147
5
89
129
229
-22
18
205
-99
-309
222
74
-206
322
-136
-198
126
-127
-92
181
-42
-178
144
72
-21
86
-15
-12
-208
-154
-20
38
91
-278
136
89
-365
-95
-117
-207
-55
32
107
15
120
91
-161
219
-55
-57
404
220
119
453
176
-47
186
-153
138
107
-120
229
81
-47
6
-262
10
-237
-292
95
-269
-52
41
-188
-14
58
-274
68
-28
-68
258
-106
27
180
-65
58
184
-113
-93
47
-54
-227
-53
-55
-119
65
80
-258
-48
-70
-284
77
-19
59
-11
62
12
-45
52
-71
20
193
18
74
254
-120
-38
65
-61
-46
151
-64
-21
136
-58
-41
60
101
-164
279
27
-163
240
-24
-28
172
114
-159
223
95
-162
155
130
-137
95
184
-100
-21
38
-182
-103
178
-210
-9
138
-45
-214
89
-27
-366
133
-5
-21
153
114
-23
34
52
-114
-105
43
-114
22
74
69
58
-135
-25
-118
-54
-157
-91
-19
12
12
110
22
-72
30
-75
-21
106
17
43
334
37
72
4
-54
-111
-133
30
25
26
-51
98
2
80
-227
-181
17
-106
33
10
193
-35
-167
97
-90
-195
96
71
26
170
83
-51
123
-30
-116
117
39
6
-147
193
-13
-178
64
-246
-156
33
-23
-145
108
-4
-156
12
125
-25
-91
101
-10
-39
152
67
45
142
0
111
50
120
-47
17
153
-36
7
-13
-26
-26
11
-88
13
-75
-34
8
34
20
19
41
-84
33
19
-161
44
146
-83
209
-34
-7
78
-114
93
-22
-21
97
-31
-46
159
-99
-77
147
-62
-66
74
-66
-90
-108
57
34
-49
196
-122
-16
108
-166
-31
64
-49
11
108
28
-156
-78
2
-268
-26
145
-135
114
131
-213
-59
-39
-215
-47
158
-77
35
124
-163
-5
109
-147
-58
177
-86
121
184
-153
16
-32
-173
15
22
55
57
22
145
10
-62
3
-39
-58
71
32
107
190
-47
81
76
-107
-4
30
36
44
148
62
-76
96
-141
-84
137
-103
40
74
13
73
-14
-91
-64
-52
-56
32
32
-7
-21
-38
-63
-24
-66
-71
23
20
-12
2
96
-27
45
100
-71
133
5
-8
155
73
52
7
9
-120
-11
41
-17
29
37
17
-59
2
-41
-125
-111
-18
-8
-51
92
16
-40
54
-71
-47
-51
-119
-24
84
-32
-40
25
-84
-22
20
-35
1
102
-38
-37
97
-89
-139
79
-29
-58
93
-38
-58
92
-45
-79
148
-106
-86
90
-10
-51
48
67
-56
63
-5
-21
72
-26
7
-16
-53
1
-77
9
42
-30
-17
10
76
-73
67
89
-72
85
20
-1
86
71
-44
142
45
-50
158
-93
41
105
-16
6
-6
-20
-110
37
32
-39
96
18
-34
147
5
-94
105
11
-29
108
25
36
46
43
63
-63
37
9
-67
57
46
-72
-21
-17
-99
7
-61
-90
-24
-32
-50
-15
-24
-62
-102
-82
-12
-79
-83
-2
34
-91
95
1
-140
50
-126
-62
51
-20
-56
9
-14
-22
14
9
5
-77
24
-38
-79
91
-77
7
83
-51
80
55
9
23
100
-10
35
104
-8
15
61
103
-46
113
77
-67
111
33
-50
80
75
-101
57
109
-100
14
54
-64
-42
23
29
-32
30
38
-88
-33
52
-82
-34
127
-71
-35
117
-59
-31
82
-53
-65
85
17
-130
37
43
-145
59
60
-92
22
35
-97
16
48
-123
36
64
-88
28
37
-82
-39
36
-48
-15
101
-76
-57
90
-30
-134
106
27
-101
157
-42
-89
68
6
-93
0
73
-103
64
104
-110
32
109
-75
21
175
-60
55
117
-37
30
4
12
-40
46
19
-59
39
3
-36
45
50
-53
28
37
-73
39
32
-79
37
-9
-75
64
19
-61
71
-35
-123
60
-59
-104
38
-53
-61
-7
-64
-54
-86
-66
-3
-85
-34
0
-32
-6
-31
-61
33
-37
4
125
-45
65
61
-48
86
63
-78
76
94
-27
53
29
-11
23
104
-7
12
109
-52
41
108
-86
14
76
-37
11
90
11
-30
80
3
-39
32
40
-10
40
21
-60
64
-31
-51
47
-2
6
41
25
-52
-7
2
-36
-2
-3
-57
36
11
-62
51
-8
-11
-4
-26
-16
-28
-22
-36
-57
-50
20
-15
-20
23
-18
-52
-54
24
-32
-41
44
-72
-41
13
-71
-15
-29
-111
-19
1
2
6
-51
16
-20
-29
45
-47
-33
44
-40
20
52
-79
-34
44
-23
31
113
-7
-3
115
17
22
109
-3
63
136
15
68
95
31
51
39
0
22
57
66
58
12
34
13
23
18
-15
5
-35
20
-40
-18
58
-70
-9
43
-53
-7
36
-111
-85
-1
-66
-33
1
5
-18
21
-44
-85
-1
-51
-83
-24
-24
-91
-6
-9
-26
-7
-35
-44
-45
0
-79
-50
16
-51
-57
15
-21
-80
43
35
-34
22
-14
-49
29
42
-13
24
70
-26
33
54
-83
20
33
-4
64
61
20
45
80
42
43
62
37
-18
52
64
-8
63
32
-4
90
19
-2
32
25
41
-8
56
38
-39
30
18
-72
28
47
-41
28
10
-29
55
23
-25
58
14
-9
3
51
5
-32
67
-51
-88
-10
-59
-93
-32
-76
-79
-23
-63
-73
-48
-60
-97
-28
-44
-98
-61
-33
-69
-53
-28
-56
10
31
1
-28
-3
-36
-41
27
-29
-17
20
33
17
46
42
-10
51
29
46
52
56
78
66
62
42
54
50
43
31
46
-13
-10
-29
5
13
-15
31
10
10
-10
24
-21
19
41
0
48
66
13
38
70
2
30
46
-11
-45
57
37
8
46
-40
-67
30
-48
-123
-26
-83
-95
13
-73
-87
3
-64
4
16
-32
-38
-13
-25
-40
11
-16
-20
12
-22
-55
19
-11
-87
-18
32
-63
-13
-12
-24
27
1
-4
35
76
21
58
77
87
83
113
53
12
75
29
10
28
-27
-9
44
-22
15
24
-35
-49
31
-6
-19
31
-20
-30
23
-12
-56
8
-96
-41
23
-45
-46
-4
-45
-79
-43
-39
-13
-28
22
-13
9
36
-2
16
9
-13
-7
6
-40
-40
-10
-3
-16
12
7
-13
16
0
9
37
-50
-19
43
-40
3
47
-2
-4
61
6
-28
27
-14
1
74
35
1
59
25
-7
44
12
7
80
40
26
51
37
8
17
25
-6
35
13
27
46
29
-1
-2
43
9
-17
15
-15
-22
38
-6
4
-16
-41
-16
-45
-72
-56
-56
-65
-38
-94
-43
-12
-38
-9
-15
17
15
-10
3
3
1
0
-15
-28
-28
-70
-60
-39
-110
-34
-7
-58
3
-6
-25
-9
-11
-19
-28
-29
-33
-15
56
60
36
67
25
17
35
22
22
17
41
42
39
61
73
86
70
13
-5
15
25
25
6
16
0
-7
15
-13
-13
3
-13
31
60
43
80
56
44
48
3
-26
-35
-30
-18
-29
-56
-48
-57
-47
-52
-64
-54
-50
-54
-61
-69
-53
-12
12
17
29
63
27
27
26
6
-7
3
31
29
74
38
-10
37
18
-41
1
32
-5
10
23
6
18
-3
8
9
-6
-1
-15
29
-7
-20
28
-22
-39
-9
-16
-12
9
-20
-44
-28
-25
-42
-45
-54
-41
-22
-3
-33
-51
-12
-47
6
58
11
25
26
13
23
-6
-20
0
0
-19
-9
4
-17
-16
16
6
-3
22
18
2
3
12
-3
11
22
13
41
41
41
46
37
25
28
19
3
32
54
31
19
40
29
9
25
1
-28
7
-22
-35
-6
-40
-33
-27
-32
-10
-34
-45
-26
-30
-25
-19
-9
-12
-13
-22
-17
0
-31
-37
-41
-26
-41
-16
20
-5
0
16
-2
-16
22
16
13
43
42
5
37
27
-12
14
-8
16
48
50
44
44
48
15
19
32
5
16
-9
-41
-27
-26
-35
-34
2
-19
-33
6
3
-18
1
3
-3
-9
-7
6
16
-5
-36
13
10
0
12
-5
-5
-1
26
25
0
20
11
7
-3
-5
6
-16
6
6
10
-6
-8
-15
-52
-26
-6
11
21
3
-23
9
10
-13
17
8
-11
-3
-9
-22
-16
-9
0
-5
-3
-4
-2
10
-9
-9
-16
-44
-25
-9
-46
-1
25
-3
-20
-20
-13
-36
0
1
-20
1
6
-21
-5
-5
-28
-1
6
-7
14
16
-7
18
32
15
-7
13
12
3
37
39
17
33
60
47
60
51
25
40
25
32
76
45
29
13
10
-6
-3
24
23
47
28
60
28
-15
-6
-19
-27
-9
20
-3
2
-1
-25
-40
-36
-31
-35
-28
-44
-33
-25
-50
-63
-54
-45
-57
-40
-38
-49
-41
-36
-38
-31
-23
-32
-18
-6
-13
1
-14
-32
-16
-22
-8
4
27
8
18
52
11
2
-3
3
2
10
11
20
36
36
32
28
26
5
-9
-3
-9
16
27
-14
6
8
10
-6
-7
-2
-4
24
2
6
5
17
29
43
51
26
28
52
22
10
34
15
9
-10
4
-12
-31
-10
5
6
-7
0
0
3
-24
-6
7
-13
-6
-1
-13
-28
-26
-51
-25
-22
-21
1
-22
-1
34
48
38
30
38
7
3
10
1
9
-3
-4
-9
-10
-9
-16
8
-7
-9
37
31
37
31
-4
4
-8
-12
2
11
-4
-10
-7
-21
-12
-36
-32
-38
-41
-13
-39
-24
-3
-5
-2
-11
-19
-25
-41
-49
-24
-18
-1
-7
-20
-42
-49
-26
-18
-13
-7
9
3
16
-11
-16
-6
-10
-5
17
34
20
20
-5
9
20
23
41
37
-2
10
30
30
22
19
37
24
30
23
44
28
28
30
-1
15
2
9
2
8
16
-9
-3
1
-13
-10
2
2
12
29
22
0
-2
-7
-7
-1
-1
13
3
2
20
7
-1
7
23
22
10
-1
10
11
12
9
15
10
-18
-3
-7
-6
-11
2
-26
-34
-23
-39
-16
-18
-9
-7
-10
-18
-8
-19
-19
-4
-20
-31
-48
-25
-20
-40
-48
-5
3
-19
-19
-12
-3
-31
-7
14
-6
0
-4
-4
10
2
12
6
1
20
11
1
4
15
-14
-18
13
22
8
-20
-3
-8
-54
-31
-13
-15
-6
-17
-3
23
-6
4
31
21
36
28
47
24
9
16
28
41
28
31
-9
-3
-6
-3
2
11
33
2
-8
-2
12
-9
3
13
-4
1
-2
3
-2
5
9
20
25
7
19
16
13
16
-11
25
29
22
35
22
15
29
47
27
15
20
10
-12
-1
17
18
-5
6
19
-2
-8
-9
-17
-21
0
-6
4
-7
-15
-23
-32
-44
-47
-33
-69
-60
-57
-41
-35
-59
-59
-60
-41
-44
-57
-41
-35
-31
-19
-10
-1
-12
-12
-14
-10
1
-9
-25
6
9
17
30
20
25
-23
-27
-25
-16
2
2
25
16
18
31
16
12
33
29
18
53
60
48
59
53
63
39
22
35
35
23
26
27
13
18
-10
-2
-6
-10
11
12
13
15
28
28
9
22
6
4
34
9
6
-1
11
12
-4
13
10
-10
5
2
-17
-4
-20
-17
-18
-29
-41
-44
-20
-20
-28
-14
-10
-16
-17
-31
-60
-56
-45
-38
-35
-53
-50
-53
-47
-35
-15
-11
-10
9
-3
3
-1
27
53
32
22
25
10
10
20
19
16
7
9
-6
3
12
8
19
-13
-22
-10
-11
6
9
14
9
-6
-16
-19
-4
-10
-5
4
-3
15
31
34
51
48
19
14
-2
4
16
18
27
19
18
3
3
7
4
10
9
22
-4
-10
40
32
41
31
5
10
-3
13
15
-28
-29
-12
-4
-12
-17
3
-24
-30
-1
-36
-60
-34
-35
-31
-27
-44
-37
-26
-57
-64
-28
-6
9
4
-4
-6
-15
-4
7
12
1
9
19
7
8
4
19
19
17
21
16
2
-13
13
23
34
25
19
45
46
15
-3
16
13
0
8
16
4
9
9
22
17
-1
-3
-44
-35
-36
-56
-35
-9
-13
-7
0
-25
-16
-21
-7
-20
-17
-7
-37
-18
6
10
3
-1
-1
-14
-15
14
16
21
29
46
55
35
26
17
20
15
19
13
35
20
31
41
-6
4
3
6
19
15
23
5
-12
24
28
14
19
16
7
2
-12
-10
-22
-17
-3
-21
-37
-34
-20
-30
-36
-49
-44
-31
-20
-22
-16
-16
-18
-29
-25
-19
-44
-7
-11
0
-5
-17
-17
-16
-13
-25
-38
-39
-24
-32
1
-16
-6
13
9
23
38
42
24
43
18
0
20
44
41
19
33
15
-4
12
4
11
12
3
16
13
9
14
10
-23
-20
-8
0
3
10
19
-8
1
1
14
-1
-2
17
-3
20
0
5
-9
3
25
41
59
20
39
16
12
22
34
30
24
12
1
16
5
29
19
-4
-17
-2
-17
-7
-1
-1
6
-6
11
-3
-29
-45
-16
-26
-41
-53
-63
-50
-50
-63
-60
-67
-92
-91
-67
-58
-53
-45
-48
-23
-27
-4
-17
-7
22
-9
2
5
23
20
4
12
11
39
53
15
38
38
52
72
49
51
37
27
-4
24
20
10
31
6
-4
-1
19
22
-9
13
25
-6
11
9
13
28
32
18
15
13
-6
8
9
16
14
-8
2
10
-9
-4
0
25
22
13
4
-7
10
-13
-10
3
-1
3
-1
-1
0
-4
3
-1
-5
-9
-11
-17
-22
-29
-34
-26
-37
-32
-17
-12
-27
-41
-48
-25
-25
-29
-12
-37
-3
-3
-11
-20
-27
-4
-9
-2
-3
-14
4
2
0
23
1
2
13
30
24
20
26
41
20
-6
4
-20
2
4
23
10
27
28
-6
-10
-11
7
-7
12
-9
1
0
-10
-2
-4
-7
-15
-6
-16
6
28
51
42
20
21
31
28
10
22
32
31
13
16
10
-8
-9
8
17
-12
-32
-26
-13
-4
-3
-2
0
-20
-20
-25
-38
-38
-28
-39
-50
-35
-38
-33
-9
13
4
3
16
14
4
0
5
18
30
9
27
44
0
4
16
15
-1
0
21
16
9
20
30
13
6
17
16
-10
-7
-26
-42
-25
-10
-9
-11
18
-12
-25
-9
-35
-44
-32
-27
-20
-9
2
25
38
29
-7
-18
-4
10
18
20
25
16
-10
0
22
8
1
1
-4
3
13
16
-10
-21
-13
-26
-17
-7
-8
-13
-6
0
-10
-27
-27
-18
2
-10
-6
14
-15
-10
1
1
7
1
2
19
21
28
39
28
40
36
9
22
22
12
10
-3
13
29
12
3
8
10
-7
1
-4
3
10
8
21
-12
7
0
-16
-5
-2
-12
-15
6
15
3
-12
9
-19
-38
-31
-25
-1
9
6
-11
-7
-28
-42
-22
-20
-8
-25
-21
-6
-43
-25
-5
-22
-23
-24
-44
-28
-5
-9
-4
7
11
-5
-13
-8
18
11
26
28
8
19
4
16
24
14
29
38
28
21
5
29
34
8
26
6
-15
6
27
22
26
35
25
25
18
43
50
35
32
45
40
2
21
6
-18
-11
-9
-8
-11
-2
22
25
-11
-30
-44
-37
-34
-35
-22
-32
-54
-35
-34
-59
-69
-61
-49
-47
-60
-60
-36
-36
-33
-37
-16
-15
-30
-28
-44
-11
12
17
42
34
8
10
13
3
-1
15
23
-2
2
7
-3
13
23
34
36
25
16
3
14
21
24
42
41
24
15
49
35
18
43
29
27
31
29
8
27
29
38
51
29
21
6
-2
-4
-5
-18
-9
-28
-22
-29
-29
-22
-25
-7
-26
-13
-12
11
18
16
23
16
9
-24
-13
-36
-47
-39
-48
-31
-19
-23
-52
-42
-32
-39
-38
-48
-19
-7
-11
-5
6
3
-18
0
-8
6
-1
1
13
-17
-4
6
1
-1
-4
0
26
9
3
13
0
4
9
21
35
50
47
32
16
27
33
44
48
53
40
34
37
-2
28
13
-1
-3
2
10
-6
18
-10
-28
-43
-16
4
-29
-20
-15
-12
-21
-25
-21
-20
-13
-35
-34
6
-14
-31
-11
-16
-21
-22
-25
-25
-18
-6
-15
-29
-41
-51
-22
-24
-9
4
0
15
16
23
15
19
32
38
44
48
19
37
43
7
25
41
34
22
46
34
12
10
18
29
6
1
22
3
-3
-12
-19
-3
-15
0
4
-1
-1
-5
-1
-13
0
-7
-20
0
6
2
-16
-16
-20
-22
-4
-14
-35
-38
-23
-21
4
7
-16
-10
-4
9
-4
1
-7
-25
-13
3
18
26
2
-11
9
-19
-19
-22
-30
-14
-17
-33
-13
-1
-47
-45
-18
-3
-16
4
16
15
13
-5
13
13
28
13
5
22
6
3
3
16
27
19
32
40
21
1
13
37
47
40
37
36
15
5
13
35
8
12
6
5
7
-10
8
12
33
-1
1
24
20
5
0
20
-15
-6
12
4
-3
-19
-11
-5
-28
-50
-36
-38
-50
-27
-47
-37
-25
-36
-51
-47
-6
-22
-23
-6
-13
-31
-12
-26
-31
-7
-25
-9
-16
-20
-14
-11
0
-3
-9
-4
10
3
0
-2
-6
13
20
24
29
2
13
23
20
57
74
83
83
44
29
34
21
27
28
53
51
11
19
-10
-19
-11
-25
-25
-26
-22
-26
-29
-38
-18
-9
-21
-36
-44
-18
6
-7
-22
9
19
-12
-12
-9
-18
-7
14
37
26
14
23
19
-10
3
26
8
-6
-24
-14
5
10
11
12
-9
-13
-15
-6
-2
-21
-1
-3
-8
-1
4
-5
-16
-27
-35
-22
-21
-32
-22
-10
-11
-10
11
14
4
42
33
46
32
36
57
22
38
34
31
23
38
34
18
14
3
7
9
-6
-9
-2
-28
-34
-46
-35
-38
-54
-51
-39
-14
-28
-42
-21
10
-1
-7
3
-7
-11
-18
-12
-10
-11
