22
-10
-11
10
28
22
12
25
12
23
14
1
12
8
9
-18
-35
-20
-9
0
-16
-17
3
-15
-28
-22
-8
-4
12
10
3
-1
-6
-9
-21
12
6
16
27
0
2
0
10
7
5
22
22
-1
-6
-6
3
-3
-14
-13
-13
-25
-25
-29
-48
-29
-25
-18
-22
-31
-22
-13
-21
-35
-19
-8
5
5
-15
0
-6
-13
-19
-7
12
-3
10
-6
9
6
16
22
10
45
14
7
7
10
8
7
18
17
13
-5
9
13
16
23
19
11
22
12
-1
8
10
13
10
6
12
4
-4
2
5
10
1
-1
2
-6
-7
-3
3
-3
-3
-8
-10
-14
-10
-18
-36
-31
-28
-32
-29
-25
-25
-19
1
6
4
7
-2
25
25
26
34
25
31
21
22
21
25
28
16
23
19
6
14
0
6
2
-6
-9
-27
-15
-40
-34
-13
-20
-20
-21
-10
-22
-13
2
-12
-3
-17
-18
-1
-6
1
0
-12
-31
-28
-11
-14
-6
0
-6
5
10
0
2
1
-8
-3
6
10
8
27
28
17
28
28
4
-8
0
16
31
21
15
7
-1
-7
-21
-26
-28
-22
-28
-34
-9
5
-13
-11
14
1
-15
-12
-14
0
10
6
22
22
5
12
32
14
14
22
16
16
12
34
27
35
44
31
24
28
9
0
18
12
19
15
9
-6
-13
-25
-41
-17
-19
-19
-27
-24
-17
-35
-40
-32
-24
-31
-37
-35
-22
-20
-17
-26
-18
4
8
13
8
-1
6
7
14
10
14
21
4
25
7
0
9
-2
3
1
-5
-12
2
-28
-38
-12
-8
-28
-10
10
7
12
11
13
6
21
22
21
13
9
0
15
21
4
25
11
0
-1
3
10
3
0
1
1
-1
0
-5
-4
-6
-4
-3
1
-2
-5
4
0
6
4
6
18
3
-1
19
25
18
21
12
-10
1
0
7
7
3
-4
-21
-9
-23
-27
-34
-35
-31
-48
-39
-25
-6
-35
-25
-11
-41
-22
-18
-11
-6
-1
8
8
22
14
5
-3
-4
22
27
21
25
15
13
23
31
24
19
44
41
29
25
10
22
16
-10
-14
-2
1
-7
-9
-2
-11
-3
3
-15
-9
-14
-18
-8
-7
-12
16
15
-4
15
8
-8
3
3
-2
3
-10
-7
-2
0
-10
-17
3
10
-3
-13
-28
-30
-20
-21
-5
-8
-16
-22
-18
-12
-16
-8
14
12
13
10
-13
-3
4
-1
11
32
18
25
21
16
26
18
22
13
7
12
21
15
32
33
20
23
17
15
12
7
-13
-16
-28
-25
-27
-17
-13
-44
-40
-36
-33
-31
-20
-10
-22
-30
-22
-18
-25
-32
-35
-25
-12
-7
-11
-3
1
10
17
35
27
14
27
18
35
29
25
23
11
2
-2
7
13
30
7
-4
-7
2
-8
-16
4
1
12
11
0
2
-4
-13
-3
4
6
-5
-3
-10
-5
22
19
21
16
19
20
11
16
28
34
12
-4
18
22
10
17
16
20
10
8
7
-3
7
3
-3
-4
-13
-15
-25
-47
-38
-22
-24
-23
-27
-11
-12
-28
-15
-7
-2
-1
-15
-27
-9
-15
-22
-1
-3
-11
-18
-23
-24
-15
-14
-6
-19
-18
-8
-21
-13
-16
-6
-13
4
8
-11
3
6
7
16
16
6
11
9
10
18
21
16
19
35
20
10
33
34
28
42
20
10
8
-5
9
1
2
14
8
13
21
12
-13
1
13
10
-3
0
5
-1
2
-2
4
3
2
-13
4
0
-7
-1
-9
7
2
18
7
-18
-10
-5
4
20
7
-7
0
3
7
2
-19
-13
-8
-22
-26
-31
-30
-25
-26
-50
-43
-29
-25
-17
-33
-23
-21
-26
-16
-29
-31
-16
-6
18
19
26
1
0
9
13
43
21
35
51
38
28
25
14
3
14
15
4
3
18
7
11
18
2
9
25
29
30
16
22
16
13
7
14
7
6
-3
-10
-2
-30
-3
-20
-15
0
-8
-2
-17
-21
-37
-29
-34
-41
-23
-19
-24
-22
-14
-10
-4
-6
-16
-1
3
-3
0
-9
-12
-22
-19
-14
-4
0
-9
2
0
8
17
6
-12
-16
4
14
26
28
9
21
28
25
21
19
34
20
23
25
10
22
19
13
6
-6
-7
-19
-9
-2
1
6
-3
1
-10
-9
-7
6
10
-1
13
-8
-5
14
24
29
10
8
2
7
-7
-3
9
-5
16
4
-6
-3
-10
-12
-12
-6
-16
-22
-29
-29
-22
-21
-6
-22
-26
-15
-35
-29
-9
-7
-22
-18
-15
-31
-12
-3
-3
-5
3
5
7
7
-24
-4
3
-3
9
10
15
19
20
10
24
18
25
51
25
12
37
29
7
12
18
18
15
11
-2
19
26
3
-1
8
15
-4
-14
-26
-10
4
7
25
22
18
-5
0
-7
-22
-3
1
7
-17
-26
-12
-18
-22
-26
-31
-12
-16
-25
-20
-25
-15
-28
-20
-9
-2
-12
-18
-2
1
0
-9
-10
-18
-11
-10
-6
-16
-15
-9
-11
-4
-6
7
-2
-5
-5
18
22
13
27
30
46
61
55
38
46
44
57
51
35
55
31
32
41
26
28
15
6
-18
-13
1
1
-12
-30
-25
-37
-41
-29
-18
-32
-24
-25
-17
-20
-17
-12
-16
-4
-16
-19
-32
-29
-44
-27
-19
-26
-22
-31
-17
-30
-13
-8
-21
-11
1
4
-2
7
12
1
9
10
10
31
13
7
11
5
9
24
24
22
29
20
1
3
11
0
7
11
5
4
12
4
1
10
3
6
-3
-3
3
2
0
-9
10
6
5
14
19
11
6
17
-9
-3
-2
8
29
2
8
5
-4
-10
-3
2
-6
-6
2
-3
-7
-4
-10
-20
-23
-9
-17
-17
-16
-7
4
-14
-4
10
-4
-10
-26
-35
-28
-26
-15
-15
-21
-16
-10
-10
4
3
4
-3
1
13
2
-7
-3
0
-1
9
16
23
15
21
22
28
25
19
40
29
17
20
20
4
11
20
25
26
25
18
17
10
-8
10
0
-6
3
12
6
6
7
-18
-31
-21
-20
-27
-15
-33
-32
-33
-18
-16
-19
-10
-32
-17
-19
-44
-32
-28
-35
-6
-7
-12
-5
-14
-19
-22
2
-5
6
19
13
11
-5
22
25
13
17
21
28
27
25
23
6
7
22
21
-1
2
6
-8
5
4
7
-3
-3
-3
-10
2
11
32
30
18
7
24
22
3
7
1
7
17
9
-2
2
12
5
-3
2
-2
-13
-20
-10
6
-3
0
-1
0
14
-9
-23
-6
0
5
7
1
-18
-32
-9
-17
-20
-10
-6
-7
-25
-4
-9
-9
-3
-26
-19
-7
-20
-25
-9
-22
-38
-18
-28
-28
-21
-32
-30
-20
-9
-11
-3
-9
-13
8
14
0
-1
14
21
13
16
13
13
26
24
48
44
51
43
32
43
34
41
38
40
32
7
20
37
29
15
3
13
0
8
9
3
-8
-27
-30
-24
-11
-14
-9
-20
-23
-30
-15
-3
-15
-21
-26
-28
-23
-19
-28
-3
-19
-21
-10
-7
-11
-6
6
-13
-9
-13
-1
-2
3
6
2
5
16
21
-6
7
25
19
13
25
23
26
26
10
-6
0
0
3
23
-3
9
22
7
-7
0
5
-8
-6
-15
-12
-24
-4
-32
-53
-23
-15
-25
-32
-25
-32
-6
0
-2
-4
-5
-16
-13
10
4
12
6
7
23
23
25
8
-6
15
26
20
10
5
0
5
6
14
9
0
2
-13
0
6
8
7
9
16
9
12
-3
-2
-2
-9
-16
-12
0
-10
-7
0
-8
-22
-20
-21
-25
-25
-13
-4
11
25
13
17
21
31
16
14
26
20
19
21
22
21
22
28
54
34
23
14
-7
1
-15
-16
-10
-9
-22
-27
-16
-32
-44
-37
-22
-17
-8
-19
-45
-22
-26
-19
-16
-22
-6
-31
-11
2
-3
3
-3
8
22
18
6
6
7
16
9
11
19
2
-10
-8
-2
7
12
-6
-3
3
9
19
-9
-9
-7
0
3
-10
6
6
-7
4
22
13
26
29
22
15
5
16
18
-3
4
18
9
16
11
13
-9
-2
4
-7
2
-9
-12
-12
9
-7
-36
-34
-25
-26
-20
-18
-19
-31
-18
-6
-9
9
-9
-11
0
9
6
6
3
-1
12
19
14
24
15
3
13
9
15
-7
-4
-9
1
3
-2
6
-6
-3
-10
2
-6
-8
1
-7
-6
-5
-19
-9
-5
-3
12
10
26
37
24
0
5
24
24
10
9
15
15
23
13
15
10
-2
9
10
3
7
15
6
-4
19
0
0
13
1
-2
-3
6
0
-7
-3
6
2
-16
-31
-29
-40
-38
-35
-35
-37
-27
-29
-36
-31
-50
-31
-41
-54
-20
-22
-38
-16
-32
-32
-20
-19
-2
4
10
9
7
-9
-6
13
18
9
19
21
16
15
35
52
48
40
18
29
31
60
59
31
34
51
44
33
44
25
22
15
24
7
3
9
6
13
9
12
9
-6
-9
5
-9
-11
-8
-7
-22
-21
-14
-13
0
-17
-27
-29
-19
-30
-32
-16
-22
-27
-30
-34
-41
-15
4
-4
3
-6
-23
-27
-10
0
0
0
-7
-1
-3
-2
-4
-15
-9
-6
-12
-10
-1
-2
-8
-1
5
-9
-7
6
7
5
3
13
19
21
22
12
13
25
28
26
9
12
20
-4
13
15
11
14
0
4
-3
-7
-14
-13
-22
-32
-8
-3
4
13
22
7
-16
-11
4
8
9
15
9
7
12
10
3
9
-6
-7
-15
-25
-31
-27
-20
-33
-29
-28
-18
-33
-7
-2
-9
9
9
12
4
9
1
25
9
14
22
-7
13
18
10
3
9
-5
8
34
28
15
12
19
8
12
15
5
15
22
1
5
6
15
39
14
0
13
19
8
0
5
-4
-3
4
-6
-11
-17
-20
-34
-37
-35
-31
-31
-40
-36
-42
-25
-16
-12
2
5
-12
-23
-23
3
6
6
19
-1
8
-13
-11
0
-10
1
-11
0
-3
-13
7
-10
-24
-16
-13
-9
-9
15
18
3
0
0
3
10
28
26
3
5
17
12
6
4
13
7
19
16
-3
9
20
18
-6
2
7
7
3
20
32
12
23
5
-4
3
0
14
20
19
31
38
25
23
47
41
21
10
-9
-12
-16
-31
-25
0
-7
-26
-18
-20
-25
-16
-24
-36
-25
-16
-29
-24
-10
-20
-31
-4
-3
-11
0
-22
-19
-15
-5
1
-19
-13
-16
-12
-14
-17
7
-6
2
13
2
12
22
2
-19
0
1
3
8
19
15
0
-9
10
16
0
32
28
29
16
19
22
6
10
16
18
13
15
9
12
-2
6
6
-2
-2
-6
5
-6
-9
-11
-15
-5
-9
-24
-16
-13
-16
-29
-20
-18
-17
-10
-14
-13
-15
-9
-13
-14
-6
-3
-2
14
10
4
11
10
12
-2
2
5
3
13
5
1
6
7
10
7
-7
-11
-15
6
0
-1
9
-2
26
31
33
26
25
30
34
29
19
47
17
1
23
10
7
10
7
-3
-4
-2
3
-7
-20
-14
-6
3
-13
-12
-12
-16
-26
-19
-25
-32
-19
-31
-26
-35
-33
-22
-28
-31
-42
-24
-28
-37
-23
-24
-14
-11
0
-6
-17
-18
-6
3
-7
12
12
2
7
21
15
8
5
-19
-17
-7
-6
16
21
-11
-1
15
15
9
6
20
19
26
54
41
36
37
23
24
27
40
43
51
56
48
28
16
44
34
21
22
18
9
0
16
-9
-15
-14
-14
-1
-26
-12
-20
-22
-13
-18
-16
-39
-44
-45
-46
-41
-42
-42
-54
-60
-25
-16
-31
-32
-39
-37
-27
-15
-12
7
6
-3
1
-3
6
11
15
17
27
33
12
18
17
6
16
7
8
5
0
2
19
12
-3
8
5
-4
-7
18
10
9
13
10
12
3
20
25
13
5
7
25
10
-7
4
-2
-9
-9
0
6
-3
4
14
6
3
-1
0
-1
-10
-14
1
12
5
-1
0
3
-3
3
9
13
2
5
-4
-21
-16
-33
-25
-16
-13
-19
-27
-17
-51
-45
-21
-17
-6
-7
-16
-16
-2
-2
0
20
19
2
23
17
7
22
23
27
8
13
7
4
11
-7
-1
17
12
6
-6
-6
3
3
7
1
20
14
15
18
-4
6
-1
3
7
-4
2
-3
-5
3
14
10
7
19
22
18
0
-7
-1
-1
6
4
7
7
-10
-25
-6
6
-9
9
6
-12
-17
9
-2
-22
-7
-27
-36
-37
-36
-34
-23
-16
-21
-29
-36
-44
-25
-3
3
18
10
21
12
5
7
9
3
0
15
10
-9
10
19
-1
3
10
22
9
19
12
0
-1
-4
9
9
24
12
11
17
1
15
28
1
11
27
3
13
16
-5
-8
7
8
10
6
-9
-15
4
-6
-22
-11
-12
-10
-10
9
3
0
-11
-19
-13
-20
-2
3
-2
-4
-14
-29
-26
-9
-9
-12
-11
-4
-9
-17
-14
-13
-16
-5
-8
-13
2
-22
-14
-18
-32
0
1
-10
-15
3
13
15
28
26
32
13
9
28
30
19
25
38
22
4
9
28
31
40
33
25
29
22
12
23
35
36
36
15
0
1
13
4
-10
-1
-10
-11
-8
-11
-9
-15
-19
-7
-19
-17
-20
-30
-32
-39
-38
-48
-57
-53
-40
-34
-30
-37
-23
-23
-22
-18
-23
8
10
1
-9
-12
-7
-12
-16
-3
-4
-2
4
-3
6
3
-14
-15
6
12
19
27
31
11
9
9
7
20
21
33
28
40
13
27
43
13
19
26
40
29
37
34
13
9
19
4
-4
10
13
25
32
1
6
25
-2
12
6
20
1
-26
-10
-26
-12
-18
-28
-21
-23
-28
-28
-25
-21
-40
-53
-41
-22
-23
-33
-13
-10
-16
-24
-15
-19
-16
-2
-10
-12
-6
-9
4
15
2
18
26
25
26
26
14
1
14
14
13
8
-1
-2
-10
8
9
6
18
13
8
-1
3
2
3
-1
-3
-16
-19
-13
-7
3
1
6
-3
-10
-27
-11
0
0
13
7
11
-4
-4
-12
-12
2
9
5
0
34
29
20
22
13
8
7
6
12
19
12
7
-3
-3
-1
18
0
0
3
-13
-9
-19
-13
-11
-13
-9
-16
-18
6
-4
-8
3
-3
-12
-8
-9
-22
2
-13
-14
7
-4
-2
9
13
18
24
21
0
20
20
6
18
-6
9
4
2
14
-6
-6
-24
-19
4
5
9
5
-7
-6
5
7
-12
-4
-17
-25
-15
-26
-13
-3
-5
-13
-12
-4
-7
-2
-2
-8
6
-20
-22
6
0
-1
-15
0
-12
-12
-5
-10
0
-10
12
20
10
14
14
8
9
0
1
3
3
6
0
14
9
-10
-6
-3
-2
-8
-15
0
10
13
4
25
25
8
29
44
38
22
27
30
35
25
41
27
22
14
3
26
6
1
2
-2
-2
-6
-22
-9
-15
-26
-47
-28
-21
-47
-30
-36
-24
-25
-5
-19
-26
-6
-18
-4
-4
4
8
9
1
-17
-7
6
3
-3
4
1
1
-9
-12
5
4
-8
-13
-10
-30
-30
-4
0
-4
15
7
-20
0
-1
-9
0
-5
-6
-12
-17
-4
13
8
2
4
-3
-2
3
21
36
9
3
11
20
38
32
37
27
5
23
34
31
34
20
20
10
-3
-8
-14
-3
-17
-21
-16
-10
-16
-15
-1
-13
-10
-17
-29
-17
-11
-26
-15
-18
-15
-18
-26
-11
-12
15
14
17
28
31
9
9
24
25
29
7
3
-4
15
9
-6
-7
0
-1
-9
0
3
7
-2
6
-6
-20
-25
-16
-14
-9
16
23
15
6
5
3
9
7
33
26
16
19
22
9
-8
6
3
18
16
-2
0
3
-8
0
-8
-6
-7
-18
-16
-18
-1
-14
-31
-29
-17
-23
-35
-32
-31
-32
-25
-29
-26
-37
-40
-26
-23
-13
-21
-22
-36
-16
-17
-25
-6
-10
4
9
24
23
23
28
16
7
37
34
32
41
30
27
26
29
25
47
39
50
43
38
41
36
22
9
15
6
22
16
23
2
6
3
-3
-6
-18
-10
-16
-9
-22
-12
-9
-18
-43
-29
-22
-23
-19
-37
-33
-25
-2
-12
-15
-16
-4
-1
10
15
6
13
0
11
26
21
17
14
-11
7
0
-10
13
-6
-8
-2
3
-20
-28
-2
-4
-21
-25
-28
-28
-7
-17
-35
-24
-21
-26
-21
-19
-20
-21
-8
0
16
29
19
20
15
4
12
28
12
15
29
15
4
6
17
26
35
23
38
16
1
22
3
-7
4
16
-2
9
24
5
-19
-28
-15
-20
-9
-10
-21
-9
3
-14
-20
-8
-19
-1
-3
-20
-10
-13
-16
-9
9
14
9
13
1
-11
-5
-9
6
14
2
13
7
8
-1
4
-3
-3
4
-6
7
-3
-1
3
10
8
-9
4
6
12
13
0
-9
-10
-15
-10
9
10
-4
0
-10
-12
6
1
3
-6
9
13
12
17
10
5
15
20
5
-1
-1
12
6
0
-2
2
-15
-12
-13
-1
-5
-18
0
-9
4
6
11
-4
-6
-3
7
2
-12
14
10
4
1
11
10
1
-5
-6
-5
-10
-13
-27
-28
-33
-22
-11
-16
-23
-26
-31
-19
-17
-14
-4
11
16
-10
-1
-8
-2
-11
2
5
-3
4
-24
6
10
6
1
12
16
13
19
5
21
17
32
33
44
48
42
45
23
20
25
18
7
13
19
6
3
11
1
-1
4
-6
-1
-7
-13
8
6
14
-3
-19
-16
-13
-2
3
10
2
-6
-11
0
-23
-13
1
-20
-26
-41
-38
-52
-40
-31
-39
-33
-32
-26
-32
-61
-47
-19
-37
-25
-12
-16
-13
13
27
27
22
12
25
11
12
28
32
37
34
28
24
10
9
24
31
34
25
9
-5
7
16
13
18
12
19
16
9
1
-6
9
10
0
16
9
-4
16
16
0
4
9
-10
-4
1
-6
2
-10
0
-3
-10
-6
-18
-2
5
6
10
-13
-6
16
4
10
14
-12
-6
12
-11
-11
-10
-6
-15
-38
-28
-36
-22
-28
-46
-38
-42
-35
-31
-28
-22
-28
-56
-48
-21
-15
-9
-21
-14
-16
-32
3
17
18
26
21
25
31
40
41
32
26
43
38
44
50
44
52
22
33
23
14
42
30
26
33
31
33
27
18
24
20
3
2
4
9
16
6
10
5
-5
-14
-25
-23
-19
-16
-17
-29
-50
-51
-43
-44
-41
-32
-38
-36
-29
-44
-23
-13
-11
-14
-19
1
4
14
7
-6
-2
-7
5
-4
-12
-12
-9
6
0
9
10
6
15
6
5
5
-6
-3
-5
-4
-13
-21
5
-6
4
9
1
12
22
22
12
25
10
5
-1
4
7
13
21
10
12
8
9
14
4
9
31
15
7
9
10
3
4
12
-11
-15
-3
-3
15
23
-13
-20
-6
6
10
15
14
6
-9
-11
3
-12
-6
-3
12
-9
-9
19
-1
-12
-15
-16
-29
-12
-22
-22
-29
-16
7
-14
-6
-12
3
-5
-27
-16
-9
-19
5
17
0
9
1
-3
-2
3
2
0
1
1
19
23
8
1
0
2
4
11
20
3
-3
3
-7
-3
-2
-22
-23
-11
-9
2
2
-15
3
11
-3
-3
-4
1
0
-8
-15
-14
6
9
17
15
1
10
19
0
3
16
14
29
26
16
16
12
-5
6
17
21
21
14
11
9
17
10
15
13
13
3
5
4
-21
-7
-4
-8
2
-2
-22
-23
-13
-7
-24
-37
-31
-29
-12
-13
-19
-1
-6
-13
-7
-8
-13
0
0
-6
0
-13
-9
-13
0
-1
-9
-4
-18
-16
-28
-29
-14
0
-2
-3
-1
-7
2
-11
-10
-1
15
4
-6
4
16
15
-9
-2
10
21
26
19
38
34
13
16
21
13
10
12
-6
3
17
27
28
15
10
12
4
-23
4
6
13
22
19
0
-6
25
-4
-5
4
9
20
32
16
0
0
-7
-3
-9
-7
-28
-10
-8
-15
3
0
13
9
4
0
-8
1
6
-3
7
6
1
-10
-16
-2
-10
-10
-9
-19
-4
-15
-21
-15
-38
-25
-30
-52
-32
-26
-28
-16
-29
-25
-12
-4
-4
7
11
-12
-9
-9
5
3
-3
14
5
8
10
-3
13
12
25
37
19
19
25
13
9
15
19
13
20
26
9
18
0
0
10
3
8
4
-1
-1
-1
-11
-3
-15
-6
-5
-15
-9
-21
-18
-15
-8
5
15
3
9
20
10
16
0
6
18
5
7
9
-4
-13
-2
6
-2
7
0
-12
-11
-10
-2
-7
12
-4
-24
-21
-25
-22
-20
-9
-7
6
-6
-8
-12
-17
14
26
29
25
15
10
20
15
13
28
16
19
17
26
26
-9
0
-6
-1
33
26
18
18
9
-10
-13
6
0
-2
-3
-11
-8
-11
3
3
-9
-12
-10
-2
-25
-26
-12
-22
-16
-9
-16
-35
-41
-24
-29
-37
-27
-36
-37
-35
-36
-38
-19
-15
-25
-12
-21
-15
-12
-32
-16
-9
-32
-14
9
9
10
10
20
26
34
34
39
42
30
34
41
41
47
51
47
25
18
23
9
25
48
51
36
31
41
36
23
9
19
25
8
10
3
7
3
-5
-1
-17
-11
10
19
2
-6
-4
-10
-25
-22
-21
-26
-15
-32
-23
-16
-7
-18
-31
-19
-29
-16
-15
-22
-36
-35
-25
-46
-27
-22
-25
-13
-20
-16
-17
3
-3
-18
10
-2
0
7
-7
-15
-1
12
-23
-7
3
-6
11
22
13
5
25
7
14
29
20
22
9
23
15
10
32
22
14
4
9
26
18
2
-1
-3
-1
-3
1
0
2
6
0
-5
-9
2
-10
-12
0
-9
3
9
15
22
18
19
9
9
13
2
0
5
6
-4
0
1
-15
-28
-21
-15
-38
-38
-28
-38
-47
-28
-9
-12
-19
-13
-13
-22
-6
-2
7
5
10
13
-1
24
31
22
38
50
45
21
33
29
10
19
12
12
3
5
7
14
11
6
16
-4
-29
-19
23
20
18
14
0
-2
-13
-25
-20
-1
-5
-10
-12
-4
-21
-38
-44
-45
-25
-25
-28
-15
-14
-21
-26
-11
0
-19
-19
0
-3
-24
-7
-5
8
21
15
14
2
13
13
34
45
15
20
30
23
7
-13
-2
10
15
10
-8
-7
6
4
-10
-4
-32
-29
-14
3
-9
-9
-5
-1
38
-22
-1
11
4
3
-12
13
9
28
19
9
-3
-7
12
17
37
44
32
40
9
-4
19
19
3
-8
-7
1
4
0
29
22
26
23
-1
5
-2
-9
-29
-33
-41
-64
-51
-46
-17
-7
-26
-21
-34
-19
-31
-34
-11
-26
-9
-13
1
-16
-14
15
-18
7
-11
-7
3
-12
14
10
25
8
12
41
8
12
11
19
2
-28
21
6
-3
21
2
6
2
19
-6
0
0
-18
39
3
35
21
19
38
3
45
-7
45
18
-17
13
-28
23
-6
-7
1
-6
4
-13
38
1
-22
16
-28
5
-20
-26
2
-32
-10
-52
-12
-3
-28
23
4
-6
-25
-7
19
-17
-17
-32
-23
-8
-12
23
-12
-13
28
-4
0
-4
-1
3
-8
2
-4
12
7
-13
-10
-3
-3
13
1
11
0
2
-1
-34
-14
-43
21
13
7
33
12
51
17
34
12
36
48
10
49
23
25
13
-5
22
-23
-2
2
2
27
-43
3
-20
13
-4
-22
58
-18
22
1
15
10
-42
-8
-32
-24
-29
-36
-9
-27
-38
-51
-43
-20
-47
-33
-34
-9
6
-9
4
17
0
-3
27
7
-3
3
0
4
25
-17
-6
11
-35
-19
10
38
-11
1
-2
-12
28
-19
34
7
38
31
-12
66
-16
23
12
17
35
-13
70
10
59
66
24
102
8
51
13
0
37
-43
61
-12
9
3
-42
23
-62
-11
-30
-14
0
-18
14
-39
-14
-35
-31
-53
-63
-43
-70
-47
-67
-47
-67
-59
-45
-74
-25
-27
-24
-35
-2
-10
-43
1
-12
21
18
37
29
7
68
12
23
10
16
54
33
68
1
26
27
30
47
3
41
7
44
23
23
67
-5
30
44
52
35
33
44
-28
0
-6
12
6
-22
-9
-8
30
-3
-17
-15
-3
-24
-29
-13
-4
-28
-17
32
-20
-7
-15
0
-5
-9
40
-34
-14
12
-12
3
9
34
-10
5
-7
-45
-20
-39
-13
-66
-43
-25
-53
-3
-63
-13
-5
-54
-23
-40
-28
-65
-40
-9
-83
-35
-52
-37
-30
-53
44
-17
5
19
11
39
-5
65
21
45
88
72
94
30
112
74
63
89
43
88
41
82
53
53
63
-8
66
27
40
15
-19
5
-97
-20
-51
-52
-24
-67
-10
-76
-41
-68
-35
-3
-63
-21
-38
-16
-53
-36
-15
-63
-40
-32
-19
-17
10
31
14
45
7
44
18
-11
37
2
57
4
38
13
-23
32
-40
4
-24
0
20
-13
18
-28
0
-9
-19
19
-19
24
-5
0
20
-23
45
0
27
37
21
56
11
63
28
47
66
19
59
-6
0
-5
-44
-18
-59
1
-35
-57
-27
-75
-9
-45
-37
-25
-29
41
-4
23
11
-2
28
17
38
20
26
49
34
23
36
3
0
0
29
29
-6
28
-43
-23
-16
-58
-50
-104
-56
-92
-95
-38
-114
-47
-78
-78
-54
-92
23
-46
18
17
-19
34
-26
87
32
56
50
16
98
31
115
72
27
67
25
95
15
16
39
-27
29
-38
-27
-34
-31
-36
-100
-37
-90
-95
-73
-88
-72
-97
-92
-56
-66
-41
-47
-13
-21
6
90
41
90
30
101
124
77
133
83
181
139
152
161
98
163
72
118
86
24
85
4
76
3
12
28
-51
55
-61
-6
-46
-95
8
-66
50
-42
-15
95
-14
112
47
73
97
58
173
54
123
115
38
86
8
65
20
3
52
-7
23
-34
-53
-66
-130
-132
-200
-180
-161
-193
-143
-186
-240
-225
-311
-256
-247
-286
-278
-334
-209
-257
-245
-218
-325
-218
-284
-205
-196
-281
-137
-229
-133
-158
-149
-67
-144
21
-53
42
92
91
214
90
202
210
145
225
261
333
265
285
348
277
296
256
237
215
131
220
199
44
105
62
34
-13
-118
23
-155
-52
-53
-159
31
-104
199
73
166
366
101
554
469
652
680
511
965
714
1090
1066
891
1147
815
1230
899
808
784
263
528
139
274
2
-443
-335
-771
-658
-985
-1196
-1235
-1559
-1300
-1436
-1500
-1534
-1602
-1337
-1420
-1251
-1110
-1106
-883
-691
-451
-381
-370
-184
6
90
306
181
191
309
303
584
333
370
264
122
374
148
238
-24
-53
92
-256
61
-106
-214
-242
-334
78
-296
-177
-123
-185
-4
-239
81
-66
-17
195
82
294
167
385
522
503
689
573
691
712
793
926
803
846
785
761
765
649
614
422
320
343
142
30
-154
-298
-399
-495
-554
-784
-793
-804
-835
-927
-875
-783
-803
-559
-415
-114
-146
-20
489
583
847
806
1189
1414
1603
2130
1980
2269
2071
2261
2412
2110
2230
1596
1612
1445
1266
1138
415
308
-457
-662
-825
-1361
-1571
-2272
-2140
-2330
-2557
-2734
-3141
-3069
-3290
-3062
-2968
-2931
-2714
-2607
-2305
-2117
-1900
-1797
-1669
-1467
-992
-614
-512
-173
108
573
693
788
952
884
1274
1368
1640
1739
1649
1823
1524
1732
1539
1250
1161
849
1070
722
620
376
-13
-40
-352
-311
-722
-864
-619
-636
-487
-487
-303
-234
-231
37
171
408
566
724
1115
1341
1447
1493
1406
1566
1586
1480
1510
1366
1420
1203
1205
1170
770
690
358
387
149
-92
-22
-249
-165
-457
-426
-536
-811
-667
-921
-747
-812
-842
-789
-790
-675
-942
-937
-975
-1040
-1010
-1002
-1128
-895
-1027
-1005
-893
-944
-867
-1111
-575
-766
-478
-151
-319
258
-123
274
492
425
1026
716
1551
1278
1343
1857
1124
1974
1078
1349
1400
967
1609
633
1201
406
248
438
-516
-27
-897
-803
-862
-1385
-969
-1645
-1640
-2054
-2122
-1798
-2272
-1955
-1999
-1954
-1814
-1886
-1640
-1576
-1583
-1355
-1153
-856
-566
-394
118
244
559
846
791
1372
1428
1762
1963
1827
2379
2031
2295
2185
1939
2066
1374
1750
1363
1248
1078
471
716
27
122
-172
-654
-502
-1017
-674
-907
-884
-736
-1025
-626
-769
-620
-469
-320
-223
-150
120
308
55
245
371
282
571
342
598
497
518
610
315
457
411
188
466
47
639
198
127
605
-190
541
-362
188
111
-353
142
-457
-78
-700
-646
-321
-1228
-679
-1178
-1157
-756
-1424
-740
-1464
-772
-865
-1014
-319
-851
49
-528
-246
383
205
848
577
1283
1292
1227
1821
1400
1969
1568
1624
1792
1543
1998
1463
1490
1104
841
784
252
261
-115
-432
-535
-765
-910
-1352
-1650
-1963
-2295
-2216
-2290
-2377
-2410
-2423
-2439
-2392
-2349
-2320
-2408
-2116
-1758
-1691
-1378
-1111
-701
-585
-389
16
197
377
621
1211
1513
1520
1667
1868
1972
1920
1863
1962
1779
1579
1723
1458
1332
954
646
519
301
205
-115
-253
-228
-385
-426
-251
-648
-500
-603
-256
-501
35
99
-95
671
257
616
601
936
376
821
1102
898
847
1479
615
1276
721
613
1242
137
1346
54
1396
262
946
748
83
964
-245
303
487
-234
341
296
-401
312
-696
413
-1290
-96
-681
-1439
265
-1816
-642
-1100
-1426
-1315
-1914
-1103
-1858
-1998
-1202
-2083
-1182
-1897
-1531
-956
-2142
-857
-1379
-1127
-765
-753
83
-457
45
276
502
1006
307
1066
1183
1034
1312
1541
1941
1569
1149
1582
1438
1351
1127
532
1496
407
430
511
177
235
-1033
-602
-663
-1119
-1262
-1257
-1132
-1375
-1577
-1544
-1433
-1585
-1704
-1421
-1266
-1166
-1070
-895
-469
-450
-408
-166
80
461
525
877
1131
1017
1408
999
1597
1344
1089
1617
1131
1702
1205
1521
1194
692
1081
914
151
597
791
-221
325
400
-143
-635
553
-1110
-138
58
-809
-255
-153
253
-1181
542
-46
-879
770
-224
-251
1368
-507
964
-95
1315
407
80
1827
-263
2294
-737
2333
276
517
1147
-467
1976
-1135
1741
-449
169
804
-1298
765
-923
-879
-123
-1498
219
-1773
-514
-495
-2142
201
-2686
-124
-2191
-1520
-490
-2492
-663
-1858
-1234
-1486
-1704
-1282
-1415
-1902
-799
-1954
-580
-1045
-2105
93
-1667
-184
-693
-291
585
-705
1058
324
928
1015
492
1482
1509
1654
1603
2279
1827
1861
1608
2098
1960
1264
1781
1582
1743
1417
1056
804
1137
-16
274
200
-292
119
-631
30
-450
-898
-812
-1230
-995
-1137
-881
-835
-1212
-296
-745
-593
-711
-413
-1139
-690
109
-882
683
-377
228
-40
369
69
-1119
1265
-268
-758
1323
338
-87
674
-99
0
126
183
-669
528
578
-145
470
190
355
-705
911
-1070
760
765
-1473
1997
-142
41
144
611
-247
-153
1180
-392
810
895
-836
1842
-33
-115
721
-225
1747
-1999
2777
-908
32
1139
-1619
1761
-1329
56
213
-460
-195
61
-703
132
-658
-398
-1054
869
-1319
-350
82
-589
268
-1181
704
-1391
1101
-1328
-633
921
-986
-1302
734
-1246
-36
-825
-1316
557
-1439
-123
-2072
1203
-1626
-1647
671
-1035
-848
-445
-735
315
-317
-334
361
16
998
-523
1645
213
624
1254
597
1546
837
1038
1501
619
1467
943
910
1407
-337
1921
676
345
866
166
678
-295
73
590
-684
174
-319
-48
-436
-453
-613
-1092
-72
-1606
103
-1158
-26
-1312
-877
476
-2286
-137
-909
-899
-293
-713
-24
-1042
-124
-96
-1712
1191
-743
-821
777
173
187
-645
1769
-1408
491
937
-717
1436
-370
874
370
562
539
-285
1074
585
-987
2939
-945
728
1592
-937
1797
-443
1349
-339
1194
503
396
597
651
-440
1418
-688
264
1587
-762
319
537
1161
-1823
1786
-1441
759
-168
-428
-61
797
-374
-1099
1197
-370
-455
-900
1613
-2014
1366
-857
-77
156
-534
-398
-526
151
-1281
-76
-470
-255
-1145
-143
-956
-826
-1491
-117
-1722
-712
-1171
-355
-1372
-1064
-545
-1599
-115
-2057
-98
-1086
-236
-1228
-155
-71
-598
-987
640
-639
270
460
-303
1670
-197
1349
474
1499
590
1530
759
1866
1143
1684
1371
872
2436
-41
2442
447
1145
1253
754
1212
187
1237
194
-61
821
-283
364
-231
-68
-119
-519
139
-1281
-37
-540
-1141
-180
-599
-1019
-702
-687
-882
-1583
154
-2203
-583
-43
-2113
386
-1828
415
-1901
27
-279
-1978
1549
-1986
537
62
-482
291
-376
882
-696
1140
363
-83
1267
100
661
727
252
707
802
351
627
1032
506
279
1097
-78
767
40
1167
-667
1311
692
-904
2448
-1844
2153
-1207
641
1456
-2026
2587
-1242
1076
288
-740
2302
-2345
1863
332
-1714
2843
-2397
1587
-338
-773
1509
-2496
2279
-2471
726
408
-2686
1922
-2783
968
-1516
-1213
565
-2491
252
-1162
-1329
-200
-2055
145
-2228
-971
601
-3633
1657
-2263
-449
-186
-1695
372
-1117
-401
9
-786
1248
-1182
329
2060
-2519
3576
-1841
1723
1333
-593
2311
256
1796
446
997
2231
8
1237
1836
-993
3757
-1411
1666
1278
-2
879
-361
2216
-1692
911
786
-849
251
287
-974
719
-1093
169
-1185
255
-291
-2717
2684
-3098
-42
-298
-866
-802
-1419
1437
-3368
1306
-1007
-1653
1272
-2275
365
-673
-576
-405
-1171
1582
-2392
593
1226
-3253
2980
-1204
-980
1767
-442
-76
-320
2520
-1563
202
2808
-1732
1074
2400
-1526
1919
1066
912
642
776
2797
-1649
2655
1100
-627
3402
-1398
2052
978
275
2477
-2630
4434
-2044
1010
1354
-2056
3396
-3650
3134
-1570
-294
1363
-2907
2527
-2849
443
34
-2707
1604
-2649
302
-466
-2385
898
-2822
784
-2540
-970
-128
-2252
-110
-2366
1327
-3251
1046
-2227
-1014
870
-3635
1771
-3127
2165
-3143
9
1634
-2954
1448
-1798
1230
-671
-1067
935
48
-49
625
-1139
2861
-1384
-43
2052
-1262
2234
-1676
2270
360
-571
1940
269
151
1163
340
914
373
-99
1874
-675
1881
-1022
1648
1279
-1410
1960
-416
1490
-441
-224
1894
-533
580
67
279
1583
-1314
1138
-75
728
-341
-703
1878
-1578
935
-378
-295
354
-531
-11
-624
-383
191
-1908
939
-1052
-875
94
-1068
259
-2005
847
-1322
-467
-347
-392
-432
987
-2138
1194
764
-1261
990
-866
2737
-2880
2330
617
-883
2507
-1124
1511
1235
-1075
1735
469
352
544
-179
2944
-2617
2196
1190
-1827
2542
-1286
1093
-168
488
-203
-817
2223
-2488
1244
40
-1567
1110
-1623
683
-597
-1443
1049
-2528
1107
-613
-2708
2819
-3836
694
-42
-2321
1085
-3202
1291
-2064
-1058
1783
-5154
3089
-1344
-3381
3452
-3911
1386
-2154
444
525
-3370
3566
-3221
219
2302
-3307
1399
-1
350
-406
-372
2667
-2742
2165
-461
1041
-533
1270
-24
-478
2345
-1586
1800
-445
1536
-747
1968
-1113
1995
-268
714
767
715
-43
1080
1269
-853
2861
-1527
2818
-1530
2832
-1524
2531
-351
536
925
432
1133
-918
3167
-2942
2833
-997
978
-843
985
-20
-453
-976
1917
-1462
-882
1273
-1973
914
-1645
1399
-3104
3060
-2795
-111
-214
751
-1347
-2683
3968
-4524
1434
-1219
49
-1025
-519
731
-2961
1654
-826
-2923
1756
-729
-1323
225
-54
-1215
-1038
2043
-1836
-1347
1918
-302
-2189
2575
160
-808
832
759
-719
1620
662
-1629
3501
-640
-418
2619
346
-586
1350
1592
-1438
544
3280
-3162
2510
298
-707
1599
-1708
2219
-2911
3529
-3213
82
2966
-4564
2398
-1709
1804
-3543
1141
691
-4584
3151
-2513
-931
793
-1081
-2298
842
413
-3053
-24
1602
-2677
-700
1717
-1373
-1502
1775
-1897
-1182
3285
-4025
2222
-1045
901
-407
-1073
3597
-5076
4596
-928
-2150
4211
-2006
1059
-230
1416
418
-1426
3395
-2335
2581
-129
-1158
3605
-2071
1845
164
252
874
650
1379
-2291
2812
1830
-2823
2627
1167
-596
1007
671
-145
1583
555
-994
644
2512
-1101
-1567
3937
-2296
936
-536
543
-201
-1732
3556
-4451
2098
359
-3133
2687
-2739
-279
164
-2191
1746
-3854
1568
-688
-2661
1741
-2511
487
-2232
-184
-557
-1459
785
-1280
-1768
1346
-1235
-37
-875
312
-249
-1774
2657
-2191
1115
444
-840
552
1686
-717
101
1882
-69
-422
1476
1865
-2627
2520
1347
-1721
2270
1259
-1313
2087
-232
40
730
1187
-1886
1615
2110
-4377
3536
-606
-530
-830
1623
-2084
-63
1841
-2829
759
-325
-1592
-565
1415
-2868
539
-1585
464
-3187
2495
-1749
-1552
766
-2163
2358
-3314
2328
-3954
2073
-1016
-900
119
739
-480
-1478
2467
-1422
-176
559
1096
-2582
4134
-2799
1650
409
-217
1223
-1493
3921
-3001
2485
1548
-1512
2480
-250
-420
3457
-1605
1368
1362
661
964
31
2413
-2166
1955
570
651
1126
-266
1256
1254
-895
1318
300
-415
734
-1582
2596
-479
-355
-14
26
978
-2068
958
330
-2913
3254
-3275
492
272
-2321
1469
-2985
2193
-3941
2077
-1466
-2731
1943
-2660
-70
-237
-1007
-119
-1876
-647
-440
-1821
1783
-4430
938
-790
-1097
702
-687
-611
-2287
957
-592
-211
166
-1423
-1113
3358
-2047
891
753
-1527
779
750
883
-89
1516
-764
721
1668
2435
-2638
2139
-9
252
3470
-2563
2171
553
676
-558
1758
1455
-385
-917
1919
-277
1508
-374
-1843
3488
-1362
677
-246
2731
-2080
40
222
548
131
-306
178
-1491
2589
-2388
-382
457
-657
-1136
1009
-636
63
-1381
958
-1993
-1243
3384
-5065
2475
-395
-2868
2254
-1248
-1022
-574
740
-943
-217
2059
-1949
-773
1583
-2123
965
519
-805
-1147
1281
550
-2085
3915
-2332
-312
2027
669
-1391
1621
826
-2766
1970
-26
372
195
2314
-1496
34
2966
-2360
804
1943
-2351
2250
1488
-1839
583
977
-209
-1302
1134
564
-990
452
1228
-1347
1124
179
-1721
1538
-146
-663
-759
744
-2
-539
-955
1081
-930
-2166
3286
-2747
22
-486
-2868
2990
-3035
675
-578
-3315
4684
-6861
3667
359
-6163
5645
-4239
1893
499
-1587
633
-1563
1504
185
-1402
2611
-3290
740
2360
-1879
1917
-1060
1437
-1614
2257
226
104
1880
-2869
860
3979
-1516
-428
2754
-400
-716
2249
5013
-8210
3336
4656
-5647
5513
-2685
2264
-1471
-1680
6033
-4319
3350
-4199
-546
6272
-5814
1902
1265
-3556
360
275
3776
-5372
494
3468
-6406
5627
-3192
-555
153
-1596
1079
-2287
4111
-3368
-4036
4752
-2231
-448
369
-3527
4963
-5233
2299
-1409
-638
89
-2940
5770
-4951
991
-169
-927
-36
-1888
3640
-1865
-2633
5513
-3293
2647
-2427
138
4967
-5851
5885
-170
2540
1131
-1832
4689
-565
-195
2489
483
4826
-1590
483
3104
-2276
3557
-3603
1898
2095
-2642
438
-917
953
-2767
-1666
1626
-3723
-10
312
-1836
522
-2404
-1071
-14
-1271
380
-1563
457
-1031
-1838
2466
-4033
1538
-1594
-343
2341
-3001
1248
-2611
-660
-355
374
243
-2627
1072
940
-1650
1112
-128
-193
-1924
2914
1145
-2061
3543
-3069
3477
94
-454
2611
-131
-215
1642
2109
-265
-934
563
3961
-4207
3264
1585
-1252
-212
1149
1966
-2758
1350
-467
1363
-507
-922
488
-235
472
-392
26
812
-2815
3394
-973
-2351
3925
-4102
1976
-2473
3285
-222
-3716
3615
-2363
619
188
-129
-4387
225
1930
-2577
-2001
1332
-2907
334
-1336
-2633
3216
-4026
325
-1000
748
-214
-1927
2782
335
42
3132
-1738
2646
5546
-43
3351
-1089
3918
2774
1554
5070
696
2011
1234
-596
3934
1308
-1262
1715
-3424
2043
492
-3921
-985
-2264
-1958
-5385
-3062
126
-3783
-4059
-3510
-4301
-2722
-2765
-3213
-3002
-2528
-1068
-711
-2917
-1844
586
-86
-400
43
3270
3142
-817
2863
3823
1433
3525
3033
2838
2210
3536
3678
1889
2506
579
909
3401
1203
-571
575
466
-303
-1417
-1092
-805
-99
-1537
-3563
1286
-334
-3938
-2141
-1094
553
-1993
-1174
-1386
743
640
-3799
-317
1869
-207
-1646
2487
1224
98
217
1131
280
466
2217
577
-398
2528
4223
-3709
1803
2724
1111
-696
-133
2458
-373
1947
-2524
-570
1410
-673
-2222
425
-243
-3372
-1226
-1260
-2599
-507
-3247
-2879
1780
-2434
-3446
-1899
121
-2144
-280
897
-3190
-1514
2568
2996
1308
-850
449
4043
2497
3722
4764
2047
-946
2575
7134
3632
3273
3022
135
1721
1495
3463
754
-1792
122
-1211
1671
-1459
-3813
-2034
-3956
-3634
-2756
-3936
-1671
-2956
-6474
-5454
-4604
-2141
-4722
-5594
-3015
-2432
-1483
-2715
-4507
-2854
241
-432
-1055
758
3862
1857
-1514
2852
5670
3949
3422
4763
6520
4636
5495
7300
3388
2587
5000
5636
4800
2632
1722
1522
1484
1227
-654
-1314
-775
-1593
-4314
-1545
-1058
-4614
-5185
-5007
-1863
-1689
-5001
-3815
-2135
-2690
-1605
-3672
-1329
-1156
-1789
951
-787
1621
776
-1979
898
3380
842
1161
1791
2371
2966
1405
1737
1256
2474
1308
845
2353
2128
-596
474
479
661
2355
-1372
-209
249
-176
-1984
-1145
-850
-1446
-2334
-2866
515
-2917
-2593
-1956
-2279
-2479
-2104
-1885
-2420
-716
-699
-1875
-2209
-2435
-188
3470
2554
427
-484
3130
1518
5671
5757
1182
3409
2962
5842
5337
5614
5077
1619
1338
2618
4350
4692
-697
-130
1392
-616
-486
-2844
-1846
-1764
-3923
-4311
-4447
-4095
-3018
-4397
-6014
-7127
-3888
-3518
-7779
-7940
-3659
-825
-4594
-7295
-5879
-2316
-1613
-2971
-3838
1333
2901
-219
-570
2754
4653
2304
4426
5692
7102
5161
7560
6717
5887
8098
5294
7788
5314
4965
6492
5350
4573
771
-310
2368
884
-2135
-2803
-115
-1074
-4864
-7621
-5125
-1557
-5908
-5815
-6647
-3155
-4335
-7978
-4281
-2923
-1884
-4067
-4827
-1227
1194
-743
-1358
382
3128
4003
268
2084
4994
3374
5421
1571
4716
5948
3754
3275
2149
7363
2306
585
551
3825
3757
-1457
-2122
-2583
-559
-2634
-5270
-1505
-3508
-4055
-3900
-6615
-1504
-5950
-5483
-4875
-3709
-570
-4619
-4777
-3167
-628
1265
1640
74
975
1050
5545
6555
3597
4544
4722
5122
6665
8867
8212
5289
2617
3970
6489
6715
3522
1505
1846
1537
1103
-1394
-1957
-1637
-3019
-3832
-5169
-4647
-4687
-5480
-6022
-8205
-8052
-4895
-5771
-9074
-7897
-4783
-2789
-7824
-8163
-4943
-3586
-2262
-3391
-1121
-1288
238
-579
-240
2257
5102
5043
2963
5504
4639
8139
7829
7087
5969
4779
9254
8766
4549
3781
7018
7238
2680
-63
3553
2157
-331
-2117
-928
1141
-2495
-5923
-5859
-2633
-2425
-4673
-6629
-3720
-3685
-4892
-5561
-3952
-1317
-3659
-3465
-1830
1020
5
-1615
-748
1187
3545
2357
1407
3014
4303
3823
2971
4681
5520
3294
3346
3310
4699
4650
1649
1189
3278
3807
941
-528
-538
-1079
-1691
-2958
-3311
-2259
-4172
-6013
-5449
-3643
-4978
-5620
-4365
-5821
-4981
-5290
-4888
-3751
-3508
-2267
-2532
-278
3414
124
-2061
1066
5210
8246
4125
3882
3933
4144
7916
7911
7464
5207
5000
4992
3891
6456
5470
1458
-186
659
4251
155
-3796
-3051
-1387
-1709
-6332
-5499
-4731
-4281
-6594
-8491
-5114
-5291
-7503
-8717
-6902
-3754
-4474
-6488
-6937
-6412
-3398
-1737
-1870
-1844
-1358
-93
137
1612
3527
4892
4113
3864
4762
6218
8413
8419
7462
5843
6714
8536
8528
5138
3957
6113
6667
4736
1193
1274
1554
-96
-1855
-1611
-192
-1986
-5568
-6402
-4511
-2803
-5234
-7247
-5301
-3915
-4085
-6031
-5541
-3913
-3079
-3273
-2553
-13
-862
-1833
-779
837
2560
2374
2870
4089
3432
3693
4167
5127
5419
3995
5246
6919
4822
3469
3429
3817
4095
3353
2677
-7
-429
-377
-806
-1834
-2660
-3909
-5846
-5228
-4555
-3386
-5130
-7774
-7999
-6185
-5115
-4509
-5842
-5463
-5642
-4442
287
-727
-163
-2238
378
3510
4184
6062
4168
2909
3428
7284
10095
8170
5005
4903
5624
7384
5227
6324
4265
1773
1837
2193
3075
-1809
-2338
-1689
-945
-3148
-5987
-7565
-4698
-3500
-6428
-8677
-7385
-5315
-9172
-9597
-6295
-2740
-4521
-9269
-9403
-2755
-1253
-3554
-4544
-1516
2032
496
570
1472
4565
5150
5030
5234
6616
7502
8166
8116
7347
7147
7946
8159
6040
4690
6060
7503
4437
1354
-230
2971
1490
-1629
-2669
-2004
-675
-3602
-6929
-6595
-2684
-3263
-6353
-7611
-4294
-3488
-5731
-6932
-3831
-1408
-2334
-3874
-3418
751
955
-1487
-1205
3007
3928
2459
1446
4348
6027
4168
2777
4350
7335
5131
2880
3678
6510
5004
1858
1718
4288
3563
-20
5
1076
646
-3490
-3660
-1182
-2267
-5176
-7947
-4079
-1943
-3615
-6781
-8902
-5274
-3790
-3738
-5290
-4885
-4773
-3510
96
1122
469
-1100
215
3027
5058
5625
3303
2069
4583
7653
10215
6325
3218
3624
5807
6261
4016
4363
2919
1742
608
1109
184
-2439
-3984
-3080
-1689
-3373
-5956
-6666
-5748
-7113
-7793
-6625
-6500
-7518
-8116
-7685
-4811
-4548
-6558
-8112
-6295
-2043
-1166
-2329
-3111
642
2260
1076
1768
4280
6409
5394
5202
7090
9413
9072
7558
7624
8273
9472
8179
7118
5596
5638
7818
4947
2697
1098
1358
645
-1537
138
-1334
-3174
-4899
-6074
-4011
-5438
-5021
-5266
-6188
-5546
-7113
-4851
-4735
-5112
-4058
-2878
-1543
-2205
-2956
-1949
200
1525
2651
1470
1895
3199
3823
4301
3632
4646
6283
4803
4145
4817
5060
5428
3194
3156
3633
2982
1603
172
687
540
-931
-3414
-3930
-4273
-2911
-3247
-5730
-4432
-5469
-5724
-7003
-6344
-3031
-4445
-4952
-6467
-4425
-1225
-242
1087
-1182
-556
1412
3989
7021
4243
3659
3221
5730
9207
7721
7728
4528
4355
5335
5553
6415
3903
763
713
2643
2405
-2105
-4707
-2332
-1708
-3271
-6402
-6898
-6567
-6475
-6548
-6698
-8128
-9349
-8932
-8253
-6918
-6183
-4887
-5642
-8515
-8040
-2827
-294
-1216
-3919
-627
3174
1985
1937
2990
6779
7680
6177
6701
8818
10166
10118
8532
9334
9408
8609
7777
6340
7921
7106
5284
3559
1505
1164
577
-134
-1016
-3261
-2809
-4172
-6362
-6507
-6277
-4608
-6004
-7581
-7074
-5394
-5697
-7446
-5909
-2418
-2874
-4540
-3168
-706
-94
-1396
95
2698
3829
1938
1413
3993
6378
5505
3679
4233
5627
6355
4815
3974
5281
5311
3981
2234
2973
3643
958
-485
-1171
686
-1198
-3564
-5154
-4516
-3990
-4930
-4478
-4708
-5049
-7794
-7489
-5809
-2615
-3729
-5735
-6627
-2814
1595
1207
-1678
-1941
2140
6356
6540
3535
4599
4001
6412
6491
9224
9554
5938
2969
2973
7922
7911
3433
-1276
1222
3861
2523
-3525
-4517
-2343
-2161
-4851
-7983
-6457
-5309
-6900
-8925
-7129
-7705
-8734
-10600
-8963
-6270
-5951
-5460
-6667
-7969
-6976
-3680
-841
-472
-2690
-625
2152
4038
3233
3160
6243
8506
8603
7245
7814
10887
12023
9475
7618
8723
11350
7853
5265
5837
8194
6511
1499
69
873
1393
-2319
-3514
-2280
-2792
-5949
-8020
-6600
-4953
-6022
-7498
-7963
-6227
-5803
-6504
-6160
-4689
-2991
-4260
-3269
-2116
-598
43
-178
1488
2567
2341
2343
3667
4817
4889
4819
5153
4828
4803
5434
5995
5170
4659
4361
4332
2894
1037
894
1163
658
-805
-1779
-3241
-4251
-4263
-3197
-3210
-4217
-6626
-6080
-4860
-3099
-4283
-6335
-5360
-5244
-712
-79
1308
-744
-2082
1606
4576
7348
4999
3107
4271
6459
8447
7696
6229
6571
4654
5064
4755
5531
4018
467
332
989
1438
-2339
-4979
-4687
-3235
-4581
-8079
-9096
-6824
-6664
-7873
-9222
-9094
-8834
-10470
-9294
-6769
-4669
-5631
-7422
-7741
-5285
-2932
-1944
-1816
-32
2279
2813
1853
2668
5433
7307
8456
6723
8341
9179
10533
10082
9166
10114
9127
8526
6818
6755
7303
7092
4520
1203
-333
1114
913
-1517
-3964
-3532
-2816
-4770
-7624
-7878
-4399
-5074
-6390
-7469
-5708
-4421
-6479
-6186
-4286
-1001
-1733
-4072
-2651
153
1423
3
287
3083
3894
2604
1956
3935
5525
3567
2761
5206
6236
4523
2773
3319
5332
4350
2248
975
1309
1658
-1232
-1693
-859
-708
-2873
-4223
-2649
-2033
-3237
-5359
-4252
-2274
-1574
-4203
-5210
-4905
-2278
1069
1756
1516
-1045
-261
1833
5282
6047
3865
2959
4041
6292
7872
6558
5789
3151
1333
3896
4734
4667
-604
-1895
-650
816
-757
-5528
-5642
-4535
-4655
-7515
-8935
-7394
-5796
-7230
-9908
-10024
-6518
-6766
-10085
-10158
-5379
-860
-3778
-7902
-6558
-1841
376
-1062
-673
2412
3469
3031
3167
4918
7792
7832
6478
6492
7751
10978
10788
8594
6886
6963
9441
8419
5428
4569
5745
5783
2292
-1855
-966
944
-247
-3487
-4688
-1909
-2330
-6628
-8221
-6381
-3059
-4333
-7279
-4970
-3364
-2826
-5519
-5552
-1914
-1418
-1674
-1613
1137
1866
-264
-424
1370
3035
3317
2629
3598
4277
2977
2015
2363
4003
3812
2320
1978
2956
3001
1089
-1125
206
869
-365
-1851
-2718
-499
-2529
-3258
-3440
-2111
-753
-3954
-2581
-1529
689
-744
-4212
-2436
-950
3125
2884
1733
2432
1743
4527
3602
4572
5460
3301
4490
3222
7053
7243
3988
2386
-452
3463
2285
1399
-481
-2788
-953
-2965
-3311
-4831
-5959
-5078
-6013
-7036
-8414
-8762
-6283
-6151
-7121
-8876
-8718
-6436
-7149
-7274
-5327
-1727
-990
-4512
-5728
-1747
1521
1183
-241
2096
5059
4715
3284
4121
6444
7209
6676
5459
7091
7947
8773
7628
5507
5548
5450
6236
4613
2891
3939
3777
2616
-1028
-3168
-951
-909
-1254
-3638
-2765
-1441
-4033
-5723
-6317
-3105
-1945
-3310
-3368
-2384
-1394
-2596
-3760
-2245
-898
25
100
475
1411
879
377
202
1032
1593
1840
2515
3338
2407
543
164
1427
2688
1794
883
1525
2074
1875
-454
-581
259
-101
-456
-1540
622
-495
-2144
-3493
-2280
285
-783
-950
-924
-425
-623
-1617
-1364
-866
-1885
4
1565
3843
3219
1279
-179
-21
2925
4114
4830
2534
2077
2878
3745
3127
2545
2385
1730
437
118
728
0
-686
-2251
-1933
-2264
-3501
-3740
-3815
-3603
-4746
-5829
-4386
-3236
-3242
-4843
-5739
-4788
-4141
-4476
-4126
-2345
-860
-634
-3000
-3198
-2316
-939
-117
-250
1161
1849
1513
689
370
1205
2717
2295
1973
2102
3006
3954
3081
2223
1818
2199
2549
1934
2239
4160
3943
2364
163
185
2376
2642
2271
1167
1469
2261
1423
619
-280
119
1501
1149
537
-115
210
-388
-2671
-2995
-1951
-477
-1139
-2182
-2020
-1236
-1568
-3645
-4323
-2547
-464
-279
-800
-507
55
-241
-703
-588
1234
2931
2868
2459
2665
2998
2716
2043
1874
2995
4173
3919
2732
2250
1767
1530
1385
1141
1182
1039
691
-452
-1170
-1678
-1874
-2087
-2890
-3138
-3454
-3885
-4710
-5338
-5002
-4821
-5004
-5351
-5652
-4633
-3346
-3038
-2979
-2895
-2136
-1054
-450
-124
492
1575
2616
2826
3179
3794
4153
4267
4131
4882
5443
5395
4515
3660
3630
3930
4218
3053
2039
1467
1721
1507
-5
-594
-1261
-1151
-1465
-2291
-2958
-3531
-3168
-3857
-4488
-4099
-3569
-3664
-4402
-4354
-3765
-3209
-2877
-3008
-2556
-1759
-828
-370
-612
-278
637
1491
1202
903
1899
3149
3331
3021
3203
3191
2940
2570
2465
2915
2855
2339
1911
1655
1473
1046
541
60
-486
-252
-71
-336
-790
-1559
-1487
-1054
-1389
-1608
-1205
-592
-361
-1252
-1125
-455
448
295
-341
625
1220
797
265
856
1140
1638
1656
1749
1532
1083
1281
720
834
907
698
752
389
-94
-350
-914
-530
-690
-943
-1180
-1500
-900
-1737
-2173
-2213
-2354
-2175
-2312
-2086
-1544
-1751
-2207
-2387
-1778
-942
-1081
-972
-501
110
254
-452
-27
1338
1793
1745
1612
2580
3190
2455
1859
1995
3352
3724
2738
2287
2116
2269
2011
1279
1156
1014
698
220
-362
-939
-900
-919
-886
-1612
-2288
-2007
-2079
-2315
-2858
-2744
-1998
-1623
-2183
-2345
-2526
-2035
-1852
-1904
-1041
-881
-600
-715
-852
-485
43
246
218
11
584
578
818
1396
1090
1216
718
1110
1377
1260
975
841
1358
1264
799
500
487
596
631
130
-367
-306
-89
-294
-337
-255
-301
-917
-868
-317
10
-16
-191
443
455
200
109
43
665
1089
1071
1099
635
706
855
1088
1302
1171
1187
604
163
-55
376
563
631
416
-201
-111
-545
-268
-687
-573
236
-596
-675
-1483
-733
-421
-1085
-630
-1538
-700
-563
-566
333
-411
-405
-963
-326
240
-141
562
-669
206
390
699
935
1271
1247
-636
455
162
2006
1475
681
716
271
1757
-234
247
1385
859
692
-1379
-641
536
-372
-197
-1155
321
-594
-2203
-1606
-1325
-223
-1847
-2905
-1892
-503
-712
-1483
-1778
-1521
-988
-2259
-2134
-730
1029
788
-1199
-390
-403
62
-97
-751
-44
521
812
814
1591
1793
865
642
1618
1291
927
1097
1758
2388
2074
1913
1546
340
400
201
1477
1900
845
182
-401
698
-1039
-1795
-1146
-1594
-1014
-788
-1590
-469
1256
508
-2397
-2430
-2084
-1666
-649
-1182
-919
1670
2647
-2742
-2574
-1592
-72
487
100
1299
-291
1736
-566
-1121
597
67
873
668
451
1916
3029
1865
-1068
-159
2961
810
-369
222
2900
3429
1010
55
557
466
-762
-865
500
2199
1054
-38
-2921
-2342
-131
1339
144
-2060
1078
-738
-1591
-2808
-1759
1332
-1573
-2255
-1663
1594
2214
-425
471
-886
-1813
-1258
-716
1664
1757
1242
472
1032
1522
1031
1845
1353
1200
1246
1262
1380
1232
1093
749
61
-433
-1470
-962
-1108
-1645
-1910
-3037
-3031
-3688
-3705
-2651
-1896
-2769
-3746
-3410
-2148
-2889
-2375
-1978
-1392
162
-470
797
1852
2052
1639
1491
2167
2998
3350
3782
3369
4026
4922
3875
2496
2267
2835
2986
2743
2489
3305
2467
688
-837
-20
-622
-677
-1164
-1914
-1903
-2681
-2761
-4427
-4911
-5415
-4189
-4028
-4424
-4835
-2901
-2026
-3605
-3616
-2883
355
-1935
-2712
-897
1358
2170
-83
1268
2666
3981
2026
1479
3681
2660
1252
880
2833
5143
3412
2740
1707
1999
1654
-970
2036
885
1096
103
178
2283
-1063
60
-810
130
-1007
-3066
-1379
-2779
-2704
-2247
-82
328
-805
357
2122
1671
84
495
2403
2770
2490
2373
3539
5429
4808
6110
5028
4959
4886
5743
7149
3621
1191
-1221
-1139
167
554
25
-1597
-3672
-6122
-7366
-8245
-9381
-10508
-11407
-9923
-8003
-8052
-7797
-8250
-7170
-7598
-9627
-7364
-4708
-1162
-4
-488
2838
3677
3289
2255
2719
6825
6921
5384
5142
7122
10702
8779
5455
5481
5957
6119
3582
2378
4300
4299
2837
333
576
1808
-59
-1563
-2587
-2006
-2108
-3801
-4417
-3670
-2279
-2394
-3692
-4130
-3739
-3345
-3288
-3590
-2140
-956
-191
-626
-1433
-503
17
408
66
-45
1177
1822
1354
1819
1780
1665
383
-547
473
1029
1969
1345
1312
1312
680
-146
-23
1051
1048
1298
779
1389
1477
742
715
976
1828
866
-216
-61
54
-256
-1226
-957
-1502
-2754
-3273
-4044
-2614
-2398
-2010
459
1560
2730
899
1299
3687
3224
3215
-38
1801
4809
7278
9516
7962
8950
8114
8547
7201
4315
1819
-1390
-1078
-1018
-406
218
-1536
-2288
-5809
-7694
-9639
-13254
-13941
-14560
-11077
-10748
-11857
-10784
-7590
-3369
-5878
-9564
-9150
-5237
-2296
-2440
-974
3517
5583
5176
4352
6327
9907
7721
4837
4172
6270
8130
4803
4844
7317
8602
6965
1811
2671
4527
2564
-716
-3343
-718
-119
-2319
-1362
700
2215
-907
-4685
-4329
-3577
-3564
-4493
-3821
-1860
-1281
-1457
-512
698
1091
113
-982
-798
-1349
-719
151
1681
2904
2000
2429
2652
2025
1562
1117
883
-442
-1860
-1001
939
2785
2501
1756
2197
1349
-170
-841
513
1852
1081
-32
569
1728
2602
1600
1374
2116
906
-484
-2226
-999
-151
-494
-1184
-2114
-1846
-3075
-3942
-4490
-4714
-5284
-5747
-5304
-3830
-1927
-503
283
577
1298
2865
3413
2987
685
954
3702
5586
7586
6550
8790
10364
11372
10368
6890
4519
793
-904
-2532
-2882
-2596
-2841
-2671
-3775
-4583
-5311
-8397
-10308
-12497
-12312
-12253
-13737
-11207
-6923
-2161
-2642
-5037
-2512
1629
2117
248
-433
3673
5225
2235
3040
6474
11374
9410
4910
5436
6155
5656
1639
515
2979
1676
-599
-2063
802
4424
2076
-954
-2557
-2126
-2493
-4976
-3529
-1012
-982
-3195
-4820
-2332
-425
-334
-601
-570
-761
-2326
-2771
-735
714
276
-463
-156
1452
1928
2115
3087
3453
1838
-192
-553
1398
2547
1947
2466
3206
3141
2140
1635
2995
3365
1163
18
-387
1065
1245
558
2620
3122
2543
260
-584
1089
924
-713
-1497
-994
209
-500
-1265
-372
-168
-403
-1945
-2152
-2595
-3115
-3692
-3782
-4702
-6094
-5648
-5308
-4041
-4589
-3029
-1797
-924
-1342
-390
2797
3613
3187
838
1962
2851
4032
5885
6732
7587
7722
7953
9811
8248
5938
3406
771
-83
-3796
-3310
-2905
-3289
-4738
-6812
-4985
-4547
-6862
-8286
-8555
-7639
-9480
-11716
-7783
-4216
-2473
-4502
-3788
1877
3766
3859
3443
4791
6540
3038
1470
2772
4923
6730
3557
3402
4678
5020
4853
2650
2704
2512
-754
-2704
-2716
-435
421
-2509
-1972
-588
-106
-1900
-2830
-263
-300
-3488
-5674
-3715
-1410
-1790
-2549
-411
743
-728
-1566
549
2698
771
-1661
-1140
1232
1181
502
1926
3625
3399
1831
2347
4322
3998
2769
2108
2409
2039
536
1625
2746
2654
703
13
1844
2155
898
-447
158
585
-1096
-2420
-755
1643
1075
-1602
-2020
0
1151
57
-1040
-125
508
-509
-1821
-1344
-248
-1163
-2684
-3076
-2954
-2863
-3843
-4079
-4152
-5140
-4587
-4152
-3074
-3272
-3085
-951
385
2132
2566
3980
3435
1948
1894
3606
5886
4455
3874
5624
7954
7995
5803
5468
5101
2039
-1051
-3236
-2173
-2823
-5609
-6146
-5991
-5136
-6266
-7045
-6206
-5865
-6731
-7391
-7362
-4922
-3215
-3439
-3462
-2696
1192
3047
4113
4977
6196
6982
4905
4225
5113
6268
4814
2455
2269
2571
2035
1481
2196
2685
761
-1303
-914
61
-522
-2654
-3512
-2462
-2510
-3379
-2579
-715
805
-559
-1988
-835
471
1268
-397
-1119
-604
-482
-90
136
1791
2480
1633
1191
1662
2075
1279
876
715
237
-339
-432
1176
1088
102
326
1434
2220
287
31
1192
714
-901
-2037
-362
672
-438
-732
535
1658
886
-94
450
1269
-2
-1038
-237
696
928
221
700
1331
957
136
-377
-481
-757
-1760
-2294
-2166
-2112
-2318
-2969
-3183
-3325
-3509
-4239
-4049
-4571
-4295
-4061
-3587
-1756
-907
1498
2903
3906
4145
3761
4035
4474
4572
4965
5211
4666
4887
5473
7271
7210
5359
3161
1457
849
-256
-2381
-3795
-5120
-6266
-7317
-7776
-6418
-6435
-6182
-6880
-6396
-5469
-4844
-3221
-2758
-2417
-3211
-2525
-131
2312
3504
4065
4439
5256
5728
5265
5898
5544
4688
2430
527
1418
2270
2076
522
-472
58
-162
-536
121
589
44
-1671
-2616
-1394
-1112
-1721
-1819
-1878
-1712
-2187
-1093
756
1044
398
139
939
1169
563
76
394
-152
-1095
-1063
443
2295
2200
687
319
1075
1689
888
-373
465
440
-183
-1351
-526
1417
888
-8
-430
501
390
-548
-483
36
52
-325
-397
450
446
13
-316
-226
264
100
616
787
1366
1040
665
576
712
554
-439
-910
-1229
-1007
-1411
-1226
-952
-868
-1288
-1313
-773
-1377
-2338
-2802
-2548
-2853
-3724
-3486
-2274
-1597
-1662
-797
1152
1991
1911
2014
3299
3364
2375
2242
2743
2831
2353
2644
4074
4669
4037
4070
3493
3109
1774
1055
400
-1553
-2531
-3347
-4109
-4938
-5084
-4260
-4389
-5708
-4771
-3000
-2285
-2773
-2577
-710
-740
-1811
-1770
-382
528
58
524
2132
3213
3747
3973
4630
4399
3699
3189
2206
1795
903
305
-489
-968
-366
-250
-98
-19
297
-121
-1089
-1084
-608
-1217
-2450
-2193
-1597
-1623
-2283
-1897
-572
-452
-905
-460
519
802
299
400
1073
1035
973
564
474
372
504
646
349
270
651
1264
1015
1078
1230
1307
734
2
71
-122
-331
-615
-486
70
-14
492
894
1104
1356
1096
1327
791
303
66
-211
-233
-166
268
713
786
640
830
1111
1144
461
-29
-325
-639
-1293
-1803
-1777
-1781
-1876
-2175
-1776
-1723
-1944
-2073
-1875
-2376
-3291
-3847
-3273
-2794
-3784
-3464
-2383
-456
-306
201
2212
3543
3850
2865
3737
4719
4741
4210
3808
4539
4554
4223
4523
4131
3871
2763
1976
1359
-528
-1500
-2532
-3241
-4183
-5048
-4476
-4395
-5143
-4734
-3998
-3160
-3382
-3496
-1789
-1708
-1687
-1596
-178
1217
518
1304
2370
3292
3051
2529
3389
3156
2461
2384
2509
2474
1288
802
1133
173
-786
-1508
-1309
-1476
-2949
-3213
-2848
-2229
-2226
-2690
-2277
-1922
-1679
-1737
-1685
-1191
-937
-730
-621
-141
467
710
1200
1574
1839
2216
2600
2968
2637
2174
2591
2906
2590
1569
1253
1724
1132
267
-58
535
601
-152
-521
-198
33
-435
-795
-925
-773
-921
-946
-387
147
456
700
818
1106
1057
986
1099
891
1016
882
937
957
578
465
369
48
-422
-1100
-1117
-1177
-1458
-1499
-1524
-1430
-1904
-2092
-2389
-2085
-2684
-2904
-3286
-3386
-2920
-3486
-2542
-2621
-1292
-1365
-988
-200
238
1533
1046
2110
2225
2937
3105
3404
4300
4269
4037
4007
3930
3980
3399
2705
2715
1509
1229
27
420
274
-500
-659
-939
-532
-1544
-2240
-2181
-2218
-3197
-3719
-3720
-2445
-2949
-3056
-2363
-1899
-903
-1593
-353
-37
-276
-358
-535
467
177
-45
348
589
834
359
267
918
944
691
94
2
207
-436
-952
-1485
-1364
-1247
-1915
-1705
-1241
-433
-555
-811
31
508
730
532
866
1214
850
875
1453
1832
1880
1559
2162
2516
2201
2104
2047
2565
2074
1784
1721
1341
684
-100
-235
-468
-973
-1379
-1023
-504
-376
-669
-267
526
610
270
187
487
568
79
-441
-346
28
482
584
755
1117
1527
1427
993
747
753
603
-163
-607
-964
-1037
-1077
-1050
-851
-1128
-1163
-907
-1020
-1590
-1882
-1727
-1932
-2889
-3144
-2512
-2369
-2844
-3089
-2093
-1706
-2098
-2096
-1403
-730
-1022
-544
450
1036
1032
1506
2491
2869
2621
2662
3234
3290
3068
3147
3648
3436
2993
2939
3126
2788
2035
1750
1637
1053
11
-511
-691
-1288
-2489
-3368
-3743
-3832
-4439
-4628
-4512
-4378
-4085
-4039
-3240
-2911
-2494
-1973
-1596
-995
-716
-55
570
891
1517
1948
2435
2714
2602
2652
2438
2313
2165
2060
1829
1463
1188
943
619
120
-268
-405
-564
-916
-1114
-1118
-776
-545
-426
-148
236
576
627
598
665
592
524
555
839
1221
1147
1422
1663
1743
1751
1465
1577
1248
645
287
111
274
33
-136
-124
-154
-45
-125
-103
-85
-172
-251
-524
-647
-501
-251
-194
-268
-83
1
89
120
320
496
260
58
39
226
175
-50
-265
-306
-417
-624
-858
-1113
-1299
-1564
-1547
-1818
-2078
-2275
-2188
-1947
-2096
-2042
-1961
-1592
-1660
-1560
-1324
-1109
-964
-1169
-891
-880
-546
-373
65
589
896
1431
1631
2132
2393
2610
2722
2674
2691
2555
2398
2307
2189
2072
1733
1430
1354
1073
715
122
-212
-404
-601
-758
-795
-1033
-1525
-1884
-2131
-2122
-2556
-2705
-2570
-2372
-2141
-1772
-847
-240
55
216
549
668
480
396
507
491
145
109
411
674
595
664
1018
1207
915
569
588
604
266
-310
-499
-388
-346
-527
-668
-495
-331
-151
50
450
851
922
1103
1243
1445
1311
1255
1345
1187
994
784
968
865
623
489
555
411
83
175
419
382
-48
-302
-222
-160
-376
-572
-496
-526
-794
-886
-766
-314
-173
-266
-259
5
433
461
327
294
507
587
436
391
610
536
270
-104
-95
-127
-496
-592
-681
-773
-1164
-1255
-1122
-1101
-1344
-1522
-1495
-1773
-2169
-2412
-2179
-1996
-2055
-1905
-1578
-1134
-932
-617
-9
347
338
118
277
453
347
42
80
422
580
574
602
1081
1560
1746
1673
1698
1785
1688
1326
1036
904
816
771
645
691
787
1009
1149
994
883
850
743
283
-264
-362
-331
-622
-1140
-1202
-972
-1103
-1393
-1264
-778
-672
-898
-857
-377
-222
-469
-398
-159
-63
-298
-307
-39
-99
-191
-189
169
418
351
442
520
447
245
198
341
283
74
129
266
348
344
624
1028
967
672
695
1068
1015
595
501
772
765
337
184
463
517
-1
-262
8
51
-298
-529
-249
-124
-265
-329
-63
72
-112
-55
79
181
2
45
269
376
437
518
522
310
208
284
335
141
47
54
-13
-307
-571
-653
-971
-1326
-1521
-1624
-1797
-2016
-1878
-1538
-1352
-1230
-1038
-942
-998
-1019
-865
-762
-964
-1060
-989
-770
-569
-409
-32
149
155
225
399
556
439
385
415
381
325
319
425
407
314
377
515
607
593
584
704
795
931
1075
1155
1034
1030
1087
1078
994
873
1016
1110
1096
893
813
812
727
615
421
293
230
51
-149
-148
15
24
-169
-235
-158
-242
-606
-702
-613
-724
-1128
-1242
-855
-656
-850
-881
-531
-254
-373
-618
-420
-127
-157
-491
-465
17
380
347
255
572
949
845
548
691
927
680
108
18
155
-53
-433
-543
-520
-796
-975
-717
-429
-606
-716
-376
-38
-256
-490
-224
-24
-163
-353
-46
312
305
359
610
944
1023
1005
1180
1246
1097
876
718
635
471
369
338
269
217
112
-1
-86
-229
-449
-674
-837
-979
-1111
-1156
-1153
-1102
-1065
-1013
-905
-771
-623
-411
-184
-73
-106
-146
-41
-79
-50
-24
-14
-44
-167
-109
26
167
144
151
216
296
207
165
209
234
228
80
34
62
169
199
166
99
136
93
-19
-169
-290
-232
-334
-416
-320
-22
148
103
101
278
420
341
340
400
460
476
515
610
689
869
1163
1119
870
827
1014
1024
512
276
357
233
-322
-530
-241
-209
-551
-735
-448
-383
-398
-393
-229
-265
-423
-380
-423
-620
-792
-662
-682
-942
-1023
-633
-410
-485
-486
-152
48
-152
-254
-257
-317
-535
-560
-610
-742
-659
-357
-126
-174
-62
378
593
433
406
747
925
698
658
911
1046
908
922
1064
1119
1120
1123
1084
923
829
818
729
461
334
415
329
-50
-215
-58
-77
-402
-549
-314
-230
-479
-635
-427
-375
-536
-661
-539
-386
-525
-468
-312
-212
-341
-424
-292
-385
-582
-651
-572
-543
-595
-559
-445
-393
-348
-303
-249
-337
-398
-362
-459
-593
-607
-421
-411
-493
-433
-178
-25
-33
28
125
224
134
125
186
151
57
108
291
309
335
556
735
623
544
775
991
809
493
455
579
486
228
282
510
516
366
383
565
555
441
447
493
308
11
-50
28
-97
-334
-326
-243
-265
-323
-151
25
-51
-174
-165
-106
-312
-445
-396
-413
-590
-713
-569
-484
-588
-660
-496
-385
-460
-498
-335
-179
-243
-259
-132
10
-57
-62
124
210
126
117
364
498
348
284
475
570
474
419
604
755
654
597
717
834
724
582
579
553
375
249
233
270
224
145
164
194
198
75
74
13
-76
-137
-215
-268
-347
-298
-283
-264
-312
-198
-66
-56
-106
-200
-174
-206
-301
-518
-641
-635
-658
-828
-899
-783
-689
-733
-822
-784
-675
-593
-705
-737
-683
-588
-600
-552
-442
-368
-215
-182
-86
22
173
259
278
296
338
388
324
292
283
280
198
206
299
331
316
325
455
527
484
417
471
499
386
269
269
344
281
249
240
274
271
223
244
260
301
216
116
118
142
42
-30
-21
-6
-31
-66
19
151
209
162
190
332
414
361
363
396
405
354
356
364
324
288
173
173
111
53
23
-39
-118
-280
-392
-506
-569
-634
-701
-784
-822
-762
-708
-673
-627
-445
-303
-247
-185
11
258
309
314
335
445
457
344
344
407
387
294
224
187
180
129
119
64
51
34
-16
-3
-57
-62
-82
-121
-114
-94
-109
-110
-124
-116
-85
-68
-70
-100
-55
-89
-88
-175
-303
-336
-396
-482
-600
-616
-628
-617
-617
-541
-446
-413
-369
-243
-139
-171
-102
-22
15
-54
-47
61
155
193
164
224
254
244
226
256
197
108
23
-56
-136
-204
-177
-210
-223
-288
-278
-188
-149
-101
-10
162
209
236
322
408
453
420
449
525
508
469
494
512
553
539
549
531
483
522
455
338
236
231
235
178
156
211
247
224
244
298
361
314
311
370
381
351
300
259
194
139
7
-109
-187
-252
-316
-459
-493
-499
-558
-592
-559
-493
-519
-564
-562
-522
-513
-506
-479
-457
-432
-354
-231
-153
-94
-36
51
121
138
160
208
205
154
117
124
130
82
57
22
25
35
15
53
73
50
40
22
-15
-27
-81
-152
-213
-296
-325
-299
-290
-284
-291
-264
-215
-177
-87
-105
-128
-113
-149
-130
-151
-151
-79
-78
-124
-88
-7
27
30
88
197
217
177
178
188
219
148
13
-38
-79
-80
-164
-271
-287
-280
-263
-285
-263
-218
-223
-279
-253
-189
-145
-112
-96
28
127
189
249
311
390
454
535
603
687
687
669
695
721
699
638
661
624
527
417
352
361
285
190
187
189
163
106
74
126
105
64
-29
-121
-48
-35
-56
-18
49
119
117
113
143
168
165
148
92
11
-60
-67
-72
-170
-257
-331
-367
-455
-512
-532
-579
-615
-688
-686
-692
-674
-650
-646
-607
-570
-475
-382
-315
-219
-87
-16
18
123
208
279
276
276
335
337
319
281
252
203
132
56
10
-31
-79
-138
-190
-195
-227
-250
-291
-347
-397
-382
-347
-372
-373
-348
-275
-210
-202
-132
-10
66
102
167
250
266
282
314
333
310
256
260
218
173
149
124
137
94
85
100
94
44
20
63
53
9
-35
-36
18
18
-31
-4
56
106
138
142
186
233
250
238
232
272
275
275
259
244
284
284
282
274
279
275
243
197
155
125
104
88
34
9
-17
-26
-37
-41
-76
-76
-52
-92
-94
-101
-95
-117
-115
-101
-87
-68
-101
-114
-111
-51
-29
-37
-37
-43
-21
-59
-73
-38
-35
-23
-31
-60
-38
-25
-111
-162
-141
-168
-212
-275
-309
-332
-326
-295
-288
-225
-181
-152
-93
-64
-44
-13
-11
-4
1
8
26
34
69
67
79
123
133
100
105
107
70
13
-39
-88
-185
-227
-277
-303
-297
-310
-324
-278
-252
-265
-240
-254
-212
-198
-191
-190
-150
-82
1
61
93
212
282
337
395
433
421
401
392
366
283
209
171
162
155
104
118
143
155
125
144
141
97
66
40
61
64
41
39
82
76
84
99
107
123
141
164
187
213
221
178
114
110
92
21
-49
-69
-41
-50
-87
-54
-73
-108
-107
-107
-103
-135
-124
-123
-126
-143
-141
-117
-108
-85
-91
-53
-48
-24
-4
16
28
8
62
53
34
31
31
25
3
-2
-6
-16
-46
-39
4
2
-35
-18
-22
-22
-30
-22
-1
-17
-26
-44
-31
-58
-79
-96
-105
-95
-66
-16
-35
-48
-52
-30
-8
-53
-85
-55
-25
-46
-58
-59
-65
-47
-39
-24
-34
-17
-4
-30
-32
-76
-84
-123
-163
-169
-174
-179
-158
-139
-152
-127
-116
-119
-130
-101
-62
-35
-27
-27
31
79
70
105
177
217
237
265
289
249
231
249
238
185
145
162
181
115
39
37
42
38
-4
8
47
53
44
-4
-4
9
1
-7
-36
-8
27
36
18
-10
31
59
42
58
116
148
135
104
111
112
85
57
6
-18
-25
-49
-101
-118
-122
-164
-142
-113
-97
-48
-66
-83
-60
-60
-51
-73
-54
-1
19
6
22
72
52
63
92
133
116
92
116
146
114
50
76
46
9
-45
-8
-17
-86
-60
-93
-88
-131
-114
-87
-145
-107
-75
-67
-70
-64
-33
-37
-81
-67
12
30
1
-14
29
54
19
-1
4
35
30
20
-30
-53
-48
-107
-128
-149
-160
-146
-144
-142
-171
-144
-124
-135
-73
-48
-48
-35
-21
-31
-22
-13
-5
33
41
70
93
110
101
100
117
95
80
92
87
59
68
72
35
22
22
12
0
-19
11
15
10
6
-4
18
-4
-25
-23
1
8
19
10
10
14
25
20
24
47
26
31
33
55
51
67
62
62
81
101
146
118
109
75
63
50
28
33
44
60
66
64
34
47
9
-6
24
27
21
-5
-8
-29
-7
-41
-55
12
-3
-3
3
3
-13
-34
-26
-38
-31
-32
-53
-29
-3
18
7
-24
-7
-3
-6
-37
-38
-35
-70
-70
-72
-92
-68
-29
-7
13
11
20
16
5
2
-1
-28
-34
-4
-26
-44
-43
-20
-35
-74
-54
-32
-44
-60
-51
-61
-51
-76
-120
-111
-87
-56
-63
-79
-71
-47
-46
-35
-3
17
45
28
17
25
23
-7
-14
-7
-20
2
3
-3
-5
11
15
-8
-3
-5
-1
10
-10
-28
-34
-20
-28
-28
-16
-30
16
33
35
19
20
24
0
49
43
51
52
26
31
24
36
10
16
41
38
77
72
75
73
73
85
102
151
137
134
120
105
83
91
88
77
82
47
47
34
37
15
0
0
-4
-13
-42
-42
-45
-38
-34
-47
-33
-2
-3
13
19
19
40
48
37
27
41
16
5
7
2
28
25
5
-16
-35
-51
-42
-41
-52
-54
-71
-70
-65
-42
-36
-43
-11
-12
-10
-9
-13
10
5
-6
-14
-6
-23
-35
-33
-60
-84
-98
-85
-110
-121
-106
-102
-88
-92
-84
-82
-94
-79
-79
-79
-60
-53
-70
-47
15
22
28
15
36
61
46
39
45
77
50
21
27
31
20
-17
-11
2
-26
-42
-41
-59
-79
-56
-51
-76
-24
-11
-22
-19
-37
-37
-51
-49
-43
-6
-10
-12
10
4
6
24
63
52
85
76
81
97
76
82
79
87
78
92
93
104
117
112
96
78
72
62
77
57
35
46
36
33
40
41
34
56
83
74
72
79
109
108
119
122
118
107
96
94
89
105
79
73
34
9
-23
-42
-47
-77
-53
-82
-110
-125
-118
-110
-99
-102
-74
-49
-65
-17
-25
9
28
3
22
31
26
11
31
33
0
-1
-7
-51
-38
-66
-79
-87
-101
-135
-194
-171
-204
-221
-212
-202
-192
-218
-211
-173
-151
-145
-113
-88
-60
-49
-25
-1
-6
18
13
9
10
23
25
16
25
7
18
4
-7
-10
-49
-62
-79
-86
-93
-79
-84
-90
-45
-31
-30
-19
25
41
69
132
151
167
180
175
165
183
215
202
205
189
148
146
113
106
111
113
103
88
79
42
40
68
59
16
30
32
5
7
14
32
41
37
57
57
58
60
51
74
86
92
57
63
69
32
42
22
2
-6
2
6
-1
13
11
21
26
51
25
25
21
-19
0
-31
-23
-16
-16
-19
-29
-17
-40
-81
-67
-61
-85
-82
-125
-120
-119
-127
-134
-131
-94
-110
-146
-161
-167
-149
-141
-142
-112
-116
-127
-145
-138
-113
-92
-92
-100
-104
-86
-65
-56
-50
-71
-76
-97
-63
-51
-37
-14
-7
9
-28
-7
10
-7
13
31
39
56
66
60
60
88
93
104
100
82
97
64
60
64
78
86
61
71
72
45
38
37
53
62
48
49
47
69
73
88
71
70
74
50
65
85
98
99
106
96
81
67
60
75
87
47
32
41
22
14
0
-1
0
-4
-15
5
0
-1
3
-16
9
-4
-11
-17
7
29
22
26
12
17
3
-2
9
10
13
8
-18
-43
-35
-26
-28
-42
-36
-35
-54
-44
-39
-31
-20
-23
-19
-28
-40
-28
-26
-10
-11
-19
-28
-44
-19
-28
-36
-30
-50
-78
-88
-69
-74
-84
-88
-98
-108
-112
-113
-100
-96
-109
-100
-95
-69
-74
-82
-63
-59
-16
-7
-12
-6
3
-4
-10
-4
-2
40
22
1
22
5
-6
-1
8
0
9
24
12
1
27
35
37
70
64
69
81
59
36
25
35
59
70
69
68
77
104
78
63
84
67
54
60
61
71
84
64
49
38
12
15
10
-7
-8
1
15
20
11
33
27
40
51
26
34
18
22
31
45
27
22
32
7
22
-15
-14
-3
-22
-3
16
7
-6
-1
9
16
5
17
16
16
-3
-34
-22
-10
-16
-31
-28
-27
-17
-34
-63
-48
-36
-60
-89
-70
-79
-85
-66
-75
-63
-28
-22
-15
-10
-20
-8
10
3
-7
6
-7
-17
-17
-26
-46
-41
-10
-31
-25
-25
-48
-69
-82
-59
-66
-60
-67
-50
-42
-51
-11
2
5
25
43
30
15
16
7
-3
18
37
42
21
8
10
4
-18
-30
-24
-4
-3
-22
-29
-55
-23
-45
-57
-37
-35
-14
-24
12
4
11
24
37
38
51
102
88
102
98
117
117
102
116
101
104
92
116
89
73
124
103
74
72
60
34
39
38
30
25
7
-12
-19
-25
-38
-22
-32
-34
-35
-23
-31
-34
-32
-27
-12
-21
-4
-10
-1
-19
-8
-15
-25
-31
-56
-55
-67
-59
-69
-51
-47
-20
-20
-20
-26
-50
-40
-50
-45
-31
-14
-14
0
-19
-18
0
1
-9
0
18
1
25
37
52
39
29
32
21
15
0
14
18
5
-9
-19
-26
-27
-25
-33
-35
-42
-36
-44
-45
-29
-31
-20
-41
-48
-44
-49
-60
-57
-33
-29
-9
10
6
14
37
44
49
66
63
62
60
53
54
41
8
-9
-18
-42
-40
-34
-26
-48
-67
-50
-40
-51
-60
-44
-56
-38
-20
-3
23
16
35
51
60
67
85
97
86
102
81
84
72
45
68
72
75
62
48
18
16
27
-2
-7
-7
2
0
-7
-19
-44
-44
-48
-47
-15
3
-1
0
10
-1
0
12
20
30
45
67
45
28
25
31
21
0
7
7
-5
-7
-10
-50
-68
-67
-51
-61
-61
-34
-51
-63
-60
-72
-56
-33
-48
-36
-32
-23
-22
-22
-39
-57
-19
0
5
15
41
30
25
38
48
33
24
26
21
33
22
42
29
16
17
16
1
-7
3
-4
-1
-13
-8
-22
-16
-9
-14
-28
-29
-13
-20
-19
-23
0
4
-2
19
19
10
-4
-30
-30
-9
7
7
4
5
-6
-8
-19
-9
-22
-21
-32
-29
-2
-22
-12
-23
-23
-17
-12
-14
-16
13
7
0
4
11
7
0
1
6
24
41
27
28
37
18
14
32
36
24
37
41
43
32
26
25
25
30
19
10
-19
13
2
-23
12
-8
-7
-13
-7
-3
-7
-3
-19
-13
-10
-9
-27
-10
-7
-7
12
4
4
7
13
15
37
26
41
61
48
41
40
23
8
7
3
21
4
2
-5
-8
-2
-16
-13
-10
1
5
1
-1
-4
-3
-16
-26
-19
-10
-16
-15
-13
-22
-25
-36
-35
-26
-22
-22
-21
-39
-39
-7
-13
-23
1
4
-6
-13
-19
-33
-31
-6
-10
-7
-4
-13
-14
-9
-23
-3
2
-14
-7
-13
4
3
-14
-26
-13
-7
-19
-12
15
13
-4
6
14
23
42
35
6
7
-6
-6
11
22
23
19
10
9
16
13
23
13
18
0
-4
0
-22
-32
-30
-4
-1
-6
0
-1
-6
-1
-3
10
19
19
19
-9
1
11
-17
-14
8
0
8
15
18
27
29
26
12
18
14
4
16
10
-13
-12
-10
-15
-13
-1
11
48
65
20
19
19
12
12
14
11
6
30
26
26
10
3
19
20
39
41
31
32
24
13
-1
-3
2
0
3
-24
-21
-28
-31
-18
-26
-4
0
-6
3
-3
-19
-20
-44
-48
-33
-41
-39
-44
-42
-58
-38
-28
-26
-19
-43
-20
-4
-3
-25
-33
-12
-1
-13
-10
6
15
6
-5
9
4
0
9
35
12
0
-3
5
-6
-21
-12
-25
7
32
29
16
1
0
22
14
10
10
5
17
3
3
-2
-22
-24
-28
-39
-27
-3
0
-4
-6
-6
-24
-51
-22
-35
-23
-2
-25
-28
-57
-30
-34
-31
-26
-13
5
-18
22
19
15
29
23
12
18
29
21
42
60
56
64
62
66
51
42
53
29
48
39
41
35
18
19
9
54
47
57
51
64
93
57
67
63
60
40
38
22
11
20
-8
-5
17
17
0
8
-5
15
3
-23
-19
-24
-14
-22
-27
-48
-54
-50
-53
-66
-64
-68
-72
-70
-83
-91
-67
-51
-63
-51
-41
-38
-36
-58
-61
-41
-54
-58
-54
-47
-29
-34
-52
-37
-6
5
10
11
10
0
6
-8
-3
20
28
26
19
31
38
31
48
42
34
40
14
7
4
5
2
28
27
-5
-3
17
13
5
19
6
19
15
2
-6
-11
-13
-29
-27
-18
-7
-10
-10
1
-16
-19
-11
-1
9
7
35
39
34
29
20
9
-13
0
16
25
31
37
25
6
-11
-9
3
0
28
46
46
55
32
19
25
33
37
6
26
33
35
36
6
16
19
21
-6
-12
5
-7
-7
-10
-17
-10
3
16
0
-25
-20
-6
1
-3
-9
-10
-7
-3
-4
-6
6
7
-1
-9
-18
-13
-16
-6
-20
-14
2
-32
-26
-20
-23
-19
-9
-7
1
1
-20
-32
-29
-10
-6
1
-2
-18
-9
-4
-16
-27
5
-6
-6
25
-6
-6
-9
-25
-40
-48
-48
-46
-43
-51
-38
-26
-45
-59
-27
-27
-29
-23
-31
-28
-20
-16
-15
5
-2
3
1
4
23
21
12
3
12
13
26
40
19
-8
12
8
10
28
21
29
35
39
19
19
12
16
6
22
63
40
46
39
42
43
39
48
38
45
43
41
35
22
13
3
-3
1
-5
-6
-9
-13
-10
-6
6
-7
-19
-1
17
9
20
38
45
38
30
20
13
21
28
34
15
19
13
1
-4
12
29
-1
5
-3
-19
-17
-13
-26
-32
-10
-3
-27
-31
-29
-24
-11
-13
0
-10
-27
-35
-37
-47
-33
-45
-51
-38
-46
-26
-42
-39
-45
-57
-46
-52
-44
-41
-22
-16
-16
-14
-42
-55
-63
-59
-32
-25
-13
-7
-9
-3
-7
7
-10
-12
12
-2
10
18
-1
-9
2
12
22
24
49
50
20
29
18
33
42
33
29
30
29
25
40
39
29
19
25
12
19
17
19
4
1
22
-7
8
6
9
-3
-4
8
18
20
16
25
12
32
32
43
34
28
35
24
19
20
13
13
25
12
5
0
15
6
-4
10
25
21
-4
-9
-19
-27
0
-5
-5
-3
-1
18
-6
-10
-9
-16
-22
-23
-14
-10
-6
-7
-8
-18
-16
-13
-25
-25
-18
-25
-27
-39
-29
-36
-27
-2
-3
3
-7
-10
-21
-13
-33
-35
-6
-10
-13
-19
-23
-15
-6
-7
-21
-19
7
9
2
-12
6
-1
-10
17
10
-3
3
-6
-10
12
14
7
-6
-9
-13
-16
-9
-4
-10
-12
-4
-26
-25
-48
-33
-4
-18
6
9
7
13
9
3
10
-5
-1
0
2
16
19
30
18
15
10
34
38
28
35
37
50
44
59
67
46
38
12
28
26
8
24
17
34
43
29
41
30
4
6
-8
-19
-28
-4
-17
-28
-12
-32
-31
-28
-16
-27
-13
2
-5
-8
-6
-3
-25
-22
-14
-6
2
4
9
11
12
31
38
0
-11
-5
-23
-22
-26
-19
-3
6
3
-16
5
-6
-6
-15
-22
-15
-32
-19
-10
16
8
-18
-15
3
9
3
13
12
5
3
2
1
-9
-20
-8
-23
-27
-19
-4
-15
-27
-10
-27
-31
-34
-20
-18
-25
-15
-6
-1
-13
10
11
-17
-1
4
-1
7
20
23
28
32
8
-1
6
18
31
18
13
8
6
21
8
0
-2
5
-3
3
3
-3
8
12
16
24
22
40
30
1
26
14
0
-11
1
4
11
2
-19
-1
-13
-17
-25
0
0
-9
-5
-15
-12
1
10
13
28
7
-7
-13
-34
-22
-10
-12
19
2
1
19
3
8
1
-2
-21
-6
9
12
23
33
15
0
4
-5
19
-3
-3
6
8
23
4
-4
-7
-8
-9
-1
-5
-3
3
1
-11
-16
-23
-41
-38
-26
-13
-11
-1
-6
0
0
-9
-7
-5
3
17
24
10
10
0
-6
-1
21
30
15
7
-3
-3
-4
3
2
0
-8
-20
-3
-2
-4
4
6
7
1
7
22
21
18
9
-3
-5
16
14
1
0
-8
-10
-13
-9
-18
-32
-47
-38
-41
-36
-7
-16
-14
-2
-9
-23
-5
10
3
7
-2
-6
9
1
-2
7
1
0
9
25
3
1
19
11
-1
7
-3
-9
-1
-27
-3
12
9
3
4
9
-13
4
6
8
29
37
32
1
15
19
13
16
18
17
17
6
-3
13
5
15
18
-7
0
8
-6
2
0
-3
-7
-11
-16
-20
-6
-10
1
2
6
7
-3
-1
-3
5
13
9
19
32
42
24
9
27
3
3
-1
-1
14
1
10
14
-10
-17
-15
-25
-48
-43
-26
-22
4
-8
-9
-11
-18
-20
-38
-19
-20
-13
-3
9
35
27
12
-10
-6
-3
-17
-28
-8
6
-9
4
4
4
-3
-3
-10
-24
-26
-25
-25
-21
-14
-15
-10
-27
-20
-18
-10
-2
-24
-1
24
29
23
13
10
9
4
16
32
19
8
20
3
-12
-5
-3
5
14
25
21
30
33
17
8
13
16
19
20
3
6
0
1
14
35
33
-4
9
-1
-2
9
12
10
6
3
-10
-20
-39
-30
-23
-29
-29
-9
-10
-3
4
-10
-17
-22
-3
-22
-3
1
-13
12
0
0
11
10
3
19
12
-2
0
12
36
33
39
15
3
0
0
0
-13
13
8
1
2
-1
-4
-17
-12
-12
-17
-12
-22
-13
6
0
-10
-26
-4
0
-9
15
12
0
22
24
2
11
16
13
6
13
12
10
30
13
8
9
-7
-13
-27
-34
-22
-12
-29
-22
-1
-6
-23
-37
-34
-33
-17
-6
13
5
-9
12
4
0
-1
11
6
-13
-9
-4
0
-18
-6
0
0
1
-9
-12
-22
-10
3
7
-11
-9
12
-7
-1
8
-7
6
0
0
2
-4
4
-2
0
10
20
23
11
2
10
2
-6
-1
-2
7
4
0
2
13
3
-10
-10
4
17
0
4
-1
-4
26
17
-3
-3
-4
7
14
9
-1
-3
-5
1
32
35
26
22
14
17
13
12
24
4
0
-1
4
32
18
5
7
16
19
22
19
8
11
-4
-3
-7
-4
-5
-13
6
0
-4
-9
-9
-16
-22
10
1
-9
-4
-12
-13
-5
-12
-5
-14
-25
-5
-12
4
-6
0
-7
-24
-26
-34
-31
-48
-31
-5
-27
-35
-8
-32
-25
-31
-17
-25
-25
8
-20
-4
-4
9
1
-7
3
15
-3
-12
6
3
9
-2
16
6
0
7
10
18
1
1
-4
-10
10
16
0
3
-8
-6
8
-5
9
15
-1
7
10
12
9
2
-3
-7
-4
13
29
17
20
19
16
23
13
12
22
29
21
7
19
17
-4
13
42
32
25
33
13
5
9
2
-15
-10
-6
-4
-7
-12
-6
-12
-16
-9
3
-7
-16
-11
-6
0
-1
-7
-9
-18
0
1
0
10
-4
0
-12
1
4
2
17
19
9
1
28
34
6
-1
1
-5
-6
-16
-20
-32
-20
-6
-2
-13
-16
3
15
12
0
14
2
3
22
7
-9
-3
-10
-33
-16
1
-10
-14
-4
-17
-17
-6
-18
-18
-35
-16
-8
-36
-18
-19
-16
-19
-13
-7
-7
-16
-25
-25
-37
-3
-16
-7
12
2
13
-6
-15
-8
-7
-8
-4
-4
2
-8
-10
11
5
-3
10
4
22
36
13
6
-1
8
10
28
13
1
16
-1
14
13
1
10
11
8
7
20
21
13
10
-1
17
25
11
13
19
35
38
48
34
30
50
59
53
51
70
32
22
24
24
32
16
14
-10
5
1
-18
-2
-16
-31
-20
-15
-12
2
-3
-16
-35
-35
-22
-19
-34
-45
-36
-32
-29
-30
-29
-19
-26
-41
-39
-36
-32
-49
-47
-22
-26
-29
-22
-26
-25
-10
-24
-9
8
9
8
7
6
-16
-15
0
3
6
17
3
10
13
18
24
29
37
19
11
19
27
12
16
0
5
6
9
10
-10
-14
-28
-19
-14
-17
-11
-9
-7
14
13
5
-17
-4
0
-16
1
4
12
11
6
7
10
15
15
1
-6
3
1
0
0
-10
-6
-3
6
19
22
15
0
0
0
4
16
29
9
20
21
17
13
7
14
1
-3
-19
8
1
6
16
0
-4
-13
4
1
-1
-1
17
5
4
10
-4
-13
-25
-3
-3
0
1
-9
-7
-9
-15
20
23
10
9
0
10
-15
6
13
3
19
19
22
13
14
-6
-11
3
-3
-20
-26
-32
-24
-25
-27
-25
-10
2
-18
-20
-15
-7
-22
-13
-13
-25
12
4
-6
10
14
17
17
16
3
14
-4
-15
-4
-6
15
3
1
-23
-26
-20
-35
-16
-18
-22
-20
-24
-28
1
-20
-16
-7
-12
-13
-5
13
-4
20
10
3
0
-14
-6
-2
-5
8
19
16
38
57
62
29
24
33
24
19
17
6
8
19
28
37
22
9
10
-1
-18
-2
6
3
4
3
-4
-28
-30
-28
-11
1
9
13
1
7
-12
0
-14
-28
-6
-9
8
-5
14
20
23
29
9
0
-10
3
-13
-10
-15
-12
-6
-28
-37
-33
-10
4
0
6
0
2
6
-10
-4
-7
-24
-25
-8
-17
-7
19
26
22
18
19
22
19
16
22
19
23
3
4
22
24
10
10
12
9
5
-12
-19
-24
-6
-11
-16
4
9
18
19
-3
-5
-11
-3
25
3
1
-3
-16
-19
-26
-17
-31
-23
-18
-19
-21
-29
-25
-25
-19
-29
-20
-12
-29
-46
-34
-19
-6
-3
-24
-10
-11
-16
-6
-3
-9
-5
-7
-6
14
23
16
25
21
-7
24
25
12
19
10
15
25
39
25
19
39
39
36
35
6
2
19
17
36
37
26
21
13
2
6
23
13
-4
3
10
20
18
3
-7
0
22
-2
0
2
-5
-5
-18
4
5
-3
-22
-24
-15
-24
-19
-15
-12
-24
-12
-9
-35
-8
-9
-26
7
1
1
2
-3
-9
-15
-2
-3
0
9
19
-1
-22
-6
-13
-10
0
0
-8
-24
-22
-10
-12
-4
6
-5
-14
-7
-10
-21
-17
-31
-15
-12
1
0
-5
-7
-26
1
-3
9
12
21
13
6
16
1
-9
-2
6
4
17
20
24
16
31
35
19
22
19
21
22
22
27
21
-9
-6
2
-13
-19
-10
1
-20
-9
5
-4
-22
-31
-15
0
5
3
2
-2
-2
0
9
1
-1
10
4
8
17
36
31
4
9
23
6
10
16
6
7
13
12
-13
-3
0
-14
-30
-41
-31
-40
-20
-32
-44
-24
-38
-35
-12
-14
-16
-5
8
4
12
27
13
32
19
10
35
19
8
28
36
25
20
15
16
13
2
-3
3
2
13
36
21
3
3
-22
-29
-27
-25
-13
-25
-47
-57
-28
-25
-33
-23
-32
-29
-22
-27
-35
-20
-12
-2
-1
5
22
28
51
42
27
38
37
31
39
49
38
32
23
-3
-3
7
-17
-20
-3
6
8
-4
-3
-16
-12
-9
-29
-27
-31
-43
-37
-22
-28
-33
-20
-10
0
-3
-7
16
16
25
37
22
23
16
31
42
11
26
28
-4
0
-3
-2
-7
-9
5
-4
6
21
5
-12
-15
-22
-33
-17
-6
-20
-6
6
9
6
13
11
4
9
-2
10
21
10
-1
13
11
4
-7
-16
-5
1
3
-2
6
4
-1
-7
3
3
-4
-9
0
3
-11
-1
2
2
-9
1
-6
-12
-16
-19
-20
-38
-27
-16
-3
-3
-17
-29
-37
-29
7
-3
-8
0
-15
-17
-23
-4
9
11
7
12
18
20
20
12
24
27
21
44
22
27
50
22
31
41
46
40
23
14
10
-1
-4
6
26
7
-11
3
-6
-16
-22
8
9
-14
6
-4
-7
3
-12
-16
-19
-16
-10
-13
-28
-10
-20
-37
-27
-35
-4
-23
-26
-25
-44
-30
-22
-24
-10
9
-4
2
-7
-1
0
-2
7
2
7
-3
-1
2
12
23
13
13
12
35
40
19
26
27
22
20
19
13
16
21
2
-14
-3
2
-3
5
-6
-17
-20
-23
-26
-28
-18
-13
-18
-16
-22
-6
-11
-20
-4
-9
17
7
-6
8
5
12
10
31
31
32
31
14
10
3
17
30
24
16
26
12
-4
-1
-1
5
-14
-7
0
-14
3
3
-3
-22
-24
13
-1
0
17
11
9
9
1
4
8
-6
3
1
3
9
3
-25
-44
-26
-14
-7
-31
-32
-34
-47
-27
-21
-29
-26
1
0
-3
6
12
16
1
-3
4
15
-22
2
18
-3
24
25
6
-3
7
5
8
-2
12
28
10
7
14
23
4
-5
10
20
6
3
-3
-3
-1
-6
1
9
25
3
-7
-12
6
5
-17
-1
-2
-10
-30
-20
-22
-16
-16
-10
-6
-9
2
-11
6
3
6
-6
-18
-7
-13
8
10
7
14
-5
1
-3
1
5
2
10
-3
1
-8
-1
15
-5
6
0
4
16
-13
-2
4
3
8
19
28
25
6
-6
4
-4
-3
-19
-10
17
6
1
-1
-2
-14
-7
-11
-10
11
-7
1
-6
-9
10
11
26
20
14
20
21
32
28
16
19
23
14
6
15
10
4
0
6
-1
-4
-10
-28
-15
-28
-31
-25
-22
-26
-22
-17
-10
3
-15
3
7
-9
-3
7
-7
-6
10
12
-6
0
12
-5
-4
-8
-6
-28
-31
-33
-16
-20
-36
-24
-66
-49
-48
-55
-31
-38
-25
-21
-20
-14
0
4
9
27
16
29
32
30
45
28
39
38
23
29
20
16
40
61
55
46
32
15
33
31
27
32
3
-6
-19
-4
-2
-9
16
3
-1
5
0
0
10
9
3
7
16
23
8
-7
-8
-6
1
2
19
26
14
11
-3
5
1
-6
-5
-13
-1
-16
-12
-10
-12
-20
-45
-33
-35
-19
-26
-22
-12
-28
-24
-23
-11
-35
-30
-27
-30
-6
-4
3
-7
-10
0
-8
-13
-10
-13
3
-7
-22
-19
-11
9
-2
-4
0
-10
-12
-1
7
6
9
1
7
10
14
26
6
36
54
44
50
22
28
37
43
29
27
34
11
13
-6
3
-3
-2
-2
-16
-1
-7
-12
-16
-1
-1
9
14
2
4
-4
-11
0
2
-1
-6
-28
-11
-7
-4
-12
-15
-18
-54
-24
-19
-2
-10
-21
-7
-30
-1
-4
-4
13
9
6
-4
6
16
28
13
3
1
-2
0
-3
0
6
21
20
6
-1
-3
6
-7
-9
5
12
16
6
6
5
3
4
15
24
28
31
13
6
17
23
22
14
11
2
-9
-9
-13
-17
-12
-20
-25
-31
-41
-27
-31
-29
-44
-31
-16
-48
-32
-22
-5
6
-4
-6
-2
9
3
3
11
28
37
22
27
20
26
13
18
10
-6
12
-32
-39
-18
-13
-14
-10
-4
0
4
-4
-26
-10
8
-24
-2
0
10
32
32
37
19
31
22
3
9
3
1
3
0
15
16
-3
-5
8
5
-1
-1
-14
-13
-10
-24
-27
-10
-12
-28
-24
-24
11
28
26
29
19
19
2
27
19
24
46
19
29
14
9
11
1
4
-6
-7
-18
-26
-26
-35
-31
-25
-35
-38
-49
-43
-16
-37
-18
-1
-9
5
-18
-15
-13
-16
-3
-16
-1
9
19
25
-7
0
5
12
26
22
25
16
39
46
33
36
23
5
10
24
19
35
27
10
10
9
2
-13
-9
-3
10
20
16
16
-16
-28
-28
-37
-28
-32
-20
-28
-24
-18
-23
-5
-23
-22
-11
-19
-32
-31
-12
-8
7
13
-5
-12
4
-12
-11
11
19
16
-7
17
21
12
12
12
10
-7
-9
16
32
21
25
5
3
28
17
3
6
24
5
-3
0
-10
9
9
-3
-17
-23
-22
-11
4
-16
-11
6
-11
-15
6
-6
-7
12
25
18
13
16
0
0
17
7
4
19
6
6
7
7
0
5
15
3
0
3
14
3
-3
-10
-10
-5
-14
-35
-35
-25
-32
-23
-31
-22
-21
-17
-10
-25
-17
-8
-28
-43
-44
-32
-25
-8
3
-18
-5
6
-2
-3
-2
1
10
18
24
31
27
32
34
28
31
40
31
25
40
38
26
27
13
24
42
25
14
3
10
7
-1
-7
-13
-3
5
3
-7
-6
-19
-28
-8
-7
-12
9
12
5
11
0
-10
-19
-17
5
-13
-2
-4
-20
-6
-13
2
2
12
12
-5
-13
-10
-12
-10
1
4
-1
-10
-7
-4
2
-20
-10
0
-20
-6
4
-5
-17
-19
-18
-18
-6
-6
-1
1
-5
8
-1
2
-2
0
-6
-20
4
8
12
0
-2
0
-2
1
-6
-1
15
14
-9
-27
-31
-9
-8
-4
-2
8
12
7
19
6
4
1
12
13
12
21
13
16
9
-5
10
11
-12
-3
8
12
17
0
-4
-2
-12
-9
10
21
15
10
-4
-6
10
-3
4
26
15
-2
-5
3
12
3
6
16
-4
4
-2
0
3
-9
4
-12
-23
-20
-24
-6
-4
-15
-7
-6
-3
5
10
3
0
10
6
-7
4
10
13
3
10
15
2
17
7
3
-9
-10
-10
-2
6
-1
-13
-24
-10
-15
-10
-15
-19
0
2
-9
-21
-12
5
-9
-1
-7
-10
9
-7
0
-4
7
15
15
15
-7
6
1
-16
-19
-2
25
14
32
25
-15
16
10
-10
1
1
-9
1
-12
-19
-1
3
3
-6
6
-7
-16
-24
-27
-17
-19
-25
-33
-30
-27
-16
-21
-9
-10
-6
5
13
13
-13
6
0
3
14
9
18
16
23
32
32
44
46
48
55
26
35
35
24
19
-1
10
25
43
43
35
32
45
18
5
19
19
22
34
13
-7
2
-13
3
-3
-9
-12
-37
-30
-32
-41
-33
-35
-51
-48
-38
-41
-63
-77
-58
-48
-59
-40
-29
-27
-28
-27
-21
-9
6
6
-1
-20
-16
-14
7
5
-3
20
-1
-3
-1
2
18
14
26
17
7
23
24
28
28
37
18
27
49
12
30
19
7
0
7
17
12
16
5
13
0
10
-5
-6
-13
-16
2
-6
-4
-3
-1
6
9
0
11
-1
11
7
-10
6
3
-2
-1
10
9
-7
-8
-1
-17
-4
14
-1
-1
5
10
10
10
10
11
20
23
5
4
-5
-10
0
2
-4
-3
-1
-3
-18
-25
-13
-15
-6
-12
-19
0
-20
-25
-35
-41
-16
-22
-9
-8
-6
-5
-19
-28
-19
-1
-9
4
16
21
12
8
0
4
23
35
44
40
38
4
4
26
11
18
25
13
7
14
12
-7
-14
-9
-38
-34
-15
-52
-45
-20
4
-6
-22
0
-3
-7
-5
1
-3
6
14
22
16
5
6
-1
-10
-21
-1
21
3
-5
7
-6
-5
-6
-1
19
20
2
0
6
9
21
10
10
9
24
22
6
4
12
11
10
2
10
13
-15
3
-13
-19
-27
-28
-27
-44
-32
-24
-4
-15
-31
-19
-11
-14
-6
-2
4
3
4
6
1
7
-15
2
19
15
22
21
25
25
31
32
19
19
21
17
9
-3
-12
-3
26
10
6
11
19
12
-3
15
18
2
-16
-12
-30
-25
-13
-21
-19
-15
-26
-23
-40
-30
-11
-37
-31
-31
-23
-29
-25
-24
-14
4
-1
3
-10
-13
-13
-21
-15
-12
-10
9
0
9
9
14
11
-7
10
17
26
38
30
26
34
23
30
37
31
32
36
45
18
14
25
7
23
33
