9
8
-7
-11
10
-6
-2
7
5
16
54
64
29
34
-4
4
22
-13
6
10
29
3
-9
5
3
18
8
6
-7
0
7
-13
-9
15
2
-21
0
5
0
-9
-26
-24
-13
26
38
41
37
18
15
-18
-22
-28
-16
-10
-28
-10
-28
-48
-60
-76
-73
-80
-49
1
-1
-12
-6
-10
-15
-24
-40
-13
6
27
40
-4
13
12
-9
-7
-11
24
39
39
50
27
-17
-10
5
-10
-11
-9
-5
7
-34
-77
-26
15
-6
-3
19
53
51
0
-15
-18
23
46
49
21
12
25
-19
-7
2
3
12
17
1
-23
-27
-1
-22
-46
-23
1
44
-3
37
46
21
49
23
54
48
42
54
40
12
12
18
28
22
-20
-3
12
15
9
31
15
-7
19
2
13
9
19
6
-24
-8
-29
-47
-44
-52
-50
-13
-6
-7
-18
-35
-31
-15
-18
-37
-39
-26
-33
-43
-52
-51
-26
-39
-24
-36
-41
-7
-21
-50
-42
-3
-12
-36
-23
-6
-28
-3
27
19
10
5
5
1
16
11
22
34
40
18
-5
19
-1
-9
6
12
44
40
35
48
46
49
41
45
55
32
16
75
68
17
13
21
29
0
9
22
18
19
4
-4
-59
-28
16
16
47
22
18
-28
-35
-2
-31
-13
-2
-6
-30
-54
-40
-38
-53
-51
-53
-48
-37
-35
-47
-32
-20
-35
-35
-25
-13
12
25
0
18
40
51
44
26
34
-9
-21
21
16
23
25
6
25
22
20
5
25
61
43
26
-10
17
16
2
7
-1
1
-46
-43
-51
-54
-6
-15
-24
-19
-17
-28
-23
-24
-45
-31
-20
-6
-20
-28
-27
-35
-2
35
50
53
48
35
36
10
6
12
-20
-28
-20
-4
-5
10
24
-9
-37
-22
4
3
-11
-24
-31
-12
-6
7
-17
-30
-1
7
36
33
45
34
12
19
37
50
63
60
31
25
-5
29
22
-29
4
0
7
24
12
13
26
11
-7
-20
-36
-15
-1
15
16
-3
-12
-5
-26
-32
-38
-63
-55
-40
-9
-4
-1
-14
-53
-38
-18
-32
-24
7
3
-7
-19
-41
-25
-6
-22
4
10
-13
-4
13
24
12
-8
10
40
33
-1
-1
15
19
27
9
28
39
62
50
19
43
19
36
39
23
25
11
6
7
7
18
10
25
16
-18
-3
-9
-30
-46
-44
-35
-19
-25
-43
-43
-37
-48
-41
-29
-32
1
6
16
13
-36
-42
-22
-27
-19
-10
-24
-28
-6
-3
1
9
-9
10
19
17
25
10
15
38
20
12
4
-6
-7
-21
28
35
19
8
-14
22
31
26
32
52
46
50
28
17
36
7
41
23
2
-22
-50
-28
-25
-16
-12
-1
-26
-59
-47
-25
-44
-51
-31
-3
15
19
17
-5
2
-28
-35
-9
14
45
48
54
25
23
7
0
31
40
54
25
51
57
30
9
-22
22
-32
-66
-38
-54
-32
-22
-21
-29
-23
4
4
-3
-7
-4
0
9
26
18
19
-6
-19
1
-13
-37
-32
15
-26
-51
-33
-38
-16
-22
-26
-64
-57
-23
-7
7
-6
13
-9
-28
14
-3
-3
-3
-4
45
36
19
-13
-49
-29
-40
-48
-24
-2
16
2
4
31
48
48
51
60
52
76
54
62
121
98
54
20
34
53
35
27
-6
-4
3
-6
-1
-10
6
3
3
-24
-45
-41
-20
-21
-44
-4
-20
7
-10
-48
-14
-28
-15
7
25
6
-43
-57
-20
18
-1
-19
-28
-19
-13
-18
13
8
-6
0
-3
0
-15
-31
-15
-8
-16
4
6
0
12
2
10
12
-12
-2
23
32
5
-3
-1
2
12
-25
-23
-9
-3
-6
-33
-18
13
19
13
-7
-10
-10
-4
25
18
17
19
9
-19
-6
-4
-13
-13
-13
-11
-37
3
-1
-16
-11
-14
-10
-21
2
-16
-5
26
22
23
23
19
-14
-23
-14
-6
20
41
39
44
55
61
47
21
9
4
30
40
22
10
4
0
0
-9
-7
-37
-47
1
-8
-4
-6
0
19
12
39
12
-7
-13
-6
12
23
29
-29
-10
-6
-30
-21
-34
-7
-3
-10
6
-13
9
42
30
19
-12
-15
-11
-35
-18
33
23
-5
-7
-16
-19
-21
-18
0
-38
-55
-34
-26
3
0
-21
-14
-6
-15
13
21
10
-10
-29
-19
-9
23
-2
-3
12
12
-9
4
14
-8
14
13
31
9
6
22
16
-31
-14
4
-35
-16
-47
0
3
14
41
-7
25
32
18
1
-4
-4
1
10
-7
-17
-11
-15
-16
-3
-4
-1
6
4
-10
-29
-37
-10
-15
-9
11
16
45
11
30
54
24
31
31
45
61
63
42
28
3
0
16
9
25
-3
-21
-29
-30
-18
-15
35
42
3
-17
-15
-3
-12
-34
-22
7
1
-25
-44
-50
-39
-17
-3
4
2
2
-14
-23
-29
-41
-23
1
-1
-6
8
10
22
35
41
39
43
39
11
21
9
0
27
33
41
-7
-25
-12
-8
-40
-60
-14
-13
-17
-16
-9
0
-19
-38
-42
-45
-25
-69
-85
-50
-41
-46
-29
-18
-40
-17
-22
-1
-5
15
41
19
13
16
-6
-18
-3
-25
1
38
21
-4
8
26
63
57
32
50
87
104
67
24
22
21
27
45
41
63
38
37
38
38
12
13
45
32
38
25
9
-33
-52
-60
-60
-63
-36
-21
-17
-26
-35
-29
-56
-28
-40
-37
-27
-30
-26
-22
-2
22
21
-12
-1
34
51
16
10
29
34
13
-20
-20
-20
-12
-6
-17
-16
-1
-5
-6
-18
-35
-17
-3
9
28
20
-3
13
3
6
10
-18
-32
-60
-59
-51
-16
-6
-17
33
23
-31
-26
9
11
-26
-12
32
-18
-23
-17
-20
13
1
15
38
47
5
-1
7
-23
16
3
-12
-7
1
3
-36
3
16
40
74
31
20
24
28
26
42
38
74
85
10
-1
-27
-25
-24
-21
3
-1
-2
-20
-34
-33
-17
-19
-17
-16
-24
-31
-48
-51
-20
16
9
26
35
22
12
-4
-22
-12
39
54
54
41
24
11
1
-12
-2
40
31
18
10
6
5
-1
-7
-15
-34
-23
-29
-62
-27
-12
-7
-5
-4
1
-14
-21
-33
-19
-28
-7
15
-10
-2
-19
-31
-31
-50
-41
-29
-24
-3
-20
12
28
35
40
28
52
11
29
47
44
34
20
25
24
29
7
15
11
16
-12
7
42
3
-4
0
-10
-34
-29
-16
-22
-12
7
-33
-53
-12
-10
-29
-20
-12
-3
-2
-21
-41
-18
-15
-13
-1
-13
5
-13
-28
-29
-10
1
12
11
-4
8
14
32
12
10
26
43
31
4
45
80
70
20
32
44
9
7
-6
6
19
19
20
8
1
10
2
-27
-44
-29
-26
-15
-11
-28
-16
-9
4
3
-3
-7
-6
-1
-19
-22
2
-13
-32
-38
-38
-23
-24
-43
-35
3
-9
20
-6
-7
20
-3
22
32
38
39
30
11
20
16
9
7
10
40
60
32
-1
-6
14
13
-3
-18
-29
-10
-17
-25
-32
15
10
-27
-51
-58
-50
-68
-41
-41
-21
1
-10
-13
-16
-7
12
13
26
2
15
60
66
50
29
12
20
25
-11
5
-4
12
9
0
19
37
54
23
7
24
21
8
24
-11
-12
2
-22
-58
-51
-44
-34
-36
-54
-35
-29
8
7
9
-1
12
-27
-58
-31
-24
-14
-31
-25
-18
-20
-7
-1
-32
-12
-14
14
67
66
63
31
26
19
-1
1
4
5
32
42
38
12
10
20
31
67
45
21
16
26
13
-3
32
32
4
9
36
27
13
25
11
-1
23
21
8
-15
-27
-38
-50
-37
-61
-67
-46
-42
-63
-64
-61
-62
-57
-65
-74
-39
4
4
-15
-49
-7
-7
-7
20
16
32
24
4
-18
13
24
30
27
34
67
48
17
-27
-34
-10
8
6
-1
-11
13
15
-6
34
49
57
58
23
-7
22
20
-20
-4
-5
-1
16
11
25
29
22
15
0
-22
-44
-16
-3
-7
-7
1
28
8
-7
-19
-45
-5
9
-1
12
0
-14
-32
-23
-41
-39
-13
-17
-15
-7
-16
-24
-22
-14
2
-13
5
-10
-30
-9
13
-8
-9
12
19
37
7
8
4
-10
-1
8
21
9
0
16
25
18
0
3
25
23
45
39
37
28
19
14
8
24
6
5
13
31
-17
-43
-8
-25
-28
-13
14
5
-10
-1
3
24
22
4
-7
-6
18
-10
-12
11
-3
7
-22
-47
-38
-9
-2
10
44
32
-3
2
-22
-50
-15
-29
-39
-52
-60
-51
-60
-63
-48
-52
-53
-20
-15
-23
-13
-16
-27
-5
0
21
51
42
40
11
-8
29
45
26
50
61
41
41
6
4
13
44
46
9
63
68
56
47
34
32
9
-10
-21
16
48
32
3
-11
-14
-7
-5
-10
-19
-6
-6
-14
-6
-10
-29
-53
-60
-47
-21
-22
-23
-42
-28
-7
-16
13
3
12
28
5
3
5
-13
-18
7
48
40
33
15
-25
-12
-31
-15
-1
22
26
3
-13
-16
3
-25
-20
-24
-6
0
-3
-21
-50
-59
-56
-6
-3
-22
-16
-21
-4
16
-6
-6
-19
6
6
18
41
2
38
24
6
35
53
59
44
40
4
-22
-16
-25
-20
-16
20
18
-26
-11
-1
4
-7
-10
16
39
37
20
9
30
41
25
16
13
28
31
20
-5
-3
21
-3
-24
-29
-33
-19
-4
6
-40
-15
23
-2
-46
-43
8
-16
-29
-35
-33
-5
-20
-62
-58
-24
0
-14
-10
26
12
-16
-11
-10
39
56
28
37
0
5
25
53
63
42
31
37
49
32
25
19
26
28
17
-3
-7
-21
-18
-28
-62
-62
-58
-69
-71
-64
-54
-21
-25
-55
-41
-12
-5
-25
-12
41
48
45
35
0
-6
5
-15
15
21
7
29
-1
-25
-25
-19
-9
35
31
-13
-19
3
22
10
13
7
-6
0
-1
-19
-8
-3
14
15
5
-2
16
13
-3
2
-6
10
-12
4
10
34
34
38
21
-16
37
34
-5
-14
6
28
18
16
49
27
32
22
-7
8
8
6
13
15
16
27
3
-23
-26
9
3
8
13
1
-2
-20
-25
-38
-17
-10
-27
-37
-32
-32
-39
-75
-76
-41
-49
-49
-47
-26
-40
-34
-25
-23
16
9
-9
-9
-1
-13
-20
1
27
41
17
-15
-8
-7
3
16
38
54
50
47
27
5
17
50
35
40
34
14
-3
-6
-16
-10
17
0
18
0
-19
-23
-24
-7
29
43
20
13
21
2
-15
14
17
4
-1
-1
-35
-42
-19
-46
-54
-29
-10
-23
-23
-1
11
28
22
-4
-10
16
18
9
42
35
41
40
20
32
-5
4
4
-34
-35
-13
-3
-2
-5
-21
-9
-7
-9
-13
3
28
24
19
34
35
45
53
55
15
-2
13
12
13
-23
-15
-23
-13
-50
-59
-66
-75
-33
-56
-23
-18
1
-7
-20
-7
-28
-41
-26
14
-2
12
18
3
2
-5
-15
-38
-47
-9
-4
-25
-14
-16
23
22
22
24
7
19
7
-12
17
40
19
42
41
21
21
37
1
1
32
-9
-24
-26
19
54
35
17
3
-6
-7
2
7
27
41
60
41
23
35
4
-17
-41
-22
13
9
9
-4
-5
-22
-41
-38
-49
-58
-35
-2
-18
-9
22
7
-19
1
29
7
-16
-38
-51
-32
-16
-21
22
10
-32
-31
-24
1
-21
2
34
20
41
16
-13
-4
-9
11
6
0
24
27
-4
-5
2
-2
13
0
-13
-25
-39
-32
-10
-18
24
48
-7
-16
-12
19
22
6
26
44
55
30
19
39
41
16
31
34
32
46
15
-10
3
14
10
15
-11
-14
-3
-29
-22
-40
-40
-32
-48
-49
-64
-51
-33
-13
-25
4
60
23
-2
-16
-8
17
16
37
35
6
0
6
-7
-19
-29
-20
3
-38
-21
-21
-56
-19
-13
-24
-17
-1
-11
-29
-34
-26
-2
19
29
15
16
32
28
1
-9
-17
-8
-1
0
6
-13
-8
13
-7
-18
19
-3
15
42
39
72
58
39
25
28
19
30
31
32
28
1
-4
1
12
-3
-18
-24
-8
-10
-23
-36
-10
29
23
-21
-16
18
33
15
-20
-22
-16
20
17
8
1
22
30
-1
-9
7
16
4
-22
-1
37
30
17
-19
-18
-26
-3
19
8
-8
16
12
-31
-30
-49
-24
8
8
1
-16
-52
-51
-39
-39
-51
-25
-3
-15
-38
-25
-14
-61
-32
-18
-48
-86
-46
3
-11
-35
6
9
-24
-27
-37
19
36
47
44
18
-2
12
18
15
38
45
17
-2
38
39
24
-8
-12
31
28
41
34
13
36
6
20
43
25
50
67
52
60
67
44
47
58
65
18
-9
34
48
15
-15
-29
-14
26
13
-20
-40
-9
-5
-42
-61
-40
-18
-28
-70
-81
-31
-39
-40
-32
-4
-2
-25
-52
-47
-17
-57
-92
-72
-38
-50
-61
-71
-27
-17
-27
-12
23
65
33
16
1
13
47
38
-16
-9
31
22
-15
13
70
88
16
-22
28
54
83
46
24
19
52
25
-37
-5
22
-7
-44
-38
9
24
-11
13
49
55
-18
-49
29
77
28
-27
-19
42
12
-53
-53
-44
-11
-39
-47
-63
-32
-41
-79
-66
-37
14
3
-21
-32
-3
14
9
-10
55
80
16
6
45
85
37
14
8
7
26
-2
-24
15
25
-32
-66
-36
-12
-28
-56
-50
-22
10
20
8
19
30
34
-6
15
48
51
43
7
27
49
41
5
2
32
37
-9
-18
31
49
6
-38
-38
-15
-20
-48
-14
23
59
32
4
-9
11
18
-37
-39
-1
18
-35
-38
-39
-39
-51
-79
-82
-44
23
-10
-14
-7
-11
-12
-47
-33
-37
-38
-45
-54
-17
4
10
8
39
69
27
11
41
56
45
7
3
28
41
2
10
49
64
54
10
16
-16
-19
-16
-4
23
29
54
15
-6
13
13
-15
-10
-3
-7
3
-47
-63
-53
-42
-21
-33
-52
-41
-11
-27
6
24
7
10
9
49
31
25
30
56
77
36
20
44
35
-9
-19
1
38
36
45
30
1
-6
-36
-65
-59
-15
-13
-31
-9
0
-12
-49
-59
-30
-29
3
9
-1
-5
-6
-38
-67
-20
-21
-36
-35
-33
-15
19
12
-15
2
26
26
19
38
21
21
25
21
10
-4
-10
-27
-23
-16
21
26
2
8
-7
-5
6
21
25
-3
-3
6
28
37
24
14
38
52
0
0
13
16
-12
-25
-17
-3
18
18
5
-13
13
-15
-6
8
-13
9
23
6
-19
8
-22
-43
-18
-8
-5
-14
-35
-31
-32
-10
18
-10
-9
-7
-1
-13
2
2
13
16
-16
-13
-24
-1
-1
-4
-4
6
15
32
35
26
35
3
-6
-3
8
5
-15
-16
19
25
7
-32
-65
-18
6
33
33
0
-13
4
3
11
6
4
9
-8
20
34
34
11
29
18
29
51
32
16
-6
5
9
19
-7
-7
-25
-37
-40
-26
-34
-68
-56
-84
-67
-44
-27
-25
-54
-51
-47
-67
-39
9
-7
-37
-18
25
22
15
31
49
79
72
37
19
28
44
23
17
25
33
2
-3
28
27
27
-20
-22
13
29
27
6
22
0
-22
12
-10
-19
8
-6
-22
-4
22
-7
-10
3
19
50
32
14
-11
-5
13
-19
-24
2
22
30
0
-18
-2
17
-8
-12
-25
-19
-2
-15
12
-18
-20
6
13
-6
-19
-15
6
-21
-47
17
47
28
-56
-60
-22
-7
-53
-64
0
10
0
-44
-15
-8
0
-16
-51
-14
20
15
-5
22
31
3
-13
-18
3
47
48
16
-12
-22
3
7
4
3
-7
18
16
7
-12
-2
24
2
10
13
-13
10
35
35
29
38
44
14
17
6
14
13
-7
29
45
2
-6
28
32
0
-22
-37
-35
-1
-19
-71
-94
-33
5
-28
-39
7
-6
-52
-47
-39
21
10
-7
-11
2
5
-34
-35
-27
18
35
17
0
34
31
-3
7
39
76
57
28
32
48
44
22
21
32
45
17
0
-18
-19
0
2
26
3
20
4
9
5
-58
-53
-29
-11
-28
-17
-21
-23
-29
-37
-25
-14
-39
-84
-55
9
28
-16
7
17
19
-7
-38
-11
-15
-2
-22
-18
20
13
0
-29
-22
9
53
-7
-56
9
51
60
-25
-20
25
22
-13
-50
-17
28
39
-3
19
75
57
-28
-54
-21
18
-1
-17
-25
30
62
8
-32
-56
-12
-8
0
-62
-30
47
41
31
2
23
51
57
22
44
67
86
28
-6
23
7
3
-21
-25
-8
-2
-31
-32
-28
14
20
-7
-10
-7
20
7
-4
6
34
34
12
0
-5
-7
-8
-25
-22
-1
-41
-81
-63
-37
6
-26
-74
-38
-27
-15
-58
-72
-32
-36
-50
-70
-55
11
30
-14
-27
-22
44
42
-23
13
71
72
28
29
42
60
62
47
60
79
71
91
105
64
53
54
12
-43
-45
-23
2
-15
-43
-39
-39
-21
-15
0
-1
-11
-17
-13
-10
-35
-40
-49
-26
-41
-57
-71
-63
-10
-19
-29
-18
11
-5
-15
-50
-44
9
35
21
-16
-4
21
24
-16
-7
56
103
53
32
31
62
97
9
-22
30
51
0
-16
-21
8
25
-31
-29
-6
21
43
-10
-32
11
32
31
19
-7
10
24
-1
34
-5
-40
-15
-5
-14
-22
-9
-21
-25
-66
-56
-41
-16
0
-16
-6
0
-4
1
9
15
18
9
26
4
-17
-13
-23
-8
0
-34
-70
-65
-2
-6
3
17
31
40
-17
-7
-6
70
78
13
-12
15
70
18
-3
-40
3
47
24
-25
-34
27
-13
-31
-70
-15
56
9
-12
-38
-11
-16
-38
-25
1
5
-19
-27
11
24
-5
-1
-26
18
31
18
26
-23
1
-14
17
52
20
-1
-42
26
19
-3
42
23
59
50
14
-41
-46
32
33
52
73
23
26
6
-25
37
-9
-5
-26
-69
-6
-22
-7
-44
20
-3
-40
21
-76
-28
-61
-54
-17
-12
-5
-54
6
-50
7
2
-13
7
9
50
-30
28
42
38
-20
-10
34
-14
-16
-2
69
3
31
-4
13
13
-39
-9
-91
43
-28
7
20
-19
52
-66
17
-59
16
-2
-16
32
-58
38
-71
9
-36
-13
11
-24
75
-33
58
-29
35
-12
7
63
-41
110
-24
98
-32
30
39
-79
53
-126
72
-65
73
35
1
127
-41
164
-94
75
-47
10
53
-151
230
-177
205
-77
37
109
-304
326
-517
405
-271
-35
295
-537
663
-733
548
-393
-39
286
-781
830
-930
568
-181
-203
459
-543
610
-556
342
-40
-262
432
-421
395
-139
-35
220
-264
249
-176
105
-17
35
120
-73
183
-107
122
-48
82
-100
68
-3
-90
171
-216
156
-132
5
55
-100
126
-103
134
-3
-80
105
-94
74
21
-50
100
-49
15
-3
-43
-42
-22
-36
-52
-40
-36
-30
-34
18
-62
82
-17
22
98
-35
60
-68
-7
49
-7
50
40
50
-3
-32
64
-41
-21
-7
-26
59
-27
78
-14
-10
31
-32
90
-35
1
-5
-60
28
-60
-31
30
-9
-16
-38
-34
-12
-69
-40
1
10
25
-18
-25
-7
-12
-39
8
-26
-40
-28
-44
25
-21
18
38
16
31
35
69
33
26
8
72
35
34
53
-28
24
-15
37
11
0
37
-10
21
10
43
22
42
30
-19
29
-7
-21
-39
-21
-1
1
53
-6
41
-17
-13
-16
-104
-24
-71
-21
-95
-19
2
-53
21
-68
-19
-61
-59
-87
-115
-20
-64
-15
4
7
91
-11
32
38
-19
23
-17
17
18
24
19
58
71
26
35
37
32
21
10
36
38
10
44
29
47
13
2
51
-32
2
20
7
50
-13
19
22
9
-19
-25
10
39
21
-61
-18
-35
-35
-53
-26
26
-11
-8
-12
-10
11
10
-7
-17
-11
10
0
-7
-13
-1
-4
70
25
4
21
-27
-21
-46
15
-18
10
-68
-83
-48
-77
-45
-101
-34
-65
-31
10
19
75
-10
63
44
5
101
-18
17
-11
2
24
-34
22
-50
66
-4
-6
0
-92
-14
-69
24
-4
0
38
-50
44
3
42
64
17
94
9
53
36
22
44
4
48
-15
14
-9
16
28
-44
27
5
14
7
-9
9
14
61
59
45
90
55
12
56
-26
-35
-29
-60
-74
-105
-39
-81
-64
-75
-40
45
-44
1
-22
16
32
-34
25
1
26
14
10
30
-16
-12
-37
-41
-26
-38
-40
-30
30
-25
-33
-38
-40
22
-64
3
-12
4
-6
-37
25
-11
61
29
24
1
9
20
2
-8
-28
27
23
41
15
36
-26
-9
17
-12
44
-40
27
-9
22
72
-19
51
14
51
21
16
47
-9
50
0
13
18
-9
15
-32
10
-11
0
26
6
10
-1
38
7
-41
-32
-30
10
-20
-35
30
32
54
-30
-15
-21
-57
-22
-56
-8
-44
-22
-48
-10
28
6
23
-22
13
-17
-42
-50
10
25
-6
-2
-20
-24
-55
-38
-10
25
28
22
32
42
26
-35
-9
14
15
36
1
16
12
33
42
-24
-13
-16
34
-28
-57
-20
-9
21
-13
12
-19
-20
-58
-30
-6
-23
64
12
26
38
29
73
-7
26
13
7
-1
-63
13
-57
-13
12
-3
24
-15
19
-14
-32
-5
26
31
25
42
66
7
-5
-7
-30
-26
-28
37
13
6
-2
6
6
-35
-13
-1
0
-16
43
28
-15
16
22
32
-7
14
-5
-16
-21
-39
-10
0
20
-11
-19
-54
-38
-41
-18
-12
-10
26
-25
23
-20
5
16
-35
32
15
38
12
3
12
-2
60
10
20
43
38
37
-36
29
27
7
21
-7
-16
-70
-45
-72
-52
-25
-29
6
-52
-23
-45
-37
-57
-107
-61
-75
-44
-64
-39
-2
15
40
18
26
12
29
2
9
41
49
71
59
92
83
52
44
79
73
45
63
69
76
55
57
-16
-10
17
3
23
-20
9
-14
-22
-6
-14
-20
-32
-42
-28
-6
-25
-33
-48
-23
-10
-9
4
3
-4
-17
-7
0
0
-6
-18
-18
-39
-55
-21
-33
-24
-10
-23
26
-13
-35
-44
-52
-7
10
47
17
3
3
25
15
5
1
6
33
11
-7
4
22
-9
17
-8
-13
-31
-41
-10
-30
-17
-13
3
-13
-3
-8
3
-8
-17
13
7
19
4
-13
-11
-6
-13
-41
0
14
24
47
16
31
-19
-7
27
38
38
5
82
65
41
20
19
41
21
33
17
36
37
39
19
-3
-3
-9
4
-19
-14
-3
-28
-24
12
16
8
11
19
11
7
10
-5
-16
-31
-17
-6
22
25
1
-31
-72
-62
-56
-53
-45
-44
-23
-16
-46
-45
-47
-30
-23
-18
-19
0
8
-10
-10
-57
-32
-36
-53
-20
-10
11
-9
-32
-14
10
29
22
35
51
28
4
3
8
-13
19
42
41
34
25
28
22
24
-1
-5
26
26
7
-7
19
46
46
49
43
50
17
23
70
54
38
23
51
45
8
10
2
-15
-38
-25
-29
-21
-16
-53
-47
-60
-45
-8
12
7
-13
-6
-32
-22
14
-6
-2
-4
-4
-12
-16
-1
-19
-26
-48
-38
-48
-90
-69
-54
-38
-47
-22
26
31
34
16
23
22
-14
-3
6
32
26
-2
-4
-10
12
5
25
6
11
20
-30
-22
4
29
30
42
37
32
11
7
30
7
47
59
39
24
9
14
-21
-16
-1
12
13
-16
-17
-4
-22
-30
13
28
-6
-14
-15
-7
-3
-14
12
22
39
-4
-19
-11
-19
-10
-55
-26
-27
-3
16
-2
-16
-76
-54
-31
-14
-12
-32
-7
-8
20
29
3
9
23
36
-9
1
9
-15
19
31
23
4
-3
-9
-19
-9
-41
-26
-1
-28
-8
9
22
2
-20
4
23
24
23
27
28
24
-6
-2
13
16
15
0
2
9
15
1
18
4
-12
-3
-12
11
14
11
19
32
21
3
11
24
18
18
30
22
8
2
20
20
15
-5
7
11
-9
2
-12
-12
-21
-54
-35
7
-1
0
-10
-32
-35
-39
-35
-21
-15
-34
-56
-60
-60
-43
-35
-63
-80
-64
-35
-40
-10
-9
-8
17
10
5
6
23
17
15
-20
12
44
65
66
34
62
50
53
51
76
46
18
35
29
47
35
48
32
40
20
-41
-13
0
-2
-4
-8
0
-26
-44
-60
-58
-42
-50
-46
-54
-23
1
2
6
-1
-1
3
22
18
-12
-9
19
23
12
-13
24
40
27
32
-12
2
0
-6
4
6
16
8
20
12
9
21
5
-39
-47
-28
-7
-1
16
28
4
21
1
-47
-59
-35
0
-18
-11
0
-5
1
-26
-29
-12
15
-1
-9
7
-15
-19
-17
0
0
0
2
-25
-50
-23
5
1
6
22
42
29
13
13
7
4
19
28
47
57
45
26
9
41
51
28
-3
-9
-8
-33
-35
-28
-18
-32
-56
-28
-32
-34
-21
-4
10
-10
-10
-29
-22
-28
3
15
10
5
-31
15
-17
-23
10
0
13
19
13
-15
4
41
39
54
59
38
21
24
56
44
12
5
26
32
-1
-3
0
-6
-7
-17
-34
-34
-24
-29
2
21
18
28
7
-31
-36
-30
-40
-27
-26
-32
-44
-54
-53
-29
-6
-45
-22
10
-13
-47
-32
5
-7
1
35
38
-4
-13
4
28
4
7
37
19
19
-6
-15
0
27
53
51
53
68
74
77
78
35
34
29
14
4
6
30
6
0
0
-7
10
-8
-38
-45
-34
-38
-62
-33
-24
-25
-38
-49
-32
-47
-40
-49
-75
-57
-31
-10
7
14
12
-19
-26
-15
-1
-2
36
41
32
32
1
19
14
3
-9
35
28
24
45
10
21
18
30
-12
-10
18
-25
-12
10
15
11
12
23
25
10
-1
4
-14
-47
-20
15
-49
-75
-24
19
10
-9
-8
-8
23
-1
-14
35
81
0
-29
53
-17
-26
36
36
-9
-31
23
25
1
4
44
-10
-53
32
9
-22
32
37
-10
-1
60
11
-37
-10
1
-24
-24
19
3
-32
-4
32
0
-29
-12
37
1
-72
-26
-47
-72
-10
44
4
-61
25
25
-47
41
47
-60
-38
30
-11
-55
-16
-16
-64
-48
13
-53
-94
9
28
-28
22
125
68
-4
68
74
-36
-34
62
27
-47
12
61
-38
-79
51
-27
-131
16
18
-87
19
132
2
35
143
17
-55
76
111
-79
-82
187
126
-203
10
257
-113
-179
229
89
-176
47
149
-62
-68
140
82
-142
-120
78
-13
-137
-49
15
9
-24
-45
-4
94
-3
-88
57
37
-120
-14
38
-113
-80
44
-7
-143
-51
30
-13
-22
35
70
-22
-33
48
1
-103
6
32
-93
5
56
-63
-28
87
75
-35
-24
109
60
-157
-49
153
-118
-132
221
96
-188
85
193
-183
-66
162
-39
-73
53
90
76
-48
-6
98
-3
-83
50
91
-93
-4
117
21
-37
-45
60
22
-123
9
51
-101
-12
130
-68
-68
97
-34
-65
-25
38
-7
-61
53
63
-32
-4
98
11
-70
-11
48
18
-90
-100
74
75
-177
-41
237
-138
-184
186
17
-181
131
205
-157
-100
137
155
-130
-107
154
117
-214
27
270
-258
-104
194
31
-177
-37
64
2
-47
-139
69
11
-115
88
-9
-108
157
66
-135
77
14
-172
216
280
-205
-55
249
-40
-126
-111
114
69
-154
-18
57
19
-207
121
-58
-238
171
110
-119
-74
150
-213
-4
221
-308
5
170
-8
-34
-164
-20
205
48
-436
246
264
-359
201
222
-35
-262
129
366
-177
-291
127
469
-195
-369
310
330
-276
-365
422
276
-443
34
524
-23
-486
208
464
-279
-384
437
332
-437
-44
203
140
-387
-251
485
-129
-572
313
367
-781
164
516
-575
-148
281
26
-231
-142
261
63
-412
116
478
-345
-248
557
-162
-99
129
-47
216
-335
248
312
-324
-97
265
187
-308
147
-100
-83
295
-377
168
155
-316
-14
108
223
-361
-276
298
114
-309
27
343
-400
-60
377
-138
-106
-62
120
142
-145
-21
192
-159
-136
441
-352
-122
343
-197
-57
219
20
-375
187
214
-31
-191
41
175
-198
61
297
-77
-406
299
345
-311
-313
503
52
-437
474
46
-391
234
56
-240
186
-250
161
116
-241
234
-204
57
51
4
-33
-112
239
82
-123
-117
84
251
-353
-1
359
-230
91
-85
266
-12
-441
578
-1
-422
262
-58
235
-518
87
529
-863
307
-158
312
-530
-218
878
-914
17
72
588
-711
-398
1278
-891
3
349
-47
-4
-517
664
120
-245
-373
478
517
-1024
339
445
-76
-720
738
746
-1507
568
643
-363
-499
232
700
-651
-67
107
777
-485
-821
1099
51
-355
-824
1211
-90
-1032
824
-206
113
-487
138
-29
413
-580
-525
1125
-252
-873
-3
1398
-1044
-561
677
411
-329
-598
1016
-235
-334
122
883
-757
-505
1531
-592
-445
203
755
-555
-466
1148
-369
-492
24
1074
-912
-586
1278
-721
-303
551
246
-1002
324
728
-513
-487
241
760
-843
-16
429
127
-488
-472
861
106
-936
-461
1649
-407
-1613
1242
502
-481
-1014
1039
900
-1794
46
1273
489
-2306
773
2013
-1479
-1202
1217
1786
-2687
-361
2770
-956
-1691
1172
1280
-1199
-1135
1805
531
-1672
-536
2216
-317
-2479
1918
540
-1287
-599
1802
-220
-1812
991
1137
-875
-938
1740
-566
-636
448
154
-98
-426
79
683
-111
-892
905
337
-1277
501
1038
-1803
442
1115
-720
-1101
1202
939
-2132
889
543
-151
-730
175
973
-572
-561
539
935
-1509
378
838
-728
-218
717
-488
-340
1049
-750
-533
1083
-116
-919
560
315
-344
-539
758
70
-113
-541
247
1012
-1265
341
-14
256
-69
-921
882
286
-803
-267
1039
-101
-705
250
-1
988
-1086
-443
1606
-592
-459
-35
1040
-445
-531
298
338
386
-1627
1091
864
-1254
-494
1227
635
-2503
1465
921
-1390
150
156
913
-1344
17
649
293
-651
-970
1711
-172
-980
366
550
-75
-452
-529
1298
-162
-948
-50
1071
704
-2344
943
1263
-711
-1572
1209
1392
-2631
472
1627
-702
-1083
590
1103
-1385
-575
1784
-560
-1690
1486
1319
-2472
206
2258
-1240
-1501
1519
1082
-2019
-271
2027
136
-2383
850
2048
-1950
-1011
2421
-68
-2504
1235
1816
-1547
-956
1493
24
-894
-365
1198
20
-1673
759
1054
-328
-1278
1016
583
-969
36
256
447
-259
-580
625
877
-695
-445
-116
1246
-671
-672
920
130
26
-1455
2087
-456
-1834
1491
328
-782
-772
1879
-679
-1355
1520
-51
-753
-506
1178
431
-1626
527
625
262
-1458
261
1904
-1429
-877
895
1075
-1368
-335
795
209
-546
-266
747
-368
18
-116
249
-93
-15
-199
98
84
48
339
-845
166
853
-1074
-451
1747
-1094
-598
1041
-81
-729
847
208
-1260
1042
-20
-143
-189
102
675
-578
-187
404
377
-756
-529
1352
-690
-296
646
-816
854
-45
-590
-403
1220
-442
-1362
1857
-613
-54
-48
-578
1104
-114
-937
233
1274
-450
-1299
1333
823
-2140
833
701
-562
228
-370
153
-139
517
-863
-46
547
-803
441
6
118
96
-651
922
-272
-346
598
-915
729
-328
-218
306
253
-267
-425
1089
-1095
471
-204
533
252
-1461
1560
448
-1256
-267
1649
-738
-984
1095
92
-509
-33
284
179
-687
642
-204
-1082
1911
-833
-722
757
741
-1018
-1190
2026
-33
-1447
569
1175
-763
-571
995
261
-1204
80
480
36
-572
775
251
-1382
805
341
-878
-655
1505
-304
-1272
1001
838
-1137
-550
1261
-517
-162
-82
44
529
-765
-112
1300
-688
-959
971
237
-560
49
-118
77
534
-1239
570
1382
-2000
-259
2039
-1115
-986
1476
62
-1265
1237
-24
-867
1186
-982
124
1101
-490
-1171
1231
533
-1335
405
336
-105
-99
-150
301
655
-977
-185
982
109
-1374
279
1760
-1321
-604
763
596
-566
-1197
1434
402
-808
-823
1248
734
-1963
640
830
-141
-1296
948
725
-636
31
-614
1244
-255
-1252
338
1842
-1216
-974
1297
322
-790
-1126
1999
-432
-1237
335
841
-288
-948
1041
-451
-114
-469
352
224
-725
885
-535
-369
689
-125
-548
-239
463
428
-395
-388
644
664
-971
-225
1015
166
-1669
672
1647
-1114
-385
191
1199
-986
-622
949
162
-521
-456
1756
-1197
-195
817
-886
414
-192
-447
405
465
-1430
150
2025
-1992
-522
1807
-1056
-115
236
659
-638
-289
88
280
1080
-2160
1255
698
-941
427
-212
623
-334
133
-96
107
828
-1332
777
802
-1720
1270
-687
169
748
-751
-128
226
1589
-2730
356
2544
-1753
-1684
1788
1119
-1780
-662
1218
536
-1389
-459
1192
1394
-3545
1034
2537
-2059
-312
-305
2248
-1327
-1857
2814
-352
-1712
978
714
-2243
1297
2053
-3360
582
1871
-632
-1514
1199
1777
-2801
-617
2651
725
-3167
681
2278
-1165
-1431
1296
1181
-1936
-605
2447
-918
-1485
2123
-1304
-360
1064
200
-790
-529
776
735
-741
-382
1371
-851
-1148
1653
660
-1726
483
4
776
-600
-279
687
-533
508
-820
1408
-613
-996
877
807
-840
-1719
3285
-1257
-2102
2335
660
-1572
-1285
2240
-503
-1220
46
1495
82
-2492
1555
1646
-1991
-1377
2438
-87
-2100
899
1836
-1900
-848
2585
-1308
-1176
932
876
-306
-1853
2482
311
-2598
1075
1595
-1285
-1558
3097
-157
-1865
-247
2271
-168
-3252
2986
1048
-3277
1079
2650
-1908
-1266
1136
1397
-2421
47
2677
-1401
-1586
1696
745
-2747
1353
888
-851
-574
663
726
-709
-586
597
338
-665
227
-504
1083
-597
-787
296
1537
-1747
-360
1860
-1384
543
-1128
1441
-459
-650
71
893
80
-2103
2239
-354
-1732
890
1463
-2116
320
2116
-824
-2209
2155
657
-2302
747
1180
105
-2159
2035
-44
-25
-667
-390
1932
-1452
-1055
2191
541
-3445
2610
671
-2018
580
378
211
-170
-269
-716
1970
-1516
-449
2443
-2433
691
220
-496
1192
-722
-878
1042
1160
-2617
1387
833
-2287
1458
451
-1387
720
1224
-1345
178
569
-578
648
-993
375
1473
-1665
-1068
3500
-1218
-3613
3650
1087
-3412
-11
4278
-2392
-2632
2806
453
-1986
-1234
3496
-378
-3894
1772
3312
-4090
-400
3401
-2026
-858
514
1924
-1263
-1370
1093
1254
-1044
-1866
3757
-1715
-1320
1692
-259
123
-1708
1309
1010
-969
-1429
1670
853
-2066
713
742
-842
342
510
-198
-306
-594
983
63
270
-1490
860
1559
-1719
352
221
-182
-642
899
960
-1520
402
104
540
291
-2590
3019
-380
-1269
1253
202
-410
-1160
1774
-1586
1365
-1057
-50
1527
-1170
-100
-238
1385
-1724
-191
1113
849
-2288
-80
2361
-1547
-987
874
893
-1845
-471
2401
253
-2898
327
2887
-1744
-2209
2632
276
-1573
-908
4103
-692
-4952
5058
-333
-2580
1401
1087
-1280
276
328
151
928
-2086
784
488
484
-732
-47
-880
1684
-235
-2184
2736
-1384
-1306
1196
1944
-2528
-782
1056
948
-778
-1449
2124
-11
-1850
-561
4184
-2609
-2596
2085
2679
-1927
-2484
4207
-1035
-1485
-1208
2993
788
-3975
610
3472
-76
-3925
1692
1655
-974
-2332
1973
3142
-3377
-1844
3540
-160
-2736
1100
1065
-880
158
1606
-1608
678
-652
52
1407
-1451
441
124
616
-345
462
-610
-596
761
125
973
-1786
-581
2320
-1460
-111
778
-1669
1132
-246
-83
585
-559
-1545
1722
1188
-2913
1696
-381
-603
1078
356
-1287
-424
1164
-1168
1097
566
-1012
-1265
2376
795
-2343
86
1226
312
-2831
2286
2485
-4259
328
3551
-1403
-2175
946
1596
-2239
759
1291
-1862
439
421
-160
-876
1975
-1515
-1233
2556
-368
-281
-1784
1788
1218
-3205
1439
1541
-1278
-1068
1947
-112
-1510
774
-679
1561
-909
-435
1133
-1139
-453
1166
-112
-1161
908
642
-895
300
1307
-2320
224
1529
-458
-936
699
-225
197
747
-1670
1329
-641
-414
1387
424
-1795
176
1009
-166
305
-1884
2217
-60
-2145
2894
-152
-2458
879
1500
-1198
-729
1064
-663
917
-447
-981
1621
-974
-897
718
1023
-1405
-663
1530
1029
-1515
-1155
2157
-525
-1200
881
1076
-1679
309
1207
-1101
289
-270
438
-83
-161
124
-907
1345
-381
-1797
2344
-303
-1607
2380
-1183
-1405
2694
-1373
-1303
1727
-1115
-300
2138
-817
-1299
2220
-1443
-499
1453
-2009
980
178
674
-75
-1792
1836
341
-1687
-232
2502
-1481
-1226
1734
954
-1454
-2155
3503
-1256
-1507
2334
171
-1345
-741
1656
593
-1840
-844
3145
-955
-2019
2211
-221
-1667
1402
-134
521
-73
-2444
3020
139
-2729
723
1417
-1054
-696
2199
-1299
-757
1105
-1511
414
881
-377
-555
476
765
-343
-484
-629
882
662
-1380
222
1669
-1415
47
1425
-236
-1499
150
956
-402
345
-1628
1427
1159
-2974
1866
703
-1638
764
-914
1291
-469
-452
-411
500
1218
-1658
1919
-1651
-11
1208
-1524
1163
-330
-514
1311
-1010
941
373
-1998
679
1240
-783
-2399
3500
-246
-2675
2348
-205
-580
396
-1137
409
1445
-1167
12
352
-324
-781
1225
234
-1575
585
561
664
-1133
-562
740
562
-623
-508
1412
-350
-1063
1751
-486
-714
516
-122
852
-2363
1580
1188
-2581
145
1535
-557
-824
1425
-947
-96
370
-543
-154
601
-940
710
1503
-1685
62
612
-418
56
455
-1264
544
1465
-1734
30
1238
-1033
-535
359
359
496
-944
-587
1257
-1071
142
1532
-1170
-123
1185
-185
-774
1188
-546
-1290
1221
1180
-1098
-630
1508
-54
-877
416
832
-961
-657
1042
490
-604
-487
1217
-1412
-775
2537
-1347
-685
897
-30
339
-981
-467
610
-559
468
1783
-1246
-1513
1627
311
-1785
535
111
-391
344
1010
770
-1860
9
595
-1080
258
538
-778
444
743
-252
-664
-755
731
-431
-308
1149
-12
-1045
11
1531
-822
-344
966
-1031
672
663
302
-536
-777
1154
-682
241
314
-15
-341
-90
945
-514
-302
-960
801
517
-660
361
-571
578
71
-1156
754
638
-937
-797
1876
110
-2646
1414
1413
-921
-606
825
622
-712
-730
719
579
-1203
178
630
452
-468
143
382
-329
-576
-570
1039
-627
-412
518
638
-224
-858
1246
-298
-1160
145
318
193
-246
87
595
-305
-124
443
-241
-46
-22
111
275
-106
-620
89
714
-396
-183
336
80
-497
-259
580
-440
-525
806
18
-425
205
89
-464
-420
938
231
-769
373
682
-792
-127
608
-441
313
199
171
104
-466
398
-533
-101
1049
-910
313
466
-614
179
56
-367
-489
338
-292
175
608
-357
-318
168
-137
35
85
-296
133
621
-206
-459
204
-328
42
54
614
87
92
-4
-349
74
-577
74
-438
785
910
-542
316
-55
-885
-670
788
-226
-581
1417
395
-96
-336
-166
-328
-547
216
458
480
-568
802
336
-1387
-330
825
-8
-694
826
916
-621
-1149
603
265
-1112
150
1333
-227
-645
991
74
-1070
-364
1036
-144
-425
980
0
-567
-522
379
394
-875
163
799
-243
-506
-12
-29
-218
-503
284
1162
-512
-118
447
124
-935
-491
1079
-342
200
543
183
-767
-179
221
-157
-103
-348
889
-396
-285
325
-342
-103
-405
14
-439
-3
230
-429
327
-380
873
-187
-606
693
-198
199
-223
964
-379
-977
771
709
-144
-476
1697
553
-1335
341
923
-283
-1028
1075
877
-1168
42
362
506
-984
-254
1445
-1178
-1348
245
1145
-1358
-1025
1529
-582
-454
-90
799
62
-596
465
584
914
-897
760
446
-87
-289
147
1242
-1215
586
738
465
-102
-50
-130
-606
1036
-603
-130
-250
91
-230
-692
885
-1243
-512
150
-178
-336
-1334
-66
-743
-941
-1294
-382
-127
-1671
606
209
-182
305
614
470
-476
896
89
-72
713
-335
-388
685
385
-497
83
446
-1001
-824
-900
-1963
-2425
-2372
-1448
-2329
-1514
-1635
-1060
374
1877
1912
970
3033
3751
4110
3144
4188
2847
1907
6728
7718
4150
1556
4423
5879
3142
1263
-1000
-4030
-5182
11
1303
-5474
-7053
-3124
-1669
-6478
-7262
-5607
-8633
-7317
-682
3034
-1231
-2428
2476
1463
-1855
-778
2013
152
-868
6689
9262
3749
-11
1346
2150
-1715
146
1559
-1216
-605
2547
4377
-1714
-4952
-2931
-814
-1780
-3212
1036
116
-1614
-348
1177
-1362
-5345
-1451
1493
1006
450
762
1618
-363
-524
1258
425
-864
437
3399
2433
428
89
-418
-932
-101
323
-1203
-1587
-991
-870
-2095
-3631
-4771
-5284
-4842
-3836
-3999
-4182
-4423
-2932
-55
2149
3704
3332
3560
6819
10428
8869
5960
3935
4997
10411
15099
14380
6588
3468
9113
12672
5755
-7344
-11263
-7474
328
4427
-2308
-8922
-9784
-2597
-3388
-10948
-15097
-15987
-7832
-601
4890
2946
-2520
-1791
-2763
-2669
-3036
-2061
-1469
-1971
7413
14471
11071
-290
-8666
-5919
-3142
757
-1582
-5944
-2162
4373
8244
-1323
-10653
-10190
-5444
591
2678
4273
3475
2651
6079
6341
2322
-3307
-3056
1624
4425
7711
5866
1939
-2590
-2346
2003
-576
-5624
-7112
365
5235
1936
-1138
-3097
-4046
-2454
1680
879
-3466
-1932
3189
4488
254
-1636
-354
-2428
-1220
3863
4410
-1569
-2428
3382
3858
-590
-2651
-1157
-1214
651
3445
1668
-2305
-2057
1295
1500
-1277
-2629
-201
368
-31
436
-1704
-5511
-6683
-4179
-2827
-4876
-4591
-987
674
858
2976
5986
3579
2169
8038
15408
12719
4400
3975
8258
11651
11569
10314
3257
1191
8948
13231
1175
-16778
-17153
-8615
1017
-860
-8290
-11335
-8170
-683
-5588
-13157
-17415
-14452
-3111
4600
7573
1953
-1256
936
-2579
-2551
-2482
-1151
-2908
-1860
11178
14191
6500
-7012
-10844
-4465
-3247
-2744
-6646
-7903
-1602
6698
8164
-5048
-12038
-6803
317
3935
2200
5021
7324
8059
7868
5103
2654
-1272
-927
2417
4597
6501
4866
922
-2008
-2607
-405
-1240
-2747
-2907
416
5855
4636
976
-3094
-1402
1954
1185
385
-361
2402
1857
956
1215
-2497
-4399
-3435
-181
1200
405
244
-852
-390
418
-1579
-3540
-2291
1123
2324
1333
1648
2100
-278
-2592
-1202
-299
-1559
-2219
-359
1195
-1568
-4007
-3979
-4952
-8362
-8196
-3698
-1844
-2395
-462
5408
6296
2607
4767
8308
11674
11664
9590
7809
3352
9427
12343
10634
4400
-151
8528
9291
6659
-11693
-24054
-15075
-5050
2479
-8072
-9710
-5198
-4236
-516
-10910
-15391
-18535
-8194
11223
8233
7696
2796
4860
2333
-8024
-709
-3442
-3751
-2908
6614
17567
5320
-1570
-9750
-12290
-7369
-5234
-2432
-11470
-5060
10312
12517
1323
-14668
-8040
-708
2242
5232
6289
10511
9017
12109
10433
473
-6251
-5414
3541
6104
4484
5158
1875
-1079
-3191
-1609
-1186
-8377
-7253
-89
8957
6998
-3643
-2582
882
1824
-1341
-1175
-748
-4603
1947
7644
760
-7773
-4614
2370
-3691
-6348
1170
1451
-3686
-14
9095
2370
-9014
-2974
6093
2923
-915
4909
7749
2441
2557
5597
270
-6283
-2319
5269
2629
-2004
-985
522
-3488
-8531
-7480
-8006
-9603
-7082
-1101
-605
-5898
-3722
4285
7544
4574
5584
11344
13912
11500
8071
3009
-1175
5087
15592
15560
2163
-1771
5700
6400
-5799
-22077
-21261
-12718
-486
4147
-4753
-10002
-11568
-2567
-1998
-10929
-12872
-8623
8069
13780
10374
7591
2367
3205
-2968
-2500
54
-2778
-925
-620
8432
7170
-1097
-5764
-14326
-12657
-7756
-564
-1526
-8874
-218
9654
8952
-4745
-11805
-2117
3825
6338
7211
10168
9586
6946
9925
8042
-332
-8071
-2466
6868
4914
51
107
3178
-212
-5008
-1955
-2241
-7804
-8408
3279
11313
140
-7189
-1618
3070
-1567
-5565
-1195
-2371
-4522
1911
5131
-1596
-7796
-3036
1739
-1417
-1873
236
-898
-944
4398
5901
-163
-2725
1428
3419
2130
3386
2967
254
1820
6815
5003
-4000
-6456
1029
4065
-1115
-2394
-308
-151
-4244
-4411
-3394
-8307
-8152
-4278
1301
-2362
-4671
2738
6817
8184
4970
11668
13961
8945
7565
6169
6782
370
5348
14025
11656
2911
-3839
3238
925
-11338
-18966
-17475
-8926
-5041
-261
-3017
-10824
-8574
-1964
-841
-10946
-11771
-1535
7289
11203
7744
6667
3705
767
-1836
-4887
-3471
-3447
-1825
-198
2003
3733
-1243
-7479
-13961
-11933
-4573
-2969
-4620
-6636
-247
6848
5402
-2019
-6854
-1770
3671
6810
8093
8466
10458
10043
10037
7091
466
-3427
-1450
4788
4627
2269
3678
4350
-327
-4508
-2690
-3520
-6510
-4640
4274
6466
-1520
-4285
-1278
83
-4659
-5439
-819
-1021
-978
902
1962
-1175
-3074
71
-902
-1504
618
2352
1810
1551
4848
4459
1506
117
93
-232
2046
4870
2525
500
1926
2867
-2350
-6466
-4324
-1083
-250
-672
1581
1367
-2356
-5544
-5952
-6133
-7712
-5350
-318
208
-2398
-268
5167
5333
2844
6206
11427
10505
7198
8338
7254
1872
27
7670
11790
4844
-2211
-3714
317
-1609
-8383
-15144
-16121
-8431
-1049
124
-5831
-10028
-5993
815
1039
-4786
-7965
-1988
7654
11512
7756
3056
2676
3299
-544
-3431
-2409
-2211
-3064
-2495
3242
3447
-1774
-6553
-10225
-9011
-6746
-2793
-4382
-9231
-3363
6883
7652
-4192
-10097
-1293
5078
4944
4631
7915
10543
9575
11117
8930
-58
-5075
-202
6460
4784
1360
4071
4891
-169
-3818
-2234
-3029
-9067
-7319
2815
6504
-2609
-7975
-1503
1971
-1417
-4279
-1494
-1132
-954
5071
5584
-1132
-4453
2004
5688
475
-560
2617
3124
1773
2609
4404
151
-3323
-1213
1184
2681
1720
-354
-1785
-1083
-64
-2671
-6909
-5905
-630
2504
2476
458
-523
-2128
-3565
-4051
-5916
-6112
-3493
1160
2254
-392
-880
824
3485
2240
4077
9215
8792
7791
5975
7366
2452
-3020
3615
7217
6718
-1507
523
5473
-2943
-8520
-14343
-11360
-9846
-4688
3308
-3855
-5399
-3659
1955
-589
-10180
-5090
-292
8390
10038
6337
6849
1355
2354
-2600
-5395
-2425
-3277
421
-1071
2837
4448
-1479
-6171
-12347
-8214
-5117
-4088
-3345
-4866
1506
5311
5089
-2750
-8280
-1051
4699
6895
5107
8419
11604
8065
6445
3049
-125
-3242
180
5898
3710
1912
2272
3016
-3053
-8596
-6295
-4780
-5294
-4676
1176
2395
-3159
-5615
-3371
-217
-2351
-2701
935
4453
5005
1537
818
813
963
326
1647
5173
3916
2075
2444
3891
567
-3350
-1077
648
-1521
-1953
2995
2783
-3665
-4800
-488
111
-5102
-4812
1535
4753
3189
1496
3105
1438
-1264
-2057
-1754
-2166
-4008
61
2299
-1142
-5500
-3657
1764
148
-764
4519
9452
6592
3034
3993
2052
-3890
-2925
7389
13201
7900
-173
1126
3474
-1228
-9393
-14907
-12179
-5771
3348
4707
-4071
-9141
-5585
1680
-2194
-9890
-8122
495
10223
9695
5456
2205
654
1069
-3715
-4055
-2573
-1127
682
367
4112
3511
-666
-7435
-12896
-8035
-2661
-1177
-4328
-4567
2696
5753
2356
-5963
-8068
-1036
5600
9135
7422
7717
8942
9401
7784
1312
-2421
-1136
5449
6863
2938
3203
3459
833
-5588
-7697
-5947
-7539
-6524
-2613
1471
65
-4743
-4514
-3458
-2064
-1455
-454
1901
3121
5234
4392
1917
753
236
877
2279
3745
2682
1091
2241
2385
-320
-2207
-2155
-3505
-3767
396
3470
161
-4099
-1465
416
-2473
-4583
-2020
2280
3250
4368
5364
3209
-317
-602
328
-1410
-4674
-2269
3234
1196
-4835
-7106
-2675
-2735
-5831
-1377
5036
7479
4230
4536
5566
203
-4243
-2380
7522
11756
8725
6741
5345
4533
-337
-1543
-4255
-11484
-10306
-537
7270
-1895
-10066
-4980
199
-1773
-8932
-7799
-4947
-1437
5574
6898
3968
-1846
-628
1637
-2200
-3390
-3087
381
-158
867
6902
4654
-2255
-8932
-7159
-3422
-4991
-4897
-4505
-495
3635
4645
1009
-6502
-7080
-1146
5073
6225
4913
6709
9322
9314
4944
300
-1179
272
3010
4366
4822
3268
506
-2038
-5211
-6873
-8470
-8302
-4538
-296
1142
-1382
-1932
-1076
-1833
-2018
103
3205
3959
4517
5575
5294
3331
1228
950
1408
1679
1805
2544
2938
1265
-579
-474
-728
-4379
-6611
-2168
2216
643
-2534
-1621
781
-1007
-3138
-2635
-505
2441
3543
4367
4003
1642
888
940
442
-2362
-3212
321
737
-2866
-5843
-5364
-5684
-8039
-4645
2776
4190
1014
1008
4701
3789
-2613
-4293
-434
6495
10820
11340
8433
3190
3168
3854
1905
-5220
-10483
-4824
2803
4549
-1845
-5273
-1688
-1618
-5062
-8234
-6301
-3858
-3303
1704
4236
2708
-1222
-2309
44
-1999
-2713
-2334
-1191
335
2121
6863
5968
734
-3802
-5134
-2587
-2931
-2922
-1311
1656
4574
2553
-294
-3970
-4859
-2166
542
3165
4064
5579
5877
4427
3413
1000
-1498
-1538
439
2620
1926
1315
626
-1925
-3593
-6064
-6667
-5749
-2981
-34
-216
825
372
-999
-816
1058
2663
1277
2737
4871
3396
1710
2139
3361
1484
777
2435
1479
37
-170
682
705
-276
-459
-1982
-2877
-1306
189
415
-1150
-871
1084
732
-991
-1760
864
2290
1448
2424
3255
1993
23
699
32
-3302
-3844
-779
-251
-4487
-6582
-5804
-5529
-6820
-5344
-1059
998
1695
2489
4472
2875
-1994
-3004
828
7205
8791
7947
8008
7337
6873
3687
1152
-3954
-7803
-3171
2919
4098
-2051
-2066
2182
-581
-6105
-9174
-5778
-4879
-3799
1411
2075
67
-2492
-164
437
-4235
-5125
-4108
-927
-10
2153
6813
5798
2355
-1232
-539
-21
-2396
-1665
448
3150
4019
4419
2827
-2285
-3400
-674
1253
-1149
-2815
743
3516
3693
1499
-917
-2431
-2923
-1051
-431
-1430
-2035
-687
1072
-818
-4123
-4779
-2428
-635
-515
295
1474
1211
608
2175
3759
2494
300
284
1036
-191
-706
1529
3672
2877
1547
1506
-546
-3166
-2714
442
1807
874
1040
766
5
-627
-320
-319
-511
1533
2649
2104
822
947
1257
26
432
1037
1635
1300
1252
2240
1047
-289
-1890
-1557
-1328
-3698
-5240
-6119
-5344
-6133
-5718
-3040
-2453
-2198
-1559
848
617
-988
275
2133
2436
568
2556
6542
7455
5063
3382
5924
6705
4607
1338
-115
701
1797
3424
2179
1129
1556
2555
1816
-2502
-4586
-5227
-4079
-3545
-4824
-3654
-2157
-721
-3368
-6793
-6567
-6695
-6253
-5891
-2931
953
2437
3580
1874
45
189
1294
1981
622
1930
4838
5972
4741
2251
1901
1261
-379
-1412
-743
561
259
-12
99
-203
-1870
-3130
-3312
-3579
-3732
-3546
-1918
-1702
-2423
-1229
1075
1809
-995
-1722
767
2301
1722
1159
3461
4771
3438
1316
141
531
552
1495
3331
3769
2048
354
920
780
-742
-884
860
1641
429
1054
2226
1250
-162
-54
550
-1115
-1550
53
675
396
726
2236
1481
-614
-1265
-290
637
199
442
1460
1336
-721
-1903
-1459
-2172
-3366
-2955
-2503
-4215
-5693
-3924
-2044
-3339
-4625
-3629
-2211
-2357
-3238
-2705
-1060
464
1415
1393
860
-154
-299
1477
3366
4848
5391
6556
7929
7874
7109
5218
3499
2481
3094
4435
3996
3076
2940
3095
1585
-1736
-4073
-5706
-7185
-7201
-5896
-3756
-2957
-2837
-2476
-3172
-4631
-6403
-6450
-5077
-2953
-179
1722
2601
2002
1152
967
-130
-2036
-3277
-1567
1714
2733
2307
2217
2929
2169
-254
-1534
-2445
-2431
-1489
-29
1570
1187
678
1006
1497
1069
-734
-200
2024
2676
1941
1815
2938
2647
1464
1087
770
-70
-980
-288
1247
1737
702
-278
-198
-637
-1395
-1225
-124
270
380
1508
1843
673
-243
848
1986
1111
-142
-218
451
423
-202
-334
105
343
130
-235
-294
-365
-713
-747
-1034
-1316
-1352
-1427
-1429
-1742
-1337
-1267
-2615
-3346
-2840
-1585
-943
-1008
-840
-741
-477
-899
-2141
-2316
-1596
-1122
-1360
-1554
-976
-619
49
598
566
815
1152
2246
3249
3846
3786
3633
4831
5161
4791
4706
5777
7007
6262
5401
3372
800
-744
-1023
-560
-1961
-2305
-1064
-264
-1197
-3746
-4292
-4298
-4428
-4267
-4060
-2460
-1365
-602
-387
-1409
-2141
-3168
-3768
-4041
-3593
-1342
534
981
344
-163
-348
-1771
-3559
-3974
-2873
-932
532
1383
1930
2087
2028
1329
135
-583
-39
1460
2789
3698
4523
4804
4101
2233
466
-105
157
675
801
1743
2451
1579
-172
-1793
-1990
-2421
-2737
-2316
-1387
374
1060
1006
450
36
199
-177
-51
521
1303
1913
2165
2008
1041
757
902
407
-596
-870
115
64
-1136
-1637
-1201
-985
-1874
-2495
-1909
-1344
-1547
-1753
-1200
-712
-1297
-1730
-1383
-785
34
761
1326
847
212
507
247
-660
-1154
-182
815
280
-137
91
360
-26
-479
104
479
723
1398
2150
2264
1568
1881
2846
2784
2017
2100
2538
1628
482
915
2209
1627
81
405
1786
2030
676
42
-171
-1228
-1445
-763
83
-174
-440
395
101
-967
-2499
-3331
-3342
-3532
-2869
-2489
-1985
-1844
-2273
-2281
-3262
-4445
-5445
-5344
-3651
-2256
-1290
-919
-369
274
64
-384
-901
-593
458
1934
3309
4104
4850
5091
4934
3917
2603
1802
1310
1671
1877
2166
2127
1096
27
-1182
-1660
-1938
-2535
-2479
-1700
-594
-16
131
324
-50
-497
-474
-724
-789
-230
835
1487
1500
1919
1673
681
91
-42
237
199
196
313
358
506
199
2
-168
-85
-92
-360
-185
-109
-37
-207
-346
-617
-721
-25
234
104
-177
-74
-65
-998
-1312
-992
-217
41
-552
-464
-191
253
290
401
1099
1384
2097
2156
1426
1125
1196
1783
1454
1079
859
-109
-918
-1710
-1692
-1978
-2149
-1672
-1990
-1994
-1667
-738
-660
-1640
-1946
-1194
944
2501
2923
2291
2508
3960
4426
3324
891
-377
-135
1123
1303
141
-332
-168
275
-1162
-3440
-5169
-5655
-4607
-4126
-4158
-3365
-1328
-285
-1757
-3184
-2875
-2283
-2150
-1527
463
2362
3235
4109
4360
3207
1276
552
639
683
1331
2383
3272
2383
1209
1137
692
-1103
-3194
-2554
-447
175
-68
650
1663
1147
183
-89
-775
-1805
-1585
-236
821
807
1108
1551
997
-205
-1227
-1243
-1554
-1756
-1254
306
1458
455
-231
341
977
-259
-1353
-64
1779
2596
2333
2385
1938
1082
428
-335
-631
-602
231
923
666
-263
-1445
-1707
-1787
-2109
-2071
-1513
-479
37
186
785
1093
1103
1141
1318
2114
2556
2413
1836
1815
2617
2004
926
105
19
-135
-1249
-1569
-2325
-2980
-3593
-3801
-3596
-4021
-3231
-2062
-527
-233
-629
77
861
1461
799
444
483
2132
4776
5995
4835
2687
2904
3382
3090
384
-2448
-3371
-2019
177
-781
-1776
-2293
-1709
-2836
-5043
-5557
-5885
-4706
-3425
-1165
68
444
1484
935
-738
-2189
-1393
40
605
1345
3381
5228
4648
2067
-126
-671
-1431
-1950
-1720
116
1453
1318
1031
-256
-569
-757
-498
-994
-1361
46
1263
2227
1709
1718
1092
206
-104
-54
220
4
912
562
43
-553
-269
-495
-1676
-953
-321
548
-234
64
933
1224
1685
789
811
120
332
411
483
1253
818
473
-299
11
-122
-354
-119
-496
-794
-749
-207
-792
-960
-98
1064
966
449
1018
1208
973
420
838
1063
1239
1578
2099
2746
1887
953
251
-132
-1212
-1761
-580
170
-812
-1989
-1946
-2410
-3867
-4776
-3536
-3569
-3774
-2446
158
2204
818
942
1627
3491
3090
798
-32
-350
3701
5832
6432
3075
690
2620
2598
1831
-3570
-5564
-5930
-3029
437
-1835
-1924
-2541
-1316
-4448
-6680
-4699
-4951
-3027
-1038
2694
2722
1671
2805
294
-2421
-2554
113
905
-239
2007
5474
5192
2241
-821
-2235
-3237
-3399
-637
942
2026
1984
1590
321
-3779
-3588
-971
785
38
234
4886
5369
2823
356
-70
-399
-2615
85
2806
2947
1385
1232
2634
-395
-2635
-2729
-833
-546
-730
1706
2005
453
-2452
-1694
-309
-912
-1507
-474
2254
1442
890
1093
1539
-351
-2772
-684
1094
1393
438
2106
3785
2055
728
2
86
-1045
-1184
195
585
897
1293
869
-1161
-2148
-1309
-476
-946
-698
656
1556
1064
-9
200
-532
-900
-775
775
1427
-1001
-2607
-3290
-3051
-4586
-4350
-2136
-1208
-561
514
2354
415
-1487
91
4345
4889
1530
463
1456
4997
5322
4908
2241
796
2920
3821
3855
-3061
-6705
-6223
-1718
558
-3707
-2508
-1535
-406
-4106
-5816
-4254
-6532
-4300
-1686
2324
1889
827
2850
-665
-3462
-3536
48
940
-1397
1422
5146
5805
1529
-2889
-2965
-2402
-1280
260
1166
2247
1802
1024
-561
-2929
-1494
507
1823
1558
1653
4430
3540
1659
-779
-1952
-137
564
3062
2964
2020
1878
243
41
-2203
-2051
-833
-5
1496
702
1241
-625
-2543
-2488
-1474
213
-489
107
777
566
-186
-439
52
-663
-215
1435
2942
3100
2716
1919
466
42
647
1128
-57
-282
1305
1882
38
-1916
-985
-545
-1752
-2470
-337
1454
-321
-956
-79
626
-821
-948
1017
523
-551
-600
2192
1995
-1269
-2442
-1944
-1466
-4607
-4507
-2183
-1613
-3648
-4828
-1148
-593
-832
-684
2350
4297
3584
4548
2995
955
-1769
3077
9019
9463
4970
1133
4925
4723
2273
-4362
-6190
-4563
-2532
1983
-732
-1497
-5130
-4965
-4897
-7868
-6402
-7226
-1687
237
706
1761
783
1720
-4389
-5373
-1759
752
1630
240
4352
5358
2817
548
-2404
-3179
-3158
423
4218
2887
1821
1965
1305
-2127
-5521
-1002
3580
2846
1664
3640
6964
2529
-2628
-2091
-1259
-661
-333
2999
4060
402
-63
-367
-1394
-4560
-5138
425
2482
2108
495
1516
1559
-4004
-4616
-520
3101
921
-115
4855
3842
-1366
-3027
276
548
-2841
665
5229
3674
-19
-30
1386
-1168
-2270
-236
465
699
1457
2341
654
-1679
-1048
-1084
-847
-57
1821
2751
676
332
-132
51
-429
-642
442
-799
-945
-339
1119
92
-3115
-3751
-3680
-4366
-5969
-4990
-2734
-2443
-3703
-2685
-529
200
-100
1233
5186
5203
5259
4258
3691
909
375
8382
10347
6773
-578
2580
6942
2832
-1629
-8060
-6361
-5004
888
1759
-4744
-4994
-5270
-3406
-7787
-7086
-3483
-3874
-328
940
2931
744
143
599
-3669
-2395
596
2873
625
-409
4697
5354
1677
-3399
-3606
-583
707
2420
2824
1737
279
-156
-234
-1768
-2091
1564
3475
2359
1954
3430
3303
-2373
-4446
-1921
698
963
-314
1954
1829
112
-1480
-3205
-3320
-3333
665
3667
2883
1571
463
1031
-1487
-3113
-330
2324
2731
906
2262
2664
-1768
-4382
-2598
524
-494
-734
2958
3398
414
-1561
-239
-63
-1325
1053
3599
3101
1761
2311
1941
-1633
-2265
1161
2947
1582
799
2138
932
-2442
-3129
-1246
323
129
528
865
-904
-2688
-2672
-1334
-1919
-3289
-2179
-1006
-1947
-4208
-3826
-2428
-3723
-4787
-3306
247
1052
1358
3214
4455
3570
1634
4004
4860
3014
751
4226
8982
5944
1994
-276
2740
1588
-547
-1370
-5063
-5899
-5906
-28
-766
-4935
-4890
-3777
-1309
-5017
-4088
-2671
-2062
640
1342
4190
2444
1429
496
-1429
215
-537
-91
-119
1507
4635
2681
51
-3351
-3735
-1520
-464
1578
1158
848
1227
732
-228
-2765
-1841
1214
1881
1519
1899
3074
1238
-2850
-2486
-326
-58
-315
660
3395
1386
-937
-1047
-2050
-2400
-2377
2460
4371
2613
1725
5
-1140
-4122
-2686
432
1293
1950
1823
2099
-203
-2267
-2781
-2136
182
2350
3381
2916
2280
950
-396
-444
424
393
654
3059
4182
2588
47
-733
-1147
-2117
-730
1146
2113
1630
911
-40
-2329
-2505
-1568
-831
-868
-203
1442
339
-1373
-1805
-1212
-2344
-4348
-2945
-694
-941
-2315
-1747
-1537
-4107
-5666
-2733
236
1404
3174
4742
4534
1821
3519
4922
2441
-468
-850
6171
8132
5910
114
-2295
1992
425
519
-3929
-5866
-6629
-4822
3808
-466
-4046
-5986
-1829
1030
-4302
-1339
-3025
-699
2223
4004
6556
-5
-213
-2387
-2446
378
-2225
-970
-2553
1106
3683
261
-668
-5175
-4629
-2457
717
4591
1320
1418
2317
1981
119
-3182
737
2913
1610
2119
2997
3774
-1294
-4193
-1779
-2129
-1090
423
3296
2545
-2515
-1526
-1277
-2107
-3642
-1978
4268
4518
3128
992
155
-1044
-3860
-932
2148
2686
1850
2777
3660
-774
-4208
-3013
-666
399
2279
5019
4456
527
-968
-370
-1004
-1366
-386
2806
3524
2348
1430
-529
-2335
-4554
-2418
811
1389
1412
1618
2194
-1577
-4364
-3286
-1370
-723
-865
2425
3468
902
-2050
-2182
-1084
-3192
-3094
-194
2149
449
-2129
-1058
-2411
-5627
-6203
-2024
1358
349
2584
5368
4450
138
-876
3228
2508
393
-395
3254
7442
5804
3271
-1676
-1333
199
1185
2816
-2572
-5238
-5035
2232
4475
-3633
-4262
-2130
1955
-1572
-3396
404
-2880
-1510
478
4628
2419
-4214
-1865
-2732
-1657
-2873
-2956
-765
-2795
2234
3845
1853
-3052
-6576
-951
881
2157
1748
1768
3772
1056
-75
-1828
-1898
2
61
1926
2350
2063
548
-2998
-3091
-2629
-1800
-76
602
1733
-208
-1084
94
-684
-1215
-1665
1845
4496
2962
2529
1643
836
-1816
-2212
1807
2462
1766
1643
2937
2098
-2114
-2052
-743
809
2751
3912
4359
1314
23
-501
-1513
-995
-753
1183
2093
2334
908
-2495
-3278
-3732
-3064
-1107
1565
2501
401
592
720
-1446
-3664
-2647
720
1561
2576
3810
2284
-1352
-3429
-1443
-718
-1680
-835
1545
2567
-280
-2809
-3567
-4486
-5454
-4234
-34
1553
-258
152
2598
1512
-2951
-2698
2555
4202
2305
2894
4167
1904
163
3366
4734
-518
-1347
4807
7787
1628
-5825
-4861
-3272
-1576
-62
-201
-894
-3143
-87
-55
-3279
-5067
-5774
-337
2018
3532
2940
-297
-1142
-5479
-3644
-1313
-1600
-940
-762
5444
4436
-324
-3272
-5507
-2064
-1107
2690
3675
978
2162
1219
917
-3432
-4649
-269
999
2209
1486
2684
1274
-3321
-2933
-1386
-242
-1053
-77
3260
3045
1646
347
-1180
-2443
-1966
1631
3824
3265
3033
2076
327
-1872
-2171
286
1511
2545
2859
2740
1747
-1070
-1375
-288
1471
1849
1190
1858
1250
662
-814
-1601
-1373
-1443
-296
-53
244
-339
-1271
-1672
-2157
-1238
-265
714
961
1396
1536
287
-492
-522
243
519
1867
2831
1522
-234
-936
223
-708
-1780
-1146
51
566
-1329
-1624
-2143
-3185
-3480
-2885
-467
-581
-982
-742
-306
-25
-1717
-1175
312
2028
3196
2794
2179
-1015
-1539
1931
5032
4106
-188
1041
4049
3890
-218
-4669
-4109
-2832
764
2428
1357
226
-2043
-1648
-3383
-3111
-2020
-3054
-592
1649
4625
1871
-2805
-3608
-5219
-2531
-576
1027
163
-1435
3431
3399
-377
-4650
-4498
-339
-683
1791
3259
1961
164
-1292
580
-2011
-2979
69
1780
2522
1628
2842
471
-3868
-2537
39
610
-939
704
3934
2587
221
-938
-1465
-2260
-1577
2140
3661
1889
839
929
240
-1711
-1349
1224
1484
949
2018
3161
1942
-737
-509
1135
1384
933
477
1315
1604
1112
494
-581
-598
-789
-597
-217
-686
-516
-419
-111
-543
-1040
132
392
-67
11
1531
2184
470
-171
492
1345
1167
902
1043
608
113
-94
194
-436
-1275
-1391
-814
-775
-1607
-831
-134
-706
-2024
-1863
-585
-1338
-2227
-2441
-1401
-1191
-2151
-1979
-1571
-776
-1242
-1495
-878
-618
-75
663
1739
1143
99
268
930
804
-27
792
1930
1958
746
521
1327
575
-613
-587
1573
2068
439
-343
-303
-186
-1304
-597
722
-65
-1210
-1009
288
-1247
-3072
-2010
-287
120
-322
407
66
-1743
-1654
253
530
-1195
-1178
1091
1835
439
200
1003
808
-322
-61
1383
1377
1128
1188
1316
609
-462
-9
220
241
-124
-135
126
-589
-525
-352
-77
-612
-1299
-723
-154
715
620
547
845
957
748
13
1284
2522
2388
1451
1019
1531
383
23
911
1864
1630
-2
-133
-389
-890
-1208
-732
575
-35
-569
52
948
631
-826
-271
670
327
63
935
2220
1445
200
312
263
-98
-421
-143
-179
-1051
-1022
-960
-1272
-1837
-2436
-2033
-1796
-1459
-1460
-1799
-1632
-2144
-2295
-2115
-1567
-1308
-1613
-689
-117
-207
-903
-1183
-624
-447
404
822
765
463
420
939
840
1285
1297
818
410
574
1774
2012
1805
1041
458
1070
2018
2237
589
-438
431
1789
1967
870
152
-182
-404
-651
-557
-577
-1078
-1299
-985
-398
-883
-1648
-2191
-2093
-1067
-799
-974
-1782
-1416
-207
103
246
-537
-410
-21
447
885
299
1029
1152
578
-9
-82
681
-231
-421
341
754
40
-1550
-1058
-412
-377
-600
-597
149
63
305
634
643
843
1298
2058
1837
1551
1938
2074
1574
1068
1347
1424
994
613
503
424
324
198
-600
-1341
-1209
-188
458
232
107
237
759
911
615
266
199
782
1246
1433
1189
856
818
545
70
-592
-1001
-1053
-1155
-1188
-1229
-1211
-1660
-2544
-2750
-2004
-1157
-1186
-1388
-1130
-913
-953
-964
-699
-524
-419
-346
-319
-177
-262
-481
-862
-1078
-1132
-1395
-1048
-614
-420
-605
-795
-313
-294
-37
371
820
1355
1207
1520
1654
1852
1954
1507
1696
1804
2314
2333
1801
1700
1242
915
-19
-404
-192
-311
-122
-534
-973
-1737
-1887
-1369
-1686
-1798
-1414
-700
-1006
-1464
-911
-663
-864
-900
176
846
485
142
226
593
245
-1
177
450
353
218
594
356
-426
-1022
-705
-469
-688
-334
-165
-272
-288
331
518
-295
-313
427
1181
1183
1173
1569
1498
1267
946
1025
1247
1136
878
690
923
948
483
21
55
287
245
-30
-19
262
475
846
868
652
380
422
802
660
566
422
316
325
299
510
-47
-683
-611
-255
-322
-1003
-1039
-792
-904
-1090
-1123
-1228
-1414
-1054
-264
-260
-951
-966
-630
-414
-652
-513
-218
-815
-958
-714
-287
-733
-1547
-1476
-1879
-2065
-2011
-1452
-1033
-1308
-1017
-1122
-1120
-860
-244
578
983
1918
2454
2455
2085
1574
1619
1709
1889
1955
2188
2443
1916
1066
560
335
-222
-790
-574
123
360
123
-358
-1004
-1601
-1805
-1314
-954
-719
-473
-244
-31
-326
-490
-799
-885
-321
493
1213
848
312
-6
-110
-223
-752
-708
-360
198
502
298
120
-455
-921
-1076
-623
173
243
285
591
968
758
92
-136
-214
3
536
961
736
122
-8
187
124
-47
158
631
821
585
494
358
159
140
384
863
995
945
710
451
546
665
671
391
132
205
284
443
329
-86
-278
-186
196
113
-108
48
129
194
-146
-432
-487
-503
-74
115
68
-363
-846
-695
-672
-594
-577
-338
45
-298
-401
-536
-776
-932
-1029
-521
-597
-798
-891
-1265
-1381
-1585
-1445
-1424
-1364
-722
-423
-352
-398
-217
18
-113
489
1137
1205
1199
1327
1728
1297
855
941
815
926
973
1198
893
113
12
-88
-45
-242
-237
85
-125
-41
-126
-204
-438
-872
-710
-540
-141
-28
-146
67
87
-91
-547
-486
45
-158
-519
-363
53
-149
-894
-885
-673
-792
-644
-244
19
-284
-89
386
-114
-454
-44
852
870
509
1148
1355
834
35
166
665
373
382
314
118
-60
-4
223
-203
-178
336
376
130
-19
253
261
106
379
497
564
721
850
783
534
797
784
400
395
555
830
596
463
508
305
334
183
232
94
-168
-85
-236
-257
-406
-419
-347
-587
-504
-438
-420
-617
-837
-496
-265
-122
-152
-139
123
29
-79
-172
-249
-329
-420
-196
-278
-640
-812
-953
-1119
-1503
-1559
-1266
-1241
-1035
-848
-565
-372
-517
-572
-816
-506
136
573
958
953
933
735
687
842
493
431
640
792
657
330
642
470
28
-8
98
152
-394
-291
98
143
127
-200
-281
-443
-264
83
-196
-183
35
285
-3
-499
-325
-362
-430
-477
-348
-336
-570
-342
-212
-132
-193
-132
49
31
283
323
328
448
644
747
426
500
688
544
214
33
233
27
-123
-18
-35
-172
-330
25
-35
-429
-319
55
318
80
116
346
280
430
723
820
533
506
871
855
684
650
746
603
306
378
464
423
291
193
259
259
55
-237
-294
-127
-69
-196
-155
-6
-146
-350
-253
64
12
-213
-165
57
278
158
125
41
-121
-26
152
220
-184
-366
-226
-394
-691
-662
-366
-654
-1191
-1004
-556
-671
-1048
-795
-262
-315
-547
-606
-642
-672
-363
66
-43
-348
-371
-200
-252
-369
-325
-300
-272
-204
-24
-50
-227
-162
-15
77
66
148
300
243
226
246
312
397
351
301
190
333
414
29
-280
-224
82
-139
-612
-564
-436
-439
-593
-506
-277
-280
-180
-66
90
271
410
524
585
869
1121
1039
875
805
947
992
771
517
251
251
207
-23
-255
-433
-217
-105
-253
-322
-162
18
-47
89
376
384
229
219
455
569
547
740
825
646
435
448
410
137
80
269
366
71
-113
-70
-81
-226
-326
-157
-131
-170
-109
4
26
-115
-179
-181
-170
-117
-16
181
176
51
44
68
29
-188
-165
10
16
-169
-423
-372
-190
-116
-262
-470
-426
-269
-184
-234
-303
-306
-236
-70
-72
-237
-250
-54
-14
-198
-263
-179
-170
-281
-223
-299
-569
-749
-716
-448
-481
-549
-512
-537
-479
-421
-245
-199
-227
-149
-34
211
237
99
-20
-107
15
-11
-57
45
61
7
-236
-354
-494
-688
-508
-233
-170
-239
-51
95
-150
-196
152
434
355
416
897
1107
922
816
832
701
553
706
832
632
485
653
682
287
-144
-258
-334
-411
-212
47
136
-41
-177
-130
-162
-113
35
296
605
755
705
385
192
243
366
448
347
271
243
312
287
111
-22
-103
-49
41
199
201
91
120
130
227
354
397
339
158
186
385
300
-53
-208
-26
46
-128
-295
-349
-359
-428
-481
-524
-499
-303
-193
-283
-384
-369
-325
-377
-307
28
317
348
199
82
134
197
204
-39
-239
-35
202
183
-179
-395
-475
-681
-846
-931
-834
-794
-719
-709
-931
-1056
-1151
-1118
-963
-699
-320
-247
-291
-287
-300
-285
-271
-197
-177
95
546
495
45
-244
-66
98
39
186
385
319
245
320
205
-106
-109
206
331
314
443
617
394
77
189
415
417
307
542
761
632
506
423
258
101
247
415
347
343
475
486
183
-124
-221
-146
129
391
572
623
565
354
83
73
237
299
330
469
484
310
26
-144
-247
-303
-174
-63
-5
60
109
-77
-295
-258
-94
19
-10
52
164
181
104
-58
-140
-141
-5
104
82
124
179
175
-78
-274
-134
44
95
41
135
225
125
-56
-66
22
-42
-74
-62
-25
-107
-262
-202
-88
-137
-184
-101
16
18
-54
-113
-215
-367
-426
-262
-158
-231
-312
-326
-404
-632
-677
-585
-528
-517
-490
-365
-435
-648
-720
-598
-413
-432
-373
-239
-315
-520
-736
-566
-326
-215
-148
-118
-9
-72
-102
-60
68
153
218
348
330
277
215
240
214
95
28
86
212
365
452
365
212
207
381
484
507
521
621
701
682
553
414
426
448
400
387
376
293
171
-5
-106
-161
-191
-155
-52
142
272
257
136
68
89
217
358
475
638
610
414
252
237
266
193
207
376
468
265
37
-71
-165
-230
-187
-56
-79
-98
-69
-117
-305
-456
-426
-356
-215
-101
-16
-34
-87
-26
-25
-45
-64
6
186
259
230
165
193
179
33
-146
-201
-98
-117
-168
-196
-262
-372
-453
-467
-434
-328
-267
-236
-254
-233
-228
-284
-278
-277
-216
-178
-159
-46
-10
-106
-299
-386
-341
-309
-296
-233
-126
-174
-285
-320
-346
-348
-333
-292
-255
-254
-148
-128
-186
-256
-348
-247
-211
-107
49
150
183
-23
-89
-49
83
202
157
171
83
45
56
79
172
158
221
178
127
192
268
436
394
343
325
383
467
429
561
577
501
375
208
152
94
78
55
92
70
3
-12
-29
19
60
127
156
158
272
423
481
360
256
275
329
397
461
485
437
330
183
50
-13
1
50
143
175
122
-29
-183
-156
-92
-86
-98
-66
-49
-86
-64
-85
-174
-256
-183
-29
-55
-85
-44
-42
-171
-227
-127
-107
-85
-95
-120
-211
-301
-268
-259
-195
-158
-146
-145
-231
-264
-196
-162
-162
-192
-171
-95
-142
-179
-204
-207
-151
-139
-179
-190
-184
-228
-260
-342
-426
-363
-315
-321
-255
-154
-161
-356
-399
-277
-237
-253
-214
-37
89
88
25
-41
-78
-79
23
113
141
247
331
271
90
-3
-21
-103
-111
49
202
165
5
-91
-76
-57
-62
-6
124
187
225
238
196
90
83
187
285
386
437
450
372
275
174
113
103
173
282
382
384
234
176
152
150
215
311
377
376
363
369
381
327
225
177
211
249
300
326
202
58
-38
-92
-93
-31
69
97
36
-60
-80
-171
-271
-237
-138
-33
-25
-62
-82
-105
-177
-199
-174
-139
-105
-37
22
-31
-142
-217
-203
-208
-166
-75
4
-72
-221
-211
-248
-363
-363
-242
-155
-169
-183
-193
-248
-282
-237
-121
-88
-54
6
36
-21
-107
-57
-66
-116
-70
54
94
3
-74
-99
-150
-161
-95
-27
-3
-26
-86
-185
-282
-281
-149
-131
-130
4
78
33
-92
-159
-139
-165
-194
-105
89
161
86
-16
-158
-276
-284
-181
-60
19
35
49
-53
-206
-197
-73
8
7
144
303
357
340
286
246
258
288
329
397
417
405
322
198
137
101
113
129
214
305
265
229
126
92
125
210
289
274
290
273
264
253
230
219
194
118
128
168
132
65
13
-36
-81
-39
21
47
17
-37
-100
-140
-144
-148
-127
-83
-81
-107
-143
-169
-177
-174
-141
-94
-6
13
-29
-74
-98
-131
-153
-95
-69
-45
20
45
-2
-112
-181
-140
-95
-52
53
120
81
-43
-112
-66
-45
-72
-58
-10
-15
-51
-96
-121
-169
-223
-139
-73
-82
-81
-103
-194
-263
-230
-187
-171
-135
-110
-70
-57
-113
-145
-181
-199
-193
-160
-111
-64
-100
-169
-199
-231
-182
-158
-116
-63
-31
-25
-107
-177
-212
-177
-89
-6
67
99
69
21
-28
-16
22
80
175
214
262
267
231
200
156
198
224
261
265
219
249
194
158
140
145
210
214
234
244
260
227
188
199
216
274
279
273
256
224
185
117
80
69
111
111
85
58
19
28
32
29
-17
-35
-3
31
99
109
53
10
-41
-55
-28
34
25
-19
-4
-6
-39
-89
-89
-73
-51
-40
-57
-109
-146
-164
-176
-180
-133
-58
-62
-100
-127
-104
-117
-111
-89
-67
1
22
3
-51
-80
-68
-44
19
22
-22
-60
-131
-170
-199
-209
-222
-192
-170
-139
-66
-122
-179
-242
-231
-162
-130
-81
-68
-62
-81
-79
-87
-121
-119
-61
-27
-58
-82
-113
-108
-83
-88
-88
-60
-31
-38
-46
-31
-47
-73
-84
-60
-28
-28
15
66
40
37
30
-25
-20
14
105
151
130
123
120
136
114
107
108
122
114
113
112
134
154
112
91
112
167
183
207
185
146
169
192
180
202
224
234
242
229
215
168
116
49
51
79
80
59
95
99
63
50
14
83
93
92
105
101
97
64
85
92
104
91
72
51
25
11
-7
32
23
-18
-42
-50
-62
-88
-97
-132
-127
-132
-129
-101
-124
-123
-98
-100
-130
-151
-131
-108
-135
-137
-110
-91
-117
-142
-147
-157
-152
-139
-133
-163
-171
-167
-193
-204
-174
-135
-83
-95
-120
-120
-138
-147
-165
-127
-62
-17
-13
-51
-85
-59
-89
-146
-91
-35
-23
-12
17
-5
-72
-91
-45
-38
-37
-7
24
-2
-14
9
17
30
31
56
57
66
64
83
60
31
71
59
57
63
61
78
81
45
20
47
63
41
52
45
50
41
18
34
53
101
111
139
127
113
126
138
138
119
122
138
176
173
155
152
174
128
82
100
126
100
95
151
136
94
41
35
56
97
126
158
165
152
144
81
97
76
77
134
110
110
92
44
-19
-63
-40
-10
-6
-24
-35
-92
-115
-96
-129
-159
-117
-42
-26
-41
-51
-69
-111
-156
-154
-121
-75
-71
-152
-170
-197
-229
-216
-235
-227
-246
-243
-250
-277
-284
-268
-202
-165
-120
-73
-73
-81
-85
-44
3
37
78
67
61
24
9
13
14
44
57
53
28
-2
-36
-45
-52
-89
-101
-82
-95
-90
-57
-30
-17
-25
-47
-69
-36
29
75
77
72
43
25
15
56
82
73
82
50
22
-51
-83
-84
-83
-76
-81
-63
-9
-9
-57
-61
-85
-60
-35
44
130
195
235
178
115
89
142
214
293
327
313
257
186
116
120
158
201
250
221
215
189
154
115
119
130
141
182
230
251
202
141
90
82
59
78
116
153
132
89
36
-47
-35
-10
52
40
22
3
-64
-79
-93
-73
-89
-92
-109
-133
-110
-136
-234
-288
-283
-284
-251
-212
-192
-216
-233
-277
-328
-338
-328
-274
-169
-110
-123
-112
-130
-164
-159
-94
-40
12
23
-4
-20
-73
-67
-26
26
54
114
110
45
-6
-62
-32
-5
11
13
40
37
-2
-66
-121
-101
-88
-84
-27
62
83
42
-57
-148
-142
-85
-31
54
57
53
28
-72
-102
-107
-41
2
22
-5
-41
-74
-144
-141
-175
-61
51
18
3
-33
-28
-47
-27
-16
40
106
136
214
207
218
166
161
176
173
269
308
364
339
302
275
221
260
315
360
360
365
347
263
243
232
210
165
152
189
172
135
111
63
-9
-44
-63
-38
-17
1
-7
-37
-88
-168
-132
-98
-31
-6
-49
-73
-145
-150
-144
-135
-128
-91
-96
-145
-122
-205
-247
-281
-350
-284
-217
-162
-177
-212
-259
-262
-217
-225
-180
-135
-72
-79
-121
-107
-127
-88
-76
-48
-46
-37
76
17
-32
-36
-51
-69
-97
-38
-3
-22
-58
-104
-136
-88
-75
-15
-16
5
44
33
14
-71
-38
-38
19
38
47
31
3
-3
-25
-46
-76
49
38
87
114
88
55
-21
22
-31
45
72
158
181
53
79
-16
55
55
53
147
131
141
75
102
67
95
76
76
154
152
211
187
201
127
28
30
100
176
190
222
126
31
2
-2
61
116
109
120
158
87
20
-6
-4
-10
-18
44
18
8
24
0
-89
-103
-73
-66
32
30
71
-3
-70
-52
-96
-66
-58
1
-9
28
-32
-38
-27
-115
9
-1
63
16
-13
13
-97
-70
-131
-32
-33
13
49
-28
1
-135
-139
-161
-119
-78
-28
-87
-152
-112
-209
-85
-167
-84
-61
-119
-35
-147
-80
-202
-108
-148
-138
31
-98
71
-126
-64
-89
-199
27
-262
75
-109
-11
-20
-252
88
-408
246
-273
105
89
-260
352
-429
406
-348
188
44
-15
455
-330
589
-324
175
21
-87
284
-44
342
-95
185
-30
26
154
-131
139
51
52
140
18
123
91
114
146
240
92
184
241
-9
206
12
159
66
145
143
128
189
-89
213
-102
137
99
-49
278
-100
125
152
-27
72
-42
20
25
-9
-30
17
22
-92
-7
-111
2
68
-76
41
-23
-98
-16
-42
-57
12
-70
52
45
-78
-9
-25
-32
-2
-39
-14
112
-98
-59
13
-125
-10
-69
-137
-77
-71
-100
-65
-205
-124
-37
-192
22
-57
-68
25
-132
-61
-101
-116
-65
-94
-93
-81
-105
-69
-32
-139
-64
-42
-89
-36
-92
-57
-54
-108
-57
-86
-60
-23
-29
1
-33
-105
-44
43
13
85
18
68
91
-33
72
-32
-19
13
-68
37
63
18
28
77
-18
-2
-35
-57
61
-46
82
67
35
121
18
97
95
85
18
127
115
106
223
35
243
98
54
203
-17
141
57
18
105
32
45
84
113
69
92
6
10
110
20
70
67
1
52
-11
21
67
-44
-3
24
-76
49
-10
-22
33
-28
74
27
12
2
35
63
37
5
25
13
-33
31
-5
-18
-48
-51
-67
-79
-38
-28
-50
-111
-38
-110
-95
9
-118
15
-89
-109
6
-113
15
-73
-88
-58
-74
-60
-44
-49
-81
2
-119
-38
-26
-23
-7
-76
-23
-59
-46
-85
-7
-38
-71
-33
-94
-6
-58
-82
-82
-134
-65
-98
-32
-16
-74
-38
-36
-11
-33
-23
16
44
32
23
18
82
53
3
-12
-52
55
-22
21
14
-28
29
0
41
-36
-2
7
22
64
11
66
87
107
100
79
105
46
63
79
47
60
52
74
78
83
76
107
120
97
111
98
78
63
68
75
116
103
63
78
26
60
50
-3
30
-13
20
19
-23
-4
-39
-26
-10
-42
-13
-7
-54
-78
-72
-45
-46
-52
-19
-19
-38
-20
-39
-32
-48
-41
-39
-59
-44
-63
-38
-18
3
-31
-26
-56
-57
-12
-25
3
-16
-1
-4
20
12
7
44
43
42
17
69
59
19
5
10
31
0
-12
0
-15
-47
-67
-76
-44
-17
-4
-23
-43
-30
-67
-62
-35
-50
-57
-72
-68
-53
-38
-34
-56
-37
-44
-49
-3
-19
-56
-84
-80
-54
-57
-21
-5
-21
-16
-41
-11
-25
-79
-75
-87
-66
-63
-53
-3
9
6
10
25
47
41
56
45
14
43
48
107
107
124
121
58
96
57
82
65
37
74
62
83
41
54
50
22
58
60
66
65
74
89
98
76
95
84
75
96
50
52
9
51
56
38
43
-2
24
-25
-23
-31
-31
-22
-35
-47
-93
-95
-63
-37
-42
-26
-9
-9
-52
-86
-66
-47
-46
-47
-44
-44
-44
-47
-19
13
-7
-15
-4
-28
-11
-18
-14
12
-4
29
54
41
39
18
17
11
1
30
40
82
53
7
19
21
20
9
20
-19
-37
-45
-33
-36
-51
-10
0
31
-7
-39
-27
-60
-55
-111
-126
-76
-57
-58
-69
-70
-110
-85
-72
-92
-106
-135
-133
-114
-63
-66
-56
-29
-25
-15
-31
-43
-28
-7
-10
17
26
26
54
39
50
59
11
19
1
-35
-6
18
62
68
82
83
82
72
17
58
107
99
90
114
107
74
76
63
63
60
56
55
41
54
47
50
36
65
82
83
99
50
34
6
18
36
0
-5
21
31
31
3
-11
7
0
-14
-22
-19
-42
-23
10
25
43
32
-6
4
19
10
-14
-41
-14
-11
11
-11
-17
10
-5
15
4
-36
-62
-55
-48
-33
-15
-20
-12
-9
-21
-41
-85
-92
-70
-51
-44
-48
-57
-51
-20
-16
-42
-56
-50
-70
-79
-72
-44
-29
-29
-64
-69
-56
-40
-46
-70
-61
-51
-9
-68
-29
3
-32
26
22
54
24
-10
28
10
10
13
38
30
3
8
-16
13
37
36
20
11
-18
-42
-32
-23
-22
-28
25
33
44
19
-15
1
-7
21
43
56
54
43
35
50
50
30
22
7
-12
-25
-27
-26
-9
27
70
92
87
42
7
23
25
16
27
42
53
65
83
52
38
29
20
47
29
48
28
-3
16
16
28
28
39
34
20
1
18
19
4
16
28
66
56
76
83
28
-9
-30
-37
-38
-42
-46
-40
-42
-32
-20
-29
-24
-18
-25
-25
-28
-16
-22
-28
-12
-29
-22
-22
-40
-37
-76
-50
-11
-24
-60
-90
-42
-13
-2
3
4
-31
-52
-48
-41
-22
-20
-12
-29
-13
-22
-35
-25
-29
-2
-4
-4
-16
-45
-51
-66
-32
-19
-35
-42
-52
-38
-35
-69
-64
-63
-94
-37
-21
-39
-19
7
3
-6
2
8
15
-22
-27
1
42
61
50
56
33
-3
18
32
-6
27
28
0
37
49
71
56
28
55
47
29
60
53
45
48
56
92
108
95
78
78
85
81
37
29
12
19
65
69
79
59
61
37
50
28
3
22
9
18
-12
7
9
28
4
-7
7
-42
-38
-40
0
0
-10
18
30
38
14
-4
16
12
-13
-10
-38
-28
-32
-53
-29
-15
-21
-28
-22
-38
-56
-74
-68
-70
-59
-26
-21
-12
-4
-19
-58
-52
-40
-93
-101
-57
-58
-43
-45
-48
-45
-49
-40
-48
-63
-65
-55
-56
-21
-5
8
28
41
31
-16
-44
-22
27
5
-12
4
-3
-11
-13
-18
-39
-47
-29
-44
-53
-47
-54
0
34
43
29
43
52
27
19
3
18
6
10
38
72
85
48
11
6
34
15
17
25
-10
6
22
41
60
54
45
48
42
-2
-1
8
-4
9
34
57
47
33
38
46
43
35
45
50
48
58
67
75
82
98
111
86
60
34
13
36
8
7
11
40
88
59
51
-5
-7
-7
-37
-70
-105
-90
-101
-52
-41
-45
-36
-67
-57
-65
-48
-61
-82
-59
-61
-20
-34
-51
-31
-37
-45
-53
-26
-35
-34
-55
-63
-6
11
31
29
31
10
-30
-49
-33
6
10
13
-4
22
9
-1
-13
-25
-11
-27
-10
-44
-40
-30
-10
-35
-58
-10
-28
-19
-34
-100
-100
-59
-38
-7
-3
7
7
19
9
3
48
56
15
-21
17
41
69
46
36
44
29
31
22
51
23
-16
-14
17
34
36
50
63
56
23
28
10
10
35
15
18
32
6
-17
16
12
-12
-19
-31
-9
-29
-30
9
-4
12
43
53
43
48
50
13
0
1
8
3
15
25
63
76
35
29
3
-1
2
-2
-22
-34
-2
1
-12
9
29
44
20
0
-2
5
-13
-11
6
-12
12
-3
1
-4
-30
-35
-33
-34
-57
-19
0
3
17
24
4
-22
-13
-7
-25
-33
4
9
3
16
31
45
13
-22
-15
-19
-38
-29
-22
-66
-69
-69
-42
-14
-54
-58
-54
-55
-85
-107
-74
-42
-34
-21
-19
-8
16
-6
-39
-38
-38
-32
-17
-10
5
-19
-5
25
41
8
0
7
-23
13
27
47
25
18
44
61
52
51
79
65
31
-8
9
24
60
66
71
83
60
35
15
29
4
-15
-36
-45
12
-3
0
50
49
31
4
25
8
12
-10
-19
4
-31
-1
-21
-13
-20
-32
4
13
17
11
3
0
28
40
3
-21
-13
-13
-10
-14
-21
-16
0
-23
-13
22
19
25
47
32
-18
18
9
-7
-5
6
26
15
25
13
6
-12
-7
3
-7
-23
-29
-1
23
8
0
2
-32
-17
-25
-37
-19
-8
-25
-38
-20
-15
-21
-25
5
-16
-8
5
-9
-7
-29
-6
-8
-3
26
24
-2
22
12
-56
-57
-36
25
11
-5
16
6
-29
-23
16
-6
-4
-3
-17
-26
-21
-30
10
9
0
16
-40
-42
-41
-14
10
4
-6
14
8
3
18
22
5
-9
13
-18
-22
-44
-6
13
17
14
10
7
-45
-34
-40
-1
-9
15
20
9
11
-2
28
6
-3
3
3
-29
-36
-19
12
7
-11
-1
7
22
25
12
-13
0
15
31
46
60
61
26
25
72
63
51
68
66
57
14
29
47
23
34
47
45
34
9
19
21
31
58
36
39
33
28
45
58
51
34
19
-3
-1
0
6
-3
-20
-35
-35
-25
-22
-44
-71
-56
-57
-86
-81
-61
-64
-82
-76
-58
-68
-88
-77
-62
-70
-49
-44
-32
-55
-44
-49
-71
-41
-63
-53
-35
-34
-52
-47
-22
10
59
39
16
17
-3
0
-5
-6
8
-1
0
0
1
10
12
27
43
25
24
-19
-36
-24
-29
3
20
41
42
7
15
71
47
37
47
66
79
22
50
66
57
38
32
32
-6
-4
-27
-22
9
29
45
22
25
41
23
25
18
-15
-10
19
57
21
2
25
4
17
8
-24
-11
20
-11
-8
9
-4
16
30
42
-10
-21
10
8
20
29
44
39
-3
-5
9
13
-8
-33
-33
-35
-1
-4
-15
-32
-28
-55
-80
-54
-82
-86
-79
-47
-56
-77
-46
-51
-38
-41
-83
-82
-24
-14
-19
4
10
7
0
27
39
44
43
26
23
-6
9
45
63
39
42
77
68
48
26
41
48
66
34
21
42
16
11
-20
-15
0
-3
10
3
14
32
28
12
-15
-48
-41
-5
-18
-34
-57
-69
-77
-70
-62
-70
-48
-48
-35
-51
-24
-7
-19
4
-24
-30
-19
-42
-35
3
-5
2
6
6
-7
0
-1
-15
0
-15
3
10
24
38
61
69
73
86
67
69
60
60
51
65
50
32
15
23
42
10
23
16
14
16
14
-22
-40
-16
14
19
3
23
-5
-12
-38
-67
-50
-62
-56
-43
-40
-22
-25
-22
-20
-22
22
-15
-10
10
5
-3
-35
-16
9
30
24
47
26
-19
-9
0
-1
11
21
25
38
39
27
21
46
26
-18
2
25
35
29
-15
6
13
6
20
7
18
25
11
-19
-23
-20
0
-7
-7
1
-5
-1
-19
-16
-30
-16
-22
-14
-6
-23
-21
-15
-23
-46
-11
-24
-64
-51
-49
-55
-53
-37
-18
-23
-29
-32
-9
3
-2
-2
-8
8
-3
-19
-19
-9
-16
-21
4
-14
-37
-38
-40
16
15
-37
-18
14
21
8
3
-16
3
27
41
79
38
25
12
15
51
24
22
19
0
-2
16
19
38
24
-18
18
48
53
38
40
45
19
14
53
71
57
50
42
37
22
-2
-18
-4
-12
-15
-9
11
31
15
-4
-25
-13
-19
-39
-13
12
-4
0
9
30
47
8
-12
13
9
-17
-6
-13
-19
-1
2
11
16
16
1
-4
-5
-14
-20
-37
0
-11
-21
10
27
18
-15
-21
-48
-3
10
-10
-21
-18
-29
-53
-21
-4
-7
-34
-20
-31
-58
-26
-19
-39
-7
-18
-31
-39
-72
-52
-58
-38
-14
-16
7
-3
-11
5
3
21
-12
-31
-37
-40
-28
-40
-10
2
13
-3
0
19
9
-2
-5
37
31
6
32
27
54
89
52
16
7
23
19
4
-14
2
-4
-5
12
-7
15
28
33
21
3
7
40
36
6
-16
-10
21
9
44
52
13
1
16
17
26
42
35
33
17
7
-3
18
15
15
25
10
3
-7
13
16
12
26
11
19
50
31
32
51
10
-35
-5
6
-10
-22
-32
-6
0
-16
-49
-65
-35
-28
-23
-9
-4
5
-12
-19
-36
-50
-17
-9
4
-3
-13
-20
-16
1
-38
-39
-32
-12
-21
-53
-31
-20
-31
-60
10
7
-40
11
-9
-4
-1
-12
6
6
3
7
4
8
23
23
33
15
22
8
1
3
-25
-31
-35
3
-6
-16
-54
-63
-25
-44
-15
23
22
-22
-31
-23
-21
4
7
13
9
-11
-28
-40
2
10
6
36
28
33
4
3
40
24
25
21
18
46
28
-2
16
39
23
11
41
39
26
16
27
60
32
28
25
32
19
-23
17
12
-35
-39
-17
-6
-13
-1
-5
-20
-27
-25
-29
9
56
50
23
33
47
30
35
9
6
32
19
17
32
9
-10
-11
14
14
-13
14
10
16
10
3
21
7
9
1
2
11
-7
-9
-30
-45
-31
-40
-55
-66
-49
-43
-42
-36
-21
13
-26
-63
-67
-54
-20
-3
-18
-47
-26
-12
-26
-22
-10
21
13
-12
-4
5
-10
-17
-2
-5
-12
-9
13
34
33
-2
-35
-34
-31
-28
-27
17
35
19
31
26
46
41
12
-18
-50
-5
-10
5
-7
-45
-47
-51
-2
-8
16
23
16
0
-19
5
12
17
-7
9
19
28
42
39
35
-9
-21
11
37
29
8
-16
-23
-2
-1
19
48
30
6
37
81
70
57
36
13
28
45
43
30
25
21
8
32
6
-3
20
-11
-15
-25
-19
-19
-4
2
23
22
-3
5
9
35
9
18
-6
-37
-12
-7
-14
8
27
9
19
6
3
-2
-51
-52
-49
-39
-16
-42
-49
-25
-14
9
12
-17
-2
14
-18
-19
9
-26
-47
-33
-29
-20
-51
-6
-10
-57
-32
-15
15
-1
-31
-32
-44
-60
-61
-40
0
-15
-23
3
6
-13
-40
-7
5
6
12
-4
12
28
0
4
7
-21
-7
-20
4
32
-3
4
26
54
52
59
71
33
18
23
31
22
33
-4
-13
3
6
27
16
32
-8
-3
5
-7
-3
-12
3
-6
23
37
17
26
29
15
16
39
32
23
18
-25
-15
-31
-29
15
-12
-19
-17
6
3
-1
3
-7
4
6
22
-3
0
7
0
-8
-22
-1
-3
-17
-29
1
16
2
7
28
38
-9
-11
3
3
15
40
45
25
2
3
48
12
-13
36
44
3
9
31
29
25
-19
-45
-26
-2
-29
-42
-29
-23
-11
3
9
-2
-45
-75
-54
-72
-54
-38
-36
-44
-63
-41
-19
-27
-41
-42
-16
-16
-63
-32
-21
-13
-25
-35
10
15
6
-4
-3
-27
-17
1
-4
10
27
36
28
22
26
-9
10
26
12
38
23
78
70
10
20
23
35
27
47
58
31
45
50
43
43
46
44
6
10
21
32
30
20
23
-19
-41
-36
-13
-32
-34
-10
-9
-51
-81
-32
-17
-35
-41
-39
-35
-21
-17
-25
-29
-31
-22
-19
-21
-32
-44
-31
-26
-17
15
35
34
38
25
31
63
54
48
37
60
69
60
75
56
42
0
-3
34
29
26
14
33
22
6
5
9
16
-2
6
-29
-7
7
11
29
23
37
-25
-39
5
-8
-13
-31
-68
-47
-38
-28
-19
-20
-41
-57
-31
-74
-107
-122
-98
-41
-41
-13
-16
-22
-18
-35
-24
-4
29
12
-7
0
-13
-18
-16
11
22
-2
-1
0
1
9
-3
13
40
40
40
25
23
12
0
19
28
25
16
38
43
31
12
-21
-16
-31
-40
-5
-6
2
-4
0
34
27
22
12
9
-5
5
17
8
7
-3
-6
0
2
16
57
35
5
-15
24
29
-1
45
25
27
42
23
10
-5
9
4
16
36
13
-4
-6
19
53
47
14
-7
-25
-28
-34
-21
-13
-40
-20
0
-12
-27
-20
-32
-13
-3
-24
-44
-20
-9
-18
16
1
12
-6
-6
0
2
-20
-33
-10
-21
-14
-9
35
-2
-19
-19
-20
45
25
0
41
58
15
-8
4
-10
-12
-3
-25
-16
-9
-35
-55
-54
-44
-26
-20
-11
-14
-47
-26
-13
-1
-8
-2
21
16
7
-3
25
19
6
1
0
10
-37
-56
-10
-4
-4
-1
-6
-10
-18
-1
19
52
24
22
41
31
37
29
59
38
25
49
38
-3
20
11
-16
0
-30
1
2
8
23
-3
-4
18
29
19
17
-10
-13
4
-5
-13
-8
2
-6
5
42
48
21
23
-1
2
12
-17
-13
-19
-23
-23
-9
-34
-11
23
-14
-20
-39
-31
-19
-25
-15
-9
9
3
-15
-6
-5
-4
-29
-53
-32
0
11
19
9
14
43
16
25
23
14
-14
-33
-39
-31
9
-11
15
22
-6
25
51
2
-7
7
1
-4
-3
3
17
24
-15
-13
-15
9
19
-8
-19
-19
9
-1
2
-4
-11
-17
-52
-16
44
60
42
21
21
-7
13
6
-25
16
2
3
18
-6
-29
-19
25
9
-32
-32
-11
-6
-32
-37
0
2
-10
-15
-14
-20
-33
-28
-27
-13
7
0
-30
-39
-42
-15
14
18
28
16
-13
-28
-38
-19
28
8
5
14
9
22
-4
-18
14
36
19
22
45
67
61
56
55
41
46
45
29
32
59
44
26
25
26
39
36
24
19
22
-14
2
41
16
-28
-33
-28
-84
-72
-56
-70
-74
-85
-62
-42
-29
-31
-34
-7
-17
-11
4
-14
-20
-47
-19
-21
-18
4
-14
-18
-34
-25
-3
0
3
45
42
24
7
-7
1
-14
-4
-19
-11
7
-9
-11
9
37
35
26
15
-2
28
44
26
33
38
20
35
41
22
15
0
11
20
28
16
-4
19
22
-6
-3
19
8
9
-6
-17
19
-6
-33
-3
-1
-7
16
2
-7
-25
-44
-31
-36
-18
-42
-47
-10
12
21
-2
-31
-63
-57
-68
-59
-45
-50
-46
-12
37
33
3
6
19
20
31
35
59
63
27
-4
22
23
21
32
-21
-41
-21
-19
-32
-36
-28
-2
-2
16
25
13
22
27
6
10
40
35
27
-10
-10
11
-3
0
53
63
28
16
20
19
8
12
18
22
-22
-6
0
-29
-40
-44
-5
-24
-43
-43
-38
-22
-35
-36
-10
6
8
6
-23
-33
-14
-1
19
32
23
-13
-19
16
36
29
19
5
-11
-17
-5
25
47
12
4
41
32
37
7
-24
-4
-3
12
25
26
24
12
14
-17
-9
23
-21
-15
-12
-6
11
-18
-62
-54
-47
-58
-36
-29
-6
-4
36
12
-3
39
14
-12
-3
15
4
3
-13
3
-29
-31
-28
-29
-19
-47
-6
-17
-1
14
4
-25
-52
-28
-50
-24
11
19
35
-13
-25
31
26
11
15
20
22
25
18
0
22
24
15
22
27
10
-3
25
34
-3
-25
-3
20
41
41
45
59
25
34
48
50
36
10
40
35
20
10
-6
-28
-51
-41
-21
-13
-31
-45
-22
-34
-35
-29
-41
-29
-57
-42
-17
20
38
7
3
-24
-37
-15
-5
10
-3
0
-6
-31
-1
-2
-13
-1
20
-27
-19
15
-3
-6
-12
12
-21
-2
11
16
23
30
69
72
53
21
22
15
47
51
32
15
-6
12
0
-30
-35
-23
-12
-18
-22
-25
-8
-13
-32
3
1
-19
-33
-15
-11
-38
-27
-7
-38
-53
-16
-13
-7
-8
-13
-36
-22
-14
-27
0
3
-32
-34
25
23
3
4
12
28
8
-9
4
9
-19
-15
8
-4
-22
-29
8
50
22
19
19
26
26
9
26
27
9
-4
22
42
64
63
51
48
2
-4
-18
-16
-14
-13
3
-5
27
1
-3
12
-5
-6
3
33
38
28
27
37
50
18
-5
11
12
12
22
48
4
-10
-13
-51
-20
1
-17
-43
-57
-42
-34
-53
-56
-89
-97
-52
-43
-47
-35
-23
-10
10
27
29
19
35
41
41
22
-7
-13
-5
5
9
9
1
-25
-16
6
3
19
13
17
-5
-32
-48
-13
-5
-12
28
-9
-16
-25
-22
-6
8
22
4
9
2
-3
4
-9
-20
-25
16
6
-32
-2
19
31
-1
6
-16
-26
15
22
7
18
25
-11
-4
-21
19
32
34
58
30
22
0
28
22
-30
9
38
1
-12
14
43
41
22
9
0
-20
-12
-8
-10
-5
4
1
-40
-41
-34
0
10
-7
-38
-48
-46
-35
1
0
20
23
12
1
-6
20
28
-19
-28
4
-4
-3
8
11
13
-6
-19
-10
10
41
22
16
8
-9
3
-2
0
-1
4
23
51
61
31
20
21
21
39
21
6
8
-7
-6
-6
-1
-17
-28
-4
1
-11
-27
-25
-29
-47
-47
-57
-72
-66
-42
-11
-12
-28
-12
3
3
6
4
-4
3
-7
-15
14
41
26
-12
-18
-14
-42
-66
-39
-34
-40
-51
-10
13
-17
43
49
30
26
-9
-13
4
22
35
22
40
49
19
33
34
23
43
52
15
10
3
-14
3
-3
-6
-5
-16
-2
5
9
19
11
35
41
39
47
28
35
21
-4
-16
-23
17
1
29
46
-14
-10
-13
-15
-26
-22
-16
-52
-54
-19
-6
-6
-30
-84
-48
13
0
-12
-8
-13
-9
-20
-23
16
21
3
3
-9
4
12
30
23
-6
-5
-6
13
29
32
10
15
-24
-53
-8
16
34
18
25
43
34
17
31
42
23
13
-27
-16
-17
-42
-40
-26
-15
-34
-51
-28
-18
-43
-44
-26
-20
-12
-17
-3
15
-12
-3
0
-10
-20
-41
-2
-8
-40
-36
-33
6
15
16
12
1
-3
-16
15
36
44
38
26
3
21
51
59
77
43
26
-11
-28
5
12
28
23
30
3
-13
6
6
18
-16
25
51
51
69
25
7
10
12
9
-10
-1
22
10
10
-14
-17
-12
-22
11
-5
-26
-24
-23
-28
-32
-33
-25
-38
-77
-72
-24
-30
-59
-26
-26
-45
-46
-29
-34
-34
-10
-10
-13
-9
-16
-2
17
-8
-2
-3
9
-17
-9
23
28
39
11
4
-1
19
22
32
25
54
44
23
55
40
63
12
-5
48
63
77
44
29
1
1
31
29
11
29
32
0
7
4
-35
-52
-15
-24
-18
2
29
22
-22
-1
-25
