20
9
3
15
25
31
24
28
12
9
21
39
35
9
-19
-36
-26
-10
16
3
-11
-46
-75
-87
-60
-15
7
32
-11
-53
-41
-34
-25
15
33
27
-8
-32
-25
-36
-10
22
38
34
20
-6
-12
-3
-10
26
49
42
20
-3
16
-3
7
29
29
17
-15
-41
-56
0
31
31
37
19
-11
-37
-18
29
13
12
42
46
31
-11
24
11
-2
-3
-27
-10
-19
-6
-21
-22
-22
-8
33
18
29
16
-12
1
15
48
19
21
14
-20
-1
-10
9
12
-7
-23
-23
-25
-18
-1
-15
-11
-7
-13
-4
-20
-21
-13
-28
-6
-50
-44
-60
-82
-63
-51
-26
-16
21
4
2
0
19
-3
5
12
0
13
-13
4
5
26
15
0
0
0
-5
10
14
-2
6
-7
-20
-20
-4
17
31
19
33
36
20
36
56
54
44
27
31
38
29
37
10
1
-18
-16
-6
-8
1
-3
5
-3
9
15
12
1
-25
10
3
11
31
9
25
4
2
-1
-6
6
1
3
-6
-8
-1
2
-39
-28
-26
-57
-57
-52
-52
-44
-25
-51
-54
-40
-55
-45
-15
1
5
-13
-9
0
-25
6
31
22
15
-5
4
19
11
20
16
-2
12
14
13
-5
0
21
20
9
-8
3
9
25
19
34
35
27
31
50
48
26
50
25
19
3
23
32
16
1
2
14
13
9
-6
2
-33
-8
7
0
0
-15
-8
-22
-33
-15
-20
-19
-19
-44
-39
-31
-36
-43
-35
-13
-22
-28
-15
-28
-3
-12
-13
-11
-26
-6
-5
9
-14
-22
-16
-5
5
-2
-3
6
-7
-6
21
32
35
38
38
7
5
27
25
19
10
19
41
18
15
29
18
8
-14
-3
24
12
16
11
-2
8
-3
20
13
6
0
1
8
7
-10
-24
2
3
-8
-22
-7
-7
-5
-7
3
-16
-38
-16
-12
-4
-10
-19
-3
-8
-10
3
-5
11
-5
1
0
-15
-11
0
-1
-7
3
4
16
-6
6
-11
-4
-4
-20
9
4
-3
-9
-4
-8
-27
-41
-14
1
-12
-20
-12
4
6
12
40
38
28
32
32
34
46
44
42
38
19
30
17
29
1
3
28
-18
-29
3
-2
-25
-17
-29
-23
-8
-7
-48
-45
-32
-23
-26
-26
10
4
-3
-2
3
3
10
-7
9
9
19
29
14
22
3
-10
-19
-14
-18
-16
-10
-3
-4
-15
-19
-34
-15
-13
-44
-6
15
2
4
-7
-6
-6
0
-9
7
29
13
12
23
19
19
30
15
-8
-2
-8
-12
-5
-15
10
1
19
32
-10
-16
-25
0
37
29
8
1
10
23
11
1
0
-6
-15
7
11
7
25
-12
-6
10
3
15
-8
1
3
9
30
25
37
29
-10
-19
-9
-11
6
-4
-3
-2
0
-4
-16
-9
-16
-25
-41
-21
-24
-43
-20
-7
-45
-59
-63
-70
-32
-37
-27
-14
-5
-2
-11
0
22
4
0
22
17
44
18
48
58
32
28
2
44
40
8
7
5
8
24
20
13
14
7
-23
1
10
-6
-7
-16
6
-32
-22
11
2
-3
5
7
8
27
41
8
7
31
4
11
30
29
15
2
3
13
-9
-3
22
5
3
4
18
1
-17
-19
-2
-7
-12
-9
-34
-4
-16
-26
0
-18
-19
-23
-38
-30
-35
-34
-20
-24
-10
-9
-30
-17
-15
-41
-50
-27
-14
-18
-12
-15
-26
-35
-38
-15
-19
-16
-3
-20
1
-3
10
28
4
25
32
33
27
38
39
37
34
36
51
43
51
20
16
17
34
44
23
34
14
23
17
-9
0
18
13
5
27
36
15
6
25
23
32
18
-3
5
-4
-4
-6
-5
-13
-37
-31
-29
-19
-17
-31
-27
-23
-10
-26
-31
-32
-40
-22
-21
-17
9
6
-13
-21
-24
5
-4
6
5
-29
-28
-20
-7
5
18
3
6
6
-14
-19
1
-3
-23
-17
-15
-16
-35
-28
-8
-10
0
-1
17
15
-1
20
18
12
-4
14
34
23
43
41
35
23
9
6
1
33
28
3
13
-1
17
11
0
0
-9
-6
2
17
0
12
5
-10
-1
3
9
15
16
6
-16
-3
5
-21
-12
-9
-26
-9
-7
-41
-29
-19
-25
-39
-33
-8
-19
-13
-12
-34
-34
-2
7
-21
-19
19
20
32
2
-12
23
17
25
20
22
8
15
24
18
28
35
39
22
19
0
-7
7
7
-9
-7
-15
-13
6
-13
6
13
7
6
15
-7
-16
12
-3
-4
-3
13
17
14
23
6
15
39
9
-1
30
21
-6
-15
3
-14
-22
-10
-25
-47
-33
-29
-52
-35
-26
-44
-48
-18
-22
-32
-31
-29
-32
-9
10
11
30
1
0
2
20
2
-23
-6
-4
-11
-19
-18
-22
-20
-25
-15
-7
16
8
30
31
23
38
34
51
16
36
45
25
49
45
42
48
47
45
25
23
5
-3
-12
-33
12
-7
-9
-25
-5
9
-32
8
-7
-16
-32
-15
-12
-10
-17
-34
13
13
16
1
40
19
-19
4
-6
-7
-21
-22
-25
-28
-16
-25
-19
5
-37
-37
-23
-15
-11
-1
15
-6
-4
9
21
8
6
5
16
16
10
3
20
34
15
38
18
9
-2
-22
-28
-17
-4
-31
-34
-10
-22
-22
6
-6
-19
-22
6
-8
-18
18
7
17
31
8
10
22
35
27
2
28
-5
-3
4
-35
-3
0
-3
-3
-8
-14
-15
-4
6
-1
9
-19
-39
-13
-19
-12
-8
-2
-16
0
15
2
10
-3
12
22
6
31
12
-2
16
1
5
16
23
4
1
3
3
6
-9
9
22
13
6
15
27
33
6
15
32
20
26
13
7
-14
-20
-9
-7
-6
-6
-35
-36
-45
-38
-5
-20
-10
-36
-23
-19
-34
-9
-18
-8
-9
-22
-3
0
-3
-4
9
22
1
10
17
6
-2
-3
0
7
13
-16
-11
31
41
-2
-10
4
-20
-29
3
30
20
19
36
41
50
40
29
31
26
25
-4
16
-2
5
25
-6
11
-5
0
-18
-36
-44
-43
-44
-52
-42
-51
-29
-45
-41
-26
-16
-18
-19
6
-13
-14
-6
0
21
25
14
18
35
26
6
-2
15
-2
-6
5
-18
0
-6
-14
14
-10
-22
-16
1
17
16
28
32
16
-5
22
28
27
39
11
22
18
14
38
39
23
-7
-2
-10
-39
-32
-14
-28
-15
-5
-22
-15
-18
-29
-16
15
-7
5
22
27
32
16
14
10
25
32
20
32
56
21
26
26
38
13
-8
14
-18
-23
-29
-6
-23
-37
-29
-13
-19
-34
-49
-43
-31
-64
-32
-19
-13
-28
-5
-10
-26
0
-3
-3
-16
-20
-9
7
4
3
-25
-3
-3
-21
1
-10
-10
-23
-3
-3
-11
15
11
0
2
22
38
15
42
43
31
36
40
76
41
40
39
38
25
17
28
-5
-7
-15
-4
-18
-38
-19
4
-8
-3
-4
-8
-1
-22
-20
-17
-13
-7
-10
-19
-21
-12
-10
-3
3
-3
-4
-14
-12
-1
-2
1
0
3
0
-11
-10
6
-1
3
1
-18
-3
-4
-9
2
-2
-2
0
-1
13
19
0
0
5
9
22
14
26
16
14
30
-6
22
13
-4
11
-3
-6
-19
6
-8
6
10
7
15
-16
2
9
18
6
11
9
24
18
-9
0
1
5
-6
4
-9
3
3
-10
-13
-12
-20
-23
-22
-11
-31
-35
-3
-16
3
-15
-13
-4
-6
-5
-1
18
11
-5
-9
-14
-22
-16
-3
37
11
0
-1
-1
12
-6
13
13
-5
-6
-10
-8
-11
-22
2
22
-1
-22
-6
3
10
-10
8
26
13
15
-13
-2
-7
5
-22
-17
-2
-38
-37
-35
-16
-41
-22
-18
-19
3
0
13
9
12
4
13
30
33
46
57
38
45
35
40
61
48
29
26
27
1
2
3
19
21
31
27
12
13
9
5
-10
-6
3
6
-2
-13
-38
-26
-19
-14
-30
-27
-13
-15
-25
-56
-43
-56
-32
-22
-14
-29
-40
2
-25
-32
-22
-22
-18
-21
-11
-17
-37
-2
-14
7
4
6
45
17
9
-6
10
-3
10
10
34
43
8
13
25
38
31
39
20
25
21
22
35
26
29
20
21
33
16
7
13
-2
0
-6
-7
-5
-16
-6
-15
-16
-9
-15
-24
-15
-11
-49
-23
3
-9
-25
-22
1
-11
-16
-15
-10
-25
-25
-15
-21
-4
1
-21
-13
-12
-6
-3
-15
2
-15
-1
7
18
37
24
17
17
24
0
23
18
16
20
-5
6
7
19
2
3
15
12
-7
-9
-3
-27
-17
-25
-16
-2
-3
-14
-26
-1
-11
-3
6
0
3
-3
13
22
17
36
44
41
35
5
7
-9
-4
26
12
3
3
1
1
6
-3
2
3
9
4
-11
-12
-12
-7
4
3
-3
-9
-23
-1
12
12
3
27
24
-7
11
-9
-14
-15
-14
-11
-21
-8
-21
-47
-38
-31
-57
-33
-18
-29
-20
-22
1
-1
2
6
15
24
25
22
-11
11
18
32
47
57
59
23
12
19
22
-7
4
2
-12
-15
-40
-19
-12
-24
-26
-17
2
-16
-22
-15
-14
-10
-14
-7
-7
0
6
4
2
6
0
6
3
7
16
-19
-6
5
-6
-7
-9
1
9
13
6
10
16
14
7
9
1
4
20
32
28
12
12
1
16
7
-7
10
2
3
6
30
20
-4
26
23
13
0
2
-3
-36
-10
-2
-1
3
-7
-10
-25
-14
-22
-30
-29
-28
-20
-12
-29
-8
19
-7
4
25
31
7
5
32
16
0
0
21
21
3
-14
-18
-6
-1
-18
-31
-19
-39
-32
-23
-19
-17
-28
-36
-60
-52
-32
-26
-22
-5
-9
-3
0
-17
-28
-6
3
0
22
10
29
22
15
23
34
42
43
41
39
38
32
34
42
47
35
39
17
41
25
25
38
16
15
4
15
1
0
-2
-8
-3
0
-12
-20
-8
0
-21
-25
-25
-48
-7
7
-10
-16
-18
-12
-18
-6
0
-5
20
10
-3
16
13
5
13
12
-5
-6
-11
1
-12
-19
-7
-33
-45
-23
-29
-64
-28
-30
-56
-28
-14
-39
-29
-15
-26
-14
-9
-1
-15
-9
10
-4
0
27
20
12
31
14
10
26
25
50
24
18
19
-9
4
30
19
18
25
-6
13
-15
-7
19
23
28
58
50
17
11
4
37
7
18
26
20
22
13
-19
9
8
-5
4
-24
-20
-44
-23
-44
-36
-19
-26
-40
-44
-45
-48
-35
-32
-19
-22
6
5
14
5
38
33
16
25
11
35
17
26
12
23
14
3
16
10
17
9
12
-24
-16
-3
-6
-3
-4
-7
3
0
-12
-31
-29
3
-14
3
-1
-21
-7
-18
-45
-13
1
-11
-10
-1
-1
-5
12
-17
-16
-12
3
-23
2
7
-14
47
40
32
22
11
7
21
34
25
15
33
17
-3
18
20
12
-10
0
-6
-10
-10
-8
0
-31
-6
0
7
18
-9
6
-1
-11
-17
-1
5
0
20
17
-13
-1
6
4
12
-19
5
-19
-34
-16
-40
-33
0
-17
-5
3
-35
2
-18
-28
-14
-1
4
-4
-3
9
3
-6
3
-13
-1
-8
-17
-21
-22
-18
13
-16
-4
19
19
25
2
31
20
21
38
40
28
38
45
36
25
14
12
30
31
23
29
0
17
-7
-14
-24
-41
-4
-24
-22
-27
-29
-11
-16
-20
-1
-1
0
1
-12
7
4
5
7
-9
-4
0
7
25
-15
0
20
7
15
-10
11
7
13
12
14
4
-4
10
4
12
-2
-10
-12
-4
-12
-19
-38
-11
-16
-21
-16
-26
-4
-39
-32
-52
-16
-10
-28
-5
-1
8
-20
-25
-18
10
9
-6
-6
3
0
4
6
16
22
10
17
9
12
-9
3
17
-2
-16
-8
23
33
28
13
22
28
24
25
43
21
12
12
1
13
6
22
18
2
-7
-21
-29
-13
-4
5
-20
-8
-1
-27
16
-20
-7
7
-17
-12
11
-7
-18
4
-15
7
7
9
-16
15
30
-9
-1
-3
-1
-13
-10
-7
-25
-16
25
-5
-13
1
-16
1
-13
-14
-27
-7
13
-11
7
0
4
8
19
25
7
-2
-1
-1
16
32
29
46
19
11
21
25
3
-10
11
19
19
6
12
7
0
4
12
12
2
-16
2
2
1
4
-3
-8
-48
-51
-33
-28
-59
-68
-64
-65
-56
-41
-50
-38
-12
-32
-22
13
7
4
-3
-12
10
0
25
27
19
26
39
30
19
15
20
35
22
25
12
16
31
31
17
25
6
20
17
15
35
26
35
22
23
3
7
2
6
-2
-1
1
-14
-9
-11
-25
-34
-3
5
1
-5
-8
-16
-4
-17
-22
-22
-25
-19
-11
2
-5
-12
-28
0
3
4
9
3
2
6
9
20
31
12
24
13
16
8
-11
10
1
-6
-11
-11
-3
3
-10
-9
-13
-34
-6
-3
-3
-6
-22
-23
-22
-8
-20
-12
9
-2
-28
-20
-16
-23
-37
-18
-11
-26
-20
-36
-5
5
-7
2
2
-3
-1
11
4
7
14
18
18
15
39
31
31
47
16
41
57
35
39
34
45
30
16
26
31
29
23
31
16
6
-7
-5
-3
-27
-19
-35
-18
-16
-19
-5
-39
-19
-14
-16
-15
-27
-12
-10
-30
-12
-12
-22
5
-11
-4
-4
-1
3
0
19
6
-2
-17
0
6
-1
13
16
12
12
-1
-20
-11
-26
-16
-11
-35
-28
-38
-1
-21
-39
1
-17
3
0
28
47
9
4
4
9
38
23
15
34
10
10
23
42
38
20
5
0
-1
3
6
7
23
7
-19
-25
-35
-28
-19
-27
-29
-47
-38
-12
-23
-18
-10
-19
-23
-25
-6
11
-6
3
3
-3
-2
0
7
7
21
6
15
43
28
21
22
27
31
13
24
24
8
47
22
1
12
17
19
-10
-6
-3
6
12
16
20
13
-8
-17
-2
-3
-10
-1
0
-32
-51
-36
-1
-15
-18
-12
-15
-7
-19
-18
-42
-13
-3
-30
-1
-12
-11
17
14
-2
-5
13
18
10
17
36
31
37
38
12
25
17
-4
-11
-24
-3
-2
-13
-2
-25
-25
-19
-39
-28
-42
-37
-31
-24
-33
-56
-26
-15
-18
-25
1
-7
-19
-22
-17
17
10
22
17
20
47
41
35
31
23
21
42
70
56
54
45
16
13
29
33
21
22
7
17
9
14
5
-19
-19
-38
-17
-8
-12
-4
-6
-19
-3
-9
-7
-2
-8
6
0
-3
3
-1
-2
15
-18
12
13
-6
-8
-17
17
12
-3
-20
-8
-19
-22
-23
-28
-7
-14
-1
3
7
6
-20
-12
-8
-30
-20
-11
-13
-35
-36
-26
-24
-33
-28
-10
-20
-9
-8
1
-6
-6
0
15
36
2
18
28
19
15
12
36
38
35
42
29
1
8
17
8
-2
14
23
8
0
-3
12
-4
3
1
-2
4
-16
-14
3
-20
-4
24
3
27
-5
16
23
0
22
3
6
19
15
5
6
6
-1
-7
29
25
13
-3
12
12
0
8
8
33
-7
-20
-10
-7
-22
-17
-14
-23
-25
-40
-40
-35
-41
-56
-50
-57
-47
-35
-22
-13
-33
-41
-16
-7
-8
-4
4
15
2
8
-4
12
35
37
18
20
24
12
31
31
40
19
20
22
13
15
1
21
11
4
17
32
36
-11
-3
6
-17
-4
1
-3
-1
-1
-13
-23
-15
-9
5
9
3
-13
-29
-12
-19
-8
-15
-3
2
-7
8
6
28
5
-3
7
-3
4
6
-16
4
6
4
15
15
31
19
35
41
38
32
12
-13
-17
-22
-49
-56
-56
-34
-16
-11
6
20
6
-6
-4
-1
-9
13
32
11
16
23
16
-2
-10
-22
-33
-7
13
8
27
37
-2
-14
-45
-63
-50
-36
-23
-36
2
2
-29
-15
-37
-54
-23
12
-12
-2
22
21
14
-2
9
-4
19
46
56
92
117
88
77
61
23
1
-8
8
2
31
61
89
92
60
17
-11
-49
-53
-64
-92
-81
-76
-55
-68
-48
-51
-67
-97
-107
-81
-60
-36
-37
-21
-37
-52
-44
-35
-23
3
13
40
95
94
72
63
29
3
-8
16
53
76
109
128
133
108
81
59
30
2
15
7
22
33
30
16
-37
-48
-66
-46
-56
-39
0
-16
-25
-37
-67
-92
-96
-91
-57
-67
-23
-23
-47
-22
-10
21
11
-13
-9
9
36
65
75
68
19
-7
-26
-38
-35
-21
20
39
78
79
65
60
31
14
-1
-16
-35
-40
-23
-18
-23
-73
-95
-67
-58
-40
-31
6
14
6
10
-2
-5
-7
-12
-19
3
-7
6
27
15
37
28
18
38
58
74
86
112
113
84
59
47
54
74
62
57
70
33
-3
-3
-21
-23
-28
-28
-27
-16
12
-12
-34
-57
-84
-103
-111
-134
-109
-46
-47
-14
-5
-31
-72
-89
-80
-89
-70
-59
-27
-8
28
45
37
16
-16
-12
-25
0
34
53
61
66
44
25
12
15
20
7
31
37
22
2
22
-25
-58
-54
-54
-37
-26
46
67
88
90
61
12
-12
-25
-35
-4
-1
14
8
52
96
85
98
90
31
-19
-36
-88
-107
-97
-70
-36
-21
32
82
101
95
94
86
66
33
18
13
-53
-97
-157
-171
-140
-97
-25
23
54
61
68
54
48
25
-5
-36
-70
-80
-100
-49
3
37
58
93
112
91
79
35
11
-27
-49
-82
-107
-110
-94
-43
-9
4
6
0
-7
-28
-70
-54
-70
-102
-104
-107
-108
-108
-58
18
53
82
95
82
76
72
66
45
24
0
6
45
114
168
227
256
250
209
139
60
-36
-89
-104
-92
-79
-26
-7
14
29
9
-17
-65
-88
-126
-136
-150
-143
-139
-138
-130
-126
-80
-44
-13
16
45
49
55
79
21
-36
-53
-88
-63
-32
9
42
102
134
138
179
158
120
77
40
-9
-55
-45
-11
23
79
94
86
69
26
-18
-54
-91
-125
-116
-131
-94
-85
-87
-52
-9
7
10
30
-23
-16
-10
-12
-20
-67
-63
-69
-92
-60
-12
60
146
191
196
199
180
96
50
20
-16
-33
-21
6
40
79
92
102
96
86
33
-45
-93
-118
-120
-134
-153
-153
-149
-131
-104
-103
-90
-59
-34
-10
27
23
-2
-26
-92
-114
-101
-55
-22
11
82
116
148
163
167
155
118
79
27
10
-19
-21
-3
7
39
72
106
139
167
147
128
127
74
-8
-78
-135
-182
-215
-199
-183
-157
-101
-57
-15
4
11
-20
-37
-78
-139
-193
-174
-94
-41
63
118
156
184
179
148
91
60
13
-25
-22
-1
11
35
87
152
171
176
193
173
135
72
10
-69
-152
-228
-267
-246
-194
-115
-36
77
115
118
110
33
-26
-86
-151
-203
-253
-270
-221
-164
-82
15
88
142
158
129
80
27
-16
-73
-97
-62
-32
25
97
130
164
180
158
117
71
45
43
41
19
8
-22
-32
-35
-5
55
92
143
156
134
113
85
48
0
-79
-140
-164
-194
-213
-172
-96
-4
76
138
191
157
42
-69
-158
-255
-295
-290
-259
-215
-153
-52
19
82
109
74
86
56
2
-21
-38
-55
-113
-130
-83
-18
65
141
206
255
241
212
179
129
89
63
64
89
117
153
176
164
145
117
95
47
1
-19
-37
-35
-35
-55
-74
-121
-151
-164
-192
-170
-146
-145
-129
-100
-110
-135
-133
-153
-196
-213
-215
-208
-146
-63
-7
48
101
109
56
35
34
18
38
73
140
183
215
200
155
115
74
31
26
98
137
160
178
201
154
97
30
-73
-110
-127
-116
-73
-39
-50
-77
-87
-127
-176
-144
-111
-98
-79
-50
-42
-50
-38
-65
-98
-79
-66
-89
-83
-60
-14
15
81
136
165
226
248
243
197
155
76
27
-35
-78
-71
-15
70
95
154
126
91
82
78
110
98
52
-44
-136
-192
-196
-133
-61
-22
-22
-37
-31
-24
18
12
-26
-66
-115
-107
-86
-40
-12
-25
-57
-69
-88
-98
-86
-85
-73
-26
47
77
75
61
53
55
64
52
-22
-86
-119
-108
-15
71
114
98
39
0
-51
-64
-46
-32
-6
12
25
72
133
153
152
161
129
76
35
-25
-47
-77
-114
-157
-167
-124
-69
15
103
150
134
117
82
47
44
-8
-39
-29
-73
-88
-66
-62
-86
-110
-114
-130
-99
-69
-51
-32
-3
23
34
78
104
91
95
96
61
43
11
14
63
91
127
148
88
25
-37
-69
-47
-12
76
111
157
163
164
136
82
51
-16
-30
-77
-118
-164
-198
-216
-233
-216
-148
-71
-28
-1
-3
-26
-91
-120
-151
-181
-167
-116
-20
67
94
45
9
-27
-51
-17
6
13
11
10
18
57
85
112
125
105
123
115
111
83
40
9
16
65
117
153
132
109
35
-29
-58
-105
-130
-114
-78
-41
9
44
36
25
1
-25
-39
-45
-54
-72
-57
-42
16
65
89
47
-1
-16
-27
20
15
-7
-31
-48
-28
17
70
91
73
45
9
29
73
110
88
15
-43
-121
-76
-56
-98
-122
-155
-123
-82
-25
20
-36
-126
-165
-148
-22
95
105
72
-7
-95
-103
-15
63
92
53
6
-38
-53
-25
-35
-11
-30
-77
-65
9
92
147
171
140
129
127
154
175
150
81
22
-29
-66
-36
-12
24
46
66
102
132
130
76
-17
-114
-156
-154
-132
-89
-50
-22
-4
-1
73
118
78
3
-103
-154
-202
-156
-66
-50
-60
-70
-38
24
120
134
109
42
-17
-22
-1
19
-41
-132
-206
-241
-249
-155
-39
27
51
65
77
67
105
101
40
2
-38
-107
-159
-155
-142
-94
-16
36
114
177
225
234
176
117
47
12
-31
-43
-16
-2
43
73
158
253
304
336
309
260
157
72
-15
-97
-142
-171
-150
-85
25
83
137
132
11
-95
-126
-113
-99
-119
-148
-162
-181
-195
-193
-146
-151
-205
-247
-242
-186
-138
-94
-51
-19
-1
19
32
30
-6
-35
-96
-110
-66
-21
57
98
129
159
192
195
173
149
140
176
180
163
119
10
-48
-88
-96
6
73
114
88
26
22
45
80
86
44
-47
-133
-165
-171
-176
-148
-110
-82
-28
44
153
249
254
198
114
40
-3
9
16
-16
-38
-66
-123
-152
-88
-6
69
163
228
258
246
190
111
-10
-124
-204
-267
-285
-276
-244
-183
-117
-23
54
66
28
-83
-143
-168
-227
-248
-259
-290
-243
-124
4
146
193
165
66
-16
9
64
127
149
108
19
0
56
89
136
177
163
165
168
190
193
174
179
121
68
60
39
-3
-26
-55
-72
-68
-2
68
104
142
103
34
-30
-106
-216
-238
-216
-173
-99
-73
-40
-63
-60
-34
-11
29
9
-18
-61
-132
-136
-91
-86
-77
-14
35
11
13
-13
-51
-38
-47
-23
0
-3
0
-14
-40
-79
-73
-51
-19
16
54
125
151
109
52
-9
-94
-90
-32
57
177
223
256
253
204
144
48
-5
24
32
20
-20
-2
44
18
-13
-8
81
124
167
159
28
-74
-116
-106
-101
-113
-91
-70
-53
-94
-167
-182
-168
-125
-86
-16
-28
-82
-130
-147
-159
-186
-92
-20
97
111
21
29
73
61
43
85
134
188
158
85
47
35
53
135
152
118
146
177
152
39
-32
-65
-120
-116
-129
-125
-53
12
3
-94
-118
-97
-127
-152
-160
-214
-258
-199
-156
-186
-254
-291
-224
-89
9
2
35
126
162
203
228
243
215
185
171
148
144
133
157
204
262
280
341
391
322
174
31
57
119
137
122
127
74
-6
-19
-98
-117
-146
-113
-78
-198
-295
-401
-409
-362
-379
-330
-238
-225
-212
-224
-225
-231
-294
-255
-169
-31
51
17
10
25
-16
-19
61
151
240
294
374
376
303
227
186
217
216
210
275
356
376
304
174
145
101
79
37
-16
-14
-37
29
6
-31
-151
-300
-279
-223
-207
-263
-282
-301
-379
-435
-426
-368
-288
-221
-103
7
12
-57
-126
-132
-128
-91
-10
27
-6
-13
32
143
263
279
238
260
327
331
372
363
291
243
212
222
141
142
228
239
214
75
58
160
175
117
-82
-226
-236
-197
-170
-221
-233
-238
-237
-187
-153
-194
-247
-261
-232
-209
-222
-188
-208
-251
-277
-247
-94
7
78
127
158
220
217
234
231
144
91
71
85
102
91
123
192
251
273
288
340
351
291
167
58
5
-50
-98
-177
-274
-342
-270
-169
-70
35
69
88
85
71
-81
-268
-423
-487
-489
-480
-405
-301
-141
41
148
175
207
127
72
33
17
22
1
-6
-47
83
262
298
240
205
231
237
127
57
156
254
256
209
164
58
-52
-71
-35
-50
-22
52
57
-12
-108
-153
-202
-257
-217
-132
-83
-100
-160
-159
-157
-143
-101
-61
-77
-182
-180
-122
-136
-130
-92
35
145
194
227
181
148
134
155
54
-31
-21
34
121
143
165
168
256
302
342
215
15
-130
-190
-114
-173
-128
-42
5
16
-2
47
75
4
-84
-146
-166
-133
-107
-79
-158
-247
-279
-174
-71
-31
-22
29
59
-27
26
85
98
60
61
39
-46
-13
104
131
-12
-99
-17
149
159
53
32
83
76
110
172
115
13
-13
25
-15
16
83
57
3
-35
-10
-9
-58
-53
-32
-6
27
85
174
167
1
-148
-199
-178
-143
-142
-64
-31
-46
-89
-133
-130
-126
-66
-44
-37
-9
-29
-60
-116
-186
-100
67
82
49
69
106
63
-57
-41
-4
56
121
174
253
224
126
-6
-86
-139
-95
62
196
196
102
109
173
153
83
9
-18
-24
-23
37
69
39
17
57
73
111
41
-10
13
-49
-131
-216
-236
-238
-253
-328
-241
-79
16
56
-15
-46
-98
-121
-75
-86
-68
-96
-155
-111
-62
42
200
288
233
157
118
146
177
128
54
-37
-118
-145
-41
63
121
116
158
260
285
285
200
114
63
-2
-85
-180
-272
-284
-164
-115
-107
-64
-13
6
-49
-111
-170
-255
-351
-381
-365
-323
-271
-184
-89
-7
32
-32
-37
82
177
192
195
165
201
222
202
232
311
420
382
334
329
313
255
199
189
170
174
168
129
85
119
138
156
76
-1
-89
-205
-250
-308
-241
-236
-252
-256
-239
-228
-306
-325
-336
-336
-363
-386
-348
-236
-175
-170
-167
-173
-184
-196
-113
23
87
119
198
199
199
187
136
102
130
239
297
326
354
378
324
207
126
122
140
84
54
-11
-129
-123
-57
-62
-83
-79
-69
6
85
149
155
49
-77
-212
-244
-302
-327
-261
-221
-166
-100
55
171
155
42
2
25
28
25
53
66
-25
-42
36
119
100
124
226
261
238
171
95
-6
-146
-244
-235
-119
48
204
311
229
79
39
54
45
-55
-162
-167
-187
-236
-215
-204
-199
-192
-122
22
138
175
158
144
83
-14
-114
-170
-190
-238
-199
-77
-6
-10
-53
-37
32
111
181
181
126
70
32
-43
-73
-117
-115
-65
-65
4
25
40
35
63
135
119
91
43
19
27
6
-29
-64
-89
-19
63
124
156
153
131
100
67
46
81
16
-45
-63
-52
-20
-6
54
96
69
-13
-36
-37
-67
-107
-106
-144
-139
-92
-26
63
45
-25
-120
-134
-171
-183
-143
-130
-156
-145
-26
19
72
110
143
190
138
95
43
-28
-129
-191
-120
-1
95
154
256
318
336
361
332
256
125
26
-41
-101
-125
-155
-190
-199
-129
-24
46
101
79
19
42
51
26
-47
-145
-231
-300
-325
-338
-322
-355
-357
-236
-73
83
203
234
202
168
164
158
85
-12
-142
-245
-223
-125
14
183
331
429
481
482
435
341
235
174
130
63
-21
-37
-40
-68
-65
-76
-89
-135
-102
-91
-151
-223
-357
-414
-410
-324
-196
-124
-81
-94
-158
-186
-217
-253
-261
-230
-135
22
161
206
208
206
216
196
253
370
398
381
391
307
178
129
125
196
211
231
307
342
233
36
-65
-126
-191
-228
-197
-126
-111
-165
-167
-133
-190
-323
-322
-310
-404
-411
-310
-244
-278
-285
-196
-116
-126
-75
-26
9
31
43
148
187
156
175
269
321
281
224
213
134
101
176
279
307
228
249
305
293
222
169
102
-26
-127
-152
-185
-229
-197
-89
23
-28
-56
-11
-67
-151
-185
-178
-215
-257
-222
-149
-120
-186
-161
-11
-4
-89
-132
-174
-227
-282
-225
-147
-107
-35
31
95
52
-19
13
155
269
272
257
220
165
169
158
98
29
-27
145
337
385
369
427
484
316
193
173
90
-40
-50
-6
-19
-89
-119
-49
-94
-204
-132
6
-13
-164
-255
-231
-309
-401
-389
-394
-486
-514
-334
-145
-104
-135
-180
-192
-176
-108
65
123
62
-38
47
193
159
99
100
180
227
243
249
285
242
214
284
392
378
288
304
305
218
85
92
71
-35
-190
-264
-246
-265
-219
-162
-117
-102
-60
48
127
1
-114
-136
-179
-231
-322
-268
-194
-186
-142
1
42
-36
-63
-86
-75
-86
-37
-2
-13
45
193
281
234
182
155
162
118
82
73
39
54
117
148
101
114
160
196
199
78
83
92
29
33
-3
-23
-60
-55
-17
-20
-25
-95
-188
-192
-197
-250
-271
-316
-386
-379
-168
-47
-80
-2
34
-6
-47
7
70
10
-71
-109
-124
-144
-71
114
187
97
28
133
302
296
265
231
124
30
63
182
159
-5
-92
40
95
52
3
52
92
-37
-98
-101
-92
-258
-307
-124
-108
-155
-130
19
95
80
237
387
359
196
15
-43
-124
-261
-272
-231
-266
-216
79
376
446
381
298
285
181
-1
-136
-297
-400
-344
-182
-111
-72
9
104
189
170
92
72
31
-157
-306
-331
-261
-143
-45
-24
4
50
132
148
122
135
53
97
55
-63
-15
10
-78
-152
-139
-92
-51
-19
40
48
156
288
351
341
244
139
45
-10
-205
-429
-530
-484
-282
-140
-28
120
218
271
240
169
63
-79
-230
-333
-319
-243
-79
54
105
138
145
151
163
131
76
35
-23
48
153
144
189
259
271
199
161
176
61
-128
-286
-284
-222
-173
-106
-110
-4
113
122
190
183
134
51
-92
-215
-374
-373
-231
-189
-258
-225
-121
2
153
146
83
73
62
44
47
94
186
179
170
107
80
153
139
118
46
-6
-68
-62
-13
-21
-130
-244
-215
-144
-91
-80
-56
-22
75
216
287
252
159
17
-88
-165
-279
-428
-501
-427
-364
-275
-110
127
354
465
515
537
389
199
130
9
-148
-230
-196
-87
-5
74
174
246
289
218
72
28
4
-102
-224
-337
-388
-327
-178
35
125
142
257
317
272
145
-29
-132
-116
-123
-162
-202
-245
-328
-318
-144
-6
94
35
-106
-95
45
35
-10
40
95
175
222
249
168
101
105
81
-14
-156
-224
-238
-217
-219
-239
-156
104
329
337
267
274
423
367
219
113
-74
-32
3
-15
22
-43
-87
-168
-272
-306
-280
-136
-93
-69
-44
-47
83
134
69
-32
-199
-203
29
222
313
266
240
208
181
186
34
-190
-355
-397
-373
-353
-359
-260
-37
138
169
304
382
351
257
77
-10
-163
-232
-185
-162
-254
-296
-140
69
145
104
29
-17
-64
-163
-116
-104
-105
-26
119
317
390
380
308
217
154
46
-140
-286
-261
-140
-68
-55
-48
28
191
227
229
208
89
113
238
214
28
-129
-202
-123
-75
-152
-202
-244
-99
117
12
-131
-221
-208
-24
39
34
-16
41
95
85
67
0
-39
36
157
119
139
178
195
157
35
-89
-182
-187
-246
-245
-161
-130
-70
-18
-9
-6
-5
22
44
46
25
-56
-141
-203
-183
-113
-101
-139
-126
64
211
197
66
52
185
144
83
-14
-131
-64
-1
-26
35
70
96
151
180
151
34
42
68
41
-53
-130
-92
-7
56
23
84
163
279
463
461
318
186
72
-113
-341
-506
-551
-474
-395
-331
-242
-110
46
202
231
105
128
315
448
372
155
32
30
-8
-158
-415
-505
-371
-197
-134
-177
-91
26
100
153
290
296
236
227
211
39
-203
-273
-238
-157
-257
-289
-157
65
153
109
101
53
17
33
81
-8
-207
-170
24
22
-26
-24
10
23
13
-38
-6
112
145
116
89
180
320
322
148
-73
-215
-232
-173
-140
-172
-142
8
226
364
408
395
383
346
285
140
10
-98
-343
-487
-479
-448
-476
-393
-235
-98
-40
7
101
176
227
212
189
201
294
303
94
-155
-251
-280
-296
-251
-217
-171
-128
-148
54
233
156
59
-9
-30
-39
-1
0
-107
-47
84
99
217
345
458
344
137
-32
-157
-250
-378
-408
-518
-435
-137
141
146
150
326
487
545
397
250
133
48
-43
-111
-244
-297
-175
-94
-20
9
70
206
207
22
-236
-304
-205
-136
-25
-20
-60
87
324
288
32
-26
54
123
42
-198
-309
-156
-103
-88
-42
-121
-228
-155
10
-59
-156
-66
117
26
-19
82
228
180
140
119
-23
38
129
263
175
94
-10
-15
-59
-135
-144
-53
7
-98
-87
-53
84
116
-3
-263
-217
-27
62
-51
-262
-278
-23
104
23
-19
-33
134
249
336
228
205
112
20
-15
-53
-139
-215
-180
-209
-157
-68
219
375
452
539
516
297
18
-59
-72
-232
-435
-553
-421
-152
-10
75
119
203
191
380
537
366
111
27
32
-199
-531
-856
-810
-583
-478
-360
-249
-163
-102
71
83
106
298
406
413
348
419
483
432
253
117
116
-32
-193
-212
-309
-287
-251
-237
-261
-231
-132
-66
97
112
153
328
527
466
312
126
68
-18
-177
-337
-470
-426
-208
181
196
11
-66
133
252
213
46
-95
-123
55
131
-25
-188
-276
13
64
-80
-127
15
20
72
192
116
-91
-334
-195
254
355
52
-35
37
136
121
-45
-251
-386
-408
-246
-167
-264
-442
-279
135
233
372
424
429
443
520
520
338
66
-249
-177
154
146
-184
-199
-128
111
302
175
112
115
226
179
18
-355
-629
-519
-476
-648
-454
-288
-166
79
111
70
83
387
225
72
-119
-214
-18
39
-160
-324
-141
-70
176
349
276
62
179
467
549
116
-346
-234
115
139
-68
-24
-9
145
319
409
245
-15
-163
112
263
-148
-428
-255
-69
-325
-334
-333
-403
-413
-431
-224
54
23
-39
228
310
127
32
9
-85
-44
-64
-151
-89
4
-21
79
215
135
141
350
494
329
313
265
194
46
-132
-12
49
-130
-307
-229
-159
-141
-126
36
79
213
239
229
333
387
452
359
212
-45
-21
-127
-328
-511
-492
-465
-402
-373
-347
-66
36
30
-127
115
215
305
302
168
187
157
248
112
-156
-353
-342
-260
-240
-254
-76
-47
-14
22
-52
-121
-22
195
124
206
338
319
261
136
-194
-430
-525
-525
-333
-219
-286
-279
-24
53
69
196
286
310
427
555
469
217
17
-101
-232
-390
-458
-327
-257
-61
97
268
308
267
282
372
547
478
370
346
565
328
-19
-385
-644
-780
-636
-255
-304
-235
-28
366
338
99
-122
-119
-1
53
-95
-271
-170
-59
34
-171
-235
-276
-227
-10
203
46
24
126
371
458
220
197
243
459
389
406
137
-142
-148
-33
-164
-452
-372
-172
116
212
178
110
32
-244
-253
-136
-180
-396
-217
-77
-239
-113
-71
-95
-131
72
40
93
-60
-123
2
-61
-225
-285
-111
-31
214
-99
-300
-138
199
158
250
443
363
554
513
452
496
456
-16
-111
-235
-434
-441
-312
-425
-460
-312
-336
12
214
359
186
254
257
397
665
367
-20
-68
33
-90
-168
-390
-385
-336
-337
-386
-342
-413
-293
150
215
91
111
377
575
559
93
-362
-137
321
314
109
-172
-246
-127
77
244
-41
-258
-69
539
772
501
239
42
-35
-24
-333
-824
-783
-391
-287
-429
-330
-212
89
181
276
264
-26
-54
30
264
110
-120
-82
122
35
-218
-48
406
88
-518
-350
244
461
-9
-111
52
269
238
569
679
232
-36
167
380
-87
-416
-413
-218
-172
-66
-247
-65
19
10
77
-226
-624
-730
-351
-623
-597
-421
-348
-233
42
374
503
505
329
172
245
382
394
588
302
189
188
194
251
130
-86
-281
-78
-36
36
255
250
249
266
182
163
97
66
-285
-217
23
-97
-148
-481
-489
-475
-474
-408
-336
-330
-337
69
657
490
109
230
57
-39
146
451
-53
-399
-163
41
159
-295
-251
15
-97
-288
138
468
164
467
572
-32
346
315
-606
-635
-85
26
-506
-351
-376
-334
-309
-559
-227
-678
-738
548
1583
1230
685
222
-682
-352
917
552
-889
-834
230
1103
820
323
-315
-1134
-535
183
574
152
92
620
305
-170
-572
-387
-219
270
717
207
283
234
-74
-358
-1607
-1571
-213
480
41
1173
3039
1200
-456
-256
-984
-1646
-342
834
135
-374
295
407
-291
-858
-1086
-607
-716
468
1401
1322
1157
156
-968
-1539
-652
-911
-272
1070
1084
394
-75
-256
-795
-1127
-710
-421
-1199
-115
618
647
-399
30
651
-988
7
-131
-252
-582
-567
89
-101
799
894
2328
2289
-128
-1413
-57
1557
861
977
1380
371
-301
247
239
-821
-3322
-3141
-1404
2569
4214
1073
2074
682
-897
-1460
-1579
-1503
-2334
637
1216
983
1186
-979
-2611
-2687
-1997
-1016
-1165
-824
1829
3385
2157
90
1275
-266
-2021
195
1684
-290
-2705
-225
133
1487
252
-1174
258
291
558
-703
985
751
-1068
-27
2145
2473
2612
928
-777
673
1197
-2154
-4198
-1088
139
-207
-469
762
1311
2943
1239
-1012
-28
354
-511
-1910
799
248
-2818
-3991
-1911
-99
-693
-1512
-239
1152
1537
2167
-429
-643
2942
2248
-1320
-1994
-2
683
-906
877
1227
274
-2575
-2036
1333
-234
-261
591
861
-378
750
524
-741
-1290
-1241
-927
-607
654
-1566
-2083
-827
419
1322
2037
1993
908
1042
2034
2264
563
-571
-1422
-651
2159
1645
598
-846
-1904
-664
763
1951
-124
-589
-429
399
2225
1703
-170
-2559
-2709
-2280
-1529
-1213
1317
1856
625
3792
3689
1122
-393
432
590
-2852
-3037
-1825
-2219
-1892
-2173
-2967
-2323
-581
1866
1542
1628
2549
151
-542
1243
2674
-857
-2358
-646
471
1469
2399
2653
252
-753
-2494
-1690
-475
-788
751
1551
591
-539
-3036
-1660
1204
-172
-613
647
3711
1660
-165
161
699
-3276
-6798
-2702
1548
2360
179
2785
2744
1219
296
-1040
-3035
-2793
-1917
943
5680
4147
1243
-1516
191
-1830
-2715
-1307
-1645
1655
3243
1573
-358
134
-385
-3215
-3001
523
1793
1979
1322
885
1022
1084
-1534
-1772
-1352
-1101
1114
539
1087
-599
-3131
-2340
1730
934
-617
-41
-169
1690
3514
4439
925
108
222
-1099
-84
-2638
-3028
-607
-373
2119
1242
-423
-2596
-4410
-763
794
1585
2952
250
-1089
683
204
591
-1219
-3552
-3340
655
2903
1320
1387
-29
-1033
-1449
-507
454
2986
1110
-3027
-2588
-244
1796
499
172
-1525
-1426
1445
2376
1505
3251
2132
-1072
38
594
823
-2412
-352
2620
-467
-2027
-560
330
-700
316
-645
-1617
-1022
1619
4128
2426
-758
-3690
-3778
-1218
220
-914
-3052
-954
1212
645
3237
3984
-1018
-4868
-1438
1500
-525
-919
964
436
-1297
1362
3856
1699
944
-46
-1970
-3473
-3128
-482
-555
-580
538
628
1175
2863
1500
1329
272
985
2464
2359
3431
15
-1212
-1505
-495
-279
-1706
-1700
-774
-1472
-412
337
-2208
-1798
321
3084
1964
1805
-649
-3616
115
2774
-2321
-4568
-1889
-1938
-570
2494
4452
1328
324
1370
2484
-280
-1433
-2393
-4780
-900
-974
-171
571
1046
-864
-2843
1290
2893
1291
2452
2003
-628
2057
2111
23
-891
68
1091
-723
1289
2407
-368
-1552
-2017
1093
-25
-1480
-435
-2032
-2238
-2678
1492
161
-2277
706
1584
1331
1600
374
-2391
-3078
1129
3582
957
-154
-240
1806
17
100
-487
-3532
-3695
-1509
1423
3272
3789
939
-900
-1096
682
-410
156
-1337
-2561
-1260
-97
836
-1116
-1695
-1971
316
708
1761
579
-617
721
1431
2598
2030
2178
1977
3182
3934
2500
-779
-4219
-4943
-2685
-399
-362
-1407
-217
739
-7
163
-181
-519
-2814
-1343
813
1133
1809
-1480
-633
442
-111
1941
2060
-1482
-3647
-1018
-1397
-2658
-488
2266
1557
981
-231
-1456
-1954
-2552
1053
3420
4564
2164
1245
72
-485
336
731
1701
165
266
-1845
-2081
-1421
-743
-732
-1714
-3216
-288
3300
2186
1483
1765
5067
2205
-1402
-3092
-2113
-1141
-1168
2086
2560
-327
-3163
-1957
-253
854
-1346
-2661
-2628
-1452
1500
1529
2163
760
-2383
-1190
-180
-1413
-1032
916
2100
1619
4226
5343
2885
-2239
-4364
-1657
-427
160
-828
-1329
-822
20
346
1472
2279
2125
1433
434
1923
3833
2705
-979
-4623
-6154
-4021
218
1305
-1915
-1893
-912
235
1044
-940
-1256
-399
1935
2236
1636
1551
787
1710
1775
1067
-988
-4172
-2895
-887
822
798
-2346
-1263
1110
1688
-540
948
1796
-1562
-764
317
-218
-1198
-188
-6
-580
-447
1187
629
-874
-1732
-2741
716
2225
1062
-1910
-296
2819
1804
815
400
332
-541
602
2069
1690
-1609
-1721
-938
-2251
-1920
-173
1374
1302
2229
1065
-885
-733
736
2313
3213
2282
1305
725
-214
-1442
-2676
-2899
-3129
1
-426
-1935
-65
-309
-353
-1791
-2111
476
1752
1069
1082
1309
754
-465
508
256
-1807
253
1971
246
-1142
1089
1857
144
-52
664
-2024
-2412
-67
-266
129
-183
557
1674
963
426
1314
145
901
2932
2878
1100
-3392
-3333
-1023
-201
-1160
-1629
-1604
-463
548
1622
1483
-2984
-2163
-2133
-462
1640
-597
-1097
-1731
-241
-673
-1003
-201
1056
2507
2206
-154
-838
-20
-693
-604
-434
657
-1134
-614
612
1315
1709
1794
4575
1726
-1047
318
1016
2002
664
-269
2393
1154
116
-425
666
139
-4055
-2754
-2235
-1932
-1937
-2266
-1047
453
-103
-498
1361
1154
198
-340
1705
1781
1030
1580
1393
315
-1389
-3381
-3176
-760
-517
140
45
1211
1216
743
976
1105
3
-17
2111
1118
1924
-377
-1003
-1105
-655
-869
-3204
-832
-523
901
984
1031
463
-1044
-455
-263
140
1069
774
399
942
265
485
-1697
-2324
-2604
-2091
809
-202
1901
3321
2091
2257
345
-362
-2966
-2934
423
-30
522
524
-1595
-2472
-1888
-797
-331
298
2679
2592
2176
271
807
1923
-2233
-2265
-1362
-1241
-1041
-1257
236
1701
1881
1663
-1792
-2692
-638
531
1942
1172
978
-52
-11
-356
240
1795
213
-1715
-643
1462
727
295
1122
1060
21
1014
-24
-1293
-347
494
1250
-399
-2515
-2278
-1102
1815
2806
2262
3228
808
-22
-1671
-261
-390
-4977
-4387
-991
288
-2024
-1056
174
494
324
2027
1284
1601
2178
1558
1537
-2188
-1155
-1870
-769
283
-1742
-1244
8
427
350
1901
3680
2950
-546
-1243
-1866
-2241
-2374
-559
1881
310
-1078
-1271
-217
212
-897
-828
11
577
-794
-839
1341
-11
-413
-133
997
2260
-323
-1038
295
1190
1154
422
594
93
-147
-718
-1168
219
697
60
-129
1310
977
1127
1670
673
-257
-749
-2100
-3787
-2117
621
969
-816
485
2925
2447
2179
2935
-184
-2282
-813
102
-2768
-3666
-179
-79
-120
-343
885
2659
3993
1911
440
1291
291
-1061
-1407
-1471
-3597
-2003
-972
45
767
1866
1451
282
1042
1198
1429
1085
2200
-462
-1517
-1623
-740
-1744
-3348
-1824
-2215
-1160
-1177
55
-76
-860
-802
-135
1276
1304
513
595
-232
-2562
-1677
-1008
-527
-1276
-642
974
1260
77
-151
3090
2061
-1083
-336
2494
1138
447
1071
-621
-551
-731
304
338
-65
2278
2238
2259
2268
1591
1375
334
-881
-2100
-526
1328
1575
519
-1036
-714
11
-9
-694
-1015
70
279
-340
-195
-1320
-3629
-4123
-2014
147
-770
-713
2209
2321
1565
128
481
-206
-1962
552
949
-886
-1477
1
165
726
933
702
-558
-804
868
442
916
-95
923
261
-690
476
276
239
-519
-638
-349
753
694
339
-482
-497
-34
-124
-1175
-2796
-1720
250
-241
-759
654
67
-519
-1429
487
2191
2585
1657
-1257
-518
-758
239
471
-428
-1476
-1478
195
1115
1555
369
-370
-649
-1035
-839
1803
2499
1301
561
1147
272
-2645
-2752
-989
1199
1034
373
412
-480
-1759
-907
1611
1708
-569
-574
55
408
880
774
805
762
1378
840
2727
2050
-732
-1148
53
260
-1838
-160
286
-850
-1540
269
466
-2139
-563
1050
1517
1150
-85
-590
-205
-444
-508
-956
-2507
-3306
-1999
0
-1440
-1076
84
-129
250
362
113
-715
593
142
758
455
-212
666
-128
1512
1774
1986
1239
-426
-1078
-880
-280
252
601
1337
2469
1310
85
-1266
-1323
-1130
-455
-1970
-3531
-2377
-1629
1175
1596
819
1711
2620
828
-2152
-164
2043
650
-6
511
-1204
-2506
-1045
-521
-667
-364
1868
1862
445
2625
2841
1158
-810
-2033
-1204
308
-548
-757
1423
2421
778
-1107
29
768
1715
2025
1780
1126
-2418
-2728
-448
-1122
-704
31
153
713
-477
185
271
75
149
-2007
-1947
-1499
-776
-566
-1628
-1331
-1274
5
1884
1607
578
1288
2587
2048
36
-351
106
3
405
-1014
-1267
-965
-1927
-1548
-419
1164
-96
-2025
-2223
-1653
1163
1104
-1648
-1896
453
2916
2282
-514
-1747
-911
2546
2571
-1985
-1184
1212
2255
1886
2333
-1600
-6277
-1863
1172
-1091
-711
3000
2533
161
-1263
2918
-947
-2951
2815
2041
1892
245
1480
-419
1220
797
-247
829
-2637
2467
1386
-123
1238
-771
-1159
-2349
-959
-1590
2538
477
-3141
5957
-2591
-5272
-255
-3512
-2283
-2060
2400
3673
-1437
-966
2390
336
-103
86
1130
-318
-1434
1406
2105
-1366
-857
2294
679
2153
1961
980
-854
-1044
-3605
1527
370
-5484
2737
-201
-139
1164
-2660
-253
-374
-1627
4481
3088
-2501
-993
-1400
-1606
-591
326
-585
-1057
-801
1532
3231
-100
-552
1105
-1816
567
1887
-484
-910
-547
2454
-598
468
-1769
-1335
2604
-2782
1110
1087
-1587
-1463
669
-2470
-287
-352
-2967
1931
-4293
1991
167
952
515
2664
2626
-33
3278
-1008
2017
-3620
-889
1321
6450
-790
3246
-331
-3274
4097
-2933
3419
-3647
341
1179
1570
-1171
-3027
113
-2521
-1031
2073
-1975
-2077
1596
-2520
2143
-415
-2482
-2310
490
-2590
1454
133
606
3129
-4701
4492
1712
-1358
3613
-84
-942
3804
1204
-1280
1750
-2182
-4077
2067
-3559
-749
1281
-1347
3150
-2031
1221
1284
-3605
139
251
767
2213
-979
-531
-2099
794
-350
-546
-481
409
3500
-947
3412
870
-5090
1172
1937
-4869
-1314
-19
476
-278
158
1630
3039
-173
-473
1545
-2358
1994
-1792
-1035
-2071
-927
-1806
-520
568
-804
2767
-570
4197
1162
-840
618
2943
588
39
2520
285
1549
915
-1765
-2583
-580
-1202
3466
-1498
-1315
620
-2301
3164
-1227
-1852
-139
-1659
-126
2206
-2206
-2039
5
-2309
2375
-4113
-2479
3056
-2961
681
1130
1673
-2231
-4387
4864
-486
-1326
1012
-883
-315
1236
2816
-2012
130
86
1674
1790
2509
3971
-783
206
689
-204
-577
-289
-767
197
-1029
930
571
-950
-103
644
1623
2712
3781
-982
357
-42
-559
-406
-2136
-621
-2535
-2128
1136
272
113
-691
-216
283
-2335
-216
-658
-770
823
-863
-1683
1383
-161
-1426
3200
1064
1122
1389
-2593
-1741
-3085
-2261
613
-1631
1139
4252
-871
-1605
408
-759
-164
1294
3290
-394
-1408
-793
-1221
-2305
-2398
307
-1022
1557
3048
1968
1651
1318
-1658
-354
-158
-1230
424
-639
1822
1594
927
-150
-1567
489
2077
1687
4526
2417
-18
2949
-380
88
-294
-4514
-2101
-884
-1914
-912
-1137
751
49
-778
4102
2505
-1662
1683
1277
-1308
-742
-3940
-2783
-1553
-1237
674
-1167
-788
-723
-1617
1505
2198
-1741
-613
507
172
-861
-2491
-390
-328
-1238
589
1104
-119
187
-639
1919
827
-2024
300
1946
1936
372
28
63
170
-415
2124
1528
436
1906
541
1239
137
-41
380
-1852
-205
-130
-1886
498
-31
-1002
-290
-655
4
-691
52
441
541
784
649
1423
-184
822
640
715
2299
1254
1677
2294
287
650
2241
-1349
-899
942
543
894
703
-255
-2478
-2676
-1364
-1190
-2433
-779
-1240
-2585
-3360
-4214
-2152
-1828
108
97
-884
264
511
-826
202
-441
-1562
1442
-511
309
1243
-890
-423
612
-117
1257
1637
779
1858
-1600
-868
495
178
-546
749
2546
1915
391
9
1912
-920
2058
-157
-1702
-7
-1121
405
-2117
-1474
-1025
1513
251
228
87
-1258
151
-2809
-987
-685
-1641
-792
-134
-542
963
1333
668
2191
2553
1626
2452
2088
1500
5713
3692
3915
4495
4448
5364
3400
1525
-324
3323
4390
3162
2830
771
611
-2281
-5660
-3988
-6347
-4464
-2945
-4580
-2450
-3936
-5468
-7369
-7493
-6079
-2662
-3062
-3617
420
334
-482
-3219
-3432
-1335
-1445
1694
4253
3749
6202
4760
2239
1239
-1096
-159
-16
339
323
3751
2326
1606
1571
-1361
1937
-1518
-1963
-527
-116
-1140
-1530
-1225
-2419
-4012
-3765
599
-1815
-899
-762
494
540
1094
307
-626
2087
-167
693
838
2713
2955
2192
2608
3289
1119
413
-116
956
1090
364
1647
-511
2026
1278
1988
1121
-65
-604
-1385
3
1507
2732
1281
567
-361
-1178
-1342
1288
-483
867
732
1693
1192
-1787
-329
-3321
-304
-1435
-61
724
-752
424
-1499
-724
-412
-440
-2156
-201
1218
1278
999
369
297
-446
-1107
-457
-35
-518
-141
-1368
287
469
192
944
-168
-1540
-1129
-11
-1879
-2197
-462
32
-1607
-1408
853
538
-1121
-858
435
292
-356
-740
-250
-1199
-2095
-997
1018
1269
-821
-395
-1259
-795
175
-422
220
-270
-1119
-1862
-1258
-532
-1764
-2229
-373
-312
-14
100
514
-28
-691
1167
1556
1741
1591
1500
1471
969
-1744
-1873
-20
106
243
3007
3662
1948
2383
2581
3102
642
1106
1677
3
439
1228
627
-498
-847
-772
-677
-793
456
492
1542
1280
1234
1643
1242
0
-361
1421
237
281
1074
328
175
600
83
-691
-1752
-804
-689
-270
804
327
1184
824
-218
-482
390
-1117
-1712
-1500
-2857
-2968
-1682
-1391
-1692
-1612
-2535
-3018
-2004
-451
-993
-1618
-2563
-1381
1440
2454
2410
852
-206
893
1219
2574
1287
-244
1771
789
1459
1857
3485
4026
2143
1034
-55
289
202
-620
-1641
-1848
-1362
-1247
-2439
-3269
-3267
-2247
-2260
-491
176
-789
-1629
-3185
-2170
-1815
-1947
-1838
48
1084
170
-841
-2626
-1188
15
-359
1093
1439
1221
-42
2948
2095
-497
1179
754
1593
1068
4114
1935
187
685
1870
2545
798
1635
-1195
912
2072
2579
1000
-1309
-2322
-680
889
-1663
-358
405
-746
919
2267
-33
-439
-482
1436
-612
-1393
797
975
-590
-93
1889
-590
896
2575
503
399
2772
1455
201
-96
443
625
-1152
-1487
-1199
-2215
-2198
-1920
-2705
-4077
-1823
-1318
-3955
-1940
-2413
-1615
-3771
-4392
-3038
-1591
-885
-283
1187
-532
1832
4330
6427
3763
2836
2751
5220
8315
6548
6159
4555
3654
4264
5493
5684
4170
1636
2564
1162
-452
-872
-1961
-4770
-7259
-4969
-4846
-5138
-8170
-9011
-6469
-7637
-7555
-7011
-6483
-3404
-2922
-3517
-4441
-6727
-5740
-3620
-62
2519
3110
3591
3506
4040
4215
5225
4091
4238
5200
5193
7116
5867
4437
3082
918
1696
2446
2193
3793
2245
1204
1305
-811
-1715
-3673
-2633
-2049
-3311
-4232
-3399
-2830
-4120
-3329
-3282
-768
-1780
-1336
1014
-184
484
68
761
1247
1228
2036
1706
-1813
-1296
1065
3074
3356
1497
1486
2079
1350
-734
1463
1327
1354
-130
2832
2144
-2349
-1249
-2156
-2496
-4079
-1149
-1537
-1757
-4397
-2796
329
-1561
-363
-1189
621
-423
950
494
-248
-700
563
4209
7401
8798
4739
4231
5305
8218
7510
5801
4603
5335
6879
6633
6006
3518
787
-1612
-762
112
-1274
-4455
-5430
-5008
-4632
-6036
-8824
-10586
-10989
-10341
-8388
-6661
-6823
-8083
-9005
-7411
-6674
-6106
-5301
-3069
-1034
392
2028
862
166
493
655
2330
3505
5649
6804
6079
6834
5069
4724
3372
879
1919
3347
4803
4482
2553
1282
-954
-3154
-3310
-2935
-659
151
464
1067
-1627
-4328
-3602
-1983
-897
-712
-544
1435
1785
1082
-642
-941
-564
235
2139
4075
5103
3274
2657
2430
1958
1213
1391
3528
3780
1453
1087
402
536
565
-1853
-1048
-420
907
-426
-1361
-226
-2382
-1647
-301
446
-1037
-3423
-3385
-4586
-3239
-1853
-1019
-799
-796
-302
-2301
-569
65
-433
-14
1926
3127
4629
6006
4162
2629
1019
5499
7114
6254
4509
3757
5472
6784
7778
4174
888
-1250
11
-1050
-1771
-1777
-1915
-1567
-4429
-5797
-7881
-10273
-10408
-8092
-7439
-7668
-8136
-8764
-8480
-9323
-9467
-7996
-7015
-5083
-1509
705
1724
-105
-1173
393
1578
3041
4228
5856
7598
7730
8189
8002
6378
6349
5631
4583
4631
5831
6903
4952
2227
-127
-1301
-3105
-3792
-954
-1
-314
-1314
-3075
-3467
-5117
-5068
-3098
-1888
-1029
-1295
-1701
-1741
-1061
-2622
-1485
734
2039
4560
4276
3956
484
388
3504
2498
901
3232
6257
3203
1685
1905
1959
25
-516
1631
750
673
15
-975
-3060
-4495
-5410
-5416
-2760
-1037
-1088
-4838
-5126
-2668
-2056
-2126
-1973
67
1054
-279
-1616
-1450
-1309
2954
9558
10171
4378
-211
5733
11510
9286
5805
2472
4531
10983
13295
8813
524
-3752
1978
6769
4237
-1246
-4521
-3261
-3760
-5197
-8726
-12250
-12941
-11501
-9045
-9776
-12039
-11909
-11057
-10744
-10939
-12130
-11050
-8378
-5740
-3814
-4270
-3467
126
1163
2952
4307
5353
8008
9164
11803
12016
9606
8099
8110
9962
11224
9840
9657
9856
9211
7915
4077
1561
936
703
437
202
-1751
-4681
-7646
-8196
-6380
-5633
-5324
-5214
-5463
-6413
-8168
-7315
-4878
-4307
-3584
-3034
-525
22
-33
2879
3436
2133
2759
4191
4975
5970
7136
7938
4307
1190
2236
4311
3140
1078
2169
2478
101
-3551
-4470
-4387
-6258
-6234
-5467
-4208
-3774
-5804
-6343
-9740
-10694
-8781
-3761
3986
3160
-2695
-5099
-1387
4059
10140
11231
6997
3803
8622
17751
15897
6350
2862
10905
21572
22719
13263
4132
778
4493
7592
4814
-391
-817
3363
1460
-5666
-13647
-15233
-12210
-10227
-12084
-15238
-16039
-15538
-15588
-18006
-20330
-18311
-12427
-8248
-7476
-9592
-8309
-3703
-618
905
1221
1393
3762
8189
10295
9407
9631
11272
12446
12251
9625
9197
12277
14678
13329
10051
7417
5175
3910
4046
3090
1056
-985
-2404
-2468
-6451
-10376
-10344
-8764
-8366
-9313
-7689
-7476
-10246
-10336
-6923
-5154
-6216
-4873
-644
1142
914
1413
3527
3593
3816
6366
7922
8243
8176
9206
8371
6713
6324
8740
8463
5688
5347
5018
3389
-1864
-4569
-5990
-8136
-7142
-4487
-2275
-5718
-11364
-11305
-9147
-8757
-7807
-5811
-2759
-2799
-6086
-9060
-6835
2205
10746
12627
7322
4284
7470
14145
16019
11100
6178
9697
20890
26808
19417
4719
-22
6889
13190
9698
2729
-460
-1018
-1047
-3899
-10902
-13988
-11656
-9660
-12852
-19126
-18907
-17006
-17494
-20236
-20956
-17663
-14570
-12663
-12078
-13964
-13379
-7303
816
4510
1203
-539
990
4815
9059
11142
12053
13461
14981
13732
9728
9174
12191
15531
16197
13573
12199
9225
4993
2335
1569
2069
2688
2375
394
-7036
-13451
-11499
-7653
-6294
-7382
-7422
-9427
-11876
-11311
-9480
-6597
-5408
-6061
-4423
-628
-200
-573
101
593
2852
6006
9021
9881
9471
8984
6523
5850
8054
8990
8049
6526
6110
5163
2145
-1797
-4305
-5032
-5555
-5290
-4121
-2142
-2153
-6560
-11816
-13039
-10371
-4832
-1226
-1038
-5795
-9396
-4253
3379
7828
2893
712
7812
17684
20035
10100
-293
3772
20501
28573
20313
7902
5086
8747
11884
7373
1455
2125
8014
10407
535
-13991
-19723
-12658
-6088
-8182
-13007
-13936
-15829
-20004
-24278
-25387
-21606
-13450
-8937
-13116
-18503
-18695
-11794
-6024
-4637
-5364
-345
4610
5562
6038
3696
4256
8460
15928
19749
14998
10187
11257
13560
13733
11602
11312
12594
8998
5200
3841
4324
3605
1895
949
-2855
-6197
-5524
-5404
-7699
-10532
-11242
-9190
-8477
-7856
-7527
-7334
-5694
-5501
-4597
-1792
79
1569
2142
3418
3510
2198
4166
5862
8175
10187
8572
6905
6952
6406
5857
5677
6891
7321
3741
829
-2988
-5517
-5940
-5784
-2374
1094
-428
-6749
-10925
-10166
-6330
-4796
-5205
-6222
-2259
3304
3285
-1622
-7509
-1349
11470
21056
12970
-3611
-5317
9705
25630
21236
4869
-1350
9015
19671
13606
-1841
-4839
4000
14556
13283
-390
-10001
-10062
-7502
-9821
-12701
-11995
-8374
-10453
-17277
-23376
-22362
-15146
-10459
-11112
-16241
-15687
-9727
-5656
-7773
-13265
-12484
-4163
3482
5912
3361
399
2537
7452
11766
11051
9858
13088
16107
16107
11881
8355
8956
9084
9003
9471
9544
8362
4183
-46
-2990
-3478
-487
1037
-2012
-5372
-7195
-8281
-10470
-12019
-9731
-6172
-3907
-4942
-5914
-5605
-5868
-5375
-3446
542
5615
7200
4850
1572
1185
5041
7582
9475
11298
10073
6396
2824
3544
5432
4587
3895
3415
2148
-2544
-6367
-3961
338
-863
-6368
-7461
-4858
-818
-3265
-9450
-12614
-4542
6375
6619
-1188
-10438
-3524
9004
17032
9108
-5061
-3813
12277
26995
17888
-834
-4559
9403
19190
12075
-1492
-2858
5825
12493
7861
-5337
-12251
-7021
37
-2078
-7077
-9913
-9492
-12624
-16454
-15554
-11006
-8612
-11175
-15854
-20696
-17797
-8273
-2719
-7480
-13696
-10858
-3184
-809
-2048
-2438
300
5554
8760
9247
4384
1879
7732
15171
17307
13015
10744
10110
6492
5084
8231
11995
12413
8589
4014
-250
-3466
-1526
507
-649
-2213
-2160
-2310
-7932
-12530
-10958
-6687
-3677
-4720
-5595
-5695
-7517
-7326
-5087
-1889
1936
3608
2772
1314
875
2750
4521
5562
8080
8140
6574
4965
5073
6284
4564
3194
3165
2940
1327
-1699
-820
885
835
-2548
-6837
-5761
-4541
-214
-2692
-5219
-6858
-6212
-360
426
564
-4031
973
9156
13187
3200
-8961
-4577
12815
27024
16589
-217
-6622
4707
15056
11950
2781
229
6796
12653
6912
-6009
-11398
-5181
4010
1870
-5470
-11491
-10749
-11210
-14304
-13586
-9263
-5638
-8535
-14870
-18901
-16380
-8922
-3102
-5099
-10829
-12534
-7541
-4027
-3137
-2203
1465
5377
5604
4603
1048
443
5344
12145
15208
12014
7931
7031
6126
7624
9938
11450
12008
8455
6122
3060
308
329
763
771
960
58
-2382
-7371
-10693
-7762
-4298
-2170
-4059
-6973
-8140
-8991
-7251
-3963
-1950
-375
-1144
-1257
-641
-540
2938
3374
3947
5634
6743
6064
2197
1569
3825
5979
6892
6295
3944
885
-1435
406
2821
3310
1048
-2783
-5644
-6659
-4405
-1827
-237
-3026
-6541
-8202
-1450
4843
3563
-3759
-6009
4910
11456
7884
-4659
-5632
6067
18699
16832
1799
-5223
2437
17222
17842
5815
-4252
359
10049
9391
-953
-7760
-2431
5698
2520
-7866
-12257
-8074
-4194
-7729
-10936
-10503
-8021
-11203
-16255
-17290
-12717
-5132
-3468
-7470
-13136
-13472
-7623
-2795
-3050
-2982
-2383
-337
1427
1613
856
-441
6276
14238
15089
8626
3455
6635
10065
10416
10586
11627
11505
7146
2948
2298
3722
5098
5144
4128
1113
-540
-1665
-3561
-6243
-6254
-2909
-1807
-4253
-9455
-11868
-10562
-7256
-3179
-1156
-2126
-4055
-5570
-5479
-4354
-1074
3845
4701
4330
2610
152
-605
1436
6619
8517
7893
4836
1789
1036
338
1769
3385
5508
4373
-509
-3098
-2968
-1718
-405
-482
1954
707
-4705
-8697
-7788
2655
6095
3440
-5307
-6035
2510
9110
9187
-1246
-3592
3550
17538
16273
1960
-6310
1869
17776
16435
1477
-7529
55
10979
11299
701
-6544
-4935
1682
2458
-3069
-6952
-6214
-5430
-9090
-12551
-11768
-5864
-5000
-9978
-14881
-13256
-8089
-6993
-9376
-11488
-9377
-3790
-2781
-7900
-10010
-6385
1840
5713
3599
409
-1070
2888
7265
7570
7443
7803
10723
11757
7015
5061
5237
9075
12023
10127
7709
4880
4164
2795
315
869
3177
3162
-58
-5120
-7677
-6128
-3872
-3557
-6512
-8057
-5422
-4721
-5201
-6266
-6461
-5103
-5439
-3095
-1704
-1311
-814
-1110
511
1233
1200
3257
5208
6126
5702
3552
3747
2680
2495
3949
4487
5982
4427
2008
-1379
-3104
-1774
765
2155
552
124
-2163
-3418
-5812
-5131
-3310
892
7737
7526
472
-12045
-8401
4947
14901
9463
-2213
-1453
6794
14016
5662
-4251
-1389
13864
22345
11948
-5330
-8904
1270
10632
10519
1985
-2559
-2505
-1065
-5685
-11023
-8812
-1474
747
-5594
-12193
-13650
-11607
-11902
-11304
-9614
-6471
-5595
-9899
-14575
-15723
-9164
-1379
-370
-3339
-5477
-3775
-305
343
131
1224
4364
9205
10293
7233
3839
3973
9521
11293
10742
10358
9347
8765
4091
3474
5549
6517
6310
3958
2732
-80
-2487
-2691
-3173
-2933
-2436
-2930
-5142
-8583
-8867
-7182
-6419
-6699
-5510
-3773
-3142
-4373
-5721
-3783
-1108
2097
2450
872
897
1476
2184
2083
3783
7389
8797
7006
3609
2430
3806
4875
4937
4163
2954
274
-1274
-927
-137
486
45
-811
-2346
-4506
-5060
-1250
450
-1321
-6417
-4992
3259
4042
-486
-7401
-515
10166
12039
4094
-6791
-2052
10036
18431
11543
56
-618
8875
14746
6512
-3016
-1607
8314
12114
3985
-6752
-8638
-1319
3493
-1536
-8621
-9802
-5989
-6829
-11774
-12966
-9885
-7136
-9966
-14013
-15177
-12350
-8581
-7612
-8786
-9978
-8218
-5019
-4072
-3846
-2007
707
2754
2746
2369
1660
2640
8164
11076
9240
6174
6174
9626
8631
7252
8482
10756
10623
5391
4047
4986
4323
3038
1744
1880
531
-1369
-2420
-4235
-5468
-4826
-3160
-2883
-4756
-6108
-5981
-5080
-4090
-3300
-3239
-2796
-2630
-2923
-2124
-642
2337
2296
280
699
2681
4473
3288
3932
6295
5216
2996
2349
4831
5953
3126
2409
3276
2490
-647
-3575
-2664
-419
465
-269
-1895
-3092
-5458
-6235
-4345
-1257
1145
-601
-3254
-4657
-1145
1546
2275
-111
74
5790
8727
8104
-286
-1980
5238
16058
16356
3242
-3654
1703
13332
13415
2430
-3094
1424
6960
4753
-4769
-9031
-5454
116
-1129
-8227
-12467
-12048
-9090
-9299
-11009
-10828
-9185
-9662
-11622
-13972
-11172
-5770
-4468
-6255
-8211
-5250
-1401
-2018
-3350
-1377
3258
5653
4287
3195
2610
4612
8051
11776
10778
7811
6580
8057
9563
6113
5965
6229
7887
5959
3490
4047
2262
981
-572
151
-166
-1236
-1870
-2893
-4845
-5186
-3936
-4149
-4859
-5286
-3830
-3079
-4101
-3067
-1844
-1285
-680
-1216
-158
-90
862
2396
1908
2157
2726
4161
4449
2240
1826
2526
2358
2750
2488
2652
1790
132
-103
-404
-569
-432
-1133
-2540
-3349
-3820
-3338
-3146
-3642
-4137
-3413
-878
375
-407
-3112
-3102
-437
4811
7391
4761
106
-1041
6728
11626
10005
1264
-1041
6747
14887
12985
728
-2910
3428
12607
9497
-1496
-6235
-2419
4626
2393
-5352
-9535
-6951
-2618
-5177
-9688
-10366
-7587
-6706
-10958
-12030
-8293
-4619
-6261
-10492
-9907
-5649
-1849
-2399
-4869
-4690
-2341
810
915
-1083
320
3516
6493
5837
2206
815
2021
6744
8180
6024
5207
5209
5748
3101
615
2521
6802
8047
4010
-1003
-1038
1384
1607
491
-462
104
-370
-1715
-3331
-4444
-3074
186
1378
-1662
-4427
-2975
-42
-392
-1375
-977
839
2024
18
-1393
-2034
-209
3812
4417
1840
-1359
-837
1090
356
622
1812
1808
446
-1581
-1285
-1211
-1293
1279
1301
-1560
-4672
-3035
521
-274
-2572
-2483
970
1533
-1338
-4494
-1887
2753
5830
3608
-2025
-3175
-182
8881
10259
6476
-317
362
7896
10047
6403
-2120
1430
9130
13418
4944
-5972
-5048
3285
9372
2929
-5166
-7173
-1963
1452
-1285
-6872
-8328
-4842
-2694
-4833
-8944
-8795
-5356
-4841
-7801
-8248
-5021
-2616
-5358
-8040
-6032
-1535
1257
-840
-4183
-4581
-1480
2492
1174
-1924
-792
2028
3566
1299
-643
-97
1360
4294
4601
2865
1738
1811
4764
4195
2943
3261
3495
4290
2428
2271
1812
1684
1907
1586
1823
1693
2143
847
-864
-1334
807
1785
369
-516
-509
-508
-1448
-2328
-1873
-590
476
936
-1670
-3080
-2351
-523
70
-1586
-1030
-285
-538
-1800
-2370
-1100
-73
238
553
559
320
-743
-862
372
1340
735
-606
-31
1131
1377
47
-490
935
1985
1380
1020
1143
1799
637
153
1894
2944
2378
2838
5494
5395
1244
-3065
1999
7756
8414
1081
-4433
-312
4679
6799
-216
-3836
-569
5193
4790
-2848
-7081
-3464
3160
3631
-1874
-8025
-7801
-3336
-767
-3667
-6032
-3980
-1341
-4029
-8269
-6562
-1810
-565
-4333
-6219
-5110
-2781
-2689
-4783
-4547
-2451
-380
-837
-3807
-4280
-2081
443
1207
313
295
-356
907
3279
3965
2540
1178
3708
6125
3934
1315
3593
7105
6959
3216
1915
3611
5220
5196
3200
2644
2577
2480
843
-601
406
1353
777
-989
-1961
-3150
-3476
-2272
-1222
-1107
-2371
-2574
-2743
-3804
-3404
-1928
-518
-1365
-2847
-2219
-1387
-1295
-1566
-242
2020
2406
1561
1077
1323
1054
1477
3068
4175
3532
1020
-113
-49
1537
2653
1763
1418
1521
1558
725
-258
-904
-12
586
2934
2461
-889
-3619
-3015
3637
4125
1287
-3482
-1255
4736
5286
505
-6241
-1745
6238
10075
1983
-6669
-4706
3702
8158
1707
-4449
-3186
3294
4336
-1448
-6568
-4712
760
1550
-3123
-6248
-4824
-3090
-5540
-7838
-4577
-441
-1806
-7994
-9975
-6829
-2641
-1431
-3597
-5180
-4544
-2879
-2702
-3665
-2855
596
2883
2383
185
-663
-283
1454
5444
6740
4955
2712
3618
6020
4928
3855
5777
8418
7337
3810
2247
2842
3957
4015
2984
1636
1707
1746
331
-1813
-2009
569
299
-2744
-5262
-4937
-2653
-1956
-2645
-4051
-3747
-1939
-1981
-4175
-4758
-1822
1136
337
-2049
-1523
203
790
641
1719
2990
2336
1495
1963
2535
1980
2082
3736
5117
3607
775
-300
1277
2945
2409
843
-6
-120
-1642
-2569
-1066
1371
601
-2145
-2371
-116
61
-2078
-2977
-835
2967
1681
-1064
-3248
-910
3188
3801
2821
-379
362
3201
5898
3797
-731
-551
3959
6532
1708
-3033
-2689
1490
2709
21
-2605
-3178
-2067
-2508
-4711
-6105
-5288
-3583
-4477
-7005
-7362
-5843
-4824
-6563
-6796
-5113
-3283
-2196
-3365
-4688
-4926
-3086
-19
576
-434
376
1585
2369
1879
2139
3181
3205
4646
6112
5706
4398
3668
5245
5993
5240
5764
5362
3993
2237
1752
2484
2432
2019
2431
1870
217
-742
-909
250
-284
-303
-550
-1990
-2710
-4104
-4178
-3573
-2470
-669
-1306
-2755
-2977
-2875
-1724
-628
1103
1566
11
-310
-502
-658
-43
1817
3408
2004
549
1454
1997
1484
1338
3223
4727
2577
-266
-1283
-407
439
331
238
-650
-1220
-1581
-2182
-2607
-2280
-874
-293
-629
-1388
-1006
-1840
-2603
-1495
1594
4470
2814
-15
-2613
522
5513
6814
3161
-1699
933
6101
7273
1624
-2475
685
5474
4807
-1005
-4387
-1986
1772
1613
-2052
-5635
-4916
-2904
-3035
-5170
-6032
-3917
-3290
-5729
-7550
-5503
-2366
-2663
-5071
-5914
-4167
-1820
-1463
-2586
-2694
-824
980
465
-1389
-298
2463
3319
2725
2256
3048
2260
2399
4177
4618
3665
2064
4249
5089
3064
1684
2342
4262
3449
2364
1945
2084
1548
1853
1409
525
147
-119
359
-962
-537
-453
-1190
-2414
-3093
-1645
-1290
-1606
-1955
-1886
-1608
-1364
-1682
-1126
90
669
191
-1157
-1126
-407
-4
-141
-131
1341
2219
1306
-259
-709
1259
2300
2181
1526
542
418
159
124
-835
-817
113
882
547
-800
-1352
-1157
65
369
660
-511
-650
285
580
1471
853
1124
480
1056
2387
2469
1415
-653
1067
3552
4614
1296
-1621
-55
2860
3813
-144
-1777
-290
1998
1354
-2538
-4079
-2505
-180
-363
-2846
-4724
-3897
-2617
-3795
-5859
-5018
-2325
-1648
-4177
-5476
-3483
-1619
-2678
-4318
-3199
-1394
-406
-842
-1631
-1630
-573
487
814
209
395
1350
1913
1833
1202
1229
1363
3306
4404
4014
1966
1449
3194
3052
2743
2222
3376
3494
2413
1559
483
1315
2645
3103
1705
211
1194
1371
-318
-942
338
1377
-281
-1566
-1762
-1962
-1811
-1300
-789
-1160
-1429
-617
-899
-2685
-2508
-287
1438
418
-1406
-1655
-1292
-784
-194
54
336
239
827
997
-196
-70
1264
3381
3319
1413
-456
-1250
-110
1278
1432
1005
717
446
-771
-2656
-1041
1337
3383
1779
-508
-437
-541
668
-314
672
1464
2427
1601
-1660
-2724
-1487
2971
3922
1948
-1618
-2026
-344
1376
2207
-96
-738
-605
727
-500
-2975
-3270
-1802
540
23
-2116
-3838
-3893
-2310
-1573
-1848
-2249
-2483
-3030
-3976
-3612
-2152
-879
-1740
-2914
-3115
-2471
-1245
-493
-164
-1048
-1418
-723
177
-285
-429
969
2167
2192
1603
1630
1223
1269
2353
3876
3943
2601
1551
1542
1923
2478
3565
3660
2926
2087
2181
2656
2383
2141
1981
1573
1093
297
498
507
-260
-698
-962
-258
-508
-1161
-1363
-840
-280
-1360
-2143
-2061
-1668
-1466
-1054
-239
-739
-1986
-2153
-819
464
39
-383
191
944
415
-843
-427
1122
2249
2044
1263
880
292
2
690
1444
1364
303
-36
-174
-368
-277
-208
547
645
143
-669
-468
-231
-154
-177
240
771
52
360
169
306
-1149
-573
1724
1977
988
-2121
-1544
149
2035
1487
-1216
-1110
204
1154
-913
-2517
-1697
-180
-251
-1381
-2168
-2698
-3053
-3142
-2528
-2524
-2000
-1382
-2240
-3748
-3722
-1823
-879
-1900
-1985
-486
22
-861
-1662
-1285
-740
-93
819
824
120
307
782
787
1170
2135
2884
1763
1479
2665
3114
2368
1857
3077
3491
3054
2862
3194
2744
2043
2635
3178
3306
2419
2037
1643
404
311
676
970
345
-544
-771
-1725
-2142
-1937
-1291
-656
-776
-1084
-2286
-3019
-2563
-1763
-1466
-1514
-1120
-916
-1633
-2343
-1763
-707
167
754
512
-263
-704
-216
841
1026
993
1121
1684
1387
-273
-815
-222
1198
1341
680
600
650
371
-186
72
686
1412
1395
925
-104
-440
242
752
753
-3
-136
230
1128
868
-618
-876
1076
2734
1301
-1618
-2089
-225
878
519
-878
-1479
-1690
-976
-740
-1645
-2069
-1852
-1249
-1871
-2756
-2906
-2110
-1940
-2291
-2628
-2597
-2029
-2291
-2681
-2144
-446
99
-1374
-2304
-792
704
370
-354
-32
947
492
242
770
1001
1198
1443
1898
1507
1159
2288
3102
2604
2229
2459
2880
2576
2281
2652
2652
2959
3200
2667
1759
1718
2665
2852
1780
528
75
288
836
333
-733
-1218
-839
-708
-1703
-2010
-1502
-875
-1272
-1759
-2156
-2914
-3144
-2693
-1681
-1539
-1621
-1800
-2086
-2435
-1877
-292
424
229
-609
-531
-174
-105
161
491
854
582
36
42
439
1097
1137
1271
2140
1960
1339
151
782
1674
1815
1839
1448
1550
408
729
1268
2397
1970
932
56
-466
893
965
1684
-554
-1255
-1467
-727
157
-1531
-1429
-2145
-236
-355
-1371
-3273
-3946
-1241
-150
-167
-3000
-3581
-2800
-1797
-1646
-2135
-1517
-1858
-2349
-2456
-1426
-800
-738
-863
-701
-506
-301
470
273
-342
650
2327
2274
513
-223
1021
1841
1930
2236
1954
1158
1004
1857
2418
1802
1916
2187
1898
1390
1368
1696
1314
1517
1728
1436
819
1011
1401
738
6
464
1166
385
-619
-509
83
-554
-1070
-759
-512
-957
-1713
-1888
-1890
-1597
-1241
-1242
-1891
-2252
-1657
-1391
-1696
-1713
-1330
-713
-771
-1156
-1366
-1220
-450
162
412
275
150
95
58
128
1137
2173
2102
1589
1230
1717
1780
1665
2103
2578
2595
1947
1536
1649
1772
1922
2200
2061
1666
1033
612
66
-363
-78
66
-248
-1197
-1710
-2206
-2554
-2289
-1740
-1740
-2429
-2434
-2335
-2330
-2999
-2762
-2002
-1699
-1559
-1721
-1623
-2558
-2253
-669
354
-119
-1125
-623
-206
-349
-79
1192
1475
379
-97
428
898
819
1072
977
740
1104
1426
876
108
626
1363
1276
433
120
520
488
683
807
524
77
374
1011
820
473
841
1536
1127
465
547
1342
1784
1239
912
377
234
837
1121
718
-409
-476
82
116
-376
-664
-156
-228
-630
-1019
-1056
-1353
-1760
-1306
-852
-1329
-2278
-2255
-1688
-1487
-1518
-1096
-985
-1281
-1196
-699
-457
-350
317
555
325
82
573
1206
1492
1931
2262
2251
1686
1720
2157
2464
2664
2276
1741
1275
1521
1746
1509
1012
663
907
478
-12
-349
-312
-663
-840
-572
-1090
-1985
-2513
-1896
-2109
-2619
-2611
-1978
-2080
-2808
-2574
-2183
-1874
-1977
-1760
-1523
-1267
-1264
-1127
-995
-693
34
482
761
603
503
622
1094
1122
981
1017
1303
1439
1206
1081
832
1028
1280
1467
1289
720
532
466
342
321
98
70
130
362
531
-11
-128
102
727
743
205
484
759
569
91
-4
437
591
304
294
199
221
405
468
296
12
427
680
345
-333
-642
-348
-149
-285
-622
-916
-1272
-1192
-952
-961
-1291
-1587
-1212
-919
-636
-969
-1852
-2055
-1415
-463
-661
-907
-480
-5
-26
-322
218
930
1133
908
1009
1375
1341
1241
1434
1694
1925
1932
1849
1723
1468
1490
1538
1622
1643
1234
744
247
342
771
616
375
-149
-328
-889
-1396
-1302
-1221
-870
-1284
-1454
-1940
-2253
-2505
-2436
-1859
-2368
-2656
-2714
-1807
-1477
-1967
-1744
-1314
-619
-552
-540
-322
-137
298
573
622
844
1217
1182
986
1218
1777
1865
1553
1527
1513
1746
2021
2173
1909
1293
1114
956
806
697
718
568
269
214
364
123
-558
-721
-391
-18
-395
-646
-321
-285
-502
-726
-358
-232
-385
-100
103
-53
-470
-467
-545
-525
-161
-19
-38
-435
-235
82
95
-206
-538
-188
-91
-142
-176
-257
-448
-571
-455
-293
-503
-877
-849
-888
-763
-571
-272
-35
-173
-345
-714
-905
-763
-273
114
293
629
626
652
739
826
836
925
1327
1205
979
977
1248
1511
1415
1406
1275
1076
854
763
829
756
614
217
36
-101
-544
-736
-565
-256
-546
-1043
-1116
-985
-1161
-1934
-2217
-1779
-1388
-1358
-1688
-1529
-1315
-1628
-1880
-1802
-1043
-579
-186
59
-107
-304
-546
34
579
838
788
850
967
1169
1646
1692
1766
1563
1698
1947
1930
1682
1438
1510
1397
1363
1179
1039
819
635
395
220
271
81
-162
-524
-370
-170
-480
-783
-854
-898
-1020
-1028
-1122
-1218
-1449
-1268
-1160
-1212
-1015
-808
-358
-385
-157
-223
-420
-272
20
766
661
312
-149
-148
81
231
540
382
294
-50
-234
-486
-543
-502
-631
-563
-737
-690
-1051
-1220
-804
-537
-478
-487
-125
-161
-457
-468
-6
403
416
740
798
802
743
920
1226
1299
1689
1642
1480
1133
916
1040
1236
1399
1254
890
319
417
320
-26
-273
-19
504
90
-186
-499
-853
-1180
-1060
-382
-737
-1557
-1845
-1397
-1144
-1239
-1340
-1384
-1211
-1325
-1328
-945
-151
-110
-429
-383
111
277
-148
470
601
670
865
856
467
374
1555
1926
1567
1107
1321
1218
1068
1423
1306
821
498
906
508
160
385
394
74
-228
-110
-420
-727
-483
-167
-236
-445
-499
-597
-898
-868
-542
-285
-72
-366
-866
-1009
-756
-268
-91
-336
-554
-451
-373
-499
-405
24
221
-35
-225
-316
-515
-906
-799
-490
-600
-515
-504
-594
-687
-401
-19
-159
-323
-367
-327
-686
-924
-521
-85
132
-18
0
60
19
271
656
1075
1135
1311
1363
1041
954
1265
1785
1904
1818
1460
976
663
927
1178
975
906
787
486
-18
-46
151
94
-115
-218
-237
-490
-778
-929
-967
-1077
-965
-937
-1319
-1535
-1351
-897
-743
-955
-862
-933
-1038
-833
-442
-184
-475
-413
-243
-378
-323
44
449
563
694
854
619
484
806
1002
846
809
1097
982
389
210
613
787
685
461
305
287
258
273
164
184
273
309
29
-180
17
173
85
145
424
202
-268
-411
-241
-335
-250
152
-42
-588
-654
-194
-242
-659
-610
-450
-532
-765
-845
-888
-1079
-920
-668
-704
-771
-906
-1093
-973
-500
-187
-487
-837
-536
-369
-499
-348
23
-40
-424
-124
252
186
107
401
774
650
433
594
790
793
941
1181
1297
1187
1077
1076
1064
1238
1328
1044
515
317
654
789
664
481
352
227
50
190
304
142
-44
-18
-42
-352
-778
-929
-681
-647
-781
-938
-1063
-1320
-1262
-600
-271
-643
-951
-587
-403
-612
-562
-9
124
-240
-351
-258
-186
-151
242
361
150
179
480
582
410
644
888
759
589
600
551
220
304
612
457
172
111
231
108
78
300
456
279
192
332
298
364
334
309
19
-307
-326
-219
-139
-230
-241
-325
-384
-370
-224
-121
-45
-13
-197
-534
-721
-506
-282
-157
-229
-374
-544
-768
-917
-836
-614
-525
-557
-565
-484
-623
-763
-704
-477
-245
-198
-47
7
-188
-230
42
376
409
398
530
519
496
642
805
811
904
1161
1348
1251
1129
868
474
337
417
664
449
227
162
182
130
-189
-277
-243
-87
-128
-90
-85
-401
-690
-782
-801
-904
-854
-819
-858
-744
-572
-473
-516
-482
-289
-370
-417
-330
-223
-171
-20
242
220
-6
8
332
311
281
582
986
934
508
402
516
587
695
876
755
597
503
484
491
364
523
683
657
376
-57
-184
-141
121
150
-124
-166
-15
24
-150
-153
-54
-57
-98
-92
-168
-269
-252
-129
-143
-391
-463
-407
-421
-387
-250
-209
-313
-484
-528
-522
-411
-338
-443
-465
-449
-349
-364
-361
-210
-214
-457
-669
-726
-524
-256
-137
-213
-496
-525
-325
-89
35
129
120
51
195
398
566
475
376
583
711
532
378
500
758
831
796
713
525
375
367
521
566
438
320
266
73
-115
-103
-70
-133
-375
-555
-468
-370
-360
-302
-375
-626
-696
-606
-551
-417
-338
-393
-539
-591
-590
-524
-375
-161
88
20
-132
-118
114
148
164
467
662
581
400
324
375
528
613
765
908
1101
1075
851
581
336
440
493
579
570
252
-5
-70
-72
-73
32
120
-76
-227
-223
-228
-154
-164
-161
-177
-198
-230
-301
-325
-255
54
291
159
-219
-456
-422
-205
25
74
-69
-226
-301
-358
-265
-164
-120
-160
-281
-385
-478
-546
-563
-394
-348
-413
-468
-577
-631
-484
-149
-89
-305
-397
-329
-297
-372
-376
-165
-94
-254
-263
-29
167
271
469
608
541
273
200
367
573
637
642
600
427
421
469
538
510
566
590
320
50
-80
-73
-88
-181
-252
-253
-273
-301
-328
-208
-19
31
-46
-268
-445
-443
-357
-271
-309
-410
-405
-274
-73
34
129
290
486
508
285
161
183
243
314
480
598
428
232
260
433
518
601
749
718
532
249
144
211
199
104
7
9
-82
-273
-473
-504
-263
-56
-110
-303
-329
-301
-285
-173
-68
-137
-344
-373
-259
-231
-291
-111
56
-160
-421
-501
-180
142
193
139
-62
-162
-88
-63
-139
-117
-136
-315
-419
-243
-30
-59
-119
-104
-3
89
173
137
-16
-4
59
24
-167
-276
-200
-93
37
95
17
-151
-85
269
454
329
149
126
99
18
142
341
251
-43
-120
104
284
281
313
312
222
31
-246
-275
-114
-64
-271
-486
-505
-479
-426
-354
-184
-161
-313
-274
-153
-110
-199
-132
34
-77
-252
-198
63
207
184
177
243
213
173
141
270
472
373
262
134
186
300
338
449
535
546
378
296
366
385
355
356
432
433
263
101
-20
17
86
-12
-14
41
-13
-103
-122
5
44
-176
-316
-240
-164
-193
-253
-253
-225
-291
-326
-244
-193
-262
-307
-185
0
52
-32
-176
-195
-119
-243
-287
-202
-23
88
-9
-166
-259
-253
-297
-180
-21
-26
-231
-256
29
99
-36
20
191
219
133
15
35
6
99
202
65
-51
-120
-5
128
113
60
33
32
-1
-91
-178
-196
-115
-105
-190
-206
-177
-204
-250
-102
83
22
-195
-212
-82
9
13
-1
-32
-101
-82
-6
3
-26
42
92
93
59
88
161
229
334
408
294
97
186
348
384
343
259
171
79
85
132
193
296
363
374
327
171
37
86
251
443
408
133
-28
-12
9
-6
28
106
160
82
-7
7
64
184
146
44
-75
-167
-123
-181
-232
-199
-83
-120
-278
-400
-455
-421
-354
-273
-354
-384
-463
-532
-524
-500
-459
-487
-380
-275
-275
-339
-261
-105
-58
-104
-159
-142
-93
85
180
198
314
392
386
340
407
469
473
412
354
370
339
289
224
188
185
294
356
228
69
69
114
26
28
-76
-297
-446
-341
-180
-269
-338
-288
-229
-370
-427
-337
-240
-171
-170
-119
-249
-389
-307
-124
-67
-70
39
25
-9
4
97
280
338
270
73
13
213
321
270
140
168
288
202
134
167
170
203
353
471
339
27
-31
56
51
12
15
101
130
234
371
391
330
328
310
306
310
180
21
-110
-95
-27
1
64
53
86
135
100
107
29
6
-8
-102
-339
-609
-731
-780
-646
-563
-526
-514
-542
-413
-351
-323
-280
-309
-326
-306
-341
-432
-438
-407
-266
-166
-210
-239
-56
193
286
332
323
372
501
582
473
405
382
428
441
387
366
296
334
334
328
305
316
291
280
165
5
3
-30
-67
-141
-211
-196
-121
-287
-451
-452
-273
-259
-454
-429
-379
-224
-224
-262
-134
-145
-271
-266
-186
-123
-152
-158
-58
-37
3
17
108
155
161
217
343
399
230
97
63
229
304
237
228
242
308
343
269
254
274
252
223
78
5
64
206
303
180
114
198
231
164
187
251
236
180
105
59
-17
12
-17
-60
-54
-62
-43
-96
0
54
35
-67
-194
-322
-372
-204
-116
-213
-420
-480
-451
-463
-525
-505
-344
-265
-350
-357
-289
-296
-310
-316
-277
-270
-278
-248
-166
-42
-65
-125
-42
13
12
37
142
219
211
218
305
334
319
346
401
441
421
449
329
227
179
117
219
234
110
51
5
-44
0
156
224
68
-81
-120
-37
48
22
-148
-262
-314
-340
-341
-376
-346
-288
-167
-65
-65
-121
-104
-102
-44
76
131
93
-44
-111
-100
-41
12
10
26
68
50
129
302
375
377
335
271
256
207
225
304
288
258
133
85
89
23
67
193
304
301
247
255
310
330
305
332
315
178
-35
-89
-22
-63
-93
-71
-72
-98
-122
-99
-17
7
42
-14
-173
-265
-326
-398
-427
-374
-357
-412
-481
-534
-551
-469
-414
-425
-528
-608
-572
-436
-339
-376
-379
-344
-330
-299
-231
-303
-287
-186
-58
-41
-101
34
192
183
65
124
224
261
245
360
508
563
532
500
506
408
445
486
531
530
398
333
310
310
293
321
379
269
91
36
188
272
115
-96
-192
-137
-101
-170
-212
-168
-148
-88
-197
-313
-320
-290
-184
-291
-298
-186
-174
-107
-58
21
45
-23
17
82
44
-37
-8
57
92
71
88
142
177
275
278
240
189
87
51
83
120
100
38
98
166
161
125
80
136
263
297
209
151
46
-16
-56
-130
-160
-113
-22
-5
-41
-143
-126
45
102
-6
-106
-196
-250
-285
-331
-424
-572
-644
-592
-396
-287
-253
-260
-273
-202
-240
-291
-314
-301
-284
-315
-315
-362
-360
-305
-244
-170
-130
-35
96
224
189
85
98
132
185
273
379
332
217
303
477
535
408
328
392
424
413
352
405
411
312
300
284
209
66
38
118
114
12
8
73
24
-41
-47
-47
-33
27
21
-61
-99
-85
-88
-180
-253
-207
-107
-76
-166
-232
-168
-149
-192
-156
-82
-74
-183
-113
10
-37
-66
-42
37
80
97
79
22
-15
22
129
221
159
34
40
142
204
201
246
223
148
157
278
360
330
281
218
190
167
93
23
51
99
73
95
125
27
-33
-64
-61
-45
-78
-166
-300
-363
-342
-253
-310
-373
-365
-380
-347
-355
-352
-390
-506
-545
-491
-430
-409
-479
-447
-296
-216
-232
-287
-263
-170
-152
-146
-32
-4
-34
-65
-53
54
137
169
162
163
226
255
178
209
326
411
426
398
371
333
342
433
538
490
298
167
160
281
336
248
184
100
62
44
57
36
4
52
183
234
159
90
58
69
87
183
118
-30
-198
-307
-256
-227
-189
-164
-193
-311
-319
-247
-145
3
90
115
67
31
16
28
46
64
76
47
-15
-24
-32
0
43
33
91
156
138
0
-33
7
41
89
102
126
26
-48
12
41
111
125
80
110
120
104
47
34
-53
-155
-158
-183
-181
-204
-226
-301
-332
-275
-250
-278
-249
-228
-253
-220
-236
-251
-287
-284
-289
-302
-217
-202
-197
-211
-251
-206
-138
-16
18
24
63
3
23
112
152
136
131
161
202
189
143
102
13
23
59
146
231
208
208
188
238
313
335
329
340
315
227
220
140
85
38
14
112
90
70
63
16
48
88
89
67
37
67
100
36
-31
-41
-67
-61
-51
-91
-104
-98
-73
-47
-71
-80
-79
-67
-6
-60
-104
-75
-31
12
22
16
-26
-111
-165
-54
-22
20
53
74
58
-18
14
14
61
73
78
35
13
0
-43
-9
28
69
88
79
85
154
139
124
109
67
48
41
19
-78
-162
-211
-253
-241
-180
-157
-121
-93
-84
-57
-79
-75
-59
-112
-118
-149
-193
-224
-219
-178
-237
-225
-227
-179
-154
-174
-53
-82
-83
-86
-34
37
38
41
-48
-24
-11
-15
31
95
69
76
73
48
133
149
192
210
234
224
141
107
103
171
214
179
139
72
88
149
203
237
159
94
62
65
48
3
54
68
-11
-31
-3
14
60
50
24
8
-56
-137
-189
-106
-8
-9
-45
-65
-86
-74
-54
-21
60
42
-7
0
4
-48
-58
-33
4
12
14
40
31
47
95
129
79
37
38
33
-5
12
60
90
82
48
44
13
18
30
56
48
-10
-29
-5
10
-28
-7
19
12
-4
-67
-96
-142
-137
-129
-167
-144
-166
-209
-211
-162
-135
-132
-88
-54
-66
-107
-146
-128
-132
-190
-199
-221
-202
-237
-235
-141
-108
-38
-48
-32
48
55
62
97
78
24
56
79
85
69
24
43
83
68
117
153
131
164
176
233
251
222
195
147
133
138
139
143
135
71
54
84
130
130
114
111
35
60
136
136
102
70
28
-5
-69
-107
-37
-1
-37
-96
-82
-65
-33
-14
-8
15
-12
-54
-54
-5
-56
-86
-93
-91
-98
-124
-45
-8
-32
-78
-90
9
95
28
-15
0
-7
-2
1
40
45
16
0
6
20
11
16
25
-9
-63
-92
-77
11
51
-13
-39
-44
-74
-60
-15
2
-25
-109
-145
-103
-72
-89
-37
25
1
-40
-86
-23
-64
-157
-131
-115
-95
-92
-84
-92
-143
-181
-100
-10
20
-16
-42
-54
-88
-53
-28
-16
-23
23
42
19
41
111
177
171
141
131
119
158
185
127
108
90
118
131
145
171
207
185
130
183
162
195
178
107
50
-42
17
55
60
49
35
47
-6
29
79
108
80
7
-14
-76
-110
-45
-75
-199
-235
-233
-176
-116
-70
-65
-89
-94
-122
-51
36
50
25
-43
-94
-98
-64
-66
-117
-162
-149
-125
-80
0
30
79
75
61
69
103
196
168
80
19
-13
-48
-58
-20
6
17
13
52
101
92
40
-8
18
34
6
-16
-12
-75
-108
-79
-70
-89
-144
-96
-82
-113
-166
-254
-252
-180
-131
-126
-83
-55
-4
53
42
-3
-22
-5
-28
-60
-75
-110
-136
-114
-57
-42
28
142
192
181
211
239
188
181
140
82
93
109
100
72
64
115
157
201
240
227
187
167
177
181
212
147
50
80
73
24
81
108
47
-8
-26
-28
-41
-45
-86
-69
-38
-87
-105
-29
-19
-28
-10
-62
-143
-237
-225
-199
-217
-224
-257
-209
-114
-123
-95
-43
-86
-110
-73
-1
22
-44
-119
-119
-79
-22
7
4
-28
-52
12
72
75
57
43
71
114
98
104
141
119
110
82
44
81
56
9
62
46
-23
-26
-34
-9
26
40
73
35
20
-12
-68
-45
-88
-127
-130
-115
-130
-117
-46
-28
-14
-60
-70
-22
36
28
-13
-41
-32
0
-48
-73
-62
-15
16
41
83
53
-3
54
111
97
76
21
-17
-19
-10
42
120
116
117
110
108
131
110
118
81
81
61
53
76
26
43
69
91
117
76
45
-9
-32
-9
-16
-19
-72
-102
-114
-92
-60
-50
-34
-35
-7
-15
-19
-39
-47
-44
-78
-100
-123
-124
-47
-20
-10
10
-10
-27
-28
16
-22
-33
-32
-3
-31
-82
-44
-59
-57
-72
-33
-16
-1
-1
0
59
84
66
41
12
-14
30
71
110
70
57
43
10
3
-6
-3
2
23
28
34
-9
-15
4
0
-18
-22
-33
-37
-48
-16
16
-16
-20
-41
-10
-9
-34
-21
-42
-95
-93
-50
-31
-26
-18
17
-7
-57
-72
-67
-31
-9
-16
-25
-56
-70
-65
-45
3
11
-10
17
94
129
114
113
129
116
85
72
66
72
80
113
117
107
107
88
105
82
61
66
59
41
1
-3
-38
-44
0
7
13
34
13
-19
4
-3
-3
-4
2
-7
-58
-23
-34
-62
-54
-66
-47
-58
-25
18
3
9
-11
-50
-103
-88
-59
-44
-18
-22
-11
-22
-9
7
-3
-57
-57
-46
-41
-38
-77
-40
-38
-25
-12
-7
-23
-28
20
-6
3
16
1
-57
-72
-22
-40
-15
-10
-38
-37
-71
-23
22
-2
2
-2
-2
0
-2
-23
-2
54
55
36
61
46
-18
4
35
47
38
66
47
-3
8
-21
22
38
15
-27
-54
-15
-8
32
12
-3
41
-6
-16
45
88
117
98
87
55
19
21
1
37
69
53
74
76
29
-2
35
75
35
32
43
19
10
21
12
-6
-44
-32
30
19
41
20
-20
-28
-76
-98
-97
-68
-28
-50
-42
-27
-78
-60
-47
-45
-28
-31
-38
-46
-49
-64
-62
-44
-9
-20
-53
-4
-13
-28
-31
-51
-19
-37
-38
-11
10
19
16
16
36
48
46
105
105
56
45
17
-12
-40
-19
51
91
106
83
54
42
39
32
25
38
22
-9
-32
-35
-54
-86
-79
-42
-29
-24
-27
-57
-73
-85
-119
-134
-94
-63
-57
-30
-3
-21
-54
-58
-76
-42
32
23
6
-46
-92
-39
-25
-31
-33
-57
-35
-3
16
-13
-20
44
81
106
73
74
98
63
58
81
106
109
144
158
165
171
162
146
63
65
74
104
148
128
108
75
90
85
88
86
104
115
74
93
50
-32
-83
-118
-121
-135
-101
-83
-91
-133
-175
-108
-110
-104
-79
-79
-79
-75
-72
-147
-153
-171
-175
-133
-97
-84
-106
-73
-97
-95
-81
-69
-54
-75
4
29
-11
-1
-23
-41
50
80
58
68
28
22
-4
29
29
-15
25
38
46
61
58
31
41
50
97
129
107
103
96
90
79
71
47
15
15
70
38
27
6
-17
-16
-29
-11
-40
-29
-41
-34
-24
-32
-37
-72
-82
-74
-67
-53
-55
-50
-40
-60
-41
-29
5
-2
-64
-49
-25
-13
-10
4
11
24
40
50
87
115
88
83
93
53
76
84
69
23
36
31
-11
13
29
90
93
126
102
43
54
66
39
12
37
32
12
-28
-14
-8
5
-18
-16
-7
-43
-57
-66
-70
-117
-106
-82
-57
-75
-106
-66
-51
-35
-8
6
-25
-18
1
-48
-51
-20
-55
-66
-9
-7
-10
7
-4
-4
7
13
10
-3
-16
-28
-28
-2
-33
-49
-23
-24
-29
-20
6
0
9
14
23
5
-16
-1
-13
-29
-6
-8
-7
-1
-38
-37
-22
-26
-35
-13
25
34
-2
9
6
-13
2
-3
-10
-5
47
28
38
73
68
95
91
83
92
86
56
27
16
28
51
76
63
78
67
40
32
1
-2
4
42
43
9
-6
19
71
37
8
6
-16
-1
-12
9
2
-27
-35
-49
-21
-63
-40
-19
-51
-39
-23
-22
-38
-35
-23
-5
-50
-47
-60
-82
-93
-85
-65
-91
-23
18
69
67
40
69
46
20
8
13
-17
-50
-22
-41
-63
-28
-60
-46
-4
25
43
42
31
-6
-25
-40
-24
-61
-76
-20
-16
0
15
9
21
35
13
24
60
19
-10
3
1
-47
-20
3
-38
1
30
60
60
41
34
32
54
25
3
10
3
-20
-32
-41
-26
6
13
-7
-9
-28
-54
-45
-23
23
21
20
-5
9
25
-9
48
58
43
45
32
11
-9
-16
-8
-8
-29
-27
-7
7
-19
-28
-3
22
50
69
69
76
79
62
69
59
46
34
6
13
19
26
-9
-24
-12
-19
-35
-54
-45
-58
-53
-49
-20
4
-7
16
18
-3
-16
-30
-32
-46
-48
-60
-92
-99
-132
-108
-52
-33
-3
-9
4
57
57
45
44
59
51
-1
-4
-28
-60
-40
-17
18
32
55
53
51
66
38
34
19
13
-32
-79
-104
-112
-82
-82
-46
-7
18
60
76
90
130
88
98
76
-12
-27
-59
-48
-69
-76
-53
-40
-37
-27
8
35
39
26
38
54
35
0
9
-25
-37
-26
6
47
54
76
35
25
65
39
17
35
33
33
21
7
-7
-19
18
10
12
35
-7
-13
-26
-34
-45
-26
12
-14
-29
-49
2
-3
-19
-5
-9
11
3
-7
-46
-51
-63
-41
-35
-20
-23
-31
0
-39
-19
0
32
35
52
76
37
23
-2
-10
-25
-26
-49
-31
-20
0
8
-2
9
-26
3
10
29
43
32
17
-11
9
-4
-16
4
0
-15
-27
-38
-6
18
-9
-3
-5
-8
-16
-60
-31
22
26
32
44
51
25
-14
15
-3
-38
-47
-44
-49
-83
-84
-34
33
15
38
83
81
73
59
77
51
0
-29
-50
-44
-38
-32
8
8
4
18
43
51
67
124
86
42
11
-13
13
1
-22
-44
-57
-42
-15
-15
8
47
37
38
31
31
19
-16
-4
-40
-81
-90
-57
-51
-64
-29
-24
9
5
5
39
35
26
10
-2
7
-18
-42
-28
-40
-50
-51
-14
-9
-5
0
-16
-20
-3
16
14
12
-13
-6
-13
11
5
-12
-3
4
18
-5
28
36
19
37
5
2
17
1
43
31
20
16
-13
15
-4
-20
-15
-1
-4
-6
-9
-10
-6
-30
-27
3
36
29
19
33
37
8
-9
3
1
1
7
14
7
-3
-4
-1
0
-15
-39
-45
-52
-63
-52
-42
-50
-27
15
9
23
33
52
48
39
49
-9
12
6
-20
-15
-50
-18
1
15
0
-19
-4
-26
-22
-17
18
22
21
37
13
47
-6
8
93
45
30
26
37
39
62
79
49
34
5
-16
-33
-29
-50
-102
-87
-54
-69
-27
-20
-12
-7
5
25
16
31
-7
-16
-21
0
-17
-17
-1
-3
6
-22
-6
10
20
8
25
22
19
38
16
0
-18
-38
-24
-15
-39
-36
-22
-3
-9
-18
-3
5
15
13
1
2
35
5
-20
-7
-26
-16
-31
7
-9
-35
-22
-48
2
-13
-13
10
26
49
18
13
2
-17
-18
-15
25
48
22
28
35
41
53
29
13
-1
-11
-3
0
-19
-30
-6
-43
-57
-64
-57
15
3
16
15
21
52
1
17
60
49
55
59
50
18
17
7
2
14
-6
18
7
3
1
-16
-4
-12
-28
-19
-21
-11
-16
-9
11
22
15
-6
1
-22
-9
-14
13
26
7
-23
-32
16
-24
-34
-32
-52
-54
-41
-19
-15
-22
-39
-15
7
-13
-47
-33
20
5
20
41
42
43
29
38
62
34
26
49
-9
13
-5
-40
-39
-55
-40
-20
6
2
3
-15
3
7
11
-2
-4
27
31
25
-17
16
43
21
-9
-2
-1
-12
-7
-12
-29
-63
-38
-46
-21
-18
-28
7
-3
22
3
-29
-9
0
-13
-16
4
54
43
38
37
46
46
16
31
1
20
5
-16
-20
-27
3
-17
-1
4
-13
-5
1
4
-12
1
13
2
7
-16
7
16
20
16
1
25
35
42
-15
3
23
10
34
40
3
4
34
6
-4
-12
-6
-24
14
32
-15
-28
-33
-20
6
3
10
15
8
28
-7
-12
-6
4
-18
-31
-33
-42
-51
-73
-54
-90
-71
-53
-71
-49
-17
-3
-12
-6
-25
-16
18
26
10
-17
-1
10
12
8
-8
-7
11
41
29
12
36
44
61
60
35
65
33
-12
0
6
-13
-37
7
6
-12
9
7
19
20
16
32
64
48
13
37
45
14
-20
-1
19
-22
-46
-42
-38
-19
-17
-48
-35
7
-9
-16
-8
7
-5
-27
11
2
16
1
-18
10
11
26
15
24
3
0
29
19
19
51
43
17
-6
-29
-3
-48
-44
-9
-24
-48
-63
-12
-3
30
41
-6
-20
-61
-38
-5
-43
-22
-8
-19
-7
1
-6
-10
-7
-27
-1
8
-1
-16
19
31
-6
29
-1
13
13
9
36
27
38
32
71
64
53
33
34
42
8
25
23
23
-15
-3
9
-24
3
8
0
-17
-23
-7
2
9
1
-37
-13
-22
-21
-23
-50
-32
-55
-13
-27
-31
-41
-62
-51
-73
-58
-81
-49
-25
-18
-35
-3
40
4
15
-4
37
83
42
32
35
61
31
1
15
13
3
-8
21
34
36
1
7
32
30
31
8
-20
-29
-6
0
2
13
20
4
36
38
35
45
35
43
13
17
9
-16
-31
-12
8
-10
-24
-46
-43
-36
-32
-36
-16
35
-3
1
-10
21
25
-15
32
-9
-2
-19
-51
-48
-50
-45
-52
-20
26
25
45
40
32
71
41
45
63
60
-9
-23
33
9
-34
-35
-46
-50
-23
-17
9
-18
-17
-5
11
6
-21
-4
-23
6
-9
-26
-32
-37
-13
-63
-43
-50
-51
7
-3
6
6
20
41
16
41
37
41
48
39
60
-13
2
-1
-12
3
-21
-13
-44
-28
-27
-3
-1
-20
-15
-22
5
16
-6
4
21
-21
1
13
-4
-2
-20
-2
6
-11
-6
-28
-4
26
6
-8
-4
10
9
36
25
25
15
28
25
10
52
42
36
12
6
21
40
22
13
31
35
50
44
40
18
-5
1
-26
-41
-50
-41
-22
-65
-40
-41
-32
-15
-21
1
4
41
10
0
28
22
16
6
-2
-11
-1
4
-15
-16
-5
-12
-2
-23
-35
-28
-37
-27
-28
-17
-12
-22
14
9
-25
14
16
-10
-6
-10
-10
-29
-27
-14
15
28
-11
-23
-12
-12
-40
-42
-12
-18
-30
-10
4
6
16
-5
-12
-3
-14
-19
1
13
7
32
38
16
39
85
34
27
25
11
23
-8
-4
0
20
16
27
42
36
6
8
37
37
38
32
22
30
56
40
48
53
25
1
7
2
-6
-20
-15
-56
-86
-15
-25
-49
-55
-23
-47
-61
-22
-62
-31
9
-21
-17
-13
-36
-64
-69
-52
-68
-47
-16
35
9
-17
3
20
48
24
73
35
9
-4
-25
-1
-31
-25
-30
30
39
-5
20
52
85
67
41
55
48
58
29
-2
28
-6
-3
17
38
19
-29
-21
-8
-20
8
10
-22
9
17
35
41
15
-16
1
0
-4
-31
-58
-38
-33
-18
-38
-9
-29
-13
-32
-23
29
-29
-20
-19
-13
-8
7
-19
-19
-34
-45
1
-19
-6
-13
-13
-13
15
24
-2
1
5
-11
-24
3
-25
-11
12
-2
5
-2
-6
-20
-12
7
25
34
28
37
45
28
43
60
28
49
25
27
15
-9
4
13
38
-15
-4
0
-10
3
-6
10
-10
-21
-23
-23
1
-37
-29
3
3
5
-19
-14
5
24
3
29
11
-27
10
18
12
-7
16
43
13
-12
11
3
14
23
-19
-20
-6
-6
-21
-6
6
15
-3
4
9
-13
7
16
4
-7
-3
16
31
-26
-27
-10
-24
-22
-16
-16
-42
-16
-31
-19
-14
-35
-14
-25
-11
-5
-30
-20
-13
-33
-5
-12
-4
13
12
-6
-12
30
27
39
52
60
38
48
29
-2
-4
9
20
-11
-8
-37
-45
-41
-25
-3
-33
-35
-6
9
-3
-15
13
29
29
39
44
27
19
9
0
24
13
18
13
8
-16
-8
19
20
32
9
15
-9
-26
-28
-15
-5
-19
-36
-57
-35
-32
-29
-22
-1
13
-1
2
12
-2
12
42
57
42
19
21
-6
-26
-3
3
5
18
-7
-4
-15
-13
12
17
36
11
22
28
6
33
-9
9
16
-20
30
20
-7
-1
-3
-11
-7
3
9
-7
-21
-23
-3
-6
-22
-13
7
-4
-21
-10
-25
-39
-32
-23
-34
-10
-50
-42
-21
-49
-58
-43
-13
-35
-25
-6
-6
-19
-21
-35
-8
2
-7
32
45
11
3
27
3
-12
-15
-4
-2
-7
7
39
39
25
21
29
69
91
63
65
79
34
23
14
14
30
26
10
6
12
13
23
16
58
38
7
44
16
-10
-1
9
-29
-23
2
-5
-18
-47
-36
-38
-44
-60
-32
-18
-25
-22
-12
-31
-60
-24
-31
-11
-8
-35
-27
6
-6
-23
-34
-32
-14
6
19
-13
18
30
37
32
19
12
-10
13
25
35
22
-10
0
8
-5
-20
-18
-13
-16
5
-10
18
15
-13
3
19
39
3
-13
5
-12
-24
-11
-7
-2
-7
18
33
5
3
4
5
-4
-31
-3
6
5
16
-7
4
7
7
20
31
29
3
13
-6
-12
0
-17
-10
8
10
-9
-17
-22
-14
-4
-3
-29
-26
-6
-31
-14
-1
-31
-41
-24
17
39
16
3
16
30
19
14
17
21
19
2
19
36
8
-13
13
25
6
-14
4
-17
-17
14
-47
-41
-18
-29
-31
-19
-14
-9
7
1
6
53
66
44
50
14
9
2
25
21
-10
26
35
41
9
11
20
7
-3
-13
9
-12
-9
-1
-4
-16
-22
-20
-26
-10
-22
-1
-24
-19
6
-12
10
-7
-35
-11
2
-14
13
0
-15
-9
-26
-25
-10
-40
-28
-17
-37
-3
-17
-11
-21
-5
2
-9
8
-1
-3
1
23
16
2
21
15
13
3
-2
3
1
22
-4
28
33
23
9
-12
8
-15
-24
-43
-14
-12
-9
1
-15
-9
-7
1
-1
8
4
3
25
23
15
31
19
20
13
-15
3
-6
-7
15
2
-6
-21
-17
17
12
4
24
16
-1
34
45
18
38
25
12
45
10
23
31
-16
-8
-16
6
0
-12
-7
-2
3
-8
0
-6
6
-35
-31
10
-8
-6
-5
-7
-7
-11
-12
1
12
14
-7
-3
8
10
20
-10
-13
-29
-47
-18
-32
-22
-12
-16
6
-6
19
16
-4
0
-16
11
-8
1
-31
-23
16
-14
-16
-53
-30
-41
-20
-16
-44
-12
-23
-3
7
9
16
13
-4
-27
-16
-6
-3
-14
-20
1
11
7
-4
4
18
35
41
50
17
-13
30
13
-6
13
15
14
29
19
-16
-10
17
28
15
30
47
55
37
9
6
13
15
7
38
34
10
16
-9
-6
-13
-10
6
12
20
19
18
7
20
-22
-18
4
-46
-35
-35
-63
-70
-63
-62
-67
-20
-5
-41
-29
-6
-32
-39
23
15
35
35
33
67
40
39
1
37
30
18
36
21
16
3
44
16
22
27
14
-2
-15
-3
-25
-11
-15
-44
-23
-35
-28
15
-5
-1
-7
12
9
-5
17
7
-7
-15
-15
-13
-33
-35
-13
-45
-26
-14
-27
-54
-47
-22
-33
-32
-34
-19
0
4
-2
28
-24
-1
-13
-26
-28
-39
8
-55
-10
7
10
26
40
52
51
66
79
59
45
57
30
83
43
30
29
9
43
33
12
17
15
16
13
1
21
23
28
-1
9
16
-22
-29
-16
-28
-32
-24
-24
-29
-54
-43
-36
-6
-47
-30
-9
-42
-16
-28
7
3
-17
3
27
12
9
28
18
13
8
15
3
18
6
-6
-14
26
24
21
48
-1
11
9
8
0
3
-28
-39
-7
-40
-54
-30
-28
-34
-44
-35
-37
-55
-12
-20
-11
19
28
20
9
14
-20
-22
10
1
7
4
-29
-2
-1
-2
-16
6
40
7
30
47
28
16
7
4
22
12
17
25
4
-1
-7
2
11
-11
-5
-13
-48
-1
-29
-35
-3
-14
-4
-4
-3
3
5
0
0
6
2
-34
16
50
38
50
62
47
5
24
20
22
19
12
10
8
8
18
21
21
-1
-24
-2
-7
15
-22
-4
7
-31
-13
-35
-12
-28
-18
13
-3
16
-8
0
3
3
28
10
32
16
-18
-24
-35
-38
-33
-28
-44
-25
10
-1
-2
9
-6
-36
-32
-19
-40
-19
-13
-22
-15
6
7
-12
0
-18
-10
9
-2
-8
13
12
-3
-1
-13
-10
-9
6
5
3
7
27
14
16
47
14
25
15
20
13
-9
6
-16
-17
-2
3
27
33
-4
-7
-6
-11
-20
-11
-13
-34
3
-7
-10
18
29
-3
-13
40
24
16
9
-1
3
1
19
-10
2
-5
-10
-11
-6
30
40
37
17
34
22
9
22
22
28
30
35
47
17
27
34
2
19
6
7
-5
-22
-11
-16
-16
-19
-21
-19
-41
-29
-19
-19
-22
-43
-18
-42
-32
1
-47
-39
-3
4
-32
-36
-26
-56
-63
-52
-25
-22
-33
0
5
-8
-7
-27
-19
-16
11
20
0
6
-16
1
20
2
3
37
42
34
25
29
26
-4
-26
-26
6
6
3
-7
-8
9
12
0
7
19
38
56
41
59
40
19
39
32
37
36
31
25
14
1
9
18
-7
-12
-10
-7
6
17
-7
-19
-10
-16
-12
6
-28
-26
-12
-44
-20
-31
-3
-2
-10
10
1
12
-6
16
-16
-19
5
-18
-47
-47
-32
-44
-15
-29
-36
-22
-38
-6
25
12
-2
-18
9
11
13
21
3
32
38
47
61
70
38
17
29
12
3
13
-11
-10
11
-16
-16
-13
-7
-13
1
3
0
-7
-9
2
-14
-14
-16
-9
-15
19
10
6
9
6
17
-13
3
-15
-28
-13
-11
-27
-53
-5
-23
-38
-10
-25
5
3
35
38
3
-1
-9
-2
-7
24
-10
-19
5
20
3
3
33
24
20
9
30
26
-2
-59
-53
-31
-35
-19
-19
-12
-23
-8
9
29
39
9
19
24
7
23
22
27
35
15
12
4
5
-6
15
57
15
-3
5
-9
-7
0
1
-25
-2
11
1
32
18
16
30
44
44
16
-6
-10
-26
-34
-32
-50
-34
-38
-50
-68
-51
-15
-56
-40
-22
-40
-4
9
-5
11
34
59
55
55
69
36
35
51
14
-17
16
25
-34
-50
-35
-50
-34
-47
-40
-23
-16
-26
-33
-14
-32
0
13
20
6
13
28
23
29
42
58
41
21
7
7
-4
33
26
1
0
-5
-15
-49
-37
-21
-17
-32
-13
16
9
28
42
18
22
2
4
7
-16
24
-19
-22
-23
-47
-35
-61
-17
-24
-10
0
-8
15
-8
11
28
47
20
11
35
29
29
36
44
19
10
17
14
-3
-15
-10
9
-3
-22
0
3
-32
-34
-19
-5
3
-36
-22
-22
-10
16
-2
20
10
3
9
15
12
8
3
3
5
3
19
15
13
-3
0
0
-6
-7
-2
-2
5
12
-8
-6
-3
-7
-9
-41
-46
-14
-50
-30
-22
-21
3
0
13
-15
-12
-10
3
3
6
-2
-27
-26
-20
-1
15
25
-2
-4
-4
3
6
9
32
19
16
33
14
-3
28
33
26
45
41
33
27
14
21
16
6
-10
-20
-9
12
3
-12
-17
-19
-11
-41
-53
-40
-50
-48
-16
-30
-44
-2
2
-7
-4
0
15
29
41
3
21
70
44
35
32
26
22
30
29
28
30
0
7
7
3
18
1
3
-10
-41
-7
-18
-44
-39
-45
-13
-30
-34
-39
-41
-17
-28
-10
-18
-3
12
25
32
7
-10
-14
-17
-9
-10
-22
-1
-3
-14
1
23
18
5
9
38
28
1
-8
-9
17
10
-7
-6
9
8
6
-1
1
-6
-11
0
-19
-23
-15
6
-5
-15
-2
-1
22
11
-5
-1
19
-11
4
16
-7
19
6
26
31
19
10
-1
13
9
12
12
-3
-9
-25
-38
-20
-14
-13
-25
-12
-24
-52
-40
-31
-5
13
-3
0
10
4
22
16
32
19
13
29
19
50
39
35
9
14
58
32
35
16
25
20
8
29
6
12
-3
5
-3
1
3
-15
-11
-11
-15
-38
-22
-59
-55
-35
-57
-42
-30
-10
-34
-50
-34
-21
-21
-25
-37
-50
-37
-6
-12
-12
0
5
22
18
12
1
19
4
6
9
8
18
21
38
-6
10
19
8
34
17
32
34
16
21
17
23
4
2
25
1
13
20
-16
2
-1
0
3
-19
1
3
-1
-3
0
-15
-9
28
30
6
-16
9
30
8
10
15
6
