72
26
12
83
9
6
20
40
-29
19
24
-9
10
-13
-12
-62
-29
-59
-95
-8
-58
-59
-21
-53
-7
-45
-56
-98
-58
-66
-104
-6
-48
-27
19
12
-37
10
29
-62
1
15
-21
7
-28
-5
-46
-45
-41
-92
-36
-61
-43
-59
-41
-37
-19
-22
-22
16
-48
35
-15
-23
55
29
57
7
50
48
-7
64
20
-20
20
7
-7
60
0
39
54
25
79
34
94
25
56
102
4
40
58
26
20
51
14
19
15
0
45
-6
40
45
-12
25
0
19
-6
11
37
13
16
-5
11
-25
25
44
9
26
-16
2
-33
-30
-23
-63
-23
-60
-17
6
-18
-7
-50
-30
-30
-51
-72
-38
-13
-48
-28
-49
-26
-45
-81
-12
-80
-28
-48
-73
-11
-59
2
-61
6
7
-41
48
14
34
24
35
49
33
36
19
26
22
44
47
47
29
-30
50
-12
-3
17
-36
27
-12
-17
-52
-14
0
-32
-3
4
-13
-9
17
20
36
37
36
74
68
-5
38
-21
-32
38
-21
22
17
-7
8
6
25
-49
-40
30
-42
-23
4
-39
-21
-36
-12
-4
-59
-20
20
2
-2
19
35
-18
-12
32
6
4
34
14
19
43
17
16
15
28
7
41
26
-8
34
-9
8
2
-1
17
24
7
10
22
-35
-14
-12
-28
-24
-69
-27
-23
-19
58
-20
40
24
4
49
-56
9
-15
-53
-38
-50
-39
-37
-20
-12
8
-9
2
-3
-48
21
-10
-56
27
-32
4
-1
10
46
-34
73
-3
-4
53
-46
5
3
-28
35
19
-9
38
13
10
16
-9
46
23
-3
31
-19
-3
-20
-25
12
-4
8
-49
-26
-18
-48
-57
-46
-23
-21
45
-29
-13
35
-10
34
20
1
29
16
-16
-4
-1
-8
-35
30
19
-31
41
38
32
25
33
29
29
0
4
-1
2
50
-12
46
49
-17
4
-4
-6
-3
-14
2
6
0
-7
-3
6
-5
5
0
13
-6
11
18
-3
39
23
-10
-7
-45
-43
-40
-41
-6
-19
-9
17
0
-14
20
4
18
10
-9
8
6
45
-22
-18
35
-22
1
-4
-25
0
-38
-22
-26
-17
-19
-16
8
-53
-3
14
-21
-31
-16
-12
-48
-20
-19
-31
-15
-16
0
9
17
18
10
0
-5
13
-12
9
21
36
36
11
25
18
37
13
18
26
20
34
44
32
24
33
26
13
21
36
1
13
4
8
-7
-7
24
-1
0
-12
3
7
-9
-15
-19
-33
-42
-36
-16
-19
-20
-24
-27
-12
-28
-18
-22
-29
-41
-23
-16
-34
-7
-28
-7
-20
-40
-4
-25
-14
14
9
-3
10
19
16
24
21
15
10
29
46
33
35
44
31
28
21
19
29
38
27
3
6
2
-16
-22
-14
-25
-26
-17
-7
-14
-35
1
-1
-13
-11
-9
5
-4
-4
-5
-4
13
3
11
29
19
19
7
13
36
28
29
48
29
6
3
-10
-10
-2
-12
-22
-19
-10
-16
-22
-17
-32
-17
-4
-10
-3
1
-3
5
6
-12
-6
-38
-44
-28
-27
-28
-36
-29
-31
-10
6
-6
-2
-7
-19
-11
-34
-21
5
-6
25
25
16
23
27
25
19
42
35
23
25
50
28
11
48
13
22
32
1
-4
-10
-7
-11
3
0
-3
21
6
12
3
-3
10
1
10
6
28
22
5
-3
-16
-12
-9
-11
-26
3
-14
-35
-6
-12
-22
-40
-28
-25
-50
-24
-12
-29
-21
-16
-16
7
-16
-28
10
4
-20
-32
-29
-9
-17
-19
14
29
19
12
49
11
3
53
31
33
58
70
37
58
59
23
42
46
17
-10
21
2
-35
-3
-32
-35
-20
-64
-35
-3
-4
1
25
41
17
15
13
11
-2
-15
14
-26
-4
-10
-3
12
-48
20
-38
-28
-47
-67
-19
-65
3
-44
6
19
-40
0
8
-16
-44
37
19
-7
25
25
1
45
54
16
57
47
29
44
5
-28
-3
-33
-39
-67
-79
-37
-47
-17
-54
-64
-5
-37
-23
-22
-19
19
15
15
-1
41
-6
6
38
-16
15
7
53
18
11
28
9
42
-13
35
35
3
3
10
41
19
46
49
70
58
47
60
12
28
-16
-5
36
-10
1
-8
-2
7
-7
-19
-32
10
-10
-7
2
-32
45
12
-13
13
-16
12
-26
2
-21
-43
-9
-92
-55
-48
-67
-41
-41
-18
-82
-37
-39
-48
-20
-26
17
-55
-3
-39
-50
-29
-46
17
-30
25
35
25
7
2
18
-23
16
-5
4
19
-27
4
28
14
28
70
41
15
53
57
28
-15
18
24
-5
28
38
59
76
111
98
60
90
44
32
26
-26
-21
-19
-2
-28
-27
9
-29
20
16
-17
-7
-3
16
-57
-31
6
-56
-54
-48
-22
-2
-29
-33
-29
-49
-56
-49
-53
-41
-38
-29
-21
-32
-31
-45
-11
-22
-52
0
-22
-23
7
3
-1
15
29
21
23
31
60
29
23
44
27
43
33
8
50
44
45
56
31
31
12
66
64
11
16
19
7
-9
3
7
-26
-19
-11
-35
-15
-34
-48
-37
-20
-22
-9
-2
-14
-10
-34
-14
-34
-33
-34
-41
-41
-54
-42
-46
-10
-15
-26
1
10
15
16
13
-1
-6
-4
13
28
0
26
19
7
45
23
36
31
38
56
35
70
62
30
66
57
51
41
11
10
-3
-10
-17
-10
-19
-17
-30
-29
-17
-19
-4
-28
-33
-25
-26
-18
-22
-31
-40
-51
-30
-19
-32
-11
-5
-6
1
-1
4
0
-8
-18
-28
-13
-11
-9
-5
-9
-11
-11
3
16
34
1
30
57
19
51
29
13
22
25
23
2
11
-2
1
15
13
3
3
-7
6
13
-3
10
6
3
-13
-20
-19
-26
-15
-28
-41
-36
-34
-32
-2
-4
-19
0
1
6
21
16
-4
-2
15
13
-6
14
7
-4
9
-16
-2
6
3
13
14
9
5
2
7
-3
8
37
28
38
32
22
23
6
3
26
14
5
14
19
20
6
0
-9
-7
-14
-23
-22
-5
-31
-35
-38
-38
-23
-41
-22
-19
-9
-10
-12
-12
-26
-31
-11
-25
-32
-2
-16
-10
-18
-15
-11
-1
12
0
18
18
16
38
48
27
26
23
-6
-5
-7
-4
3
9
22
2
23
28
11
22
24
21
13
-6
-9
5
-1
-2
-9
-3
2
2
11
1
3
21
13
5
24
-5
10
15
-18
6
-7
-4
-6
-16
-18
-31
-18
-15
-27
-21
-15
-32
-18
-17
-29
-19
-19
-16
-17
-16
-10
-10
0
0
3
11
18
21
7
1
-1
26
26
15
5
2
16
14
11
19
38
18
28
23
31
26
3
25
6
32
26
34
27
10
26
5
16
-9
-30
-26
-28
-21
-29
-30
-32
-41
-30
-38
-34
-41
-39
-28
-41
-25
-22
-15
-21
-9
4
-25
-2
9
-2
1
-2
-2
-2
-3
10
24
6
-9
1
4
-12
-12
23
19
0
19
30
22
42
44
52
44
25
17
16
37
21
41
38
-4
-1
17
7
6
23
13
3
-19
-15
-17
-22
-14
-9
-17
-15
-20
-24
-16
-20
-10
-19
5
-12
-13
-13
-25
-10
-29
-24
-31
-18
-25
-24
-16
-23
-23
-25
-3
5
6
11
20
6
-10
-5
-9
-4
-2
-16
7
16
12
28
36
36
29
37
20
17
24
17
13
5
10
15
16
13
13
26
14
2
19
7
14
37
29
22
24
22
2
-3
6
5
-5
-6
-15
-26
-26
-32
-19
-21
-29
-28
-37
-29
-40
-34
-32
-40
-33
-34
-33
-26
-26
-19
-7
-19
-19
-9
-7
3
-2
-5
-2
-3
1
2
-7
-13
-1
4
8
8
17
38
29
46
45
27
29
23
22
18
11
22
34
24
18
11
16
22
11
-4
-2
-2
-1
6
-4
-1
-5
-4
0
-4
-1
3
20
12
-2
5
-6
0
-4
-6
3
-23
-24
-8
0
-10
-7
-1
-17
-15
-9
-3
-1
5
1
-9
-16
-19
-9
-20
-28
-16
-10
-10
-13
-7
-9
-21
-19
-11
-2
14
16
14
25
30
31
51
33
41
19
17
34
9
28
10
5
4
0
-2
-3
1
-8
-12
-10
-19
-35
-25
-34
-45
-30
-48
-51
-17
-18
-10
-25
-11
-3
-29
3
-15
-9
9
-2
10
10
7
9
28
19
17
17
-10
16
19
3
4
1
7
-5
1
28
26
29
37
18
26
29
20
32
23
24
25
25
30
23
17
27
19
0
-6
-21
-6
0
-15
-23
-25
-25
-44
-24
-8
-24
-26
-38
-12
-19
-31
-12
-18
-22
-30
-17
-22
-24
-17
-10
-10
-10
-22
-11
-4
-21
1
-6
1
19
19
17
25
13
-3
7
11
12
6
10
11
11
19
25
22
33
28
16
19
20
33
5
-10
9
6
-3
1
11
-6
-1
0
-8
-5
5
4
-19
6
-13
-22
4
-9
5
-3
-13
-20
-22
-30
-26
-7
-19
-16
-26
-7
-4
-27
-3
-14
-13
1
-4
5
16
23
15
15
18
5
-10
1
1
1
3
-6
-3
10
19
30
28
14
24
17
8
4
-10
-10
-2
14
11
16
17
7
13
17
18
2
-1
9
4
0
4
1
-6
-4
-2
2
2
0
1
-6
-19
-12
-19
-25
-14
-21
-1
-3
-33
-36
-26
-32
-47
-40
-38
-37
-25
-19
-7
0
-2
-4
-8
-2
-14
-11
19
-10
0
15
15
31
22
29
30
29
19
-2
22
28
19
26
30
51
30
36
17
20
27
19
41
22
29
6
9
7
8
9
4
9
-15
-10
-11
-1
-3
2
0
-5
-19
-26
-15
-6
-11
-34
-29
-25
-26
-35
-40
-35
-35
-44
-39
-26
-22
-24
-32
-29
-28
-19
-14
-12
-20
-32
-24
-10
13
24
28
28
12
23
18
6
19
20
29
25
41
34
22
48
36
27
47
41
32
15
13
16
1
10
6
13
6
-3
-4
-13
-8
-22
-3
-5
-25
-10
4
6
4
-1
0
4
6
15
-8
2
7
-6
-10
-19
2
0
-9
-22
-20
-26
-25
-17
-31
-25
-45
-37
-39
-50
-37
-42
-27
-8
-1
1
-9
0
15
25
13
7
27
25
38
46
28
11
-9
-6
1
6
-5
-12
5
1
-3
0
1
7
8
0
3
1
7
15
5
22
26
34
45
51
41
25
17
13
8
-13
-18
-21
-28
-36
-28
-22
-14
-20
-4
6
0
-5
-15
6
-7
-3
12
16
27
31
26
26
13
1
3
-3
-3
-18
-20
-22
-41
-42
-44
-43
-14
0
-1
-10
0
6
3
6
9
14
-17
-18
-5
3
2
15
29
19
15
19
10
-9
-15
-4
6
3
5
9
0
5
20
17
11
-6
-2
-1
-9
-3
-21
-6
-6
-26
-12
-7
-19
-9
-6
-16
-14
-9
-21
-33
-26
-28
-27
-22
-18
-14
0
1
-7
-4
-11
15
29
9
12
28
31
34
42
36
35
37
35
27
35
28
22
22
25
13
6
16
-22
-16
-5
-22
-4
11
8
-3
15
23
19
29
18
18
7
-4
17
9
-1
0
-10
-19
-22
-16
-15
-39
-45
-28
-40
-50
-53
-44
-50
-39
-16
-10
-15
-25
-7
15
17
-9
-4
11
8
-6
1
6
12
11
2
0
-10
4
1
6
-1
-7
-11
-7
-5
-6
-3
-3
13
4
8
4
6
8
19
23
22
26
3
16
15
16
-1
7
22
7
19
7
15
9
-14
-3
0
-7
-10
-8
-5
-13
-13
12
16
22
12
1
8
-6
0
-12
-25
-26
-23
-19
-22
-6
4
4
7
-1
1
3
9
6
-6
6
21
29
23
35
33
19
21
31
32
16
16
22
27
-1
-7
-12
-28
-25
-18
-41
-45
-31
-43
-39
-56
-45
-42
-25
-22
-33
-5
-6
-3
-8
2
2
11
13
7
13
7
23
27
17
25
23
11
21
16
18
28
22
11
-2
1
3
-7
-7
4
-5
-4
-6
-11
4
-6
-12
-7
-15
-5
-7
-6
4
-4
-16
-9
-10
-18
-18
-31
-9
-3
-3
-14
-25
-3
-9
-20
-6
18
4
-6
15
14
21
29
24
19
12
24
24
34
29
3
4
-3
-17
4
18
18
7
1
-3
5
9
-11
-4
4
13
16
21
19
9
-9
-5
6
-1
3
-4
2
0
-1
1
2
3
-13
0
-3
-5
-2
-2
7
-12
-21
-8
-3
-5
-2
-3
-3
-7
-16
-3
0
3
1
-3
-4
-11
-22
-7
-12
-35
-18
-24
-22
-13
-30
-29
-32
-12
14
-2
-3
4
1
0
6
2
2
-3
-14
-13
-15
-7
-11
-3
-12
-15
4
-2
1
13
6
9
16
19
32
15
22
31
29
30
23
25
25
15
17
23
24
37
36
45
42
23
11
30
44
9
9
0
10
11
19
25
16
22
0
6
6
-12
-13
1
0
-5
-19
-39
-41
-47
-56
-41
-31
-45
-48
-47
-51
-54
-45
-46
-28
-32
-15
-11
-35
-34
-46
-18
1
22
25
4
-16
0
6
6
13
5
20
15
6
10
10
-10
-6
-4
11
16
6
21
1
6
19
7
4
10
3
13
16
10
29
33
20
1
11
32
26
25
25
20
12
0
7
2
-3
1
-4
-7
-4
0
1
6
13
9
3
17
10
2
16
4
0
13
-8
-7
-12
-24
-9
-2
10
2
3
4
-6
0
0
-19
-18
-21
-31
-11
-7
-4
-9
-11
-4
-8
-1
-14
-11
-6
-14
-10
-15
-15
-15
-4
2
-6
-5
1
-3
-14
-34
-25
-13
-11
-14
-28
-12
-32
-14
-1
-10
12
1
3
-3
3
8
15
16
28
25
30
37
21
43
24
12
9
25
15
13
6
-12
5
1
13
9
18
6
0
11
22
23
9
18
10
19
6
13
18
-2
2
10
21
10
3
-4
-7
-15
-16
-2
-17
-7
-19
-29
-2
-9
-19
-12
-4
-1
-10
-9
6
-16
-28
-12
-16
-16
-7
-25
-32
-13
-5
12
10
-3
-9
-7
-22
-29
-12
-10
-10
-17
-7
-10
-14
0
-2
-3
-9
-11
-12
-17
-11
-19
-9
-1
-6
16
13
-2
1
13
30
30
29
41
34
35
41
44
58
57
58
67
67
44
48
41
21
13
-4
10
8
3
2
-16
-23
-28
-21
-19
-42
-48
-41
-42
-29
-27
-42
-49
-33
-16
-22
-20
-25
-26
-27
-17
-9
-14
-8
-27
-27
-6
-1
-8
-5
-20
-31
-23
-31
-19
-16
-10
-15
-12
-8
-9
4
10
15
0
11
25
19
38
51
41
54
56
61
56
48
48
34
31
28
31
29
38
14
-1
-13
-26
-9
-22
-22
-10
-13
-19
-22
-26
-29
-13
-5
-2
12
4
0
-4
3
6
10
8
-3
9
-3
0
-13
-17
-2
-11
7
-1
-19
-23
-39
-38
-31
-22
-20
-22
-9
-7
-6
-5
17
14
-7
12
23
24
29
31
40
21
22
22
10
22
-4
-8
-10
-11
-16
-14
1
-10
-4
-11
-6
-11
-26
-11
-21
-36
-16
-16
-15
1
-19
-16
1
1
-1
-4
3
15
4
3
9
4
7
-2
-6
-16
-18
3
17
13
16
6
-4
6
15
26
13
15
9
4
0
-4
6
6
8
16
25
24
6
-4
12
10
3
6
21
12
-7
2
15
16
14
18
6
-6
-8
2
-12
-26
-28
-22
-24
-26
-13
0
0
-4
4
1
13
17
16
12
9
-1
-1
-6
-9
3
-9
-2
-6
-17
-6
-9
-7
-11
-26
-32
-37
-12
-6
-13
-3
-6
-2
-6
1
-1
5
10
0
0
7
17
7
5
19
20
19
9
3
16
3
15
19
12
11
1
8
10
-17
-12
-7
-33
-36
-23
-17
-35
-32
-35
-32
-12
-6
3
-16
-11
-9
-10
9
6
16
35
24
24
20
19
19
7
17
12
-4
-2
-2
-6
-4
-1
-16
-18
-12
-16
-12
-12
-26
-10
3
16
22
15
26
38
36
20
22
37
42
28
39
41
29
42
30
32
19
12
34
9
-18
-13
-8
-22
-30
-31
-48
-45
-44
-41
-31
-32
-18
-10
1
1
-9
-13
-9
-13
-16
0
-2
-12
-12
-4
-4
-3
-6
-13
0
-11
-4
6
-2
-12
-26
-5
-12
-21
-8
-6
-6
8
6
-15
19
10
0
10
18
23
21
19
8
21
11
20
22
11
16
-1
10
0
-14
-9
4
-1
-11
-24
-31
-19
-22
-20
-32
-35
-22
-21
-25
-12
-15
-7
-3
-12
-1
-9
8
22
31
38
38
35
35
39
27
40
66
55
34
30
20
19
11
7
9
3
0
-22
-13
-16
-25
-3
-8
-6
-4
-4
10
10
0
-4
21
16
4
3
7
-1
-6
7
-11
10
20
16
20
-3
-3
-21
-22
-20
-19
-16
-31
-20
-31
-35
-14
-13
-12
-16
-21
-22
-19
-22
-31
-24
-16
-26
-20
-23
-19
-5
-17
-10
-8
-10
-1
-11
-2
-6
-10
0
-6
-7
13
16
-5
9
11
9
5
15
24
12
13
24
28
13
32
31
23
23
12
18
24
27
15
3
2
2
-3
10
-9
-16
2
2
4
1
-1
6
7
-9
4
9
16
10
-1
11
3
0
-7
3
-2
-1
4
-6
6
7
3
9
10
7
-4
-9
-20
-13
-12
-9
3
-9
5
11
24
11
-1
7
2
3
-4
10
9
23
10
2
-10
-31
-9
-15
0
0
-12
-16
-20
-9
-14
-15
-10
0
-7
-20
-33
-27
-27
-24
-16
-28
-21
-15
-6
1
-1
-13
-27
-8
-3
-13
-16
-7
2
-10
1
16
24
8
-2
11
-1
-7
6
19
7
14
17
10
2
7
26
17
34
12
7
23
3
6
5
4
17
30
27
16
4
9
10
-2
-2
2
7
6
7
15
6
-7
10
-3
-2
5
4
7
-7
5
-2
-9
-13
-15
-6
-11
-28
-29
-27
-29
-22
-16
-4
0
3
3
-1
7
23
26
33
45
41
43
44
40
37
28
22
23
7
-7
-7
-3
-24
-32
-22
-22
-23
-26
-21
-26
-41
-33
-40
-55
-23
-6
-1
-12
-15
-16
-25
-12
-19
-14
-2
-8
-32
-31
-28
-20
-4
-16
-21
-9
-1
6
9
-5
-4
2
13
1
8
24
12
23
29
28
19
28
25
28
48
42
45
35
38
39
44
31
10
18
9
1
-4
-4
-15
-20
-23
-31
-43
-45
-46
-40
-32
-27
-16
-15
-13
-22
1
7
6
6
-6
4
-4
6
18
12
11
16
22
32
32
29
45
41
28
19
5
2
-18
-21
5
-7
-23
-12
-19
-24
-33
-18
-12
-12
-9
-16
-2
-12
-11
-10
-10
-6
-9
-5
-5
8
10
23
19
19
26
19
34
23
9
22
21
7
15
-4
-19
-6
0
7
0
-2
-10
-16
-21
-18
-14
-14
-9
-1
2
-3
4
-3
-5
-1
0
-6
-2
1
-6
-21
-27
-26
-25
-9
-4
-3
-8
-17
-34
-29
-24
-27
-25
-27
-34
-33
-21
-12
5
4
4
8
16
19
16
26
26
7
19
42
36
39
47
37
37
35
28
34
16
8
13
15
16
1
0
8
16
3
12
18
21
22
8
8
-12
-15
5
0
-2
-8
-19
-1
-13
-20
-12
-16
-19
-31
-16
-8
-25
-31
-19
-12
-15
-22
-26
-10
-14
-26
-21
-16
-3
-2
-20
-16
-12
0
1
-3
4
4
17
22
31
34
26
28
42
54
38
35
23
14
9
-10
11
3
-5
0
0
18
-1
0
8
-6
-1
1
0
-11
-24
-19
-13
-28
-31
-37
-37
-29
-22
-22
-34
-31
-39
-19
-6
-25
-12
-10
-9
-17
-6
23
7
-3
10
9
3
6
7
19
19
20
24
9
15
0
3
11
10
8
21
29
7
5
-3
4
2
-1
0
0
5
-4
-17
4
19
10
15
2
7
7
-1
-2
-5
-3
-1
-3
2
-1
-3
4
-6
-4
1
7
0
7
17
7
-1
10
9
6
14
7
10
10
19
12
6
17
6
-4
2
4
10
19
8
9
19
18
9
13
19
20
5
-10
-8
-12
-4
-6
-16
-35
-36
-35
-56
-52
-50
-54
-51
-44
-54
-59
-60
-55
-42
-35
-37
-36
-23
-9
3
6
0
-9
-1
15
28
40
36
42
43
51
52
42
39
28
20
16
22
28
31
19
15
9
-6
-3
-4
-2
-4
9
8
13
21
5
11
9
2
-3
-22
-25
-26
-21
-9
-6
0
-16
-17
-8
-25
-12
-6
10
15
21
25
4
24
25
35
47
49
38
23
19
10
10
19
18
-6
-1
-4
-12
-2
-13
-28
-25
-23
-46
-46
-39
-32
-19
-31
-20
-16
-8
2
-2
4
-2
-2
11
8
-4
4
3
0
9
6
-1
0
-7
-13
-10
-23
-27
-16
-13
-12
-19
-5
-22
-27
-1
-6
-2
-4
7
4
3
3
-1
6
-9
-2
-3
0
10
18
20
1
7
15
32
40
31
24
6
17
12
21
35
32
46
25
29
14
-9
-3
3
-5
-23
-16
-24
-31
-47
-47
-6
-9
-18
-13
-19
-34
-45
-18
-19
-25
-16
-6
-21
-19
20
7
21
21
28
30
23
44
12
14
34
49
36
21
75
81
20
19
27
16
16
42
33
-44
-22
28
23
-29
-16
2
-39
-48
-64
-58
-69
-29
-32
-64
-41
-63
-63
-91
-63
-40
-66
1
24
-32
-92
-5
17
-40
36
72
53
-31
38
94
-16
-9
68
90
41
105
92
-28
-23
77
63
-34
54
59
-69
-47
38
-20
-93
40
41
-99
-100
7
8
-114
-38
-14
-62
-22
65
57
-109
-51
46
20
12
60
10
-49
54
68
-13
15
127
53
-27
94
86
-6
40
118
70
29
154
136
0
26
96
0
-83
38
32
-31
-52
-36
-63
-105
16
-47
-152
-129
-16
-67
-180
-85
-123
-138
-98
23
-42
-175
-44
-63
-95
-110
18
26
-119
-37
25
24
-78
55
140
25
20
72
183
32
15
163
111
15
57
240
75
-61
104
161
10
-86
147
45
-151
-32
50
-47
-162
50
17
-148
-38
115
-32
-176
167
179
-119
-118
104
36
-99
171
89
-161
52
484
181
-367
32
335
72
-73
151
38
-274
173
314
-238
-328
222
223
-350
-174
176
-77
-215
39
-56
-427
-91
167
-282
-471
8
73
-497
-202
196
-170
-481
10
243
-348
-75
322
0
-419
104
489
-211
-129
383
351
-167
55
472
2
-14
265
317
-4
231
582
-36
-194
109
257
-93
44
397
-79
-162
77
188
-211
-123
241
-151
-206
70
186
-347
-453
51
5
-214
-219
118
-123
-316
-2
15
-92
-75
332
231
-128
37
287
218
-20
204
345
152
147
213
273
79
97
220
57
75
67
155
-176
-300
-152
-212
-218
-354
-116
-252
-328
-432
-560
-395
-468
-198
-389
-459
-310
-304
-299
-539
-224
-253
-247
-76
72
184
-146
83
170
325
373
378
504
213
394
500
478
307
286
591
432
179
81
272
383
193
48
-16
129
146
27
-91
-167
97
323
284
44
-40
106
118
11
169
310
283
249
191
91
-91
69
111
0
-80
102
73
-317
-305
-175
-80
-250
-173
-83
-391
-349
-139
-135
-266
-218
-8
-172
-195
19
76
-59
-92
193
-25
-270
-226
-129
-145
-260
-50
-189
-406
-380
-358
-512
-698
-404
-304
-483
-639
-651
-548
-577
-537
-682
-836
-735
-766
-779
-857
-798
-584
-336
-93
-629
-603
170
964
725
158
783
1565
2344
2289
1576
755
1922
4238
4289
2094
944
2493
3573
2988
1577
740
708
1561
1472
-387
-1467
-384
263
-2181
-4207
-3123
-1261
-1669
-3328
-4095
-3618
-2409
-1647
-2570
-3720
-2666
-431
-61
-1001
-167
1191
969
-88
652
2606
3211
2688
2038
2030
2253
2364
2211
1531
1411
1834
1551
390
-237
551
331
-1400
-2422
-1380
-211
-1140
-2200
-2505
-2403
-2426
-2262
-1648
-1634
-1386
-1199
-1354
-1500
-1198
-406
-463
-492
-8
373
164
-442
-361
-92
-134
-165
-147
324
475
117
-605
-1039
49
1109
1234
186
180
1330
1771
1893
1652
1628
1540
2699
4361
3725
1877
1616
3555
4394
2945
1487
866
1685
2768
2407
165
-1315
56
44
-2711
-4346
-1970
-22
-2250
-4948
-5022
-3345
-2503
-2696
-3654
-4103
-2271
-318
-1076
-2916
-1870
1125
1654
380
375
1975
2970
2442
1904
2010
3131
3753
2563
1079
1347
2438
1825
674
966
1225
-273
-2098
-2301
-1626
-1184
-952
-1405
-2148
-2864
-3360
-3677
-3191
-1622
-821
-838
-1071
-1255
-1837
-1908
-734
1
639
1696
2133
638
-917
-260
563
426
682
1782
1604
-230
-1452
-1540
-1417
-1258
-466
33
-625
-1847
-2152
-1022
265
82
-673
-119
1942
3630
3066
1175
136
2842
6975
7425
3637
1681
4799
7836
6723
2784
844
2168
4649
4628
1184
-761
1061
1570
-2961
-6955
-4484
-132
-721
-5419
-8379
-6971
-4127
-3457
-6579
-8336
-4630
-62
-1328
-5558
-4438
242
1130
-1662
-1199
2959
5449
4332
2022
1078
2623
5455
5710
2925
1756
3820
4058
946
-59
2362
2493
-996
-3005
-1710
-815
-1562
-2644
-3402
-3467
-2750
-2686
-4112
-3930
-2149
-1623
-2751
-2279
-279
-577
-2023
-1643
273
1329
1705
2095
1408
463
792
1516
1446
1517
2659
2560
687
-493
-62
436
-895
-1696
-1167
-380
-714
-2403
-2981
-2558
-1352
-1214
-1345
-483
274
1061
1013
1730
1919
1329
1619
3490
7218
8680
6845
3170
2341
5905
8419
7379
4029
3274
4813
5188
3039
-420
-896
702
798
-2624
-5597
-4582
-3515
-5823
-9572
-9311
-5521
-3737
-6687
-10908
-10415
-5790
-2647
-3787
-4647
-1981
360
-1090
-2975
-526
3880
5955
4826
4020
4489
5504
5569
3848
2991
4187
6714
6069
3217
1384
1205
530
-1797
-1766
56
955
-1192
-4288
-5471
-5526
-4671
-3853
-2735
-2032
-2952
-4083
-4601
-3170
-1636
-1063
-347
598
1541
842
244
376
1133
2155
2852
3321
2739
2262
2020
1355
236
134
1816
2819
1104
-1463
-2151
-1356
-1296
-2154
-2118
-1523
-2047
-3142
-2900
-1899
-1486
-1370
-182
478
234
429
2323
4664
4116
2196
618
4384
9974
11061
6053
1317
5000
9599
10187
5157
1436
2047
4900
6943
2441
-1926
-2074
396
-2336
-8469
-7830
-3385
-2356
-8069
-12985
-11338
-6713
-4169
-8421
-11955
-8563
-2432
-1670
-6329
-5175
514
3248
299
-1412
2622
6974
8038
5024
3243
5133
8143
7967
3923
1902
3728
5648
3772
931
848
1139
-1245
-5163
-5691
-3358
-1783
-2644
-4787
-6249
-7308
-7051
-5893
-3887
-2371
-2209
-2502
-2569
-1920
-2153
-1675
778
3729
4658
3346
2762
2682
2499
2552
3625
5252
5564
4987
3449
1574
223
577
2481
3034
1826
113
-485
-1298
-3157
-3506
-1627
145
-1139
-3621
-4084
-3110
-2489
-3174
-2892
-1055
675
966
-638
-639
757
3669
5811
5378
2979
845
5119
10337
11328
5487
1781
5620
10261
10512
3248
-1060
447
5947
6386
-314
-4260
-3525
-1393
-5201
-8812
-7673
-4890
-4410
-8991
-12736
-12343
-7196
-4244
-8604
-11935
-8604
-2021
-2332
-6099
-4603
1034
3792
699
-733
1682
6051
7154
5201
4041
6102
8605
6500
2473
1306
4805
6034
3805
1529
1116
874
-1945
-4056
-4479
-2202
345
-591
-4668
-8386
-6905
-4198
-3110
-2905
-2754
-1940
-2452
-1976
-2517
-2636
222
3661
4955
2686
2514
3546
3474
2654
2871
5386
6822
6590
4475
2295
2058
2181
2355
2311
2200
1322
-329
-774
-1278
-1968
-2533
-2492
-3244
-4461
-4030
-3224
-3353
-4786
-5962
-6101
-4753
-2956
-1374
-431
1143
1674
869
881
3113
5321
4722
4685
6336
10749
12487
9418
3319
2313
8439
12921
10868
3747
-264
-543
2413
2834
-1041
-4203
-3065
-1866
-7496
-13151
-11630
-7015
-6494
-9672
-10464
-8578
-8205
-10458
-13765
-11997
-5773
109
468
-1533
-1498
-1572
-1805
-1256
3339
8437
11107
9072
4112
1289
3355
7605
7893
6418
6207
7469
5475
416
-2708
-2308
-265
202
509
308
-1529
-4921
-8047
-8099
-6156
-2334
431
-264
-3210
-5755
-3876
-1292
259
601
1726
3855
2951
2028
2351
4806
5042
3109
3656
5223
5918
3334
1864
2764
3348
2723
1139
609
-49
-1264
-2089
-2074
-937
-508
-1954
-4677
-7044
-6362
-4073
-1619
-1074
-2763
-4286
-6093
-6709
-6276
-3102
999
2343
1867
915
807
-550
-251
3394
7517
8531
6732
5761
5989
6745
6858
6555
6806
10028
13606
12286
3560
-5173
-5160
2919
10570
8640
751
-5914
-8162
-9458
-10492
-8373
-4452
-2527
-5892
-11677
-15270
-14995
-11436
-9819
-10257
-8802
-4886
-1904
-4828
-8521
-8400
-3652
1749
5401
7626
6937
4818
2099
2805
7062
11236
12043
10195
8831
7869
6226
4464
5292
6628
5879
2780
-1170
-2432
-1672
272
-1
-3007
-5892
-7862
-7203
-6086
-3791
-3259
-3571
-3399
-4311
-4285
-4885
-2387
-107
1214
2461
2805
3511
1734
1228
1392
3450
5824
6142
6507
4173
1844
-650
-642
2412
3993
3607
452
-2238
-4014
-4267
-3007
-1738
-955
-2536
-4559
-5428
-4710
-3771
-4204
-4254
-3228
-2597
-2731
-3031
-2336
-772
-102
164
400
1993
3548
4365
4922
5382
6391
6102
6250
6075
8099
11862
12958
8972
3044
3433
8163
10577
5687
-915
-2626
1376
4522
-164
-7243
-9601
-6720
-5672
-8301
-9803
-9250
-9113
-11435
-13665
-13042
-9022
-4897
-6193
-9847
-10702
-6221
-1581
-805
-670
627
2623
3015
3806
5447
7303
8057
8476
9881
10143
9316
7746
6440
5688
5822
6745
6211
4114
1352
-868
-3257
-4441
-2651
-1554
-2530
-5726
-7547
-8654
-9026
-6970
-4225
-2225
-4332
-6185
-6066
-3853
-2376
-2363
15
2052
3155
2077
1954
2876
2625
3799
5427
7147
5919
4165
4264
4056
3845
2517
3013
3133
1682
21
-1130
-389
-730
-1134
-2067
-3222
-4176
-4597
-3124
-2041
-1154
-1553
-2604
-3139
-3299
-2737
-2422
-528
1504
1711
-480
-2681
-2015
-308
1906
3086
4432
5328
4128
2187
1136
2831
3987
4992
6523
8132
7687
4057
1478
-141
1883
5517
7982
5944
-898
-5774
-6593
-2558
465
910
-375
-3122
-6481
-10356
-10229
-7121
-4035
-2495
-2658
-3520
-6327
-8469
-8428
-7018
-4896
-2252
1816
3368
757
-3705
-5317
-2671
1817
5934
7918
7642
4600
942
-857
892
4473
7089
7303
5586
3019
-382
-2435
-2074
185
1643
1145
-9
-2003
-4019
-4970
-4229
-2814
-2229
-1841
-1547
-1818
-3456
-4494
-2813
85
1687
693
446
1297
1027
356
1236
4739
6828
5511
2878
1426
2049
3318
4955
5693
4678
2278
-145
-1162
-1704
-1244
-25
317
-798
-2723
-3677
-4178
-4383
-3713
-2689
-2109
-1267
-286
-1165
-3634
-5126
-3471
-1038
-8
452
1839
1964
-1277
-4998
-4108
1425
5323
6261
5399
3883
1337
76
3139
6586
7375
6167
6934
8312
6800
2947
-862
1099
6841
11281
7930
-1360
-6838
-4981
1229
1824
-1752
-4183
-2562
-1870
-7343
-12447
-12098
-5894
-2518
-4909
-8560
-9935
-8576
-8622
-9721
-9529
-6010
-735
852
-2052
-5449
-4103
496
3782
4535
5119
6795
7476
6365
4517
4799
6148
7405
7740
7035
6128
4639
3264
1234
-350
-203
416
-65
-2016
-2885
-2662
-2872
-4007
-5928
-5842
-3689
-1401
-2519
-5053
-3892
-1004
-352
-2663
-2265
1128
2916
2625
2013
3088
3591
3343
3423
3512
4502
5076
5413
4070
1442
82
-327
490
758
404
-915
-3003
-3764
-3832
-3309
-3195
-2640
-2017
-2274
-1934
-1417
-1085
-1831
-1053
920
1035
-490
-549
1776
2339
642
-555
406
1085
890
1660
2580
2069
945
1069
2186
2636
2900
4025
5125
4233
1516
895
3887
7077
5451
1153
587
4200
6238
2206
-3843
-5267
-1204
3726
3283
-1692
-6056
-7060
-6417
-6850
-6699
-5953
-4884
-5358
-7986
-11030
-11716
-7713
-4133
-4962
-7198
-5260
-1065
-976
-3557
-2951
1171
3990
4790
5800
6352
5410
4746
5854
7040
7458
8265
8387
5636
2291
2473
4392
4443
3068
2145
335
-3720
-5978
-4221
-1343
-484
-1731
-3559
-6489
-8626
-7564
-3840
-1117
-1123
-970
-1026
-1989
-3413
-2480
1078
3914
5453
5267
4180
2059
764
1950
4173
6510
6385
4896
2905
893
-196
-1457
-517
1793
2927
570
-3314
-4255
-4011
-3865
-3433
-914
721
-1252
-3025
-3015
-2034
-2315
-1638
1636
2806
499
-2240
-1750
-157
-301
-37
1506
2969
1582
-414
-1232
-709
1282
3291
4944
4152
2415
1388
1814
2856
2994
2880
4672
7564
7117
2002
-2785
-1012
4764
7434
3250
-2951
-5389
-2387
859
-534
-4288
-5666
-3848
-4345
-8151
-10416
-8123
-4556
-3821
-6463
-8404
-7575
-5556
-5707
-7264
-5681
-718
2508
636
-1850
-1952
-110
2063
5023
7663
7478
5744
5236
5108
4358
5027
7480
7897
4068
1808
3615
4616
1543
-1229
-719
-371
-2125
-3396
-2994
-2699
-2471
-1931
-3688
-6605
-5344
-1207
-56
-3207
-3078
350
1131
-1002
-1304
1789
2973
2944
3030
3272
2566
2053
3296
3421
3375
3433
2782
1060
-190
604
20
-1183
-1108
-267
-1349
-3753
-3225
-2454
-2494
-2737
-1485
-1093
-3212
-2910
-502
947
-103
714
2938
1852
-776
-226
3403
3453
1578
2222
3035
872
-2217
-363
2042
900
-509
59
998
-963
-1550
-1319
-1130
-508
2188
4337
796
-2954
-3854
248
4122
6040
4809
1304
-51
919
2924
949
-906
780
5368
5998
200
-5074
-5413
-1922
-146
-1579
-3131
-3057
-2241
-4171
-8103
-9451
-6185
-1357
-1395
-4944
-7490
-5080
-2997
-3942
-4267
-1350
2661
2308
610
-376
476
1906
4467
6697
6177
4254
3572
4554
3618
2122
3473
6813
7046
2828
-942
-945
436
399
-512
243
1089
-850
-5236
-6740
-3767
-1066
-1520
-3261
-1989
-632
-1654
-4215
-4389
-1551
1203
2794
2516
1343
-385
-625
217
921
1860
3256
4246
2688
328
-486
-3
624
903
1056
752
537
815
432
-1341
-2608
-1435
512
618
748
1970
1755
-853
-2515
76
2810
3218
2399
1982
822
-1226
-914
1145
2210
281
-981
-500
-225
-1465
-3407
-3949
-3513
-1661
210
658
-640
-2111
-3001
-2666
-131
2433
2238
951
2942
6332
5835
2036
1037
3506
6368
7713
6355
2037
-1303
1723
6089
3100
-3548
-3366
1579
916
-5682
-8942
-7234
-5787
-6289
-7116
-8226
-8669
-7279
-7718
-11143
-12552
-7048
-964
-332
-2245
-2372
-2031
-2244
446
4471
6837
8041
9947
8528
3274
2763
8494
10846
7085
5621
8537
7033
700
-834
2053
1530
-1454
-404
422
-3834
-7284
-4654
-3492
-7510
-7112
-777
444
-5975
-7577
-2127
184
-2464
-1836
2308
2891
1238
1880
2858
2213
3065
5374
4787
2284
2807
4342
2824
870
1856
2273
-39
-833
542
-252
-3096
-2709
-210
-476
-2413
-2133
-1493
-2871
-2555
629
2509
834
555
2122
919
-1466
413
5162
5530
2881
2043
2450
-270
-2833
-841
2143
2510
156
-1879
-5046
-7491
-6179
-2561
-359
-352
-260
-2214
-5767
-6502
-1575
2910
1963
48
2428
5873
4931
1798
1058
2847
5191
8604
9490
4310
-2442
-1857
3961
4911
272
-1428
961
-613
-6535
-10187
-8695
-5784
-3516
-3114
-6651
-11160
-9991
-5893
-6385
-9131
-5738
1460
2384
-1811
-3223
-70
1745
2853
5196
7159
7589
7246
6533
3443
2265
5767
8585
5478
1395
2004
3289
976
-1349
-590
-108
-1681
-2029
-2076
-4527
-5309
-1462
1143
-3131
-5958
-1329
2460
-1340
-3770
1750
5876
2556
-1425
772
3244
3226
4157
5178
3070
371
1565
2131
-312
-1012
2334
2856
-1377
-3447
-2366
-2668
-4466
-2855
-229
-1284
-3097
-1857
-924
-2885
-2835
699
2577
1386
1541
3584
2828
777
2212
4428
3565
1991
3729
4484
1068
-1795
-335
878
-1752
-3113
-1822
-1112
-3846
-5695
-5544
-5716
-5719
-4393
-2325
-2680
-2377
-1966
-2531
-3481
-753
4283
4122
985
556
5169
7678
6705
5607
4988
4703
5560
8715
7644
1886
-1104
2468
4996
436
-3335
-1630
-31
-4051
-8452
-8253
-7048
-6416
-5374
-4673
-7561
-9513
-6346
-4098
-6780
-8461
-2123
3873
2581
-1202
-845
1135
793
2182
5148
6852
6189
5968
4769
1635
1069
4420
6429
3664
1673
2267
2430
1137
676
558
-1034
-1251
927
1000
-1361
-1090
1197
-826
-5424
-3971
2097
3272
-1131
-1765
1428
1098
-3228
-4128
-301
1967
1922
1556
395
-2590
-3245
-1099
-845
-2960
-1857
2573
2191
-2696
-4895
-2518
-1537
-2497
-674
2704
2977
723
237
117
-587
524
4011
5996
4357
3235
3541
2622
681
962
3151
3860
3305
2903
1990
-1031
-3291
-2513
-1279
-1261
-1432
-693
-2027
-5653
-8106
-7020
-4314
-2796
-2406
-3206
-3937
-3937
-2801
-2291
-2139
-265
2897
4728
3544
1294
186
2557
7368
11009
9181
4714
4060
7278
8525
4328
46
962
5575
6819
2143
-3675
-4643
-2548
-3062
-6303
-7773
-5151
-2629
-4017
-8843
-11929
-9242
-4002
-3239
-7078
-7649
-2754
74
-2635
-4470
-1279
1569
1088
1078
2490
3218
3686
6072
6294
2706
1371
5239
7166
2871
595
4364
7191
3643
305
1143
1390
-1102
-1894
942
2276
1021
-1027
-3041
-5007
-4099
-216
904
-1237
-1783
47
-1004
-4846
-4951
-982
1546
1293
849
542
-1753
-3615
-2803
-1069
629
2980
4432
1588
-2583
-2864
13
756
956
3811
5840
2968
-1430
-947
1857
2531
1925
3061
3646
1782
535
1279
1617
659
894
1741
685
-501
793
1385
-1075
-3017
-1022
634
-1615
-3769
-2837
-2046
-3555
-4060
-2821
-2925
-4829
-4836
-3030
-2637
-3643
-3258
-1237
-337
-891
-1192
187
2733
4338
3013
316
1468
6949
10711
8136
3345
3460
7378
9467
6495
1817
347
2847
5696
4423
337
-1874
-1044
-1897
-6463
-10186
-7901
-2505
-1542
-6653
-11746
-11116
-7935
-7718
-9599
-8066
-2976
-203
-2137
-5116
-4936
-2099
988
3134
3536
4180
6350
7477
4921
1836
3942
8182
8189
5127
5433
7650
5563
1198
514
2433
1793
488
1400
1193
-2197
-4231
-2814
-2970
-5470
-4631
-667
-649
-4608
-5126
-2006
-1588
-3911
-3313
221
1354
45
-426
145
371
702
1940
2671
2666
2628
2036
924
1248
3340
4223
2868
1653
1631
970
-14
882
2931
3373
1782
-62
-1420
-2000
-1097
844
1755
1062
286
-580
-2602
-4186
-2962
30
1207
604
209
-591
-2660
-4735
-4116
-1771
36
508
-462
-2441
-4223
-4870
-4877
-4459
-2462
195
11
-2339
-3562
-2370
-1816
-2090
289
5347
7994
5031
334
-889
3507
9016
11051
8771
6985
8392
9582
6437
143
-1536
3254
9162
8518
2105
-3120
-4642
-5881
-9237
-10373
-6170
-1334
-2431
-8806
-14377
-14993
-11388
-7117
-6001
-6688
-5203
-1837
-2183
-6346
-6284
582
6254
4943
2472
4778
8561
8102
5737
5464
7690
9678
9761
7620
4151
3330
4488
4385
2037
677
1197
15
-3407
-5629
-5204
-3990
-3247
-3837
-5905
-7475
-6305
-4676
-5167
-5296
-2163
761
-321
-2391
-1304
927
1224
1406
3682
6441
6338
4286
2621
2521
2777
2789
3939
6341
7564
4530
-176
-2236
-955
309
437
1203
2220
1269
-2468
-5979
-6823
-4748
-1606
281
313
-641
-1517
-3349
-5419
-4828
-953
2843
3205
2205
1840
675
-2112
-3635
-1402
2094
3784
3736
2435
-868
-4578
-5850
-4535
-2606
-112
2062
526
-4882
-8648
-6694
-3078
-1266
502
3748
4826
2372
188
201
823
2314
8106
14608
14650
7614
2420
3696
6875
7464
6026
5391
5286
5101
2588
-2704
-7661
-6912
-2381
-2075
-6992
-10197
-8433
-7996
-12008
-15045
-11643
-5222
-2523
-5281
-9151
-9154
-5113
-1519
-244
1256
4593
6711
4745
1874
2344
6181
9306
9975
8103
6218
5784
5573
3237
387
1817
5146
4126
-1359
-3329
-1649
-2418
-6608
-7489
-3450
-1034
-1951
-3866
-4924
-5912
-4907
-2207
-1087
-1061
1454
5182
4149
-268
-1411
1830
4204
4167
5088
6713
5853
2619
17
-184
882
2064
2484
2261
1704
349
-1765
-3540
-3238
-1946
-1595
-1934
-1344
-270
-521
-2224
-3526
-3259
-2211
-748
1028
2721
3159
1259
-1776
-2799
-593
2347
2937
2237
2506
2373
-486
-3885
-3328
-18
1731
1132
749
-182
-3503
-6726
-6746
-4385
-2358
-94
1629
187
-3358
-4139
-1532
-308
-1
3472
8147
7618
2650
463
2777
6007
8992
11752
11108
6139
2689
3942
5124
2457
-72
1564
4313
2972
-2252
-7076
-8877
-7939
-7035
-7707
-8456
-6953
-5433
-7741
-12569
-13805
-8972
-3974
-3514
-5092
-3344
291
609
-2393
-2753
2238
7173
7570
5620
5505
6806
6738
4971
3879
4495
6258
7225
5491
2013
-126
394
566
-1152
-2396
-1431
-650
-2588
-4617
-4149
-3006
-3412
-4084
-3118
-1707
-804
-109
130
-972
-1659
645
3445
3045
1304
2239
4279
3382
702
792
2872
2790
792
197
1100
1007
-432
-1484
-1284
-782
-476
-360
-789
-1497
-1862
-1605
-833
-189
140
88
138
-59
-217
177
1010
1840
1507
848
423
526
520
707
1201
836
8
-200
248
-335
-1869
-2011
-282
237
-1481
-2816
-2429
-2193
-3203
-3218
-852
1107
120
-2242
-2607
-695
1511
2503
2500
2990
3829
4706
4399
3058
2670
5344
9508
10439
6222
757
441
4352
6176
2810
-1520
-2203
-202
-263
-3756
-6764
-6663
-5581
-7335
-10812
-11132
-7058
-4289
-6745
-11212
-12015
-8139
-4190
-3574
-4445
-3230
-331
611
-880
-688
3847
8282
7658
4523
3638
6132
7859
6971
5639
5759
6974
6999
4864
1692
1061
2803
3206
618
-1980
-1627
-657
-2085
-4231
-3935
-2353
-1957
-3095
-4063
-3717
-2565
-1750
-2011
-2546
-1505
1171
2479
970
-825
-519
807
1087
856
2019
3635
3091
465
-1395
-989
539
1724
2245
2318
1477
80
-892
-955
-179
1083
1895
1509
593
-4
-267
-800
-1053
-66
1293
1415
416
-509
-797
-920
-915
-298
205
-76
-663
-417
-4
-512
-1277
-1150
-428
-152
144
845
789
-620
-1798
-1618
-823
-242
802
1740
1091
-482
-761
513
1110
1284
2721
4526
3814
812
-847
445
3066
5023
5451
3733
797
-304
1120
1886
-285
-2759
-2096
97
-128
-3090
-5289
-5084
-4565
-5668
-7189
-6882
-4892
-3593
-4664
-6889
-7350
-5207
-2794
-2631
-3689
-2631
440
1944
426
-459
2109
5059
4562
2733
3782
6808
7761
5842
4107
4256
5086
4974
3876
2760
2657
3206
2477
-74
-2085
-1675
-829
-2153
-4103
-3779
-2082
-1861
-3278
-4234
-4160
-3608
-2634
-1517
-1345
-1568
-394
1124
449
-1499
-912
2321
4057
2670
1255
2042
3083
2017
300
573
2523
3610
2729
1407
1045
1211
626
-204
-296
429
1248
1520
1114
-182
-1566
-2005
-1446
-730
109
1121
1232
-127
-1858
-2365
-1758
-1212
-617
392
867
99
-1229
-1978
-2010
-1566
-606
427
657
310
20
-635
-2135
-3200
-1990
1025
3472
3378
1498
-404
-1355
-1086
222
2755
5438
5945
3270
148
229
2952
4574
3066
1494
3139
5627
4395
-830
-4842
-3623
162
1482
-542
-2755
-3349
-4011
-6557
-9582
-9476
-5671
-1960
-2519
-6656
-9137
-7356
-4700
-4964
-6059
-3901
700
2629
98
-2332
-906
2571
4523
4432
4643
6327
7508
6498
4470
3739
4783
5745
5317
4393
4032
3490
2162
818
-101
-1005
-2210
-2500
-1581
-1445
-2775
-3968
-3764
-3660
-4695
-5172
-3377
-603
25
-1406
-2223
-1113
430
749
679
1801
3934
5003
3930
1971
1570
3097
4112
3471
2490
2767
3491
2776
907
-355
-142
320
92
-551
-907
-619
-672
-1492
-2657
-3133
-2553
-1572
-812
-701
-982
-1335
-1403
-1535
-1930
-1868
-593
1110
1425
281
-747
-440
92
39
353
1532
2691
2399
1104
292
427
645
440
707
1612
2243
1266
-985
-2500
-2221
-820
59
40
-94
313
513
-536
-2116
-2240
-221
1512
903
-479
64
1768
1388
-1352
-2884
-941
2190
2981
823
-2089
-3339
-2460
-930
-454
-848
-893
-621
-1350
-3477
-4837
-3830
-1517
-181
-421
-1360
-2331
-2864
-3013
-2280
-918
441
1431
1647
1367
625
-103
-99
1098
2988
4011
3762
2990
2476
2166
1514
1008
1285
2442
3509
3159
1437
-363
-855
-393
125
420
659
772
237
-600
-1290
-1736
-1784
-1103
215
1173
876
-294
-1119
-1097
-739
-585
-276
723
1825
1684
29
-1455
-1328
9
926
775
399
408
570
268
-257
-426
-61
421
404
253
419
790
743
166
-402
-712
-510
143
795
624
-279
-810
-594
-313
-592
-947
-911
-693
-490
-87
240
-150
-882
-1173
-905
-448
190
948
1168
462
-581
-989
-484
564
1444
1691
1334
648
52
-107
379
1084
1302
1000
689
532
86
-369
-129
341
66
-650
-556
59
-376
-1946
-2968
-2393
-1265
-707
-637
-969
-1704
-2573
-3034
-2817
-2067
-968
-41
137
-397
-1299
-2236
-2444
-1091
1137
2290
1647
619
532
640
246
163
1143
2468
3035
2739
1925
898
-89
-405
197
1302
2388
2578
1558
-66
-1205
-1298
-746
94
918
1316
864
-158
-1192
-1979
-2126
-1189
688
2003
1629
125
-1135
-1575
-1384
-415
1171
2429
2266
921
-393
-887
-772
-381
494
1514
1840
946
-478
-1271
-1104
-547
-190
64
294
321
-107
-649
-740
-461
-178
-97
104
522
808
617
153
16
133
81
-42
312
1009
1070
120
-848
-953
-421
95
475
793
526
-472
-1204
-689
560
1066
434
-147
74
569
524
89
48
501
897
645
106
-24
336
575
313
7
-81
-311
-1030
-1682
-1448
-578
-313
-1146
-2205
-2621
-2416
-2080
-1802
-1520
-1304
-1259
-1429
-1804
-1963
-1511
-592
218
429
338
346
350
345
590
1320
2021
2123
1663
1227
1239
1436
1681
1698
1419
1088
920
860
591
199
76
224
177
-246
-602
-561
-407
-486
-672
-643
-495
-460
-604
-666
-421
-145
-113
-260
-173
136
205
-32
-27
473
725
394
80
358
835
818
431
239
445
587
460
380
403
315
-178
-677
-618
-185
122
53
-92
-410
-961
-1249
-819
62
577
520
200
-146
-480
-570
57
973
1288
856
308
-6
-115
115
532
834
714
332
34
2
254
420
211
-220
-251
171
471
428
261
158
33
-158
-240
-104
223
601
686
194
-431
-434
-43
-15
-343
-169
611
884
41
-1061
-1269
-704
-429
-613
-610
-358
-521
-1458
-2369
-2395
-1592
-866
-663
-730
-933
-1310
-1764
-1736
-956
118
645
405
-22
-235
-263
-77
444
1159
1497
1147
599
501
801
1025
1048
950
870
761
700
808
827
556
140
48
133
0
-144
192
730
494
-417
-888
-270
477
232
-324
-63
623
481
-374
-635
50
727
498
-35
-1
401
471
17
-216
40
394
231
-233
-387
-230
-120
-339
-582
-677
-635
-554
-424
-309
-341
-580
-740
-669
-476
-193
30
198
193
80
-13
56
206
426
825
1111
951
364
-28
141
525
705
675
658
597
272
-149
-240
56
415
624
591
363
101
-64
21
369
593
528
490
557
483
104
-108
266
822
860
383
65
79
97
-83
-214
-200
-243
-464
-899
-1220
-1276
-1154
-1165
-1304
-1391
-1485
-1613
-1723
-1501
-1258
-1166
-1111
-911
-676
-743
-693
-349
14
-106
-375
-90
565
864
527
287
419
609
459
209
438
935
1166
695
22
-98
319
666
531
411
481
505
311
18
-11
231
660
919
752
384
391
759
809
354
47
519
1002
749
83
-252
-88
-47
-241
-489
-505
-457
-702
-938
-981
-765
-677
-790
-734
-509
-355
-518
-563
-267
-38
-86
-44
257
401
262
199
397
404
239
281
538
683
546
453
440
310
112
93
250
313
244
104
-58
-136
-118
-16
13
56
194
262
228
173
224
260
386
644
808
728
564
683
819
509
28
12
547
833
384
-333
-546
-307
-279
-636
-847
-474
-298
-696
-1221
-1200
-756
-646
-817
-832
-520
-518
-873
-1023
-753
-418
-398
-421
-333
-319
-400
-402
-294
-84
114
145
91
-56
-160
-127
-117
3
162
194
18
-165
-112
-52
-129
-106
257
614
600
220
-19
168
450
632
676
806
904
745
491
378
534
708
824
803
676
474
239
213
238
262
192
105
22
-155
-401
-550
-400
-243
-249
-507
-727
-675
-457
-354
-439
-420
-292
-183
-307
-441
-355
-162
-24
-47
-99
-127
-77
-74
-107
-55
48
134
59
13
33
-21
-73
-39
96
139
18
-35
9
76
95
31
37
165
370
419
291
224
360
467
394
351
525
698
526
291
261
370
420
433
372
253
215
241
237
-3
-255
-186
74
115
-71
-230
-298
-273
-316
-431
-387
-134
10
-233
-502
-455
-282
-356
-613
-526
-135
-17
-331
-626
-572
-426
-512
-635
-499
-173
6
-205
-610
-799
-483
-65
44
-30
14
181
122
-59
-137
44
491
874
878
542
393
554
714
689
703
986
1176
928
373
138
383
649
619
254
-15
-42
-23
-192
-513
-471
-212
-227
-653
-1046
-939
-691
-656
-818
-881
-725
-571
-627
-875
-821
-298
201
177
-253
-344
-50
114
65
123
448
589
285
-99
-203
36
375
455
191
-133
-168
-130
-190
-238
-88
86
-28
-247
-247
-42
14
-7
64
236
281
314
408
526
663
636
564
579
818
993
971
839
765
785
620
455
633
888
747
370
181
186
53
-172
-198
-72
-45
-197
-340
-421
-546
-663
-617
-506
-444
-399
-388
-405
-534
-573
-502
-430
-305
-187
-124
-145
-160
-221
-338
-414
-323
-158
-118
-86
45
55
-243
-499
-309
144
346
190
20
-12
85
69
-50
50
282
503
414
136
38
195
334
180
37
122
376
375
69
-199
-264
-181
-161
-214
-332
-348
-342
-463
-679
-756
-576
-405
-412
-587
-572
-360
-146
-203
-392
-369
-153
93
17
-45
86
289
249
-98
-117
274
553
353
134
292
410
171
-201
-139
198
323
243
91
-17
-95
-194
-259
-115
216
626
645
240
-111
-79
289
565
733
797
788
557
282
193
364
714
843
681
322
190
279
387
399
292
208
82
18
70
68
23
13
-37
-209
-377
-268
25
130
-86
-323
-398
-323
-216
-146
-48
-57
-142
-309
-421
-380
-230
-105
-111
-223
-407
-478
-493
-377
-268
-314
-406
-483
-475
-458
-358
-157
-81
-199
-373
-334
-68
111
97
54
163
285
215
86
121
299
423
299
161
148
182
190
93
29
64
142
138
-10
-97
-93
-150
-155
-137
-84
-149
-354
-434
-339
-201
-282
-363
-278
-241
-275
-323
-293
-177
-174
-221
-238
-194
-114
-79
-79
-100
-127
-47
88
169
204
89
60
110
154
129
138
275
279
182
1
-3
219
346
316
199
192
281
387
453
373
313
325
428
526
551
518
501
486
350
291
249
360
547
588
408
152
29
39
241
315
213
48
30
94
-56
-231
-140
76
108
-136
-374
-295
-109
-60
-246
-386
-294
-123
-70
-139
-228
-255
-275
-412
-465
-231
47
70
-188
-565
-709
-554
-260
-136
-142
-204
-363
-633
-746
-457
-63
176
-25
-293
-329
-152
-26
6
41
53
123
149
167
155
199
202
56
-62
46
312
392
203
-47
-149
-115
-109
48
248
356
160
-267
-435
-306
0
86
37
-35
-105
-219
-362
-339
-179
-1
37
-14
-141
-223
-173
-91
-25
-8
1
62
82
82
7
23
89
154
205
159
188
248
217
107
57
109
335
377
253
175
205
275
238
164
140
237
262
225
95
76
187
235
193
29
8
135
187
111
-18
-38
34
145
68
-43
-61
19
79
-20
52
180
248
35
-108
-30
101
257
216
119
-15
-58
-72
-24
86
132
73
-100
-243
-291
-232
-56
-44
-188
-329
-389
-291
-253
-200
-256
-277
-258
-246
-212
-255
-268
-301
-235
-179
-114
-41
-23
14
-31
-127
-78
119
284
225
39
-64
20
128
159
129
64
150
157
40
-9
80
132
49
-139
-201
-54
66
87
-65
-171
-217
-302
-296
-217
-82
-8
-165
-384
-448
-325
-222
-142
-105
-81
-125
-270
-268
-185
-27
87
89
26
-4
14
110
187
184
160
172
281
346
317
303
345
341
297
269
348
477
513
307
107
89
202
252
146
164
153
93
-22
-138
-48
129
114
-80
-191
-76
71
13
-117
-167
-81
7
-18
-21
104
206
175
46
-22
79
244
283
194
132
132
208
173
82
-7
-26
44
91
89
-21
-118
-243
-354
-357
-228
-66
73
-19
-287
-525
-576
-333
-104
41
11
-146
-329
-389
-332
-201
-32
88
136
-35
-206
-325
-296
-116
40
113
68
51
-13
-124
-200
-144
59
157
152
78
26
44
-43
-42
10
50
130
171
196
139
-19
-173
-184
-116
5
126
196
143
-123
-356
-434
-323
-81
69
64
-60
-275
-414
-371
-187
-13
128
206
139
34
-64
-40
124
272
347
383
392
326
222
164
162
254
346
387
360
283
198
58
26
23
93
107
25
-48
-121
-135
-148
-69
-38
-46
-100
-125
-59
1
-7
-69
-30
67
107
53
107
249
303
167
24
70
189
244
161
132
146
174
101
-26
-44
-13
9
-57
-153
-215
-163
-139
-183
-239
-297
-285
-256
-221
-166
-118
-152
-241
-360
-347
-193
-46
47
-6
-64
-148
-298
-360
-196
67
171
35
-196
-240
-187
-143
-127
13
195
165
-39
-200
-162
-18
144
180
154
172
148
58
24
86
200
264
276
243
213
196
182
194
166
112
66
68
48
65
105
70
-46
-181
-213
-86
57
84
23
-83
-168
-247
-218
-107
48
121
94
16
-65
-53
-34
43
139
185
123
104
150
86
44
42
101
158
120
92
77
77
-40
-184
-154
-56
-14
-44
-70
-90
-133
-249
-320
-262
-104
32
-9
-98
-82
-25
-47
-129
-131
15
170
180
108
80
28
21
63
139
206
160
115
53
-44
-98
-79
21
62
17
-1
-44
-89
-141
-179
-110
9
104
92
28
-12
-64
-94
-107
-73
5
44
60
-13
-139
-210
-163
-41
26
3
10
7
-94
-196
-298
-185
16
88
79
-6
-46
-75
-86
-69
9
126
212
244
122
67
97
108
216
288
326
303
228
171
103
141
187
225
241
174
79
33
39
-13
-32
12
8
-28
-106
-114
-52
-34
-116
-198
-146
-110
-115
-134
-103
-103
-98
-74
-74
-13
-24
-46
-33
15
-18
-97
-50
-9
23
-40
-122
-32
-6
-47
-127
-151
-109
-129
-142
-86
39
55
-33
-145
-168
-113
-60
-73
-78
24
91
41
-115
-151
-39
98
131
36
5
73
47
-59
-86
-18
113
171
95
-47
-115
-87
-105
-117
-39
67
120
73
-23
-66
-8
17
34
79
136
198
104
15
-13
22
107
136
137
155
178
82
-25
-93
-60
48
154
205
104
4
-75
-137
-107
13
117
174
161
86
12
-60
-26
109
163
156
159
104
80
40
53
87
107
152
137
105
44
14
-15
-6
-19
-12
3
-6
-17
-70
-70
-140
-199
-205
-181
-104
-69
-132
-209
-180
-124
-141
-138
-99
-50
-26
-95
-126
-95
-35
-3
6
11
18
-5
-60
-97
-60
-13
-20
-13
-47
-17
13
-6
-51
-95
-107
-86
-16
10
30
35
-3
-124
-191
-103
38
132
137
73
-41
-105
-133
-53
36
92
142
101
9
-69
-86
-53
-6
42
51
16
35
-3
-38
-48
-48
-28
10
69
38
45
-3
-48
-76
-86
34
130
171
142
47
-62
-16
74
140
181
189
163
68
26
6
43
111
171
167
109
45
-3
-5
20
54
70
107
98
31
-6
3
39
105
126
82
73
95
104
49
6
19
56
119
130
108
70
35
28
2
-25
-6
14
-32
-58
-108
-108
-64
-81
-109
-150
-164
-164
-158
-174
-154
-131
-120
-115
-149
-144
-136
-103
-72
-57
-72
-127
-154
-116
-68
-54
-9
4
-21
-64
-99
-96
-76
-28
8
22
4
-54
-82
-66
-57
-60
-22
27
29
45
28
-10
1
-9
26
93
139
136
72
32
24
26
80
161
168
124
27
-54
-82
-96
-79
-19
22
-6
-28
-78
-108
-108
-89
-33
-5
2
6
-12
-41
-59
-53
9
51
86
67
31
18
-13
0
10
63
98
108
116
92
86
44
66
107
141
142
118
123
91
67
28
47
89
141
170
134
93
59
37
39
89
141
191
177
116
69
47
57
79
110
125
105
85
63
32
-21
-35
-31
-72
-76
-69
-74
-105
-146
-174
-145
-132
-101
-91
-123
-144
-205
-191
-211
-193
-127
-101
-92
-111
-149
-200
-181
-121
-97
-96
-80
-87
-96
-98
-98
-107
-102
-88
-85
-44
-28
-26
-18
-37
-51
-16
21
28
19
-11
-25
-35
-16
22
49
52
58
66
25
19
17
46
48
61
105
102
94
74
54
56
78
84
102
87
46
18
26
60
99
94
68
28
10
9
9
34
45
32
-18
5
-13
6
35
13
8
-44
-65
-48
0
21
58
11
5
35
45
80
68
58
36
32
16
42
43
59
67
37
45
50
44
23
4
-3
0
0
32
60
58
26
-9
-16
26
57
85
111
93
54
19
44
57
48
66
99
61
2
13
26
44
42
38
22
-26
-31
-57
-82
-89
-118
-126
-117
-108
-110
-111
-145
-162
-149
-158
-121
-115
-129
-131
-158
-151
-141
-142
-92
-79
-104
-144
-161
-136
-133
-110
-94
-83
-95
-79
-73
-60
-20
-38
-44
-34
13
38
36
31
12
1
17
28
32
92
109
85
114
114
79
75
100
122
107
108
99
91
66
43
73
101
98
85
96
79
55
54
51
33
23
40
32
42
26
-10
-6
7
19
31
80
101
75
39
22
31
32
50
63
102
116
64
15
28
52
37
73
83
101
69
6
0
-38
-57
-77
-36
-15
-18
-4
-56
-99
-110
-83
-51
-21
0
-13
-35
-70
-66
-52
-20
41
71
54
-27
-61
-88
-86
-9
13
50
60
-15
-44
-67
-51
3
-3
7
-10
-46
-59
-88
-98
-99
-91
-45
-36
-33
-27
-66
-135
-143
-88
-45
11
7
-6
-26
-51
-15
5
32
55
49
8
-38
-70
-87
-59
-27
-30
-63
-107
-105
-97
-72
-33
-33
-48
-43
-13
1
37
47
30
27
35
32
28
95
122
123
107
46
39
32
61
74
93
124
83
96
77
40
25
12
48
52
54
32
-7
-2
-24
-4
50
107
122
106
94
31
1
23
74
112
127
100
54
2
-18
2
44
89
51
40
13
-35
-57
-58
-38
11
40
3
-10
-52
-91
-60
-47
-46
-16
1
-2
-56
-81
-69
-73
-49
-28
-25
-9
-44
-69
-39
-66
-44
-3
9
-1
-11
-11
-42
-32
-64
-54
-38
-45
-32
-54
-73
-89
-73
-75
-66
-83
-70
-47
-41
-35
-61
-54
-72
-58
-51
-26
32
26
25
35
36
35
56
80
100
95
58
28
37
46
38
66
77
85
50
-25
-39
-53
-30
11
18
29
32
45
52
42
36
20
24
43
60
47
-20
-20
-18
-16
13
41
42
-8
-14
-28
-57
-40
-22
-10
22
12
-27
-41
-44
-20
-10
6
51
38
22
-5
10
1
-11
14
23
65
25
-12
-33
-16
7
19
60
48
28
16
27
19
10
16
-4
-6
-7
8
18
-12
-7
10
19
17
-4
-1
-4
13
-11
-17
9
-4
14
-17
-14
-10
-9
10
-19
-15
-7
-6
-5
7
10
-6
-31
-4
-10
-31
-13
0
-10
-66
-79
-78
-69
-66
-66
-57
-32
-65
-63
-63
-66
-33
-67
-7
-3
-17
5
-9
1
-2
2
9
30
51
55
54
38
30
34
33
34
51
45
21
32
25
16
21
45
54
35
45
29
16
23
31
51
72
64
41
47
38
38
61
57
28
6
25
20
-4
1
-16
-12
-6
-9
-31
-45
-38
-57
-74
-78
-54
-59
-60
-64
-89
-61
-53
-59
-57
-59
-37
-44
-44
-22
-29
-32
-28
-31
-37
-31
-38
-26
-6
-13
-19
-25
-3
-7
-13
18
10
3
-6
13
25
29
55
42
35
31
51
66
88
69
68
83
66
97
85
76
76
72
63
47
57
49
50
57
40
16
14
16
20
21
10
-12
-46
-66
-64
-60
-50
-47
-59
-81
-61
-33
-37
-28
-35
-18
6
-12
-23
-14
-13
-6
-5
-19
-15
-23
-19
4
-4
-22
-3
5
-19
-8
6
16
-4
7
4
-24
23
32
27
3
-7
7
-7
-25
-22
10
4
2
13
25
16
3
4
-11
-10
0
10
11
-1
-23
-47
-27
-16
-27
-26
-11
-24
-68
-35
-9
-25
-19
-18
-12
-27
-37
-15
-6
-7
-14
-12
12
37
19
15
25
4
6
26
28
27
32
-4
-6
10
5
-8
-32
-19
-42
-23
-6
-22
0
1
16
3
10
12
9
32
16
18
23
38
41
20
14
33
41
32
24
42
32
16
24
29
53
44
60
64
66
46
12
28
13
11
14
22
6
-12
-9
-10
7
18
8
-20
-21
-29
-24
-31
-47
-16
-26
-27
-19
-9
-6
-43
-22
25
19
5
5
-12
-22
-34
-3
22
3
3
10
3
-41
-52
-24
-2
-29
-51
-41
-44
-39
-18
0
-6
-21
-23
-6
-31
-36
-14
-7
1
-6
-5
-12
-16
-35
-37
-41
-34
-34
-29
-23
-44
-32
-27
-7
-19
-7
-9
-12
12
-20
-13
18
26
32
44
35
58
65
35
32
44
47
34
17
-8
-10
9
9
-1
-22
-32
-10
-5
4
3
25
40
5
16
10
-3
48
44
26
13
9
51
42
23
19
11
29
8
-4
16
23
43
48
18
-17
-19
-29
-14
6
1
22
42
32
9
-11
-21
-4
-26
-19
-3
-3
23
-5
-18
-25
-61
-38
-15
-28
-39
-29
2
16
28
1
35
57
44
61
56
94
94
47
37
42
12
25
41
29
16
-22
-27
-11
-23
-82
-78
-32
-47
-94
-79
-49
-54
-74
-75
-63
-81
-74
-39
-1
-37
-28
1
-38
-32
-35
-89
-24
-15
-12
-20
-109
-46
-76
-41
26
37
-9
-2
53
-34
-23
-28
24
38
63
52
-56
-10
48
85
86
99
44
-2
107
119
82
96
41
62
73
41
37
-50
-42
-31
5
20
-50
-82
-71
11
-53
-70
-40
-47
-36
-71
-86
-95
-51
52
100
23
-3
-54
18
40
52
62
-16
17
29
97
38
60
58
-27
-19
-19
-53
50
60
12
29
18
36
24
48
1
55
32
68
28
61
62
1
37
56
94
47
147
51
-6
-16
-11
55
88
24
22
18
-27
6
-21
-1
-96
-97
-112
-84
-70
-64
-19
-111
-9
-44
-137
-58
-88
-49
-18
49
-63
-74
-19
-85
-17
-87
-17
-110
6
60
-56
-1
-42
-50
-59
17
-59
-87
-92
-80
-43
16
25
87
28
-59
5
-100
-42
36
3
-40
36
9
53
115
74
-8
-32
57
-108
-83
5
34
82
118
86
51
94
26
43
47
-25
12
53
-4
51
-47
-37
98
9
50
45
-68
-110
-42
-66
38
97
-7
54
53
77
30
-14
108
69
112
198
148
70
5
94
2
31
92
70
58
-54
-19
-27
52
36
-171
-118
-83
-137
-50
-89
-190
-149
-119
-143
-29
-60
-63
-31
-91
-57
-74
-126
43
71
215
742
737
412
-223
377
17
412
723
-742
-1362
-494
1651
127
675
-468
-1969
-642
970
1562
-1637
-2149
-1297
444
599
1897
1120
-3400
-2203
2208
836
-346
1303
-979
-1878
608
2983
714
-1345
-752
737
6
558
2862
-146
-2211
-429
992
-389
-602
972
219
-1483
-194
1454
-704
-2223
5
-332
-791
961
917
-74
-1282
-29
777
-562
-394
465
125
601
1583
259
-874
-685
-431
1232
970
507
801
-1181
-180
501
-403
160
-104
-132
230
206
193
-291
-1058
-1017
-157
251
652
640
128
-352
-983
78
73
-68
500
346
433
226
579
-73
-417
-174
97
701
-25
526
338
-1084
183
27
-1067
-229
341
610
278
-428
-798
-1038
-687
1188
896
-684
69
-275
161
97
-456
412
-355
467
932
-389
-391
-512
-52
305
-361
220
425
-97
109
-518
-1037
140
460
347
493
-552
-350
-249
-258
485
-258
108
673
170
326
-298
-451
130
-10
426
815
279
83
-92
-353
136
-35
238
569
-340
-110
-192
-430
40
-85
176
-28
-179
6
-184
108
42
-242
-395
-161
174
231
456
-9
-64
-24
-446
-41
123
-27
-26
-37
-201
-160
-130
129
341
-501
-46
180
-122
277
-265
-381
-130
-20
347
361
-129
-139
-403
-322
415
222
172
138
-184
-42
-35
127
534
31
16
254
24
3
-159
21
178
-78
111
195
-128
54
-20
-227
-58
-89
67
404
251
142
-197
-459
-46
32
241
354
-25
-171
-415
-335
348
148
-37
158
-295
-223
-136
-19
248
-222
-245
107
-60
71
61
-18
156
-289
64
260
-65
135
-139
-225
102
142
167
364
-17
-212
-187
-106
332
119
121
283
-166
-221
-93
-14
321
92
28
213
-270
-123
127
-6
222
-92
-132
105
-234
53
-44
-290
34
-186
41
404
58
-157
-224
-241
115
56
105
296
-265
-272
-229
-161
173
-36
99
3
-458
-279
-145
-69
136
26
41
31
-158
-16
-38
-60
104
-115
23
214
52
115
-135
-138
-26
-24
266
209
14
-189
-217
-146
176
200
242
257
-394
-197
-35
-16
331
193
66
-3
-154
107
159
86
252
-71
38
136
44
292
57
-23
56
-2
234
339
75
-119
-249
-272
-61
197
288
188
-142
-353
-283
-157
116
12
-22
-23
-108
67
101
14
-103
-64
-6
178
145
208
144
-310
-142
-122
-27
191
79
8
-159
-241
-240
-86
-85
5
111
-24
-80
-145
-44
-16
59
134
-83
-98
22
-62
47
139
88
83
-62
45
128
43
143
19
-54
27
20
91
-48
-182
-106
-85
-68
-15
-76
-146
-116
-139
-75
-40
14
34
-88
-47
-194
-210
114
86
3
92
-21
-84
82
145
31
89
145
43
39
38
58
-160
-54
213
188
117
-49
-102
-267
-134
101
215
71
-62
-17
-210
-151
17
130
123
88
23
-71
-109
109
178
36
231
198
89
21
81
55
-38
155
219
91
-85
-73
-93
-48
44
-9
-17
-154
-170
17
-61
-53
-49
-160
-34
51
157
77
-80
-123
-171
23
259
275
163
-27
-168
-105
32
178
179
12
-77
-180
-98
106
-15
-49
-34
-107
-10
-9
-25
-89
-171
-101
-76
18
10
-122
-44
-46
-111
-3
21
-69
-25
94
129
130
42
-64
-77
3
146
77
-43
-45
-50
38
98
18
-92
-123
-138
12
88
-98
-179
-220
-141
-26
63
83
-40
19
63
35
71
53
-16
120
218
166
151
-6
-25
51
117
193
125
38
-83
-183
-65
-21
-76
48
-47
-117
-54
-115
-132
-163
-72
-29
-21
115
37
-153
-41
63
99
189
104
107
82
34
153
65
9
105
81
175
54
-80
-22
-105
89
144
-23
-42
-127
-142
-44
26
-16
-155
-189
-13
16
-8
59
-64
-15
106
118
139
68
-28
-92
-33
77
125
137
94
-50
-88
-53
-45
32
42
-127
-68
38
-126
-143
-156
-126
-52
-45
31
-85
-90
57
15
38
44
47
61
70
142
114
-19
-62
54
28
-20
-24
-23
-33
-74
82
7
-137
22
-10
-31
-1
-93
-145
-189
-76
-68
-152
-60
-3
-31
-51
-58
-41
77
77
104
100
13
155
110
61
137
40
12
43
103
151
41
26
2
-56
57
108
107
65
-35
-116
-93
-56
5
71
-3
25
-38
-15
75
2
34
-26
-5
63
85
102
-53
-113
-77
-44
2
12
21
19
16
2
-33
-54
-59
-50
-95
-66
-58
-129
-136
-139
-38
8
1
16
8
51
1
67
105
63
95
95
173
133
75
28
-46
15
6
16
-19
-51
-9
-57
-50
-48
-111
-120
-13
73
48
-15
-76
-75
-26
3
-9
5
56
28
-32
25
-17
-23
-7
0
82
5
-17
-30
-24
-43
12
37
-32
70
47
-13
-75
-98
-44
-63
1
44
8
-27
-71
4
9
80
180
85
-3
-28
38
66
122
63
-77
-55
23
82
60
-37
-104
-74
11
108
140
35
-99
-106
-72
37
96
58
-42
-110
-44
-52
5
14
-56
-118
-102
-1
-12
-32
15
16
6
9
8
-26
-26
66
15
4
19
-20
-10
13
82
92
7
-69
-43
3
27
40
0
-54
6
56
29
12
44
43
24
43
91
126
89
59
-1
6
-13
-31
25
28
17
-38
-84
-52
-68
-48
-3
3
10
-31
-40
-79
-129
-175
-126
-38
-18
8
-50
-91
-80
-45
-3
0
12
-22
-67
-20
35
64
51
13
-61
-32
49
50
46
-30
-67
2
64
109
76
1
-22
-28
34
102
112
27
-34
-14
25
115
110
102
46
0
65
82
94
16
-15
-8
-36
22
44
34
13
-4
-4
20
49
57
34
4
-21
-45
-41
-23
-17
-21
-48
-69
-36
-30
8
25
4
-42
-75
-61
-51
-51
-56
-39
-36
-39
-20
-7
-14
-4
-31
-55
-19
6
2
-4
-24
-58
-45
-19
1
12
-29
-44
-34
-56
-26
22
35
48
30
25
50
13
44
43
-12
-7
-5
10
-1
7
-1
-17
-7
25
26
-12
-11
-50
-61
-32
-24
-2
47
51
48
39
6
13
-2
-6
2
7
6
-9
-7
-2
-8
-18
-11
-46
11
57
33
55
15
-9
4
60
96
85
53
-6
6
25
42
73
65
30
10
16
56
58
23
22
6
-3
13
26
6
-12
-69
-74
-14
21
32
7
-11
-31
-3
7
-8
-56
-71
-56
-53
-23
-49
-86
-101
-70
-21
3
3
-3
-21
-70
-65
-28
11
-14
-25
-21
-11
24
52
53
-33
-47
-9
50
67
21
-38
-107
-83
-17
8
1
-13
-61
-41
-18
-19
-20
-48
-44
-20
-3
31
62
38
20
-3
14
33
35
35
3
-17
16
44
46
53
12
16
26
54
54
12
-2
3
11
11
61
56
35
29
5
20
27
55
68
30
26
3
-29
-42
-48
-26
-3
48
70
12
-34
-25
-14
-1
48
41
-17
-32
-22
12
-12
-36
-39
-41
-7
29
70
22
-34
-53
-54
-25
-6
10
-28
-47
-40
-23
-3
4
6
-32
-15
10
-4
-6
-27
-46
-24
-16
12
5
-25
-12
-21
-15
1
12
-2
-2
13
29
10
9
35
-3
-1
-1
-5
-2
-5
7
-4
1
3
5
-7
-2
17
12
3
37
47
4
22
10
3
14
-5
-21
-24
-8
-4
5
15
-10
-36
14
29
18
15
-13
-19
5
24
34
20
-8
-32
-32
-4
12
5
-46
-51
-53
-24
13
-13
-19
-9
13
22
23
12
-14
-28
-22
2
-24
-32
0
-19
-19
16
14
4
-3
-7
3
3
23
-10
-17
23
17
14
26
27
36
33
19
41
32
16
32
24
-10
14
3
-25
-25
-16
11
20
37
53
66
35
28
19
-4
13
13
6
-4
-7
-9
-12
-8
-32
-9
7
-20
-17
-20
-48
-54
-6
10
19
24
0
-16
-21
-27
-15
22
15
-25
-16
3
-12
-28
-38
-36
-29
-5
26
9
-20
-31
-26
-7
-1
-1
-13
-4
2
5
29
13
-7
3
3
-9
-30
-45
-47
-51
-40
-44
-30
-26
-41
-12
-9
-9
0
-9
9
10
25
21
-15
7
17
43
45
47
57
26
25
42
59
60
71
53
40
40
36
41
28
24
27
9
-25
3
3
14
42
19
-15
-32
10
-10
-18
-24
-47
-33
-18
-16
-53
-49
-70
-50
-15
-12
2
-14
0
-15
-15
25
16
-6
5
-6
-6
6
14
10
-16
11
20
2
19
3
19
34
19
46
-4
-23
-25
-25
-10
-22
-13
-24
-1
8
14
8
-7
7
7
34
34
3
1
11
1
6
12
-3
-6
10
32
25
0
3
-6
-13
7
1
-2
-3
-22
-26
-10
-7
-13
-16
-46
-35
3
4
4
-4
-19
-13
-5
-5
-21
-39
-28
-31
-38
-16
-19
-22
-4
-18
8
29
14
32
17
18
24
2
-9
-22
-33
-36
-4
3
-16
-22
-16
-11
-3
15
35
40
23
22
9
17
11
-3
6
-1
-13
-10
30
37
24
28
50
88
82
64
36
18
37
41
19
22
23
13
3
21
46
13
21
34
26
3
-14
-12
-37
-88
-97
-50
-52
-52
-46
-45
-39
-42
-19
-38
-54
-44
-56
-51
-31
-38
-53
-26
-19
-18
12
4
1
-12
-22
8
7
19
14
-4
21
44
38
48
55
16
8
9
30
39
25
45
48
52
55
61
36
22
17
20
58
35
0
-23
-10
-13
-7
0
-37
-34
-32
-32
-39
-15
-18
-39
-38
-46
-20
-12
-31
-67
-46
-12
-7
20
3
-21
-39
-27
-11
-13
-25
-28
-31
-47
-22
-12
3
3
-2
3
0
16
34
44
32
39
31
18
36
32
35
4
-16
7
-12
-10
10
28
1
12
44
38
16
5
45
26
14
19
37
26
6
19
4
-10
-14
13
4
-9
3
-32
-33
-2
10
16
10
3
-9
-5
-9
-25
-20
-13
-6
-21
-24
-19
0
3
-27
6
10
6
22
30
18
-13
25
17
-12
-10
-1
-16
-30
1
4
-6
-13
-14
-31
-17
-15
-25
1
-2
-3
-21
0
-2
-12
12
7
6
-16
-28
-37
-25
-37
-40
-21
-19
-23
-17
-6
-19
-24
-29
-22
-13
27
48
32
23
17
36
35
26
38
34
41
34
41
43
13
16
15
-4
-10
16
22
12
4
10
7
-11
7
-3
-3
-6
-37
-23
-22
-38
-13
-14
-11
-4
-4
8
13
35
47
43
25
20
10
9
6
0
15
-4
-2
16
11
-9
-13
-17
-6
-7
-16
-9
-22
-11
13
13
17
28
9
10
17
1
-5
-9
-29
-35
-22
-36
-33
-40
-44
-34
-23
-36
-47
-34
-41
-35
-29
-17
-22
-12
-12
-16
15
8
2
-3
-7
-3
15
20
5
8
-1
19
41
20
15
-1
3
30
6
6
22
22
33
32
27
19
13
16
38
38
33
43
31
30
24
21
19
15
17
14
10
1
-6
7
16
18
26
10
-7
-6
-11
-21
-7
-5
-17
-35
-34
-38
-44
-28
-47
-44
-40
-29
-31
-2
3
-20
-7
-25
-18
-18
3
8
2
12
0
9
6
-3
-4
-20
-19
-27
-6
-11
-16
12
-17
-21
-3
13
0
6
2
-6
1
-30
-9
2
-2
-15
0
28
18
5
-5
-3
4
5
13
15
3
-2
-7
10
6
1
6
11
19
13
24
25
48
41
12
27
36
34
36
37
19
19
24
25
39
23
31
16
0
0
-13
5
-5
3
-3
-22
-26
-35
-15
-35
-49
-40
-37
-19
-32
-22
-42
-67
-44
-41
-26
-22
-16
-19
-39
-36
-16
-23
-46
-28
-14
-10
0
9
10
2
22
34
38
39
10
18
35
35
45
47
23
15
28
19
16
27
34
10
-3
-5
3
-3
-21
-12
-6
7
7
9
17
15
22
18
0
9
21
6
3
-7
0
-14
-18
1
-10
-16
-29
-24
-17
-20
-22
-12
-10
-15
-22
4
0
-19
3
-8
-7
-18
3
9
-14
7
16
12
5
1
1
-5
-14
3
1
7
1
-1
-11
-25
-23
-41
-23
-13
0
-10
-10
17
15
12
32
34
24
36
19
18
44
32
20
28
20
-7
-15
-1
6
-9
-29
-18
-26
-26
-23
-27
-32
-34
-28
-12
-4
0
4
-4
8
3
4
13
17
23
6
6
12
-10
-2
23
13
-4
-8
9
16
20
37
30
28
29
11
22
19
-5
-2
-4
-16
-6
11
16
4
-1
4
0
19
9
-9
0
-16
-25
-35
-38
-45
-42
-35
-35
-8
-14
-12
-22
-15
3
-22
1
12
9
0
-14
-7
-12
-7
30
31
20
38
16
31
44
30
29
27
14
7
22
3
-1
-5
-21
-9
-22
-16
0
-17
0
-21
-48
-25
-39
-41
-23
-29
-41
-35
-23
-6
-13
4
26
7
3
13
16
2
-2
15
18
15
3
-5
7
16
13
-18
-9
-33
-55
-32
11
9
-8
0
-18
10
-3
8
24
25
37
45
59
51
43
27
32
44
34
32
33
14
29
24
31
35
32
20
-13
-4
-9
-7
-5
6
-2
-9
-9
-8
-15
-20
17
2
-9
-16
-16
-21
-43
-47
-35
-21
-33
-13
-18
-22
-6
12
6
0
8
-6
2
-15
-18
3
-10
-21
-5
-8
-25
-31
-27
-26
-31
-30
-10
-16
-24
-6
-26
-26
-29
-17
7
7
22
24
17
10
0
9
26
31
35
26
22
20
9
11
-1
1
9
4
-2
-3
-3
-36
-38
-23
-13
-16
-1
8
4
11
-11
6
15
25
38
41
28
28
45
31
41
35
35
32
18
31
38
29
12
9
-7
-7
6
-1
4
-11
3
-3
-22
-19
-5
5
-13
-19
-28
-6
-5
-10
-7
-16
-6
-17
-7
-4
-19
-23
-19
-24
-28
-26
-3
-8
2
6
-3
3
-9
-10
-34
-10
-8
-6
16
19
14
6
16
-3
0
-4
-13
0
0
-12
-19
-22
-42
-38
-24
-36
-19
-14
-29
-8
7
-1
-3
-4
6
12
4
26
16
18
26
25
22
13
14
3
29
31
20
16
17
39
36
26
20
11
9
1
3
6
0
6
13
8
7
6
14
22
19
18
14
12
4
-8
3
14
-3
-10
-19
-18
-39
-48
-39
-41
-29
-29
-36
-42
-37
-35
-23
-26
-28
-31
-19
-11
-6
18
16
16
6
12
5
10
6
10
26
6
3
15
9
11
3
-22
-19
2
12
-5
-13
-6
-1
2
0
-3
8
5
2
13
22
11
12
35
31
33
19
15
11
16
21
6
6
7
-11
-17
-4
-19
-29
-29
-23
-25
-19
-22
-21
9
14
27
23
11
9
9
26
37
28
27
23
-5
-12
-22
-2
1
-7
0
-24
-12
3
0
-13
-16
-19
3
4
0
3
1
14
13
32
7
10
9
-6
0
-7
3
-25
-26
-13
-27
-29
-4
3
-23
-16
-4
-13
-22
-22
-17
-3
1
-3
5
-3
-24
-16
5
3
-14
-6
-3
-16
-16
-29
-19
-24
-10
-1
-15
-10
-18
-15
-10
0
-1
8
17
26
19
7
19
39
38
16
44
51
46
55
18
17
32
16
20
19
22
3
-2
17
1
-20
-18
25
12
-7
1
0
4
-1
11
19
7
-1
5
10
13
9
-1
-3
3
9
13
-8
0
-10
-30
-16
-35
-35
-39
-26
-15
-8
-13
-14
5
-26
-23
-26
-22
-14
-15
-7
-1
-4
-21
-33
-21
-19
-46
-36
-29
-28
-31
-15
-7
-6
12
12
11
15
21
32
18
16
25
17
51
50
32
29
27
43
41
41
39
14
-9
12
16
10
16
6
9
-5
-17
-3
-2
-10
-13
7
10
0
3
20
-2
-7
12
-10
-6
-12
-4
-15
-44
-30
-27
-34
-41
-42
-28
-36
-43
-32
-32
-41
-43
-21
-26
-13
14
7
11
9
4
5
12
11
16
15
7
25
25
18
22
28
34
27
26
22
16
23
17
24
26
-1
15
24
29
16
2
0
-11
16
2
0
10
-7
2
0
6
-5
-1
5
3
1
5
14
-12
3
9
16
-2
-4
2
-13
5
-11
4
-6
-13
-5
-30
-35
-43
-44
-47
-30
-35
-54
-53
-52
-37
-36
-19
-8
-14
-10
-22
-13
14
18
24
25
5
32
37
28
21
4
14
19
25
33
17
-4
25
37
13
22
26
16
10
33
44
30
40
25
16
6
-12
-7
-5
7
1
-22
-36
-47
-31
-37
-26
-7
-32
-7
-13
-20
-19
-18
-16
-29
-31
-47
-35
-48
-23
-2
6
2
-2
15
15
30
11
23
15
14
14
5
26
-5
-14
19
17
13
16
29
19
1
15
1
22
23
27
45
32
25
15
35
19
4
-5
-18
-19
-19
-17
-25
-29
-38
-26
-2
-20
-26
-19
-25
3
13
-7
-3
-13
-31
-19
-12
0
-3
-6
10
19
26
12
4
11
6
10
24
5
-11
10
13
12
15
-5
13
23
14
15
7
5
-9
-21
-33
-9
-8
-13
-12
-10
-3
-32
-19
-4
-4
-7
0
-12
-12
10
-10
-9
8
19
15
25
0
-9
0
-1
5
-8
17
24
10
3
11
12
-6
-7
7
10
3
-22
-13
-2
-11
11
6
13
-2
-14
-18
-28
3
3
0
1
-6
-12
-6
-13
-3
7
1
7
0
0
1
9
9
0
1
-3
-7
-3
-11
-4
-15
-10
-3
-14
8
-16
-27
-16
-10
5
12
-8
-25
-30
-9
6
3
18
6
-4
-20
-33
-4
26
20
14
19
19
9
19
36
31
34
30
44
46
40
20
23
54
51
40
28
16
20
3
-3
32
-4
-28
-27
-26
-23
-36
-10
-8
-34
-36
-13
-21
-20
0
-4
4
6
0
-6
-3
-3
-9
-8
11
14
0
-22
-24
-38
-32
-6
-24
-13
-39
-38
-19
-6
-4
-21
9
1
-4
-17
-17
-12
-17
2
-12
-5
-9
-19
-8
-14
-15
-6
-7
-23
-8
6
-6
-2
33
31
37
35
24
29
9
25
24
15
3
-4
4
-10
-24
-17
3
0
7
9
-16
-22
3
3
19
26
27
35
30
42
16
42
60
66
79
33
30
38
36
9
11
9
4
12
-3
5
-1
-25
-25
-10
-11
-21
-37
-17
-40
-60
-47
-45
-29
-29
-37
-35
-32
-51
-29
-34
-33
-20
-39
-42
-30
-28
-15
-19
-19
-22
-38
-3
1
7
5
2
24
35
28
30
47
37
29
25
31
38
53
54
35
49
52
38
35
51
40
-3
-2
-1
-18
-8
-12
-22
-25
-35
-22
-3
-15
-17
-8
-3
-8
9
13
-12
-5
-22
-39
-29
-12
-15
-18
-32
-34
-16
-19
-19
-25
-26
-42
-29
-6
22
35
12
12
11
9
15
42
47
26
20
3
1
9
-6
4
7
6
3
0
-3
-12
-16
-16
16
13
0
-3
-9
-10
-27
-10
14
16
18
19
20
25
25
27
29
25
13
7
-6
-7
-17
-31
-7
-7
9
6
-7
-3
-12
11
3
-10
-12
-13
-19
-15
8
-7
-10
2
4
6
1
3
12
24
12
9
18
-7
-19
-4
0
-18
-30
-31
-23
-22
-15
-6
6
-3
-2
16
4
3
16
30
5
3
3
-3
2
-3
-3
-35
-26
-21
-15
-15
-21
-4
-3
-4
-3
4
-3
-3
11
16
13
38
37
14
-4
8
25
9
9
17
22
3
4
-11
-13
-16
-39
-33
-28
-12
-17
-1
22
21
18
28
32
-2
7
26
12
16
11
-1
3
28
27
17
19
7
-3
-13
-4
-3
-14
-24
-28
-54
-52
-34
-38
-14
-29
-13
-6
-3
-9
-19
4
27
41
34
40
26
13
7
16
-15
-10
10
-2
2
-4
3
-16
-22
-18
3
0
-10
-6
-3
-13
-22
3
-5
-3
0
13
26
15
5
5
6
12
5
6
24
1
2
10
9
15
-1
-2
7
3
17
7
-2
-6
-5
-19
-19
-8
-19
-13
-39
-40
-30
-14
0
-4
5
14
1
14
35
1
11
25
17
12
3
-15
-5
4
-5
3
1
-6
-13
-14
-20
-15
-22
-21
-21
-21
-28
-28
-25
-26
-4
-7
5
16
37
44
43
52
56
50
38
43
38
46
25
-1
4
22
37
33
37
33
8
1
-4
-20
-19
-15
-26
-19
-22
-40
-39
-29
-16
-27
-16
-3
-13
-19
-29
-38
-45
-45
-54
-48
-49
-41
-23
-36
-20
-7
-9
-11
-4
27
22
11
25
32
20
-1
21
24
22
35
31
34
20
22
26
30
29
16
14
19
13
13
21
8
9
6
-13
-24
-21
-28
-19
-3
-12
-27
-23
0
4
-12
-13
6
7
6
-1
-4
-1
11
6
12
28
26
31
18
12
15
22
19
10
0
-7
-20
-16
-6
-10
-4
-13
-4
2
-4
-8
-13
-20
1
6
-14
-2
4
-2
-7
-9
-3
10
9
10
-9
-14
-16
-22
-21
-26
-7
-1
-10
-31
-11
-3
-7
-7
-10
3
-2
3
7
-8
-12
-13
-19
-21
-24
-6
-9
-20
-17
-22
-6
2
4
2
4
14
5
2
19
27
20
16
21
18
26
