34
32
38
41
39
51
34
31
35
18
21
23
29
16
11
7
3
6
-2
5
-6
-12
-3
5
-4
-5
-5
-7
-7
-18
-9
0
10
12
2
-5
-5
-1
0
0
0
-1
8
18
13
6
6
7
9
12
2
6
0
-16
-7
-10
-29
-26
-25
-34
-36
-36
-34
-41
-32
-16
-22
-21
-12
-16
-11
-16
-2
-3
-18
-6
-11
-9
-2
-4
-6
-2
1
0
0
-3
-10
-11
6
-1
1
10
6
7
17
29
22
20
23
30
21
15
19
19
16
19
22
24
23
13
14
9
16
16
10
20
29
11
-2
-2
-3
15
16
4
7
23
13
7
15
16
19
8
-1
2
0
-1
-3
-10
-1
-12
-17
-22
-23
-17
-26
-8
-6
-16
-29
-42
-46
-41
-31
-26
-27
-19
-18
-27
-11
-16
-22
-18
-9
3
2
3
0
1
-1
-2
2
-2
-5
1
-6
-8
-7
-9
-1
-13
-17
-1
-5
-10
3
-5
0
14
7
12
24
38
31
26
21
16
33
43
51
57
38
34
51
47
42
35
34
19
5
13
16
11
5
19
0
-13
-9
-4
0
-10
-9
-8
-26
-31
-20
-34
-34
-41
-44
-37
-32
-23
-22
-26
-28
-18
-9
-7
-17
-13
-19
-19
-13
-28
-28
-22
-28
-31
-19
-7
-10
-5
-3
-1
10
18
17
8
25
22
13
21
23
31
31
29
16
26
27
29
34
19
26
30
25
22
12
12
10
-3
-5
-4
-18
-22
-18
-21
-14
-15
-17
-11
-14
-13
-5
-10
-16
-9
-1
1
4
-1
-2
3
6
3
-3
6
1
7
13
12
12
16
13
2
9
13
9
13
19
7
1
-5
-6
-7
0
-5
-18
-14
-14
-23
-24
-26
-27
-23
-19
-14
-19
-6
-20
-21
-6
4
1
-12
4
-2
4
6
2
1
9
13
15
4
9
9
10
19
3
13
18
12
17
34
36
25
15
8
-1
-9
4
1
5
1
-10
-1
-8
-18
-21
-32
-33
-29
-26
-20
-31
-35
-15
-15
-21
-14
-18
-16
-7
-5
0
-10
-4
10
16
22
12
21
26
18
27
25
10
15
16
19
16
18
23
7
5
-2
-4
1
-5
-4
4
11
5
13
14
4
15
21
21
26
22
13
7
21
18
22
34
24
16
9
6
-3
-8
-10
-7
-18
-26
-23
-25
-33
-38
-35
-33
-29
-26
-19
-35
-42
-29
-27
-20
-28
-27
-23
-25
-30
-16
-6
-4
5
4
16
11
10
8
3
1
2
-3
-9
-5
-23
-21
-11
-3
2
3
4
10
8
15
10
-2
14
15
25
18
9
17
25
27
11
5
13
22
9
8
8
12
-2
-1
9
1
5
-2
-2
-3
10
13
12
7
8
8
8
11
-1
-7
-19
-13
-15
-1
-6
-14
0
-2
-3
7
14
8
12
24
27
12
17
31
24
19
12
8
25
19
22
31
4
-3
-6
2
0
-7
-15
-15
-21
-27
-36
-36
-37
-37
-33
-34
-25
-25
-12
-21
-23
-20
0
2
-7
-9
-17
0
-6
-3
-3
4
-2
-6
-12
-23
-18
-25
-17
-7
-9
-16
-15
-19
-17
-16
-15
-12
6
8
3
22
16
21
11
3
8
9
6
14
33
38
44
39
35
19
16
7
0
7
3
5
1
7
10
-2
-1
-1
-5
1
3
6
-3
5
7
-9
-6
-1
-7
-10
-4
0
1
3
0
-9
-3
0
-2
-6
-7
4
4
14
21
29
29
23
23
15
21
12
15
31
22
18
23
11
6
16
13
16
14
-7
-6
-10
-16
-12
-10
-20
-18
-10
-34
-39
-38
-32
-30
-37
-41
-32
-15
-12
-17
-22
-12
-6
-6
-13
-18
-12
-21
-28
-27
-19
-21
-26
-8
-2
-16
-20
-4
-2
-3
3
1
-11
7
28
19
15
16
21
7
1
4
15
28
25
16
19
25
12
9
-2
-4
-3
3
6
-2
4
-5
-4
6
10
10
-3
-6
10
21
20
20
39
41
29
31
18
37
42
41
42
22
21
17
16
1
-5
-10
-23
-20
-19
-23
-32
-42
-48
-45
-45
-45
-29
-25
-29
-24
-21
-13
-1
-2
-6
6
4
3
8
-6
2
8
3
4
3
1
-1
1
0
0
-1
1
3
-1
3
12
13
16
19
18
22
30
28
35
43
35
23
13
18
20
16
20
7
4
1
-6
-9
-23
-28
-30
-25
-30
-25
-37
-47
-42
-55
-55
-42
-32
-32
-25
-17
-17
-15
-9
-17
-13
-15
-10
-4
0
7
6
12
-3
-3
-4
-6
3
-6
0
7
2
-3
0
-4
6
9
5
17
5
13
18
10
31
26
18
38
40
43
34
34
31
23
29
23
17
19
26
18
17
19
22
26
10
3
1
-12
-4
6
-1
-6
-14
-9
-7
1
-1
-12
-16
-22
-3
-12
-16
1
-5
-8
-12
-8
-5
0
6
4
11
-3
-12
0
-8
-18
-9
-7
-10
-14
-12
-5
-11
-10
-7
-6
-6
-10
-23
-23
-17
-15
-20
-22
-7
-19
-13
-17
-16
-26
-38
-32
-29
-18
-16
-16
-12
3
6
1
0
15
11
6
12
10
24
26
32
29
26
24
20
23
23
23
29
27
21
10
-7
3
4
-10
-12
4
0
1
3
-1
4
-3
-1
5
14
20
11
10
15
23
19
19
16
17
16
15
19
-2
7
7
-12
-12
-15
-7
-11
-10
-12
-7
-1
-6
9
4
-10
-6
-6
1
-4
-3
0
-4
-7
-13
-4
-20
-25
-19
-29
-26
-29
-27
-17
-22
-11
-16
-19
-15
-20
-10
-3
2
-1
7
9
7
9
7
6
25
36
22
28
21
26
15
10
22
26
20
3
4
-3
-2
-6
-16
-22
-18
-27
-31
-15
-17
-16
-16
-8
-18
-13
5
-5
-10
-14
-13
3
-3
-12
-18
-17
-15
-26
-17
-6
9
13
20
22
16
25
25
32
20
10
19
21
32
38
39
39
25
31
35
26
19
18
26
21
21
14
9
6
-11
-12
-17
-25
-25
-13
-9
-18
-23
-22
-28
-25
-16
-19
-10
-12
-6
-7
-13
-4
-9
-9
-21
-25
-7
-9
-8
-13
-4
-2
-14
6
1
-5
-7
-9
-12
-21
-22
-22
-17
-15
-15
-9
-6
-4
-4
-12
-4
1
0
3
10
22
20
19
21
27
25
30
30
29
31
18
19
22
12
5
3
9
12
-3
-8
1
1
-2
-2
-7
0
1
0
-1
-7
0
12
6
-1
3
3
4
2
5
-5
-2
6
-2
2
2
2
3
-2
4
-1
-16
-16
-23
-11
-6
-3
3
4
11
10
6
7
4
7
13
17
17
16
17
0
-6
-9
-17
-22
-17
-24
-32
-32
-34
-44
-63
-44
-52
-53
-38
-44
-40
-29
-23
-29
-24
-10
1
4
13
5
15
23
10
21
31
36
40
47
51
56
64
54
35
43
48
53
51
44
39
31
35
25
25
29
20
20
6
-3
0
-10
-10
-12
-17
-26
-27
-16
-7
-9
-21
-22
-13
-21
-34
-35
-33
-26
-28
-33
-29
-22
-28
-29
-32
-21
-26
-33
-21
-27
-20
-28
-34
-32
-31
-19
-15
-18
-16
-12
-2
1
5
28
18
20
23
15
18
11
16
24
40
41
21
9
14
6
-8
3
21
25
25
25
26
22
23
21
22
35
28
15
17
14
16
9
-6
-6
-11
-20
-16
-16
-13
-8
-7
-17
-19
-16
-9
-16
-16
0
14
31
23
27
18
7
-6
-12
-3
-6
0
-3
5
14
13
2
-6
-3
0
-9
-13
6
7
0
-6
-3
-4
-20
-23
-18
-13
-13
-12
-13
-10
-7
-13
-19
-17
-8
-3
0
-2
-2
6
14
3
3
7
-16
-26
-18
-14
-10
-13
-6
1
0
0
-9
-6
-2
-3
0
5
8
8
7
16
8
3
1
-7
6
24
25
6
19
19
10
-2
-1
7
6
11
-4
5
2
2
-4
-15
-17
-16
-5
-10
8
9
6
6
3
0
-3
3
-2
4
6
16
26
22
15
15
7
10
5
7
12
6
12
6
8
3
-6
-6
-3
-7
1
-4
1
8
-2
9
-2
-9
-6
4
-4
-9
-1
-3
-4
-9
-10
-16
-6
1
0
-1
-9
-10
-8
-2
-16
-16
-7
-11
-12
-9
-6
9
7
2
13
-3
-6
-6
-16
-10
-10
-6
5
2
-3
0
-6
-19
-19
-19
-17
-6
-8
-15
-15
-5
-7
-5
2
-9
3
3
16
14
9
13
4
3
-7
1
-3
0
12
26
25
20
15
10
3
-13
-19
-16
-4
10
22
21
16
8
7
7
22
18
23
29
22
29
26
19
0
14
15
12
20
21
22
9
12
8
-2
-14
-4
-13
-28
-28
-15
-13
-25
-13
-24
-28
-15
-24
-28
-26
-35
-39
-44
-34
-28
-21
-13
-8
-3
-3
-7
-9
-1
10
19
7
21
15
8
14
10
18
15
21
27
26
29
28
25
18
24
24
29
35
32
23
15
19
-7
0
-9
-24
-6
-5
-15
-29
-14
-22
-23
-38
-43
-38
-52
-40
-38
-26
-19
-20
-26
-29
-30
-32
-28
-35
-26
-9
-6
1
3
7
18
20
23
24
37
30
25
28
24
26
35
34
21
19
22
23
23
27
25
22
26
37
38
28
18
16
4
-2
1
-4
-4
-7
-7
-16
-15
-15
-22
-17
-14
-12
-13
-18
-27
-26
-26
-23
-16
0
-3
3
3
6
15
7
10
9
8
1
9
3
7
10
0
12
6
3
3
4
-6
-11
-4
-9
-14
-23
-23
-8
-12
-21
-18
-15
-25
-42
-33
-31
-37
-28
-18
-23
-22
-13
-3
-2
-5
13
1
-1
10
19
16
14
13
3
8
0
8
16
1
7
11
9
13
16
25
12
10
25
25
23
16
28
16
7
12
8
16
19
15
19
21
10
7
16
20
13
9
12
21
19
9
2
5
16
21
15
4
6
-16
-21
-13
-19
-7
-7
-21
-31
-34
-35
-40
-29
-37
-29
-21
-37
-21
-18
-21
-23
-19
-12
-27
-23
-25
-30
-15
-17
-19
-23
-25
-21
-10
-16
-14
1
-11
6
6
12
20
16
27
19
22
23
13
20
29
34
39
29
32
28
24
25
18
17
11
17
16
12
5
7
0
6
12
2
-9
4
10
-2
1
0
9
-2
-2
-6
-7
1
-2
2
-2
-6
0
-4
-16
-15
-12
-10
-14
-9
-7
-12
-12
-3
-6
-8
-9
-22
-18
-24
-22
-14
-6
5
7
-7
0
1
6
24
13
18
17
28
26
23
23
15
14
11
23
19
15
7
2
-3
2
4
0
-2
-6
-11
-7
-6
-23
-19
-16
-17
-17
-10
-12
-12
-16
-6
1
-16
-1
-9
-23
-34
-26
-25
-26
-18
-16
-6
-10
-10
-4
5
0
5
-4
-6
7
18
3
3
21
9
22
21
22
23
11
0
5
19
21
22
23
26
19
15
19
26
24
26
21
14
12
28
26
7
9
7
0
-9
-13
-17
-22
-19
-19
-26
-20
-26
-35
-34
-38
-27
-38
-36
-22
-19
-26
-28
-7
-7
-2
-9
-4
-3
-6
13
15
16
16
26
25
27
23
31
38
24
36
31
19
14
27
23
15
25
11
9
-3
8
18
3
6
-7
-1
-9
-17
-7
-18
-25
-19
-1
-10
-22
-36
-35
-28
-22
-12
-19
-15
-16
-15
-16
-10
-13
-25
-23
-13
-15
-13
-17
-29
-14
-18
-24
-12
-8
-12
-2
12
13
16
23
25
27
25
24
23
16
25
22
29
37
29
26
32
28
18
32
25
9
13
7
10
6
13
4
3
7
-4
7
4
6
-4
-16
-12
-12
-14
-19
-16
-5
-11
-7
-9
-16
-19
-37
-24
-17
-24
-24
-11
-7
-13
-11
-12
-28
-23
-7
-7
6
-1
0
-1
-11
-11
-5
-8
-26
-16
-3
-1
-4
-3
0
19
19
13
5
4
18
4
5
13
23
22
19
25
15
23
26
20
15
19
28
26
22
30
30
21
25
15
22
32
24
22
15
10
0
5
-3
-13
-12
-24
-23
-16
-17
-29
-18
-16
-39
-43
-42
-39
-28
-26
-29
-28
-30
-35
-34
-19
-12
-18
-21
-22
-14
-5
-8
-6
-3
-4
-12
-14
-5
-14
-14
-7
4
1
4
8
4
11
12
12
10
18
13
21
29
26
26
32
47
45
34
24
36
31
17
31
38
40
38
29
26
15
9
1
10
5
2
7
-7
-2
-12
-15
-13
-6
-6
-13
-9
-9
0
-5
-16
-20
-20
-28
-26
-22
-23
-22
-20
-15
-26
-32
-16
-10
-4
-2
7
3
-13
-20
-20
-6
-18
-20
-3
3
-7
-12
-5
1
-4
-4
0
-7
-17
-19
3
-3
-3
9
12
5
6
15
19
19
20
15
5
12
12
3
1
12
12
18
6
-3
6
7
8
2
10
14
9
10
8
9
19
18
19
21
19
12
13
-1
-6
1
3
14
7
7
-4
-1
0
-6
-3
3
6
-4
0
-13
-13
-17
-16
-9
-7
-6
-13
-13
-13
-6
-21
-20
-13
-22
-25
-22
-20
-28
-22
-17
-19
-17
-27
-13
-11
-8
-13
-13
2
-4
8
5
-6
-4
4
1
2
7
16
16
15
24
21
31
25
17
22
11
12
18
25
43
45
47
34
27
27
1
-5
0
3
10
28
28
16
9
-2
0
4
7
-2
5
5
2
1
-3
-2
-17
-29
-44
-37
-50
-52
-39
-41
-34
-35
-32
-38
-48
-54
-56
-50
-41
-24
-16
-10
1
2
1
6
-3
0
1
5
19
28
23
23
37
27
21
24
26
22
19
19
23
28
12
7
14
6
-2
2
3
9
15
15
16
16
13
16
12
6
8
0
0
10
13
-2
4
9
3
12
9
8
9
6
15
9
6
2
-3
-5
-12
-7
-5
-6
3
10
3
-4
-10
-28
-28
-13
-18
-18
-9
-13
-10
-10
-23
-23
-26
-18
-17
-27
-12
-9
-12
-19
-16
-10
-13
-13
-15
-17
-6
-1
-14
-8
3
4
0
-14
-14
-20
-17
0
0
-2
-6
4
-1
0
2
-2
4
8
22
19
8
4
12
18
25
25
31
29
23
29
33
27
17
23
27
21
32
37
34
37
27
19
25
28
25
21
14
12
10
3
-1
6
3
1
5
-8
-12
-12
-21
-21
-31
-45
-45
-48
-48
-41
-38
-40
-41
-37
-34
-31
-30
-44
-24
-10
-27
-16
-10
-9
-20
-18
3
8
14
-2
3
2
3
4
2
15
9
11
2
4
6
4
9
9
0
9
25
27
25
9
18
17
11
4
7
10
4
15
16
25
28
26
18
7
1
-3
3
16
25
25
25
15
7
16
13
3
12
20
17
8
19
6
-1
9
-8
-28
-32
-28
-29
-22
-19
-33
-30
-25
-44
-49
-56
-41
-27
-17
-10
-12
-10
-21
-29
-31
-17
-14
-19
-6
4
6
19
10
2
-7
-14
-10
-7
6
20
26
23
16
17
19
7
12
9
13
16
10
17
10
2
3
15
14
17
13
9
21
15
10
12
16
19
11
0
-3
2
6
9
10
13
8
-11
-7
-7
-9
-14
-13
-6
2
3
9
1
-10
3
-8
3
3
9
15
11
4
-1
4
-10
-4
3
1
-1
1
7
13
7
4
7
-4
1
0
-3
-12
-24
-15
-13
-9
-9
-17
-17
-36
-33
-20
-29
-23
-25
-16
-15
-23
-20
-28
-21
-10
-9
-9
-10
-2
2
-5
-7
-7
-8
0
9
20
25
24
29
21
14
3
0
9
2
-3
7
14
17
24
23
11
21
27
17
13
13
11
9
13
9
3
1
-1
1
-2
-1
2
-5
0
14
20
10
1
7
-7
-12
-11
-7
2
3
-6
-13
-10
-17
-9
-9
-5
-6
-10
-6
-15
-5
4
-3
-9
0
-8
-9
3
0
7
22
19
6
12
16
16
18
23
24
18
16
16
18
16
12
6
1
10
3
-1
0
1
6
1
-10
-18
-26
-32
-17
-25
-32
-10
-6
-2
-3
-16
-31
-26
-18
-12
-22
-30
-32
-43
-35
-47
-40
-32
-36
-22
-16
-22
-15
-2
-9
-10
-5
6
2
-6
4
7
-3
6
26
22
18
25
29
14
22
37
43
43
34
28
35
29
12
20
16
22
19
24
38
35
32
16
23
26
11
18
28
28
15
10
16
5
2
6
-3
-10
-6
-7
-10
0
0
-15
-19
-26
-17
-19
-29
-26
-35
-38
-44
-40
-25
-28
-37
-35
-27
-36
-36
-32
-28
-16
-18
-9
-6
0
2
-2
3
-3
5
17
13
12
29
20
26
21
23
23
13
29
18
19
22
18
7
3
2
2
2
7
16
5
3
7
26
18
8
0
9
18
6
13
10
1
-3
-1
-3
4
-10
-18
-5
6
2
-9
-10
-22
-21
-20
-24
-22
-30
-24
-36
-43
-29
-32
-25
-34
-28
-20
-23
-9
-14
-16
-6
-4
-13
-23
-26
-13
-8
3
0
9
17
9
20
24
31
31
37
35
28
23
31
43
36
44
35
27
21
23
26
26
43
29
31
24
-5
11
3
11
20
8
10
5
2
1
10
3
-3
1
-3
-1
0
-7
-6
0
-16
-23
-11
-15
-23
-24
-30
-32
-33
-35
-31
-21
-19
-21
-24
-19
-12
-25
-26
-17
-14
-8
-11
-26
-20
-12
-16
-10
-11
-22
-14
-1
-6
-7
5
3
-3
6
6
7
6
10
6
16
13
0
10
13
21
21
14
4
8
2
12
2
0
3
0
13
7
11
4
-1
-7
0
10
11
4
5
2
-7
-2
6
15
13
13
22
29
26
25
20
18
14
10
3
3
11
14
17
18
21
17
18
9
-3
7
1
-13
-6
0
-4
-12
-19
-25
-21
-21
-22
-25
-22
-18
-32
-21
-19
-24
-40
-33
-23
-44
-38
-32
-34
-28
-16
-20
-19
0
0
-9
-9
-4
0
-6
-3
1
10
16
23
34
35
35
32
39
31
45
49
47
53
37
35
37
37
25
35
27
19
3
6
4
-8
4
-12
-21
-44
-28
-18
-28
-32
-34
-29
-37
-32
-28
-18
-18
-16
-3
0
-4
2
-1
-3
1
-1
-6
-12
5
-6
-19
-16
-19
-25
-22
-12
-26
-19
-15
-6
-10
-12
-10
-5
7
-1
12
15
6
13
20
22
22
26
32
31
29
43
41
36
38
25
20
13
14
23
19
13
3
7
17
7
-4
3
4
0
-1
-3
-1
-9
-7
-8
-6
-5
-3
3
-7
-12
-16
-20
-14
3
4
3
-1
-16
-29
-18
-6
-9
-4
-25
-25
-22
-21
-9
-20
-20
-17
-20
-29
-20
-20
-12
-17
-24
-9
-5
-1
-3
-3
-3
-2
0
-4
0
-1
8
21
23
25
17
26
24
28
30
8
19
19
15
17
19
21
20
26
31
30
13
6
5
2
-2
2
7
3
-3
-9
-2
-12
-16
-19
-22
1
-5
-8
-9
-16
-2
0
2
2
-1
2
-3
-13
-10
-3
-7
-1
-6
-7
-8
-16
-13
-20
-7
-7
-15
-9
-11
1
-4
-3
3
-4
-3
-2
2
4
11
2
3
12
20
31
25
27
27
21
28
37
25
9
7
6
6
8
7
-4
-9
-20
-26
-19
-17
-24
-25
-20
-26
-28
-23
-26
-25
-27
-19
-17
-16
-11
-11
-1
-9
3
10
16
19
12
9
8
7
-2
5
9
11
13
18
19
22
17
10
5
-2
-2
1
-1
-3
6
9
9
4
4
8
3
-7
-9
3
11
14
22
21
14
-2
-17
-12
-14
-10
-3
-6
4
-1
-7
-9
-10
3
2
13
23
25
11
8
18
7
7
2
1
7
5
-3
-2
-7
-12
-22
-37
-29
-34
-37
-38
-34
-19
-16
-28
-35
-35
-35
-32
-19
-3
-3
2
1
-1
1
8
3
-3
3
3
9
4
14
5
3
17
10
9
12
15
3
6
8
13
22
10
7
13
9
16
21
22
27
38
50
27
15
15
8
13
18
14
14
15
17
6
-6
3
-1
-4
-9
-7
-1
-9
-3
0
-5
6
2
-10
-7
-1
5
6
-2
-3
2
-3
-11
-7
-10
-18
-19
-19
-21
-17
-19
-24
-32
-32
-37
-46
-22
-16
-11
-3
-9
1
-9
-3
-2
0
7
7
9
-3
0
5
0
7
1
-3
6
4
0
-2
-2
1
-6
-13
-4
-4
-17
-22
-22
-22
-20
-9
-9
-6
3
2
-4
7
15
15
26
31
42
41
44
33
28
32
25
41
41
38
32
26
18
7
2
-10
-3
-7
-19
-13
-8
-14
-9
-5
-7
-6
-3
14
18
23
37
27
14
12
16
17
17
16
9
12
12
16
16
10
3
-9
-3
-22
-27
-22
-35
-39
-35
-24
-25
-37
-37
-32
-38
-38
-23
-28
-34
-38
-40
-42
-38
-19
-31
-28
-15
-22
-21
-14
-13
-9
-6
-7
-12
-13
-16
-22
-11
-6
-3
10
11
10
5
5
20
14
20
32
46
56
40
58
60
53
48
50
46
39
52
39
31
26
30
18
15
26
14
15
10
18
10
-2
7
6
-3
-16
-13
-16
-19
-19
-22
-9
-20
-19
-14
-23
-10
-13
3
-4
3
7
-8
-3
-9
3
-4
-3
-5
-5
-6
-9
-7
-13
0
-12
-12
-19
-25
-10
-25
-16
-9
-15
-7
-9
-4
-11
-13
-12
-16
-5
-10
-9
-3
-9
-11
-22
-25
-19
-18
-12
-6
-6
-2
0
0
2
-2
4
6
9
3
1
11
7
10
17
12
17
17
13
20
16
15
17
30
29
23
20
25
24
16
29
20
38
34
21
17
-4
9
1
-4
8
6
13
-2
6
8
-2
0
-13
-6
-5
-5
-6
-13
-4
-5
-12
-15
-4
-22
-22
-27
-38
-23
-18
-20
-11
1
-13
-5
-3
-7
0
-10
-6
-12
-13
6
-1
-9
-19
-6
-4
-13
4
-9
-4
-3
-3
-1
-10
-7
-29
-7
4
-9
-1
-4
0
2
6
7
-5
3
0
1
1
8
22
13
9
9
13
7
6
22
20
24
23
21
23
10
19
15
35
33
16
32
22
21
7
7
9
9
24
8
15
8
6
13
-6
-5
-7
0
-4
-16
-11
-35
-26
-28
-40
-44
-51
-48
-45
-41
-40
-39
-45
-37
-20
-23
-27
-12
-8
-6
-18
-5
-1
-8
-3
-9
2
0
11
12
19
10
15
18
11
23
10
25
20
14
19
9
7
13
9
15
18
13
10
14
21
12
29
22
24
28
22
28
22
31
19
26
22
21
28
9
13
17
10
-1
-3
1
-11
-10
-9
2
-6
-14
-2
-12
-15
-33
-37
-37
-34
-33
-41
-33
-53
-34
-37
-52
-26
-35
-22
-29
-25
0
-23
-7
-8
7
10
-11
13
-5
9
17
24
28
15
24
18
25
16
6
10
-6
6
12
3
18
-9
6
21
16
12
3
17
6
26
11
3
21
16
13
-4
10
15
6
-3
3
3
-10
1
-12
-11
-12
-18
-12
-40
-15
-19
-25
-10
-24
-6
-18
5
-11
-27
-3
-19
0
-12
-2
5
3
16
7
19
-1
6
19
3
7
-6
15
7
-4
-4
-2
22
3
29
29
29
18
7
28
-3
30
12
7
10
0
19
-20
4
-11
-1
-10
-36
9
-21
-4
-29
-38
-9
-29
12
-15
1
18
-8
16
-20
15
4
-22
22
10
18
-16
-32
6
-31
-32
-31
-29
13
-16
0
13
6
16
-15
26
11
-10
9
-23
5
-31
-23
-14
-54
17
-3
13
13
-19
30
-18
16
6
0
56
1
44
22
6
39
0
33
3
34
29
-20
13
-9
-12
3
-6
18
20
8
22
-11
-16
-40
-35
-29
-42
-13
-13
21
16
-8
5
7
14
-33
-24
22
-9
24
-6
-12
6
-3
-11
-47
7
0
-1
6
2
26
9
2
6
16
20
32
25
9
14
-12
-12
9
-10
-8
21
19
-7
22
13
-9
18
10
3
-11
-34
-3
9
-22
3
-32
4
-1
-10
18
-66
9
-19
-15
-9
-47
22
-64
5
-18
-53
17
-85
24
-35
-26
37
-51
66
-67
11
15
-60
51
-75
51
-7
-1
61
-47
70
-32
54
45
-34
85
-34
56
-19
-11
57
-33
68
-23
70
53
-5
52
-1
78
13
42
12
10
46
-13
38
-38
7
-4
-30
7
-35
45
-21
6
17
-27
22
-46
-2
-40
-8
-20
-64
10
-82
-10
-35
-28
-8
-71
32
-60
-53
-46
-37
-8
-36
18
-16
22
0
-10
-4
-8
0
-16
12
17
22
12
39
14
4
54
-12
33
45
30
76
-9
63
-7
13
35
-30
88
-26
61
25
-32
63
-63
27
-31
-21
62
-71
80
-20
-21
47
-81
38
-100
-30
-12
-82
16
-130
-12
-31
-46
38
-63
36
-14
0
60
-22
31
-3
18
15
-9
34
-1
18
9
4
-11
-5
4
13
22
-16
32
-26
29
3
-31
52
-45
62
-39
-3
41
-63
75
-76
18
3
-55
89
-76
52
-20
-27
63
-107
72
-70
-20
31
-69
96
-73
51
27
-19
48
-60
61
-44
23
26
-16
51
-17
45
-19
38
10
-8
29
-25
36
-23
-1
-29
-31
-13
-47
10
-51
16
2
-9
18
-46
64
-57
6
11
-30
53
-50
77
-44
26
44
-48
67
-42
61
-26
9
29
-54
62
-77
58
-4
-38
56
-51
85
-54
16
18
-68
53
-73
45
-12
4
48
-34
109
-19
45
20
-12
47
-43
58
-54
-20
-25
-47
18
-53
34
-46
-1
-10
-31
39
-58
36
-35
10
31
-31
71
-83
13
-23
-51
4
-135
35
-76
-27
27
-74
66
-54
55
28
22
111
4
138
44
94
85
-11
82
-19
51
-18
-24
21
-77
16
-54
-46
-69
-151
-60
-105
-73
-104
-94
-31
-129
-52
-101
-57
-75
-137
0
-59
61
-8
-68
8
-79
29
-53
-6
26
-65
108
23
91
53
-37
130
-12
120
55
57
187
-5
172
44
81
142
-2
230
78
180
181
42
253
51
168
136
62
232
79
282
167
118
171
36
224
65
167
148
6
139
-19
95
16
-59
22
-72
65
-3
3
15
-79
-17
-162
-148
-161
-224
-143
-224
-167
-180
-223
-175
-262
-290
-356
-374
-366
-390
-322
-366
-400
-412
-392
-316
-348
-352
-314
-249
-216
-185
-237
-219
-171
-159
-130
-170
-83
-88
15
107
86
140
126
187
198
211
275
232
264
289
352
362
228
221
152
115
54
-64
-99
-190
-274
-380
-423
-452
-491
-468
-376
-221
-155
-143
-44
236
473
613
656
777
1103
1367
1629
1698
1738
1798
1920
2115
2071
1939
1636
1509
1473
1343
1278
814
494
64
-181
-114
-505
-754
-1344
-1502
-1463
-1681
-1655
-2135
-2197
-2265
-2257
-1942
-2092
-1878
-1939
-1791
-1454
-1460
-1110
-1216
-965
-596
-480
-206
-283
14
219
429
566
391
517
545
789
832
764
733
522
599
529
567
416
159
90
-17
146
4
-176
-360
-506
-347
-445
-444
-534
-466
-282
-268
-79
-161
-62
96
213
396
354
503
572
708
876
847
883
754
819
868
856
811
538
452
292
275
125
-209
-391
-646
-575
-702
-875
-967
-1195
-974
-993
-798
-737
-827
-415
-335
268
385
280
703
851
1829
1970
2055
2355
2228
3051
2864
3029
2823
2191
2568
2121
2587
2323
1543
1160
42
548
294
-168
-697
-1893
-1536
-1824
-1686
-2067
-3049
-2985
-3423
-2964
-2988
-3210
-2848
-3197
-2801
-2771
-2564
-2247
-2511
-2109
-1834
-1194
-851
-924
-587
-236
284
326
228
391
791
1334
1489
1409
1315
1328
1262
1258
1247
1087
910
625
682
716
563
148
-412
-415
-376
-281
-408
-682
-608
-576
-295
-365
-526
-372
-290
128
204
396
635
643
898
839
1070
1200
1075
1252
1326
1742
1560
1238
1323
1172
1328
995
769
629
460
631
308
217
-180
-593
-602
-815
-655
-1097
-1259
-1255
-1400
-1162
-1473
-1247
-1308
-1299
-952
-815
-143
-172
91
243
466
1095
1233
1912
2000
2199
2469
2708
3165
2793
2735
2456
2443
2533
2096
2174
1585
1205
406
-115
97
-581
-950
-1945
-2198
-2108
-2399
-2355
-3282
-3503
-3704
-3785
-3339
-3602
-3278
-3429
-3294
-2850
-2925
-2497
-2555
-2285
-1953
-1688
-938
-723
-516
-336
-41
522
544
588
868
1282
1766
1771
1814
1821
1626
1656
1603
1716
1707
1343
1287
1175
1218
966
503
428
98
149
104
55
119
-135
34
21
-51
-70
-129
218
264
389
664
789
976
960
957
998
1068
1196
1062
1175
1363
1153
1025
839
789
667
339
239
201
115
-83
-295
-189
-433
-750
-797
-865
-870
-1031
-1052
-1047
-1007
-1113
-1251
-1244
-1219
-1262
-1375
-1010
-856
-693
-627
-738
-209
-208
-2
184
246
771
673
1155
1557
1622
1942
1602
2203
2336
2053
2234
1716
2116
1806
1713
1972
1237
1076
281
179
363
-375
-453
-1092
-1234
-1412
-1914
-1504
-2257
-2653
-2980
-3070
-2414
-2839
-2725
-2848
-2728
-2266
-2652
-2204
-2125
-2077
-1855
-1734
-947
-839
-608
-554
-375
48
-94
302
383
718
955
1087
1384
1151
1339
1076
1333
1468
1204
1578
1190
1348
1289
1116
1223
815
1144
630
632
908
556
700
352
694
239
481
424
233
804
456
621
349
1062
394
326
712
298
559
272
537
380
350
307
-171
3
30
-309
32
-426
-116
-440
-415
-88
-760
-23
-523
-136
-205
-105
293
-264
404
236
26
389
337
294
243
420
467
-182
466
-182
-40
-51
-734
-49
-544
-259
-833
-552
-653
-1297
-574
-1032
-861
-892
-1005
-313
-692
-406
-330
-322
27
-112
458
369
204
565
634
808
860
624
886
694
645
833
659
637
205
343
330
-144
-55
-284
-584
-787
-928
-759
-935
-1021
-1242
-1386
-1204
-1426
-1443
-1349
-1401
-1372
-1340
-1184
-1224
-950
-712
-938
-547
-620
-430
-351
-163
341
-45
433
310
486
722
738
1207
595
1185
1159
1009
1455
1057
1199
960
1348
869
1153
1570
553
735
1098
491
260
916
358
78
360
338
-372
360
-177
-356
-130
-3
-664
-106
368
-710
481
-523
701
-737
588
292
-137
950
-150
926
61
1177
358
936
668
776
758
721
934
499
916
408
519
606
370
507
349
3
643
-441
337
-314
-327
-559
-800
-163
-1569
-852
-1001
-1460
-1464
-1428
-1673
-1859
-1335
-2012
-1824
-1404
-1846
-1807
-1397
-1401
-2177
-757
-1040
-981
-204
-478
-308
-73
593
237
550
593
941
944
1504
1445
1158
1553
1133
1479
1299
1411
1117
917
991
690
806
369
306
-106
-278
-220
-532
-460
-597
-541
-1135
-896
-742
-1349
-832
-1107
-1044
-982
-749
-758
-923
-270
-869
-306
-427
88
-162
500
492
65
876
121
941
216
1191
369
1006
875
664
1267
472
911
159
481
452
522
217
727
164
394
-336
637
-230
130
600
-610
912
-225
874
-30
12
698
94
176
1042
174
763
766
254
736
436
1408
-839
1785
494
-69
1315
-78
653
-166
734
-922
529
402
-955
379
-212
-321
-1071
196
-812
-848
-140
-1170
-63
-726
-301
-959
-697
2
-1672
-79
-1182
-407
-347
-1956
172
-1534
-691
-1301
-1332
-647
-1819
-289
-1880
-694
-1061
-1812
-383
-1511
-943
-678
-898
-641
-506
-239
-518
-336
476
-20
384
607
604
1251
344
1408
1273
518
1477
1293
1633
1199
1389
1585
947
1520
794
920
1331
402
855
784
994
517
-106
814
159
84
95
395
149
-432
348
-133
-341
114
-461
-557
243
-159
-618
-277
272
-1437
337
-87
-1426
548
-688
-422
-354
699
-1450
-415
1030
-1941
499
314
-1073
-164
370
-435
-912
639
-629
-1005
1114
-772
-622
1229
-1397
448
157
6
-163
57
1342
-1510
1565
315
-368
1067
147
132
1133
347
703
378
884
868
-651
1678
-184
984
-383
938
571
-11
356
114
350
-738
893
-1435
1514
-1218
-363
207
-790
139
-1832
1137
-1865
-510
-51
-1058
93
-1189
-584
-444
-432
-611
-1237
-140
-273
-1141
235
-494
-348
-569
-183
-19
-742
125
-741
-224
119
-922
120
-57
-945
177
-343
-73
-382
-257
385
-839
546
-283
-1
653
-211
838
88
667
626
401
1287
-104
969
1373
359
971
1229
1004
468
1128
901
839
889
570
259
1261
455
158
942
139
614
-64
434
110
64
-375
-31
323
-741
-590
670
-900
-817
337
-1183
-154
-1029
-549
-1467
278
-1223
-2033
594
-1198
-949
-852
-210
-1159
-801
-159
-1505
434
-701
-1139
689
-858
678
-1212
1015
-530
-170
1424
-704
715
247
688
-24
920
1
740
793
811
-314
1825
70
-583
1516
-60
312
705
134
431
853
140
-302
-275
2000
-2406
1286
545
-943
1124
-1028
1404
-1326
632
11
-581
1379
-661
233
11
560
-370
763
-204
-343
1271
-167
42
133
611
-698
-18
468
-379
-492
715
-1455
492
-591
-982
1
-1347
190
-1346
13
-1792
-119
-650
-1748
-337
-888
-788
-627
-1236
-456
-493
-1041
-234
-1252
902
-1495
404
94
-499
1007
-954
543
693
831
-232
1103
1255
613
267
1979
462
417
1719
365
1516
708
1124
816
823
231
1469
386
258
966
673
449
-21
936
-463
919
-386
31
478
-119
-541
-137
792
-1049
-609
-15
-190
-1585
581
-692
-1295
-522
-367
-1448
-651
391
-3429
170
114
-2037
-1021
609
-1948
-1106
512
-1290
-990
45
-715
-1480
1014
-411
-492
360
477
-258
-131
1339
-77
-1266
2127
405
-681
1903
576
389
551
1347
553
-179
2423
-2006
2234
1075
-595
2204
-1350
2573
-1692
2612
-206
-73
1874
-785
1224
462
884
-1375
1848
5
288
-200
1635
-636
-123
1009
-969
1835
-1858
200
436
276
-1024
-663
1468
-1684
-785
371
-1737
-22
-1373
-310
-739
-1841
1214
-3958
1492
-1445
-1572
-321
-2209
1184
-4266
1717
-1766
-1912
1017
-1925
-247
-366
-886
-322
-338
-100
-40
-519
1199
-1616
2197
242
304
945
256
2679
-846
1788
1448
1263
1350
312
2900
682
851
2074
170
3064
-238
901
1753
-318
1920
-939
1212
775
-947
618
-82
-322
-126
-869
-179
-817
-1461
-538
-1251
-478
-1184
-1492
-87
-2293
-628
-1222
-1246
-1047
-2172
399
-1875
-377
-1471
-392
-1400
-168
-744
-375
-536
-2039
1859
-1655
898
-524
348
-454
144
1267
-485
183
1257
-1399
2960
226
-593
3544
-2669
4268
-952
2459
-467
817
3189
-2488
5065
-755
68
2771
-238
1128
1823
1104
-301
918
2933
-881
714
1892
267
-57
1654
-747
2211
193
-1774
2510
-694
975
-2700
1893
963
-4259
2723
-1033
-947
-551
-2036
2114
-5732
2332
-1925
-2605
1512
-4836
3465
-4748
-445
-757
-3198
2157
-5553
313
643
-3564
711
-3244
2745
-3235
-2227
2278
-3904
1787
-2433
-55
638
-1379
327
36
102
719
-1554
2446
-327
-813
2182
-158
1933
-1109
2886
1587
516
1208
1307
1276
1202
576
1587
1688
-47
1640
57
1394
-73
1359
-240
-124
1228
-990
1374
-560
203
-622
-215
227
-1332
1066
-1181
-575
281
-835
-750
-988
334
-1144
-397
668
-990
-593
-181
-678
-982
1454
-2110
-900
1365
-892
-982
230
497
-1854
876
-193
97
1184
-321
-835
2728
-160
-274
21
1831
-22
-438
4234
-3005
2660
-292
1267
667
598
2145
-3256
3769
87
-843
2206
-1531
605
1619
-1101
1045
-1069
2154
-728
489
1420
-2469
1755
-1533
1435
-100
-162
-753
-537
2040
-2417
686
-1445
-1653
1687
-1867
826
-1719
-386
-572
-768
961
-5951
3362
-1152
-3557
2694
-1690
-737
-1469
-589
-124
-1754
1727
-2856
-741
3233
-6236
2624
-1935
-840
-292
-2320
1699
-3512
1751
-2193
-75
-232
-321
-1052
977
-1251
-579
2078
-686
366
1031
2915
-1241
2688
239
3295
890
638
2321
961
3673
73
3421
780
-337
2144
1183
220
2795
56
16
-212
-90
1746
-2606
831
-382
-1371
1485
-2073
260
-775
-2152
-527
-1184
1262
-2084
-220
-46
-570
-356
-667
-164
-246
-544
-263
823
27
177
-986
1887
-2076
2472
601
-131
926
-1294
2137
-1249
2030
-548
-1208
1815
-525
-1098
2154
-2250
-247
-563
304
-782
-2410
1353
-4531
1569
-797
-980
-336
-919
-201
-1931
992
-2109
504
229
-321
946
-377
2375
-828
-120
2265
-756
2867
944
523
2579
361
655
-565
1610
959
448
1844
-1461
2789
62
-1333
701
-1313
655
-453
740
-1015
-399
940
-1870
-1248
1548
-1123
-1113
-584
-656
-593
-3815
558
-1516
-2758
-191
-2220
-248
-1880
-2853
-304
-2302
-1626
-541
393
-229
-4049
439
1867
-482
1121
65
2142
1950
1833
4897
1815
853
1176
2574
5180
3548
2265
1650
1423
2084
1969
2050
1015
-970
677
190
223
-362
-2180
-1213
-4292
-2114
-1148
-1837
-837
-3536
-3273
-2885
-3153
-1169
-1134
-2969
-2135
-1126
352
-1355
-1221
-757
-251
1414
775
1254
1777
1529
-178
2397
1721
1970
2211
2107
2315
2039
3284
788
1218
752
1385
1079
2419
316
-2028
2351
-1062
-2388
-358
-2291
200
-1209
-1736
-249
-2419
803
-4065
-2486
1211
-2296
-198
-2263
-249
711
-1793
-389
-742
1676
261
-1166
820
2749
1567
-1123
1088
622
3786
-698
841
3028
974
-794
278
4860
-1264
1227
1098
343
-172
2361
-880
-1444
-4
923
458
-2140
828
-2801
637
-3003
-1846
-124
-2306
-3233
-875
-1681
-1864
-2696
-2761
-1879
-4145
2407
-4140
-1538
-401
-1037
-3362
-2566
2690
1566
2696
-2346
351
3104
5809
3452
852
1669
2397
4506
5963
5758
4707
468
-971
4656
5320
3752
-829
-795
1121
1236
530
-1709
-2702
-1203
-3524
-3611
-2160
-2666
-2455
-5859
-4698
-3408
-3287
-4109
-4344
-4775
-2873
-1980
-1036
-1804
-4889
-1369
-543
211
1307
1161
652
1385
4576
4938
1878
2662
4844
5537
4429
3830
5428
4872
4476
1810
3007
4031
2078
-104
344
2519
835
-1047
-3601
-1640
-745
-2732
-3657
-2474
-1471
-3502
-5074
-4962
-2274
-1083
-3020
-4279
-966
-1531
-2087
-496
-1502
175
-861
755
17
2122
2878
-2755
1370
2796
3219
2245
801
1844
3030
2178
-545
2126
3245
811
-61
2404
2050
520
-906
-203
873
839
-162
5
-1143
-2056
466
-1898
-2290
-2383
-739
-3434
-1730
-203
-4865
-3248
-3350
-1380
-1489
-1636
-2210
-1751
-731
-1448
-3064
-2582
1223
2771
5450
-729
-649
3345
4387
5327
2674
4172
1016
4338
8051
7134
5486
478
668
3006
5468
4875
434
-902
-127
1163
962
-2083
-2338
-3577
-3162
-2715
-4136
-4469
-5580
-3570
-5257
-6593
-4320
-5211
-6067
-7335
-5710
-2751
-1626
-3094
-5955
-4707
-1091
-325
-1044
-205
887
2098
2475
4659
4976
2660
2409
6134
8538
5483
4672
7325
7305
3466
2885
5691
6249
2585
1226
2757
3661
1637
-2733
-2950
-904
31
-2024
-3998
-3476
-2364
-4341
-6357
-4549
-1547
-2227
-5045
-4221
-1667
-984
-3726
-3864
-809
1385
-526
-237
923
8
1767
902
2102
2347
4268
2917
850
4634
2740
2590
1007
2738
4054
2928
1528
1276
2526
898
88
-321
1122
-479
290
-2342
-1367
-315
-2417
-3902
-3762
-2102
-3133
-3490
-4204
-3596
-3412
-1868
-4827
-2422
-4312
-941
-52
-2495
-3334
-4320
3068
1699
4959
1157
-619
1431
6850
9012
3543
-501
538
7456
10749
8390
2653
1862
876
3881
4846
5692
680
-2103
-608
2242
2634
-3754
-6041
-4072
-1957
-3994
-4760
-4620
-4336
-8133
-6529
-5781
-4955
-5184
-8020
-7497
-5273
-1818
-2927
-5994
-7709
-3042
-553
488
-596
-972
-65
1498
4554
5359
3920
3062
5500
6601
7379
6652
7441
6932
6070
6240
6470
6323
4522
2028
3361
5724
5024
58
-5412
-1320
2294
873
-4523
-5886
-1432
-1619
-5699
-7922
-3736
-182
-4459
-7041
-3964
-291
-1830
-7106
-4420
1866
1795
-1947
-2913
2211
3495
-7
431
2884
4669
3043
2209
4475
6559
3093
-38
1587
6960
6549
-55
-138
4274
3779
-330
-41
243
1113
-1631
-1750
-731
-1342
-3559
-4809
-3262
-2423
-3696
-6758
-5594
-4174
-1840
-4130
-4592
-5350
-4502
-2351
-1685
-1183
-3572
-3962
-1350
2673
4568
2196
-2027
471
5207
11313
6569
-724
-437
4381
11753
9087
5950
3043
881
3285
3168
6676
5240
-2133
-2293
1059
5281
-1428
-8089
-4561
-437
-1323
-6380
-7121
-4100
-4610
-8456
-7568
-4162
-3905
-8617
-8950
-4494
-1383
-3098
-7554
-6747
-3231
-469
-1517
-853
-873
-118
1623
2731
4642
2416
3953
5201
7441
7309
5152
6315
7047
9332
7078
5427
5910
5247
3738
3359
7028
7296
1596
-3691
-2914
2902
2449
-2841
-5075
-2954
425
-4512
-8228
-6019
-1418
-1824
-7202
-5330
-2216
-3026
-6594
-4389
1060
-15
-3620
-2494
1065
1581
391
519
2660
3139
2825
2721
4780
5724
2456
1907
4838
6066
4317
3870
3645
2605
2463
2028
1661
1006
1495
255
465
-1205
-4505
-3450
-2655
-2575
-3293
-4006
-7703
-6038
-4158
-5014
-6313
-5282
-3892
-6260
-5058
-2757
-2625
-4950
-3968
-3137
901
2018
3774
26
-2601
2731
8456
11355
2156
-757
2222
8530
11088
8527
5313
3349
1933
4262
6589
6212
2594
-3052
381
4212
3600
-4517
-7335
-2339
531
-3185
-8237
-6900
-3879
-4812
-6967
-5873
-5774
-7710
-10261
-6578
-1468
-2355
-6014
-7570
-5208
-2606
-1342
-293
-174
-1434
-722
2364
4675
4426
2911
3760
6234
7528
7178
5953
7006
8527
8019
6618
5834
6612
6079
3523
3166
6148
6606
951
-4049
-2067
3665
2405
-4804
-6670
-1896
103
-6131
-8921
-4514
-1048
-4776
-7921
-4059
-1088
-4003
-7619
-4667
315
863
-3542
-3082
452
1946
-72
-243
2853
3786
3684
2587
4430
4574
4808
2882
3708
6071
7052
4643
1067
3351
3577
4730
1262
581
2450
1116
-528
-2284
-2571
-1498
-2730
-2729
-4612
-6962
-4865
-7274
-4459
-4809
-5023
-6101
-8386
-4365
-4385
-2901
-4847
-4670
-3278
-4359
135
2479
2678
-464
-2236
3183
8272
8950
2631
-865
5333
9090
10537
6808
4302
4344
3118
5450
5747
7188
1738
-2321
764
4807
2701
-5697
-5895
-786
100
-4368
-7681
-7225
-4709
-5363
-5653
-6616
-8491
-8296
-7470
-4691
-4475
-4799
-5152
-6750
-5764
-3041
499
-351
-2857
-1009
2432
3247
2145
3479
5197
6574
5354
7107
7922
6611
7283
8055
9313
7351
6087
5993
6382
4969
3888
4537
5291
1497
-2160
-911
2037
1449
-4653
-5857
-2344
-152
-5164
-8863
-5204
-1333
-4483
-8239
-5561
-1912
-3568
-6481
-4142
-1905
-1806
-3305
-1313
727
314
-707
71
3095
3214
2546
3516
4385
4377
3606
3595
4411
4914
6365
4245
3089
3281
2743
4059
2619
1153
1644
1088
279
-2128
-2664
-2360
-1925
-1689
-6132
-6276
-5654
-4896
-4713
-5695
-4928
-5691
-6066
-6944
-5275
-1838
-3022
-5084
-5184
-2219
523
1216
2533
-443
-9
2482
8181
8828
2013
349
4310
11089
9987
5724
4706
4516
4593
4476
6054
7084
1452
-1435
698
4566
2068
-5198
-5768
-1182
839
-5193
-8688
-6961
-4162
-5286
-7194
-8095
-7610
-7144
-8811
-7204
-4054
-3227
-6802
-8737
-4842
-1065
-1505
-1908
-2031
545
1689
2417
3567
3719
5397
5423
7498
7412
7130
7277
8509
9255
9081
7582
5722
6843
6793
5835
4358
5388
4937
328
-2691
369
2871
81
-6218
-5396
324
-2182
-7816
-9375
-3958
-1939
-6565
-7530
-4757
-3075
-5734
-7836
-2597
-49
-3276
-3967
-1106
2546
51
-2431
1033
4117
4500
1729
2719
6323
5149
2610
3018
6600
7794
4661
2505
3261
4549
3959
2513
2704
2168
990
-420
-386
-1143
-3366
-2961
-2553
-2437
-6286
-6803
-5707
-5402
-4360
-6042
-5431
-6548
-7101
-5712
-3955
-2791
-4245
-5990
-1592
53
2344
310
-1170
2562
3047
8902
6261
3374
831
4233
12206
10835
5937
3758
3858
6298
5326
5824
6511
1040
246
-168
4905
939
-5141
-4985
-1187
481
-6670
-9876
-6485
-2353
-5158
-9322
-10011
-6902
-7902
-8843
-7010
-3278
-3705
-8787
-9437
-4371
-248
-1772
-2924
-1342
1496
982
2351
4109
4727
4296
5974
8598
8193
6518
7255
10536
9722
7432
6422
8672
8180
5108
4597
5852
6007
2932
-1131
-644
1372
972
-2408
-5845
-3159
-2515
-4233
-7496
-7318
-3372
-5226
-7765
-6626
-3672
-3712
-6860
-6376
-2583
-1351
-2390
-3376
-362
1754
94
-335
1059
4110
3871
3300
3869
5379
6164
3459
2682
5642
7972
5761
2890
3740
4783
3031
2212
2309
2829
221
-853
-493
-1341
-3340
-4615
-3131
-3616
-4711
-7340
-5161
-4390
-5175
-6412
-6568
-4769
-4040
-4421
-5140
-5672
-3640
1036
1602
1294
-3710
-125
4632
7774
5803
1724
3756
4226
7565
8649
8971
6269
2270
2284
7493
7947
4562
-1293
190
4557
2809
-634
-5271
-2978
-1307
-1674
-4424
-7080
-7600
-6010
-5401
-6218
-8400
-8750
-7304
-8843
-8526
-5419
-2597
-5628
-10779
-8812
-1102
908
-2311
-4663
-664
3066
2580
2171
2634
5212
6607
8229
8512
7332
7056
9700
11603
9592
6577
7452
9844
8199
4347
4970
8386
5288
-1073
-2886
2895
3758
-2978
-6776
-3892
338
-4843
-10243
-7380
-3151
-4363
-9425
-8372
-3595
-4571
-7777
-7331
-2729
-766
-4574
-4502
-1082
1017
-34
-1189
1853
3423
2927
2520
3716
6180
5887
4099
4005
5772
7414
5239
3791
5309
6936
5160
1141
1324
3269
3460
540
-1465
-519
-330
-2718
-6367
-4781
-2581
-3661
-5247
-6157
-4717
-5579
-6000
-6394
-4678
-2588
-4711
-6351
-3358
304
2070
-1367
-2572
1722
5044
6949
2070
2890
3792
5525
7257
7352
8064
4973
2789
3184
5743
7244
3706
-1248
374
2388
3181
-2272
-4636
-3083
-2515
-3881
-6508
-6247
-6161
-6340
-7132
-6613
-8225
-8930
-9498
-7749
-5894
-4831
-4776
-6707
-8339
-6835
-2311
-92
-532
-2697
-74
1426
2938
3542
4313
5543
5501
8012
9161
8582
7731
9642
10191
9329
8463
9058
8043
5576
5196
7554
7778
3588
-769
-727
1856
519
-2133
-4379
-2504
-3132
-6309
-7839
-5897
-3895
-6974
-8479
-5728
-3740
-6722
-8810
-5790
-1428
-1919
-4376
-4281
-1299
228
-675
-335
1813
4063
3202
2244
3219
4983
5971
4390
3516
5712
7289
6201
3488
4083
6437
4968
2808
1662
2897
2463
89
215
345
-824
-3397
-4405
-3224
-3564
-5558
-5521
-4539
-3262
-5499
-6893
-6231
-3800
-2743
-5130
-5598
-4320
440
309
-132
-1777
527
4223
5994
5714
2486
2887
3954
6127
8452
9521
6965
3129
965
5542
6404
5432
760
-1048
1358
1537
561
-4618
-4318
-3286
-3083
-6167
-8466
-7307
-4630
-6060
-9226
-10051
-7081
-5973
-10067
-10095
-6126
-1180
-4846
-9683
-8374
-2322
665
-1681
-2444
124
3269
2869
2421
3941
6586
7958
7932
7777
7643
9158
11439
10857
9093
7457
9075
10116
7313
4566
4642
7435
5238
106
-1278
741
979
-3072
-5156
-2942
-2587
-6360
-9301
-6554
-3777
-6124
-9545
-8288
-4148
-4160
-6932
-7399
-3908
-2096
-3336
-3064
-1189
547
-145
-482
1262
3390
3660
2407
3386
5551
6032
3862
3073
5121
6928
5990
4119
5109
6261
3862
1319
2134
3938
3274
-346
-647
731
-10
-3153
-5891
-3333
-2254
-3742
-5915
-5333
-3393
-4981
-6101
-6237
-3501
-3400
-5021
-5666
-2927
1096
1314
-381
-1605
1796
4161
5545
5343
5357
4426
3105
4172
8747
10572
7940
2458
1476
5800
5405
4064
-739
726
2127
868
-1569
-4553
-3699
-4101
-5549
-6382
-6729
-6711
-6139
-8172
-8091
-9202
-8769
-8444
-8888
-7565
-6054
-3998
-4811
-7479
-7574
-4149
-772
577
-1088
-64
1565
2755
2865
4457
6994
8033
7098
6533
8667
10383
12535
9314
7231
7379
9331
10283
6974
5440
5765
5373
3462
226
92
536
-1688
-2333
-3872
-2318
-4798
-7653
-8153
-6904
-4599
-6756
-7125
-6963
-5674
-5139
-5014
-4396
-4197
-4050
-2832
-830
1203
344
-889
246
1997
3869
2494
3195
4364
4909
5320
4601
4704
4202
4140
4846
5447
5408
4585
3430
3124
1927
1340
1379
1404
1302
-62
-1425
-2379
-2998
-4304
-4576
-4369
-3837
-4335
-4897
-4884
-5485
-4721
-5592
-4321
-2817
-2921
-3206
-4180
-1100
805
2380
1760
512
3663
4888
6645
6493
4440
4106
3212
7403
9309
8448
6141
1291
3472
3738
3654
2062
-167
1516
-4
-1618
-3858
-5488
-4015
-5413
-6483
-6924
-7499
-5416
-7317
-8296
-9186
-8766
-6781
-8251
-7943
-6696
-4125
-3175
-6321
-6965
-3825
-976
-66
-1313
207
2631
2715
2237
3437
6784
8096
6502
5375
7510
9508
11192
10097
8285
6809
6111
7795
7187
6187
5175
4911
4329
1185
-1538
-1209
-682
-1427
-3873
-3565
-2532
-4764
-7567
-8471
-5468
-4895
-6138
-6378
-4693
-3525
-4946
-5294
-3659
-1838
-1478
-1793
-372
893
1387
1435
944
2074
2967
3336
3018
4237
5374
4312
3282
2981
3723
4559
4759
4579
3926
3930
2567
1346
2219
799
1596
1761
1644
787
-1445
-1503
-2740
-1741
-2682
-3553
-2072
-2676
-4222
-4685
-4814
-4990
-3971
-3440
-3267
-3406
-2706
-3163
-3023
-2180
-3373
-1712
728
1249
2390
1698
992
1994
2714
4120
3086
3608
3559
4034
6480
4404
3392
2219
2414
2517
1476
1872
1873
524
-946
-1583
-837
-1158
-3339
-2756
-3607
-3850
-4860
-4496
-2699
-3065
-3967
-5178
-4699
-5461
-5230
-3213
-1520
-1770
-2844
-3228
-3093
-2780
-1648
-120
673
823
351
1321
2086
1919
1659
2169
3596
3921
3414
3965
4786
5029
3265
1903
3034
3716
3854
3145
3104
3041
1947
1048
66
-310
-156
24
366
-202
-622
-1382
-2396
-2502
-2560
-1852
-1541
-1014
-1356
-1932
-1895
-1639
-1618
-1782
-1038
-318
342
163
377
502
795
387
-104
984
2111
2917
2659
2177
2083
2033
1574
1671
2478
3552
3115
2070
1959
1414
1430
540
285
892
1133
935
-717
-1212
-1498
-1987
-2044
-1857
-1653
-2073
-2170
-2470
-2769
-3461
-3379
-2258
-1728
-1582
-1982
-1595
-1328
-1889
-1919
-1330
-406
-173
-641
-332
-114
-195
-475
-594
323
605
763
415
105
237
148
406
387
467
620
601
371
305
188
293
498
229
250
98
-183
-130
-96
-59
-271
-521
-238
-334
-552
-582
-329
248
-41
-200
47
519
842
640
738
998
1245
1084
1177
1468
1849
1482
1162
1819
1630
784
-41
476
1138
272
-619
-398
-59
-187
-1344
-1927
-1477
-1339
-1162
-1851
-2134
-1957
-1717
-1637
-2114
-2116
-1500
-1186
-699
-1184
-1513
-319
332
672
37
256
1469
1857
1365
1038
1743
2726
2341
1664
1807
2157
2856
2692
2008
1627
2092
2217
1792
1222
1164
1532
1359
753
78
299
169
-414
-685
-759
-765
-1158
-1558
-1738
-1771
-1625
-1966
-1919
-1650
-1576
-1335
-1322
-1191
-1306
-1397
-925
-103
567
845
539
118
141
592
1372
1607
1045
1199
1640
1384
643
-182
293
760
712
116
-774
-360
-369
-988
-1510
-1858
-1201
-1061
-1671
-2248
-2263
-1717
-1781
-2266
-2589
-2031
-1431
-1532
-1958
-2069
-1227
-643
-877
-884
-545
210
633
370
752
1032
1452
1569
1532
1882
2237
2808
2733
2477
2497
2898
2595
2453
2316
2197
2344
1801
1344
836
1283
978
145
-291
-318
-47
-859
-1766
-1786
-1310
-1808
-2601
-2729
-1982
-1782
-2366
-2942
-2708
-2003
-1810
-1892
-2163
-1622
-1331
-944
-1118
-905
-130
54
403
218
521
755
1198
1296
1027
1095
1430
2106
2497
2083
1613
1392
1425
1968
2051
2118
1959
1988
1064
1169
1308
969
1095
802
993
144
272
18
-295
353
-47
-609
-600
-633
27
37
192
141
391
139
-1286
262
176
343
-1183
-566
897
1540
1679
-1667
45
-826
4
120
-1062
-524
-2337
-474
-1605
-441
613
-1860
-788
-2690
-990
-795
-2884
-1502
-3008
-543
-2923
-2063
850
-1938
-1673
-3784
-945
-503
-1845
-946
-2450
-519
-1537
-1417
381
-306
1715
181
-331
509
586
1803
207
2090
3148
3346
2969
1156
2547
2780
2125
2865
3213
3916
2070
1295
3014
1728
1572
-1018
911
2593
531
935
-49
977
-2366
-2855
-898
-991
46
-1824
-1189
-543
-1165
-1933
-3888
-2266
-1391
-2366
-1156
-1174
317
-749
-2727
-2369
-2353
-183
-1532
-614
568
-240
-130
-2562
-1240
710
807
-572
-1361
2852
2839
95
-624
-929
1387
55
1007
2637
2222
2325
-231
1356
256
1009
2078
220
1082
899
1802
2320
666
566
1537
1032
1360
-243
3097
1815
565
1127
-468
3028
47
1528
2226
1087
-587
-2317
1028
624
30
901
587
1040
-1231
-1790
322
-2223
-2437
-3353
-713
-339
-1760
-970
-2399
-2388
-2936
-3462
-3335
-1978
-2590
-1464
-3509
-3958
-2824
-1780
-1478
-4010
-2048
-2876
-2858
-2047
-1852
-176
-173
-1127
-892
886
2155
1730
2236
2518
2025
2966
3837
4770
5740
5630
5219
5273
5079
5268
4271
3673
2478
2703
3306
3065
3778
2726
726
-1435
-2045
-1774
-1487
-2442
-2688
-1732
-1962
-4425
-4661
-3688
-4315
-5432
-6018
-3943
-2825
-2868
-4861
-2931
-915
-2669
-3015
-2541
-2
-387
-780
217
878
2110
1260
1675
3199
2075
1343
1694
2252
3107
3103
3456
2398
1459
1045
480
442
428
508
678
438
-594
-742
-1656
-1403
-1625
-1156
-625
-1442
-788
-1416
-138
-31
-514
449
218
997
354
704
2383
1532
2354
1994
1485
2367
2219
3118
2055
1453
1281
1139
2210
1787
2032
2708
804
-526
-613
-622
-81
-373
-124
-924
-820
-854
-1827
-1504
-3438
-3827
-2761
-2331
-2705
-3444
-3481
-3391
-3850
-3242
-3238
-2971
-2428
-3278
-1520
-1295
-25
-476
537
1818
1268
2118
1412
2655
2818
4585
5221
5061
5380
5340
6409
5669
3691
2496
1406
1702
1492
1422
1990
-124
-739
-2582
-2376
-3695
-5880
-6231
-6298
-4423
-5711
-5628
-4790
-3112
-2683
-5388
-5986
-4274
-2599
-2049
-1989
-95
1409
951
1210
1193
2830
2915
1406
1854
2811
4459
3568
1507
2540
3504
4122
2433
892
2468
2249
1105
-759
-50
2108
1349
-367
-1003
-206
-430
-1949
-1936
-482
-219
-1333
-1547
-203
117
-675
-1170
-300
597
565
-15
101
1372
1644
1415
758
1380
2033
1833
1713
1258
1639
1549
1185
515
129
115
414
-97
-263
128
-213
-362
-1057
-172
-492
-892
-561
-462
307
-27
265
100
-279
-163
-695
-260
-270
-909
-1055
-1675
-1373
-2198
-3163
-2936
-3156
-2612
-3504
-4049
-3101
-3036
-2058
-2080
-968
653
318
1855
1517
2662
2388
1400
3316
3859
6843
5285
5292
7012
7749
9206
5677
5083
2601
641
635
-791
742
-1346
-1835
-1805
-3319
-2636
-6206
-7596
-8806
-9370
-8033
-9943
-8053
-6332
-3917
-2505
-5394
-5071
-3587
-1412
-455
-2258
-304
1632
2106
2435
2395
6310
6801
4511
3389
2636
4827
3111
1445
3228
3406
3548
833
1433
4556
2882
1182
-1664
-731
206
-2636
-1770
-156
1863
466
-2081
-103
777
148
-916
-1070
572
-1323
-2217
-347
1009
2227
347
1193
1786
200
-303
-925
1495
1497
-74
-262
50
1510
1116
1198
1468
818
231
-503
-345
-303
45
404
580
170
-172
482
1293
1230
153
-89
-766
-792
-1119
-913
93
-124
224
-529
-301
-165
-674
-655
-1915
-1776
-2015
-2410
-1867
-1298
-180
-1363
-2487
-3043
-3269
-3174
-3558
-3165
-2957
-2832
-2461
-869
569
1320
1337
2187
3215
2861
2819
2966
4227
4925
5395
6710
6502
7008
7236
7856
7760
4453
2933
1239
518
-1095
-2748
-1748
-3237
-4234
-5133
-5086
-4771
-7548
-8426
-8664
-8802
-9343
-10495
-7388
-5128
-4471
-4275
-4303
-1268
-142
349
1428
1420
2530
1561
1835
3464
3976
5867
5509
5258
5066
4002
4932
4016
3217
2495
1120
1589
546
1110
2223
1857
892
-1544
-1642
-1344
-1902
-1923
-2107
-1777
-1900
-2212
-849
-169
354
155
40
583
-776
-61
1051
1920
1454
508
1829
1841
2126
2184
3063
3548
1666
966
1084
1968
1441
246
1009
993
586
-287
-36
1007
-81
-761
-1477
-1108
-1309
-2116
-1405
-1287
-1264
-2098
-1576
-799
-966
-1085
-1124
-479
-1076
-1199
-800
-456
-622
-929
-391
-371
-423
-990
-1140
-1175
-1061
-1491
-2307
-2460
-2514
-2258
-2739
-2923
-2922
-2389
-1961
-1033
51
1080
1948
2396
3218
3470
3778
3150
3158
4247
5490
5816
5309
5703
6762
7579
7282
5316
3235
1377
-244
-1800
-3130
-3230
-4179
-5419
-6556
-5837
-5366
-6274
-7478
-7995
-7366
-8281
-8240
-6869
-4282
-3249
-4096
-3015
-486
2408
3363
3257
4208
4786
4668
3576
3249
4938
5685
4564
2489
2708
4705
4469
2341
1064
1277
298
-1954
-2240
-57
569
-1923
-3462
-2634
-1510
-2356
-2328
-508
-893
-2808
-3555
-848
577
-498
-493
1251
2311
526
574
3094
4709
3296
1022
2277
3562
3243
2362
2282
3522
2181
1548
1055
1854
2577
1138
445
-937
-448
-660
-1460
-1664
-2092
-1419
-1766
-2167
-1337
-1185
-940
-1782
-1973
-1459
-1811
-1109
-1056
-483
-822
-942
136
506
482
290
406
30
-554
-467
284
-268
-1018
-1222
-142
333
-867
-983
-800
-329
-1720
-2341
-1563
-1659
-2692
-4294
-3578
-2904
-2883
-2582
-830
880
1176
808
1811
3290
3050
2715
2072
2960
2900
3577
4415
4697
5563
5666
6705
6097
4654
2902
1091
-280
-2121
-2854
-2546
-3328
-4065
-4994
-3916
-3263
-4380
-4390
-4183
-3312
-5236
-5666
-3854
-2419
-2346
-3240
-1225
769
1132
1388
2679
4416
3778
2328
2555
2839
2921
1991
1240
1046
731
1322
1410
911
651
114
-134
-787
-774
-398
-1488
-2259
-2743
-1892
-2133
-2414
-1106
-349
-412
-1246
241
1577
1188
318
556
1640
910
307
1031
2336
2665
1310
1715
2801
3401
2942
1553
2165
1258
947
-212
-254
981
-2
-54
-1115
-91
122
-439
-361
-1041
-955
-1751
-1595
-1048
-1347
-1389
-1385
-284
-61
-460
403
636
730
-308
-135
740
715
473
-124
441
694
447
293
505
721
399
104
288
564
11
-841
-1124
-1080
-1203
-1963
-1607
-1986
-2403
-3164
-3524
-2667
-3689
-3618
-4630
-3612
-3741
-3787
-2160
-1275
288
-275
1771
3086
3983
3569
3510
5517
5376
4687
4290
5304
5826
4455
5155
5548
4616
3419
1912
2916
320
-1062
-1893
-2472
-3131
-5879
-4286
-4516
-5040
-5999
-5681
-3673
-4771
-4503
-3514
-2654
-2528
-3725
-2388
-818
-276
567
933
2443
2974
2921
3435
3043
3538
2863
1446
1548
1528
2289
1323
439
920
429
157
-709
-164
-93
-1846
-2508
-2031
-1350
-1718
-2236
-911
-162
-556
-668
162
1591
1095
758
1132
1943
2133
1489
1676
2331
2688
2136
1807
2118
2412
1583
826
542
704
-81
-1093
-1051
-1050
-1338
-2005
-1100
-533
-853
-1383
-1025
-90
-147
-433
-396
335
583
473
576
1281
1623
1348
987
1517
2064
1666
867
539
807
159
-508
-730
-153
-192
-761
-821
-651
-865
-1510
-1409
-1337
-2036
-3008
-3014
-2735
-2904
-3007
-2381
-1663
-2227
-2998
-2785
-2069
-2433
-3376
-3065
-2267
-2017
-2335
-1276
498
1085
1148
2093
3536
3815
3449
3853
4282
3710
3160
3619
4789
4105
3616
4515
5676
5045
3274
3376
3391
1777
-595
-1285
-928
-2243
-4212
-4325
-3704
-4036
-5497
-5118
-3781
-3941
-4620
-4432
-2891
-2764
-3317
-2660
-1350
-642
-770
52
1568
1796
1906
2310
3011
3133
2505
2611
2442
2254
1705
1259
1265
622
123
-135
-502
-711
-972
-612
-909
-1332
-1258
-1068
-908
-1328
-571
64
124
-393
105
1257
1300
738
603
1604
1904
1382
1250
1560
1582
1168
802
1229
909
911
565
572
874
599
957
476
672
393
85
-29
-259
-176
-307
-39
348
-72
-187
342
706
690
-53
477
705
399
-150
-268
562
32
-665
-741
-220
-418
-1213
-1102
-680
-824
-1512
-1596
-1400
-1775
-2563
-2530
-2008
-2364
-2838
-2601
-2118
-2134
-2220
-1671
-1271
-1532
-1620
-1436
-1125
-1308
-1444
-1366
-1425
-1458
-1419
-980
-524
270
798
1324
2089
3106
3657
3857
4222
4394
4220
3983
4680
4808
4076
3509
4309
4940
4205
3394
3266
2768
1242
142
-34
-716
-2837
-4118
-4165
-3750
-4627
-5684
-5456
-4899
-4582
-5015
-4225
-2737
-2248
-2756
-2985
-1743
-447
-641
-694
0
1047
1164
687
1714
2465
2475
1701
1759
2605
2141
1736
1417
1306
836
-189
69
34
-189
-817
-956
-171
-614
-245
-298
435
656
518
724
391
1036
615
568
345
840
1544
1118
825
1196
1941
1925
1175
1510
1959
1708
1128
578
1341
1165
659
82
342
353
-144
-257
20
216
-604
-705
-616
-141
-813
-1097
-601
-502
-790
-1411
-495
-71
-588
-796
-295
281
-467
-1098
-825
-875
-1393
-2052
-1592
-1316
-1694
-1884
-1774
-1467
-1969
-1937
-1686
-1585
-1905
-1836
-1185
-1038
-1141
-892
-193
34
-147
-95
484
431
109
-218
-13
142
-174
-346
-343
-20
-142
-338
-61
752
1105
1396
1692
2384
2647
2637
2921
3033
3210
2888
3245
3171
2810
2497
2573
2689
2030
1410
1210
986
236
-558
-1061
-1120
-1831
-2596
-3253
-3185
-3267
-3852
-3932
-3534
-2991
-3067
-2825
-2117
-1332
-1233
-1077
-668
-299
-339
-217
177
264
451
598
810
766
994
1321
1486
1310
1110
1304
1324
1013
1029
1244
1175
800
784
1114
1017
899
820
1077
865
485
658
1151
1096
521
611
998
865
132
-10
485
592
-28
-238
290
644
142
-202
154
519
299
-321
-110
123
-46
-591
-530
-125
-279
-493
-576
-128
-268
-594
-497
-313
-112
-418
-423
-434
-798
-933
-1041
-928
-1070
-1308
-1246
-1091
-844
-867
-912
-837
-911
-1008
-1253
-1352
-1265
-1364
-1538
-1631
-1148
-946
-987
-747
-335
47
-152
18
363
586
414
455
814
702
430
194
296
-6
-234
-469
-438
-690
-1085
-854
-593
-366
-505
21
577
748
898
1686
2493
2586
2331
2608
3031
3045
2925
2835
3277
2814
2491
2375
2598
2269
1504
1359
831
328
-469
-723
-1264
-2060
-2578
-2758
-2647
-2987
-3124
-2898
-2599
-2574
-2528
-2161
-1654
-1489
-1330
-1092
-822
-657
-377
100
181
382
639
1148
1352
1223
1375
1588
1579
1318
1354
1396
1251
915
830
798
404
27
-29
98
-228
-495
-328
-264
-591
-881
-517
-123
-343
-812
-719
-153
-60
-337
-141
375
426
86
163
741
1033
794
760
1132
1308
1115
828
933
929
620
275
151
8
-342
-449
-437
-492
-825
-957
-901
-964
-1245
-1329
-1134
-1047
-1186
-1166
-962
-897
-886
-698
-316
-402
-432
-321
-181
-345
-508
-278
-319
-645
-866
-626
-429
-489
-480
-226
-103
-103
-34
184
121
18
208
135
34
-92
-35
-28
-324
-379
-220
-247
-449
-437
-182
-277
-309
-77
219
311
198
609
920
1010
989
1501
2059
1951
1764
2163
2794
2512
2225
2620
3051
2501
1930
1986
2094
1386
540
464
369
-411
-1374
-1216
-998
-1422
-2057
-1866
-1590
-1814
-2094
-2005
-1728
-1929
-1959
-1829
-1573
-1675
-1497
-1071
-938
-969
-766
-279
-24
-75
165
751
699
355
245
862
1000
472
382
692
729
152
13
330
271
-255
-504
-230
-111
-418
-326
171
390
142
278
874
833
391
377
919
978
419
338
881
1070
527
447
1262
1458
755
351
764
845
54
-295
-43
-13
-701
-1142
-806
-636
-787
-1020
-807
-557
-726
-787
-747
-494
-424
-620
-798
-741
-462
-466
-585
-607
-407
-398
-537
-515
-525
-636
-773
-765
-696
-886
-983
-770
-587
-499
-601
-327
-111
-82
-125
-2
341
336
314
335
565
630
515
462
663
730
722
629
469
451
472
633
471
429
419
584
568
510
647
827
854
711
843
951
1023
791
903
1130
1308
1173
1037
1136
1195
1100
792
756
644
527
319
353
270
72
-168
-120
-157
-522
-837
-966
-923
-1293
-1367
-1486
-1582
-1892
-1972
-1888
-1991
-2089
-2173
-1935
-1868
-1833
-1632
-1065
-914
-926
-725
-181
172
155
312
653
989
919
959
1036
1134
1010
956
884
820
837
874
943
870
950
1021
958
795
832
855
844
610
588
585
487
467
402
505
281
216
177
191
54
-51
18
-66
-145
-372
-408
-416
-481
-571
-604
-588
-551
-672
-711
-687
-659
-639
-705
-652
-728
-612
-550
-519
-551
-533
-421
-444
-568
-644
-543
-543
-602
-707
-604
-536
-471
-526
-477
-230
-107
-65
-85
36
101
164
101
153
334
543
582
554
729
857
956
772
697
771
666
456
335
385
411
421
546
635
570
595
769
832
614
535
616
548
233
130
287
257
38
-32
284
330
179
33
197
242
81
124
163
186
13
67
102
146
150
196
259
127
0
-58
-108
-437
-719
-764
-729
-1042
-1393
-1399
-1273
-1398
-1594
-1532
-1303
-1320
-1531
-1436
-1196
-969
-918
-657
-318
-62
56
268
644
898
1037
1173
1379
1389
1382
1310
1410
1338
1187
1036
980
1007
751
645
502
570
426
231
137
3
69
-40
-80
-96
-90
-123
-195
-171
-135
-216
-311
-287
-227
-267
-369
-333
-194
-147
-341
-361
-288
-339
-566
-667
-564
-570
-797
-910
-726
-708
-761
-800
-548
-309
-298
-420
-378
-175
-148
-170
-161
5
-14
-33
5
107
138
101
150
199
245
126
136
199
166
90
129
365
443
276
228
366
512
384
305
477
697
710
465
524
635
664
553
535
680
673
470
322
440
386
216
66
120
28
-264
-470
-481
-384
-539
-561
-420
-330
-411
-438
-238
-99
-92
58
274
369
265
319
567
631
600
532
725
678
487
441
489
431
186
52
-37
-176
-430
-615
-816
-881
-1110
-1221
-1317
-1324
-1307
-1321
-1120
-1053
-796
-719
-517
-399
-239
-68
-22
22
77
223
261
350
354
543
708
774
627
633
760
842
672
479
618
622
414
125
244
325
187
-65
-56
102
38
-148
-123
11
-19
-131
-220
-114
-248
-300
-333
-285
-305
-408
-334
-353
-375
-386
-310
-295
-348
-380
-240
-50
-24
-116
-7
190
191
100
94
188
209
157
129
127
79
43
-45
-56
-133
-139
-149
-227
-252
-262
-156
-232
-301
-302
-188
-131
-154
-82
13
129
170
282
389
438
428
517
631
607
596
716
830
720
606
586
585
419
177
182
199
22
-177
-138
-10
-177
-358
-294
-149
-255
-354
-186
8
105
33
142
231
247
262
315
370
257
248
289
309
178
56
40
-15
-126
-224
-174
-168
-341
-465
-466
-499
-588
-674
-685
-739
-783
-708
-592
-523
-525
-385
-168
-140
-167
-59
138
156
44
75
168
199
47
12
105
42
-50
-119
12
52
-45
-13
28
98
43
-26
-41
-71
-82
-60
-17
0
-43
-18
129
128
92
114
167
180
142
218
292
291
202
135
136
171
215
187
147
138
132
115
81
89
130
129
29
-72
-55
-69
-114
-113
-64
-90
-170
-197
-191
-173
-230
-226
-193
-158
-167
-184
-143
-109
-133
-155
-114
-91
-41
-41
32
81
108
89
52
117
100
148
159
224
314
335
355
313
374
464
496
433
371
390
326
215
130
143
132
-25
-88
-73
-49
-47
-129
-161
-127
-68
-84
-110
-22
-58
-115
-84
7
111
128
199
236
276
247
201
212
194
209
186
107
65
23
-82
-240
-377
-382
-477
-574
-625
-592
-605
-701
-713
-688
-550
-467
-379
-317
-230
-132
-73
0
48
93
73
110
118
97
110
135
139
43
4
35
-7
-88
-122
-125
-192
-250
-243
-209
-171
-153
-152
-130
-61
9
17
12
129
256
313
299
342
506
506
423
440
541
548
433
369
302
241
169
79
35
6
-28
-62
-95
-123
-135
-171
-178
-196
-210
-160
-145
-142
-143
-97
-79
-5
79
93
122
94
98
123
145
97
69
77
9
-60
-69
-44
-104
-184
-193
-110
-104
-152
-97
-36
-24
-44
-41
8
25
16
94
175
215
244
307
383
367
390
450
483
508
456
451
468
382
276
196
134
16
-88
-162
-229
-259
-294
-309
-312
-293
-240
-213
-235
-247
-233
-214
-232
-246
-219
-187
-193
-215
-192
-133
-119
-122
-88
-83
-106
-190
-197
-175
-243
-302
-303
-285
-318
-317
-275
-198
-195
-220
-184
-136
-121
-149
-139
-113
-88
-73
-36
6
3
19
61
95
102
79
58
26
-11
19
34
32
42
56
126
154
168
224
326
372
390
413
437
436
393
385
339
300
244
253
237
133
120
103
96
38
-28
12
19
-41
-98
-68
-86
-133
-115
-142
-123
-104
-90
-40
-33
-9
51
73
44
65
142
167
149
169
202
191
134
104
107
79
-9
-80
-82
-124
-208
-211
-216
-253
-263
-260
-226
-209
-210
-240
-158
-109
-129
-78
-32
37
18
26
64
117
152
137
185
185
180
166
181
212
175
146
95
22
-27
-66
-105
-133
-172
-197
-213
-225
-183
-165
-132
-95
-92
-37
-54
-57
-35
-38
-5
-24
-3
32
46
39
53
99
93
74
15
6
-10
-72
-116
-129
-145
-149
-130
-154
-114
-100
-93
-53
-47
-47
-61
-44
-69
-89
-85
-85
-55
-86
-60
-22
-21
-36
-30
5
23
40
-1
-13
-26
-29
-43
-5
15
9
74
100
113
116
135
157
189
184
209
215
195
168
161
170
103
96
132
150
127
97
94
97
78
57
46
49
44
25
0
26
33
15
37
41
53
28
77
86
112
97
38
69
51
53
7
11
37
37
4
-20
-15
-10
-32
-65
-76
-98
-101
-134
-174
-175
-149
-224
-217
-197
-206
-180
-170
-63
-46
-43
3
9
18
42
42
21
2
32
48
23
30
15
4
-22
-48
-62
-81
-75
-68
-109
-130
-113
-108
-91
-99
-49
-11
-28
-4
23
67
52
57
91
87
97
96
97
95
89
78
73
53
47
20
-35
-49
-57
-84
-88
-94
-108
-119
-126
-133
-145
-87
-96
-113
-72
-21
-3
-17
40
35
-7
-7
-6
-4
-5
6
45
48
57
63
46
36
32
58
34
9
6
24
25
12
9
25
56
19
46
86
112
112
85
90
111
130
78
83
101
127
123
69
75
66
71
95
116
140
142
108
107
102
75
64
18
0
-5
-31
-42
-23
-26
-54
-35
-44
-66
-80
-99
-80
-75
-114
-105
-68
-76
-89
-76
-32
-16
-8
-8
-47
-65
-64
-74
-59
-78
-102
-93
-83
-109
-119
-84
-86
-44
-41
-38
-29
-17
-4
3
19
10
24
-8
2
23
38
45
39
89
112
99
100
100
77
31
15
-20
-55
-44
-46
-48
-53
-53
-13
22
0
-2
20
0
-24
3
8
10
1
7
9
16
30
7
22
3
10
-16
-47
-62
-73
-92
-136
-133
-128
-99
-97
-93
-75
-49
-39
-31
-34
-24
-15
-3
1
33
84
76
115
148
166
145
138
102
72
47
10
-23
-86
-112
-132
-136
-141
-92
-84
-33
25
18
34
41
62
105
116
127
169
169
167
153
176
154
155
172
140
95
102
150
94
67
44
31
0
-50
-59
-69
-80
-101
-90
-84
-64
-66
-83
-48
-17
24
44
28
47
48
18
4
1
-13
-39
-53
-51
-59
-44
-48
-43
-37
-27
-20
-91
-98
-114
-98
-85
-82
-47
-68
-63
-54
-41
-56
-41
-32
-14
41
70
67
54
81
99
72
57
90
75
53
35
11
-13
-59
-89
-127
-162
-172
-151
-135
-111
-107
-88
-72
-47
-3
41
88
75
82
91
101
81
75
110
125
109
89
85
76
64
0
-22
-83
-117
-136
-212
-235
-249
-224
-250
-249
-216
-190
-123
-94
-49
-15
17
57
98
130
139
176
175
168
199
190
151
114
113
88
39
9
-5
-6
-28
-39
-30
-16
-22
2
42
46
75
87
76
91
113
128
106
94
120
120
111
92
93
93
93
88
62
68
74
12
-11
6
-19
-4
-25
-3
13
7
23
-1
15
33
43
54
62
57
61
60
48
25
0
-13
-40
-56
-71
-110
-133
-142
-173
-196
-199
-180
-168
-165
-152
-136
-110
-81
-60
-49
-27
-25
-16
-9
-20
-12
-23
-9
-17
-27
-18
-34
-52
-85
-80
-53
-61
-92
-73
-74
-98
-88
-58
-46
-76
-53
-27
-25
-31
-27
-6
0
19
49
54
46
58
66
75
61
41
51
54
49
31
19
12
18
28
32
32
33
44
39
42
52
22
-15
12
20
4
-11
-17
11
2
16
33
31
54
66
72
76
100
102
92
121
101
102
112
105
113
75
60
63
44
19
39
18
-8
-1
-3
13
-3
1
-9
3
36
18
31
3
0
28
19
23
36
32
17
30
10
-6
-10
-19
-23
-29
-5
-9
1
-13
-30
-38
-49
-21
-42
-31
-22
-3
-13
-45
-3
13
3
-29
-29
-33
-32
-37
-74
-83
-120
-104
-92
-97
-88
-97
-95
-112
-122
-126
-102
-108
-106
-92
-94
-72
-89
-45
-47
-45
1
-21
-3
-15
-31
-28
-15
-15
-39
-38
-29
-2
4
12
-10
-11
18
3
-10
-9
18
13
3
14
35
48
41
53
56
74
77
79
79
55
88
95
63
98
108
62
73
85
60
49
15
25
23
-7
-18
-4
25
7
12
28
48
64
76
82
82
107
108
105
114
109
102
78
67
81
47
20
27
3
-4
-39
-65
-67
-83
-68
-89
-70
-74
-72
-75
-91
-55
-63
-32
-7
2
23
38
58
59
41
50
76
60
59
47
32
-9
-27
1
-10
-1
-22
-49
-53
-62
-66
-67
-44
-38
-46
-29
-9
-13
9
21
15
12
-10
-9
-11
-29
-35
-55
-61
-70
-72
-67
-92
-82
-102
-84
-68
-92
-73
-92
-114
-115
-91
-82
-64
-46
-49
-42
-23
-25
-48
-44
-59
-37
-27
-15
21
6
2
11
15
19
21
35
33
13
10
6
-10
-14
11
7
6
15
39
65
66
69
79
106
99
78
101
87
81
88
89
105
105
116
120
128
113
104
85
79
56
43
31
-2
6
-23
-28
-27
18
13
-9
12
9
10
12
41
34
47
38
34
29
8
32
38
29
19
38
60
56
25
0
-9
-19
-29
-51
-62
-82
-102
-101
-114
-112
-80
-55
-51
-19
-6
-11
2
-18
-19
-15
-18
-9
-18
-29
-31
-6
4
-3
7
-16
-35
-51
-56
-53
-50
-31
-38
-35
-53
-63
-63
-69
-82
-89
-54
-47
-54
-33
-19
-6
29
23
13
-12
7
13
-15
7
-10
-15
-10
-5
-27
-35
-25
-20
-5
-25
-29
-38
-29
-28
-25
-17
-28
9
24
1
7
22
18
16
34
31
20
30
23
30
20
1
23
16
13
19
5
4
6
3
28
69
67
44
67
72
53
75
111
79
67
76
43
76
78
61
50
36
29
32
37
23
18
-8
18
32
40
31
22
35
31
33
20
26
14
9
13
30
11
1
0
-4
10
23
46
29
23
7
17
14
-17
-28
-33
-20
-25
-48
-40
-36
-55
-44
-59
-60
-63
-76
-72
-84
-79
-68
-69
-69
-75
-72
-59
-76
-55
-48
-44
-28
-35
-25
-53
-29
-22
-28
-7
-19
-23
-24
-7
-11
-32
-28
-25
-68
-83
-44
-7
-25
-40
-40
-26
1
-11
-22
-19
6
-1
34
41
12
17
10
4
11
47
54
48
63
64
51
41
39
28
3
29
47
45
45
34
37
37
49
50
48
51
45
36
30
7
-4
10
9
10
5
12
21
25
35
27
28
37
26
24
38
39
32
16
2
6
3
-2
-22
-1
-12
-29
14
-5
-12
-11
10
16
-6
-6
-23
-12
-34
-28
0
15
26
20
27
15
4
-3
-15
-25
-19
4
-3
-15
-8
-8
1
-18
-5
-2
-13
10
10
10
26
41
18
23
19
7
-23
-41
-6
-21
-11
-3
-30
-52
-43
-50
-70
-38
-11
-12
-16
-36
-24
-51
-59
-42
-62
-29
-28
-9
-38
-29
-3
-35
-25
-22
-23
-12
-1
-24
-16
-15
-19
-22
-3
12
-3
5
3
14
32
11
-6
3
13
10
6
38
31
44
25
18
32
37
31
4
19
5
15
-9
-3
19
25
34
19
17
1
5
2
-7
8
8
-3
10
1
12
3
-1
0
-3
7
4
28
42
28
2
-10
3
-7
-11
11
13
-1
2
19
0
3
-4
7
9
1
46
39
12
-6
16
19
0
-8
-2
-3
-12
-1
-8
10
6
-1
-13
-15
12
22
25
25
47
50
57
50
18
27
18
6
12
13
22
24
3
0
6
1
-23
-49
-39
-41
-44
-58
-56
-40
-30
-37
-43
-33
-36
-36
-46
-63
-66
-61
-65
-41
-40
-56
-53
-41
-18
-25
-32
-41
-34
-7
-10
-17
10
3
-9
3
29
48
42
52
37
36
54
48
25
16
25
23
12
12
26
42
13
-7
11
18
16
4
1
-17
-16
8
1
-7
-18
-30
-32
-35
-38
-9
7
4
4
20
23
12
15
17
-2
-11
16
17
22
30
-5
-21
1
8
9
10
13
6
8
14
19
13
-3
8
-7
-15
-6
8
5
-3
4
-3
2
4
0
-2
-21
-20
-3
12
16
-4
8
1
-2
6
3
2
3
9
10
29
35
30
7
-6
-9
-12
22
29
5
18
14
7
11
20
10
-17
5
7
9
-9
-11
1
-2
9
7
3
-3
4
-7
2
6
4
-11
-32
-37
-42
-25
-16
-4
-24
-47
-36
-23
-9
-10
-7
-9
-30
-44
-47
-54
-41
-12
11
4
8
9
-6
-4
13
23
11
24
11
12
44
53
51
48
48
16
-4
-18
-19
-2
-5
-7
-18
-29
-37
-32
-21
-22
-10
-16
-15
-19
-11
-34
-44
-19
-27
-26
-12
-3
1
20
16
34
19
19
22
-7
-3
4
19
4
0
-2
-1
14
24
8
-3
2
-4
-4
-14
-31
-35
-19
-4
-1
-7
1
3
25
44
24
27
1
-6
-3
2
24
15
10
14
10
22
22
11
19
10
10
28
28
10
6
6
6
2
12
14
4
10
0
14
23
16
23
19
26
8
31
37
14
26
4
10
13
16
-14
-21
-6
-11
4
19
50
40
62
52
35
29
22
30
11
23
5
-20
-27
-21
-14
-22
-18
-9
-22
-15
-23
-40
-32
-47
-67
-90
-102
-100
-92
-82
-72
-57
-38
-33
-38
-41
-50
-45
-38
-45
-47
-43
-52
-67
-63
-55
-41
-40
-34
-22
-41
-15
5
9
9
10
21
34
59
62
90
64
60
65
35
33
36
48
49
46
41
41
39
31
15
32
37
16
31
19
6
6
1
16
34
41
22
25
32
14
8
-3
-4
-16
0
4
-19
-25
-14
-7
-5
-9
0
1
-29
-20
-21
-2
5
-3
4
0
5
-1
12
14
20
51
42
19
27
30
12
3
2
-7
-14
-23
-12
10
34
53
48
54
25
26
14
-13
-2
-10
0
2
6
13
1
4
26
14
13
18
19
17
-9
-1
-10
-17
-28
-38
-6
-12
-17
-30
-20
-8
-17
-19
-29
-29
-51
-45
-40
-30
-24
-45
-66
-68
-75
-76
-50
-53
-47
-43
-32
-29
-37
-45
-40
-34
-41
-23
-29
-28
-21
-10
-10
-13
-4
-12
-9
-12
-2
-3
-3
5
6
23
11
10
10
8
10
15
37
59
69
72
70
54
55
51
34
32
31
26
14
29
32
20
38
35
38
48
40
32
28
39
33
28
47
37
13
12
25
27
23
39
33
23
13
-1
6
-11
-23
-12
-16
-23
-31
-25
-15
-34
-40
-23
-25
-15
-3
-12
-10
-27
-25
-11
0
8
1
-1
-1
38
28
15
6
-2
9
16
25
12
11
22
23
-9
-14
-12
-6
3
1
3
-25
-38
-9
3
-16
-22
-37
-29
-14
-3
-11
-23
-2
-18
-27
-15
-13
-22
-20
4
-3
-11
-1
-10
-15
-20
-23
-30
-19
-14
-16
-26
-39
-28
-28
-10
-21
-18
-15
-22
-19
-25
-13
-14
-24
-35
-28
-19
-16
-14
-11
-13
5
9
-2
-1
7
-3
-10
6
-1
2
0
4
22
11
-8
-2
0
-9
3
10
2
4
32
41
29
28
42
25
19
18
36
50
43
60
51
58
63
63
47
61
54
42
51
30
48
24
22
-2
-11
20
16
42
42
41
46
43
57
32
19
34
13
2
3
2
-6
4
8
-11
1
-15
-23
-20
-32
-19
-28
-29
-32
-53
-28
-35
-50
-32
-43
-42
-48
-32
-28
-42
-38
-44
-29
-40
-37
-26
-44
-51
-44
-24
-4
-13
-17
-12
-38
-26
-22
-19
5
-5
-7
7
6
-7
-7
0
-7
-14
-11
-13
-10
-24
-18
0
-1
11
3
-6
2
-1
6
5
-18
-22
-16
-6
-7
-21
-29
-24
-19
-31
-13
-4
11
3
7
13
0
19
1
-4
-3
0
7
16
32
29
23
38
51
30
0
-7
-4
17
35
29
45
47
50
44
39
42
32
25
7
18
19
7
27
55
50
51
47
25
28
29
46
29
26
33
23
18
19
28
10
28
56
48
33
14
-2
2
-10
-23
-20
-13
-15
-16
-7
-6
-9
-20
-20
-35
-41
-30
-17
-12
-20
-39
-44
-32
-34
-19
-25
-55
-59
-58
-73
-61
-47
-51
-51
-52
-41
-26
-34
-24
-19
-35
-21
-23
-10
-18
-18
-1
-17
-21
-34
-20
-6
-3
0
-10
-13
-13
-27
-29
-11
-11
-12
2
13
10
9
-4
0
7
13
19
6
15
63
69
29
32
34
17
32
31
16
15
10
5
-3
3
6
3
-2
4
16
12
33
35
39
51
48
59
48
37
38
29
39
42
16
-4
-1
0
-6
3
2
4
1
-7
-2
12
8
12
17
-6
-7
-13
-4
4
11
9
-8
-16
1
-2
-3
3
3
28
14
38
42
34
28
7
16
-2
-13
-15
-22
-31
-51
-66
-38
-36
-33
-33
-44
-30
-45
-22
-17
-25
-19
-15
-10
-29
-31
-40
-44
-31
-32
-9
6
10
23
16
10
-12
-29
-7
-27
-35
-31
-19
-3
-25
-8
-12
-28
-46
-46
-6
-13
-1
36
38
42
25
33
44
18
10
1
11
5
15
21
0
4
-7
-6
-9
2
23
23
43
53
41
48
41
9
-1
-3
-10
-15
19
31
41
46
26
37
30
29
15
11
33
25
28
28
21
-6
-12
-12
-32
-45
-57
-31
-13
-16
-18
-15
-9
-22
-30
-13
-22
-16
-3
-33
-23
-25
-20
0
-7
-13
0
-2
-9
4
-2
11
5
-9
-12
-24
-15
-13
-6
-1
3
-3
-19
-18
-24
-28
-21
-23
-15
-3
20
48
55
56
41
35
39
48
50
42
26
22
28
6
3
0
-14
-10
-7
0
9
7
13
12
3
4
5
9
-23
-14
-3
4
-4
-12
10
-12
-14
-11
9
-1
1
9
-14
-3
3
-17
-41
-32
-43
-40
-44
-34
-24
-32
-22
-15
-3
-2
-1
-8
-1
-7
-13
-3
1
8
20
3
-2
5
-10
-6
-23
-15
7
-2
12
27
31
43
29
15
12
16
12
20
19
6
-7
0
6
-12
3
8
17
20
44
41
22
22
4
-3
5
10
-1
14
2
-7
6
4
-7
-14
-22
-29
-30
-27
-3
-13
-3
9
1
-6
-3
0
-5
-7
-12
3
-17
-23
-26
-20
-11
-32
-14
12
0
-9
-7
-8
6
2
4
7
9
22
6
-2
4
3
-9
-18
-17
-22
-14
8
22
19
31
31
19
15
20
19
13
23
15
16
15
3
18
19
13
23
30
25
33
44
30
35
32
4
-7
-25
-22
-16
-21
-16
-16
-9
-13
-23
-19
-30
-18
-19
-16
-3
-13
-7
-12
-16
-6
-16
-32
-42
-44
-37
-39
-41
-42
-16
-16
-13
-3
-12
10
7
7
22
16
-15
-7
16
15
5
-5
-1
-5
16
12
10
26
23
30
17
6
3
2
13
2
-2
5
10
12
7
3
9
2
-9
-4
1
3
-13
-13
-8
-16
-25
-8
-1
-13
5
3
-10
-15
-6
-1
-1
7
10
1
9
26
26
14
9
0
7
15
6
26
24
12
3
19
29
16
10
17
27
10
6
9
7
-10
-11
-9
0
-8
-12
-9
-12
-6
-8
7
-3
-1
3
3
1
0
-2
6
-6
-10
4
-6
7
-5
-4
-27
-26
-1
-10
3
-3
6
-6
-16
-19
-28
-21
-22
-10
-19
-12
-3
0
17
12
6
9
20
28
32
28
37
41
28
15
-3
-8
-8
-31
-41
-32
-25
-12
-3
-1
-2
10
-9
-13
0
-10
-3
-22
-26
-19
-22
-35
-33
-16
-27
-32
-32
-21
-13
-15
-13
14
14
3
31
25
4
7
14
-8
10
17
13
15
-11
-3
4
14
25
21
28
23
18
37
33
27
16
3
1
0
16
26
19
9
9
9
10
15
13
-6
-2
0
-7
-9
-23
-4
-6
-16
-16
-10
-12
-15
2
-22
-19
-7
14
24
16
12
-4
-12
-20
-6
-6
-8
7
9
-6
7
12
4
-13
-14
0
-12
-12
-7
9
18
18
12
31
29
4
-12
-22
-8
6
28
29
22
21
13
4
5
-7
-4
1
4
13
8
3
-9
-4
-19
-23
-28
-18
-13
-19
9
-3
-24
-12
-12
-22
-40
-31
-11
-28
-10
-7
-10
-11
-25
-26
-33
-25
-19
-6
-3
-3
0
10
5
-3
1
-1
3
6
6
-1
15
35
20
6
11
18
-1
8
24
4
-3
1
-3
-1
9
1
-14
-13
13
16
3
13
13
20
10
22
24
8
11
-3
8
7
10
10
-3
-8
-2
12
-1
3
13
11
20
3
9
8
0
9
2
6
-4
-4
8
7
-5
-12
-5
-9
-20
-18
-19
-8
-15
-24
-10
-26
-22
-19
-22
-35
-29
-9
-18
-22
-10
5
-7
9
21
29
22
18
28
20
41
43
50
47
23
24
11
-6
3
0
-6
-9
-5
-5
-8
-1
-2
-8
-12
4
16
19
5
14
19
5
10
-4
-6
-17
-18
-13
-20
-15
-23
-23
-21
-28
-29
-38
-32
-40
-52
-40
-48
-19
-28
-17
-3
-15
1
-11
-5
2
-1
3
16
17
15
19
34
38
16
14
6
4
-2
-19
-15
-17
-5
4
-7
-4
-17
-12
-4
12
17
25
30
6
10
9
20
16
20
17
14
18
16
28
3
18
12
0
10
21
19
-9
9
3
9
7
-3
8
3
16
-3
-7
0
-3
8
7
1
4
18
26
38
28
23
22
14
8
3
3
-15
-4
4
-4
-1
-13
-6
-2
-9
-24
-14
2
-17
-26
-30
-29
-25
-36
-38
-38
-48
-54
-32
-22
-30
-34
-44
-32
-35
-24
-17
-37
-14
-13
-17
-21
-11
3
-4
16
16
16
24
31
30
26
36
40
48
43
48
40
21
23
14
16
32
23
19
23
21
15
6
8
7
19
15
4
9
2
-11
1
4
-6
-15
-33
-16
-10
-27
-28
-30
-25
-28
-26
-29
-24
-1
-7
4
11
-1
-3
-5
-9
4
3
0
0
6
9
0
23
14
4
24
26
7
22
2
-5
8
-3
8
-13
-4
-15
-9
1
-16
-16
-18
-3
-9
-5
6
10
4
10
16
1
-6
-2
-9
-3
-16
-29
-7
-22
-28
-7
-17
-13
16
12
-4
-3
5
4
13
9
-11
-1
10
15
15
20
23
32
26
25
43
41
31
32
41
31
38
27
15
12
-3
-7
-20
-6
1
-17
-24
-16
-24
-34
-30
-35
-36
-19
-12
-15
-7
-6
-11
-23
-27
-41
-39
-27
-26
-6
3
6
7
6
-4
-5
-6
8
16
0
10
21
20
3
-11
-12
-3
-4
2
9
-2
2
3
3
-7
-2
7
-7
-15
-15
-10
2
6
10
16
0
-3
-3
-16
-29
0
8
-8
0
-3
-3
-2
2
6
12
-7
2
4
2
1
3
18
12
14
9
13
11
14
18
16
35
58
37
35
33
28
33
