-53
-39
-18
-38
-44
-44
-41
-22
-22
-12
4
27
4
-22
-13
-17
-21
-14
7
-9
-16
-5
-1
1
15
19
6
24
18
-3
8
24
36
19
-1
14
31
7
-26
-14
-1
-4
-9
-29
-29
-21
-16
-19
-25
-22
-5
3
9
29
22
13
2
7
37
46
18
16
38
28
28
32
14
1
29
20
8
11
36
33
-4
12
5
10
-3
3
7
-14
0
4
6
6
6
-17
-25
-8
-22
-32
-31
-38
-20
-35
-44
-32
-37
-16
-10
3
-18
-24
-19
9
10
4
-5
-18
12
-8
5
3
5
0
17
28
-2
5
3
-2
-3
-1
11
20
0
-12
9
23
0
-21
-30
-10
-16
-36
-29
-9
5
-9
7
6
12
-3
-7
4
11
25
2
12
29
20
9
9
8
13
-9
-14
-21
-19
0
-25
-27
-15
10
6
13
11
7
22
17
14
21
34
27
35
25
22
8
13
21
25
42
25
24
24
6
-6
6
20
18
-8
1
1
-13
-13
-12
-6
-10
-12
-18
1
-3
-8
-3
0
3
3
-17
-41
-39
-23
2
-7
-19
-34
-34
-35
-36
-27
-24
-35
-46
-31
-18
-25
-19
-19
-36
-23
-3
-10
-28
-18
-16
-13
-22
0
3
3
26
23
34
17
32
35
34
50
48
36
21
10
18
31
26
21
17
32
19
28
13
-16
-13
-2
28
21
20
29
51
46
33
23
13
-6
-40
-23
15
4
-21
-45
-65
-29
-3
-6
-3
9
22
38
42
49
32
7
-2
0
30
48
3
-21
-20
-13
9
-9
-27
-52
-47
-54
-36
-31
-47
-59
-67
-25
-26
-59
-94
-69
-16
7
14
29
25
7
2
17
30
28
3
-51
-38
0
25
17
-6
-18
-19
-3
-1
-10
-35
-41
-17
-2
19
19
-9
-10
-8
25
54
44
39
41
68
78
44
26
25
9
31
55
38
19
-11
-22
-6
11
-1
-29
-40
-38
-12
0
16
4
1
41
65
92
73
37
20
43
49
27
-5
-23
-22
-36
-9
7
-31
-81
-93
-56
-22
-16
-8
-30
-20
11
16
12
-22
-24
0
31
47
28
0
-22
-5
28
31
-6
-85
-97
-65
-48
-9
-29
-85
-102
-62
-6
13
3
-20
-14
6
44
74
44
3
-2
19
51
66
35
17
8
1
18
15
1
-35
-61
-40
7
-3
-51
-69
-29
12
27
44
-19
-33
1
22
57
51
26
5
8
15
32
39
10
-9
-16
-29
-1
14
-4
-27
-22
-14
-23
-35
-19
13
30
47
44
56
44
40
43
59
69
42
39
34
26
11
-1
-31
-28
-11
-22
-12
-20
-33
-23
13
4
9
29
7
-33
-69
-39
-30
-20
-43
-63
-20
-4
-37
-47
-8
-8
-2
-5
-13
-5
6
-9
-6
29
28
7
-4
11
31
20
-13
-7
14
25
19
12
12
13
24
11
12
10
-4
-21
-21
-4
5
-5
-14
-23
-29
-4
-6
-20
2
6
-15
-30
-27
-3
0
-20
-26
-7
4
-10
-32
-19
13
-26
-39
-17
19
25
13
5
-13
24
20
1
2
16
29
16
22
35
14
11
10
-18
-7
-11
-20
-12
4
26
41
37
19
1
-1
10
16
12
0
4
10
28
29
24
21
8
33
43
51
46
15
13
1
2
14
9
-9
-4
-3
-5
3
-13
-29
-23
-17
-54
-48
-56
-39
-35
-61
-16
-7
-21
-47
-39
-15
4
-18
-45
-13
9
10
-14
-19
-13
-3
-10
0
6
-6
-9
-20
1
-1
-19
-13
-12
-16
-4
4
1
-14
-7
22
35
19
13
36
44
44
41
50
48
19
18
25
50
49
16
32
44
37
45
27
-8
-3
-13
-36
-17
0
-32
-35
-24
-12
-8
-39
-32
-41
-33
-31
-41
-27
-21
-13
-2
3
8
11
9
19
19
27
12
6
0
14
35
33
32
26
31
4
0
1
2
7
-19
-38
-33
-10
-20
-25
-22
-14
-10
-28
-9
3
1
-15
-13
-16
-36
-21
-13
-17
-22
4
11
0
2
5
11
20
20
16
25
11
8
16
22
6
4
14
-16
-7
13
9
-6
-16
-16
-16
-10
-17
-2
-3
-12
-26
-28
-6
-17
-9
-3
5
19
-7
-5
3
8
13
-6
10
25
19
30
18
12
18
9
11
12
1
-4
6
7
21
20
3
16
16
20
26
22
19
5
6
3
1
15
22
19
21
3
-7
2
-21
-26
-22
-12
-9
-16
-12
-10
-21
0
5
0
7
-13
6
-2
-3
8
-2
1
-13
-25
-28
-26
-27
-18
-41
-41
-26
-18
-15
-51
-48
-16
-35
-41
-15
-25
-13
1
-10
-4
3
6
11
16
19
38
40
49
53
54
44
4
21
15
7
-3
-12
6
8
-10
-22
-3
-6
-10
-23
-16
-22
-29
-9
-13
-10
-5
16
6
3
16
21
26
29
33
20
19
16
29
53
35
4
1
-9
-8
-14
2
13
-2
6
-3
8
-1
-19
6
27
26
24
35
38
25
6
20
30
25
1
-7
-5
-4
3
-9
-19
-22
-22
-26
-33
-28
-22
-40
-31
-17
-24
-28
-24
7
-5
-13
-7
-8
-3
0
-13
-25
-1
-5
-10
-9
-23
-8
-13
-14
0
-1
-1
-3
7
-15
-18
-16
-26
-22
-23
3
-7
11
16
-5
0
0
13
18
4
14
29
10
6
-6
-3
-18
-40
-19
-14
0
1
-4
-8
-9
-6
11
16
5
3
23
45
16
32
54
51
43
29
47
36
29
24
35
46
50
64
46
54
27
27
34
11
22
10
-6
-4
-3
-5
-4
-28
-44
-33
-31
-19
-16
-44
-31
-12
-16
-20
-38
-39
-34
-28
-37
-44
-48
-48
-40
-40
-28
-69
-88
-63
-52
-30
-35
-33
-20
-10
7
3
21
15
-9
5
15
36
33
22
29
16
36
47
54
42
18
49
61
60
61
46
11
10
16
29
41
13
-6
-5
3
4
16
7
-19
-18
-9
-16
-13
-20
-32
-26
5
44
8
-3
4
0
6
2
13
-17
-19
-17
-15
-10
-27
-39
-35
-28
-31
-36
-53
-42
-2
3
9
21
6
34
24
34
29
10
34
7
16
15
22
0
-13
-13
-16
-4
-31
-34
-43
-29
-10
-25
-15
-8
-22
-8
5
6
27
19
13
32
46
56
54
32
27
7
5
20
13
7
-10
12
21
20
-1
-45
-51
-23
-17
-41
-33
-21
-1
-10
-13
4
10
16
-9
13
32
20
7
-7
-1
-1
-9
-10
7
10
20
23
7
-6
-19
9
0
-2
1
-15
-20
-22
3
-5
8
-6
-21
-6
-3
-6
-13
-7
-13
-1
9
9
6
14
5
-9
6
14
3
-18
-12
-1
-1
-4
6
-9
-21
-22
-1
20
19
12
1
10
16
13
17
35
6
13
27
27
10
-18
-6
-13
-18
-20
1
4
4
-10
-16
0
-2
-11
-24
-12
-6
-14
-4
-1
-9
-15
-16
-12
-6
11
6
-18
-28
-13
4
23
25
-15
-28
15
41
7
12
12
7
23
26
31
13
-5
7
3
10
27
0
1
1
9
15
-4
3
-1
-8
-31
-28
-13
2
3
-6
-4
-15
14
33
19
10
-2
-6
6
9
9
12
-12
-22
13
28
10
4
-8
-17
-15
-23
-45
-47
-32
-35
-15
-21
-20
-8
-16
-23
-15
2
-8
-3
-9
5
0
-9
-7
-7
8
-19
-33
-7
7
0
-14
-32
-28
0
5
-9
-16
0
6
8
34
34
26
25
28
37
44
46
19
-3
12
30
34
37
37
31
43
48
26
19
25
25
12
-2
22
38
13
12
26
29
34
6
-14
-17
1
4
6
6
-12
-25
-44
-18
-21
-38
-17
-21
-36
-27
-25
-49
-64
-68
-48
-47
-57
-60
-55
-28
-32
-23
-25
-20
-1
3
6
0
3
-19
-19
-25
-4
9
-28
-33
-16
10
-3
-2
-11
-27
-8
14
17
3
6
10
38
51
45
40
40
42
32
44
45
22
10
0
11
32
26
35
44
25
24
29
29
35
12
2
23
28
38
19
-7
13
6
-6
3
-4
-27
-31
-25
-14
-18
-18
-7
-26
-10
-12
1
-7
-23
-10
-2
24
9
2
-3
-3
-5
-6
-8
-10
-16
-6
6
16
32
13
9
-5
-7
-10
-6
-2
-9
-8
-20
-13
-5
1
10
-19
-32
-24
-19
-2
-45
-54
-51
-37
-18
-32
-35
-23
-3
-20
-14
-28
-32
-2
9
19
20
31
29
26
49
55
43
31
33
52
56
54
30
36
15
-5
19
-5
-19
-22
-31
-28
-2
7
-11
-6
-2
-18
-21
-14
-11
-31
-23
2
-16
-16
-5
-15
-14
9
-2
-7
-15
-27
-3
-10
2
-13
-7
17
20
35
25
9
0
17
27
31
24
25
10
-3
14
20
26
-9
-5
-16
-3
11
-4
16
6
-6
-20
-14
3
-4
-16
-20
-11
18
28
18
9
22
16
1
10
-3
10
13
12
39
27
13
6
-3
10
-5
-16
-22
-49
-38
-19
-25
-25
-20
-12
-19
-5
13
9
9
7
20
22
16
1
-4
-9
-24
-1
-13
-31
-3
4
2
6
-6
-21
-26
-41
-33
4
-2
-11
-19
-15
-17
-19
-6
-20
-16
-9
6
-2
1
0
-14
-10
5
3
-1
9
0
3
3
4
-4
-29
-36
-19
-17
-13
-15
1
28
36
37
34
16
-10
11
18
28
22
28
44
41
40
32
16
0
1
13
37
29
24
22
0
3
5
-1
3
-3
4
18
19
19
20
16
4
-4
-18
-19
-12
-23
-25
-25
-4
20
-3
-35
-35
-34
-27
-10
-10
4
-16
-23
2
-3
-16
-33
-21
-3
5
6
-2
0
1
4
16
9
-6
-14
9
7
12
28
-12
-24
-24
-23
-22
-18
-22
-34
-13
7
11
19
21
2
0
0
-1
-5
-3
-13
2
21
21
19
4
16
13
56
52
18
30
28
38
20
15
7
-14
0
0
2
16
-13
-11
18
12
0
-8
-11
-11
-1
-16
-30
-42
-42
-43
-57
-52
-38
-50
-44
-35
-44
-32
-31
-30
-47
-32
-22
-16
-9
5
25
45
67
38
43
29
25
26
10
25
27
23
23
37
37
12
6
13
16
9
19
25
2
-9
-14
-4
5
-1
-8
0
-7
1
28
8
3
7
9
3
2
4
-1
14
-7
0
7
9
6
3
9
2
7
-3
3
-1
-9
-25
-23
6
7
-5
-1
7
16
21
6
-4
5
9
-10
-9
7
2
-9
-6
-6
3
-7
-23
-28
-20
-5
-28
-38
-39
-55
-51
-29
-21
-15
-1
4
-3
1
15
18
15
18
14
42
29
13
16
-12
17
21
6
11
16
3
-7
-12
-35
-34
-20
-13
-13
-18
-19
-23
-22
6
-2
-35
-37
-11
-13
0
-8
-19
5
0
18
11
25
25
-10
28
54
38
37
20
12
28
7
6
2
-2
3
-8
-7
-10
0
-5
-11
-9
-12
-6
-16
-18
-6
6
9
-1
9
10
11
9
0
11
5
25
22
16
29
27
35
22
22
1
12
24
26
31
1
-11
-15
13
4
-4
0
6
-2
-12
-1
-23
-20
-32
-18
-21
-23
-10
-21
-32
-20
-13
-25
-19
-18
26
14
6
23
17
7
-7
12
9
-4
-23
-30
-23
-13
0
-17
-25
-23
-16
4
-14
-21
0
6
18
7
0
14
16
11
21
22
0
-4
2
9
16
-2
-5
-7
-7
3
-12
-25
-34
-40
-31
-15
-9
-7
-30
-48
-31
-29
-28
-33
-34
-25
-2
12
17
19
9
9
38
56
28
35
31
19
55
66
41
24
25
12
31
32
-5
-5
9
8
18
21
13
-3
-1
30
28
25
22
18
8
35
34
21
36
21
19
20
9
-9
0
-12
-12
-10
0
-18
-39
-26
-28
-21
-28
-30
-45
-48
-38
-28
-41
-61
-47
-32
-46
-49
-66
-61
-29
-45
-32
-26
-10
6
-2
7
22
24
9
17
17
28
35
16
26
35
51
47
28
28
19
23
19
21
16
2
-2
-3
-9
-16
-6
-14
-20
-15
4
9
-9
-3
6
19
9
-17
-1
-6
3
-1
-3
4
-6
-3
-16
-4
-15
-19
-5
-7
13
28
18
16
16
33
48
51
45
26
23
7
2
0
8
-14
-20
-16
-14
-4
-33
-36
-35
-28
-37
-26
-21
-26
-3
-1
-6
-10
19
26
25
30
37
28
8
4
4
9
-9
-11
-27
-3
12
-7
6
-7
-15
0
16
1
-8
1
-5
-6
-14
-30
-3
-3
-14
-3
-15
-9
-3
-7
-17
-15
-12
-2
-11
-32
-29
-20
5
7
-5
1
4
-6
15
15
-18
-19
-18
-19
-11
-15
-11
10
8
7
24
23
25
12
18
35
38
41
38
38
36
49
54
55
44
51
44
30
33
33
30
-3
-20
-16
-7
1
-7
-6
3
0
2
-2
-15
-25
-15
7
-13
-4
3
-19
-32
-29
-32
-31
-28
-45
-51
-56
-50
-67
-62
-56
-57
-34
-30
-17
-18
-7
-2
-9
-2
-10
-11
-4
5
21
3
-7
15
5
-2
7
13
19
26
42
51
35
24
11
1
23
37
33
13
24
35
13
19
6
6
21
1
-7
-11
-6
-11
-4
-1
9
23
22
15
4
15
23
26
-4
-6
-4
-5
-8
-20
-15
-16
2
-7
4
-16
-32
-10
-40
-35
-18
-19
-9
-2
5
10
20
24
15
7
6
1
4
19
10
-16
-16
18
16
14
20
-5
-9
2
9
-14
-9
6
-21
-18
-4
-16
-23
2
16
20
28
17
31
26
16
0
-3
10
5
4
-1
13
25
15
13
9
-6
1
5
6
-4
-3
4
0
-4
-10
-2
-12
-15
-8
-19
-16
-21
-39
-33
-24
-28
-38
-41
-45
-52
-55
-53
-37
-42
-43
-17
-6
-22
-32
-36
-33
-19
-20
-12
-3
8
19
18
23
26
22
39
45
60
75
50
38
50
33
34
51
23
10
6
12
13
25
21
31
45
19
28
39
29
10
15
23
16
4
24
20
17
16
4
39
18
-11
-15
-31
-20
-12
-36
-24
-13
-9
-10
-17
-3
-19
-34
-25
-18
-3
-3
-20
-19
-20
-20
-12
6
-2
-2
-4
-24
-16
-11
2
-11
-16
-12
-25
-25
-29
-28
-26
-29
-6
-3
6
2
-15
6
-15
-16
4
9
6
-1
1
-6
-14
3
23
12
4
-1
-2
-1
-12
-25
-15
-2
22
26
1
6
0
-3
4
32
28
3
18
18
37
36
26
28
10
20
9
-4
4
-10
-13
18
25
7
10
11
-1
-19
-22
-21
-17
-13
-13
-13
18
8
-5
13
-2
5
-5
2
-9
-25
-6
-15
-16
-6
-17
-14
-10
-12
-19
-32
-1
-5
-2
3
-1
6
-1
10
14
6
15
41
26
19
32
29
20
13
10
32
14
9
6
-21
-11
-17
2
-3
-7
-13
-15
-13
-2
15
9
11
-3
-9
2
20
14
12
-4
0
9
9
7
-5
12
10
21
23
15
-3
-11
-12
-1
-10
-15
-13
-47
-36
-26
-28
-50
-60
-50
-35
-34
-41
-30
-18
-13
-6
16
12
10
-3
-4
-3
-7
-1
13
21
6
-1
2
3
5
0
-14
4
1
-1
-9
-4
14
-18
-6
-3
-10
-10
-11
-5
-8
-7
13
22
14
17
29
38
28
22
25
41
50
48
31
29
42
32
29
12
14
22
14
-3
-7
4
-8
-6
1
-9
-16
-6
-4
3
4
1
3
3
18
13
11
26
9
-3
9
-8
-14
-22
-37
-34
-28
-26
-18
-4
-15
-34
-35
-23
-47
-35
-25
-48
-28
0
-6
-4
5
-5
14
15
3
3
10
-13
-19
-6
15
20
16
29
21
37
40
41
37
13
-2
4
-6
-20
-22
-24
-3
-15
-24
-22
-22
-51
-47
-23
-44
-46
-44
-7
4
3
13
11
19
34
38
34
31
38
32
8
16
-7
1
10
1
3
-6
6
-9
-15
-15
-22
-21
-17
-15
-20
-9
12
-1
15
2
6
29
35
62
52
62
39
48
47
50
42
29
37
0
6
-6
-16
-30
-45
-27
-35
-40
-20
-26
-25
-44
-37
-6
-15
-13
-9
3
-2
17
13
-1
6
-15
-21
-17
-6
4
4
15
5
-16
-16
-28
-20
-13
-25
-25
-32
-33
-16
-10
-13
-2
3
-18
-15
-2
-4
3
16
13
17
32
38
45
35
42
31
18
34
25
32
17
-5
-7
1
2
-9
4
15
25
23
16
10
17
22
9
2
-3
3
2
-3
-6
-9
-19
-26
-20
-10
-16
-19
-16
-32
-38
-15
-16
-38
-31
-11
-8
6
8
4
-16
-25
-10
-23
-17
-13
-7
1
0
2
-1
-25
-12
-14
-23
-13
-16
0
-11
9
25
44
46
39
39
45
59
18
35
47
21
19
29
18
4
23
8
-3
5
4
-10
-11
-16
-29
-38
-37
-32
-17
0
-29
-15
-3
-16
-16
-12
10
2
9
20
-2
-6
6
-4
-4
4
6
25
29
21
4
6
9
-9
-15
-19
-8
-16
-22
2
-14
-10
-9
-5
0
-13
-2
-3
13
26
10
10
39
51
25
12
12
5
10
-8
-12
-25
-52
-44
-35
-24
-31
-22
-31
-37
-28
-38
-26
-19
5
6
11
18
13
24
38
25
5
31
22
25
22
25
14
13
13
-33
-11
-1
13
13
10
0
-2
19
8
1
-1
1
-2
-3
-1
7
16
28
21
19
33
38
25
4
-3
-14
0
15
7
-4
7
17
-4
-15
-19
-21
-26
-8
-1
-32
-43
-38
-21
-22
-26
-26
-32
-32
-25
-21
-21
-9
-13
3
-1
6
10
-2
3
-4
0
-8
3
7
16
8
-14
-15
-5
-1
-11
-21
-19
-2
-18
1
7
7
8
20
25
17
27
7
3
-1
8
18
32
27
14
20
20
18
23
45
25
13
28
28
40
37
34
36
25
14
5
6
-1
0
-4
3
-1
0
-1
-10
-14
-30
-10
2
13
9
-3
6
-5
-2
-5
-36
-24
-14
-24
-31
-43
-29
-24
-39
-41
-55
-56
-49
-66
-56
-41
-24
-16
-36
-26
-21
-28
-17
-23
-22
-11
-13
3
21
29
12
25
35
31
55
40
40
40
26
33
38
35
36
39
35
32
38
47
28
34
31
16
10
6
-9
-37
-16
-20
-31
-20
-26
-21
-53
-37
-10
-23
-23
-28
-3
5
9
8
3
10
-2
-7
-1
-1
-3
9
31
27
21
28
9
9
-19
-22
0
-17
-10
7
21
14
3
10
-4
-6
-15
-16
2
1
12
4
14
27
16
3
-26
-26
-9
12
7
14
16
19
22
24
16
-16
1
5
9
7
15
8
-14
-10
-14
-17
-17
-12
-13
5
6
-4
1
3
2
-11
-3
17
0
-21
-4
6
16
35
13
-8
5
-6
-43
-47
-31
-27
-23
-26
-7
-13
-30
-28
-53
-30
-37
-41
-19
-13
5
-11
0
-11
-12
-12
-29
-25
-10
5
-13
-7
12
9
11
28
12
27
32
37
50
43
59
49
29
28
26
-1
1
-6
21
38
40
43
10
13
17
8
-10
0
-8
3
24
24
34
20
8
-17
-40
-26
-16
-35
-22
8
5
-3
15
19
2
10
4
-12
2
3
-6
19
45
36
32
28
11
10
-1
8
-1
-12
5
-6
-2
-24
-43
-37
-45
-61
-49
-27
-40
-31
-9
-19
-26
-7
-16
-12
-9
-19
-3
-11
-5
-1
4
2
-9
-6
-12
-10
2
-4
-10
-24
-14
-3
-18
1
-3
1
-10
-19
-6
8
15
6
9
3
-1
-6
-1
-10
-23
-22
-7
-2
6
18
11
16
19
17
13
19
6
-6
-4
11
3
-6
-6
11
50
48
37
26
25
28
32
18
23
15
1
6
12
30
17
23
38
20
25
42
23
14
0
-5
1
5
1
0
2
0
9
-5
3
-3
-10
8
3
2
-9
-26
-33
-35
-29
-29
-22
-28
-31
-15
-26
-16
-18
-26
-13
-20
-35
-37
-35
-32
-28
-22
2
-2
-9
-2
6
4
-1
1
-6
1
9
0
-3
-4
15
9
10
28
9
25
6
-2
-1
-22
-13
-22
-23
-34
-40
-39
-23
0
-9
3
-4
-12
-4
-9
-22
-19
-3
-3
18
3
0
14
19
44
31
22
31
44
42
52
59
42
17
29
31
20
16
25
34
23
33
26
33
4
9
25
15
25
26
23
13
17
28
38
22
12
7
30
4
-13
-13
-36
-33
-45
-53
-62
-59
-65
-62
-49
-31
-40
-63
-47
-47
-60
-55
-69
-72
-46
-38
-25
-18
1
-2
-3
3
5
9
5
7
0
21
26
27
35
38
43
35
24
7
11
19
1
20
30
13
-6
7
22
4
24
19
-1
14
23
12
24
33
32
23
14
9
-5
-11
-27
-19
-6
-9
-21
-7
-14
-37
-32
-20
-19
-18
13
-3
-3
6
10
29
32
32
35
28
-7
4
6
-4
-3
-5
21
6
7
2
-20
0
-35
-39
-13
-1
8
15
32
16
14
11
7
6
10
-7
-15
7
-3
-3
6
-1
-23
-27
-9
2
3
-6
-7
-4
-4
6
-17
-4
-16
-45
-21
-21
-6
-27
-25
-10
-10
11
-1
12
16
9
6
-2
2
4
9
11
28
23
9
10
2
19
8
3
16
-4
-3
-2
-10
-6
-15
-13
-18
-23
-15
-31
-16
-11
-25
-15
-16
-2
13
14
-3
-1
-9
-24
-13
-19
-19
-12
-7
3
-1
12
15
4
12
0
1
13
6
2
19
41
26
37
42
24
31
27
19
6
17
35
26
25
47
46
49
32
6
13
23
21
-4
-1
-5
2
2
-8
6
-7
-12
-12
-32
-28
-13
-34
-35
-37
-35
-32
-27
-33
-36
-26
-37
-7
-10
10
30
-3
-1
4
9
-9
-6
4
-3
-7
-6
-7
-9
-4
-23
-25
-10
-4
-12
-21
-26
-43
-38
-20
7
-8
-5
-9
-27
-22
-26
-19
-6
18
17
12
11
16
3
-1
16
14
6
-3
10
4
22
22
6
18
4
17
11
-3
9
-6
8
13
4
23
29
19
11
6
18
45
37
38
45
56
39
4
27
24
29
22
2
-4
-6
-5
-19
-20
-13
-3
-19
-20
-20
-19
-12
-21
-14
4
16
3
13
26
13
-6
1
3
-2
3
-4
2
-1
5
-5
1
1
-6
-9
-22
-15
-21
-12
-9
-32
-25
-1
-9
-18
-12
1
-3
-12
-25
-37
-36
-16
-9
-19
-23
-35
-25
-25
-28
-31
-38
-40
-20
-25
-19
3
-9
20
8
-10
-1
-4
-7
-4
-7
6
10
5
39
33
47
51
48
42
13
37
43
38
47
53
63
70
63
48
32
20
22
17
12
10
12
0
-8
3
-11
-21
-12
-6
-18
-38
-53
-37
-31
-39
-25
-16
-6
-44
-54
-29
-35
-25
-1
11
0
13
13
6
7
-9
-7
-13
-28
-11
-6
-22
-6
3
9
10
3
17
22
24
47
59
36
27
38
24
8
27
30
40
37
6
4
-8
9
0
-19
-4
-6
-5
-21
-25
-25
-23
-41
-53
-35
-44
-40
-38
-44
-44
-39
-28
-21
-21
-13
-33
-38
-19
-37
-19
-9
-5
-6
1
4
-10
3
18
5
2
9
4
16
22
39
38
46
45
48
50
63
69
47
50
37
49
24
9
5
-1
13
-2
-2
-7
0
-7
-12
0
-8
-15
1
3
-10
1
-2
0
6
-1
-5
-23
-32
-30
-21
-18
-31
-12
-13
-15
-5
-17
-24
-31
-30
-23
-12
-6
-22
-9
14
-9
-3
9
20
40
22
1
-1
6
3
4
-2
0
1
-13
1
12
12
12
19
51
47
33
32
27
38
35
6
4
18
-14
-11
-16
-25
-35
-54
-57
-60
-31
-31
-37
-38
-29
-25
-18
-3
-28
-35
-23
-12
-22
-14
16
18
17
10
21
45
36
35
24
32
38
8
24
44
22
10
22
12
5
13
24
30
10
4
15
1
7
16
9
13
-7
-2
10
12
4
-13
-7
-12
-27
-32
-23
-34
-21
2
-9
-22
-34
-40
-43
-27
-29
-22
-8
-2
17
25
9
4
18
4
-2
-5
-4
-1
-5
6
5
11
29
13
3
-10
-25
-13
-31
-31
-25
-8
6
-7
11
15
15
20
21
30
14
7
31
18
17
19
9
27
12
9
19
20
12
-6
-12
-16
-20
-23
-29
-41
-22
-22
-34
0
-13
-21
9
14
24
31
29
20
32
34
26
37
32
7
-12
13
7
-25
-6
6
-1
-4
-9
-16
-6
-6
-15
-14
3
-14
-25
4
-17
-15
-21
-20
-7
-21
-9
-8
-6
2
3
7
6
10
6
4
1
-7
-1
-10
-5
-3
-21
-21
-20
-26
-23
-12
-1
9
-5
-7
16
19
1
4
16
9
2
-11
6
12
12
22
25
14
13
19
-2
20
14
1
10
12
9
-17
0
-10
2
10
6
-5
-26
0
-2
3
1
9
22
16
-3
-9
4
9
16
16
16
12
11
-1
-7
-12
-2
-2
4
10
-12
-9
-10
-4
14
27
23
6
25
27
18
15
-9
-22
-15
-11
-7
4
4
13
-14
-3
4
-13
-2
-15
-9
-30
-16
-17
-31
-20
-28
-36
-47
-38
-44
-40
-32
-53
-56
-29
-22
-30
-21
-12
-9
-5
-13
-5
13
6
6
32
38
26
29
26
35
22
21
26
42
41
10
39
35
25
20
6
12
28
9
11
26
16
29
24
25
20
5
21
15
18
32
26
14
12
34
23
15
-1
-11
-17
-14
4
-2
0
3
10
-6
-7
7
17
18
-11
0
-8
-29
-18
-13
-15
-29
-30
-25
-21
-30
-45
-58
-54
-50
-56
-35
-36
-47
-44
-35
-32
-31
-29
-21
-26
-22
-21
-31
-27
0
0
-9
8
-2
7
24
20
11
25
19
-7
10
7
18
27
15
16
13
16
28
23
16
29
47
57
53
69
60
58
47
41
50
34
28
32
47
24
3
3
-8
-13
-3
-15
-7
-10
-36
-36
-16
-3
-29
-22
-12
-28
-28
-6
-25
-29
-22
-9
-4
-12
1
-10
-4
-4
-15
-8
-6
-9
-15
-13
1
2
-7
-26
-30
-18
-13
-38
-35
-9
-22
0
3
7
16
15
26
19
20
12
15
19
11
21
25
-2
-1
6
5
13
-6
2
10
20
12
-23
-3
-6
-21
-20
-17
-16
-8
-3
-16
12
7
3
1
-15
2
-7
9
14
3
18
24
26
0
1
4
10
29
6
-3
2
-22
-55
-49
-54
-50
-22
-9
-7
-23
-17
-2
16
6
0
2
4
11
0
16
17
22
19
15
27
22
17
18
26
13
8
-4
1
9
-15
6
5
13
26
21
25
42
39
12
47
32
23
35
25
22
1
8
10
-4
-18
-31
-33
-50
-50
-62
-68
-43
-66
-52
-58
-59
-56
-66
-12
-3
3
-3
12
16
22
34
13
44
51
22
12
7
29
32
16
4
-4
-6
-22
-14
-9
-7
-31
-28
-9
-11
-8
-1
20
15
10
10
14
6
18
18
15
31
19
28
35
7
-1
8
-5
-13
-22
-24
-12
-11
-27
-21
-16
-45
-40
-25
-10
3
-1
9
21
15
0
1
18
10
-11
-20
-12
4
4
8
5
-6
0
-1
15
13
-2
11
7
-9
-8
-11
4
3
-13
-4
-9
13
4
-8
-1
3
-14
-12
10
20
31
19
28
36
20
10
9
16
22
0
0
16
30
41
9
25
39
31
40
28
12
-11
3
-4
-19
0
-11
-6
-13
-27
-19
-38
-26
-41
-44
-25
-30
-34
-15
-7
-35
-28
-26
-27
-21
-22
-44
-22
-9
-26
-35
-36
-6
-22
-11
1
-16
-28
-21
0
5
19
26
0
9
19
26
51
54
60
44
38
36
38
16
4
9
7
28
32
14
4
22
9
-3
-6
-10
-7
-13
-12
1
-1
-8
-16
-20
-15
-22
-26
0
-8
-13
2
-5
1
-8
-7
-10
3
-1
-19
7
1
-4
13
30
31
26
24
28
10
1
20
3
-7
-9
-20
-6
10
12
-11
-9
7
-5
0
-3
4
9
5
7
6
7
7
16
14
3
10
10
-3
1
-13
-23
-16
-18
-18
-18
-23
-12
-15
-23
-25
-28
-45
-62
-48
-42
-41
-40
-14
6
6
6
-6
-14
-19
-10
6
-4
1
7
10
21
16
25
22
31
31
28
23
10
22
30
63
71
56
65
38
27
31
26
9
-3
17
-1
4
-16
-29
-26
-21
-17
-31
0
-8
-10
-7
-10
-15
-15
-7
-3
6
-9
-12
-2
-13
-9
-13
-29
3
-10
-34
-21
-14
-16
-27
-8
-1
-7
-9
-20
-7
-3
-19
-15
-30
4
21
-5
8
9
18
18
12
9
14
0
-3
6
6
21
6
-1
0
1
-6
-12
-13
-12
-21
-17
-4
1
22
23
23
23
24
35
31
22
34
36
36
29
20
36
21
2
-3
-2
-5
0
-11
-19
8
1
-1
11
16
-1
-22
-10
-15
-12
-10
-21
-23
-26
-22
-22
-6
-16
-28
-2
-29
-38
-16
-22
-17
-3
5
14
-5
-19
16
8
3
12
1
16
36
12
-9
19
19
6
-3
-1
-7
-28
-16
-15
-16
-21
-38
-43
-18
2
-24
-29
-16
-8
-9
-25
-10
-26
-16
15
-4
14
12
16
29
36
22
12
28
19
31
26
37
33
13
24
25
29
31
28
34
27
23
32
24
17
11
2
-2
7
7
-8
-1
10
-7
-16
-23
-32
-25
-23
-31
-36
-17
-25
-37
-22
-10
-9
-8
-13
-25
-21
-13
-15
-17
0
1
-11
-17
-9
6
-20
-21
-7
-3
-2
-11
2
15
29
22
28
31
16
15
3
22
35
47
47
35
42
28
15
15
11
1
10
2
0
15
12
4
-9
-19
-34
-38
-24
-21
-36
-28
-22
-32
-27
-23
-18
-15
-10
-13
-20
-26
-19
-19
-25
-19
-32
-17
-10
-16
-22
-38
-29
-24
-21
-3
-1
-21
-29
-15
16
27
26
0
10
20
13
38
28
24
22
34
38
42
44
24
44
26
26
47
37
47
61
50
41
45
30
36
35
25
24
20
17
-6
2
-6
-11
-12
-21
-28
-36
-20
-24
-25
-27
-19
-27
-44
-41
-35
-44
-46
-26
-21
-15
-30
-16
3
2
-10
-8
0
-8
-17
-8
22
16
11
10
24
5
-6
1
-5
-13
-7
22
12
4
-5
1
-5
-7
-3
-17
-7
-7
-21
-27
-19
-11
-23
-19
-22
-33
-10
-24
-30
-26
-8
-15
-19
15
-16
-14
10
16
10
23
38
22
26
13
23
32
41
24
6
15
16
27
6
-8
2
16
23
34
14
4
3
-5
5
4
24
17
12
11
10
12
16
14
20
31
0
7
14
2
17
12
19
40
35
29
25
19
4
-5
-5
-2
-1
4
12
-13
-12
-2
-26
-55
-50
-44
-62
-38
-50
-70
-57
-54
-45
-57
-38
-26
-27
-18
-36
-37
-18
-14
-1
2
9
16
-13
5
-4
-9
12
3
5
12
8
-5
2
-2
2
12
13
17
13
19
34
29
40
45
34
41
39
45
38
31
10
18
39
37
37
30
14
5
16
6
15
-3
-18
-15
-3
7
-28
-6
-2
-22
11
7
0
-14
-33
-44
-38
-19
-35
-22
-27
-34
-40
-43
-38
-35
-20
1
4
-3
1
-4
14
10
3
0
3
12
28
26
6
20
16
24
39
23
1
-3
0
-3
7
6
4
19
22
21
18
16
15
-9
1
-4
-1
2
-6
-3
-9
-2
-21
-23
-28
-27
-38
-28
-13
-38
-10
-3
-22
-32
-11
-6
4
9
-3
4
1
15
24
29
9
1
2
15
9
-8
10
21
35
8
13
3
-25
-19
-12
-12
-25
-13
-23
-6
11
9
3
-16
-14
-6
-6
7
14
12
15
28
44
32
43
30
31
28
16
31
21
-1
-28
-4
-13
-6
-8
-2
4
-19
-18
-34
-35
-37
-22
-28
-18
-17
0
0
-8
9
-11
-20
-14
17
-2
0
5
3
11
-6
5
4
14
23
26
14
1
2
6
15
13
12
20
-1
0
2
4
1
-20
-14
-13
-12
-29
-15
-13
-22
-21
-28
-47
-43
-1
-14
-3
22
8
15
20
15
15
13
29
28
28
36
35
35
22
15
25
37
15
11
18
12
19
16
11
-1
-9
-5
-1
-24
-38
-22
-45
-44
-42
-51
-38
-35
-41
-38
-29
-49
-39
-20
-17
-25
-6
3
-3
37
24
6
17
23
10
27
44
6
-1
4
-3
-13
-10
11
-19
-29
-5
-15
-13
-9
-1
3
10
34
24
14
39
63
57
45
23
19
25
17
24
30
18
0
2
23
-9
-18
24
-5
-19
-3
-20
-33
-19
-48
-62
-14
4
-1
8
20
4
2
17
-13
-17
26
22
7
6
17
50
43
4
-2
-15
-6
-16
-24
-4
-16
-29
-88
-50
-49
-86
-69
-43
-27
-36
-10
-39
-3
25
-12
5
23
2
22
25
-2
61
25
-4
36
34
10
-38
0
2
-14
24
0
23
0
15
29
-19
69
13
-12
31
32
39
-12
22
-9
2
15
-8
17
8
63
26
-30
3
35
-2
-44
15
20
3
60
34
-36
16
45
-35
-42
-13
-27
-51
-22
-16
-50
-30
-37
-13
1
-35
-24
9
-18
-1
25
-31
-7
42
14
-8
49
26
19
10
-34
20
-45
-76
8
-15
-62
-11
-3
-82
-51
1
-95
-101
10
-18
-109
-23
43
-19
39
34
29
100
99
41
24
107
66
26
66
49
-7
34
109
-50
-57
98
25
-60
20
111
-9
-67
79
78
3
-22
14
90
-3
-2
74
30
-96
-12
91
-173
-89
114
3
-97
-8
83
-52
-56
61
-3
-81
-33
27
-20
-52
10
-54
-92
10
20
-68
-70
21
-16
-67
6
-51
-64
-74
-88
64
-44
-65
0
-19
-20
-34
-23
-126
80
-12
-58
75
-25
7
1
84
-105
52
98
-100
42
135
45
-103
156
75
-87
71
101
-10
-118
140
215
-127
12
287
54
-74
92
126
26
-46
25
218
32
-164
165
143
-259
-5
115
-127
-259
-13
310
-314
-151
201
-1
-220
-185
356
-229
-320
211
198
-294
-186
432
-238
-157
276
-139
-10
77
-75
141
36
-285
74
321
-405
-129
491
-237
-245
384
-8
-375
187
70
-188
247
-35
-45
243
-88
-15
171
-29
-315
190
188
-116
-49
25
240
-343
56
224
-187
-209
110
134
-94
-14
-155
36
71
132
-344
209
91
-176
106
128
65
-458
399
-87
54
-115
-247
449
-153
-266
68
393
-520
-206
595
-107
-430
102
191
-25
-123
33
73
-38
-69
99
295
-314
17
79
330
-232
-189
413
-181
107
-159
430
-110
-179
198
119
22
-446
337
27
-138
-60
91
137
-94
-381
537
131
-852
494
279
-508
-94
532
-308
38
-139
-176
880
-623
-526
946
88
-1034
741
383
-934
215
262
209
-515
-161
563
-99
-105
-296
436
-241
-312
372
-188
-1
-328
565
-361
-238
717
-690
125
307
-186
-212
130
240
-403
123
83
47
-95
-289
420
60
-295
1
198
165
22
-308
526
-94
-467
540
75
-148
-466
685
-125
-229
315
-362
381
-244
148
185
10
-56
-23
398
-268
2
-62
-18
69
-21
120
-319
-20
213
-80
-355
299
42
-656
467
266
-597
-95
469
-56
-593
335
281
-375
-282
416
290
-616
30
-4
319
-349
-24
314
-213
410
-370
394
5
-260
-400
680
236
-1177
652
512
-430
-631
892
125
-891
186
717
-402
-372
423
268
-340
-396
820
-150
-288
-291
601
-103
-371
228
7
54
-423
405
-27
22
-484
597
210
-772
466
369
-558
187
1180
-1222
-342
1420
-723
-498
808
-373
-142
113
397
-69
-352
-335
930
218
-1710
1667
105
-1617
876
1160
-1457
-413
1338
-488
-351
-7
458
-457
-58
91
-70
134
-534
30
501
-11
-836
962
-81
-745
1037
-848
-317
1070
-842
-425
1150
-496
-735
592
-120
105
-122
14
465
-156
-529
1039
194
-1768
1320
447
-872
-350
914
-155
-1311
1404
332
-1199
-438
1503
-207
-1259
951
521
-1268
788
327
-519
-225
237
638
-1322
1274
-416
-123
-236
815
0
-1851
2126
-497
-47
-352
704
-25
-811
902
-595
526
-520
299
466
-818
327
61
-5
-9
-462
750
-728
710
31
-1307
1345
-236
206
-518
410
8
-424
710
-630
-72
549
-360
-340
517
0
-567
-715
2767
-2092
-589
1918
-832
3
-1226
2142
-1417
679
-969
226
1772
-3496
1492
838
-376
-1406
1519
1045
-2445
879
624
6
-883
-188
2037
-1781
189
1411
-1416
-449
1079
587
-2341
1790
378
-1471
704
941
-393
-1578
1479
885
-1676
-46
1266
-1050
304
-48
-141
387
-762
-76
1228
-375
-1540
1663
388
-1641
604
429
-374
112
-546
1199
-815
-371
1057
-430
-763
300
1374
-2303
971
1348
-1888
812
758
-785
-515
1121
-19
-851
694
-582
617
24
-622
785
-847
622
236
160
-1138
852
981
-1872
1298
-22
-391
-172
937
-172
-829
373
215
293
-1092
186
509
-254
-837
1075
-251
-174
-102
-46
1128
-1472
426
162
858
-1197
-67
1597
-1586
249
-424
814
-252
-916
752
346
-655
-637
1165
-281
-200
-131
-1
567
-253
-899
917
394
-1047
939
-336
239
-84
-475
411
635
-806
-703
2127
-1106
-755
1031
302
-966
-206
1507
-1344
-301
1058
-561
-407
-85
808
-442
-936
1678
-461
-1132
713
853
-1133
-516
2323
-1980
8
1707
-1681
350
3
629
-705
-9
549
-506
691
-1294
1462
-114
-1184
1519
-103
-642
150
564
-398
-217
532
-947
592
774
-1520
421
827
-140
-1333
1596
0
-1722
1567
73
-929
240
484
-892
477
861
-1405
-114
1960
-1363
-575
1042
30
-1031
252
1158
-876
-178
-13
979
-551
-431
83
920
-116
-1175
1033
50
-148
-1125
1100
594
-1661
639
525
465
-1987
776
1743
-1877
-176
487
1055
-1490
-104
1492
-689
-1239
1518
170
-1524
307
930
-42
-1484
1850
-839
241
-235
-386
1090
-1007
62
141
1314
-2191
43
2207
-1654
-521
1372
-309
-334
433
-912
862
-266
-609
806
-186
73
-408
741
-587
596
-61
-1221
1874
-976
107
-1061
1421
1028
-3030
1612
1022
-946
-1597
2050
408
-1952
1155
169
261
-1258
447
854
-1224
523
-241
710
-148
-205
-207
750
735
-2205
1679
413
-1401
-490
1892
-107
-2300
1932
232
-346
-1219
1219
-23
-797
228
-528
2179
-1933
-550
1276
959
-2536
885
2028
-2907
1459
1144
-1637
-684
2274
-2096
364
1399
-1564
69
1824
-1502
-839
2690
-2340
112
1273
74
-1696
2183
-895
-156
137
-1073
2375
-3068
1399
21
219
-1545
1951
-72
-3028
4146
-2411
-485
1322
83
-1270
280
1368
-1015
-859
1325
151
-1513
1239
-135
-239
-923
1733
-796
-79
421
-548
1538
-2244
1035
587
-753
176
551
-282
-168
81
558
-622
-763
1754
-887
-94
-217
1140
-1060
-671
2427
-2361
753
778
-314
-289
-1585
3432
-2539
89
1187
-607
939
-3022
4003
-1656
-934
264
1486
324
-3815
4112
-1031
-1261
148
2151
-1470
-741
1755
-1130
839
-928
1306
-1126
439
79
80
-498
-316
1771
-2321
293
1862
-1281
-1341
2345
-882
-1068
117
1884
-1787
-197
2064
-2577
1989
-1527
410
-449
803
-776
-807
2763
-2680
255
975
-188
-1420
2005
-1051
29
407
300
-518
-235
1757
-3321
3262
-1126
-426
-190
999
671
-3225
3496
-1668
31
931
-1513
1770
-727
-219
189
236
1121
-2578
1140
1551
-917
-2317
2080
3002
-5638
1719
3626
-3701
-432
2775
-990
-1631
1339
1248
-2136
271
1571
-831
-2195
2921
936
-5165
3747
2197
-3890
-425
4205
-2665
-949
1513
-392
922
-2361
840
2326
-1582
-3002
4574
-749
-2396
380
2421
-1290
-2076
3111
-1306
980
-3048
3636
-1428
-977
2208
-2633
2263
-1623
1773
-2619
2048
1777
-4988
3555
1267
-2563
-2193
4639
-249
-6374
6604
56
-4012
553
3816
-2263
-3846
5532
-2507
71
-754
2121
-791
-1298
1524
-1008
2746
-5066
3003
2306
-3548
-568
3380
321
-5396
3903
2104
-4372
391
2542
-349
-2716
2372
2087
-5105
3716
-690
-1177
1324
-861
-237
-112
2870
-3931
2007
590
-663
-1394
1908
1046
-3637
2922
-373
6
-1371
1861
-1457
187
892
-1880
2209
-1056
-520
450
396
-1396
1600
-1549
567
372
-1162
1436
-1459
2416
-2601
1758
-582
-199
1614
-4206
6126
-3595
-1105
3117
-1160
-528
-965
3982
-4653
1821
1273
-1584
1079
-1008
1965
-2515
1545
104
-973
-77
767
46
-1556
1802
-518
605
-2635
2545
1182
-3992
1669
980
517
-4403
3914
2503
-6549
2428
3528
-3032
-2540
5086
-2115
-1804
3098
-1559
-200
1075
-742
-932
2352
-1988
-102
1819
-1647
405
824
-811
-308
1361
-1220
146
599
-724
489
-883
911
579
-1622
-113
3352
-4007
589
3961
-5310
2351
801
-378
-2482
3218
-733
-2279
3347
-3451
3839
-3256
410
2711
-2274
-1177
2466
870
-3475
1883
811
-1425
27
1751
-2531
2017
-733
108
182
137
366
-1793
1277
143
519
-2860
2987
-214
-1501
-290
3151
-2267
-1502
3570
-2660
1595
-1137
867
-1186
1342
838
-2479
1121
1458
-3354
1482
2425
-3122
-448
2709
386
-5537
6576
-1888
-4105
4477
-193
-2512
292
3112
-3443
920
2160
-3521
2902
-1023
-1982
4020
-3802
1845
-700
-35
1211
-1469
-165
1289
0
-3432
5467
-3236
-1888
4587
-1430
-2475
3328
-435
-1972
1233
385
1039
-3018
1985
775
-1037
-438
1570
-471
-2108
2415
512
-2981
1874
1492
-3215
1421
1604
-623
-3687
4924
-1982
-1759
2477
-1195
672
-2121
3710
-3419
2249
-535
-1680
3291
-2253
-77
1062
-132
-1718
1881
15
-715
-708
1851
-1083
109
-176
-61
835
-1769
1314
39
530
-2233
993
1341
-1759
-540
2035
-1149
-1588
2212
-58
-1157
-493
1024
-157
11
-1180
1964
-1497
-752
2082
-713
-1098
803
1730
-3358
3216
-1664
-333
1959
-1983
1018
850
-465
-2312
4744
-3007
-1284
3315
-743
-2817
1942
3327
-6039
3896
-192
-1808
1295
22
120
-1197
2312
-2250
1377
1328
-3570
2539
695
-3115
2880
-535
-657
-984
2327
87
-3757
3534
-652
-711
-1356
2473
304
-3404
1641
2501
-2280
-2378
3823
218
-3616
796
3948
-3074
-2007
2993
482
-2476
64
1053
610
-2490
774
1739
-1204
347
-2782
5042
-2272
-2223
2481
983
-1211
-3086
6632
-4116
-610
2035
-435
525
-2356
2598
-663
628
-3355
4516
440
-6619
6526
-582
-2921
605
2983
-3301
369
2705
-4806
4855
-1891
-1834
2365
-188
-973
-696
2275
-1190
-361
-397
1670
-856
-404
-149
382
1226
-2321
1254
621
-551
-1817
2182
599
-3157
2370
469
-1868
1032
168
167
-2485
2897
-342
-3151
4788
-2940
823
-1141
2240
-998
-2261
4261
-2833
236
599
975
-2102
1089
-120
-1332
2647
-1222
-2712
3686
22
-3827
2860
987
-1760
-1442
4078
-2157
-1640
2719
-1568
859
-216
-1332
1966
959
-3684
1829
3202
-5517
1243
4616
-4096
-464
2809
244
-3534
2448
259
-294
-1349
303
3134
-4789
4380
-1979
521
-989
750
1019
-3227
4081
-3380
1882
-969
605
689
-2304
1680
212
-380
-293
-261
1132
-1581
258
1637
-2608
2359
-1361
1113
-334
-656
1014
-2199
2539
-2358
1061
882
-2346
2700
-1650
135
402
-360
-661
-10
1183
-1176
1497
-2312
2424
-525
-1909
2300
-871
-1028
-263
2759
-2339
1159
-1527
2347
396
-4609
4634
-9
-3113
438
4372
-3968
195
1286
-395
-30
-962
1665
-460
701
-1732
1678
-612
156
-1953
1670
2016
-3360
182
3922
-2484
-3112
5212
-3251
835
-1228
2190
-124
-1748
1378
-1528
2572
-3612
2404
-434
944
-1164
-659
3145
-2487
-267
86
3127
-3868
1921
1285
-2930
1986
-1056
-754
1113
1300
-3039
2433
933
-2651
992
1000
-2118
353
1668
-2042
1798
-387
-1007
237
1082
-1476
-867
3460
-2443
-271
1906
-550
33
-2353
3124
-900
-2656
3293
-452
-952
-1598
3985
-2752
-1053
3087
-2332
892
-102
1124
-2206
1316
231
-1679
882
792
-704
-630
1882
-1667
457
51
-147
-1134
1213
1175
-3619
3661
815
-4731
3318
598
-2405
4
2806
-948
-2397
3408
-1547
769
-2097
1703
713
-2274
2351
-2102
2370
-1061
-1481
2214
523
-3166
919
4448
-4142
-1047
4390
-2850
-1835
3403
-1151
-1531
1378
739
-2023
2258
-118
-1973
2026
-2361
1328
1729
-3022
209
2861
-1246
-2479
3419
-681
-2395
2471
-1229
564
504
-1739
1195
1667
-2826
409
1544
-1899
1259
-1253
1863
-1189
-67
-199
1667
-97
-3008
3429
-2369
1306
-2176
2431
-247
-2472
2531
152
-525
-2125
3183
-1754
-4
-1276
2509
166
-2602
1828
892
-941
-1558
2664
-3148
1755
820
-1458
366
715
-686
581
-309
-1557
2659
-2460
1120
819
-801
-92
72
252
1912
-3262
-197
4407
-3032
-1378
2137
897
-3355
3127
-1159
-59
1097
-2070
2008
-190
347
-1808
745
1305
-1105
-1359
2723
93
-3692
2106
2001
-2293
-730
1619
-477
193
-292
226
1713
-2671
-1515
4785
-2203
-2550
1441
2553
-1754
-2404
4083
-1142
-2504
344
4095
-2749
-1648
2525
-51
-1368
735
755
-1245
363
-1664
3179
-359
-1972
-367
2711
-1277
-999
2380
-2083
40
320
928
-1276
59
-875
1786
-427
-855
1521
-1165
-940
2094
236
-3340
3055
368
-2636
849
3296
-4199
821
1922
-1834
779
-555
1923
-2244
930
191
211
-827
748
297
-1507
1362
-373
327
-720
442
-43
759
-1625
460
1171
-972
-1086
2708
-1817
-1557
3502
-2650
317
440
-178
-770
2727
-2223
-750
2650
-2119
830
35
-579
859
44
-1114
2204
-1188
-946
1600
141
-3033
3064
381
-3096
3350
-1628
-184
280
1105
-3428
1732
2397
-2781
616
3
2019
-3400
1959
472
-2375
267
1842
910
-2072
-428
922
1639
-2895
1501
-303
-227
-641
2868
-1067
-3125
2807
-1409
2260
-1862
207
-320
1961
-1303
-1856
5112
-4540
-783
3934
-65
-2944
550
3169
-3225
-756
1898
124
-118
-2653
3033
941
-3690
1438
2281
-2877
-1889
5470
-946
-4594
3303
658
-1270
-83
-656
1915
-1373
-7
1193
520
-2747
-266
4134
-1919
-1776
672
2470
-2455
776
1161
-2016
473
-594
2357
-1649
-1194
1188
545
-487
-846
1926
-1172
-2195
2468
742
-2072
865
567
-558
-337
1610
-1349
-767
1691
-1073
1348
-465
-482
101
-512
1077
-87
-962
-425
754
1471
-596
-2365
2427
78
-2308
2231
577
-1708
230
1438
-105
-985
407
-321
242
-376
-319
2448
-2629
618
610
-1527
1869
-1849
-269
1403
-373
-629
1896
-232
-3140
2024
1419
-1802
602
-803
307
1525
-1084
-403
839
-991
-986
2441
-19
-1859
593
679
-914
973
-213
-1264
1180
-944
652
1287
-1236
-511
3
183
268
417
-1564
709
733
-1620
2510
-1086
-1849
1543
-344
182
1251
-969
-1475
2099
312
-1378
486
-666
-428
618
1479
-1093
-764
944
-984
1322
-93
-1018
173
311
506
812
-1227
-341
1930
-1781
380
1536
-868
-1204
945
868
-1261
636
-295
-446
766
-123
-800
1267
-445
-1931
2568
-533
-1130
504
61
637
-214
-174
144
6
-1184
1406
-14
-1038
1111
-388
-337
1199
-228
-1764
483
869
-889
325
911
-1337
177
50
-200
146
-905
545
335
50
-337
262
-228
-589
585
278
227
-298
362
276
183
-177
-749
392
-175
-300
680
626
-1382
252
1374
-1359
-116
-16
410
-718
315
1983
-1590
-585
531
708
-1016
-415
1014
-235
474
-652
319
473
-1289
208
914
-123
-712
260
551
-664
108
790
-140
-640
610
-14
-641
1030
-98
-615
679
-126
-83
141
-185
-219
287
151
-630
285
-444
-256
281
-183
50
186
-222
62
-257
6
-509
-871
905
244
-319
-125
935
-878
-534
941
-333
-681
339
1862
-338
-534
700
-195
-153
224
723
-37
-545
654
-172
1
-618
-886
644
116
75
-146
327
-756
-819
1065
-470
-214
207
-182
188
267
291
-799
283
14
-70
881
130
497
-235
254
236
-61
351
3
326
-300
1153
35
-713
590
-27
158
-227
505
113
-183
176
527
-343
-814
392
-454
-388
132
-753
-637
152
-90
-982
546
-48
-1800
875
-181
-471
-680
205
248
-267
1358
-964
26
-461
-922
-194
-401
-359
-628
-692
-87
-183
-1148
-1720
-1843
-1543
-2922
-1773
-2134
-2098
-2244
-1532
170
-364
1023
909
1444
1909
3866
3734
3055
2441
2211
5786
7397
7608
2705
4345
7278
6268
5019
382
-968
-2313
2361
2885
-2593
-3750
-3841
-1128
-3732
-6892
-7145
-8506
-7497
-5311
-1265
-2828
-3920
-1633
-3390
-2948
-1497
451
-1664
-2056
3546
7290
6147
1164
1669
2295
1104
2976
3811
1272
-74
4400
5366
-387
-3650
-2547
-1658
-2290
-604
621
-1625
-2647
-2029
-626
-2335
-4911
-2863
-476
431
2352
1128
-1503
-455
-646
237
1320
1949
1368
1535
4380
2766
-610
-1765
-387
-1048
-1262
103
-1593
-5296
-6929
-4698
-5602
-8635
-9110
-5559
-1794
-172
1664
2073
300
-522
7261
10025
4041
1861
6339
14914
15368
16276
11225
5970
11526
16601
14893
193
-6171
-2645
5189
6662
-2083
-7589
-9260
-3065
-3385
-11779
-17726
-18460
-13188
-8226
-4284
-3307
-6089
-6062
-6898
-6934
-3882
-1711
-2042
-3080
5868
15911
15978
6346
-2516
-2939
1724
7036
4123
-484
1171
7172
9870
1386
-8366
-11356
-9155
-3787
-660
2463
246
-1891
-494
-462
-240
-5269
-4194
-2049
1873
8391
9462
5278
-4130
-2564
3378
4196
17
-1507
2105
3589
4674
2091
-2619
-7115
-5400
1689
2614
-1433
-3137
-757
-1159
-3202
-433
-2419
-6615
-3639
4690
6450
-725
-2013
-230
453
-211
1199
1728
-1956
27
6021
4981
-2311
-4026
-2066
-2956
-3789
-2304
-3639
-8998
-8527
-3237
-4154
-7955
-7000
1462
5004
4265
8727
10495
8556
6438
9389
8415
4812
11411
22909
24815
13558
8393
13466
11969
2119
-6396
-7215
-5570
-522
5993
-2342
-14904
-16087
-8152
-9677
-20263
-20082
-13587
-7452
-3449
-2716
-4665
-5775
-3566
-3498
-5377
-2434
2531
3323
2442
7251
14248
11980
2564
-3236
-3652
-1386
3352
3283
-3022
-4472
4152
6045
-9171
-18716
-14497
-6267
-4122
-2430
4147
4414
3439
2482
3120
-1218
-5539
702
7140
8613
8144
10432
7200
1640
-1912
705
2226
-1465
-2228
895
8297
3296
-4375
-4398
-804
-1402
-3399
3225
3447
-1241
384
6225
1936
-5142
-995
3485
-1146
-1350
5385
1298
-6490
-2093
5120
-1345
-6891
243
3523
-3153
-2215
3264
-588
-7038
-2027
4534
-3539
-9049
-3068
159
-8216
-11053
-2973
-3762
-11279
-5200
7169
7620
1822
8889
13805
7557
7894
11579
10019
-2708
7781
27091
26222
8125
-2520
11035
12394
6249
-6880
-13629
-14755
-6482
7631
-3061
-18342
-19204
-3169
190
-14492
-20469
-16677
-8256
451
2091
238
-1226
4097
3698
-3804
-3179
-1614
-511
-2150
5135
15955
13461
929
-7939
-8036
-4264
1106
-403
-8038
-8128
5994
11256
-4804
-20498
-16550
-3753
-449
767
6744
7788
7667
9145
8635
1474
-7347
-34
7646
8092
7168
8879
10591
80
-5301
-676
-669
-6217
-8591
1870
9102
1899
-3486
-2969
-1384
-2330
1228
6386
3500
-570
2794
7451
2318
-4243
-4015
553
-1165
-1795
-249
-3445
-6620
-6871
-1390
-2176
-6878
-6098
-1332
1599
-1489
-3149
112
1633
2023
2740
2140
837
-269
273
-1456
-2748
-1981
-3246
-5221
-4455
-1630
88
2865
8721
9068
6876
7974
10593
11186
6493
5656
4591
9069
15968
17387
12151
-1618
-139
7164
10036
-1760
-21305
-21649
-9990
5189
-3200
-18275
-12841
-1988
1134
-12342
-19373
-16314
-11195
3929
9650
930
-4796
3843
13315
-3515
-17001
-7814
1580
1309
126
13170
14567
-1826
-6871
-4240
-4467
-8094
-5153
97
-2853
3979
12901
2980
-17992
-21200
-403
9199
557
2257
13299
15935
10346
3049
-312
-5882
-2006
9447
10502
7373
4362
8277
5016
-7282
-9132
-6370
-3219
-2159
1383
8479
4136
-3979
-4001
152
3794
1718
1973
5290
4498
5421
4367
-493
-5039
-3939
1025
-2067
-7395
-4934
-1476
-4510
-9181
-7774
-4262
-7280
-8437
-1762
1190
-1604
-1612
2982
2181
-1650
1623
4534
2340
-444
3235
5673
-182
-4236
-3770
-2728
-5110
-5539
-3293
-3438
221
4919
6431
2121
538
7707
12563
12605
7447
5313
3484
8682
16590
16064
7173
251
9971
14647
8077
-9494
-18722
-16263
-8261
96
-5183
-7625
-4836
2412
-1304
-16409
-22236
-16656
-3623
3829
1952
3699
8853
14197
3598
-14272
-15273
-8843
2165
5732
10772
13559
5956
2716
-4472
-13104
-16105
-9099
-217
-3974
-1101
11497
8964
-9259
-22440
-9899
4581
1889
629
7902
15486
12687
7836
5233
-4336
-8950
4180
11355
4631
-2003
2593
10198
-1998
-12516
-11163
-5468
-679
-3276
3336
7151
246
-2860
-1134
5766
1269
-3725
4527
8853
7376
1101
1185
856
-6739
-3785
2281
-2332
-8582
-2972
6322
-1563
-11411
-5257
-993
-2666
-2151
3626
3769
-1628
1755
5278
-480
-3762
2538
6287
2276
717
5661
286
-8638
-6681
-820
-3060
-10058
-4449
-961
-4097
-3168
848
4761
736
5951
13775
11186
12701
13473
15149
3770
671
13427
18896
15214
73
6198
12642
8809
-7222
-25508
-22514
-17689
-4242
-2835
-7217
-5801
-5714
-2229
-15476
-26596
-20649
-6349
9750
6337
5138
12450
15295
7058
-14279
-14598
-6138
3208
10204
9120
9767
2794
1289
-3693
-16392
-20438
-13260
-1493
-3142
-3182
7142
9044
-5139
-17235
-7079
4048
4049
2879
12655
19969
14741
12746
8235
294
-7417
752
11492
4689
-232
4560
12129
-958
-18262
-14322
-5427
-3480
-5913
722
7315
1728
-2436
-568
-471
-5390
-6232
3865
10935
5964
345
2030
2933
-4521
-8820
-2594
-1614
-5370
502
8505
3187
-9384
-6326
1994
-2849
-6128
776
7831
3630
-1069
4526
4532
-715
-1513
2438
3275
-693
3208
4743
152
-4411
-3598
-2471
-9434
-9345
-5156
420
214
-1273
5601
7231
6446
2809
5680
12140
14819
16123
8060
1289
3826
14461
16139
1330
-3731
5120
9006
-2263
-17152
-19862
-21187
-14255
-2784
-3069
-6486
-7115
784
-5994
-20707
-17227
-5858
3752
3108
5033
12065
12440
9121
-2760
-13477
-12313
-2471
7156
3429
674
3701
4040
-293
-9917
-16084
-15344
-8468
417
3472
4350
7495
3830
-2816
-5842
-519
6256
5661
9169
13616
15599
12870
6850
3976
-3660
-7643
-1446
3397
2396
-1728
286
2210
-6284
-11564
-6663
-2031
-1967
-2425
3976
8351
2846
2380
3722
2935
-650
-1295
7823
6438
-485
-2992
-754
1247
-7007
-8822
-4894
-2880
-2904
-3607
-647
-4539
-8065
-3580
125
-502
-1444
3967
6868
1093
21
4608
6719
3116
183
3447
5148
5386
4516
1517
-2733
-3208
-1821
-4721
-9457
-9032
-4868
-4703
-3928
-3047
-1182
-1794
1245
4909
4619
9715
14653
16686
7674
913
3795
9214
13533
12157
8711
5124
5438
7911
2510
-12678
-23759
-20942
-5625
2288
-1525
-5282
-5951
-6903
-14309
-18526
-14510
-8764
-904
5149
6746
7723
6941
5418
-5961
-14628
-8797
2011
8966
3438
2367
6954
7422
2760
-9155
-15119
-11889
-3438
4141
2220
4073
8476
4005
-4575
-9034
-3253
1440
1183
5128
9223
10942
11050
6079
-595
-8785
-7778
2008
3446
1921
1980
6667
5833
-3720
-5023
-1912
-1168
-1482
465
7900
9197
4119
1690
-2328
-2656
-2110
210
1446
-3689
-1793
1178
149
-5735
-11531
-6259
-2559
-3536
-3383
-251
4106
-154
-3054
-47
-73
-2012
1277
7585
6128
1740
5723
10309
2838
-4971
-1689
5487
4155
354
3005
2560
-2850
-7311
-6004
-7075
-12630
-9802
-3430
-289
-4503
-6206
-737
-207
1824
2578
9131
14330
14849
16897
11936
6857
-287
6575
15189
14389
7255
4437
11812
6008
-2458
-15315
-21690
-20762
-13222
-646
-4103
-7347
-9344
-9450
-14191
-20926
-14151
-10087
-2567
4623
8705
12578
7513
6538
-3535
-9839
-3715
3293
7896
2324
9635
16601
11354
-468
-11721
-11831
-11284
-6268
1071
4177
4590
3334
1385
-5529
-11912
-9733
-2627
-413
-758
5704
13202
13722
3420
-1571
-2268
-2857
1409
3633
10306
8495
7824
7669
1687
251
-3691
-1120
-1849
-2389
3118
5196
4653
-1660
-3562
-2846
-6059
-7147
-4812
-1535
-2511
-2853
-2362
-3666
-5312
-3801
-976
-3406
-1578
2044
3873
262
-1663
4011
3667
1414
1522
4873
4900
1232
3079
3883
352
-1310
1786
4561
467
-3068
-1579
-963
-2699
-3738
-3761
-5205
-6589
-4726
-2767
-4942
-5071
-2395
2337
2803
2448
5950
9203
12922
13843
14199
9959
3718
-1145
2457
10202
14047
11549
4765
4066
1265
-1755
-12068
-21544
-21966
-15018
-1191
-1083
-3344
-5072
-7673
-11423
-19750
-15405
-8515
-253
7211
7877
9323
6521
7116
315
-9756
-8118
-1310
6650
5764
8229
13335
9194
-1035
-10552
-12161
-10463
-5692
897
4298
2881
1811
1433
-4335
-10634
-10880
-4435
-570
1053
6792
11617
12389
5823
1792
1000
-1142
1675
5126
10619
10819
8055
8266
4025
-286
-4274
-3972
-1737
-2528
-44
2751
2713
-225
-4068
-4871
-7177
-9128
-5811
-1669
411
-1304
-2724
-1930
-3465
-3321
-1992
-1548
-239
387
2979
3833
2647
3483
2433
585
56
1892
3754
1494
937
2834
2429
1160
185
838
-1110
-3249
-1725
-592
-1129
-3557
-1628
930
-1079
-4080
-5366
-3995
-3143
-2156
-218
-689
-1093
2484
7727
10487
8877
7572
8566
7715
2952
-1950
-2006
5154
10764
11822
7531
1112
-2059
-4490
-2807
-8512
-14635
-13973
-4830
3836
-2509
-6239
-7418
-6209
-8945
-11909
-5846
-4652
-1310
2477
3621
2665
26
3694
-496
-7065
-5182
1119
5876
2075
2929
7557
7568
2524
-4081
-6422
-4839
533
5138
2590
-2661
-1062
504
-2414
-7156
-6878
-2966
-5172
-2919
2785
8490
8488
3663
5437
3350
1356
2877
6671
7750
3051
5230
9766
8124
1185
479
3030
-738
-6575
-3713
5212
1201
-5035
-5465
-2136
-4814
-10723
-3700
-974
-4932
-9032
-4523
2959
-617
-328
2795
1240
-3774
-3472
5298
6118
1294
2275
6655
6191
146
-994
1335
995
248
1499
3798
2555
-480
-1675
-4110
-6229
-6654
-3486
751
1321
2271
1322
-1157
-5439
-7327
-3624
97
1282
-690
-71
2901
5006
4352
3339
3936
3595
3106
3945
4567
1683
-1215
2203
6567
6228
1624
405
2911
2485
2886
-2128
-6693
-10796
-8285
14
-2733
-3163
-3654
-592
-3264
-12099
-10044
-9229
-4351
-2531
-2044
1191
1120
6456
2818
-4176
-6430
-4910
1438
2031
5965
11358
12519
9272
1949
-2560
-3540
-2876
-2578
-2829
-2527
2689
4587
1286
-4866
-9193
-6897
-8767
-6498
-325
6462
11193
8482
9148
6157
1351
1475
2241
4938
4830
8448
14732
10346
2902
-215
289
-2872
-10303
-7071
-624
-1640
-4494
-5921
-4200
-8226
-12615
-9302
-7954
-7485
-6647
-415
6148
3799
2419
2318
219
-2886
-2014
6618
10833
8225
6707
6754
4484
-1955
-3377
1091
2659
857
219
2079
1522
-3198
-5577
-7380
-9058
-6711
-763
5942
4416
2707
2373
323
-3115
-5444
198
3879
4177
1817
1817
2181
-1502
-4119
-3606
-21
-204
1457
3209
4405
3324
-756
-2593
-7919
-5083
1239
8117
9360
3480
6041
4122
3108
-3542
-8367
-5097
-3591
4829
3251
2890
2533
-844
-3613
-11328
-7488
-5578
-3306
-228
53
2286
-800
1065
-697
-5447
-6459
-5345
-777
-829
3152
8873
8755
2430
-4054
-3160
-2764
-2588
-1793
1705
2753
1532
2543
1297
-482
-4959
-3537
-267
-135
1780
4187
9365
7273
3414
3264
1806
767
-1512
2237
5200
2633
1575
940
1110
-2983
-5973
-4821
-6104
-8626
-8984
-5020
-2125
-2744
-2159
-481
-1228
-1742
-473
229
-437
213
4646
7159
5912
5232
4420
2701
45
-1475
-1047
-353
3183
5030
2790
264
3
118
-3868
-5995
-3639
-955
480
1971
4111
2990
104
-158
1056
2265
2949
4383
5628
4745
4074
3947
3358
804
-1659
-2251
-3202
-5389
-7729
-6866
-5346
-5904
-7496
-6772
-3434
-3708
-5207
-5248
-3488
-1436
-394
2127
1673
1464
3779
6498
7428
4915
6802
9243
9704
7085
2446
1151
-741
356
1421
2011
4135
3361
1190
-3932
-6654
-6970
-8922
-8574
-6916
-4309
-3193
-1674
310
-2990
-7603
-8798
-6432
-4842
-4212
-322
4260
4640
2955
1917
1016
41
532
4425
5890
5116
5870
7157
7024
3014
1237
2366
2600
3004
3149
3826
2289
-59
-131
-1041
-3242
-5628
-5419
-4730
-6223
-6763
-5648
-3710
-3599
-3571
-2236
-1620
-1103
-488
1860
2609
2095
2918
4218
4906
3134
3265
3691
2945
1445
574
2073
1705
1659
1735
1531
740
-976
-176
-495
-1427
-757
582
1336
-1078
-2070
-645
486
822
431
2083
2895
2247
2334
2059
1204
-408
258
2256
1779
550
352
98
-2653
-5149
-3653
-1031
-1918
-4751
-5768
-5371
-5506
-6810
-5155
-3455
-3869
-4841
-5281
-3950
-4125
-2050
1090
2623
1617
232
2226
3044
1630
-255
2275
6945
8907
9288
8815
8552
6348
4929
5221
3999
2452
1654
3667
3611
1488
1228
925
-741
-5708
-7640
-6563
-6102
-6020
-5584
-3497
-3377
-3862
-3815
-3937
-4764
-5395
-3697
-1894
-457
1435
4136
5363
3636
1741
787
1345
1585
2167
3046
2906
2420
1487
2025
1321
-261
-1712
-2733
-2769
-3483
-3684
-3327
-2044
-1295
-1565
-1673
-670
442
888
737
241
705
999
2319
3558
3162
2312
1725
1744
315
-1067
407
2153
2115
486
-445
135
-409
-924
-662
-99
498
466
1393
2246
1782
1407
1294
1857
1706
1226
1825
2409
2117
175
-898
-1086
-1105
-1195
-824
-727
-2130
-1953
-1827
-2072
-3075
-3402
-1883
-2090
-2440
-2951
-2522
-1630
-1772
-658
-580
-1118
-1703
-1950
-1223
-1684
-1506
-973
-1205
-2185
-3091
-2224
-895
-697
-864
-244
1025
2229
2238
2584
3367
4074
4430
4237
4580
4182
4400
5814
7008
7010
5628
5647
6489
4860
896
-2690
-3291
-2076
-933
274
810
354
-1049
-1972
-2963
-5146
-6389
-5185
-2837
-1895
-1216
848
1727
-1035
-4297
-5234
-5310
-5509
-4077
-246
1556
641
108
-355
-2335
-5721
-6526
-4781
-3274
-1311
951
2864
2369
298
-280
-736
-1120
129
3037
5857
5442
3880
3941
3951
2649
754
680
1436
1634
2308
3446
3575
1465
-901
-1934
-2283
-2697
-1875
7
452
-755
-1330
-112
289
-616
-975
-705
-261
638
2772
4311
2530
46
-732
-394
81
-23
853
1365
1540
1305
-464
-1635
-2215
-1605
-2090
-3067
-2189
-1478
-877
-1234
-1056
-1823
-3759
-3871
-2278
115
413
750
1986
2045
601
-735
16
643
232
17
1026
1979
1704
1442
1410
891
-406
-687
623
1487
1081
826
1389
786
-618
-406
1702
2130
611
271
731
375
-1628
-1260
1289
2308
2296
1901
3343
3913
3351
3243
1082
-627
-1900
-532
1212
672
1725
2129
1562
-2103
-5488
-5300
-5132
-5062
-5371
-4181
-2740
-2401
-2088
-3368
-5236
-6684
-7379
-6470
-4595
-1685
1061
2561
2661
1394
-396
-1266
-305
1455
2508
2828
4609
6324
5813
4304
3198
2757
1377
1099
3030
4075
3334
2008
1962
1331
-644
-1173
-651
-946
-2114
-2217
-550
-246
-1297
-555
-193
-1144
-2885
-2987
-933
-832
-658
43
819
842
-108
1051
1244
285
66
409
1070
283
823
1943
676
-731
-588
1029
1046
-795
-1179
-1126
-1901
-2555
-1915
-572
-668
-948
-360
-328
-1116
-1409
-309
21
-311
538
1921
2600
1902
1755
2167
1557
589
1194
2859
3695
3163
2159
1580
153
-488
-119
704
530
-785
-897
-1183
-2073
-3935
-4382
-3239
-2589
-1685
-949
348
491
-138
-531
-1421
-1942
-2056
1299
4923
5934
4647
3508
4304
3347
1882
-453
-1620
-1998
-1214
602
1131
1109
-539
-1230
-3347
-5744
-7062
-6778
-4158
-3125
-2210
-1636
-362
52
-2280
-3921
-4387
-3555
-2224
105
3826
5845
5325
4437
3182
1448
45
381
2864
3473
3259
3644
3583
2611
-326
-1099
-1510
-2648
-2482
-1769
468
894
470
194
-1696
-3759
-4506
-2780
-69
473
320
1009
1342
1657
580
323
-397
-1802
-1535
-975
632
976
1041
1314
-88
-830
-700
-231
-113
-1118
-126
1472
1380
947
758
1125
155
-584
415
1432
2197
2358
2300
1331
-286
-472
-245
265
773
1251
1571
525
-205
-315
-465
-1014
-1203
3
1069
1755
1983
1922
1878
1104
512
473
1265
1758
1533
1457
666
-713
-1364
-1334
-1941
-3851
-4524
-3645
-3594
-3798
-3502
-1797
-2189
-3198
-2071
-631
345
-315
148
-31
-1141
422
3501
6376
5907
4056
4123
3456
3014
1052
-470
-1130
-1869
-14
-91
378
11
-1431
-3029
-5763
-5893
-6036
-4180
-1746
-995
-685
-873
590
283
-1920
-2778
-2281
-905
94
2117
5014
4831
2869
1830
304
-1826
-2893
-565
2299
2251
2149
1914
1484
-361
-2404
-1690
-2042
-1520
33
2199
3400
987
540
478
-965
-2256
-1496
1439
1750
15
139
981
437
-1371
-1553
-480
-1618
-1866
-467
1136
456
-263
1650
1847
-183
-1092
1004
2448
1622
1498
3301
3448
1240
373
1011
463
-1019
-199
1511
911
-607
-453
121
-1513
-3013
-1245
690
469
-251
1244
2683
982
48
966
1543
761
1014
3063
3240
1728
716
801
-377
-1641
-768
461
559
-989
-1559
-2209
-3835
-4807
-4836
-4525
-5271
-5533
-4619
-3104
-2190
-2000
-1898
-1028
-140
1019
4085
5046
3295
-624
-1025
3657
5846
7665
6364
5678
4832
3312
4904
141
-3566
-6106
-2685
1639
-1380
149
-376
-628
-5548
-9430
-6723
-6671
-2978
-967
241
-456
-1174
1813
-342
-3999
-5448
-3602
-492
652
3770
6506
4874
2763
792
-1082
-1479
-679
2592
2697
1347
2483
2331
1122
-2332
-2825
-2163
-3612
-1709
1248
3311
2176
285
365
-1829
-4092
-2040
1438
3585
2182
1795
4194
2514
883
-285
709
44
-1710
1942
3329
2494
-1019
-1322
269
-1543
-1556
14
2158
-18
-2258
-329
1557
1112
-159
1057
1076
-455
728
3871
3763
431
-298
1022
609
-995
672
2693
1259
-698
-517
918
-667
-1792
-992
-1098
-2728
-2824
765
2077
-86
-1586
-594
-311
-1916
-1661
910
1184
-2045
-3770
-2852
-2814
-4251
-3941
-1960
-2192
-4695
-3945
-1016
180
-1043
-1226
1680
1988
3134
4167
4351
1163
-1872
4337
8850
9748
4884
4676
7505
4628
2442
-2342
-2439
-4380
-1998
1988
9
-413
-3400
-3188
-8634
-12658
-10061
-7290
-2346
-1929
-401
-406
-592
101
-3770
-5089
-3737
363
3469
4892
8105
7860
4303
947
-212
-988
-1102
1561
4606
3675
969
816
-122
-3475
-7248
-4985
-1205
-888
467
2541
3767
-88
-2319
-375
-357
-1134
330
5700
6966
3373
1968
3133
2280
-1692
-1499
1450
2145
711
1639
3086
-743
-4453
-4388
-1641
-2974
-3203
1103
2381
429
-2559
387
1771
26
171
1598
3643
1774
2466
3791
2571
619
-523
1008
407
-155
929
1028
-716
-3034
-2508
-948
-1586
-2303
-1641
-814
-1124
-1957
-1009
-533
-1391
-1557
-511
1554
1552
1551
2461
1054
-1935
-4537
-3606
-2836
-3665
-3133
-2083
-1908
-3790
-4097
-2323
-974
-419
1413
3304
4330
5479
5236
3731
-1019
583
6157
10566
11226
5377
5857
4263
4860
969
-6137
-5828
-6323
1228
173
-874
-1879
-6692
-6613
-12811
-10004
-8396
-5667
157
-1242
-877
-2912
1587
1948
-5197
-4727
-1566
3620
4413
6077
9846
5587
868
-85
451
-1197
-2133
2378
4911
588
-1218
885
639
-3862
-7313
-2441
-321
-8
3361
4713
3121
-3449
-1880
2545
176
-76
1876
7412
4263
-663
1704
1279
0
-3613
243
1709
53
2462
2515
1284
-6560
-5781
-1729
396
857
-4
4019
271
-2005
-3011
-627
1569
-794
3395
4518
4849
2219
1315
1943
-3813
-3162
-14
3332
2547
409
2425
-978
-4321
-4808
-2085
-850
-2077
1210
3067
1264
-1167
-1186
29
-1579
-1748
1979
3865
2437
152
715
939
-2669
-3982
-3247
-2434
-3841
-4616
-2200
-3342
-6359
-8144
-5150
-2305
-1797
2330
4290
5015
2921
4026
5616
2538
172
1322
11153
13707
11014
4500
2943
4243
1103
1837
-4066
-5837
-7717
-1027
2415
-4976
-5868
-8451
-5778
-10668
-9537
-3080
-3852
-1048
-2189
1409
1512
2259
5068
-2504
-4183
-1834
4063
5761
3038
6127
3598
436
-1260
-1118
-1101
-3052
-267
3009
2175
841
1922
1151
-3240
-7298
-2247
2691
3072
4721
4100
2673
-3644
-3267
2173
115
-1150
-303
5716
4741
-1538
-823
-1459
-2657
-5482
-1364
4281
2909
3016
2463
779
-5195
-6655
-673
2619
1655
1278
4125
2766
-2226
-4360
-887
-87
-1882
1030
4628
4592
784
987
530
-3464
-3568
-304
3230
2455
2897
3546
165
-2578
-2769
-76
446
288
2000
2587
1487
-475
-1633
-1546
-1895
-1810
147
1203
1225
-289
-787
-786
-2800
-3579
-3963
-2541
-2228
-2406
-1308
-2805
-3516
-5030
-4104
-3531
-3054
1219
3393
5210
3381
3369
3936
4465
4279
1181
777
3438
9409
8770
4791
-527
-1129
406
2055
2266
-4998
-7937
-7138
595
-236
-4176
-3191
-3832
-3250
-7390
-2498
-334
-2770
-651
569
3703
2060
4838
4682
-4098
-5424
-2788
4130
4005
1929
5383
1863
-350
-2454
-1702
-2007
-4707
-236
2608
2906
2253
1256
-426
-5525
-6021
-360
2194
3008
2716
1876
-404
-3484
-362
-57
-2803
-2281
1354
5525
1939
-624
-35
-2706
-4472
-3295
2847
3939
1086
2168
2252
-206
-4287
-2483
1657
1277
778
2928
3902
367
-2960
-1549
-36
-537
1792
4988
5551
1775
293
1973
456
-1016
-788
2469
3629
1377
985
213
-562
-3021
-3342
-271
-206
-580
94
1628
-289
-3970
-3125
-1352
-1941
-2287
673
2984
1030
-1279
-548
-857
-2960
-3419
-1280
388
-1591
-1579
-237
-1437
-4272
-6273
-2735
-1622
-1761
664
3864
5859
361
101
2267
4716
4153
1702
3402
895
5312
7463
7482
85
-5083
1780
3682
4305
-5344
-7191
-5286
-1338
2554
-2933
-1130
-3893
-2043
-3220
-3028
2329
-1310
1416
488
1741
2088
1492
5550
-3156
-6318
-4813
385
3446
-1414
1831
-756
-3115
-3631
-2937
-1151
-4907
-1530
3025
3581
1839
228
549
-2067
-3768
223
3057
2996
3032
2782
1675
-3320
-3858
-1062
-1788
-1863
-421
3463
2152
-1924
-1356
-1904
-2816
-2609
1719
4958
2564
2621
2897
1920
-1274
-2740
1025
2610
3229
3568
4214
2442
-2568
-3251
-199
2483
2301
2386
3505
1779
-657
-62
808
-1390
-2894
576
3687
1341
-1075
-1539
-2058
-4147
-3601
216
1456
812
374
610
-1175
-2752
-1972
-880
-465
31
2778
3774
1691
-1372
-2989
-1884
-1821
-836
534
1105
224
-2593
-2593
-3256
-3561
-3592
-2304
53
-717
1204
2257
1868
-769
-3309
-91
2224
5592
5620
3516
319
-2332
2528
3982
3763
-1054
-303
4625
5296
3742
-5207
-5470
-5205
340
2299
-910
2138
124
2516
-3204
-4330
-2626
-4223
1614
580
3085
1098
831
1820
-7319
-6797
-5834
-820
1259
-502
3832
-402
-1498
-2400
-2616
-1923
-4852
897
5203
5473
3825
-18
-993
-4175
-3957
535
1193
1822
1670
1775
111
-4415
-3277
-1912
-2309
-1755
384
5021
4019
1067
-105
-2255
-2566
-1930
2572
5829
4504
4439
2661
630
-2332
-2475
1317
1538
1013
1106
3328
3331
-524
-2041
-1465
-293
121
2073
4247
2248
412
812
838
-1688
-2889
440
976
-853
-1635
113
253
-2572
-1901
-286
149
-1101
118
2244
626
-742
-548
568
-41
56
2651
2594
729
-265
443
261
-1901
-1732
-781
-488
-1637
-1935
-1449
-3224
-3985
-3454
-1270
-1367
-2548
-756
179
1061
-411
-29
1850
2134
3984
2240
1455
-727
1148
5940
5258
1939
-2875
2084
4824
3093
-2432
-6399
-3927
-2207
3057
676
-843
-1450
-987
-641
-5071
-2031
-1822
-26
1122
164
1797
-1804
564
-1245
-5125
-4078
-3955
2152
917
2163
2920
-2420
-2080
-3529
687
-270
-2126
2488
2405
4223
806
-1183
-1250
-3461
38
105
1617
2815
1613
898
-2841
-2746
-1654
-1201
-133
1058
3592
3550
846
-853
-2104
-1857
-372
1307
3204
2823
2986
2856
1200
-1795
-3892
-1516
1950
3053
2246
1952
1912
843
-1464
-1368
-268
79
1171
2900
3396
467
-755
395
31
-1982
-1842
651
439
-997
777
1695
-1211
-3426
-1223
1701
425
621
2606
2084
-131
-1070
914
426
-352
1381
2559
1783
-801
-444
-222
-1567
-2601
-2982
-1435
-1173
-794
-756
-1559
-2681
-3561
-2147
-1351
-1579
-1184
125
1181
951
485
138
-202
266
1291
754
-210
1013
2922
3450
1415
-110
321
1460
3266
516
-2659
-3359
-239
3126
-364
-1682
-1757
42
-993
-3518
-1306
-2647
-1756
-473
1368
723
-2996
-374
-250
-2037
-3451
-2217
813
-666
1610
3409
1107
-1511
-1634
1673
35
-1244
1232
3220
3009
488
53
-1490
-3045
-1099
961
1226
131
1167
1139
-1626
-2555
-891
616
-598
243
2892
3081
1002
-133
489
-1411
-2520
74
2685
2362
651
1506
1287
-2349
-4000
-2119
995
1212
379
1787
1729
703
-319
677
1814
312
648
2680
3713
1696
388
2073
1628
-824
-1185
774
126
-2417
-989
2171
999
-2493
-1914
769
188
-1654
-123
1481
-58
-539
1659
2948
186
-832
1464
2086
900
443
2271
1391
-1017
-1554
-869
-344
-1633
-1288
-1099
-1511
-1875
-2321
-1703
-3108
-3619
-3305
-1970
-206
-586
-937
-2275
-1703
-767
-640
-171
-373
236
459
1620
1859
692
265
719
1506
254
212
933
981
295
-402
970
689
-14
-617
-661
-225
-826
-363
-584
-402
-99
-46
370
-320
-791
-1415
-1426
-1090
-970
142
1143
961
-575
-1324
-457
36
-573
-389
607
563
-103
4
1477
1283
-68
-161
637
1379
1084
1664
1662
578
450
967
1400
551
345
775
218
-433
-685
-492
-684
-1121
-928
-704
-892
-720
-841
-1096
-1114
-414
822
623
817
1211
1565
1510
1158
2573
3030
2776
1821
1002
874
427
1187
1178
518
-457
-790
-699
-1488
-1594
-912
150
-593
-1178
-152
930
932
-225
340
599
451
940
1799
2128
373
313
759
208
-720
-683
561
-900
-2122
-1643
-797
-1458
-3060
-2134
-1283
-1437
-1837
-1038
-277
-1518
-2210
-1620
-298
-429
-1050
-676
-398
-502
-1161
-1023
-1253
-1941
-1866
-619
1067
895
3
-517
-244
-150
-26
1289
1641
1481
1504
2319
2761
1436
742
24
56
1192
2427
2984
1195
388
623
448
-51
-759
-347
-310
218
953
653
-141
-1028
-1071
-1429
-1529
-816
-536
-926
-1067
-286
-606
-2095
-2295
-973
-43
-411
-281
279
-82
-386
-188
53
-306
-152
1110
1181
784
562
461
78
-852
-473
-328
-137
417
938
1425
394
-511
-1053
-760
375
1199
1524
867
722
1220
1506
1310
1358
1777
1521
1244
1428
1744
887
-101
97
513
637
295
408
-29
-785
-567
199
493
-380
-146
806
819
206
-79
375
214
213
652
491
-124
-259
390
-9
-1373
-1914
-1586
-1456
-1708
-1581
-1499
-2272
-2575
-1936
-1741
-2115
-2090
-587
32
-597
-527
-332
-41
-457
-61
610
256
318
113
59
-550
-953
-478
-489
97
646
937
666
-68
190
390
754
1221
1555
2109
1886
1596
1462
1256
671
-373
-70
1465
2096
1062
-332
-617
-631
-843
-589
-545
-907
-1062
-409
-94
-615
-1259
-1819
-2258
-2020
-576
123
-393
-1032
-559
-197
-1280
-1423
-267
666
281
4
828
862
414
332
376
202
219
1107
1142
266
137
267
-385
-1373
-984
-78
-181
-163
442
682
73
-352
44
253
305
851
1199
1020
933
1220
1379
1094
1440
2071
1950
1400
1003
1081
747
430
691
780
701
313
7
-343
-619
-193
55
-105
-604
-833
-368
12
131
-249
-490
-298
-292
-232
-126
89
44
-294
-277
-585
-833
-702
-583
-408
-950
-934
-853
-1260
-1164
-1311
-933
-1045
-615
219
-43
-42
-567
-363
-470
-721
-28
-171
-5
-265
-267
-337
-1122
-824
-629
-119
324
566
850
424
527
680
706
716
747
1199
1660
1802
1359
657
236
212
72
137
113
-180
-479
-755
-429
-754
-1356
-1585
-1387
-839
-826
-567
-715
-1232
-1434
-1076
-395
-470
-352
232
410
181
85
275
-10
-309
349
1029
1002
671
828
911
311
62
241
573
587
492
603
418
368
53
-160
-144
-386
-24
266
796
798
275
146
-701
-695
-209
643
829
-256
-72
179
626
637
379
702
132
274
542
626
584
82
467
250
-56
22
166
514
207
264
395
186
0
-54
181
398
448
428
310
111
150
33
-50
-173
-281
-166
-360
-419
-494
-645
-772
-1058
-1000
-1017
-1038
-1067
-1047
-444
-272
-429
-549
-181
367
338
416
478
447
138
212
657
628
586
483
367
-15
-237
20
-129
-243
110
514
410
46
-2
-226
-587
-360
155
310
243
212
145
-387
-747
-704
-912
-1060
-1036
-763
-903
-1122
-936
-1348
-1869
-1810
-1041
-549
-798
-510
-86
-228
-450
-193
355
347
274
833
1200
1181
1194
1118
573
-178
312
1160
1001
575
404
581
303
-4
207
-22
-366
-359
229
603
172
-9
49
-117
-265
20
527
698
388
175
55
-13
262
494
605
56
-203
166
437
734
344
320
411
242
452
363
622
379
7
292
392
714
619
626
587
236
520
689
718
424
136
270
313
355
130
-65
-189
-487
-700
-852
-946
-1020
-1078
-1074
-1196
-1459
-1376
-1089
-842
-690
-558
-392
-366
-18
448
652
589
703
1211
1412
1444
1438
1358
994
694
863
956
1023
593
90
-331
-751
-883
-1079
-839
-710
-570
-533
-790
-914
-1322
-1386
-1281
-1155
-1045
-930
-644
-856
-1138
-1375
-1534
-1590
-1429
-957
-839
-692
-593
-608
-846
-1066
-597
-48
378
376
391
705
920
1105
887
682
862
1322
1487
1054
960
1255
1012
273
51
419
411
-16
90
349
-69
-476
-161
259
-135
-395
-6
230
218
166
296
94
-39
267
518
637
615
514
109
-47
80
256
299
268
351
71
202
372
246
94
234
899
792
710
931
909
726
448
924
983
583
626
777
762
129
-29
235
-81
-473
-646
-600
-826
-1167
-1058
-1048
-1259
-1249
-1129
-1059
-1115
-888
-562
-691
-747
-555
-189
64
362
789
808
682
642
826
1069
1167
1229
1125
1028
971
1024
972
636
320
152
344
335
196
54
-234
-557
-1123
-1153
-954
-844
-851
-1018
-937
-1227
-1440
-1522
-1673
-1679
-1629
-1288
-1233
-1335
-1389
-1458
-1476
-1468
-1074
-704
-615
-602
-327
59
270
263
186
334
567
957
1047
965
886
847
985
810
805
779
580
259
-7
51
-61
16
-71
-224
-218
-173
-127
-301
-38
188
249
260
366
774
842
749
659
818
794
653
854
1028
834
258
271
482
341
-75
-249
-26
25
294
517
631
308
103
387
306
477
798
1259
1268
832
771
609
550
406
383
313
30
122
186
-56
-568
-824
-829
-877
-862
-691
-558
-696
-824
-786
-549
-391
-103
86
-101
-84
271
695
515
224
221
310
486
606
786
496
94
53
177
247
12
-2
-105
-230
-318
-498
-467
-548
-540
-757
-799
-742
-966
-824
-745
-860
-1218
-1203
-811
-908
-1058
-944
-694
-913
-1178
-1020
-918
-877
-738
-401
-474
-691
-488
-169
-284
-419
87
525
535
340
609
809
561
556
554
496
343
730
1136
679
179
-27
118
31
-9
96
-226
-493
-514
-177
-333
-720
-593
-402
-180
-44
178
219
122
288
533
676
757
932
1137
1265
1242
1275
1219
1111
1048
946
944
811
827
835
752
464
-36
22
230
464
485
461
508
202
67
-26
162
290
297
439
215
84
-32
60
24
-287
-277
-222
-88
-149
-117
-177
-413
-411
-442
-297
-383
-380
-231
-261
-268
-330
-243
-269
-195
-95
-95
44
203
223
-116
-399
-424
-353
-281
-244
-234
-296
-330
-367
-505
-663
-572
-414
-389
-399
-375
-352
-473
-540
-641
-692
-489
-297
-233
-413
-568
-646
-740
-645
-541
-468
-458
-312
-117
-303
-591
-720
-581
-401
-187
-77
-113
-59
-47
38
-93
-131
199
609
740
445
392
463
500
477
509
649
524
528
496
426
406
221
107
-58
-42
49
87
135
-29
-161
-237
-252
-159
11
189
237
134
237
486
618
574
458
669
713
798
1001
1135
1079
651
513
401
403
509
483
447
200
114
41
-37
28
81
276
308
344
405
397
340
250
394
467
503
385
200
116
73
159
10
-112
-158
-246
-339
-468
-515
-615
-748
-897
-916
-851
-823
-786
-798
-719
-574
-496
-428
-307
-118
31
115
243
268
103
-21
40
98
35
41
85
-45
-256
-384
-463
-660
-728
-529
-400
-434
-617
-688
-767
-881
-852
-740
-532
-468
-341
-211
-306
-441
-559
-389
-161
6
156
141
207
108
-87
-312
-425
-154
117
356
419
385
274
140
196
224
270
396
616
739
617
539
525
445
271
238
453
542
539
533
504
289
-190
-319
-61
162
120
110
245
52
-114
-96
-68
-44
-5
303
546
577
578
490
411
228
233
553
721
817
772
711
471
158
210
215
168
34
62
242
86
-139
-367
-500
-511
-458
-149
26
64
73
-15
-145
-305
-129
79
58
-48
-111
32
-12
-190
-266
-368
-521
-624
-405
-158
-245
-363
-377
-411
-556
-441
-94
34
54
66
190
200
110
233
301
141
65
269
425
286
104
35
-117
-281
-246
-148
-243
-491
-608
-643
-772
-796
-701
-614
-669
-779
-698
-664
-619
-523
-438
-358
-361
-216
-48
-44
-133
-173
-31
103
158
203
259
307
231
121
61
105
324
520
546
480
408
397
313
235
290
333
363
350
463
482
300
232
214
207
129
202
369
348
246
168
94
-32
-58
63
157
146
179
291
287
92
-44
25
132
166
222
331
425
408
333
311
255
297
338
366
386
191
75
29
-77
-213
-340
-309
-330
-371
-358
-425
-528
-597
-514
-451
-438
-385
-306
-120
-59
-158
-295
-288
-77
31
2
-99
-103
16
40
48
13
-8
45
137
235
246
271
243
166
87
121
251
302
356
342
278
129
-10
47
37
-51
-98
-73
-56
-192
-291
-364
-429
-414
-348
-341
-432
-406
-424
-505
-672
-752
-615
-547
-383
-275
-252
-209
-289
-250
-182
-104
40
53
102
102
135
130
30
146
160
168
235
384
493
319
160
95
156
294
404
458
334
241
287
290
269
202
303
353
402
467
368
410
301
218
187
154
224
245
339
289
92
-87
-182
-139
-137
-106
-62
-98
-22
-51
-203
-344
-395
-263
-168
-104
8
135
130
19
-71
-136
-151
-129
6
88
-16
-166
-240
-259
-346
-430
-433
-384
-288
-212
-249
-387
-477
-491
-382
-288
-237
-107
-12
35
38
73
134
244
269
219
221
297
431
363
280
284
315
344
401
533
518
353
231
261
312
259
233
207
215
187
63
5
-51
-79
-110
-59
-17
-40
-32
-113
-265
-413
-385
-265
-189
-173
-202
-233
-286
-379
-445
-427
-359
-247
-159
-67
-38
-77
-113
-139
-102
-26
33
110
236
264
181
95
90
122
130
144
149
162
209
178
99
-3
-28
37
87
175
136
180
196
117
44
-19
59
63
92
91
60
73
58
54
-56
-157
-145
-147
-94
-81
-206
-347
-449
-400
-349
-313
-222
-211
-189
-250
-303
-267
-223
-177
-181
-119
-62
12
64
-4
-105
-157
-74
70
88
47
4
-87
-175
-225
-127
-63
5
79
117
137
88
144
225
264
256
267
354
464
550
537
414
344
352
433
480
464
423
394
428
336
289
275
274
297
237
225
184
123
59
-14
-55
-79
-34
-3
-11
-58
-221
-313
-316
-269
-243
-315
-337
-318
-319
-409
-457
-451
-438
-297
-240
-225
-239
-246
-195
-205
-178
-112
68
152
154
138
99
110
75
119
156
189
187
148
132
29
-32
-60
-48
7
-22
-22
-17
-82
-114
-208
-306
-253
-150
-64
-73
-77
-54
-57
-66
-90
-71
-66
-63
-53
-28
-27
-83
-161
-226
-248
-205
-124
-91
-75
-92
-127
-167
-200
-195
-179
-132
-90
-86
-59
-75
-149
-187
-135
-19
126
228
226
201
190
162
131
161
213
255
265
274
259
185
145
104
161
297
356
367
349
317
243
195
201
199
237
233
250
269
237
212
146
126
139
218
287
256
209
165
117
48
8
30
83
151
180
168
129
32
-61
-153
-131
-46
-15
-19
-155
-274
-337
-428
-443
-397
-315
-287
-283
-287
-329
-372
-458
-419
-351
-237
-105
-90
-111
-154
-169
-147
-76
-21
48
94
124
170
146
48
-2
30
111
176
208
158
49
37
-36
-99
-78
-64
-19
23
2
-59
-130
-141
-161
-117
-32
9
25
-38
-43
-71
-82
-141
-167
-113
-53
25
26
38
-44
-181
-224
-150
-33
17
25
23
-25
-62
-81
-98
-117
-138
-101
-18
35
-20
-75
-103
-130
-140
-83
85
165
99
44
4
14
77
136
201
186
175
170
165
164
66
28
93
184
290
349
336
296
262
216
212
328
415
457
421
363
353
281
265
271
221
207
214
197
132
19
-41
-91
-142
-133
-77
-35
-47
-94
-157
-239
-312
-319
-270
-195
-194
-162
-175
-207
-223
-281
-259
-230
-102
20
25
-29
-84
-97
-82
-32
-16
25
95
94
37
1
-7
-11
-31
-44
2
50
66
47
-46
-167
-230
-212
-120
-42
-52
-88
-130
-194
-262
-270
-208
-177
-171
-79
-25
-95
-202
-217
-167
-136
-62
34
104
83
37
-11
-40
-22
-6
51
134
182
133
50
21
8
-32
-58
-37
12
3
9
-29
-95
-141
-199
-132
-82
-31
-1
9
6
-94
-161
-182
-144
-57
38
66
94
65
9
34
113
153
163
259
297
280
248
262
251
222
214
255
372
415
448
429
315
209
201
280
338
356
350
243
154
89
38
5
-30
34
29
0
-41
-128
-181
-180
-214
-214
-110
-54
-62
-115
-166
-218
-254
-205
-153
-114
-70
-60
-18
-77
-133
-136
-119
-48
-9
91
108
65
6
-28
-28
-49
-25
14
64
59
-1
-57
-101
-137
-159
-113
-62
-31
-43
-125
-192
-247
-282
-248
-211
-200
-167
-162
-142
-123
-167
-165
-118
-84
-28
44
81
45
-3
-14
-41
-32
41
117
136
92
26
-41
-34
-16
-32
-10
10
-2
-38
-66
-87
-145
-164
-138
-130
-75
-23
0
-4
-49
-76
-54
-21
48
115
89
86
114
95
41
20
19
46
92
152
202
167
135
69
69
79
149
249
261
273
232
244
220
180
192
234
288
291
284
270
196
101
45
43
88
116
125
81
33
-18
-49
-69
-133
-94
-67
-63
-53
-107
-136
-173
-155
-120
-39
60
70
61
-4
-33
-60
-39
29
38
56
12
39
41
-42
-60
-111
-77
-52
-22
3
-31
-75
-169
-172
-160
-130
-101
-104
-75
-81
-126
-145
-130
-139
-133
-91
-73
-66
-72
-125
-184
-221
-176
-133
-85
-19
-52
-113
-121
-92
-97
-120
-80
-5
9
24
23
3
-43
-108
-79
-5
75
132
132
75
6
-37
-40
-39
-35
-25
29
41
4
-35
-64
-39
-45
9
89
113
103
67
-21
-48
-12
29
105
141
187
170
159
161
136
124
110
129
160
200
151
85
65
40
26
61
105
138
142
143
123
41
1
-22
-5
19
48
101
107
54
7
-20
-44
-22
24
66
62
52
10
-36
-59
-78
-72
-30
14
27
9
2
16
-54
-72
-53
-17
42
47
31
-29
-66
-79
-94
-46
4
48
76
61
38
-38
-79
-107
-110
-57
-34
2
1
-53
-120
-162
-146
-96
-66
-47
-6
-12
-45
-81
-124
-138
-146
-69
-48
-82
-60
-57
-25
-64
-58
0
62
86
38
44
8
-45
-60
-35
6
23
40
35
22
8
-25
-26
-23
0
53
101
78
35
-4
-59
-41
-38
-26
-20
-17
-23
-15
-21
-81
-110
-90
-35
-36
-3
14
39
19
-31
-32
-43
33
73
57
26
9
-17
-32
-34
-25
-10
37
93
81
79
31
19
38
66
81
127
138
101
115
104
106
69
12
51
119
121
177
171
113
67
22
11
7
42
29
12
-19
-26
-47
-35
-3
-29
7
14
13
-16
-46
-98
-120
-74
-53
-37
-28
-4
-42
-111
-95
-32
19
41
28
22
16
-5
-56
-68
-51
-42
35
44
75
79
38
42
-7
25
78
108
131
116
66
0
-43
-57
-21
-10
40
61
85
66
-25
-32
-47
-44
-32
10
-1
-47
-88
-127
-127
-142
-97
-87
-70
-43
-43
-54
-64
-74
-87
-90
-86
-28
-42
-63
-92
-127
-136
-120
-113
-110
-80
-75
-32
-33
-48
-81
-96
-99
-90
-19
27
35
5
-25
-57
-49
-24
-14
-2
32
50
16
9
-18
-48
-9
19
61
97
123
131
93
62
35
44
67
112
132
98
88
100
123
154
143
164
170
173
193
155
155
110
50
68
70
91
108
53
28
25
14
31
40
33
16
45
38
15
13
-17
-11
2
-21
-10
7
-7
-8
-17
-36
-40
-31
-16
-31
-61
-65
-86
-115
-119
-85
-70
-47
-7
-18
-29
-12
-8
-44
-29
-5
-12
9
-3
-34
-16
-10
-20
-16
-18
6
32
28
43
44
32
0
-28
1
-22
-34
-38
-12
-17
-35
-41
-52
-38
-114
-105
-100
-117
-110
-135
-145
-140
-130
-130
-129
-119
-67
-98
-129
-117
-93
-82
-42
-15
-34
-18
-53
-41
-34
-20
32
46
45
43
57
54
52
4
-13
16
25
52
55
88
66
46
53
59
114
133
116
87
86
52
47
55
92
103
92
96
74
70
71
101
36
3
58
77
81
82
62
47
28
12
36
18
35
42
21
15
-9
-4
22
12
4
8
25
67
90
88
63
25
6
15
35
6
-10
10
1
9
-13
-26
-31
-23
6
-6
7
6
-8
-26
-35
-41
-56
-47
-31
-6
-15
6
13
-17
-20
-47
-48
-57
-47
-30
-35
-49
-48
-24
-19
-1
-38
-46
-43
-38
-27
-21
-13
-41
-18
-41
-66
-73
-89
-92
-79
-74
-103
-106
-96
-86
-116
-129
-102
-83
-92
-80
-55
-6
3
-43
-50
-68
-67
-33
-21
-12
12
-13
1
35
37
30
32
53
32
31
51
71
60
35
57
63
50
38
23
50
43
10
32
21
-4
-18
-24
29
46
52
63
62
63
32
46
58
31
22
45
13
5
12
19
63
55
66
47
57
76
88
83
97
134
105
89
79
83
69
72
82
107
84
38
33
43
73
44
38
51
41
45
49
28
28
28
6
-8
-37
-61
-45
-32
-35
-40
-74
-46
-43
-91
-70
-69
-77
-51
-74
-89
-84
-92
-84
-85
-49
-39
-59
-68
-87
-88
-105
-97
-80
-98
-58
-45
-63
-43
-53
-45
-42
-32
-39
-62
-68
-71
-49
-68
-76
-62
-42
-33
-44
-43
-58
-41
-37
-59
-29
3
-10
23
41
24
49
29
4
16
16
16
8
30
38
14
31
42
33
17
30
40
12
5
28
27
34
38
41
51
70
67
70
80
54
95
98
71
76
78
58
33
35
19
20
41
31
7
12
32
25
41
55
45
63
47
40
52
41
22
27
25
6
13
-10
-39
-49
-36
-29
-26
20
25
-24
-25
-31
-39
-19
-13
-15
11
28
12
28
35
15
22
40
16
5
-7
-1
-1
-7
10
0
-9
-23
-19
-17
-16
-47
-50
-28
-32
-26
-44
-29
-10
-26
-56
-39
-9
-28
-64
-82
-66
-63
-55
-44
-60
-62
-62
-24
-4
-15
-6
9
12
-44
-59
-57
-43
-38
-17
12
7
3
7
4
-12
1
25
35
-3
-14
3
9
10
23
18
16
28
24
31
-5
-18
-2
-5
-3
23
9
-26
-18
-4
-11
-32
-35
-40
-25
-9
-20
21
27
0
-4
-13
0
11
41
13
-19
13
21
25
6
19
45
21
29
57
28
2
13
32
21
26
31
26
58
39
30
28
32
54
39
23
30
35
30
40
44
38
38
40
47
42
19
12
-4
3
18
18
14
0
7
5
-10
-9
-18
-47
-8
14
2
0
-10
2
8
13
14
6
-13
-10
4
11
6
-10
-8
-4
-3
-12
-7
-12
-18
0
-1
-18
-28
-25
-41
-53
-31
-23
-35
-45
-32
-49
-49
-40
-63
-72
-76
-63
-78
-97
-71
-9
3
-6
-6
-7
19
-4
-2
-10
-12
-13
-50
-34
-31
-54
-16
9
0
6
5
-13
-18
0
-8
-9
-10
-26
-54
-37
11
-20
-5
21
18
27
20
3
13
50
35
28
30
33
31
18
20
32
38
40
48
32
35
48
47
27
27
28
16
43
26
3
3
6
-6
-20
14
9
18
31
26
30
16
23
32
22
4
10
13
17
11
12
7
-1
25
30
11
8
23
-6
5
-10
-38
-33
-25
5
9
35
26
38
32
6
14
10
36
43
15
10
-3
-11
-4
-16
-4
0
13
31
8
-10
5
4
6
14
10
-15
-29
-27
-31
0
-1
3
-13
-39
-23
-21
-31
-38
-70
-70
-35
-61
-75
-75
-52
-44
-50
-46
-48
-45
-70
-53
-30
-23
-22
-20
-18
-9
0
-9
9
12
-4
4
8
0
-19
-16
7
25
18
-24
-2
8
2
16
10
33
22
17
1
-28
-31
-26
-39
-49
-25
-23
7
1
-6
1
6
43
10
5
-3
7
19
9
34
14
-1
-13
-35
-12
19
25
30
20
17
21
28
49
28
12
24
23
36
64
59
59
56
57
61
62
57
48
47
29
75
94
68
58
54
54
33
39
37
39
47
38
22
0
3
2
2
12
-2
0
8
-25
-42
-26
0
-19
-38
-4
-16
-33
-13
-34
-44
-28
-41
-47
-31
-23
-48
-63
-65
-64
-67
-83
-71
-60
-76
-82
-87
-87
-67
-41
-37
-22
10
7
4
6
-13
-9
-14
-22
-29
-22
28
3
-7
-2
-9
-3
13
19
0
12
33
56
53
38
7
-9
-10
11
14
-12
-31
-15
3
-23
-8
-14
-15
-58
-87
-59
-62
-60
-37
-33
-41
-17
-8
3
-8
13
30
8
-7
-18
-14
7
42
39
47
52
59
59
41
19
43
52
57
56
67
85
46
40
58
84
64
69
78
83
69
48
67
54
38
35
45
11
3
-16
-11
8
-1
15
7
-19
-30
15
6
-27
-16
-28
-28
-43
-47
-38
-46
-41
-59
-56
-51
-56
-51
-28
-32
-12
11
2
4
-8
16
12
-4
3
12
16
21
17
13
6
-9
2
11
37
35
27
10
21
34
-1
6
0
-12
-46
-51
-7
2
6
7
6
3
3
-19
-9
13
-12
-14
-25
-44
-55
-53
-45
-73
-82
-58
-60
-62
-54
-66
-55
-38
-39
-41
-34
-23
-43
-54
-4
-3
-45
-39
-28
-51
-73
-52
-57
-22
10
-6
3
12
12
10
31
45
61
56
63
73
40
38
45
39
25
25
32
31
44
54
43
44
47
36
23
33
59
72
75
70
33
33
56
40
17
2
29
44
50
43
47
78
78
48
42
34
19
42
20
-6
-25
-24
-17
-22
-22
-17
-29
-35
-21
-18
12
5
-13
-16
-26
-15
-16
-22
6
-1
-10
-23
-32
-29
-17
-5
-16
10
6
20
0
-27
-4
13
6
-5
-6
-28
-21
-25
-27
-30
-49
-76
-73
-41
-22
-11
-22
-28
-56
-54
-25
-43
-68
-66
-66
-48
-48
-53
-23
-31
-20
-19
-58
-48
-18
11
0
-17
-4
-15
-23
-19
-9
-9
5
5
9
25
21
10
-6
-3
-2
27
35
54
51
24
50
57
55
48
50
49
48
63
93
89
52
37
18
11
0
12
35
34
15
-25
-6
-18
-30
-17
-41
-27
-28
-26
-9
-7
19
30
46
51
41
62
38
20
15
23
21
-5
0
-9
-13
-50
-41
-22
-22
-7
8
7
-9
-8
20
39
-22
18
59
36
19
-6
29
35
7
7
24
20
7
-4
10
19
25
29
37
8
-30
-19
-23
-12
-15
-13
-21
-44
-47
-39
-16
-5
-13
-12
-9
-14
-3
-17
-7
-15
-22
-23
-26
-4
-22
-31
-37
-41
-39
-63
-49
-27
-44
-38
-27
-37
-51
-49
-47
-34
-27
-25
6
-7
-17
-6
0
7
8
19
18
-2
-9
2
-1
-3
-3
9
19
11
-15
-9
1
-18
-6
4
7
6
25
38
17
7
10
34
40
32
17
16
39
35
33
48
63
51
25
17
0
9
20
31
39
30
22
18
30
17
58
61
45
29
34
57
-10
-19
-19
-10
3
-7
-3
-5
2
15
31
19
4
-12
-22
-38
-46
-32
-40
-57
-43
-28
-16
2
16
26
11
6
1
-6
-4
19
0
-3
-13
-32
-25
-32
-18
-18
-7
-35
-21
-16
-18
-10
-32
-26
-44
-10
-1
5
40
39
38
18
-13
1
8
8
1
1
11
-18
-27
-46
-25
-6
-12
-1
-15
-18
-18
-27
21
4
-15
23
15
29
-4
-15
4
19
23
4
4
3
4
15
25
10
-7
-3
-2
-29
-15
-17
-9
-11
-19
12
3
-10
1
16
27
39
30
40
44
28
6
4
13
10
15
-4
-5
-20
-38
-37
-42
-50
-58
-50
-38
-40
-39
-45
-54
-25
-27
-33
-16
-8
-10
-13
11
24
30
35
50
59
42
23
29
12
-1
21
13
12
21
52
28
19
48
44
12
-1
27
35
28
16
15
2
4
-3
-6
-5
-1
-3
-2
10
2
6
-3
-1
-3
5
4
9
25
14
16
25
25
2
-8
9
13
9
29
29
3
13
3
0
5
-4
3
-2
-9
-37
-43
-22
-30
-41
-39
-30
-16
-20
-7
-13
-15
16
12
9
-1
12
14
-1
-16
-8
0
-3
-13
-24
-11
-12
-27
-36
-36
-48
-49
-78
-79
-64
-56
-32
-25
-17
-28
-23
-22
-10
-5
-2
-12
-29
-11
-23
-7
16
-3
2
13
15
16
12
27
8
-4
9
-3
-5
29
44
31
1
-10
11
27
30
-4
10
19
16
22
12
10
15
9
-6
-19
-9
17
1
29
36
30
55
76
78
44
36
47
53
34
25
16
39
38
20
28
23
6
4
18
9
31
23
15
16
-12
-12
15
1
-31
-2
6
0
4
4
14
14
15
14
9
10
5
3
3
5
12
6
4
-2
-28
-55
-59
-51
-60
-34
-53
-50
-34
-52
-41
-41
-26
-35
-34
-27
-30
-25
-30
-29
-8
4
-22
-25
-23
-51
-56
-38
-63
-51
-31
-35
-36
-54
-79
-57
-29
-54
-45
-38
-20
-25
-31
6
7
6
20
31
32
34
21
38
37
36
45
9
19
25
38
38
29
37
38
41
63
56
49
85
88
66
52
66
67
60
70
54
37
45
30
17
12
0
-6
-19
-12
8
-10
-6
-22
-31
-14
-29
-7
-3
4
-5
-19
-17
-18
-9
-23
-26
-44
-28
-15
-23
-4
-8
-23
-21
-16
5
35
13
19
5
-15
-6
19
44
19
17
29
50
9
5
30
22
26
-13
-31
-23
-2
-19
-38
-51
-49
-41
-49
-43
-23
-6
-23
-19
-32
-22
-23
-15
-20
-40
-17
-19
6
3
10
9
-6
-1
-8
17
13
6
4
6
0
-6
-34
-37
-9
-13
-24
-29
10
16
17
25
38
36
11
28
18
10
3
0
-9
-28
-29
-20
-35
-35
-11
-8
-7
-13
3
-15
-18
-1
-5
10
25
42
31
23
32
45
54
47
44
16
-6
-25
-9
21
-5
9
10
1
9
-11
-12
3
-17
-24
12
24
6
-4
-16
-22
15
13
15
15
22
36
9
8
9
29
19
28
10
15
32
9
44
19
13
-6
-17
-28
-29
-4
-28
-19
-16
4
-5
-18
-32
-45
-25
3
0
-18
-14
-14
-8
-9
-4
-3
-6
-13
-3
-20
-16
-13
-32
-24
-31
-32
-24
26
16
-1
20
28
29
-6
9
48
30
-5
-5
-4
2
-4
-14
-10
-25
-35
-39
-50
-33
-27
-7
27
17
41
30
14
22
19
3
-9
8
-15
-6
18
20
7
-13
23
24
8
16
9
0
-18
-17
7
-2
-25
-13
-6
-21
9
9
-7
13
-4
8
15
-5
-3
-7
-5
2
7
12
12
16
25
9
14
25
7
13
8
-10
0
7
16
17
4
9
24
6
-10
3
0
10
32
35
23
13
3
-3
-6
-17
-19
-28
-47
-31
-32
-18
-13
-44
-31
-33
-29
-34
-35
-22
-31
-33
-39
-29
-6
-5
-3
9
0
-20
-34
-30
-20
-5
-21
-17
-1
-22
-16
7
6
7
5
4
54
60
67
57
63
72
56
67
51
50
26
25
26
22
14
6
9
7
10
0
6
12
12
14
41
48
27
8
13
13
7
-10
-26
-19
-41
-26
-15
-25
-34
-29
-20
-13
-16
-31
-12
-3
-24
-48
-16
-4
2
-5
14
37
14
26
3
4
-6
-19
-19
-34
-22
-32
-32
-18
-14
-21
-12
-23
-30
-15
-4
-10
-4
17
-8
9
-2
-26
-35
-16
13
-13
-19
-30
-28
-34
-15
-4
-18
-16
-13
16
-5
-7
-4
-23
-9
0
0
0
2
3
-2
-7
-9
0
-3
9
41
16
5
32
30
26
48
45
17
15
33
38
22
32
43
48
53
43
44
55
39
33
35
20
19
1
25
19
-6
7
-22
-20
3
8
0
3
1
-2
22
9
10
-1
-4
11
-6
-9
-9
-14
-40
-17
9
-25
-23
-15
-6
-10
-25
-26
-38
-42
-32
-14
-17
-20
-38
-25
-12
-26
-9
-15
3
2
3
14
-5
-13
-35
-5
5
-11
-16
-24
1
18
14
-2
3
-2
-16
-15
-9
-24
-43
-22
-25
-10
10
10
10
-3
-1
-2
-3
-3
3
1
-12
3
2
3
2
-3
3
-23
-17
11
6
-2
-3
3
-7
-5
-1
-2
0
-11
-8
8
16
18
-3
13
33
14
60
52
23
34
35
38
37
45
20
-5
6
12
-9
6
28
32
13
8
13
16
15
-1
12
14
19
2
3
13
-16
-24
-8
-9
-3
5
-6
-3
-16
-17
-10
0
8
10
-4
-6
-6
-8
2
-6
-17
-31
-20
-13
-17
-16
-29
-28
-12
-3
-4
-6
7
2
-13
-18
-16
0
23
21
16
21
11
2
-21
3
11
-10
-22
-9
1
-26
2
4
3
7
2
19
28
22
0
-24
-11
-11
-23
-19
-12
-4
0
4
-13
-18
-11
9
18
7
0
7
5
3
-17
-42
-35
-32
-23
-25
-20
6
10
-4
30
29
3
19
20
2
-20
-36
-35
-33
-57
-35
3
15
12
4
23
25
9
-3
5
11
-4
-20
-31
-28
-22
-6
15
36
44
46
59
56
43
29
16
22
20
8
-1
3
-2
4
6
2
19
29
50
47
23
20
19
20
6
-7
-16
-10
-15
-18
25
14
-18
-16
-9
-7
-16
-12
-16
-3
4
0
8
14
12
4
-3
2
28
43
25
13
36
19
18
24
13
0
-1
-16
-38
-4
-23
-38
-28
-15
-31
-42
-27
-52
-60
-34
-30
-60
-46
-45
-39
-1
6
-14
-24
-29
-21
-5
-3
-13
-35
-16
-15
-11
-6
-19
-44
-49
-27
-18
3
-6
-12
-25
-29
-11
11
4
14
19
14
