1
-5
-1
-9
5
-1
-9
18
12
8
0
3
9
6
0
6
13
24
19
9
11
-5
4
3
-10
-7
-6
-6
-1
4
14
23
21
16
9
30
34
23
32
41
34
29
24
29
28
13
7
1
-1
-1
-8
-11
3
-6
-20
-22
-28
-16
-21
-16
-11
-16
-28
-30
-18
-8
-7
-16
-27
-38
-35
-41
-35
-28
-22
-36
-23
-28
-36
-9
-31
-29
-38
-40
-47
-47
-35
-35
-13
-7
2
0
19
15
1
9
22
23
12
28
17
17
28
23
43
35
26
26
22
27
19
17
22
24
38
28
16
17
16
30
20
25
26
24
19
6
13
8
19
19
9
16
25
25
7
-1
15
20
14
6
3
0
-6
3
-2
4
10
3
5
3
-17
-25
-17
-11
-14
-2
-10
-29
-19
-20
-25
-27
-13
-16
-27
-44
-66
-50
-43
-35
-30
-26
-24
-44
-38
-19
-32
-25
-5
-6
-13
-7
-15
-19
-7
4
3
-2
9
0
11
3
-1
8
2
4
9
12
0
12
19
22
35
42
34
31
58
55
56
50
46
45
30
26
20
18
4
-20
-29
-23
-19
-32
-40
-28
-46
-66
-52
-41
-30
-19
-23
-29
-20
-9
-13
-12
1
2
34
30
0
6
12
15
31
37
26
22
4
13
15
32
25
14
25
3
9
-10
1
15
31
35
24
38
30
40
32
22
28
22
22
18
9
15
12
4
3
7
-10
-22
-23
-35
-31
-34
-16
-14
-36
-31
-39
-42
-56
-50
-41
-47
-38
-38
-38
-35
-20
-13
-25
-22
-25
-38
-33
-32
-22
-22
-34
-12
-7
-14
-10
4
6
7
5
24
39
17
22
36
61
57
25
37
50
44
28
19
31
24
21
21
19
22
17
10
10
5
-4
6
-6
-10
0
-3
-10
-7
0
1
-2
2
1
-5
6
2
0
-8
-17
-4
-3
-17
-16
-12
-28
-35
-25
-23
-35
-34
-38
-39
-22
-16
-22
1
13
15
9
4
20
9
12
28
24
6
7
10
26
32
16
27
37
29
35
27
16
26
10
21
31
26
22
9
-1
0
6
-3
1
-3
0
-5
-4
-1
-6
-19
-21
-14
-10
-12
-21
-16
-8
6
-6
-2
4
-4
-6
-19
-14
-27
-17
4
5
-2
-3
-6
-10
-16
-22
-7
-13
-21
-37
-41
-34
-19
-23
-36
-13
-26
-26
-24
-16
0
1
6
17
22
7
12
4
14
29
35
37
32
24
12
20
26
20
13
7
9
14
-7
-12
-8
3
-9
-21
-11
-15
-15
-23
-2
-7
-23
-2
9
35
33
9
21
18
15
33
31
30
38
38
28
16
14
1
3
-19
-39
-21
-28
-30
-25
-13
-16
-29
-14
-22
-19
6
6
3
0
6
7
-1
3
1
3
12
18
18
10
13
8
3
3
6
7
-7
2
6
3
-4
-2
13
0
3
-4
-9
-12
-8
0
-3
-2
-9
-9
-13
-14
-12
-17
1
-13
-9
6
-9
4
-7
-10
-32
-29
-3
-9
-7
-5
-6
-25
-17
0
-10
-21
-8
6
4
13
20
26
20
15
20
25
10
5
15
25
40
35
35
19
15
30
39
18
4
16
16
17
13
16
1
0
5
0
-1
-11
-23
-28
-33
-36
-41
-49
-54
-54
-49
-70
-72
-65
-61
-54
-51
-39
-24
-17
-24
-13
-5
1
-4
9
9
9
23
20
18
28
42
31
40
38
44
51
53
61
54
55
48
53
47
41
60
48
42
42
35
43
36
20
3
15
6
-1
1
-13
-28
-44
-33
-31
-22
-34
-41
-34
-30
-28
-14
-16
-26
-19
-28
-14
-26
-28
-20
-29
-31
-20
-16
-17
-9
-16
-13
-2
0
-12
-10
-8
-10
-19
-6
5
-4
5
-3
0
-4
2
2
12
16
9
19
23
19
15
22
19
6
-10
-6
1
1
4
-7
-11
-6
-1
1
0
-10
-14
-7
1
3
11
22
14
-7
-3
3
0
3
3
3
3
3
8
10
13
4
-8
3
7
22
26
9
-6
-16
-7
-15
-29
-20
-6
-13
-15
-10
1
2
-6
13
18
29
35
41
25
30
29
27
28
3
9
4
13
11
4
-9
-7
-8
-6
-16
-9
6
-12
-4
-9
-18
-30
-23
-15
-13
-18
-14
-6
-24
-25
-11
-11
-14
-13
-5
-16
-21
-6
-15
-15
0
13
10
-8
0
14
26
29
25
37
37
27
33
23
28
28
15
18
19
25
26
13
10
0
-7
-1
1
-6
-22
-18
-28
-12
-10
-12
-9
-32
-13
-22
-22
-18
-20
-22
-33
-34
-31
-45
-50
-22
-23
-20
-22
-29
-28
-26
-16
-6
-5
-10
-1
-2
0
-4
-7
-2
-9
-16
0
10
9
15
20
27
31
35
29
34
38
37
57
57
44
40
51
57
44
55
50
28
31
28
23
22
16
12
0
-10
3
-2
-5
-20
-28
-16
-7
-13
-13
-4
2
1
-12
-2
-8
-1
8
6
3
0
10
-8
-16
-29
-29
-40
-46
-34
-49
-35
-26
-26
-41
-50
-46
-36
-27
-25
-16
-9
5
5
17
21
19
23
21
35
44
32
18
10
0
2
7
11
15
12
11
-6
-3
-7
-29
-25
-35
-27
-32
-51
-45
-47
-47
-40
-48
-43
-16
-24
-13
3
-6
-14
2
19
8
26
15
19
39
46
54
42
58
43
34
49
36
37
48
54
40
32
23
26
23
11
20
18
3
5
5
0
-4
-12
-20
-10
0
6
9
10
8
9
12
10
17
4
-3
-24
-12
6
-18
-3
-4
5
-4
-19
-16
-20
-16
-27
-35
-32
-19
-34
-35
-18
-35
-27
-17
-5
-19
-32
-1
-17
-12
3
-7
-11
-8
0
-12
-12
-10
-18
-11
-10
-15
-18
-26
-26
-31
-22
-29
-10
7
-13
-6
-7
5
3
3
18
23
34
31
34
43
42
46
57
48
41
44
46
54
43
25
26
22
18
16
24
35
38
29
26
-1
0
6
-10
-10
-20
-20
-14
-14
-24
-9
-6
-32
-17
-5
-12
-25
-28
-19
-38
-25
-23
-32
-24
-31
-25
-23
-32
-34
-33
-45
-33
-34
-29
-5
-17
-10
-2
-3
6
4
14
16
17
20
12
1
13
32
26
25
22
6
-17
7
3
-1
3
-5
6
-7
6
14
22
14
10
19
28
19
35
66
25
16
44
59
39
20
26
14
4
-9
-11
0
-10
-3
-13
-19
-19
-37
-37
-39
-25
-38
-41
-35
-39
-28
-28
-25
-20
-10
-24
-32
-20
-15
-25
4
1
-4
7
1
12
-7
20
22
-2
-3
9
14
22
35
17
26
42
22
10
28
28
22
26
27
22
10
9
5
8
13
6
-3
3
-13
-12
-9
-10
-2
-12
-18
-28
-27
-19
-7
-18
-14
-28
-20
15
4
-12
-8
1
-11
-3
3
10
19
13
18
11
0
13
6
1
4
5
4
1
2
-9
-7
-15
-22
-22
-31
-26
-13
0
3
-1
-2
-6
-7
3
9
-2
-9
3
-4
0
-3
-4
4
4
12
5
5
-3
9
25
-2
0
4
9
24
17
29
13
0
-3
-1
12
-9
1
0
-21
-19
-9
3
-1
-3
0
9
7
5
3
6
4
20
23
10
11
17
15
0
7
5
1
3
-3
3
7
-2
2
7
23
39
27
29
19
15
13
4
1
3
-7
-22
-31
-30
-31
-53
-46
-48
-53
-51
-60
-63
-53
-51
-42
-40
-43
-31
-32
-20
-13
-2
11
13
-1
10
35
47
54
56
69
63
64
64
56
58
57
56
37
22
12
11
12
3
-17
-28
-10
-35
-39
-26
-36
-26
-26
-25
-30
-22
4
-4
-17
-12
-12
-6
-9
-16
-14
-2
-3
1
-3
-16
-14
-9
-2
0
0
1
7
-1
3
12
31
36
21
27
21
22
34
45
21
17
25
18
11
9
29
9
-3
7
5
-4
0
7
5
2
2
14
9
-5
-19
-22
-29
-37
-32
-36
-32
-52
-55
-55
-44
-30
-38
-38
-34
-16
-20
-19
-8
4
-6
-4
9
14
7
-3
17
34
55
49
40
36
29
27
19
7
-1
19
19
-2
3
7
-4
-2
0
4
-1
-5
-5
-14
-9
6
23
7
-12
5
19
16
16
12
6
7
6
-1
-12
-30
-16
-3
-4
-6
9
8
6
10
-7
2
-6
-13
-12
-6
5
-9
-10
-7
-18
-2
-1
-13
-1
0
0
-2
-6
-4
18
11
25
32
10
20
16
15
0
22
24
17
16
12
22
4
5
-10
-31
-42
-34
-25
-23
-17
-12
-13
-6
10
-15
-16
-25
-23
-20
-25
-21
-19
-6
-10
-14
-5
-4
-32
-22
-9
-4
-9
-5
0
-20
-6
10
11
4
6
17
22
12
9
11
16
6
6
4
-1
8
-3
0
0
0
3
3
-3
-2
13
9
-9
-3
16
9
5
1
20
31
25
19
23
34
31
25
23
35
28
9
28
31
15
13
15
13
4
0
1
4
-2
7
1
-19
-39
-36
-6
1
1
-3
-5
-10
-1
6
16
20
19
1
-12
-16
-18
-1
-21
-18
-25
-39
-41
-40
-13
-12
-27
-16
-28
-61
-55
-50
-55
-50
-34
-26
-30
-31
-26
-19
-13
-6
0
19
21
20
26
25
25
19
25
16
16
21
9
31
31
41
35
16
16
3
11
26
28
31
36
19
19
24
16
2
5
22
14
5
19
28
20
22
7
6
19
-7
-7
3
-6
-11
-12
2
-2
-4
3
5
13
-7
-16
-11
-11
-24
-16
-7
-19
-15
-23
-35
-33
-33
-33
-18
-18
-44
-63
-54
-40
-47
-44
-47
-36
-20
-19
-15
-16
0
1
-6
-1
1
3
3
6
25
33
27
47
47
42
35
39
48
46
52
55
63
58
45
38
31
28
38
32
31
18
-2
9
12
4
5
6
17
20
13
19
4
7
-12
-13
-14
-17
-11
-21
-18
-31
-20
-41
-38
-38
-46
-41
-41
-15
-31
-31
-37
-41
-24
-25
-28
-22
-19
-23
-31
-23
-25
-39
-36
-30
-18
-23
-2
-7
-7
1
-23
-19
10
5
-5
16
25
35
26
31
39
48
39
41
48
22
24
32
27
28
3
-4
6
-2
10
6
-1
9
6
0
18
26
13
16
37
40
11
15
34
23
16
17
6
0
-9
-7
-25
-32
-19
-25
-24
-23
-27
-25
-2
-6
-20
-4
-10
-6
1
-10
-8
-7
4
-13
-27
-12
-16
-12
-7
6
3
-3
-10
-13
-4
-4
-1
-3
-8
-13
-9
3
-4
-20
-1
14
18
16
12
4
-10
17
16
9
13
4
14
18
18
30
28
16
9
10
5
3
-9
-16
-17
-24
-31
-33
-25
-32
-19
-2
4
-8
0
18
10
23
35
35
30
22
31
42
45
38
5
-6
0
0
-1
-3
4
-5
-19
-22
-15
-22
-25
-35
-39
-20
-37
-28
-12
-18
-7
-17
-3
0
-19
-34
-13
-2
-21
-3
-4
1
-13
-17
-3
-4
0
10
-7
-9
-6
-10
-4
-14
8
-2
-8
-1
7
8
-6
3
-1
8
7
-1
-5
7
5
-4
6
10
27
43
38
44
38
44
48
31
45
43
51
48
41
27
14
15
3
-4
7
13
-22
-18
7
-1
-9
-15
-11
-7
-11
-3
0
0
9
10
10
12
16
9
10
14
13
18
8
-9
-13
-19
-25
-34
-53
-41
-36
-48
-65
-63
-57
-56
-50
-44
-31
-32
-56
-54
-29
-28
-29
-35
-27
-19
-15
-21
-29
-15
-21
-9
-2
-9
4
4
6
25
33
41
41
35
35
22
22
43
57
67
64
59
63
73
61
26
24
9
16
35
16
5
11
11
9
22
24
10
3
10
-5
-1
-5
-18
1
11
6
-8
8
12
3
-11
-14
1
1
1
-7
-23
-29
-22
-16
-24
-14
-14
-32
-36
-50
-41
-40
-39
-38
-26
-21
-25
3
-4
14
28
19
13
31
32
21
24
17
36
24
19
6
-6
-2
-17
-21
-28
-1
-9
-19
3
-9
4
15
21
10
-12
-14
-13
5
-2
-5
-18
-21
3
2
1
2
-5
-3
-10
-23
-15
-25
-27
-35
-57
-35
-7
-13
-14
-2
1
-2
-1
12
17
18
12
9
13
18
10
17
23
18
31
25
17
2
7
6
1
6
19
3
-12
10
10
12
20
30
28
28
26
23
35
35
31
36
35
29
38
29
6
-1
3
-4
-3
-1
-14
-32
-43
-39
-35
-36
-44
-41
-35
-42
-33
-24
-20
-14
-19
-28
-34
-31
-12
-4
-16
-19
-3
-4
-7
-3
-10
-5
-4
22
11
-3
8
-8
4
16
27
28
29
20
14
32
47
53
29
25
23
0
3
12
6
-1
-5
-4
-3
-13
-22
-34
-22
-12
-11
-4
-25
-28
-29
-21
-17
-3
4
-8
9
1
-6
-8
8
10
5
0
-9
-1
-5
-6
-7
-15
-24
-32
-24
1
-19
-11
-7
6
18
15
21
13
24
19
52
56
41
26
17
19
13
22
30
28
18
19
-5
-3
-3
-8
-6
-16
-28
-29
-26
-19
-9
-23
-14
-24
-5
14
9
10
13
16
14
15
2
16
15
5
-2
4
4
-17
-27
-27
-34
-50
-36
-34
-36
-35
-37
-36
-22
-9
-16
-16
-9
0
12
19
10
9
6
25
28
25
38
45
57
51
52
54
48
34
42
31
25
23
-6
1
-1
-5
-13
-17
-12
-22
-34
-19
-16
-19
0
-7
-16
-21
-18
-25
-9
-16
-23
-6
-10
-12
-10
2
-3
-14
-26
-15
-26
-19
-4
-28
-20
-21
-12
13
11
13
10
8
18
17
9
10
25
17
14
16
27
19
12
13
-7
9
7
-8
1
1
-7
-14
-13
-8
-26
-31
-28
-28
-32
-36
-20
-12
-12
-2
1
0
6
7
-4
-5
2
-2
-5
-7
8
15
15
29
35
39
22
25
31
24
32
33
22
30
28
15
24
25
24
27
26
9
3
-3
0
7
-3
7
3
-6
-11
-16
-14
-12
-12
-1
6
7
4
0
4
0
6
13
15
10
2
-6
-23
-25
-19
0
-7
-3
-16
-35
-32
-54
-52
-39
-23
-32
-45
-41
-46
-45
-31
-22
-25
-15
-9
-2
-10
7
13
3
23
16
3
-3
5
13
7
-3
6
5
-26
-22
-30
-21
-7
-31
-27
-15
-16
-12
-4
10
13
17
40
44
47
50
44
57
54
45
41
42
37
41
32
14
6
15
16
16
24
3
-1
-10
-13
-28
-12
0
-11
-6
-6
2
-6
6
17
13
22
24
14
12
18
22
23
33
26
15
15
0
-3
1
13
3
-3
6
-11
-23
-43
-58
-40
-29
-22
-26
-33
-41
-47
-39
-34
-19
-24
-17
-12
-20
-9
-10
-7
-4
-16
-11
2
-16
-15
-25
-23
-17
-24
-8
-18
-21
-25
-37
-29
-18
-20
1
0
-13
-10
-15
0
10
12
21
29
15
22
22
13
32
24
25
38
36
12
25
42
39
37
50
41
44
51
33
34
36
26
5
16
4
-4
0
-4
-1
-14
-22
-19
-20
-21
-13
-14
-16
-17
-25
-23
-16
-28
-16
-4
0
16
19
19
19
26
28
24
28
26
16
12
11
1
3
-4
-14
-5
-2
-13
-10
-16
-32
-26
-23
-29
-23
-7
-20
-18
-15
-3
6
-2
6
4
9
14
13
5
-5
3
4
2
-2
3
10
2
9
5
-6
-6
-12
-19
-37
-29
-31
-44
-31
-38
-42
-34
-20
-28
-42
-33
-21
-26
-41
-31
-22
-20
-9
-6
-6
-5
1
9
8
8
14
7
13
31
24
28
42
26
29
40
40
33
29
39
43
32
38
27
16
31
40
35
25
41
41
34
29
25
27
16
0
4
16
7
-6
10
12
-10
-1
3
10
15
-3
-25
-34
-34
-24
-20
-26
-21
-26
-33
-24
-13
-17
-19
-29
-37
-39
-34
-34
-50
-23
-13
-9
-10
-11
4
-7
5
1
3
28
27
15
9
19
19
19
26
18
10
-7
-12
-9
-8
-11
-31
-25
-30
-38
-34
-45
-47
-34
-28
-21
-10
-5
-4
-3
3
8
29
25
28
38
42
22
32
47
29
32
19
10
-1
17
15
7
14
15
25
15
2
-3
1
-9
-13
11
12
2
12
-5
-5
3
15
23
6
12
10
10
13
10
-2
-16
-25
-32
-30
-29
-26
-26
-30
-25
-30
-30
-29
-20
-5
-18
-7
-7
-10
4
3
7
-5
-3
1
8
20
13
19
22
28
16
-10
8
6
6
13
17
11
2
5
0
6
7
4
-11
-9
1
-7
15
20
12
10
16
29
15
14
16
20
31
19
10
13
-2
-6
-13
-21
-27
-21
-13
-24
-26
-45
-50
-44
-38
-22
-15
-11
-20
-13
5
6
-1
7
17
19
16
17
9
7
10
10
20
22
29
9
-6
-3
-17
-12
-7
-10
-15
-31
-40
-50
-37
-15
-19
-15
-20
-18
-6
-3
4
5
13
19
18
22
29
36
40
24
27
46
32
25
34
38
42
38
16
19
22
18
15
8
4
-6
-3
4
0
4
1
-6
7
4
-5
-10
-24
-35
-34
-32
-41
-35
-18
-9
-28
-31
-22
-40
-27
-10
-16
-33
-26
-15
-22
-17
-9
0
4
3
-10
-25
-28
-15
-3
1
-1
-16
-21
-25
-20
-12
0
-6
2
0
1
19
14
31
38
39
41
37
29
34
38
35
40
53
44
28
37
44
25
31
26
-1
3
1
2
4
12
9
3
6
7
-3
-3
11
10
26
7
-13
-10
5
4
9
-3
-25
-16
-32
-25
2
-4
-19
-20
-32
-42
-54
-43
-38
-45
-47
-54
-39
-37
-39
-28
-30
-14
-13
-42
-26
-17
-16
-6
17
14
6
25
15
30
36
36
36
34
22
11
18
11
17
13
0
8
13
12
16
22
20
5
-12
-16
-5
0
-13
-20
-10
-24
-30
-23
-10
-3
-1
0
-5
-1
1
9
17
21
19
19
33
18
7
10
25
19
0
9
-5
1
-3
3
23
3
2
-7
-10
-7
-1
0
-2
-3
-16
-3
9
11
14
19
13
12
24
33
29
22
10
19
17
9
4
-12
2
-5
-13
-16
-25
-36
-43
-34
-30
-37
-38
-41
-44
-29
-35
-45
-26
-11
-23
-29
-6
-4
-12
-6
-9
4
5
0
-10
-1
15
10
21
29
28
21
41
45
66
54
46
60
41
48
42
36
25
22
7
9
16
5
3
4
-10
-24
-28
-58
-44
-41
-56
-54
-57
-43
-23
-17
-19
-11
-2
-11
0
20
13
4
3
11
-2
0
5
6
8
-1
7
11
7
-10
-9
-3
-8
-4
-3
-6
-6
4
-3
-6
6
4
2
-4
-4
7
10
7
-7
-2
6
-5
-4
13
10
3
7
1
2
1
-4
-3
3
9
4
8
12
0
4
13
2
-2
1
8
30
42
29
25
32
34
37
28
20
12
12
17
-1
-9
-3
-13
-28
-35
-34
-42
-54
-66
-48
-47
-44
-24
-32
-31
-27
-19
-25
-17
-6
-12
5
-2
4
10
4
11
0
5
18
22
18
30
32
17
17
22
12
15
38
31
8
5
26
21
3
9
12
13
7
-3
9
9
3
5
-2
1
-9
-14
-1
-9
-25
-20
-15
-10
-9
-22
-28
-20
-19
-9
-14
-5
4
-13
-12
-9
6
10
29
12
1
1
-9
-16
-22
-17
-20
-14
-10
-12
-20
-18
-9
3
-10
-7
-13
-10
1
16
44
35
31
42
53
39
43
44
51
46
39
40
36
39
36
42
35
27
20
5
-24
-35
-19
-6
-12
-22
-26
-23
-35
-25
-20
-31
-25
-14
-7
-18
-6
-12
-15
-13
-11
-26
-33
-30
-26
-11
-16
-9
-23
-13
-24
-32
-26
-31
-25
-35
-26
-27
-26
-15
-12
-20
-22
-10
-11
11
9
-4
7
3
4
-1
-1
2
7
18
10
23
26
15
22
38
58
49
50
59
60
50
42
48
46
41
30
29
35
30
16
0
-4
-15
-3
13
16
13
8
-8
-10
-3
1
14
9
16
3
-11
-20
-15
2
-10
-3
-21
-21
-25
-45
-28
-33
-37
-35
-32
-19
-26
-17
-9
-15
-16
-15
-20
-31
-40
-35
-28
-7
6
-6
-3
2
7
10
15
25
19
24
22
19
12
5
13
-9
3
-1
-4
-3
-15
-20
-18
-6
-22
-28
-19
-6
-16
-16
-3
-10
-13
-3
5
5
5
13
0
4
7
1
16
10
16
8
-12
5
22
13
9
20
13
1
4
0
-6
4
13
16
20
44
32
28
41
41
34
31
35
28
28
20
25
19
13
9
0
18
8
3
-2
-17
-30
-32
-31
-47
-41
-38
-37
-38
-25
-18
-25
0
4
4
5
13
18
8
7
5
19
17
3
1
3
-13
-15
-14
-19
-16
-19
-26
-28
-24
-26
-25
-22
-19
-37
-38
-31
-42
-28
-25
-35
-24
-3
-1
-3
6
15
14
5
15
20
25
19
28
31
31
26
16
25
10
34
34
24
37
32
37
34
35
33
26
5
7
15
3
16
21
10
16
7
3
13
7
0
-20
-29
-31
-33
-29
-37
-37
-43
-51
-40
-40
-37
-41
-43
-23
-16
-10
-24
-14
1
-5
3
9
19
11
7
16
0
7
13
20
32
43
49
34
42
41
35
35
41
36
7
2
18
23
16
4
9
7
-12
-4
-3
-22
-26
-16
-10
-2
-7
-12
-26
-21
-9
-31
-41
-43
-19
-34
-42
-44
-30
-10
-18
-16
-22
-18
-19
-7
-3
4
1
-5
-7
-13
-4
22
28
15
19
22
25
1
25
25
13
25
23
15
8
16
-4
2
7
7
3
12
10
-4
1
-9
-3
4
6
-21
-14
-10
-17
-12
-6
6
0
3
10
15
12
14
17
10
3
19
17
2
9
16
20
-6
2
26
23
5
-3
10
13
4
7
2
-8
-16
-13
4
-15
-26
-26
-24
-33
-29
-23
-20
-4
-6
-10
-5
-3
-8
-10
-13
-12
-7
-2
-25
-22
-13
-15
-6
-9
-3
-6
-4
-9
-3
-11
-35
-41
-30
-25
-34
-12
-2
1
9
16
21
40
54
54
59
52
59
40
45
64
44
52
49
50
39
17
16
16
16
29
38
12
-3
-15
-29
-35
-30
-22
-6
-18
-27
-30
-47
-34
-29
-22
-25
-25
-18
-21
-14
-12
-12
-19
-25
-13
1
-11
-25
-15
-15
-24
-14
-9
-14
-11
-13
-20
-12
-3
3
18
23
22
32
35
26
18
6
7
-1
6
26
25
20
16
21
19
16
3
10
8
0
12
19
7
-9
-1
-4
2
0
4
4
-6
-6
-13
-24
-19
-31
-34
-20
-18
-2
-22
-16
-13
-25
-25
-32
-21
-29
-16
-8
-8
3
3
16
18
2
3
2
13
25
13
6
4
6
3
16
28
21
7
23
31
35
39
29
48
51
42
37
38
39
26
21
14
10
8
2
-10
-19
-9
-7
2
9
5
0
-7
-6
-13
-12
-13
-2
-1
-9
-20
-20
-19
-30
-21
-19
-18
-20
-12
-21
-32
-25
-19
-12
-23
-16
-35
-35
-27
-35
-25
-32
-35
-35
-32
-29
-32
-41
-35
-14
3
-6
-3
11
7
7
15
13
23
38
16
33
43
35
18
19
42
17
-4
0
1
-15
-11
-9
5
-2
-3
1
-5
4
-8
-14
-6
-1
-9
-7
-3
-3
-3
12
10
4
4
3
13
9
28
37
36
35
37
60
50
45
59
55
63
53
54
54
49
33
22
39
27
17
12
8
-12
2
10
-6
-4
-16
-40
-51
-35
-34
-38
-41
-41
-39
-27
-29
-39
-29
-30
-23
-17
-23
-21
-33
-44
-28
-29
-28
-16
-16
-15
-14
0
8
13
9
14
10
5
9
-14
-19
-23
-35
-42
-38
-32
-39
-30
-21
-19
-19
-30
-47
-63
-62
-45
-37
-46
-58
-64
-59
-43
-41
-50
-34
-4
-7
3
14
23
26
25
43
28
53
67
54
49
53
68
45
51
77
66
65
78
78
85
82
101
106
100
100
99
105
96
99
100
89
57
58
42
38
34
29
46
40
51
49
46
41
34
-1
-17
-9
4
-7
-12
0
-7
-10
-42
-35
-36
-47
-63
-50
-52
-111
-114
-121
-107
-98
-94
-108
-129
-112
-121
-138
-153
-132
-138
-126
-110
-107
-118
-155
-110
-92
-143
-181
-147
-101
-107
-111
-65
-24
-40
-30
-3
-6
-22
16
66
74
44
15
13
17
26
44
34
-24
-42
-65
-60
-74
-111
-113
-150
-144
-170
-203
-236
-243
-202
-209
-221
-180
-93
-44
38
173
254
303
381
476
531
587
669
690
756
907
1021
964
867
958
1085
1120
987
819
686
617
657
622
452
215
83
12
-91
-173
-318
-597
-777
-703
-633
-750
-979
-1057
-954
-866
-912
-1029
-1091
-975
-815
-816
-879
-843
-676
-569
-534
-424
-255
-208
-186
-59
27
-76
-153
-6
162
142
23
37
91
149
155
15
-109
-132
-124
-135
-224
-239
-199
-201
-93
-82
-218
-333
-189
42
12
-89
-48
160
319
368
411
465
516
619
753
788
681
663
784
860
848
723
630
545
524
511
372
209
88
1
-138
-252
-335
-454
-561
-575
-617
-810
-948
-827
-689
-699
-680
-533
-304
-209
-113
60
300
549
681
769
845
1086
1477
1653
1588
1616
1778
1890
1828
1698
1547
1381
1305
1260
1085
802
515
208
12
-68
-225
-672
-1202
-1402
-1317
-1384
-1768
-2053
-2050
-1929
-1971
-2091
-2117
-1978
-1755
-1736
-1827
-1809
-1527
-1260
-1153
-1026
-758
-469
-370
-291
-120
-27
-10
97
269
393
349
356
443
555
623
510
337
193
210
269
241
118
40
69
107
89
-9
-136
-70
145
146
-55
-80
160
390
505
479
554
712
875
1002
1049
1100
1119
1194
1212
1201
1185
1245
1287
1266
1249
1096
881
709
583
434
249
35
-129
-247
-321
-488
-775
-977
-1011
-1017
-1169
-1390
-1491
-1353
-1193
-1153
-1040
-772
-588
-536
-341
20
303
465
535
544
713
1199
1678
1723
1514
1570
1919
2011
1844
1568
1240
1097
1186
1328
1089
554
74
-129
-101
-171
-572
-1326
-1840
-1641
-1286
-1541
-2174
-2413
-2191
-2020
-2159
-2317
-2185
-1903
-1690
-1623
-1657
-1648
-1479
-1201
-944
-635
-314
-149
-48
164
392
312
137
253
543
658
579
579
706
821
780
554
245
117
192
290
240
102
82
167
212
66
-126
-199
-29
225
252
113
108
325
496
598
668
741
834
970
1162
1272
1289
1242
1266
1304
1266
1178
1106
1139
1208
1208
965
616
466
386
200
-4
-234
-442
-554
-648
-841
-1107
-1280
-1299
-1313
-1431
-1575
-1609
-1512
-1431
-1324
-1130
-941
-838
-600
-308
-13
310
638
961
974
956
1156
1648
2158
2306
2132
2004
2246
2565
2519
2027
1493
1315
1416
1434
1250
792
170
-334
-434
-428
-919
-1773
-2299
-2134
-1780
-1856
-2437
-2969
-3027
-2738
-2554
-2706
-2810
-2543
-2144
-1931
-1887
-1807
-1690
-1617
-1379
-911
-492
-275
-151
70
362
474
417
338
438
707
857
841
843
971
1065
888
573
399
389
483
538
549
566
576
531
534
581
506
420
471
641
749
781
797
932
1065
1098
1097
1090
1155
1257
1412
1447
1394
1305
1277
1255
1100
958
810
719
701
629
410
101
-145
-263
-407
-651
-930
-1151
-1196
-1159
-1259
-1507
-1731
-1772
-1672
-1696
-1848
-1953
-1794
-1529
-1389
-1376
-1298
-1030
-662
-292
-87
101
367
799
1135
1052
872
1165
1991
2545
2378
1946
1935
2355
2744
2669
2012
1298
1166
1616
1934
1621
864
88
-297
-135
26
-548
-1646
-2108
-1568
-1081
-1486
-2318
-2680
-2478
-2129
-2047
-2181
-2312
-2075
-1593
-1469
-1603
-1603
-1395
-1319
-1196
-760
-242
-25
-73
-26
79
3
-52
104
171
125
119
311
468
578
588
257
-136
-255
-26
163
193
66
-2
107
235
225
-19
-140
67
407
534
502
579
846
1062
1143
1070
932
996
1171
1396
1520
1593
1638
1532
1398
1280
1157
1001
904
907
834
731
624
474
256
47
-58
-279
-614
-747
-551
-522
-846
-1047
-978
-1060
-1304
-1419
-1347
-1227
-1127
-1003
-1118
-1211
-1095
-837
-646
-525
-259
-22
106
371
997
1337
1088
791
892
1333
1814
2080
1850
1492
1676
2292
2552
1986
1119
644
757
1180
1277
760
-210
-850
-739
-349
-384
-1212
-2232
-2599
-2064
-1478
-1815
-2813
-3240
-2599
-1853
-1978
-2597
-2601
-1931
-1372
-1461
-1838
-1824
-1436
-1091
-798
-468
-266
-133
68
341
475
305
195
368
551
556
455
514
736
940
1025
689
206
190
569
823
651
383
323
567
826
748
474
366
711
993
861
654
790
1108
1196
1160
1104
976
842
1014
1365
1439
1162
921
907
906
717
452
277
165
259
433
335
35
-129
-167
-233
-356
-533
-667
-658
-544
-540
-709
-815
-746
-752
-873
-882
-769
-723
-677
-639
-700
-785
-844
-841
-768
-590
-319
-103
-33
81
335
650
876
976
888
605
664
1314
1909
1799
1355
1298
1563
1902
2033
1556
648
250
767
1317
1110
266
-547
-869
-629
-293
-625
-1794
-2655
-2377
-1666
-1596
-2273
-2829
-2856
-2440
-2073
-2128
-2506
-2545
-1983
-1587
-1682
-1836
-1694
-1518
-1334
-840
-288
-95
-84
158
535
675
611
627
682
707
878
1137
1212
1166
1245
1359
1206
993
938
959
1026
1037
980
835
816
907
854
743
730
807
775
700
742
909
1045
1157
1195
1030
821
764
854
841
797
774
698
570
431
332
117
-14
-10
-29
-104
-88
-12
-168
-335
-339
-335
-509
-688
-693
-636
-690
-768
-797
-830
-775
-685
-731
-965
-987
-799
-732
-930
-1141
-1027
-903
-1005
-1010
-838
-642
-348
-70
27
32
328
753
856
620
448
692
1283
1786
1707
1325
1119
1523
2199
2295
1600
761
642
1261
1824
1534
642
-229
-487
-22
310
-207
-1421
-2258
-1963
-1182
-1124
-1872
-2524
-2558
-2156
-1809
-1929
-2311
-2323
-1937
-1626
-1638
-1694
-1606
-1419
-1157
-751
-251
-42
1
221
516
597
528
582
720
694
645
724
788
843
986
1066
804
561
576
676
669
555
458
349
326
449
490
307
235
335
473
435
385
571
765
892
932
944
829
614
672
987
1088
923
781
756
703
641
569
493
446
406
506
503
345
223
258
235
29
-151
-259
-294
-255
-190
-259
-365
-400
-357
-369
-490
-588
-663
-723
-773
-855
-929
-1035
-1132
-1078
-1020
-1079
-1186
-1127
-900
-695
-563
-491
-389
-223
134
412
292
22
53
675
1284
1404
1141
949
1214
1770
2312
2096
1110
366
681
1607
1896
1246
184
-531
-327
345
355
-843
-2152
-2109
-1204
-841
-1482
-2347
-2589
-2248
-1779
-1818
-2392
-2731
-2183
-1296
-1093
-1454
-1682
-1470
-1116
-705
-380
-278
-70
359
787
839
707
757
938
830
612
673
863
1139
1330
1306
1069
759
693
836
806
572
356
413
618
768
781
586
438
409
448
448
410
349
425
784
1009
877
668
664
730
698
645
522
356
410
741
825
484
271
441
587
398
261
319
252
115
244
306
-82
-408
-236
-35
-165
-312
-242
-284
-511
-405
-244
-446
-809
-860
-740
-853
-887
-803
-880
-1134
-1195
-1011
-1138
-1456
-1441
-1299
-1184
-922
-506
-411
-547
-361
86
319
75
-247
-193
438
1289
1673
1283
759
1049
2002
2583
2078
879
242
777
1759
2046
1270
92
-444
-9
597
310
-948
-2074
-2061
-1109
-606
-1213
-2265
-2730
-2311
-1608
-1417
-1993
-2433
-2004
-1142
-737
-967
-1336
-1435
-1119
-512
-204
-252
-272
58
614
894
937
814
706
621
770
1140
1240
1191
1264
1514
1718
1563
1233
1002
964
1138
1059
828
663
818
1021
921
895
725
569
348
197
256
187
124
145
265
248
85
6
-71
-116
-124
-131
-87
-34
191
228
67
75
130
211
94
110
279
304
385
416
330
25
-117
58
7
-291
-505
-408
-383
-491
-491
-490
-655
-761
-598
-613
-950
-1149
-976
-932
-1050
-1187
-1318
-1489
-1690
-1633
-1563
-1517
-1229
-649
-287
-438
-475
-110
234
190
48
102
394
1138
1840
2022
1764
1732
2242
2578
2308
1546
1179
1419
2037
2576
2251
1316
427
252
583
374
-647
-1718
-1868
-1169
-647
-891
-1735
-2216
-2029
-1696
-1743
-2364
-2673
-2314
-1619
-1273
-1470
-1695
-1865
-1592
-1028
-606
-561
-592
-229
247
707
921
1065
1083
932
945
1127
1327
1281
1260
1566
1782
1607
1302
1144
1301
1385
1185
738
352
362
462
411
155
60
66
-137
-361
-431
-324
-286
-270
-190
-189
-248
-382
-361
-205
-5
95
120
224
353
441
447
574
680
670
633
762
736
714
939
1072
894
472
362
400
363
184
25
-205
-472
-348
-255
-572
-1014
-1087
-973
-1281
-1787
-2102
-2297
-2400
-2345
-2229
-2351
-2512
-2348
-1935
-1427
-817
-160
305
287
494
944
1290
1364
962
358
-41
1208
2865
3364
2624
2185
2887
3267
3072
1827
255
-916
-475
1283
2076
1691
1169
1135
484
-527
-964
-1806
-3180
-3779
-2606
-1209
-1007
-778
-455
-1021
-2197
-2366
-1988
-2861
-3552
-2153
90
956
436
728
1155
635
343
360
143
-879
-403
1276
1823
1735
2120
2463
991
-435
66
433
-623
-1034
190
1139
550
600
1275
210
-1465
-1481
-274
-815
-1926
-724
1050
1218
39
-407
-646
-1545
-1356
-291
279
-164
338
1493
1322
83
-177
337
220
57
719
1909
1382
1407
1888
1851
493
-439
456
545
631
466
1016
978
123
-216
-175
-569
-687
-181
351
310
118
450
-84
-56
-665
-1743
-2565
-2642
-2043
-2952
-3820
-3676
-3985
-4311
-4213
-3007
-1964
-692
2645
4988
5617
4790
5130
6198
4792
2726
325
-1401
160
3408
6018
3508
811
2480
3986
3473
-2237
-6163
-7779
-5855
-367
1228
1684
1200
3019
3993
696
-2322
-5436
-5650
-3106
-610
992
-260
1304
3658
858
-5180
-10294
-9401
-6885
-4629
-1880
79
2362
3849
3842
879
-2607
-2471
-433
771
1569
3233
3885
3439
3696
3891
470
-4743
-5247
-1073
1645
-37
-308
2025
3460
1308
-413
185
-1226
-2663
-2107
1659
2295
491
2685
5011
4038
-1037
-2897
-766
-879
-540
509
1842
1555
1039
2401
231
-3610
-3999
-886
890
-29
826
3668
3934
2451
970
-683
-1943
-1500
1105
1807
1305
1590
2202
1171
-518
-1291
-1688
-1839
-390
1656
897
-946
-790
907
-392
-3052
-3135
-920
-487
-1496
-1026
128
-688
-2320
-1561
-1912
-3763
-6361
-4840
-2505
-2963
-3207
-2470
2018
3684
4423
4716
3883
4675
4368
6024
4068
43
-1960
-625
5127
6218
3762
598
1592
5365
4783
286
-5969
-7228
-4386
-735
923
160
324
1636
3147
1188
-3081
-6604
-6181
-1905
-84
-1359
-2657
167
4292
2397
-3647
-8332
-8407
-5883
-3034
-568
-863
-1027
1756
4172
2122
-3013
-3475
687
1874
-231
-380
1551
2928
3403
3857
2859
-1196
-2567
1220
3803
750
-2713
-19
3893
2439
-685
-893
965
876
-693
-221
-911
-2084
-553
3003
4193
872
-734
968
2075
200
-1929
-1389
240
1327
748
-493
-1297
-475
1177
1417
1228
1186
1329
2268
2757
1480
-390
-785
1623
2650
613
-580
23
850
-422
-2009
-2193
-2158
-1731
-850
-216
-245
-1568
-1240
481
-205
-1900
-3092
-1538
-32
-1073
-1506
-1123
-46
-609
-2459
-3274
-4604
-5228
-5144
-3632
-3385
-4141
-1829
1607
5487
5650
5566
6331
6708
7282
6046
4057
1125
-1863
-1221
3732
6826
6038
1644
2620
5404
4873
781
-6319
-7437
-6319
-3037
-352
1113
1928
1812
3526
2666
-1524
-6366
-7722
-3008
-448
-2247
-2516
531
4476
2868
-2679
-8126
-9762
-8392
-5626
-2408
-1870
-2075
1302
4719
2646
-1732
-3702
-1319
-400
-2133
-1612
1294
2641
3721
5980
6110
2341
-632
1472
2737
-476
-4693
-2379
1946
1778
229
1227
2565
960
-176
-1168
-2271
-3575
-1405
3590
5525
4327
2801
4026
3869
190
-2141
-2354
-603
1019
246
400
750
1408
1904
798
-413
-1120
-514
945
2549
2684
718
397
2088
1471
-859
-2525
-1388
-172
-1192
-2088
-1946
-907
-1328
-1615
-1339
-2027
-2564
-2388
-558
846
-94
-845
8
921
-9
-1861
-2118
-1562
-1166
-1908
-3165
-2986
-3823
-4406
-4487
-3688
-3502
-4418
-1529
3034
6929
7648
8427
10053
9389
7868
6107
4096
-867
-5058
-1507
5336
7582
3785
2831
5222
4904
3559
-2766
-8356
-10812
-8105
-1854
940
2212
1901
4658
4939
456
-3410
-7339
-7923
-4730
-3823
-3771
-1063
3032
4512
1104
-5870
-11161
-10917
-8735
-5811
-3428
-2360
377
6034
7036
2893
-301
-1015
-703
-2049
-2460
-472
1316
1738
4417
7275
5069
471
1159
3797
192
-5206
-5006
-115
1574
-445
1035
3871
2727
931
1711
1479
-3622
-4964
1209
5806
3830
1389
4633
6421
2384
-2196
-1284
-413
-2699
-2060
252
1142
-362
1157
5273
3540
-806
-1176
1990
2314
-1122
-795
1669
1438
243
92
545
-824
-2655
-2282
-1764
-2882
-2734
-344
194
-930
-1622
-1526
-1542
-2205
-877
376
260
-298
66
1464
-20
-915
124
266
-1232
-2224
-1610
-1851
-2763
-4450
-3970
-3929
-5097
-4479
-2264
1087
2398
5888
9754
10792
9538
6742
7473
6496
1626
-4378
-4965
1020
5108
5854
1886
1588
3363
3662
2600
-5262
-11907
-13421
-7209
-1290
-543
246
1943
5260
3291
-549
-1075
-3513
-6876
-6643
-3482
-777
1474
4131
4711
509
-7620
-10883
-7829
-5953
-6728
-5447
-1684
2487
6832
6858
4504
2104
549
192
-1070
-2130
-1678
155
2354
4511
5792
4588
1927
1478
1161
-1996
-5196
-4026
-863
244
239
2742
5629
4070
2032
1688
380
-3468
-3633
1876
5055
2691
1269
3741
4996
1540
-2525
-1975
-1954
-3313
-3146
-839
1084
1550
3399
5328
4371
1302
-256
642
690
-1841
-2391
-327
1669
922
-430
-521
-1305
-3194
-4344
-3074
-2607
-2411
-1389
296
642
-590
220
364
-1345
-1613
-96
1796
580
-214
2130
1742
-254
-1806
-557
1065
-769
-1842
-1241
-1298
-3755
-5293
-4015
-2377
-3106
-2457
2470
5046
5937
6981
7946
8004
4910
4417
5172
1279
-4971
-5828
1357
4757
1978
-882
-54
1379
1635
1588
-3147
-8323
-11858
-7620
-853
98
541
1956
4027
2686
896
1727
-512
-6289
-7956
-4956
-1063
1996
3331
3473
-230
-6026
-6053
-3298
-4753
-8110
-6890
-1388
3066
6578
6805
4522
2657
2004
1280
-1009
-3084
-2273
500
1041
2015
4256
4342
1854
-102
-631
-2432
-3798
-2399
123
1105
707
3025
5552
5329
3095
322
-1200
-2950
-1973
1612
3477
2229
1728
3520
3543
604
-2364
-2541
-2298
-2130
-1417
-178
1809
2912
3777
4121
2057
884
2284
1728
-1400
-3085
-1871
-44
-326
-1491
-1822
-1695
-2530
-3279
-1725
-2159
-3618
-1843
1
210
169
1676
3369
1179
-556
1162
2090
393
-1632
339
2010
-711
-2602
-494
1472
474
-1557
-654
876
-1586
-3518
-3164
-3318
-4448
-4627
-1994
40
-1597
-423
4489
7975
5889
2895
4791
6988
5537
2028
-40
-3594
-3070
-183
3356
2560
-2766
-1104
2423
5562
1001
-6722
-10281
-10099
-6029
-787
3691
3453
2218
1901
4064
6271
988
-8017
-10229
-5321
-713
1816
4377
4391
1290
-3508
-5388
-4212
-6800
-10941
-8416
-1460
1316
4764
8075
6846
3141
-116
383
808
-1676
-1931
665
1647
2143
3856
5299
2165
-2608
-2557
-811
-1558
-2030
-169
2679
3427
3589
6381
5813
949
-2347
-1881
-1008
-1871
-820
3169
5264
3822
2400
1293
-923
-4328
-4748
-2920
-2334
-1095
1660
4704
4725
2883
2093
2069
381
-1785
-2375
-1709
-521
-497
-357
-619
-1622
-2504
-2749
-2573
-2534
-2416
-1252
64
401
1766
2529
1622
739
986
1323
-480
-1557
603
1868
129
-1302
56
732
-1586
-1959
815
1727
-664
-689
1857
1365
-2257
-4147
-2417
-2815
-5916
-5950
-2565
-1349
-1914
1329
6808
6938
2506
2635
6572
7326
2469
-1194
-2094
-1894
-608
2099
4220
313
-2568
-687
5293
4169
-5731
-11624
-10949
-4787
757
4402
4527
1379
16
3262
7517
4183
-6321
-10874
-5312
449
3898
5787
3863
-866
-5677
-6299
-4621
-6751
-10632
-9563
-2271
2836
6387
7863
4899
1864
996
2319
1859
335
472
1965
1604
1620
3533
4007
-516
-5301
-3623
-1578
-2501
-2599
459
3675
3274
3427
7087
6092
1051
-2621
-1860
-618
-2745
-288
3939
4312
969
-302
1025
-1142
-5724
-5885
-1443
-365
-52
2332
5135
5570
2743
1752
1906
-683
-2800
-1738
301
181
-1310
-204
219
-1461
-2876
-3245
-2246
-1665
-2177
-406
1397
551
1697
2690
2682
1831
1096
1965
973
506
1202
637
-195
-1363
-896
-367
-3218
-3597
-653
1011
210
-805
957
1698
-1617
-3056
-2728
-3788
-6442
-8505
-5197
-3194
-2767
-748
3988
6979
4765
4432
7029
8090
3314
1352
-687
-3289
-1014
3188
7359
3294
-3183
-2979
3513
4580
-4012
-10634
-10844
-6754
-194
6151
6819
2865
-138
2079
8018
6397
-4121
-9648
-6512
-797
4173
6397
3214
-2326
-6226
-7006
-5728
-7619
-11034
-9484
-2346
2407
5369
7778
6180
3001
1236
1524
2039
2208
1893
2204
1946
1534
2735
2796
-1941
-7710
-7933
-4185
-1425
-190
1366
3510
4479
4305
6162
5069
308
-4338
-3735
-108
-874
-877
1228
3059
1690
41
-647
-2600
-5293
-4816
-29
2343
2877
3759
5864
6116
2791
965
1248
-578
-2079
-1635
102
1679
743
808
-268
-3080
-4208
-3129
-1700
-976
-602
787
2277
2338
2705
1991
910
1205
2241
2631
1379
332
1230
599
-1414
-2031
-1888
-2447
-3903
-3081
-149
1131
-396
-758
549
135
-2187
-2886
-2875
-4433
-6468
-7174
-5856
-5076
-4200
-2245
2272
5883
6575
6920
6727
6922
5589
3952
-14
-5795
-4666
2295
8642
6173
-967
-3455
887
5620
-204
-9473
-14679
-11153
-1047
8335
12109
6649
555
1040
6880
7533
-2614
-12395
-10853
-1931
5145
7512
4312
-1618
-6179
-8421
-7549
-7888
-10147
-8426
-1462
4875
6685
7815
7137
3340
-741
-1929
389
2064
1801
2295
2663
1805
1703
1723
-1570
-7645
-9083
-4648
-52
1506
1567
2703
3778
3741
4456
4022
-605
-4864
-3520
280
1305
-120
1205
3604
2036
-191
-2263
-2712
-3700
-2920
1724
3942
5350
4961
4502
3879
1572
-26
-378
-558
-1050
96
1330
2283
1735
427
-1404
-3893
-3612
-2054
-547
748
915
1291
1766
1557
965
-29
-610
-159
1187
2069
2317
1239
-76
-128
-1037
-1996
-2923
-2364
-2257
-3583
-1416
1082
747
-1490
-1981
-328
-843
-3032
-3354
-3141
-5121
-6893
-6178
-3155
-3383
-4635
-1025
4630
7054
4723
4332
6424
7112
5516
3680
-150
-4628
-2150
5041
8766
1989
-5268
-3489
3036
4733
-2521
-9181
-10547
-5810
3102
11342
10807
1486
-3347
2497
8602
3163
-7776
-11245
-5784
1526
5681
5517
1622
-4409
-7766
-7623
-7240
-7937
-7192
-2656
2496
4441
5908
7342
4863
-294
-4305
-2471
1544
3243
4000
3431
1113
-496
-398
-1109
-5005
-8757
-6373
-841
2595
3818
4369
3808
1548
504
2053
1129
-2510
-4253
-765
3867
2658
649
2316
3657
449
-2475
-1943
-1338
-1560
-108
3539
4858
4267
3250
2810
1658
-1340
-594
1190
479
351
953
2248
1693
-316
-1014
-3086
-5177
-3206
386
2004
1472
1182
1835
588
123
1063
-513
-1351
451
2364
2097
261
201
-141
-2423
-2887
-1253
-1216
-3066
-4369
-2169
304
-380
-143
598
411
-950
-600
1083
-746
-5391
-7581
-5775
-4818
-4721
-4338
-2327
-1405
616
5830
7476
4882
1646
3750
7650
6481
641
-4274
-1565
4242
6969
3514
-2750
-5015
-1985
4418
4132
-3073
-10296
-9169
1865
10308
10093
2218
-3321
-1367
3588
3968
-1944
-7066
-6187
272
5243
5083
1298
-3576
-7066
-8126
-7853
-6451
-3726
-58
2153
1129
1267
4072
3616
-1366
-4867
-2330
3011
5094
5813
5259
503
-4300
-4056
-957
-2097
-7219
-6054
1903
5753
3513
1462
2163
722
-2479
-1624
1885
1695
20
2167
4174
1942
-1930
884
3580
-490
-4223
-2629
2719
2893
1760
3337
3926
1787
221
3093
3887
879
-1396
-220
1969
1435
739
786
254
-1338
-2851
-2770
-2122
-1000
204
1195
1352
1401
1868
1151
-375
-1698
-1521
-55
1430
1862
1219
74
-980
-1192
-1850
-2413
-2778
-3591
-3736
-3782
-1943
409
1060
1240
1282
1578
1199
-533
-1749
-2634
-4920
-6213
-6238
-4398
-3735
-4584
-4516
-3564
-568
2644
4937
4911
5059
5936
8262
8277
3577
-2289
-3918
1715
7537
7420
663
-3824
-2047
4543
6705
-1025
-11439
-14768
-3637
9836
12854
4760
-4985
-5026
601
3349
337
-5249
-6195
-1232
5918
8264
4007
-2781
-8076
-9812
-9458
-7612
-3840
1266
2889
242
-1480
963
2109
-1592
-4949
-3051
2664
7389
9990
8691
1739
-5974
-6525
-2118
-844
-4035
-3572
2461
6070
4002
1080
-98
-2452
-4685
-2364
3771
5668
4102
2603
1785
-178
-2605
-805
977
293
-1099
1577
5231
4587
1965
647
459
-723
980
4582
4628
617
-1937
-172
1373
-58
-992
-595
-985
-1373
-856
-341
-2055
-3162
-1190
585
987
1321
2021
1289
-893
-1864
-1257
-1057
-690
1726
2888
1516
-580
-935
-1397
-4015
-5060
-4342
-2731
-1701
-35
2369
2899
1478
-235
-668
-962
-878
-303
-706
-2481
-4406
-5354
-5339
-5593
-6809
-8125
-6471
-1060
5223
8179
5882
2932
2383
5451
8556
6991
1649
-2522
1343
9525
11980
4110
-5697
-7167
119
7223
4599
-4415
-11460
-7796
3184
9425
6181
-2594
-7307
-4236
2111
4492
572
-4398
-3233
1985
4739
3222
-560
-3938
-7172
-8753
-6883
-3107
695
1708
-1300
-5039
-5110
-828
789
-2217
-3349
711
6709
8803
7155
2888
-3531
-6785
-3204
2199
2614
-638
27
3547
2327
-1435
-2997
-2417
-2253
-1622
3083
7036
4910
1283
-478
-1359
-2404
-1783
2659
5015
3896
3520
3152
2153
345
-627
518
443
1575
4184
4117
1518
-2085
-2150
-747
-1206
-1071
-189
137
-342
-1236
-878
-919
-2009
-446
1585
2885
2707
1118
-111
-2255
-3872
-3169
-1287
1188
2679
1812
799
-1498
-3413
-3701
-3405
-1924
-1047
37
1177
1446
842
-476
-1758
-2190
-1300
269
1906
2226
521
-1420
-3530
-5070
-6092
-6688
-5281
-4455
-3865
-2393
-425
1869
3440
3530
3297
4035
6509
8800
6734
1395
-3384
-1402
5540
9304
5793
-1277
-3518
559
6000
4525
-4403
-11465
-8957
1267
8940
6542
-1318
-7533
-7491
-2127
1230
1623
-657
-1194
2031
3389
2563
-251
-2697
-4415
-7356
-5818
-232
3528
2049
-4130
-7261
-6220
-3644
-720
-267
617
3054
5204
6487
3727
-172
-3183
-4253
-544
3556
5361
3347
632
318
-1099
-3251
-3579
-1556
952
1928
3359
4897
2738
-1220
-4097
-3167
248
2635
4670
5752
6070
4497
1003
-1405
-1998
-1138
724
2616
4059
3947
1357
-1327
-2264
-2101
-1822
-1417
196
1556
851
-169
-24
69
-968
-1818
232
3388
3521
1205
-1528
-2490
-2741
-3489
-2526
-226
1732
1573
-72
-1189
-2261
-3199
-3145
-1323
1707
2675
1267
-114
-688
-1364
-2563
-2442
-629
375
432
544
-193
-1807
-4527
-5511
-4357
-4095
-3811
-3216
-2669
-2937
-2922
-114
2728
2858
2506
2975
4440
5152
3798
1221
-1079
850
6619
10089
6415
-839
-2949
2043
6823
4457
-3153
-7851
-5539
2164
7142
3096
-4791
-9492
-6309
165
3385
1912
-3048
-3667
707
3290
2133
-740
-507
-397
-3279
-3321
-855
2137
1099
-3056
-5208
-5955
-3473
-618
-103
-890
-1664
1066
4306
3952
1580
-1459
-1171
2024
4461
4793
1294
-777
75
82
-970
-2489
-865
1594
753
796
1780
1130
-2247
-4836
-1959
1254
2643
4283
6014
5409
1124
-2131
-1445
671
1822
2516
3242
3225
1453
-886
-1656
-1222
-491
-6
-114
316
305
-743
-1102
-425
766
-89
-488
1875
3188
1759
-1348
-2795
-2358
-2164
-1556
-426
911
1530
-41
-1476
-1434
-1489
-2007
-1258
1829
3429
1854
-317
-1268
-1725
-2894
-2808
-1211
467
1072
1
-787
-1766
-3221
-3833
-3631
-2460
-2426
-3360
-3169
-3288
-3392
-2280
157
2349
1343
167
1261
3623
4375
1959
-471
-1082
3508
9315
9823
4055
-3125
-2160
4129
8639
5856
-2479
-6241
-4102
1122
3785
512
-4536
-8448
-6456
-182
3719
2705
-2785
-4689
-1592
2100
3852
2388
1154
-990
-2641
-1121
752
2456
1053
-2760
-5421
-6251
-3027
-658
-540
-111
-948
-433
667
2185
2836
3
-928
1103
3743
4438
1790
247
-834
-2022
-1173
588
2045
579
-513
763
363
-2112
-3839
-1886
618
1069
1624
3251
4387
2784
-115
-1504
-249
2617
4256
3865
2089
163
-959
-1299
-582
862
2191
1690
-72
-1463
-2145
-1768
-979
915
2260
1511
788
215
87
-829
-1983
-929
-8
200
127
594
744
-1983
-3664
-1648
1132
1420
13
600
1382
216
-1321
-1641
-924
-1606
-1763
-176
513
-556
-2608
-2442
-1141
-1828
-2375
-1667
-1064
-1743
-3518
-3796
-3379
-3311
-1231
823
1329
-94
-1554
-243
1961
4360
3974
423
-1856
1587
8450
9267
2921
-3567
-2474
4524
9119
6780
-582
-4606
-2952
1193
2840
899
-1471
-4918
-5778
-3227
1061
2835
-1367
-4263
-4561
-2013
1302
2168
2408
-1123
-3199
-782
1709
3372
898
-2146
-3608
-4134
-1217
-292
-1022
-261
75
117
-2096
-2141
1056
1601
1592
1413
1738
1761
139
960
862
-956
-522
1982
3633
466
-2199
19
1314
-680
-1752
483
1474
-1344
-1929
1525
3292
1647
-438
-214
1011
2125
3568
2893
552
-540
825
1831
425
291
1643
1350
-1093
-2139
-395
-146
-439
808
2072
1476
-451
-88
-418
-2239
-1547
819
1983
-367
-1998
106
607
-1421
-2701
-1259
1641
1551
891
1663
947
-496
-1663
-643
311
-1589
-1921
-887
-430
-973
-1822
-1226
-1526
-2358
-2112
-1327
-1449
-2959
-3679
-3448
-2937
-2736
-1931
-447
-156
-848
-1195
532
3186
4474
3292
388
-1392
1338
6778
8156
3767
-2409
-2308
3943
8645
6774
-851
-3951
-871
3316
3640
-424
-2576
-4300
-3956
-1869
260
1565
-1705
-3694
-4834
-4599
-1749
737
3554
322
-3926
-2977
151
3935
1982
-1652
-3610
-4388
-392
1482
229
-1185
-1541
807
-500
-2007
-51
1331
2095
748
884
1758
81
-57
261
465
374
474
1869
925
291
2012
2154
-763
-2996
280
3795
1650
-1780
-873
2321
2151
-176
-1322
-672
1184
3335
4576
2193
-577
-417
954
1273
173
1743
2868
876
-1029
-1237
304
148
528
1564
562
-758
-1494
-244
-329
-1320
-802
-595
-452
-1311
-744
-189
-1667
-2283
-1718
664
1341
822
1764
1929
816
-1354
-1355
187
-266
-1024
-660
1
-549
-1698
-1499
-972
-1463
-1818
-1356
-884
-1640
-3477
-4018
-3192
-2532
-2159
-1621
-749
-1189
-2163
-1294
991
3104
3040
1569
-132
-496
3172
7082
6099
-2
-3802
1418
8335
8829
2011
-3659
-1712
1940
4092
1756
-1745
-2928
-2965
-560
-590
-971
-1361
-2690
-2433
-3825
-3426
-1665
891
2636
-1446
-3840
-2404
1629
4198
784
-2330
-4538
-2753
1598
1482
-669
-2952
-1229
1034
-889
-928
681
2561
2217
-133
1126
1334
207
-54
73
1413
483
872
1808
698
684
868
820
-1212
-1303
2297
3645
933
-2154
-593
1529
755
-825
-419
1912
2154
2468
2334
953
-629
-1215
1240
1887
2175
2643
1669
-218
-2428
0
2498
2546
1222
-727
-978
-1999
-904
707
376
-150
-1358
-1048
-1867
-2532
-1316
-1336
-1467
-1678
206
1515
-172
-293
927
1764
478
-561
775
241
-1828
-2111
-110
905
-963
-1959
-1697
-1997
-2777
-2301
-831
-1315
-2177
-2395
-2541
-3405
-3718
-1445
38
-548
-1792
-989
1430
1967
1736
1277
725
352
2255
5919
5265
670
-2412
941
6159
6438
2833
-1056
-614
1712
3344
2161
-1320
-2136
-1124
498
-524
-1954
-1331
-1566
-1824
-2870
-2848
-2799
-2644
-37
88
-1725
-3088
-1268
2564
2023
-499
-3070
-3232
-314
1179
1494
-233
-1871
-1380
-997
739
1651
1027
689
184
1526
1987
1012
507
47
1140
1206
787
620
50
885
1181
835
-440
-873
996
1777
1020
-323
329
1462
240
-1277
-976
1533
2573
2199
1796
452
-613
-666
998
1695
1282
2393
2787
848
-1947
-1295
2111
3175
2059
143
-1465
-2579
-1743
1505
2155
-154
-2390
-2180
-1160
-1953
-1680
-1389
-1764
-1843
-884
746
-402
-1433
-461
888
1128
310
1156
1272
-556
-1729
-533
1353
443
-1292
-1976
-2298
-2920
-2933
-1595
-1490
-2625
-2997
-2149
-1651
-1723
-753
232
-564
-1436
376
2691
2095
-544
-901
1685
3938
4080
1989
116
90
2361
4669
3765
844
-1400
71
2921
3484
1152
-2230
-2339
-893
923
1426
-197
-1732
-3382
-2001
-548
-1311
-2488
-3291
-1400
-1450
-2681
-2242
-1183
788
852
668
203
-1301
-1237
-767
719
2341
2059
58
-2967
-2367
1746
3359
1200
-1378
-155
2578
1825
54
-182
1129
2026
1093
906
331
-230
536
939
486
-1328
-1009
1303
1664
800
-111
242
203
-562
117
561
870
1110
1522
1464
-149
-301
743
1473
1122
898
2071
1858
224
-836
-49
1426
1661
1550
915
-676
-2428
-2517
169
2418
1714
-1095
-3030
-2415
-931
139
-179
-1572
-2326
-1641
-574
-545
-721
-47
366
-63
57
1167
1682
275
-970
-418
447
261
-711
-1391
-2303
-2943
-2708
-2153
-2026
-2493
-2029
-1577
-1574
-1350
-493
631
207
-229
222
832
784
648
2356
3136
1264
-1165
-310
3597
5053
2641
-1658
-2433
641
3268
3076
-179
-1417
-854
266
684
-416
-30
-9
31
-811
-2351
-1621
-681
318
-867
-3152
-3133
-2344
-401
195
-658
-1546
-2245
-283
1155
674
-19
12
1149
712
51
835
1501
1456
383
59
591
613
974
1174
755
145
307
1411
1574
924
643
657
213
-432
-102
481
216
-286
105
1059
1112
-176
-1457
-1038
768
2094
1284
-791
-1523
-92
1670
1192
-21
587
2104
2088
63
-845
376
1905
1971
528
-169
393
1361
1129
-591
-1563
-1192
243
978
67
-1023
-1724
-1359
-901
-636
-99
-409
-1170
-1929
-1828
-888
-240
225
20
-551
-521
448
1516
1067
-47
-197
687
1221
548
-188
-677
-1111
-1478
-1732
-1913
-2395
-2380
-2088
-2310
-2298
-1661
-849
-1039
-1988
-1692
-298
679
443
-119
-24
-68
201
1267
2160
1830
711
552
1103
1546
1578
1099
803
982
1498
1660
1249
1058
1244
1397
1224
790
284
-329
-725
-159
661
322
-1237
-2573
-2317
-1303
-674
-1001
-1920
-1922
-1000
-156
-463
-1249
-992
-201
515
557
533
677
-2
-547
-455
487
1095
575
134
-357
-26
766
1141
1038
268
224
398
452
753
994
1344
883
545
847
835
455
-355
-60
1043
1265
339
-1041
-832
411
973
583
-47
546
1451
1408
695
117
567
1040
856
396
130
589
868
492
-399
-1048
-788
-322
300
630
181
-723
-1322
-795
-117
-50
-481
-1012
-1010
-940
-930
-728
-372
-175
-793
-1491
-1066
295
1190
511
-783
-1208
-660
-47
-56
-496
-1090
-1600
-1800
-1749
-1664
-1535
-1151
-987
-1243
-1151
-411
266
157
-296
-291
182
827
1397
1622
1110
557
1002
2003
2241
1257
674
747
875
1069
1094
1035
405
-154
-280
-33
949
1456
758
-664
-1390
-635
148
164
-431
-800
-858
-1476
-2048
-2149
-1585
-1059
-1192
-1385
-1416
-832
-187
-313
-536
-124
810
1003
121
-86
754
1218
426
-505
-148
576
501
-89
-506
-350
141
671
647
18
-155
120
420
535
641
1009
912
675
862
1164
1179
528
526
1366
1841
1456
326
-24
328
783
1037
620
645
1162
1520
1107
144
41
510
776
402
-30
442
738
164
-871
-1317
-752
-420
-450
-466
-312
-391
-1023
-1237
-882
-439
-169
-227
-470
-758
-876
-720
-682
-637
-402
-54
190
71
-95
-317
-512
-503
-77
539
473
-373
-1347
-1779
-1599
-1130
-457
-211
-745
-1622
-2305
-1948
-772
340
614
-122
-885
-807
-1
787
892
773
993
1331
1394
776
193
243
887
1535
1406
784
130
-218
-271
-178
396
1056
923
61
-717
-610
-155
26
-34
-288
-559
-850
-945
-926
-1010
-1253
-1597
-1502
-952
-555
-565
-657
-413
-4
386
575
243
-234
-99
882
1631
1363
697
308
95
-35
338
892
1114
865
534
380
271
218
28
228
670
776
495
-3
115
461
445
152
-229
292
1075
988
82
-805
-189
839
938
337
-235
360
1027
988
661
470
1014
1235
676
-74
-209
696
1216
653
-263
-684
-267
78
129
193
52
-208
-721
-777
-139
259
220
-305
-695
-659
-577
-458
-482
-442
-456
-769
-847
-592
-209
-129
-588
-917
-746
-216
-26
-529
-1061
-1322
-1201
-1004
-831
-536
-680
-1248
-1852
-1686
-546
261
67
-784
-1198
-729
-188
241
518
703
783
532
418
308
372
840
1154
1103
674
473
612
654
619
436
195
133
357
746
671
41
-477
-446
-149
-250
-451
-470
-545
-689
-742
-619
-849
-1224
-1168
-687
-80
85
-77
-307
-471
-251
174
455
413
410
796
1039
870
424
88
287
707
1014
942
550
157
-32
304
680
568
176
-47
146
198
-79
-41
416
767
427
-214
-193
383
853
738
407
459
759
913
668
227
171
622
1120
1014
506
393
477
211
-278
-225
415
786
320
-345
-420
-60
168
-6
-137
-62
136
23
-325
-394
-186
57
-81
-409
-562
-575
-517
-563
-627
-545
-669
-892
-896
-592
-293
-502
-875
-1010
-763
-433
-468
-610
-752
-898
-989
-1084
-813
-376
-300
-773
-1352
-1113
-316
224
-41
-633
-689
-298
203
539
590
378
76
152
582
819
721
542
597
689
535
402
467
572
498
246
96
142
335
281
-107
-379
-384
-151
-154
-468
-679
-563
-289
-234
-445
-687
-731
-578
-240
-49
74
212
261
97
-132
38
465
821
781
752
798
591
229
37
348
851
987
602
23
-267
-49
320
473
305
49
-159
-313
-426
-284
153
429
250
-135
-351
-221
187
369
365
437
735
961
765
483
441
653
886
946
1037
1032
762
318
-154
-128
260
768
813
168
-461
-456
109
403
195
30
159
347
163
-370
-436
-130
318
370
-215
-756
-1025
-802
-498
-481
-656
-937
-1045
-1090
-1082
-672
-378
-427
-878
-1200
-850
-211
248
-162
-765
-841
-523
-18
118
-44
-188
-426
-549
-419
190
344
-238
-677
-833
-298
225
26
-527
-614
-337
-216
-160
-299
-436
-116
100
-93
-209
-221
-43
129
86
-89
111
442
240
-109
-117
91
277
145
-189
-342
-265
-4
181
336
115
-193
-73
101
301
718
1162
1126
416
-102
216
893
1186
865
407
69
141
354
353
262
358
387
161
-85
-167
310
435
-59
-296
-91
388
175
-628
-610
-214
324
830
773
-218
-471
334
4
697
1327
618
605
567
-39
309
1443
1008
600
1051
313
487
977
-93
73
432
141
144
-56
-655
-900
-359
-169
-155
-210
-250
329
-11
-948
-535
-198
156
504
-123
-735
-1039
-985
-453
-294
-626
-610
-500
-899
-1053
-328
-50
-58
-313
-785
-506
-63
110
333
121
-479
-251
321
282
20
-11
-132
-41
-132
-314
-205
-371
-678
-830
-681
-747
-682
-501
-983
-1283
-1003
-680
-300
-655
-951
-675
-548
-435
-479
-163
-17
-178
-217
-293
-114
426
764
579
9
-284
78
459
535
420
380
390
366
325
433
412
604
870
822
966
1004
920
787
514
597
973
1048
845
412
326
492
450
326
373
714
760
205
-337
-213
307
576
277
97
85
-60
-186
-170
21
254
453
405
22
-323
-169
186
302
283
346
428
261
-196
-91
437
709
633
241
-92
-292
-235
-67
28
-29
-270
-521
-679
-764
-692
-438
-312
-275
-269
-304
-162
-47
-129
-226
-185
231
561
411
108
-288
-337
67
284
212
-94
-306
-222
-202
-119
42
84
-80
-419
-398
12
286
346
50
-378
-458
-316
-79
-85
-320
-452
-645
-836
-882
-747
-638
-858
-1106
-1230
-1190
-1030
-844
-762
-1073
-1192
-996
-831
-813
-742
-436
-284
-251
-214
-86
-6
8
127
284
390
470
737
786
373
41
123
453
673
717
630
411
219
206
363
520
613
636
710
783
745
702
620
607
788
993
1028
821
576
600
744
715
553
462
575
777
619
148
100
594
911
758
360
64
151
361
494
394
116
13
70
69
-83
-205
-81
45
-26
-88
-113
-154
-143
22
95
-15
-113
-84
78
-68
-403
-502
-422
-252
-232
-442
-775
-942
-702
-493
-493
-490
-448
-368
-385
-409
-210
-7
32
126
171
196
219
109
93
86
122
162
-103
-447
-488
-244
-45
-189
-479
-656
-761
-633
-309
-136
-197
-467
-670
-645
-544
-293
-208
-328
-467
-584
-580
-560
-419
-293
-443
-681
-641
-435
-317
-355
-468
-418
-368
-358
-324
-297
-157
11
119
63
-13
158
323
290
140
256
639
755
720
670
398
225
409
686
765
633
525
531
399
151
202
524
729
591
425
354
409
581
618
467
316
520
752
707
464
452
614
518
259
132
374
615
546
110
-165
34
409
530
243
63
187
292
202
116
174
259
143
-65
-139
-105
-25
-5
-62
-133
-302
-364
-231
-63
38
-167
-503
-499
-112
116
-104
-511
-625
-389
-259
-386
-540
-557
-422
-368
-513
-655
-575
-328
-274
-307
-299
-328
-376
-364
-207
73
120
-54
-103
-82
6
-15
-57
-47
-138
-186
-199
-236
-230
-314
-400
-392
-413
-280
-168
-158
-205
-311
-320
-241
-130
-42
31
-29
-166
-173
-64
82
26
-166
-210
-77
112
33
-101
-99
-79
-50
-45
-41
-33
79
145
101
21
70
225
269
240
191
285
386
394
389
232
93
84
187
362
355
195
46
0
44
101
190
250
223
207
229
282
300
273
280
278
363
434
413
379
437
550
527
400
262
283
481
588
464
256
146
180
256
256
173
171
194
87
-26
-28
42
39
-59
-168
-172
-162
-189
-232
-299
-284
-246
-241
-285
-272
-203
-247
-288
-222
-113
-61
-168
-308
-334
-203
0
23
-121
-321
-327
-154
-127
-143
-186
-246
-227
-215
-194
-268
-357
-209
5
16
-177
-241
-72
41
-31
-175
-220
-103
-43
-179
-316
-316
-331
-340
-351
-461
-394
-183
-98
-160
-336
-421
-282
-89
136
225
118
-36
-82
110
291
262
105
76
117
156
183
151
152
113
10
-76
-4
171
182
78
20
-8
-43
4
111
140
137
114
74
-10
-5
28
17
-32
-113
-11
90
55
-149
-185
-57
62
208
155
57
7
72
303
383
215
158
197
291
325
275
303
402
469
314
152
130
248
386
380
222
136
191
209
150
98
195
254
249
181
98
107
103
128
123
95
101
53
19
-1
11
12
-48
-68
-2
103
42
-121
-172
-29
130
101
-53
-131
-138
-139
-120
-104
-22
-50
-174
-322
-387
-309
-190
-68
-108
-219
-297
-387
-368
-304
-310
-250
-212
-239
-268
-277
-261
-265
-297
-333
-316
-196
-154
-301
-439
-462
-313
-268
-321
-287
-189
-50
-140
-346
-385
-202
26
146
126
41
45
79
92
99
95
137
208
158
12
-32
45
116
66
-15
13
64
148
189
155
96
54
136
249
328
249
130
98
81
99
177
269
216
57
-20
-5
95
189
190
130
-6
-11
73
163
145
107
159
181
183
154
224
262
234
123
95
186
203
117
19
-6
25
120
75
10
-51
-55
-6
15
92
143
116
55
34
73
141
193
174
55
-4
-22
36
54
5
-4
-16
5
9
72
105
95
86
101
215
294
266
118
-36
-4
136
212
158
41
-38
-95
-157
-143
-93
-71
-74
-192
-298
-308
-222
-201
-256
-314
-306
-196
-123
-148
-268
-271
-205
-179
-248
-310
-273
-275
-373
-460
-433
-386
-291
-323
-363
-282
-227
-259
-352
-304
-143
6
3
-64
-94
-24
77
74
19
-37
-22
9
-9
-73
-66
-14
-25
-130
-151
-47
25
45
21
-21
-2
25
44
161
189
205
191
220
280
308
358
258
162
63
54
183
249
211
118
1
-62
23
144
216
206
172
168
191
270
332
345
314
263
265
265
309
279
222
182
72
18
1
98
90
-10
-35
-38
44
66
82
102
50
15
38
101
185
236
170
81
63
123
206
177
89
47
4
37
87
57
-27
-34
-37
-10
99
94
34
-104
-160
-119
-52
26
25
19
-28
-69
-67
-28
-43
-114
-177
-259
-277
-265
-267
-312
-403
-429
-408
-343
-310
-275
-211
-196
-209
-262
-237
-193
-201
-232
-264
-252
-194
-191
-248
-274
-284
-244
-291
-371
-346
-261
-193
-228
-281
-204
-85
-66
-61
-47
-7
108
139
91
84
110
138
91
44
85
116
90
13
0
78
69
0
-29
29
145
177
172
171
260
345
280
235
186
220
258
262
304
262
215
143
78
142
279
268
130
38
83
172
199
168
82
105
171
171
170
213
246
244
224
194
182
215
157
89
118
136
127
82
40
18
60
69
35
-72
-17
123
101
86
47
91
105
123
175
125
102
69
44
31
0
-31
-101
-162
-145
-75
-48
-103
-213
-266
-244
-152
-131
-171
-145
-140
-103
-128
-96
-49
-112
-201
-234
-186
-168
-181
-276
-291
-259
-219
-210
-268
-286
-225
-150
-120
-151
-225
-209
-215
-196
-151
-98
-118
-180
-208
-183
-94
-102
-155
-245
-237
-138
-64
-94
-146
-169
-140
-1
28
-42
-63
-36
-19
-23
0
19
9
-13
-55
-22
90
108
3
-43
-3
42
54
68
84
111
209
225
199
150
139
218
228
211
146
124
171
193
262
262
217
174
154
244
290
286
213
180
208
254
259
244
228
183
196
159
192
171
186
249
265
244
177
196
192
198
175
168
161
132
119
107
70
32
57
21
-22
-23
-13
5
-14
-67
-71
-18
13
-27
-28
13
-44
-112
-153
-179
-170
-177
-231
-266
-298
-354
-358
-358
-327
-258
-217
-251
-280
-238
-170
-129
-165
-160
-155
-185
-175
-164
-179
-166
-206
-282
-256
-227
-213
-188
-183
-165
-111
-101
-99
-84
-76
-37
-7
26
14
8
-6
-28
7
-12
-12
-4
-35
-12
14
4
5
33
63
74
62
45
76
111
96
66
85
112
104
91
66
75
75
51
12
13
24
13
18
16
77
88
73
47
60
97
107
136
91
92
74
34
38
67
96
103
104
79
93
124
160
159
117
85
130
165
159
120
79
92
98
46
-19
30
69
99
84
80
70
93
170
154
160
122
98
111
148
171
140
72
20
12
13
29
12
-35
-81
-80
-50
6
-9
21
53
50
65
4
-5
-20
-3
-5
-77
-146
-136
-66
-169
-225
-168
-147
-142
-169
-152
-99
-65
-62
-75
-89
-94
-76
-58
-90
-101
-73
-113
-204
-258
-258
-230
-223
-222
-197
-174
-164
-177
-124
-129
-149
-120
-110
-15
16
-4
-22
-26
4
-17
-38
-100
-155
-97
-80
-80
-106
-122
-84
-71
-51
-49
-20
4
-4
-5
48
86
98
68
37
77
123
140
84
60
78
60
37
45
51
81
104
76
69
64
62
32
8
39
102
101
52
93
173
183
151
142
171
262
295
243
170
203
260
185
134
102
94
83
75
61
93
126
130
208
200
183
228
291
265
196
199
206
160
85
57
1
-32
-76
-117
-109
-134
-148
-152
-126
-78
-76
-105
-87
-32
-2
-18
-37
-57
-53
-67
-115
-143
-152
-160
-190
-186
-222
-202
-189
-204
-186
-199
-196
-184
-137
-139
-109
-98
-105
-110
-85
-58
-98
-105
-111
-103
-106
-133
-142
-172
-195
-117
-120
-126
-77
-38
-44
-76
-61
-26
8
-1
-49
-88
-9
47
27
-10
-3
40
19
10
15
39
39
21
14
2
25
39
18
7
1
47
98
67
58
108
128
111
105
121
139
149
135
116
77
70
80
89
73
35
17
8
31
6
-25
-40
15
26
63
109
74
113
136
182
157
165
167
149
129
85
102
69
52
19
28
7
23
11
-19
26
47
93
73
101
118
125
149
91
70
93
61
39
33
8
-22
-32
-21
-57
-65
-59
-34
-40
-44
-19
-49
-37
-46
-49
-39
-21
5
-34
-70
-95
-76
-63
-99
-96
-123
-135
-140
-160
-130
-135
-128
-111
-127
-128
-111
-147
-157
-133
-132
-95
-70
-89
-107
-92
-58
-27
-83
-83
-56
-67
-61
-70
-67
-95
-79
-66
-54
-56
-44
-3
-19
5
-21
-35
9
2
24
39
20
31
41
39
46
43
43
24
22
34
32
39
56
29
3
41
54
49
65
101
111
124
127
117
108
75
91
82
73
96
91
89
56
47
50
47
56
44
46
47
57
77
63
61
50
54
95
90
69
60
51
50
36
22
22
9
0
-48
-46
-9
-39
-37
-20
15
23
43
60
49
28
17
41
13
9
4
-19
-13
-21
-31
-21
-31
-25
-38
-53
-48
-60
-54
-38
-13
-34
-57
-60
-34
-58
-53
-34
-63
-38
-16
-29
-48
-43
-63
-41
-31
-29
-14
-29
-35
-35
-28
-18
-10
-25
-39
-48
-23
-24
-18
-28
-21
6
-24
-19
-23
15
28
32
6
-35
-38
-45
-33
-77
-57
-52
-73
-57
-70
-62
-60
-46
-22
-10
-24
14
16
-9
19
13
52
39
6
2
-13
0
4
16
9
-28
-45
-31
-28
-21
-17
10
47
53
49
71
51
20
48
48
57
39
45
32
15
21
-16
-17
-26
-15
-12
3
14
0
6
6
3
29
60
48
64
90
69
48
63
60
35
48
61
61
76
53
50
64
52
47
51
51
35
36
32
45
35
51
72
65
46
42
45
19
22
2
19
-4
-5
-6
-31
-9
-2
0
-9
-2
-6
6
-33
-47
-40
-39
-9
-3
-4
-28
-26
9
-9
-31
-50
-53
-21
-67
-63
-46
-31
-22
-36
-29
-63
-67
-54
-33
-41
-44
-31
-50
-66
-66
-68
-56
-76
-78
-16
-34
-50
-63
-35
-38
-71
-31
-62
-65
-36
-44
-41
-45
-46
-31
-42
-54
-72
-35
5
-9
2
-9
-12
-39
-33
-12
-1
3
6
-7
-25
-13
-16
8
15
46
30
0
9
4
1
9
15
28
40
18
52
37
29
46
39
56
40
32
39
63
69
65
89
99
74
85
102
83
58
44
53
65
60
69
82
79
72
85
94
82
88
92
84
85
70
38
34
34
14
36
35
34
54
20
35
60
40
50
47
32
7
4
0
-9
16
-10
-23
-29
-28
-20
-38
-51
-45
-30
-40
-36
-44
-61
-56
-55
-65
-71
-55
-67
-85
-94
-116
-101
-98
-101
-100
-117
-104
-92
-92
-94
-61
-38
-58
-72
-79
-46
-39
-72
-77
-85
-77
-75
-60
-46
-52
-41
-21
-18
-31
-32
-45
-53
-60
-60
-46
-61
-64
-36
-44
-26
16
16
16
28
54
60
53
56
51
43
25
34
28
28
34
11
34
62
72
64
82
85
79
87
62
65
72
70
39
15
48
56
32
29
60
82
54
64
67
40
25
29
34
35
56
34
30
50
34
49
37
10
31
36
41
43
68
58
21
32
55
50
42
51
22
16
36
16
2
6
-3
11
23
-2
-9
-22
-6
29
6
-6
-31
-39
-43
-46
-18
-16
-26
-19
6
-17
-33
-16
0
-2
-16
-55
-60
-52
-66
-80
-79
-53
-70
-47
-63
-73
-94
-100
-63
-48
-29
-27
-19
-34
-34
-56
-74
-88
-70
-82
-103
-90
-114
-92
-57
-34
-25
-2
6
15
-12
-16
-24
-39
-31
-79
-49
-24
1
-4
-31
-6
30
61
45
53
28
12
13
9
31
25
4
6
15
15
15
-7
17
21
14
29
45
39
38
44
29
48
31
31
21
42
47
15
16
17
30
48
85
56
83
82
81
89
11
6
15
21
19
39
47
32
42
47
62
86
67
83
105
55
42
35
28
-3
-12
19
16
-17
-6
23
43
64
57
63
32
38
47
32
41
13
18
10
-8
-4
-4
32
30
1
1
2
-7
-13
2
0
-44
-47
-35
-69
-91
-114
-119
-113
-116
-105
-104
-117
-96
-89
-117
-112
-85
-74
-92
-84
-75
-97
-85
-60
-56
-70
-95
-109
-107
-82
-68
-34
-25
-44
-22
-20
-8
1
-11
-19
-19
-29
-12
-22
9
18
-4
32
26
53
34
41
57
80
78
54
78
60
51
25
56
44
37
44
18
18
-1
12
-5
-11
9
4
3
8
4
23
9
-9
15
30
52
65
75
72
66
48
63
42
59
101
69
85
97
72
38
61
78
82
78
68
41
20
36
60
45
38
60
12
19
5
-4
-4
4
23
2
-4
-27
-49
-62
-44
-35
-7
-14
-4
-9
-31
-42
-49
-44
-62
-25
-60
-55
-43
-57
-34
-22
-19
-21
-25
-62
-51
-54
-64
-30
-35
-51
-34
-43
-32
-32
-31
-16
-3
-17
-25
-4
0
-19
-46
-8
-19
-5
25
-3
-15
-12
3
-2
-15
-34
-22
-27
-34
-35
-12
7
-18
-1
10
-3
-24
-23
-24
-18
-6
-11
-16
-31
-26
-3
11
14
7
7
23
5
-6
1
-4
13
6
-7
-7
-7
12
21
21
6
19
29
31
55
61
27
10
52
57
48
46
54
42
39
29
6
13
10
33
11
39
18
3
37
15
7
-25
-4
13
12
-4
-7
-6
-6
10
-12
-22
-10
8
17
4
1
11
-20
-6
12
27
9
-20
-10
8
19
26
48
31
43
19
16
42
38
20
14
21
-6
-1
-10
-7
0
18
25
39
31
13
23
8
-1
-19
0
-25
-45
-33
-17
-32
-38
-10
-33
-25
-13
-4
-19
-10
-5
-14
-22
-31
-35
-62
-44
-46
-56
-66
-67
-57
-30
-10
-51
-41
-24
-35
-30
-12
-6
-32
-33
-27
-20
4
-20
-6
4
2
-5
-13
6
-5
6
2
26
17
16
19
1
3
-19
-18
-13
-23
-32
-25
-16
5
17
19
21
25
41
29
5
-7
1
6
6
-9
-4
-3
-10
-2
6
19
35
19
13
23
23
25
-1
6
16
13
-7
-14
-19
-18
23
29
43
51
60
44
20
47
38
26
28
10
15
-4
-5
-3
8
21
-11
36
34
23
35
23
10
12
42
21
46
44
45
57
22
21
28
25
12
12
35
31
31
40
44
34
9
12
-3
-9
-25
-16
-9
-29
-53
-47
-20
-30
-19
-9
7
-17
12
4
-9
3
-26
-24
-35
-64
-81
-64
-59
-62
-57
-48
-26
-12
-18
-25
-50
-54
-43
-56
-78
-76
-89
-86
-55
-80
-79
-59
-41
-25
-9
9
22
4
-5
-2
2
15
3
-6
-31
-12
-23
-22
-26
-25
-16
-21
7
-13
-3
-17
-10
6
9
34
22
22
40
32
25
40
27
31
28
28
37
36
32
36
22
10
38
22
36
60
50
47
27
16
11
39
26
5
40
34
26
44
47
50
50
48
37
29
67
45
34
50
31
37
37
28
12
29
45
57
31
16
7
21
33
5
21
21
46
15
11
18
9
11
-12
4
-12
-21
-40
-36
-33
-43
-48
-51
-26
-33
-28
-23
-35
-34
-48
-49
-47
-42
-42
-28
-35
-69
-70
-76
-66
-62
-37
-37
-68
-37
-15
-15
-12
-14
-22
-42
-44
-38
-42
-42
-55
-30
-25
-29
-30
-44
-14
-30
-9
0
-25
0
8
12
0
18
19
-2
13
12
-7
0
-4
-12
-2
8
23
12
6
-19
-25
16
15
10
27
38
38
23
32
45
41
31
25
24
22
22
14
44
19
3
9
-7
7
-4
3
9
26
20
-2
7
20
32
32
35
19
19
47
57
61
54
29
28
23
32
47
48
45
25
26
38
42
35
41
46
29
25
19
15
23
22
25
12
15
25
7
-11
-22
-28
-27
-11
-15
-34
-42
-44
-60
-64
-38
-29
-27
-28
-21
-37
-47
-25
-32
-64
-53
-46
-61
-42
-32
-10
-23
-22
-12
-16
-24
-27
-38
-45
-10
-16
-7
-3
-11
-37
-25
-16
-27
-11
-4
15
13
6
-5
12
5
-9
5
-1
3
2
6
10
18
43
27
17
10
-15
-16
-27
0
2
-21
-6
-11
-3
-15
-41
-32
-9
-27
-14
-14
16
43
-12
0
4
-2
4
10
4
-13
-15
-3
-6
-22
-12
-10
-7
3
0
7
23
23
23
21
7
6
18
9
32
46
35
37
25
23
8
19
39
45
33
30
37
25
21
22
33
29
56
52
48
48
23
26
5
-11
-9
-3
15
8
0
8
-2
-10
7
16
20
16
2
16
16
13
21
27
16
6
-2
-13
-19
-27
-8
-24
-16
16
12
13
1
-14
-5
-34
-17
-1
-32
0
2
-10
-37
-41
-11
4
7
-13
-24
-11
-34
-29
-49
-70
-51
-42
-14
-13
2
-21
-38
-52
-41
-29
-60
-70
-72
-54
-69
-51
-23
-34
-51
-37
-13
-11
-22
-1
-26
-47
-13
-6
1
-12
0
-11
17
23
6
22
13
16
3
1
18
22
16
9
-7
9
14
12
29
24
22
22
17
15
-4
3
36
25
12
16
10
19
-1
16
44
24
29
29
46
48
47
50
53
51
51
48
21
13
17
20
20
41
45
59
45
41
43
17
3
-3
16
29
27
25
19
1
-4
10
21
12
8
7
-2
-6
-9
-23
-6
4
-10
-11
-21
-6
-9
-11
-18
-22
-14
-6
-3
-1
30
16
5
3
-10
8
9
0
6
5
-3
-16
-22
-36
-41
-47
-34
-27
-27
-30
-58
-67
-59
-43
-43
-26
-45
-45
-38
-51
-53
-65
-32
-57
-81
-63
-32
-28
-51
-53
-53
-57
-60
-44
-45
-34
-47
-41
-30
-34
-31
0
27
-3
13
-9
-3
3
-16
-18
-16
10
7
33
39
34
45
41
28
40
53
51
49
40
44
48
59
56
63
57
66
77
85
85
75
80
73
62
48
42
26
22
31
25
14
4
-9
13
12
2
23
26
37
16
9
-1
-2
22
33
47
15
0
-4
3
-6
-19
2
-1
0
1
-3
-1
5
21
22
-4
-6
0
9
11
-14
-11
-8
-23
-19
-9
-9
6
6
-19
-25
-9
3
2
-7
-13
-15
-16
-12
-5
-25
-62
-50
-37
-51
-44
-63
-68
-70
-67
-53
-78
-69
-58
-54
-51
-48
-42
-45
-26
-53
-64
-25
-13
-19
-9
-12
-17
-15
-10
3
-1
12
10
-6
8
13
13
5
-3
18
17
9
5
-6
15
2
3
16
7
4
-7
-4
4
4
8
9
19
32
23
31
10
4
19
36
41
25
22
22
40
35
35
-3
-9
26
1
8
20
24
33
26
43
49
48
38
26
43
29
38
32
18
8
16
44
31
48
68
64
37
18
6
10
8
18
36
16
5
3
4
3
36
30
25
16
-3
5
-11
-11
-16
-4
-18
-29
-33
-21
-23
-38
-30
-16
9
-3
5
-2
-16
-35
-28
-24
-19
-14
-38
-42
-40
-34
-23
-23
-30
-8
-22
-16
-36
-41
-50
-69
-61
-75
-69
-72
-58
-42
-19
-19
-32
-60
-39
-17
-18
-8
-22
-26
-58
-60
-52
-18
-13
-25
-18
-10
-2
-35
-28
-6
0
-3
0
14
18
7
13
10
13
29
32
30
29
28
24
40
47
66
57
60
57
32
26
32
41
34
40
29
23
28
28
42
44
39
54
44
44
38
36
37
31
37
16
14
15
6
12
32
28
11
-1
-10
-15
-5
3
5
18
31
31
22
9
6
5
13
37
27
32
40
35
18
16
16
9
19
12
-6
-16
-16
-16
-15
-7
-8
-28
-28
-53
-75
-73
-82
-76
-66
-49
-56
-78
-63
-42
-47
-40
-32
-47
-37
-33
-44
-26
-18
-38
-36
-13
-6
16
7
-11
-3
-14
-12
-36
-44
-35
-31
-38
-31
-19
-1
6
-13
-6
-19
-13
9
22
13
13
27
44
54
36
32
12
16
7
5
18
26
40
32
35
4
7
17
9
13
6
11
-11
-21
-1
13
7
13
39
39
25
19
19
13
-7
16
16
19
31
20
15
15
22
7
-1
-12
3
2
-1
8
9
22
22
19
6
10
19
25
16
-20
-23
2
-13
-8
-3
3
-1
-13
-2
1
9
13
12
13
-1
-1
16
13
23
6
-9
-11
8
12
13
22
13
2
-11
-7
-21
-28
-44
-48
-40
-39
-40
-35
-34
-45
-24
-22
-38
-36
-35
-41
-25
-13
0
30
38
10
-6
2
-1
3
0
-6
9
11
5
-12
-21
0
1
4
23
47
42
24
8
4
9
1
-1
4
15
13
10
-12
-12
-17
-19
-10
-17
-16
-9
3
-12
-18
-10
-3
-25
-30
-19
-1
13
-3
2
12
4
-10
-3
6
10
-2
-2
0
5
16
4
-25
-3
22
24
25
16
32
21
28
14
10
35
44
15
0
27
-9
-22
-20
-23
-15
-7
-3
-21
-10
-2
-15
-16
0
9
4
-3
-3
-10
-9
11
14
12
28
15
-13
-4
-10
0
4
3
19
16
9
-3
4
-4
3
15
15
9
10
4
-13
-16
-25
-31
-25
-18
-12
6
4
13
1
7
7
-10
0
-18
10
18
4
3
19
26
7
14
26
37
41
15
4
16
-9
-4
-7
-18
-18
-28
-20
-18
-12
-22
-27
-20
-10
-1
-9
0
6
0
6
9
-5
-12
9
22
25
30
31
19
4
-12
-23
-19
-23
-26
-28
-25
-16
-22
-27
-5
11
13
-6
-13
6
-10
-7
-8
-16
3
0
-9
-4
19
35
6
-4
11
9
-13
-19
-16
-13
-10
1
-15
-35
-12
-32
-41
-50
-40
1
-6
-7
3
0
0
0
3
22
21
11
10
-2
12
25
19
29
8
13
20
6
9
-1
4
10
15
9
-4
3
-8
-21
-22
-7
3
17
39
44
34
37
55
41
45
42
36
31
6
13
12
36
12
8
36
32
40
7
-3
-19
-25
-17
-31
-17
-7
6
15
26
9
2
15
-7
9
12
-7
-12
-25
-36
-46
-42
-43
-40
-29
-31
-29
-22
-32
-40
-45
-38
-32
-12
0
-7
20
1
3
9
-5
11
6
3
4
-3
-19
-6
-8
-11
-2
-4
-13
-14
13
7
-8
-3
1
-13
-2
-11
-13
-1
-13
-1
0
13
6
20
16
-9
-21
-16
9
-5
3
-7
-19
-2
23
0
-14
-19
-28
6
-20
-14
-21
-42
-40
-39
7
23
20
24
18
-4
3
15
19
21
13
25
31
25
25
19
23
19
-1
7
-4
-3
-3
-3
1
-5
17
24
22
22
12
7
21
33
31
6
18
15
17
43
38
50
44
46
41
34
23
15
0
-9
-4
-4
6
-15
-14
-6
-19
-11
22
14
2
-3
6
10
-4
-6
-20
-19
-59
-40
-27
-41
-19
-22
-33
-43
-37
-38
-54
-56
-31
-33
-14
-7
9
11
1
6
-12
17
19
31
23
3
2
-3
5
2
-3
-12
-19
-16
-10
-28
-42
-27
-32
-58
-28
-15
-28
-26
-37
-13
-10
-2
7
-5
13
12
12
6
2
26
25
16
-1
-3
0
-12
-18
-15
-9
0
-15
-25
-10
5
2
-5
23
28
27
23
17
20
32
39
33
57
41
38
34
7
14
-5
9
13
2
-3
-6
-1
-6
4
1
8
10
9
18
17
26
23
23
26
24
16
13
31
7
0
3
6
14
1
15
3
10
18
8
-7
-25
-28
-16
-3
-6
-7
-15
-17
-20
4
19
33
21
17
35
33
31
16
18
3
4
-2
0
-15
-29
-23
-46
-66
-72
-58
-61
-70
-53
-39
-50
-35
-37
-26
-9
7
7
-6
5
-14
-10
1
-6
-5
4
-1
12
4
-3
-27
-38
-23
-28
-19
-21
-18
-21
-28
-40
-25
-16
-7
7
9
22
6
8
13
-11
-4
10
2
10
13
3
3
13
6
10
12
13
19
13
29
41
24
23
35
15
22
7
13
35
22
47
30
19
25
22
31
28
48
44
26
41
15
-4
7
8
23
20
3
13
25
27
3
-13
7
5
13
3
0
16
14
4
-4
-4
-9
-2
-13
-15
-24
-19
-10
-16
-18
-18
-19
-40
-40
-47
-23
-2
-15
-19
-10
6
0
-2
-10
-17
-19
-3
-12
-24
-18
-42
-38
-54
-47
-44
-44
-38
-48
-21
-11
-6
-29
-34
-25
-31
-15
19
29
27
1
2
25
12
10
10
38
39
34
30
27
12
10
21
7
18
22
18
22
31
23
18
0
26
7
-4
9
11
27
12
10
7
28
17
26
16
4
0
-14
-16
-27
-31
-20
-23
-50
-47
-61
-46
-36
-19
-43
-45
-10
-6
16
-2
8
-4
-3
16
19
11
-4
-8
11
34
26
47
42
29
30
26
44
21
-3
12
7
7
7
-4
5
3
-16
-17
-7
1
0
-3
12
10
-4
-3
13
18
13
5
3
-5
-3
6
15
6
29
43
12
19
15
22
6
-18
-15
-19
-40
-39
-17
-23
-36
-32
-5
1
-7
0
1
-6
-14
-13
-2
1
3
10
29
27
-7
-6
19
18
-8
-6
-19
-52
-55
-44
-44
-66
-82
-53
-32
-35
-22
6
8
-23
-14
0
0
4
9
15
19
2
4
25
10
24
37
39
54
46
35
30
18
14
18
5
7
-2
-9
-17
-22
-3
-24
-11
30
28
13
16
13
-6
2
-1
-12
6
9
20
8
0
14
17
42
19
-3
-3
-4
-1
-2
-23
4
-4
-34
-28
-31
2
-19
2
-13
-16
6
-3
18
6
-8
-15
0
-17
-23
-18
16
-6
-20
16
34
54
25
25
17
16
31
33
39
32
32
30
14
-4
-3
3
6
12
11
38
17
-15
-21
-40
-32
-51
-43
-41
-39
-32
-36
-29
-21
-11
-6
-3
-15
-10
12
9
-16
-4
-2
3
0
-6
12
16
15
13
-3
1
19
9
-7
-9
-5
-15
-17
-28
-19
-9
1
0
9
38
18
18
28
23
-9
-21
-6
-17
-35
-27
-18
-22
-29
-18
-8
-11
-17
-22
-9
-12
-12
-22
-28
-21
-16
-9
-2
21
18
11
25
33
23
15
50
44
32
38
31
10
-6
14
8
6
10
17
35
30
12
4
-1
-22
-6
10
6
6
12
14
-3
6
35
19
14
25
14
32
11
18
29
-16
-12
-34
-26
-19
-25
-2
-15
-20
-37
-25
-30
-41
-16
-12
-1
-8
19
14
-12
12
13
9
3
15
1
-13
7
-16
-35
-28
-20
-23
-13
9
4
-2
6
-13
0
3
-5
17
9
14
10
22
16
7
7
-10
-8
-15
-17
-27
-17
-9
-25
-13
-10
-28
-39
-26
7
12
12
-9
-10
3
7
21
10
18
30
20
7
-3
3
7
-1
15
25
6
-6
13
7
-2
2
-2
3
4
15
8
3
12
9
12
18
9
4
10
7
-7
6
1
-9
5
-2
5
-11
-27
-37
-45
-43
-48
-47
-37
-45
-61
-29
-23
-16
-11
-3
-2
-3
-1
4
20
23
33
20
18
26
30
48
51
50
63
47
50
37
17
19
-2
0
-2
0
-6
-1
-1
-11
4
13
7
8
12
22
3
4
28
6
-3
8
16
-3
6
9
2
-10
-15
4
-7
-8
-8
-7
3
-6
-12
-8
-13
-14
-13
-23
-19
-9
-22
-22
-32
-53
-45
-35
-20
-24
-35
-14
-26
-38
-48
-45
-32
-26
-17
-19
6
10
-12
-33
-9
1
-8
12
12
30
31
43
23
18
38
29
41
35
34
35
28
20
12
-2
26
42
22
22
25
47
24
4
32
34
44
29
20
44
38
24
-4
-18
-21
-21
-9
-7
-24
-39
-19
-27
-55
-64
-60
-52
-60
-63
-62
-48
-46
-47
-37
-16
-1
-6
-7
-4
9
6
5
7
13
25
26
35
33
23
24
26
9
4
41
26
13
35
8
20
19
5
-2
2
7
-3
4
-12
-3
10
19
0
-3
30
16
30
25
24
28
-7
-3
-3
-1
-7
3
16
16
1
10
12
-23
-30
-40
-34
-39
-48
-22
-15
-22
-16
-28
-9
-4
1
8
-8
-10
-3
0
-10
4
0
6
12
7
-11
-15
-13
-25
-3
-3
2
3
0
5
12
18
12
24
27
46
42
24
4
-6
13
6
-1
6
14
-2
15
6
-14
-9
-14
-19
-21
-10
-9
-6
-31
-33
-26
-7
1
-8
-6
-14
-12
6
1
-15
5
11
2
-5
-10
-7
-3
8
16
4
4
-9
-7
9
7
7
18
19
14
10
-21
-3
7
2
22
18
9
12
3
6
0
-3
-6
-13
10
-7
-13
-9
-15
-19
-28
-14
2
13
20
12
14
-1
-4
-3
-28
-20
-13
-4
-26
-28
-29
-23
-11
-10
0
8
23
9
7
3
25
39
27
26
41
40
32
44
38
29
20
18
27
32
16
12
32
40
5
4
19
1
2
4
15
17
1
-6
-3
-17
-29
-43
-37
-42
-45
-39
-39
-31
-39
-38
-25
-36
-44
-22
-50
-61
-51
-35
-26
-21
-3
-7
-6
-14
-5
-3
2
3
13
24
7
14
22
10
11
9
9
4
-8
5
2
13
12
14
12
11
30
24
11
28
31
12
27
12
19
16
-6
3
5
15
0
-4
-5
-6
-8
-4
-4
-6
-6
-36
-32
-9
-8
-6
-6
17
27
15
22
28
42
22
9
29
28
12
-1
13
-9
-16
-1
-10
-17
-26
-25
-21
-19
-23
-22
-54
-70
-48
-24
-3
2
-11
-21
-17
-12
3
4
3
8
16
25
25
21
24
24
20
30
32
45
47
39
29
35
29
2
-9
-3
3
-2
7
12
16
-7
-35
-32
-3
10
12
21
29
34
28
30
16
-4
-5
-20
-34
-13
-12
-17
-28
-14
-6
-25
-23
-32
-22
-45
-40
-19
-16
-10
-16
-15
-48
-34
-14
-1
13
6
24
5
5
9
-1
8
-11
-12
1
-3
-24
-17
3
-16
-10
-13
-24
-6
-3
-3
-15
-15
-22
-35
-15
-21
-7
20
23
23
3
13
-4
6
9
-6
12
13
33
19
12
16
19
27
25
20
25
36
39
40
38
38
29
31
29
17
2
-3
6
19
22
8
9
15
10
-4
10
32
22
5
1
-1
-5
-5
3
-1
-15
2
-7
-1
6
-10
-6
-20
-24
-42
-49
-42
-34
-39
-32
-30
-25
-30
-36
-15
-23
-16
-21
-6
-15
0
-4
-40
-29
-38
-41
-32
-7
-19
-20
0
-8
11
33
18
23
31
35
30
23
22
12
32
47
69
61
61
59
40
35
25
15
13
22
23
22
12
-3
-5
-10
-30
-26
-18
-2
-26
-44
-45
-50
-41
-41
-27
-48
-37
-35
-33
-14
-9
-19
-35
-18
-17
-25
-29
-16
-3
-25
-16
-18
-31
-17
3
28
20
24
23
16
19
25
54
43
32
11
12
26
26
51
50
56
53
50
55
41
16
22
30
25
30
16
11
-10
-26
-20
-3
-23
-35
-22
-22
-19
-26
-11
-24
-37
-38
-30
-11
-14
-16
-19
-20
-24
-16
-8
-7
1
-12
-4
9
14
10
4
15
16
22
27
37
22
10
15
-1
17
40
34
21
3
-6
0
7
-3
-11
10
-7
-19
-18
-31
-21
-24
-18
-9
-17
-7
10
17
7
-9
-10
-30
-33
-12
-22
-19
-32
-35
-13
0
2
-13
-17
-34
-20
18
32
12
-6
4
8
13
6
-1
-10
-19
2
4
0
-3
-18
0
4
-2
25
15
8
7
16
24
6
7
-10
0
19
33
29
23
12
-7
11
15
7
12
18
3
18
0
-5
-3
-25
-17
-27
-2
-3
-15
-27
-21
-10
-19
4
2
8
18
12
21
12
29
26
4
24
16
44
36
12
29
7
12
16
4
-3
7
27
-1
-34
-28
-26
-28
-42
-41
-40
-56
-44
-53
-37
-29
-3
16
-4
21
41
38
17
1
5
12
17
23
26
35
41
48
26
12
20
11
16
7
-5
-9
-22
-53
-43
-37
-42
-47
-44
-40
-41
-25
-21
-7
-26
-36
-55
-41
-15
-8
4
-1
2
6
20
16
12
12
13
7
-1
0
-6
-7
-16
-24
-20
6
9
-2
3
14
26
4
2
25
41
30
23
50
48
48
39
36
35
38
42
29
16
6
