53
48
23
18
28
26
25
28
30
22
23
10
3
-9
-27
-13
-23
-4
-8
-9
3
-9
-2
-9
-3
-26
-31
-10
-13
-23
0
-7
-22
-16
-40
-22
-32
-33
-16
-14
-12
-30
-18
-9
-4
-7
-11
-5
-6
0
6
16
7
-7
-6
-5
-6
0
-12
-16
-16
-26
-37
-31
3
-10
-38
-43
-16
-10
-14
-3
-4
14
12
36
43
33
40
26
36
32
33
28
28
34
24
12
27
34
-3
-3
-2
-12
-18
-6
3
-5
-10
-24
-13
-9
-16
-13
12
9
1
12
4
2
-2
2
6
18
14
7
5
0
2
11
14
5
29
41
34
28
29
25
19
12
7
2
-4
-16
-41
-26
-13
-23
-26
-36
-50
-56
-45
-48
-61
-71
-73
-53
-57
-55
-31
-22
-13
-18
-9
5
2
11
18
32
36
27
47
61
51
54
56
42
34
19
11
29
22
16
34
23
2
2
3
6
17
13
9
9
-6
3
-1
6
15
1
3
-8
-2
-6
-16
-11
-19
-23
-14
-8
-15
-15
-18
-31
-21
-27
-30
-7
-4
-12
-10
10
0
-16
-3
0
1
4
6
-7
-16
-6
-1
10
0
-3
7
-10
-16
-10
-3
-16
-19
3
-13
3
7
-4
-6
-19
3
7
6
6
9
1
3
3
6
33
34
38
32
35
17
7
1
1
19
22
22
-7
7
3
-4
12
12
15
0
4
10
13
13
17
41
28
13
-3
-13
-12
-11
12
-1
0
10
-15
-29
-33
-41
-47
-31
-22
-25
-13
-28
-44
-50
-67
-52
-35
-10
4
7
13
-1
-12
-38
-19
-10
-4
4
16
25
21
31
11
9
-1
-19
-10
15
25
19
23
5
-15
-20
-25
-8
13
7
33
44
51
49
44
35
23
32
39
30
-6
-6
0
33
48
44
47
36
25
7
16
1
-12
-12
-21
-31
-35
-16
-36
-38
-50
-54
-30
-16
-6
-7
-1
-28
-19
-30
-45
-37
-42
0
23
47
45
11
-9
-31
-37
-37
-16
15
9
12
-10
-28
-54
-73
-66
-73
-33
-17
-4
10
18
14
4
2
-7
7
37
67
86
79
66
49
20
13
8
-1
13
43
45
46
38
35
27
5
-13
-25
-13
-16
-9
3
22
27
22
23
9
-6
-11
-11
3
10
2
22
16
-8
-46
-78
-78
-73
-60
-38
-28
-20
4
-2
-4
-5
-5
-14
-6
37
41
28
22
35
16
10
7
-10
-13
-34
-25
-12
-3
0
-7
-18
-39
-49
-32
3
0
-1
10
16
17
-2
-24
-42
-39
-26
-29
-25
-27
-19
-24
-17
-3
-23
-12
-23
-17
6
23
61
76
73
62
50
25
5
-12
-11
26
52
76
89
73
49
31
31
28
44
44
41
38
17
31
21
13
5
-19
-15
-18
-6
-18
-19
-22
-37
-32
-38
-29
-22
-2
-2
17
22
-7
-4
0
-6
-10
-10
-19
-19
-29
-48
-34
-32
-44
-29
-32
-33
-29
-57
-49
-31
-16
-7
-22
-22
-41
-51
-32
-25
-25
-21
-13
-1
7
15
6
-12
-26
-27
-26
-25
1
0
7
7
9
7
-9
-6
-10
-3
3
22
53
65
48
33
34
9
1
16
36
67
79
69
63
41
27
27
23
32
39
50
38
52
61
54
46
23
44
23
20
36
45
49
42
48
37
12
-16
-16
-30
-32
-27
-29
-34
-30
-25
-54
-66
-72
-72
-66
-43
-27
-23
-22
-10
-16
-35
-44
-57
-56
-60
-62
-43
-35
-42
-40
-49
-66
-70
-54
-41
-38
-28
-20
-10
-3
7
8
7
10
7
19
31
33
38
30
20
17
12
20
24
41
37
22
41
39
40
40
39
29
23
27
13
22
25
28
19
29
15
-6
3
-13
0
-2
1
3
11
12
-5
1
2
-10
-2
3
2
15
9
7
13
9
-7
-12
-10
-12
-2
0
0
3
0
-3
4
0
3
1
1
4
1
12
11
10
3
-3
1
-5
-7
-4
-5
-1
-6
-25
-27
-22
-12
-13
-23
-15
-13
-25
-20
-15
-15
2
-11
-12
-1
-8
0
-4
-13
-30
-36
-11
-8
-17
-31
-20
-16
-1
10
18
38
16
11
7
4
16
16
18
29
16
16
19
9
-7
-12
-5
-21
-19
-9
-7
-10
6
-3
-6
-6
-25
-25
-16
6
-2
-3
14
17
7
12
12
1
13
21
25
25
27
29
24
22
23
8
6
22
26
24
21
24
22
12
3
25
31
18
10
21
13
-1
9
16
10
-6
4
-6
-10
-13
-13
-8
-16
-14
-35
-36
-40
-39
-43
-48
-30
-43
-36
-47
-60
-51
-53
-38
-43
-51
-47
-31
-47
-44
-28
-28
-4
-22
-7
0
2
18
23
38
28
53
47
40
37
33
58
54
46
46
59
63
53
39
34
34
38
51
41
27
28
19
23
20
13
10
-11
-15
-12
-13
-13
-23
-30
-19
-37
-34
-36
-38
-24
-31
-35
-38
-20
-9
7
-4
-9
-7
2
5
6
16
7
6
7
11
-6
1
0
-12
-10
-9
-4
-10
-16
-26
-22
-32
-28
-25
-19
-17
-13
-13
-23
-9
3
2
3
18
19
17
15
23
26
28
26
32
25
-2
5
12
4
-3
-10
-3
4
3
9
19
29
23
18
23
5
-9
-19
-11
-10
-17
-5
-11
-15
-18
-14
-9
-12
-15
-3
3
-1
3
0
-7
7
18
23
28
22
22
9
12
14
-5
0
-3
-4
6
17
10
3
0
-8
-11
-13
-6
-19
-14
-9
-10
8
-5
-9
0
16
16
24
17
2
15
4
9
26
30
23
18
16
-4
-3
2
-9
-21
-32
-26
-34
-35
-26
-24
-31
-42
-36
-38
-38
-46
-58
-55
-47
-29
-25
-20
2
-3
1
-2
-12
3
16
17
11
15
4
13
3
13
15
23
56
39
46
41
52
57
27
25
33
34
24
23
15
6
22
13
0
6
-3
-3
-6
-2
8
2
16
23
12
19
19
35
26
5
9
4
0
-10
-8
-11
-23
-14
-3
-10
-15
-6
-15
-33
-30
-15
-25
-34
-22
-28
-19
-18
-10
-2
-24
-16
-7
3
-3
2
0
1
-7
-18
-3
-9
-4
-9
-17
-26
-35
-19
-16
-24
-26
-25
-24
-23
-22
-31
-32
-9
-11
-12
-12
14
18
-1
5
9
21
23
26
9
5
7
22
32
32
41
40
27
19
18
27
47
41
27
15
36
41
24
10
12
14
11
13
4
11
5
13
9
18
9
6
13
0
10
6
12
6
2
3
-5
-7
-13
-25
-17
-18
-20
-7
-6
-8
-12
-8
-13
-6
-18
-31
-19
-19
-22
-40
-48
-47
-43
-49
-48
-47
-52
-25
-25
-32
-37
-24
-18
-25
-20
-13
-11
-9
15
19
21
18
26
21
16
32
26
25
19
25
24
14
19
19
23
21
18
31
25
22
19
13
23
25
14
6
9
0
0
10
15
12
8
6
16
7
10
27
7
18
30
24
12
11
13
9
11
8
9
1
-3
-14
-22
-26
-32
-25
-14
-26
-34
-39
-30
-29
-50
-45
-26
-33
-47
-47
-44
-41
-37
-18
-9
-8
-2
2
7
5
-1
8
10
1
8
5
4
5
-4
-3
-4
0
6
11
16
19
28
16
24
28
25
17
19
48
44
37
30
38
19
12
14
2
7
0
-4
-12
-7
-2
-20
-31
-26
-37
-28
-20
-19
-14
-13
4
1
-1
-11
-10
-9
-3
10
14
25
32
25
11
16
13
22
13
9
-4
-11
-5
-18
-9
-2
18
-6
-21
-16
-17
-3
-5
15
22
4
10
15
8
3
6
4
-8
-10
-15
-18
-29
-19
-12
-10
7
-1
-3
-19
-34
-34
-25
-22
-22
-9
-33
-16
-6
-28
-13
-5
-3
-27
-22
-5
0
-1
9
17
13
12
16
16
4
11
8
20
20
22
20
28
33
23
24
9
23
18
10
16
16
25
32
34
20
13
6
-4
-6
12
1
12
16
-7
0
-17
-10
-13
-27
-26
-35
-32
-16
-7
-6
-5
1
-8
-17
-6
-13
-13
-13
-13
7
12
25
22
27
28
3
13
4
3
16
12
19
16
8
19
15
2
6
-4
-6
-13
-12
-20
-13
-1
-14
-9
-33
-42
-40
-55
-56
-56
-51
-25
-20
-15
-25
-34
-27
-23
-26
-39
-19
-13
-17
-16
0
12
12
15
21
26
21
-1
-4
3
3
21
35
21
16
34
42
51
39
45
52
57
56
59
64
50
44
39
49
25
22
12
-3
6
6
-2
-9
10
4
-8
-13
-17
-16
-30
-17
-9
-23
-17
-21
-3
4
-12
-9
-1
0
1
8
-2
4
9
-6
4
1
-12
-10
-25
-20
-21
-47
-37
-34
-42
-40
-59
-63
-59
-62
-61
-62
-54
-44
-35
-22
-8
-18
-12
-4
-7
-7
3
4
3
16
15
22
28
37
27
32
32
34
41
35
47
44
43
55
56
54
50
64
70
63
62
51
56
44
30
28
32
14
1
-4
-27
-23
-25
-16
-13
-14
-13
-13
-33
-32
-31
-52
-42
-32
-26
-44
-35
-19
-14
-23
-17
-4
-9
-3
-29
-23
-10
-8
-9
-15
-14
-31
-29
-3
-13
-16
1
1
0
-6
-12
1
8
8
12
8
11
4
16
22
22
34
19
37
41
31
7
-19
-4
-12
-4
2
-5
-10
-14
-7
9
16
8
-1
-10
-9
-13
-8
-8
-11
-18
-23
-13
8
13
6
14
29
20
11
23
15
26
8
-7
14
1
-9
-12
-11
-3
2
10
28
27
19
29
5
5
-3
-16
-3
-14
-12
-17
-5
-10
-3
11
0
-3
-6
-1
-18
-6
-13
-26
-24
-25
-9
-12
-7
-15
-29
-15
-13
-16
-29
-28
-14
-9
-8
-21
-9
1
-1
-6
-2
11
10
29
36
22
31
36
43
45
54
40
23
25
20
35
20
10
21
27
10
1
-1
-22
-26
-15
5
-19
-20
-4
-3
0
7
13
6
-7
-12
2
-10
-1
-16
-31
-23
-21
-13
-22
-23
-26
-7
-4
-19
-15
-5
-16
-23
3
-3
-12
-9
-18
-10
-16
-9
3
-5
-3
-4
6
-7
-10
-6
-15
-4
-10
6
7
7
0
1
10
7
20
-2
4
7
4
2
-5
10
2
1
2
2
3
9
15
22
25
16
16
16
20
26
35
37
31
26
28
44
28
22
13
14
36
29
33
29
18
12
5
1
0
0
0
0
-2
-9
-20
-47
-56
-58
-77
-60
-45
-63
-58
-42
-29
-22
-37
-41
-39
-36
-26
-22
-15
0
-6
-2
9
9
28
23
13
28
22
16
15
17
16
6
3
3
8
23
18
0
11
8
0
0
-1
-8
-4
4
4
11
2
3
8
1
-4
-3
6
3
4
6
4
4
-1
9
25
30
16
2
9
20
22
-2
2
9
9
-2
-5
-12
-29
-6
-7
-1
-9
-15
-28
-40
-25
-40
-35
-43
-30
-23
-44
-27
-19
-19
-19
-9
6
-9
-9
0
11
31
25
19
29
31
31
36
32
32
31
39
39
27
26
43
46
34
25
19
17
11
10
4
0
-11
-2
-5
-11
-14
-31
-20
-14
-14
-19
-9
-7
-9
-17
-30
-18
-9
-23
-10
-7
-30
-18
-9
1
-22
-26
-17
4
6
-4
-1
-23
-3
-9
-1
-11
-8
6
-2
9
7
13
6
18
12
17
19
3
17
10
0
1
-6
0
10
13
7
10
9
1
16
4
0
13
27
30
9
5
3
0
16
25
13
6
-6
-7
-2
-15
0
-13
-22
-13
-35
-38
-49
-44
-47
-51
-45
-52
-44
-35
-27
-28
-28
-17
-7
-13
-5
-7
-4
10
13
30
30
34
38
39
40
36
31
28
21
32
42
34
21
23
29
14
20
28
34
19
10
22
15
30
35
10
-3
1
-2
-6
1
-9
-26
-26
-19
-8
-17
-15
-16
-22
-21
-37
-40
-33
-21
-31
-25
-20
-19
-1
-12
3
3
3
5
6
16
12
18
8
14
24
22
18
6
13
13
1
0
6
14
5
5
3
-5
5
16
7
-9
-4
2
1
-15
-19
-16
-34
-25
-10
-21
-31
-38
-29
-20
-16
-14
-14
-12
-27
-19
-21
-26
-14
-7
10
9
23
17
23
22
18
18
11
30
24
25
23
14
20
10
4
8
12
9
-3
8
7
5
19
23
20
11
-7
-9
10
4
0
10
1
-6
-3
-14
-13
-10
-12
-20
-32
-33
-42
-39
-40
-35
-32
-31
-17
-20
3
5
-4
6
10
14
14
33
36
33
34
35
42
35
41
39
19
20
20
13
12
10
12
17
16
12
11
-3
0
-1
-10
5
5
-3
-16
-9
3
-7
-10
-9
-10
-9
-9
-8
-6
-31
-38
-27
-28
-32
-44
-28
-22
-21
-32
-34
-28
-44
-19
-24
-26
-17
-15
-10
-6
4
1
2
11
22
12
27
31
20
41
44
35
29
19
11
14
13
0
-3
9
19
25
6
13
16
4
11
6
3
-4
5
4
-1
0
2
13
9
21
13
3
4
3
-5
-13
3
-10
3
1
-3
-6
-13
2
-19
-19
-9
-9
-3
-13
-11
-15
-31
-32
-18
-25
-33
-20
-18
-16
-17
-7
5
3
9
3
-9
-3
-7
-23
-18
-6
-8
-6
2
4
13
19
18
10
14
28
28
19
13
24
31
29
31
36
36
32
22
22
14
-2
6
-1
4
13
20
16
-4
12
3
-3
-10
-17
-17
-22
-19
-9
-7
-22
-3
3
9
10
3
-2
-24
-22
-19
-19
-11
-16
-23
-33
-41
-28
-32
-24
-19
-23
-14
-21
-9
-9
-10
9
7
1
-10
-12
-6
-9
10
32
33
27
25
16
8
6
11
5
8
25
32
26
28
31
31
43
32
35
16
13
28
25
22
16
25
16
12
2
-3
0
-15
-12
-6
-34
-35
-45
-59
-68
-67
-36
-43
-45
-52
-59
-47
-56
-53
-33
-22
-13
-17
-3
5
-1
14
15
17
29
54
43
29
38
40
42
32
25
26
25
20
18
14
12
11
12
19
11
6
-1
-14
-16
-13
-1
-3
-2
5
7
9
1
0
-1
1
9
19
13
12
23
25
9
-3
0
1
6
-3
12
4
-14
0
-1
0
-7
-16
-12
-6
2
6
1
-10
-6
-4
-11
-10
-17
-5
-10
-19
-12
-22
-16
-3
14
8
5
11
12
3
-2
-1
-8
-12
-19
-17
-21
-35
-44
-51
-51
-61
-49
-36
-47
-35
-35
-19
-12
-12
-10
0
19
27
28
38
52
51
57
52
63
56
54
70
67
61
54
39
34
36
20
21
10
-10
-26
-15
-13
-38
-43
-50
-38
-40
-40
-38
-47
-28
-25
-9
-10
-6
-6
-4
19
25
17
2
18
26
31
39
32
11
19
20
23
25
12
4
0
14
-7
-6
-4
6
4
-7
3
2
-2
-6
-1
-8
-12
-32
-26
-15
-23
-30
-30
-34
-39
-25
-33
-43
-48
-38
-25
-14
-1
-11
-6
13
9
13
2
-5
7
6
17
3
12
30
25
37
25
20
9
9
9
15
35
-4
4
16
11
4
-2
13
5
-1
3
9
-4
-3
-5
0
5
3
0
-3
-1
-5
1
-2
11
9
13
12
-12
-8
-18
-18
-3
-7
-17
-21
-34
-22
-11
-11
-4
-5
-6
-3
-4
3
16
16
16
12
6
0
7
7
5
15
14
2
1
-4
-13
-5
-16
-19
-19
-7
-1
-6
1
4
9
9
8
3
-6
-5
7
15
4
-3
6
16
20
0
3
5
-9
1
13
3
-10
-8
-15
0
-9
-22
-16
-24
-22
-25
-19
-31
-25
-18
-8
7
-4
-6
-16
-10
10
4
0
20
20
24
22
21
29
23
35
40
35
31
15
22
28
22
29
25
20
21
20
19
1
6
10
19
13
9
15
9
14
-3
-6
-13
-15
-10
-9
-12
-22
-37
-54
-46
-42
-45
-53
-59
-58
-38
-50
-48
-34
-33
-15
-18
-15
-12
-4
-3
-2
-7
0
0
0
6
7
12
5
12
15
26
29
34
33
26
11
4
8
5
5
6
13
0
2
11
2
2
12
23
23
11
7
6
9
19
23
16
3
0
3
3
7
10
6
4
-7
-3
-6
-1
14
9
11
-21
-10
6
-9
2
1
0
-2
-6
-8
-4
3
3
9
11
9
13
22
26
5
9
19
9
11
10
-10
-10
6
-6
-6
-5
1
-5
-20
-24
-24
-24
-27
-20
-16
-3
-16
-21
-3
3
-9
-11
-8
-12
-5
2
3
3
-2
-4
0
-10
-4
-18
-13
-20
-32
-10
-16
-14
-13
-12
-13
-30
-29
-31
-28
-7
-13
-9
-3
-4
-3
-13
5
-2
-5
-3
5
25
27
34
31
13
3
17
28
30
24
19
20
27
30
44
41
43
41
35
34
21
26
14
25
31
28
23
31
30
14
25
22
16
16
18
6
10
8
-17
-18
0
-1
-5
-16
-37
-38
-42
-38
-48
-57
-54
-53
-41
-29
-34
-32
-25
-22
-16
-26
-24
-22
-19
-15
-12
-1
0
-6
-3
3
0
4
1
1
8
7
3
4
4
0
9
4
-1
-9
-11
10
22
24
22
10
21
10
0
3
-6
-3
-14
-17
-21
-25
-22
-19
-7
-21
-9
-5
-9
5
0
15
24
37
25
26
28
25
29
20
28
34
38
31
25
20
24
16
9
10
9
-3
-12
4
-7
-13
-7
-9
-22
-7
7
-7
-10
-16
-29
-33
-31
-37
-30
-19
-7
-2
-10
4
6
13
15
12
16
24
24
23
31
38
34
26
42
20
3
15
19
16
5
-16
-13
-4
-20
-19
-22
-32
-43
-36
-41
-35
-35
-29
-10
-31
-22
-30
-30
-29
-26
-13
-19
-3
3
-2
-3
0
11
8
-9
-3
-9
-1
-5
-7
17
5
16
22
19
15
0
4
7
-3
4
15
20
15
3
9
7
6
6
13
10
-5
2
3
7
-2
0
1
-3
6
-5
-6
-7
-6
-8
-1
16
13
11
7
15
13
4
4
16
20
19
25
37
35
24
26
31
27
18
21
17
19
37
31
29
19
18
18
1
-11
-22
-14
-21
-10
-20
-25
-25
-38
-37
-57
-40
-37
-47
-62
-60
-50
-57
-58
-65
-57
-41
-38
-36
-26
-27
-23
-9
6
0
0
4
-1
3
7
20
12
8
6
20
16
16
13
9
33
43
39
24
16
5
13
3
2
10
4
25
31
42
44
50
42
35
42
38
24
6
21
22
31
37
22
19
-2
-10
-12
0
4
-22
-8
-12
-36
-20
-1
3
-4
-5
-18
-33
-13
-27
-36
-30
-47
-56
-56
-43
-35
-22
-37
-38
-20
-23
-17
-18
2
2
0
17
23
22
37
49
35
42
41
37
39
43
36
30
22
22
17
-5
3
5
-4
2
0
-2
-11
-19
-11
-15
-20
-1
-2
-11
-6
-10
4
-1
-8
-11
-19
-6
-17
-9
-4
-9
-22
-25
-16
-31
-20
-22
-9
-8
-23
-11
-9
1
2
11
16
10
7
5
-2
3
1
8
17
13
8
7
6
-10
-1
-2
-4
-10
-20
-18
-19
-21
-22
-16
-20
-8
0
6
7
13
19
20
35
30
23
27
43
50
46
47
38
32
39
38
37
33
41
38
11
12
12
0
-16
-10
-23
-25
-19
-34
-29
-41
-24
-23
-25
-19
-28
-31
-31
-19
-25
-25
-27
-28
-15
-16
-38
-34
-15
-21
-16
-6
6
3
4
19
21
4
-3
10
7
10
10
12
25
24
10
4
7
8
13
4
4
-4
-10
3
-1
-7
0
7
6
5
-2
4
7
-6
-4
-13
-13
-18
-27
-16
-13
-17
-25
-20
-3
-10
-9
4
22
22
13
17
3
0
-18
-19
7
7
3
12
25
26
26
25
21
10
16
14
16
21
16
22
22
23
32
37
24
27
22
15
6
6
12
4
4
-4
-1
-12
-20
-29
-40
-35
-22
-24
-29
-32
-33
-19
-14
-15
-13
-18
-9
-10
-17
-16
-7
8
-8
-19
-6
-14
-29
-16
-26
-31
-28
-38
-33
-30
-32
-23
-1
-5
-4
-7
-10
-7
-20
-6
19
22
16
21
25
25
22
39
42
39
40
39
36
24
37
47
54
59
68
55
38
29
24
12
-1
7
-1
0
-7
-11
9
-3
-18
-14
-12
-8
-5
-6
-9
-18
-20
-7
-3
-13
-19
-23
-29
-36
-36
-25
-27
-29
-10
-22
-31
-26
-31
-36
-34
-39
-43
-37
-30
-16
-9
-11
-2
10
6
14
9
12
18
11
32
36
40
39
29
32
35
43
55
44
34
29
22
18
0
9
15
4
-7
-5
-10
-12
-4
-25
-14
-7
-13
-14
-15
0
-7
0
2
-2
-2
-6
-6
-15
-2
-10
-18
-4
-8
-3
-3
0
-6
-22
-27
-18
-16
-25
-22
-12
2
-12
-13
-4
0
4
-1
3
-2
6
13
18
29
28
23
10
2
-17
-32
-12
0
2
0
2
12
20
11
17
38
26
23
31
36
15
12
13
17
34
20
22
3
10
13
-12
-3
-7
-2
-2
-1
-7
-17
-16
-25
-19
-21
-29
-25
-22
-13
-25
-28
-10
-15
-33
-28
-22
-27
-35
-39
-38
-28
-18
-24
-16
-17
-6
4
4
12
18
34
29
24
36
42
37
32
48
55
39
34
32
35
32
32
34
6
-5
-7
-10
-4
-3
1
-1
-5
-14
-22
-11
-3
0
-6
-11
-13
-9
-9
-11
-6
-23
-9
-3
-19
-15
-23
-24
-11
-23
-28
-34
-50
-40
-34
-39
-26
-9
-22
-2
0
3
13
8
22
22
34
42
49
35
35
39
37
27
37
58
46
33
20
21
17
25
13
4
13
3
13
4
0
8
-13
-22
-23
-18
-13
-12
-10
-19
-29
-35
-29
-27
-30
-38
-37
-18
-24
-27
-25
-26
-34
-38
-29
-32
-43
-41
-28
-10
1
-1
3
10
16
19
17
8
16
38
27
29
37
19
15
34
29
29
17
0
13
16
13
5
18
0
3
21
16
23
11
19
20
15
11
19
4
6
15
-3
15
-4
-4
-6
-16
-17
-15
2
-14
-7
4
0
2
1
-9
-6
0
4
2
0
4
-3
2
-1
-4
-16
-32
-37
-34
-33
-44
-41
-33
-29
-21
-12
-19
-18
-6
1
-3
-8
-15
-14
-2
6
19
21
6
0
8
9
2
15
25
14
15
23
17
21
23
13
15
13
4
7
8
3
1
-5
-7
-9
3
3
-14
-14
-13
-13
-20
-16
-16
-9
0
0
-1
9
28
32
23
16
24
13
15
28
25
28
26
26
32
33
27
23
10
6
19
0
-4
3
-4
-5
-22
-23
-16
-17
-27
-27
-20
-21
-40
-50
-35
-47
-40
-36
-32
-23
-22
-27
-16
-5
-6
8
6
0
7
15
-1
1
5
6
12
4
7
0
-3
-6
-19
-14
-13
-11
-13
-11
0
1
11
25
35
28
25
32
25
25
23
25
22
14
15
21
20
5
-2
13
20
0
7
-8
-20
-10
-20
-26
-24
-23
-29
-28
-32
-12
1
-12
-6
3
0
-1
12
15
12
13
25
41
32
41
47
39
41
26
26
21
12
4
5
-1
-12
-10
-8
-13
-29
-26
-38
-47
-51
-40
-40
-50
-34
-41
-28
-19
-17
-10
-8
-4
-19
-16
0
2
6
15
10
12
12
25
29
12
20
12
13
0
3
15
7
9
-5
1
6
3
-3
-4
4
6
13
-2
16
17
3
10
5
13
6
1
7
0
3
13
13
12
7
11
22
20
8
-7
-11
1
0
-5
0
-9
-8
-16
-10
-10
-12
-11
-25
-18
-23
-22
-12
-13
-19
-37
-32
-26
-18
-11
-13
-13
-18
-16
-2
6
-8
-2
4
-6
-4
-9
6
5
5
13
16
27
19
23
10
9
15
9
21
35
29
22
18
22
28
17
19
6
6
4
5
13
13
18
-1
-1
10
10
7
-2
-3
-6
2
14
21
24
18
9
3
6
-3
3
-3
-6
3
2
3
4
-9
-21
-3
-5
-24
-35
-36
-26
-29
-38
-39
-34
-37
-25
-25
-25
-29
-55
-28
-22
-18
-4
-29
-20
-29
-31
-15
-33
-27
-21
-13
-15
-9
-9
-15
0
3
13
16
20
28
25
29
41
32
31
41
45
41
26
33
41
45
46
37
35
34
28
19
16
24
27
31
14
15
6
-5
6
-4
-7
-15
-12
-23
-16
-10
-24
-15
-9
-16
-22
-26
-35
-43
-38
-27
-22
-22
-25
-12
-9
-6
-10
-9
4
3
1
3
22
26
35
37
34
27
35
16
12
26
3
7
12
-3
-16
-5
0
-3
-2
11
18
14
21
20
19
12
5
5
-1
7
6
-5
-8
-14
-10
-22
-22
-10
-18
-22
-35
-34
-36
-46
-40
-47
-56
-50
-48
-44
-51
-41
-21
-17
-1
7
3
-10
-6
-6
-7
5
-3
3
3
-9
-2
19
15
12
18
7
12
13
26
26
0
16
32
28
27
28
31
17
19
29
22
17
16
20
27
23
17
15
22
26
29
38
13
8
22
30
20
13
7
8
9
14
20
2
13
10
-1
1
-16
-26
-14
-12
-9
-13
-23
-18
-18
0
-1
-5
0
-7
-3
-12
-21
-18
-15
-15
-22
-10
-15
-14
-10
-31
-24
-24
-28
-29
-16
-20
-35
-39
-51
-41
-54
-47
-27
-22
-15
-19
-7
-10
-19
-6
10
5
10
12
12
19
10
2
6
16
13
38
34
22
23
16
19
-8
4
4
-3
9
10
16
0
-1
2
5
6
4
5
16
17
19
24
19
22
24
20
19
25
38
30
22
25
16
25
22
7
-2
7
10
7
11
13
28
11
13
18
10
1
-13
1
4
0
-11
-15
-13
-25
-25
-32
-18
-4
-17
-20
-25
-15
-21
-28
-31
-33
-27
-19
-14
-28
-31
-32
-33
-44
-32
-15
-13
-3
-22
-38
-20
-11
-31
-32
-9
5
-7
-23
-22
-22
-22
-25
-6
13
9
19
14
17
20
25
49
52
64
62
75
81
66
69
50
32
27
44
33
24
25
14
9
-7
1
-1
7
22
13
-3
-16
-16
-27
-26
-23
-29
-10
-3
-29
-24
-31
-32
-25
-22
-16
-5
17
-32
-53
-35
-33
-48
-62
-66
-62
-35
-31
-51
-46
-36
4
30
39
41
34
42
36
76
58
27
-2
30
81
47
6
-21
11
2
25
38
37
21
64
66
-23
-33
9
82
67
66
13
-21
-32
-5
39
-12
-44
-66
-51
-37
-26
-59
-87
-87
-66
-30
-13
-53
-91
-69
-24
-41
-68
-21
0
6
17
42
80
58
17
23
-29
1
28
58
31
9
42
-6
28
14
56
70
95
63
10
26
39
28
9
67
3
5
13
51
5
-58
-54
-93
-62
-27
-5
-78
-93
-59
4
-6
-39
26
40
-12
5
68
48
41
13
49
28
-28
-35
-51
1
19
23
-10
-64
-60
-16
13
-4
-11
-22
-4
-14
-7
23
16
19
-14
-13
-18
11
-10
-63
-74
-71
-48
-65
-114
-153
-61
-27
0
-39
-35
16
-3
23
0
74
142
212
143
9
25
96
163
181
174
119
113
113
113
60
51
34
-26
33
80
4
-104
-105
-68
-93
-128
-76
-64
-114
-127
-154
-142
-128
-92
-74
-164
-137
-77
-43
-15
-5
-1
17
17
1
79
108
86
67
147
129
52
55
188
180
-8
-69
-53
97
152
149
-101
-203
-20
108
72
-111
-142
-137
8
1
-43
-74
-40
-123
-262
-112
34
81
-58
-140
-325
-355
-48
186
1
-178
-89
-59
40
156
227
52
36
280
443
451
409
458
280
151
61
227
587
627
416
-28
-150
-155
254
445
-254
-1029
-925
80
149
-373
-757
-791
-1045
-828
-209
-307
-470
-469
-127
-544
-428
274
358
-159
-264
465
834
1070
950
733
406
441
654
897
965
788
513
198
200
-75
-75
-6
-324
-787
-581
-253
-653
-887
-691
-1016
-1579
-1166
-256
-338
-798
-433
-280
-677
-585
223
505
359
411
502
355
615
914
835
763
1030
1288
920
834
762
676
540
631
574
540
464
-10
-511
-778
-468
-355
-214
-358
-668
-1069
-1175
-1156
-1356
-1005
-391
-168
-607
-853
-614
-284
-199
-31
262
470
724
945
1014
734
543
843
1288
1158
1027
1360
1302
628
57
179
327
15
-268
-243
-289
-514
-859
-1535
-1946
-1660
-1138
-1097
-1464
-1488
-1234
-1148
-1369
-1473
-1231
-629
198
801
768
78
-464
-233
625
1483
2165
2096
1291
534
604
1238
1268
1052
954
1253
1390
1005
299
-402
-590
-455
-93
259
514
7
-973
-1533
-1491
-830
97
703
257
-774
-1255
-851
-295
287
846
761
234
94
501
604
459
379
617
933
1097
1146
502
-266
-620
-377
170
757
1122
542
-639
-1581
-1381
-540
-120
-73
-271
-716
-1370
-1760
-1318
-838
-881
-903
-562
-339
-632
-832
-830
-982
-943
-143
605
418
-400
-679
-343
205
584
471
230
-7
243
237
-207
-780
-566
329
663
-64
-943
-508
403
865
582
452
508
1055
1607
1427
845
1019
2584
3259
2121
778
1607
3192
3223
1661
559
747
1178
1137
249
-679
-1034
-504
-927
-2503
-3298
-2300
-1474
-2644
-3696
-3076
-1876
-2056
-3011
-3233
-2459
-880
480
441
-378
-254
807
1361
1342
2153
3225
2878
1948
2061
2625
2390
1945
2047
2043
1348
900
945
217
-848
-852
-404
-867
-1860
-1946
-1742
-2449
-3057
-2766
-2164
-2044
-1990
-2144
-2661
-2890
-1885
-312
-90
-921
-1307
-702
-401
-373
173
1201
1148
46
-188
580
820
381
822
1600
1675
1059
1082
1250
1052
928
1250
1748
2367
3184
3000
2039
1184
1507
2328
3146
3448
2428
528
-259
708
1536
1078
-150
-648
-848
-1291
-2037
-2447
-2459
-2512
-2579
-2619
-2318
-2127
-2527
-3223
-3595
-2574
-306
1091
622
-877
-1026
78
1185
1717
2014
2491
2557
2302
1623
1345
1763
2164
1613
1077
1312
1467
439
-913
-1156
-1038
-1188
-1559
-1318
-1457
-2003
-2363
-2480
-2577
-2734
-2198
-1472
-1595
-2114
-1737
-1149
-849
-1198
-1078
-494
9
470
387
229
84
591
734
815
831
433
-74
-28
1236
1432
236
-499
485
1198
839
525
741
1350
1870
2308
1429
433
1050
2501
2930
2557
2692
2585
2038
1338
779
546
1337
2494
1561
-148
-531
-313
-1380
-2402
-1228
-196
-1148
-2507
-2649
-2737
-2871
-1888
-827
-1226
-1744
-1099
-542
-1209
-1452
76
1285
1269
1094
1632
1496
576
534
1495
2240
2056
2181
2146
479
-983
-194
1040
669
-422
-125
125
-1713
-3224
-2489
-1540
-1909
-2290
-1801
-1982
-3071
-3250
-2459
-2069
-2026
-977
-366
-1041
-2043
-1678
-466
-468
-453
353
1462
1060
-109
-453
-5
658
1160
1642
1028
-68
-200
1096
1931
1668
1407
1818
2260
1802
1813
2161
2381
1950
1661
2241
2223
1754
1470
1494
1077
883
1568
1500
64
-598
282
304
-1025
-1269
-373
-729
-1560
-1405
-905
-1715
-2320
-1673
-1698
-2101
-1679
-251
-289
-1291
-920
-228
-235
-516
134
1426
1842
1372
1154
1172
1226
1286
1570
1580
1126
1101
1239
1155
34
-523
21
43
-150
-485
-605
-1193
-2225
-2392
-1929
-1627
-1458
-1524
-1974
-2420
-2562
-2311
-1891
-1769
-1607
-940
-700
-661
-726
-657
-264
55
748
1621
1391
388
133
696
1338
1112
1362
1696
1269
356
-143
-32
-446
-278
170
336
-365
-1120
-1070
-1098
-1171
-815
-256
-555
-1194
-1454
-938
-206
533
730
770
1276
1621
1891
1629
2347
2663
2491
2918
3896
4237
3546
3361
2928
2991
3432
4507
3896
1545
394
1034
1158
421
535
63
-1442
-3228
-3289
-2878
-3290
-3656
-3214
-3879
-5095
-4244
-3349
-3473
-4197
-3762
-2141
-1831
-1926
-652
-255
-974
-910
93
1255
1585
1929
2322
1292
365
1593
2929
2376
1373
1599
1900
1151
327
790
1219
47
-671
-238
-121
-840
-1481
-1697
-2210
-3156
-3073
-2044
-1887
-2370
-2195
-1808
-2028
-2076
-1619
-596
-729
-670
354
798
676
547
1167
991
907
1282
2067
1695
834
1151
1006
653
837
1653
1296
442
472
1151
780
507
1211
1514
1717
1870
1746
1185
1502
2384
2549
1781
2191
3042
2635
1747
1497
1897
2091
1974
1209
74
-643
-85
-189
-1122
-1724
-1518
-1815
-3122
-3210
-2420
-2329
-3367
-3960
-3436
-2676
-2339
-1983
-1795
-1652
-416
837
239
-969
-437
1257
1838
1388
1934
2631
1793
1544
2248
1715
717
700
1655
1301
-43
-84
-288
-1490
-2079
-1281
-868
-1702
-2499
-2884
-2964
-3339
-2838
-1638
-1875
-2554
-2988
-2601
-2323
-2423
-1428
-248
-575
-1720
-1022
-65
-29
-240
241
1374
1079
906
1551
1721
1022
671
1142
1940
2413
2234
1772
712
328
1153
1417
995
639
298
412
-343
-556
-429
-550
-86
1169
2299
1248
529
1099
3348
4039
2790
950
-147
3257
9039
11124
4820
-1885
356
8488
11709
5671
-2290
-3716
2763
8809
5838
-3048
-6313
-1846
-313
-5676
-8632
-4629
-1223
-5529
-11786
-11886
-6934
-2466
-4386
-10741
-12749
-5481
2816
1150
-4881
-4182
1928
2502
-1879
17
6405
8224
3519
456
3210
5798
5305
2118
-1160
-445
4504
6287
-68
-5984
-3493
-60
-3556
-6817
-1459
3169
-1966
-8127
-8064
-5165
-3663
-1409
773
-1303
-3088
-190
1102
-2684
-3739
2339
6912
4125
1782
4550
5515
945
-1052
3214
6758
6032
4197
3347
2122
133
856
1975
1008
1819
3178
1899
-1834
-1734
1678
1093
-1987
-1204
1834
338
-2394
-1323
265
-1943
-4217
-2253
-280
-2046
-2755
38
2344
1270
-1877
-2852
-1063
3549
7542
6787
1441
-1239
4493
11320
9532
658
-809
7862
15201
9490
-3616
-8463
-1409
7768
6105
-2575
-6746
-3099
-2375
-9545
-15041
-10667
-1297
-826
-9685
-16477
-14059
-6920
-5669
-11171
-12746
-5163
2698
896
-6677
-7778
-297
5151
4108
3093
7091
11441
8507
1129
1195
9205
14635
11684
5084
4308
6358
3886
-702
-207
3855
4558
-679
-6157
-6334
-5318
-4530
-4094
-5364
-7169
-6781
-5033
-4904
-7316
-6296
-79
1100
-2734
-4357
-1230
1777
1815
3243
7028
7614
4792
4167
5072
5510
5484
6685
7868
7238
4699
2676
1081
685
3037
3765
1373
-1558
-1855
-1444
-3529
-5844
-2746
351
-2186
-5744
-4568
-828
-1541
-4849
-4565
-1594
-1708
-2077
-1865
-1925
-2064
-1705
-546
-1039
-1115
1902
4575
2394
-605
776
5168
5870
2043
150
4693
10349
9702
3257
-1034
3003
8961
8113
1022
-3550
-1410
4082
4791
-752
-6004
-5841
-2264
-2665
-6515
-7724
-4713
-3622
-7466
-12750
-12211
-5658
-1613
-4786
-11140
-10474
-3424
-384
-4545
-5884
240
4914
2161
-1872
444
5136
6406
5770
6937
8284
8033
6867
4014
1794
4037
8678
8587
2432
-548
2037
1368
-4219
-5314
509
3279
-1576
-6558
-5764
-4346
-4966
-4259
-1720
-1443
-2915
-2608
-1756
-2285
-2594
820
3577
3271
3126
4469
4420
2205
1771
4038
5512
4407
5496
7165
4976
678
-1450
-139
1041
728
171
-790
-2665
-3910
-4984
-5957
-4700
-2284
-1642
-3646
-4575
-2173
-1425
-4342
-5668
-2863
1156
1809
460
959
1797
1258
892
2467
4710
6313
6613
6109
3488
1138
3290
6533
6538
3166
2607
5178
4745
-390
-4381
-2769
-526
-1034
-2993
-3396
-4205
-7304
-10133
-9720
-6197
-3381
-2063
-3186
-6522
-8965
-7095
-3301
-1241
-631
1299
3290
1496
-705
-641
1728
3315
4831
6595
6587
5086
3352
2655
2070
3569
6033
6479
3798
1176
293
-777
-2434
-2038
1119
1604
-1336
-3971
-5251
-6724
-6742
-3513
-397
-1133
-2947
-3415
-4221
-5436
-3781
816
2635
898
-27
1167
270
-1731
63
4200
5182
3201
2497
2303
1090
-658
620
3731
4631
4379
2909
-343
-3061
-1098
2356
3116
1150
306
586
-2953
-4755
-2177
1866
2304
112
-544
-576
-1282
-1834
-713
-903
-266
1634
2178
-731
-3899
-2884
-208
475
308
2069
2671
230
-2684
-2055
1239
3877
3205
1077
453
3253
6735
4772
-55
-71
7050
11512
6745
-2603
-5990
-1221
4293
5785
1984
-2376
-3410
-3099
-5412
-8108
-6513
-1456
78
-5865
-11203
-9870
-5627
-5074
-7613
-7362
-3255
-554
-2495
-5571
-4612
-243
1821
1315
1797
3609
4390
3848
3161
4673
7383
8328
6143
2213
1423
4780
6478
2981
165
1346
2250
-2151
-5502
-2267
1805
147
-4465
-5602
-4875
-5107
-5875
-3535
-1204
-1365
-1876
-1993
-2138
-2510
-832
1438
2106
2049
3473
4582
2458
1061
2970
5134
5046
4506
6216
6838
4161
1269
557
1250
1736
1792
1359
58
-1454
-1841
-2806
-4463
-3941
-1746
-1758
-3791
-3190
-900
-911
-3980
-4284
-669
818
386
434
1823
1358
-558
-1232
-704
311
1745
3768
3625
827
-1952
-394
3028
3046
385
654
3565
3587
398
-2780
-2383
564
3833
5681
3830
-863
-2564
-24
1602
-430
-2231
583
4599
3781
-1849
-6368
-5979
-2525
-17
-140
-1305
-1736
-2951
-5855
-9426
-8841
-3224
553
-1684
-5338
-4657
-2731
-3347
-4817
-1664
3154
3871
1681
436
1491
2692
2857
1914
2708
5443
7485
5043
-1466
-3100
2113
5433
2838
170
1521
1391
-2745
-5113
-1909
2027
1701
-504
-2487
-2942
-3236
-2088
436
251
-138
461
554
-726
-1782
105
2511
3052
3034
3956
3017
-30
-109
2153
3757
2726
1629
1796
51
-1487
-921
713
938
33
164
269
-864
-1893
-1137
90
546
1133
1554
460
-936
-772
1511
1774
-1402
-1971
58
520
-2889
-4382
-1463
-597
-2282
-2498
-187
-644
-2827
-2878
-1081
309
1278
2591
541
-2058
1168
8237
9189
3740
744
3409
6451
4520
1621
1168
3439
6916
5068
-2274
-6426
-2952
1182
-2014
-6812
-5244
-1731
-5035
-11636
-13111
-9784
-4924
-3488
-6204
-9162
-9018
-4620
-3389
-6249
-3620
4389
6824
1480
-1843
1191
5747
6338
7441
10061
10128
7915
4615
2793
2999
6306
8000
4939
1141
1107
1394
-3414
-5741
-2301
740
-991
-3757
-3976
-4949
-7279
-6499
-2876
-1372
-1803
-1280
-875
-2707
-2284
1020
3896
4160
4663
6410
3887
567
933
4866
6736
4903
3869
4029
2219
-373
-597
-50
297
77
-264
-2099
-3519
-2876
-2337
-4167
-5609
-2647
424
-588
-3325
-3089
-1186
-1415
-1709
-1
1210
621
-825
-860
-444
-7
358
1850
3354
1733
519
-469
489
2326
2982
2465
751
1683
4244
6489
4660
757
-120
3517
6894
3492
-1588
-2135
2992
5917
1811
-4790
-5933
-1779
-479
-3217
-6268
-4543
-2084
-3931
-9028
-11683
-9097
-4846
-3863
-7533
-9541
-6289
-1609
-1669
-4180
-2663
2312
3932
2075
445
2286
5516
7546
9207
8538
7671
6765
5498
2322
1726
6217
8352
4414
-1246
-2365
-1297
-2751
-3964
-1034
917
-1968
-6316
-8122
-8806
-7729
-3591
-223
-1234
-3635
-2438
-2406
-5065
-4065
2471
7039
4976
2822
4830
5033
2561
3721
7649
8881
7167
6528
5392
2433
722
2399
3709
1524
335
622
-1793
-6101
-5475
-1174
-1237
-5711
-6713
-3540
-2944
-5163
-4636
-321
347
-1711
-2045
-58
1036
1201
3213
3947
2728
1878
3046
2327
731
664
2263
2444
795
208
-1099
-2950
-3502
-502
1811
670
-1091
-1912
-3829
-6749
-6062
-1192
3594
4644
1735
-2172
-3767
-986
2771
4203
3606
2934
3179
1064
-726
-408
1354
2821
2227
991
-750
-2792
-4200
-4750
-4635
-2965
-502
-697
-3717
-7322
-8525
-6061
-3916
-714
3056
3726
789
-3432
-5018
-3006
1007
4645
6616
6253
4439
1949
-655
-973
2582
5925
6194
3622
1362
1034
-327
-1972
-804
1714
2629
1591
34
-1246
-3337
-4433
-3667
-1650
154
2276
2326
-823
-3683
-3607
-586
268
91
2028
3839
2052
-81
-52
1127
1264
1036
2339
2214
1095
26
-534
-831
-398
655
1696
250
-1145
11
-277
-1865
-1982
559
1439
-32
-936
-392
109
260
795
662
887
946
715
295
123
1856
3368
1539
-1207
-1525
-20
803
-59
126
212
-1413
-3994
-5049
-2756
-429
263
-395
-1945
-3917
-4399
-2838
-1647
-299
1920
1661
-1534
-3455
-139
4204
4605
2704
2231
3839
4148
4011
3076
1716
1178
3253
5136
2630
-673
-937
-181
-2058
-3046
-1232
390
-1702
-5343
-6236
-5717
-5482
-4369
-3852
-4486
-5498
-5020
-3912
-4644
-3048
93
695
-1610
-1028
2511
3590
2413
2313
5531
6294
3722
3642
5084
5080
3665
4043
4897
3362
2421
2565
1196
-2231
-2374
187
374
-1723
-2728
-2144
-3912
-5699
-3626
-1064
-1498
-2911
-3013
-2772
-3815
-2958
479
2288
1430
1336
2062
301
-602
1716
4073
3988
2787
4234
4870
2120
189
1597
3540
2910
2564
2150
931
-1096
-1390
7
883
1729
1284
174
-1509
-3051
-3657
-2305
-1443
-1062
-1770
-3250
-4241
-4847
-4312
-3972
-2411
-778
666
-254
-2243
-2838
-1095
2082
3764
3870
1402
683
4654
9335
8047
2236
502
5304
10265
7340
-592
-3811
887
7359
5667
-2349
-6095
-2489
-119
-5405
-10152
-7078
-494
-899
-8134
-12612
-10115
-4020
-2597
-7518
-10581
-5818
624
-1130
-7770
-5968
2741
4802
78
-1002
4156
8208
6582
3056
3260
6236
9485
9095
4000
2242
6276
8874
4294
-160
2339
5114
741
-4990
-3784
4
159
-2520
-4526
-6022
-6770
-4733
-2790
-5226
-6326
-1564
256
-3862
-6403
-2270
2817
1310
72
3656
5639
3432
1876
3687
4759
4585
5524
6533
4839
2758
2903
2292
206
-467
1138
518
-2342
-2617
549
-105
-5179
-5826
-3626
-3591
-4994
-2682
1093
388
-3436
-3708
-343
1116
2562
4138
4874
3261
944
693
1147
1742
3972
5872
4615
1537
-1498
-1731
-2538
-2354
312
2295
1415
-2199
-4406
-5490
-5013
-3595
-1470
-187
79
474
-187
-2314
-3747
-1709
2160
5193
5018
2739
-740
-2164
54
2382
3527
2951
2804
2197
-1487
-4991
-5629
-3117
-706
-934
-2298
-3717
-5140
-6932
-8316
-7801
-4146
-544
588
-319
-1550
-1723
-2527
-2494
646
5919
9288
8014
4182
708
865
3593
5964
6313
5565
5569
3362
-93
-1730
60
1646
874
-826
-1704
-2059
-3559
-3385
-3186
-3235
-3070
-2262
-1045
-1469
-2294
-1142
750
1288
1240
1635
2680
2489
2071
2570
3609
3969
3477
3126
2092
1026
568
1211
1828
435
-1317
-2152
-2583
-2980
-2810
-1903
-1271
-1651
-2091
-1801
-1922
-2009
-1463
-108
727
1152
1753
2180
1498
-247
-718
-232
1098
1775
1597
760
-1142
-3046
-3564
-2824
-788
1602
1412
-1846
-5236
-4036
137
2685
1127
-500
333
3393
6587
5586
1500
-600
3750
9329
8634
1641
-2743
956
6439
4745
-1393
-2973
964
1959
-4245
-9270
-7359
-2095
-2048
-7172
-11378
-9507
-4448
-4228
-9688
-12677
-6296
780
-983
-5827
-3557
3112
3986
-324
311
6023
10497
10021
7541
5944
5989
8495
8618
5206
4069
8497
9233
2507
-2793
112
2270
-2840
-7268
-5257
-1567
-3707
-6440
-7251
-7676
-8388
-6387
-3626
-4072
-3500
-459
1019
-3100
-4898
-77
5214
4753
3517
6370
7126
4005
1209
2872
4898
5592
6613
6128
4035
1340
586
-591
-2993
-1997
243
-328
-3613
-4144
-2838
-5279
-7727
-6011
-1309
-821
-2603
-1113
640
-791
-3044
-251
3791
5232
4631
4260
3973
2711
2278
2575
3083
2015
1964
2288
941
-729
-2043
-2254
-3429
-3652
-2101
-375
-623
-3220
-5769
-6237
-4264
-2251
-700
14
295
-623
-1250
1198
5293
5842
3158
2791
5729
8109
4845
620
624
4033
6783
4320
17
-669
271
-1021
-4970
-7302
-3768
-223
-2016
-6642
-9047
-7185
-6058
-7831
-8711
-6254
-1271
234
-2783
-5124
-3315
571
1724
1899
4423
7703
7234
3633
2274
4267
5416
5878
5179
4000
3961
3608
3039
565
-985
-187
234
-2765
-4969
-2330
-57
-1273
-3472
-3898
-4020
-4654
-3412
-1261
-881
300
1324
657
-2611
-3114
1310
4066
4216
3990
4454
2183
-544
-478
1377
2562
3386
3332
1627
-1410
-3256
-2079
-2136
-2568
-1696
821
615
-2066
-3384
-3014
-2702
-2274
535
2594
3099
1946
1202
653
-156
1560
4454
5707
4662
3417
2601
1078
225
656
1044
799
89
-659
-2735
-4365
-4152
-2905
-2194
-1595
-416
-1321
-3450
-4345
-2815
-899
-619
-902
945
3809
5083
3711
369
-188
2905
5703
5292
2810
1186
2192
3549
2305
-739
-1418
430
264
-3226
-6110
-4603
-3032
-3438
-4932
-6402
-6052
-5898
-5970
-6889
-7923
-4835
-522
-695
-3804
-2791
1975
3028
596
879
5579
8021
5763
4609
5806
5904
4532
4114
4431
4429
5314
4475
1438
-748
-156
1319
-1219
-3634
-2427
-531
-2398
-5841
-4849
-2309
-2962
-4411
-3012
-1317
-1513
-1896
-831
-86
-910
-521
858
740
1450
3009
3620
2040
978
2362
1995
361
637
3494
3407
740
-503
-1341
-2456
-3735
-2583
178
636
407
766
-678
-1707
-1314
743
2471
2269
3078
4099
2012
-739
337
3046
4543
3481
3576
4346
1898
-1832
-3009
-1414
155
723
369
-185
-2650
-4979
-6746
-6728
-3835
-715
178
-2142
-4679
-5010
-3790
-4080
-2942
87
2710
2365
-399
-1948
-552
3281
5460
5997
4220
3019
5303
6217
3559
724
544
3913
6074
4969
2149
-2012
-3474
-3966
-4723
-4696
-2911
-76
-659
-6091
-10968
-8947
-4449
-3152
-4024
-3144
-274
-250
-3851
-5554
-1924
3312
4725
2854
2212
2698
2670
1488
498
2373
5311
6132
3127
-28
858
3171
3520
1540
783
1771
868
-1894
-2311
143
1591
904
-789
-1543
-1595
-1619
-1616
-1157
127
1682
1869
396
-1302
-1654
126
975
901
1380
2274
1483
-1131
-3106
-2569
-92
340
43
-304
-667
-1769
-3588
-3346
-1979
372
1544
1193
612
409
682
283
885
1914
3323
3394
1972
2530
3024
1312
-44
876
2957
3186
901
-208
-115
-424
-1608
-1941
-1844
-2785
-3607
-3615
-3526
-4399
-4072
-2798
-1976
-2248
-2509
-1389
310
422
39
700
1597
1646
1472
4874
8280
6863
2102
366
3219
5197
3247
107
0
1987
2908
384
-3261
-3644
-1399
-930
-3369
-5307
-3183
-668
-2978
-7194
-7588
-3547
-700
-2402
-4888
-3426
-730
-681
-2169
-1704
1591
3638
1993
-206
647
3171
4602
3789
2087
1729
3252
3358
1370
-38
1332
3977
2874
309
146
2331
2018
-689
-1279
488
1786
991
489
-76
-1006
-2295
-2397
-1633
-1210
-140
595
-664
-3560
-4590
-2873
-1369
-1201
-370
1049
736
-1219
-2440
-2126
-1109
-450
525
1713
1716
585
-1214
-2472
-1916
462
3596
4311
2505
1610
1411
1255
767
1896
4087
5241
4370
2049
936
323
-113
-590
622
1968
1365
-257
-1450
-1515
-1911
-2533
-2163
-1093
-1299
-640
-307
-1472
-3882
-4986
-2061
-683
-1170
-1591
-869
-1181
-3522
-4191
-2485
737
1861
723
178
729
1064
597
-86
424
3032
5975
6089
2661
-222
514
3211
3477
2008
2569
4569
4144
-524
-3254
-1416
611
1182
486
-839
-1784
-2318
-3702
-5105
-5095
-3044
-1007
-2173
-4862
-5170
-3388
-3707
-4676
-2776
264
966
-689
-1737
-531
723
814
1358
2108
2899
3338
3471
2608
2209
3764
4756
3808
2031
2611
3959
3160
850
225
1719
825
-1477
-1575
-180
355
-1248
-3084
-3533
-3379
-3003
-3482
-3513
-2390
-1352
-1886
-3495
-4048
-2622
-666
-429
584
1795
1583
472
139
1080
1779
3274
5052
5507
3784
2179
2385
2722
2378
2062
3155
3787
2033
440
326
264
-498
-1029
-350
380
-599
-2567
-3731
-3484
-2730
-2416
-1966
-829
82
-1299
-2994
-3721
-2799
-707
-8
475
613
353
-648
-2030
-2278
-981
1000
1707
18
-1197
-820
-539
-244
6
841
1878
2344
1364
442
200
607
1813
3232
4263
3502
1937
1157
1450
2014
2133
1792
1766
1717
729
-324
-1211
-1875
-1251
-1505
-2568
-3558
-3773
-2701
-2945
-3580
-4074
-3460
-2595
-3257
-3654
-2991
-1143
-632
-1871
-1545
-272
1052
1238
1063
2248
2702
2710
2336
2415
2844
3466
3965
3053
2657
3273
3665
2528
487
-230
326
31
-934
-1565
-993
-867
-1895
-3315
-4653
-3813
-2768
-1495
-1571
-2649
-2070
-1969
-2254
-2496
-1164
768
1727
1527
1243
1993
2395
2809
3018
3399
3534
3528
3316
2241
2047
2760
3177
2866
1650
267
398
492
-402
-1572
-2169
-1457
-1493
-2023
-2756
-3105
-2279
-1851
-2327
-2804
-2393
-1722
-562
54
-128
-480
-390
-22
366
1122
1118
1581
1483
513
-84
360
268
-380
-280
-56
250
-1149
-1783
-1278
-621
-766
-969
269
1152
1275
14
-721
-596
232
992
1745
2637
2639
2520
1724
1120
1053
1610
1977
2155
2515
1846
1088
-147
-1070
-1023
-1100
-1241
-1635
-1749
-2279
-3456
-3640
-3370
-3124
-2649
-2554
-2085
-2228
-2849
-2899
-2160
-933
-679
57
1312
1949
1786
1262
1435
1871
2184
2719
2974
2892
1917
1220
1423
1547
1052
-12
-22
-138
-740
-1790
-1854
-1152
-1141
-1487
-1958
-1609
-1705
-1886
-1844
-1321
-689
-576
-254
-60
770
1356
1528
1534
1004
1501
1846
2484
3156
2964
2518
1315
1570
2168
1873
1490
857
838
426
-470
-428
-150
-145
-990
-1464
-1132
-1128
-1025
-1410
-1273
-1142
-1336
-565
-6
-158
-400
-625
110
716
613
675
549
395
-341
-419
-101
173
603
420
-48
-860
-1526
-1569
-1409
-819
-253
-224
-432
-1006
-976
-1552
-1399
-501
-93
547
578
1099
1197
824
480
934
1467
1410
1479
1454
1533
988
421
273
1011
1116
336
-373
-354
-576
-1518
-1627
-1847
-1774
-2321
-2889
-2455
-1868
-2055
-2531
-2178
-1702
-1265
-1320
-828
214
1610
1820
320
235
1000
1621
2006
2378
2409
2196
2129
1139
676
432
922
1642
1062
710
308
372
-498
-1672
-1211
-795
-966
-1211
-1558
-1474
-1028
-753
-755
-1069
-542
0
255
-28
-57
974
1668
1424
1007
1726
2278
2060
1503
1130
1149
1262
943
1065
1334
574
108
-346
-363
-1147
-1881
-1028
-750
-327
-528
-1083
-1321
-1436
-752
-389
-382
-468
-462
-547
-661
-148
305
143
85
142
878
462
-535
-562
-221
344
-100
451
547
574
371
-712
-650
-473
-8
642
945
1037
856
130
-538
-478
533
1013
1199
1009
756
720
753
764
32
-311
-35
593
640
-127
-1264
-1414
-1739
-2391
-1881
-435
268
-770
-1995
-2557
-2296
-1758
-1304
-1274
-1049
-1169
-1061
-704
-954
-957
-273
509
500
596
1034
1250
993
539
366
1086
1942
2317
2079
1828
1669
927
327
16
562
1491
1774
1213
204
-737
-1414
-1243
-683
-160
216
79
-270
-1032
-1259
-879
-464
151
7
-7
196
129
8
-202
164
624
563
51
-155
173
305
-87
-222
16
-47
48
-231
-142
319
412
-86
-568
-53
394
467
320
729
788
449
194
419
1168
1347
1230
1370
1371
615
204
152
460
534
354
333
35
-714
-1268
-983
-966
-1160
-916
-663
-602
-1042
-1648
-1831
-2016
-1709
-1185
-890
-877
-923
-585
-389
-431
-8
665
1504
1353
1004
1406
1569
1704
1424
1473
1118
1217
1429
1410
1219
467
-66
-747
-826
-741
-368
-401
-932
-1906
-2515
-2603
-2625
-2009
-1441
-988
-1296
-1963
-2392
-2221
-1309
-757
-230
424
189
-455
-583
59
505
596
716
1190
1524
1124
903
1169
1411
1338
893
476
1113
1386
1195
569
107
507
661
1219
1451
1526
1427
942
633
304
692
952
940
993
90
-226
-243
-739
-686
-526
-215
-544
-608
-266
-452
-480
-545
-179
-181
-389
-251
-180
-43
-138
-334
-250
175
448
187
-166
-38
422
400
-164
-232
332
833
481
36
-213
-103
-157
-575
-304
-262
-118
-404
-622
-734
-800
-493
-946
-859
-952
-1340
-1154
-343
333
-162
-642
-591
-333
-343
-460
-242
144
513
378
92
416
768
1075
1026
687
655
736
1066
1325
1105
974
836
460
166
150
922
765
-173
-516
-668
-612
-658
-801
-609
-699
-1182
-1543
-1368
-936
-822
-578
-1045
-1153
-1094
-1211
-999
-1014
-388
-177
-501
-293
164
468
287
186
283
619
1087
910
981
878
982
989
804
1241
1122
816
374
279
662
836
1157
1064
686
274
-160
66
17
130
271
202
4
-497
-562
-629
-510
-346
-400
-423
-329
-281
-562
-1035
-805
82
502
249
338
416
139
-39
105
460
1134
1744
1166
475
-57
146
682
922
1095
1065
998
360
-347
-693
-617
-157
-405
-1169
-1444
-1305
-1617
-2355
-1970
-1606
-1316
-1091
-994
-880
-794
-608
-975
-447
92
488
717
194
-248
-7
577
357
386
1060
1019
378
10
20
458
1403
1826
1314
913
639
611
300
280
603
478
314
-346
-701
-438
-309
-222
-66
-294
-542
-582
-632
-768
-502
-91
114
23
-336
-330
-508
-476
-480
-732
-875
-565
-126
1
23
33
320
345
191
313
747
723
242
119
177
315
389
565
815
500
223
-157
27
733
869
810
718
429
-8
-151
-192
-143
-400
-415
-464
-890
-988
-1047
-905
-736
-1127
-1344
-914
-642
-685
-729
-626
-17
509
508
503
488
910
954
741
683
919
1179
912
874
853
950
948
705
452
573
673
489
343
320
512
484
289
-58
-65
-89
-525
-730
-665
-66
-47
-516
-442
-597
-788
-818
-930
-726
-544
-899
-618
-118
-184
-218
-61
55
-57
67
204
172
102
-97
-188
97
-196
-503
-23
74
-280
-462
-123
267
286
-8
-319
-131
123
-93
-209
-40
-76
-250
-360
-501
-228
39
-113
-341
-397
-57
-82
-60
-157
-516
-328
-430
-621
-325
-12
273
423
324
-141
-185
293
241
337
615
893
1049
941
970
1002
1153
943
623
750
766
683
560
674
430
148
286
-34
1
-327
-590
-552
-377
-322
-398
-104
-436
-440
-764
-983
-882
-841
-768
-751
-415
-297
-21
-193
-554
-590
-558
-267
162
521
421
174
35
-73
63
601
886
980
849
270
375
440
609
874
838
576
22
-278
-329
-397
-455
8
-28
-263
-479
-536
-7
1
-408
-427
-301
-175
-61
196
422
295
98
-276
-259
8
447
551
301
45
-46
81
135
295
308
523
394
96
-277
-137
447
411
354
-206
-443
-187
-313
-471
-721
-376
-152
-839
-1097
-860
-595
-406
-526
-582
-475
-454
-859
-581
66
-164
5
-129
-308
-339
-109
-130
-799
-517
-415
50
172
61
538
730
572
46
166
562
566
508
624
662
755
691
913
781
248
113
-87
159
187
441
917
596
106
-150
-96
-70
-193
-47
-8
-9
-49
-154
25
-230
-338
-208
-383
-183
321
468
473
293
239
467
422
401
338
282
2
-113
256
510
383
376
409
71
-165
-544
-317
-6
-117
-136
-219
92
-252
-461
-275
-543
-493
-511
-407
-341
-375
-490
-720
-801
-692
-469
-192
68
-42
95
-124
-181
-8
-147
215
348
193
-91
-81
195
339
258
205
168
-47
-217
-340
225
403
194
133
-130
-31
139
146
359
251
44
-2
-283
-192
-299
-37
120
-274
-374
-122
286
176
-167
-448
-356
-675
-922
-726
-311
46
-209
-218
-324
-267
4
-157
-247
-222
163
572
504
578
493
421
373
215
434
689
709
622
561
308
134
97
16
59
168
310
335
174
103
187
45
-260
-296
-33
150
-54
-133
-135
40
333
192
176
33
-226
-378
-424
-256
124
624
674
552
586
520
507
261
105
359
495
353
39
112
277
357
168
-308
-395
-306
-420
-774
-964
-719
-616
-719
-780
-754
-681
-701
-464
-251
-211
-170
-100
-143
-376
-550
-425
-69
-14
79
160
122
111
124
286
-76
-70
29
-205
-36
25
337
540
334
-66
-98
-59
-340
-404
-246
-222
-338
-166
-89
210
257
417
436
-32
14
230
517
262
38
139
338
387
383
575
577
552
201
-81
-218
-128
69
108
-78
-212
-153
-195
-281
-483
-291
-138
-101
-321
-526
-166
35
48
-64
56
458
509
197
178
441
631
622
620
661
407
453
475
333
64
23
36
-305
-124
-207
-275
-291
-430
-675
-685
-478
-661
-651
-667
-572
-378
-162
-188
87
577
444
275
342
321
375
399
366
516
685
548
300
657
583
276
72
-318
-396
-267
-256
-267
-87
-112
-149
-439
-650
-447
-435
-343
-480
-425
-353
-642
-639
-656
-403
-405
-403
-149
159
255
214
428
441
422
209
330
379
241
-3
-76
-6
-182
-287
-307
-52
-227
-364
-319
-292
-216
-250
-198
-7
47
95
321
413
568
642
676
528
484
226
152
258
183
326
-58
-13
196
60
-179
-254
41
-5
-107
-81
-57
-36
-185
-255
-129
12
160
283
303
253
296
156
3
-66
157
158
93
100
-102
79
27
186
212
179
228
22
-112
-230
-112
-260
-272
-181
-216
-249
-418
-348
-111
66
-113
-189
130
-125
-321
-127
-87
104
397
589
592
627
404
204
93
71
30
107
192
-110
43
-47
-335
-536
-368
-246
-563
-472
-476
-346
-428
-746
-458
-440
-451
-392
-276
-124
-302
69
-73
-336
-162
172
219
104
303
343
438
229
303
384
544
477
322
353
85
-35
193
130
-191
155
299
52
-252
-168
-89
-213
-441
-474
-125
33
64
-15
283
248
240
354
194
368
251
411
320
193
491
456
501
251
252
267
73
-16
-94
-59
-134
-214
12
32
-101
-200
-245
-166
-548
-293
-291
-484
-495
-654
-371
-262
-135
-54
89
-45
-100
135
246
255
118
247
188
85
163
196
459
328
147
-103
-295
-279
-344
-369
-494
-93
-55
-103
-52
-52
114
-123
-222
-283
-233
78
142
306
437
332
447
541
425
174
246
197
-99
22
12
-151
42
-125
-306
-307
-409
-490
-564
-313
-465
-251
133
-106
52
183
-72
-193
-181
-83
-152
-190
-112
-95
4
113
68
29
89
-51
137
195
89
204
166
54
107
369
222
-24
135
150
106
6
170
548
499
238
43
228
192
137
161
169
250
192
-45
-104
16
-28
38
-55
-127
-127
-28
81
131
-41
-118
-138
-300
-218
-130
-2
-73
-77
-88
-257
-239
-217
-451
-512
-308
-332
-420
-406
-92
26
-98
-57
220
299
1
-24
206
391
270
605
650
564
611
210
240
-70
47
241
166
-125
-385
209
-160
-560
-376
-326
-410
-610
-430
-386
-389
-241
-42
185
108
288
630
462
129
86
275
68
-143
146
285
-22
-143
2
63
85
-44
-10
-121
-444
-630
-579
-427
-440
-206
-155
-267
-68
56
162
332
262
243
514
582
405
252
283
243
336
253
91
282
-66
-64
-27
-59
27
48
175
-131
-145
-323
-682
-836
-748
-489
-373
-336
5
259
307
321
283
498
473
571
460
398
386
360
389
100
7
-120
-226
-556
-518
-250
-46
15
-50
71
-276
-287
-314
-45
143
-3
39
-22
131
-193
-142
208
327
242
76
3
-36
-56
-66
-138
-4
177
177
420
435
325
-72
55
162
84
172
-73
-221
-454
-478
-568
-437
-233
-304
-170
-150
-179
-130
-110
-86
-17
24
-18
33
88
290
303
217
213
199
23
-106
68
-76
-26
260
371
225
280
386
42
-135
-133
-198
-136
-106
-142
-72
-125
-324
-239
79
-19
-267
-202
-104
-173
-220
15
178
103
-22
-19
73
-85
-11
-141
-196
-212
-76
113
86
278
0
133
-34
-57
130
45
126
-36
60
47
-45
-96
-236
-156
-240
-335
37
112
205
108
323
433
151
201
265
568
394
348
497
517
389
235
328
285
-38
-177
-23
-97
-273
-337
-236
-299
-362
-191
-27
-151
-79
21
-166
-133
-124
-110
-86
-57
-250
-263
22
3
150
305
348
227
216
334
190
1
-300
-370
-297
-403
-472
-339
-216
-320
-436
-180
-207
-325
-267
-46
178
153
327
271
408
253
76
-29
27
238
59
95
171
215
-37
-36
-120
-204
-233
-145
-94
-107
60
32
66
113
151
-80
82
10
-177
-185
-224
-435
-563
-327
-236
-100
-46
129
225
238
145
188
191
238
191
172
278
138
178
230
98
49
145
117
176
208
226
32
-32
96
197
165
206
378
326
280
97
23
-25
-44
-141
-166
-198
-526
-520
-441
-274
-241
-360
-211
-123
81
-83
-97
50
-163
-77
-47
34
97
-24
-140
-165
37
-5
-10
141
108
250
340
431
336
437
504
299
324
170
269
157
153
314
126
207
206
141
102
-27
-16
-80
-198
-309
-156
-116
-77
49
-153
-240
-353
-508
-693
-630
-724
-609
-352
-505
-456
-408
-630
-747
-528
-361
-302
-164
102
64
155
22
131
300
171
221
187
238
148
313
183
51
32
264
306
260
374
282
282
180
243
259
263
251
459
299
210
183
150
200
74
133
158
216
238
103
-81
25
-172
-272
-178
83
182
92
-14
-90
-63
-369
-430
-453
-413
-310
-124
92
113
199
199
198
285
42
134
135
64
231
222
22
-5
231
5
60
2
-79
-171
-181
-126
55
105
-99
51
-40
-211
-309
-50
-129
-246
-10
169
64
38
-55
-184
-149
-244
-114
-221
-175
-87
43
144
-21
-12
95
-50
-210
-290
-419
-393
-318
-309
-327
-281
-244
-151
-186
-97
91
239
312
380
401
376
354
192
32
117
108
-120
51
57
22
245
413
265
193
202
94
222
98
-33
58
135
26
-108
-73
-147
-140
-49
-49
-144
-59
20
-192
-195
-160
-140
94
164
84
129
-104
-251
-338
-319
-196
-162
-3
-128
-79
-55
24
93
-13
-67
54
236
329
425
389
375
233
202
230
140
231
420
318
223
196
301
256
64
-10
-188
-227
-157
8
34
-90
-130
-48
-177
-280
-209
-84
-172
-260
-311
-370
-301
-418
-242
-201
-235
-185
-200
-266
-417
-447
-166
12
17
23
94
302
-36
-89
12
51
166
262
543
597
615
526
490
435
208
119
40
77
21
-99
140
117
-185
-353
-369
-339
-355
-402
-286
-93
-142
-166
28
-12
-142
-109
-92
-155
-129
-79
-170
28
-140
-143
46
89
161
22
88
-34
-4
-78
-25
51
-141
-53
-66
0
-34
47
209
174
267
307
278
222
132
107
182
238
392
483
338
315
337
254
209
82
25
18
-70
-48
-186
-125
-229
-321
-186
-239
-282
-434
-54
-22
-134
143
182
89
-111
-149
-319
-280
-267
-454
-248
-219
-268
-59
22
8
109
200
3
-62
79
63
163
289
255
298
330
299
222
151
16
-148
-62
-48
-164
-266
-137
-297
-356
-208
-128
48
-105
-84
-172
-108
-114
-49
179
74
41
118
176
52
32
64
182
151
125
70
77
18
-158
-26
-53
-43
70
100
181
98
-34
104
137
-54
-163
50
-12
-144
-17
7
32
17
42
77
273
302
319
503
402
110
34
-58
-324
-313
-159
-76
9
80
-173
-264
-311
-551
-482
-299
-149
-56
2
55
55
17
10
-6
6
-50
-171
-177
-197
-121
213
231
111
162
111
113
28
-19
28
103
146
51
179
274
115
17
-142
-228
-172
-75
36
178
216
180
81
-116
-115
-126
-136
-147
-67
25
109
207
300
210
46
-4
-109
-18
75
63
8
-18
-158
-197
-266
-285
-289
-277
-143
-150
1
47
58
48
113
-5
49
226
213
280
227
255
195
366
305
3
63
96
-63
-117
46
82
31
-66
-14
-60
-47
18
-73
-143
-257
-66
-69
-63
-25
32
13
-169
-35
-202
-170
11
46
54
-16
-2
-26
-29
-84
-173
-95
-138
-311
-257
-91
-36
-92
69
-4
19
101
33
20
50
338
197
135
168
82
1
-173
-177
-115
-113
-152
70
286
325
273
171
14
-121
-102
-39
-63
-50
127
107
12
-164
-77
37
-212
-198
-252
-262
-280
-189
-44
35
130
33
125
122
49
81
106
77
82
204
199
177
318
252
181
171
97
-15
-94
-45
-6
93
9
-27
-40
-125
-238
-43
88
1
233
317
242
211
171
89
81
133
93
-20
-59
-143
-48
-26
-157
-202
-167
-26
1
56
91
111
-65
-288
-351
-402
-417
-296
-209
-180
-76
-69
-160
-48
-8
-105
42
45
-216
-384
-152
-30
-95
-27
46
97
7
-180
-118
2
-50
-64
65
158
-12
49
48
35
183
244
330
297
252
149
6
-30
-37
31
113
134
122
69
127
83
86
23
1
17
-70
55
172
283
188
83
-30
-162
-123
-42
-53
-105
-38
7
-87
-73
12
45
17
-154
-36
162
335
320
240
376
152
-76
-59
-83
76
101
29
33
-32
28
-46
-91
-55
-82
-164
-181
-235
-208
-69
-102
-41
-88
-114
-3
24
-3
-79
-151
-145
-209
-203
-118
-59
-92
-122
-54
-88
-163
-160
-32
-152
-88
10
12
68
-24
14
11
103
175
142
178
120
33
0
-219
-169
36
122
122
199
256
115
143
21
21
-6
-116
-176
-243
-223
-251
-146
134
77
-10
55
-13
-47
-136
-12
109
200
191
226
250
152
129
66
97
31
-2
144
230
204
245
236
134
63
40
-142
-283
-149
41
24
193
335
262
255
58
-9
-77
-113
-217
-225
19
-69
-173
-25
-106
-183
-32
43
-138
-293
-203
-79
-71
-151
93
156
70
-58
-70
85
-93
-153
-49
-25
-46
-72
-99
-42
-85
-29
29
17
28
-78
-188
-202
-198
-148
-80
-137
-19
106
129
66
42
22
-70
-110
-132
-118
-15
-83
-247
-157
-67
-62
-111
-113
-59
-6
50
71
121
345
403
279
241
314
315
288
229
225
223
82
121
86
132
67
-13
-91
-111
-198
-335
-232
-195
-31
-70
4
254
334
362
251
118
158
76
-50
11
159
169
56
22
-1
-40
-117
-70
-103
-98
-161
-209
12
23
-68
-12
-8
-93
-191
-170
-130
-158
-203
-274
-119
16
-49
-16
164
48
32
98
3
54
-79
-224
-134
-59
-92
-33
103
86
-82
-109
-141
-248
-227
-135
-70
44
-14
-52
-40
-182
-77
-28
17
152
221
319
362
284
225
168
149
42
-18
-9
-82
-31
-18
-52
-114
-127
-301
-314
-149
-48
44
113
144
17
-6
-46
23
154
161
182
264
235
83
53
72
94
121
83
58
132
124
-40
-59
15
116
129
112
143
-60
-165
-265
-215
-102
-89
-89
-21
78
-53
-80
-166
-180
-130
-209
-154
46
224
286
261
276
142
47
-71
-167
-39
-8
145
171
81
-20
-26
-65
-184
-96
-145
-216
-208
-174
-134
-99
60
258
371
256
63
-42
-139
-152
-75
61
38
48
100
-149
-281
-279
-269
-259
-332
-164
-77
-78
50
86
39
-68
-19
58
-77
-118
45
13
-5
34
23
111
78
127
343
264
22
95
182
101
-15
16
195
186
28
0
2
-43
-51
-26
26
-66
-42
69
26
-45
10
-30
7
-13
-24
157
102
194
206
212
98
64
255
212
205
202
112
-130
-299
-289
-237
-270
-279
-185
-127
-255
-162
-28
-20
-15
19
232
54
18
83
42
13
-96
-5
-54
-142
-130
-40
-42
-167
-53
-12
-130
-140
-26
-21
-216
-219
27
118
46
75
136
136
77
141
196
32
-22
149
221
195
103
178
281
120
-92
-213
-158
-239
-249
-56
70
86
104
199
41
-126
-122
-229
-191
-216
-168
-83
-75
-26
-59
68
40
73
122
94
70
58
26
-14
-51
-47
-22
-137
-69
18
60
-8
122
241
18
-51
67
73
3
7
174
261
106
98
152
230
80
-77
78
152
46
10
79
102
0
-94
-92
-155
-203
-176
-137
-155
-175
-129
-99
-104
-124
-144
-99
-80
-43
-60
7
26
-51
-5
-59
-42
-58
-27
16
-29
4
-20
40
13
-106
-44
-44
61
63
-17
21
-114
-14
94
181
322
321
386
406
294
168
27
-12
125
141
117
168
101
13
-73
-140
-178
-332
-190
-37
-14
98
8
-63
-104
-89
-102
-222
-157
19
82
85
114
35
-75
-219
-312
-329
-343
-281
-262
-198
-142
-147
-169
-117
-40
38
91
81
79
65
105
69
59
83
-2
14
151
249
199
102
232
144
52
29
63
125
-1
128
280
260
110
143
234
184
-52
-56
95
24
-13
43
192
171
144
271
271
112
4
-66
-113
-215
-197
-195
-195
-124
-94
-166
-276
-370
-398
-312
-417
-299
-119
-168
-193
-131
-125
-26
-41
118
207
-42
25
46
135
67
83
125
-15
-10
-51
-19
-64
-70
-18
-84
-40
-42
-23
94
41
93
266
225
102
220
212
89
67
85
157
214
269
360
512
476
270
75
60
18
-16
61
61
72
-142
-282
-187
-384
-429
-322
-402
-374
-196
-131
-317
-245
-154
-197
-164
-32
162
54
29
1
10
107
23
129
24
-153
-144
-176
-282
-480
-343
-82
19
-31
87
285
253
208
292
256
132
298
232
197
444
438
375
296
191
103
97
136
-34
23
174
71
-13
3
-232
-301
-58
-160
-157
-81
-76
-165
-183
-105
-167
-207
-170
-153
-103
-65
-83
-29
-166
-100
2
56
102
28
127
70
138
149
-101
-22
-63
-141
32
-126
-104
125
35
-7
40
-91
-187
-186
-314
-142
22
181
287
104
239
239
162
-9
-180
-126
-100
-210
-203
-312
-496
-357
-473
-302
-42
128
392
643
923
413
117
660
1142
1711
1115
-674
-1171
1081
2523
1802
-83
-2686
-1750
2100
3849
47
-3727
-4755
-1486
3728
1909
-2045
-6413
-5366
1839
4146
881
-4264
-4517
-2500
3074
4655
-2925
-3145
-2598
1014
5339
1484
-1233
-1948
1309
2882
3435
1613
-331
2505
1359
2612
1134
-1253
2387
1026
1053
1653
-827
-526
1266
-358
-2384
-496
-2397
-775
2138
-1450
-1820
-2296
-3141
-893
-470
-1657
-1152
-206
246
790
-1428
-1955
-234
-587
918
1091
1010
2471
1598
-291
-1524
-216
802
2297
2929
420
408
229
-200
322
-883
-805
-55
961
1402
590
-392
-1833
-1600
-1183
-213
594
82
793
369
-835
-1325
-1709
-1422
141
1093
806
1463
599
-380
42
-1083
-758
462
1004
2608
2127
264
-873
-2294
-1663
274
771
1510
999
-446
-607
-1427
-1659
-1463
-1072
173
503
408
-106
-1095
-1208
-978
-538
354
791
1066
901
-17
-511
-583
-316
488
609
811
1307
664
557
291
-435
249
392
597
1212
378
32
94
-390
-52
-123
-343
113
43
89
-244
-623
-316
-234
-94
21
-145
132
866
959
133
-391
-415
-326
303
784
535
83
-20
-48
-19
-14
-242
-351
77
301
-299
-422
-794
-761
-137
-175
225
76
-276
-143
-518
-524
-174
26
525
382
-442
-342
95
176
584
261
-358
-288
-235
292
458
-117
-323
-113
-13
156
-28
-413
145
396
169
165
-76
-583
-621
-89
61
56
50
-376
-163
46
-322
-88
25
-57
77
144
1
-215
-473
-511
-78
-17
377
171
-274
407
-158
-243
226
-73
340
539
191
-252
-218
226
507
699
520
298
247
270
147
-84
-56
-146
412
398
30
31
-376
178
551
587
479
24
-46
49
137
54
-31
-49
113
129
-23
-108
-411
-341
-21
-66
190
-129
-858
-591
-363
-76
100
-153
219
323
405
410
-46
186
192
30
362
108
-40
141
-343
-406
68
41
112
107
-216
-399
-687
-317
-8
-188
-163
-406
-636
-606
-535
-357
-89
-262
-222
-212
-204
85
-42
122
104
119
550
563
417
230
-129
-232
270
597
531
327
-156
-290
-288
88
448
184
174
-231
-464
-388
-621
-277
0
-85
-54
-205
-372
-350
-411
-146
-22
-30
314
-26
-27
143
-217
-67
32
54
234
272
-10
48
328
268
404
494
417
191
244
406
395
544
323
150
358
529
803
679
277
73
-59
44
110
124
182
238
-61
-106
-258
-808
-247
-47
-176
148
-172
-359
-267
-147
-116
-212
-13
22
-137
-346
-455
-343
-180
-9
-219
-315
-362
-323
117
352
402
83
75
-154
-235
366
101
-89
-63
-179
-402
-222
-110
-328
106
154
307
371
-36
-277
-466
-278
-177
212
347
-275
-291
-367
-438
-194
66
-63
-437
-159
-172
-100
-145
-561
-550
-280
357
554
312
108
-111
41
172
200
340
412
325
295
329
155
104
254
312
91
-33
-93
-147
115
188
-73
38
303
310
316
42
-178
-60
179
269
133
-241
-520
-343
-4
189
-15
-129
-14
91
380
418
64
25
227
252
294
295
77
1
-29
-75
-74
48
227
-67
-209
-336
-266
326
456
304
-12
-163
-60
275
478
-16
-266
-251
-171
21
73
-266
-481
-152
-28
244
263
-91
-298
-428
-230
-288
-111
16
-417
-169
110
-76
-147
-209
-256
-124
240
268
107
82
-238
-406
-193
19
-7
13
95
-18
23
201
23
-291
-290
-342
-59
459
344
-159
-235
-90
-195
32
-91
-418
-298
-99
-64
-191
-247
-451
-161
227
124
-104
-234
-150
-46
258
372
199
377
417
108
59
-15
-160
37
408
244
54
321
397
392
451
246
-60
116
188
14
84
10
89
389
345
-62
-344
-263
-167
57
223
92
73
334
320
20
35
123
262
345
199
-168
-259
164
254
202
194
-16
-25
107
94
-155
-200
-41
-74
212
126
-253
-110
32
34
-102
-175
-255
-208
101
99
-43
-270
-572
-734
-531
-292
-293
-83
-173
-395
-469
-468
-366
-219
14
-61
-159
-135
-231
-293
-283
-285
-133
149
259
43
-266
-259
-87
130
290
167
158
309
383
463
314
-112
-161
73
147
303
229
213
316
171
-66
-269
-227
-44
223
321
240
186
73
-19
85
-5
44
321
276
234
96
-76
-83
59
211
351
248
89
228
175
1
-32
-98
12
372
313
334
250
-87
-82
-196
-124
-135
-190
-44
-6
72
-178
-367
-185
-85
-184
-380
-340
-139
3
102
-78
-294
-265
-80
140
102
-219
-529
-377
-117
0
129
-31
-161
-81
61
40
-95
-25
28
159
228
106
-28
-110
6
136
315
281
80
106
164
85
-104
-131
-30
192
354
76
-207
-201
-134
61
148
-6
-124
-123
43
206
221
133
50
-19
-118
-198
-203
-121
35
-27
-160
-226
-283
-30
89
114
204
19
-167
-124
-61
-91
41
166
31
71
116
38
-42
-230
-158
-22
48
94
111
180
23
-190
-216
-175
5
193
266
123
-186
-106
12
73
-29
-281
-117
41
285
420
172
-244
-533
-278
80
461
699
575
305
-63
-148
-28
19
102
72
83
90
17
-64
-201
-214
-134
145
195
-24
-161
-292
-209
75
168
101
127
78
62
-22
-136
-170
-135
-89
-75
34
47
91
116
86
1
-175
-157
-72
9
204
208
-28
-238
-302
-217
-7
113
3
-168
-229
-137
-129
-160
-80
95
270
224
48
-151
-193
-155
58
249
25
-75
62
279
323
139
-116
-252
-187
-69
136
89
-94
-202
-102
12
-10
-2
-86
67
140
125
129
-129
-7
164
76
85
-22
27
71
-53
-227
-402
-202
115
308
199
-89
-187
-58
139
152
9
-164
-162
-7
89
83
-71
-63
154
177
174
90
-81
-136
-79
-18
14
64
167
277
235
155
-43
-156
-159
-146
-56
41
69
-72
-58
-9
-51
33
28
-37
-48
-44
-51
-77
122
160
123
229
164
65
-12
110
148
79
63
20
133
170
36
-79
-76
-216
-220
22
19
-34
-144
-130
-44
-162
-119
-72
-25
128
-39
-152
-139
-128
7
44
116
-22
0
64
-27
79
-38
-187
-198
-116
-101
-50
70
31
-19
-102
-133
-46
23
-5
-218
-355
-187
85
164
15
-124
-204
-39
110
67
18
-135
-11
241
294
196
75
51
47
225
219
38
39
144
257
230
72
-97
-6
89
39
50
40
-7
1
77
34
-159
-204
-95
-12
59
-1
-53
-103
-81
-23
32
44
-14
63
1
-81
-186
-178
-69
-42
95
122
58
-5
-54
19
123
110
56
39
-15
-25
160
250
104
10
44
126
216
167
-1
-81
-7
132
135
-12
-211
-253
-94
0
-3
-76
-129
-119
-154
-208
-206
-94
-50
-37
-108
-203
-136
-34
72
55
-12
-116
-101
-62
-101
-45
-53
-46
-49
-23
72
126
73
-62
-127
-85
146
322
216
96
-4
-38
98
252
324
254
76
-27
58
-33
-111
-32
-47
53
131
101
74
-74
-251
-143
-25
-94
-104
-48
-19
-6
-55
-127
-127
-62
28
35
-60
-253
-244
-80
-10
26
-27
2
119
56
-34
-96
-108
34
188
217
70
33
-47
-19
49
39
160
102
81
77
100
104
45
-23
16
71
33
192
125
-29
39
29
-7
-111
-150
-51
28
118
12
-81
-140
-100
89
66
103
82
13
-2
-91
6
118
178
227
148
90
41
49
-47
-123
-39
-51
25
-6
-98
-174
-171
-12
-4
-10
-44
-14
31
2
12
-66
-121
-103
2
52
-96
-180
-187
-162
-116
-47
-76
-314
-324
-180
-19
86
60
46
30
86
51
37
-38
-121
-16
32
25
0
-37
-88
-52
32
-20
-30
-31
-100
-25
18
89
114
105
154
90
160
173
155
75
-28
9
-3
51
46
34
-3
-9
38
37
22
78
154
133
49
80
216
156
163
98
25
-42
-83
58
162
95
-161
-151
-145
-151
-132
-142
-32
-7
146
225
153
61
-76
-100
-93
-88
-32
79
137
12
-99
-85
-69
-44
-65
-110
-174
-109
30
8
-16
-76
28
203
220
138
46
42
22
22
-22
-86
-73
0
54
-6
-134
-120
-104
-96
-76
-111
-80
-20
73
74
-16
-107
-88
-12
29
22
-63
-131
-152
-156
-126
-68
-58
-41
-30
-39
-30
-16
32
2
-4
-3
-4
21
20
76
51
35
-9
17
20
-82
-42
52
106
95
52
44
61
57
134
48
24
160
232
228
85
-64
-135
-22
80
91
1
-93
-60
2
-9
-48
-52
7
42
69
61
51
104
109
124
73
101
99
49
22
-76
-95
-35
35
7
-60
-86
-41
60
80
52
19
-47
-26
61
82
9
17
72
0
-51
-37
-49
-49
-64
-93
-101
-127
-165
-101
-25
-124
-143
-92
-4
99
117
60
-55
-80
-85
-91
-98
-67
-41
26
6
-77
-21
-54
-121
-158
-94
41
29
24
-16
-19
32
97
198
115
-9
-83
-56
31
-29
-64
-48
-23
77
120
156
79
16
19
-41
-47
-71
-7
68
117
151
151
98
-39
-133
-177
-106
7
60
109
94
36
-19
-72
-32
4
69
87
-22
-60
19
110
87
13
-45
-87
31
145
162
56
-136
-131
-38
25
-6
32
86
77
13
-29
41
10
2
51
49
17
21
73
63
-6
-70
-67
60
32
-32
-88
-127
-38
13
93
63
6
-6
-89
-99
-16
31
44
7
-95
-129
34
154
168
82
-52
-108
-120
-26
-31
-79
-132
-96
52
132
60
-140
-195
-141
-68
-43
-47
44
101
73
9
-70
-85
-111
-66
-1
-37
-24
6
-24
-56
-51
-70
-60
64
148
113
-42
-135
-50
13
64
54
29
63
26
-25
-56
-54
-33
54
76
33
5
-35
3
-12
-10
90
130
152
105
31
40
48
80
79
99
80
24
112
122
50
6
22
28
-24
-60
-67
6
68
37
26
87
70
5
-16
-44
-124
-127
-11
16
26
54
15
-33
-104
-119
-80
-40
6
12
37
-17
-28
16
-27
-42
-76
-35
29
48
46
-24
-71
-127
-107
-53
-9
8
-32
19
-69
-41
83
57
-23
-135
-127
-61
77
105
66
16
-44
-4
3
-56
-110
-96
-12
48
67
115
110
47
8
7
-50
-37
-10
12
100
61
16
1
-6
-66
-174
-175
-138
-92
-16
53
70
42
32
30
49
45
68
28
-48
-35
3
130
158
113
89
65
45
-11
-51
-44
-29
-45
-6
10
3
10
1
8
27
-3
-60
-35
31
34
42
31
-2
58
53
9
-18
-47
-26
-3
-1
-10
-35
-19
1
32
60
45
48
-18
17
36
17
19
-50
-63
-49
19
79
102
54
40
-1
-53
-27
-62
-51
-70
-45
16
4
3
-39
-66
-56
-133
-105
-6
-10
8
25
51
94
138
139
49
-53
-116
-112
-37
6
-15
-53
-94
-75
-16
38
15
-13
-52
-82
-15
3
-10
-18
-25
-38
-32
-63
-105
-125
-108
-39
-26
4
-23
-49
7
41
53
41
79
127
112
119
60
28
89
116
135
78
26
-25
-21
26
-44
-40
-32
3
47
63
123
94
55
6
-18
-45
-30
7
5
41
53
61
82
75
26
3
-47
-69
-31
9
48
32
43
28
27
83
123
127
88
57
-25
-60
-46
-44
-29
-60
-53
-26
-35
-78
-104
-145
-142
-59
-34
-1
-39
-38
29
36
15
-24
-66
-155
-169
-124
-124
-145
-167
-148
-126
-151
-97
-30
-25
-53
-112
-129
-111
-29
80
110
97
111
104
106
88
61
60
71
67
80
75
95
148
125
89
39
91
134
130
104
91
101
102
115
57
26
44
46
28
12
-20
-76
-70
-64
-63
-13
-26
-34
-57
-76
-66
-33
42
66
99
61
14
24
12
6
-8
-14
-26
-21
-9
-12
-22
-31
-65
-81
-41
-52
-20
19
76
86
13
29
-26
-59
-61
-92
-62
-1
-9
-79
-132
-132
-109
-127
-98
-60
-14
41
54
73
67
-9
-65
-30
-13
-57
-68
-45
16
28
-11
-20
-56
-30
-9
-16
-21
-25
15
90
134
151
125
74
92
34
-2
-9
-16
16
53
58
49
63
23
24
14
-11
28
46
74
86
16
-19
-14
-23
8
-14
-21
7
-16
-26
-28
-29
-76
-74
-87
-92
-49
-18
41
54
66
50
49
14
-23
-29
7
38
35
45
3
-4
-3
-28
-57
-57
-63
-17
22
41
34
44
39
11
67
-1
-1
14
-4
6
22
-3
-38
-18
-55
-27
-34
-46
-29
23
41
-5
12
-2
-45
-77
-98
-58
-14
-8
18
-6
-16
3
8
-38
-101
-103
-58
4
-11
24
52
76
95
59
70
32
-3
-11
-4
-13
9
27
28
22
-28
-32
-30
-13
25
75
38
51
99
66
82
69
44
41
6
-14
-49
-79
-46
-75
-70
-67
-86
-77
-64
-12
-35
-15
-10
-20
1
-15
-45
-39
7
40
29
-16
-1
-22
-35
-23
-35
-2
27
69
73
22
25
55
77
104
61
51
82
96
59
-3
38
56
63
23
-14
-3
-51
-35
-31
-1
21
-7
55
45
12
16
-30
-20
-9
-12
32
47
54
22
-29
-46
-104
-130
-94
-81
-113
-113
-82
-79
-51
-49
-48
-32
-25
40
66
18
-8
-37
-62
-60
-63
-33
4
-10
-19
-42
-81
-86
-74
-37
-16
8
69
111
104
82
74
51
70
75
72
95
77
98
92
60
49
29
38
27
46
70
44
37
24
13
-13
0
48
-6
-25
-31
-34
-32
-60
-28
-48
-70
-53
-38
-63
-92
-104
-88
-54
-24
13
-15
-10
-20
-41
-39
3
40
23
21
15
37
21
36
9
-29
-32
-31
31
42
41
98
102
67
37
14
84
90
82
84
98
80
39
31
-15
-49
-78
-73
-85
-64
-72
-47
-18
-14
28
-9
-31
-9
-23
-43
-66
-64
-68
-66
1
1
1
-25
-49
-61
-85
-122
-79
0
19
51
36
32
-17
-21
-14
-38
-51
-16
-23
-25
20
4
30
-7
-15
-35
-73
-74
-63
-13
13
58
93
104
112
112
124
85
76
40
-12
58
61
79
76
50
37
-9
-23
-40
-47
-29
11
37
98
117
89
66
26
31
53
63
34
-4
-19
-10
-14
-38
-2
-1
-3
-9
-48
-22
-12
-60
-73
-44
-44
-44
-54
-57
-102
-127
-109
-121
-123
-123
-108
-75
-45
-25
26
64
55
41
10
-9
3
13
41
71
93
91
49
6
-36
-50
-94
-110
-86
-57
-12
22
65
66
25
19
58
77
83
82
62
98
68
4
27
14
1
9
26
28
-26
-21
18
-23
-38
-51
-61
-32
-28
-19
7
-5
-16
18
23
24
34
47
57
12
12
11
-48
-41
-29
-58
-62
-30
-47
-47
-51
-52
13
3
31
6
-7
-3
-51
-22
3
25
31
74
107
75
42
21
19
40
89
116
107
73
91
95
73
54
48
31
-14
-28
-60
-94
-121
-88
-110
-145
-108
-92
-101
-120
-66
-40
-45
-10
-15
12
13
22
38
-7
-7
-27
-28
-23
-71
-76
-76
-64
-49
-31
-14
1
18
27
42
22
28
52
39
33
23
31
54
54
35
31
40
41
49
57
45
34
23
28
22
7
32
29
25
52
63
60
0
-10
3
-28
-20
11
22
0
21
49
34
20
-11
-74
-50
-29
-23
4
-27
-35
-12
34
17
8
4
1
19
12
-13
-29
-28
-67
-52
-43
-35
-37
-43
-29
-27
22
48
57
16
-14
-5
-30
-16
-14
-48
-68
-57
-42
-35
-23
-20
-6
8
24
-6
-5
10
-5
3
-2
7
-2
-10
0
11
14
-10
-37
-26
-31
-39
-6
30
53
43
44
44
27
16
-16
-13
-8
-19
23
2
3
34
63
85
77
100
64
38
5
1
16
-18
1
-20
-48
-32
0
-3
-15
-1
0
-22
-33
-3
19
29
13
-7
0
-13
-31
-20
-25
-38
-31
-18
-22
-13
23
24
55
67
37
54
19
21
28
25
66
80
59
22
8
-3
11
-3
-25
-70
-111
-89
-41
-46
-28
17
7
16
-19
-7
-32
-39
-34
-83
-85
-44
21
-7
-3
-17
-53
-66
-56
-17
-22
-18
-31
-31
-25
-16
7
43
47
-2
29
25
11
28
26
44
26
15
16
14
6
8
21
-16
-35
1
-22
-1
38
20
8
2
36
64
81
37
6
-10
-35
-26
-29
-9
18
26
26
47
49
59
54
29
47
26
26
70
16
-58
-102
-68
-29
-44
-20
-19
3
13
-16
-4
31
9
-26
6
2
5
23
27
59
50
44
20
-8
0
-9
-2
0
-3
-33
-44
-40
-31
0
-3
-31
-72
-75
-53
5
44
33
-29
-16
6
10
38
35
25
-71
-79
-64
-26
-9
-32
-41
-92
-50
-1
18
-7
-50
-76
-64
-34
-17
3
7
5
25
45
22
10
23
70
43
20
63
58
63
70
57
38
38
41
24
33
13
-12
1
9
34
28
51
44
35
57
0
3
7
-3
-33
-41
-16
-3
32
56
25
-35
-39
-53
-67
-78
-65
-50
-31
-39
-48
-32
-47
-51
-48
-48
-32
-3
-35
-20
21
51
61
60
51
-39
-66
-63
-26
34
70
94
57
60
33
19
45
21
15
-9
-25
-3
5
-2
14
-20
-51
-43
-46
-52
-56
-31
-20
25
48
75
80
88
148
94
66
73
34
44
36
1
-18
-65
-69
-62
-67
-70
-56
-47
-82
-92
-45
-4
6
15
12
-7
-43
-36
-29
-19
-35
-48
-4
4
-11
-7
4
-40
-86
-88
-84
-66
-24
41
46
47
48
9
13
-9
-23
0
1
-7
13
15
9
44
36
73
96
58
86
50
28
46
25
25
39
70
85
92
77
71
66
30
21
2
16
47
34
47
53
21
6
3
-26
-59
-60
-59
-72
-48
-20
-49
-63
-86
-114
-123
-138
-141
-113
-67
-51
-22
-16
-39
-35
-17
20
22
25
16
10
7
-9
44
46
36
35
-3
-19
-23
-16
-9
-34
-69
-67
-34
3
14
63
84
41
32
48
65
52
35
6
9
13
37
48
64
79
24
14
8
-27
-35
-4
42
85
61
41
16
-7
-46
-82
-48
-57
-31
-21
-6
25
25
3
4
-1
-34
-57
-69
-22
7
41
49
