33
32
16
24
48
0
2
0
-4
-17
-25
24
-9
-13
-4
-25
0
-19
-29
-10
-11
7
7
-16
-10
-2
20
23
23
15
8
13
10
7
11
13
-3
-14
-12
4
12
44
39
17
28
16
-16
-31
-44
-43
-33
-54
-35
-34
-14
-6
-27
-16
-34
-34
-32
-33
-19
-20
-1
17
6
16
-3
0
7
3
41
19
13
22
4
17
21
-3
2
4
7
4
3
32
9
28
45
41
42
47
59
16
18
28
-3
-13
-28
-18
-5
-27
-28
-9
-18
-18
-19
1
-3
-20
-29
-44
-20
-15
-11
-6
-8
-12
-19
-21
-2
-17
-16
-13
-12
-2
-17
-13
-7
-27
-32
3
-11
-4
0
19
12
-21
-25
-22
6
-10
5
-3
-18
-12
7
12
-9
25
26
25
30
14
32
41
25
35
20
18
23
19
29
-2
4
25
20
27
46
41
54
35
5
26
1
6
-12
-16
-6
-10
5
-12
-6
-9
-13
-11
-9
-6
40
37
0
37
28
-7
-24
-33
-28
-34
-31
-22
-17
-17
-27
-26
-31
-44
-41
-51
-45
-58
-22
-27
-72
-24
-33
-14
-6
-21
-31
-36
-16
-23
-6
10
37
20
25
27
16
40
32
36
51
63
6
10
44
24
41
26
7
22
29
24
25
14
3
6
15
-1
-16
-9
-4
19
16
-3
-6
-7
-14
-3
1
10
4
18
52
13
26
-4
-24
-21
-40
-6
-6
9
-1
-11
-21
-44
-16
-9
-14
-25
-28
-34
-25
-8
-13
-12
-42
-24
-3
-11
-17
-16
2
-25
-9
11
22
8
5
3
-8
31
22
20
34
47
26
14
25
33
48
24
5
23
15
7
18
-7
-6
-3
0
-1
3
-3
-29
-2
-8
-21
4
1
-4
-12
6
9
13
25
21
14
-4
-5
-18
-3
-17
-6
-29
-44
-20
-33
-4
-25
-11
-11
-25
-5
-26
-17
1
7
0
-19
-11
4
-3
-4
-5
0
10
25
33
38
34
12
10
18
41
8
-9
4
-19
15
-8
-30
-15
-26
-12
-20
-39
-37
-12
17
-6
-26
0
-2
-7
7
12
32
22
15
42
3
8
20
-2
10
-10
41
32
11
45
16
16
-18
-15
5
-10
24
22
-7
8
22
23
-4
-25
22
29
31
6
-6
10
0
2
4
28
9
6
-3
-28
-36
-26
-33
-45
-34
-42
-32
-29
-37
-27
-27
-41
-19
-19
-26
-37
-22
-10
-15
-4
-15
-30
-34
-11
4
0
7
21
26
55
34
29
9
-7
29
6
0
6
12
-5
-4
13
22
19
6
-7
-12
3
-19
-20
6
3
14
15
6
21
24
36
38
52
44
33
36
25
33
33
20
14
22
27
18
12
7
-10
-16
-23
-28
-6
-9
-32
-28
-32
-45
-22
-37
-30
-3
8
10
0
3
-27
-20
-6
-26
-28
-9
-20
-12
-22
-48
-31
-18
0
3
2
8
17
11
31
15
-2
-11
-35
-21
-31
-11
13
34
20
-11
-12
-22
-9
1
3
26
30
23
44
32
12
34
37
29
35
22
20
12
-10
-19
-25
-20
-31
-11
4
5
8
-19
-17
-26
-42
-22
-34
-24
0
-13
-3
-34
-36
-16
-13
22
25
32
8
-1
-10
-10
20
29
16
13
32
14
10
6
2
-10
12
18
-15
-7
2
5
-10
7
-4
9
8
-15
22
8
0
-6
17
-4
9
42
14
33
21
17
25
28
34
10
0
15
39
38
22
27
5
-28
-36
-4
-10
-26
-15
-22
-16
-25
10
-3
-13
7
-12
-7
-16
-16
-12
-25
-47
-49
-43
-48
-38
-20
-17
-13
-33
-24
8
-7
-28
-30
-3
-19
-9
-19
-63
-33
0
-7
-26
-10
-3
-22
-3
3
-2
5
-1
13
16
-2
12
9
19
20
29
48
35
67
73
58
51
33
35
39
47
53
41
47
30
45
66
16
12
1
-3
-3
-5
-3
-4
3
-5
-6
-29
-15
-13
-16
-22
-57
-14
1
-16
4
-18
-24
-7
-14
-6
-7
3
6
-6
-25
-22
16
3
-16
-9
-12
13
11
5
10
-1
4
-7
-34
-42
-48
-31
-27
-35
-19
-25
-22
-25
-16
-14
-15
-6
2
-3
4
14
0
18
-6
17
29
10
20
15
16
4
5
30
21
-24
-17
-31
-32
-8
-7
-15
-30
-21
-20
3
7
0
20
19
-2
22
31
12
8
34
30
14
43
6
0
17
23
45
54
54
45
41
26
8
6
8
-9
-8
-2
2
-9
-23
-25
-17
-16
10
3
-28
-1
13
15
-4
5
8
-23
-17
-18
-15
6
-2
-5
5
-7
-17
-12
-14
-17
3
13
-3
-14
-8
-26
-46
-24
-13
-29
-47
-28
-36
-48
-15
-19
-22
4
1
-1
-14
-3
27
32
22
24
42
31
19
2
10
9
18
0
15
54
29
44
24
19
18
-14
-7
-5
-3
6
4
-9
-25
-37
-31
-43
-31
-1
-9
-2
-7
-20
-2
-10
-20
-16
-22
-11
-20
-6
11
10
22
6
12
18
7
26
45
37
19
9
57
52
5
20
15
30
27
10
3
-29
-13
-20
-22
16
-13
4
10
0
22
-21
-31
-22
-22
-15
-5
-1
6
-9
-25
-19
-4
-1
-10
7
1
-12
-22
-9
-3
-25
-13
0
4
7
1
-11
-16
-6
8
24
26
16
12
-3
5
22
32
14
19
20
4
11
-9
-12
-31
-28
-16
-29
-10
-3
-2
14
14
20
6
-16
17
-16
-22
-21
-31
-9
-16
-1
-31
-39
-22
-10
-6
-5
-14
-10
8
-7
-9
-16
17
17
14
34
19
51
34
3
24
3
-1
3
27
18
-6
25
-2
-8
12
25
32
41
48
16
22
22
22
29
31
33
20
18
-2
0
16
-23
-47
-53
-44
-37
-65
-63
-48
-48
-62
-29
-17
-34
-23
-38
-51
-62
-53
-25
-15
-20
-20
1
24
25
41
61
51
46
47
20
37
79
67
67
50
30
23
15
2
-3
0
-13
-16
0
6
-23
-26
-29
-34
5
1
-25
-37
-31
-8
-41
-14
9
-4
6
-1
15
31
24
19
20
37
50
34
14
-1
23
16
20
8
-10
13
4
22
-29
-39
-31
-43
-4
-26
-1
-17
-30
-8
-13
0
-28
-3
-6
-22
-32
-8
12
-8
8
0
-5
-5
18
-7
-6
-1
-7
13
-6
-3
-1
2
-5
-17
-13
-9
-6
-22
-12
5
-2
0
-11
-8
-24
-24
-19
-32
-27
-6
14
24
21
-4
32
29
44
65
53
39
30
47
28
36
29
11
-2
25
27
-10
3
2
3
6
-12
1
-8
-1
13
-19
-18
-20
-16
-32
-22
-3
-20
3
15
29
18
28
37
17
38
10
-5
-3
-10
-9
-27
-20
-15
-16
-2
-37
-34
-1
-18
-22
-18
-21
-27
-19
-1
6
-7
-14
-12
-34
-30
-5
-2
-9
11
1
-22
-17
13
16
-1
12
4
8
-10
6
6
-7
8
-3
2
1
29
42
29
14
-4
0
-6
-18
-18
-13
-13
-18
-28
-21
0
-4
-11
3
-4
4
6
-7
9
-13
-23
1
31
35
37
64
28
0
0
12
22
3
16
23
48
41
21
48
21
-4
-22
-1
-21
-28
14
-24
-16
-27
-22
-4
4
21
10
0
4
18
6
10
-1
-16
-13
12
15
-4
-8
-13
-13
-24
-12
6
-8
7
17
-6
-11
-9
0
-20
-6
-2
-18
1
17
7
-32
-38
-52
-37
-11
-12
-18
-17
-18
-30
-17
-19
-18
1
-12
-23
-12
-18
3
13
4
19
21
47
28
12
45
51
28
22
26
29
22
37
38
-9
10
3
-4
-8
-9
-16
-31
-3
-16
-9
2
-21
-47
-50
-29
1
29
45
20
19
36
29
25
16
33
19
28
36
27
27
5
7
0
-1
-28
-36
-12
3
-1
-30
-6
-14
-7
-8
-49
-28
-38
-35
-25
-28
-11
-8
6
4
24
5
-16
0
-23
-4
12
6
3
11
11
9
35
24
12
15
19
4
15
18
5
22
-4
6
3
-12
-4
-13
2
-31
-42
-22
-35
-50
-44
-29
-23
-34
-40
-4
-41
-58
-17
1
3
-13
-3
12
22
25
55
58
46
51
51
66
67
45
41
38
0
-1
-8
-8
-4
-24
-19
-13
-23
-22
-7
3
-4
-4
14
5
16
26
6
14
29
3
7
4
-10
9
-7
-14
-12
1
-19
-21
-14
-8
3
-20
-13
-5
-28
-35
-16
2
-10
-35
-23
-34
-15
-6
-11
-23
-15
25
0
-3
-1
-16
-12
-22
-2
30
9
11
9
0
-14
24
52
32
70
60
16
4
14
20
17
10
18
34
22
-13
12
22
1
5
10
13
-13
-5
9
-9
-39
-9
-22
-38
-38
-53
-15
-34
-10
3
9
6
-12
0
-19
-19
20
19
10
-9
-27
-20
-21
-20
-28
-4
-22
-9
-15
-25
-20
-16
0
-35
-2
-37
-31
-12
-4
18
-13
12
18
11
-3
11
13
13
20
9
20
26
34
37
25
25
45
59
47
31
60
35
12
36
30
19
-16
2
21
-9
13
-4
-15
-38
-53
-10
-27
-13
-16
0
24
13
14
3
16
10
-2
-7
1
17
17
-10
-6
6
-4
10
0
-6
-9
-7
-32
-13
1
-28
-26
-22
0
-9
-1
8
-18
-28
-13
-23
-42
-50
-51
-28
-14
-6
-18
-22
-10
-23
-31
-22
3
6
-18
-11
-1
2
-4
-32
-32
8
-13
-24
14
-3
1
1
25
28
12
36
23
6
22
12
-3
19
20
25
38
48
16
19
28
6
35
36
46
57
49
54
41
37
31
33
54
21
1
13
-10
-6
-7
-4
0
-13
-9
-9
6
3
-12
-13
-26
-38
-28
-34
-31
-22
-33
-45
-33
-19
-25
1
12
6
-9
-21
-12
-13
-26
-36
-44
-44
-13
-7
0
3
-1
14
-1
13
1
-1
20
21
-1
-14
-5
-8
-19
-19
20
-1
5
3
-8
-16
-33
-9
-9
16
15
13
-3
-16
-7
-21
-16
5
-3
-9
4
14
23
11
25
19
1
16
18
9
27
41
15
6
-14
-32
-4
-7
6
7
-18
-16
-25
-6
-12
-33
-1
23
31
33
35
18
13
12
-1
27
35
14
13
8
8
1
-7
-1
-1
-3
6
1
-17
-13
-5
8
23
11
-3
17
9
7
21
13
15
26
-6
-25
0
2
13
-10
0
-20
-13
4
-10
2
1
4
-22
-17
-9
-9
-24
-22
-26
1
-11
-21
-13
-6
3
-28
2
-12
-9
-6
-9
-19
-10
-8
-6
9
-18
-4
-12
-18
-31
-1
3
-6
15
3
-3
-6
13
-13
-2
19
-4
8
3
19
22
-3
-6
13
11
-4
1
-5
9
6
10
2
-44
-35
-27
-28
-11
-12
-4
28
15
-11
6
8
-11
3
3
4
23
36
40
32
30
1
-10
-6
28
41
41
69
65
67
29
31
63
43
22
35
41
15
25
22
-11
-19
-33
-22
-17
-49
-42
-46
-22
-14
-33
-31
-52
-47
-37
-22
-46
-13
-15
-36
3
0
7
-7
-6
-23
-6
-25
-40
7
10
2
-17
-22
-21
-14
-21
-29
-33
-22
-8
5
27
3
-9
3
0
-9
-1
14
9
22
24
-10
-15
-9
12
24
44
52
24
37
31
25
36
40
34
48
39
22
12
10
38
14
14
19
2
-23
-42
-31
-39
-38
-31
-39
-38
-30
-58
-32
-19
-26
-3
0
-1
-20
-29
-23
-4
-25
-27
4
9
11
28
37
35
37
18
18
13
20
7
22
3
-23
12
-17
7
6
3
27
0
0
2
21
44
44
21
17
32
-4
-6
2
-2
1
-22
-13
5
-8
-10
-23
-9
17
0
0
-7
-17
-12
-15
-37
-29
-60
-55
3
-12
-8
7
3
-9
-1
-10
-1
-9
-19
3
-10
-7
-12
-12
20
26
-4
-8
-8
19
29
13
25
35
25
10
10
8
13
25
28
26
35
19
25
32
16
15
4
-4
0
-7
-24
-3
-2
9
2
-9
6
-2
-11
-22
-11
-38
-49
-38
-23
-9
-26
-38
-32
-25
-40
-73
-29
-29
-31
-4
-34
0
-9
-11
-9
0
0
-6
7
-12
6
11
12
21
9
-6
7
25
39
52
65
56
24
10
13
34
39
15
18
30
45
61
41
42
49
56
45
17
22
12
-6
8
-3
-20
-8
-8
-22
-48
-22
-28
-43
-10
-46
-25
-4
-25
-28
-41
-48
-41
-19
-47
-23
-16
-26
-16
-3
24
-13
-12
-26
-6
11
-4
6
1
16
-3
6
-4
-3
12
15
42
32
31
35
39
34
16
-11
-11
-4
-3
3
-1
-13
-18
2
-35
-13
-2
-29
-15
1
13
4
-17
-23
8
-21
-25
-3
0
-9
-2
20
-6
-4
-21
-13
-2
-15
7
-3
-20
-7
-6
-6
20
20
23
4
-2
22
17
0
-8
3
-11
14
42
37
30
10
14
14
12
28
33
26
15
14
4
-11
15
19
15
10
-1
3
-17
-15
-26
-18
5
-16
-31
-26
-13
-13
-22
-24
-18
-28
-16
-3
11
38
34
13
-3
6
10
9
4
16
16
3
4
-10
-22
26
34
-8
6
-10
8
12
5
-3
-15
0
-11
-23
-40
-41
-19
-10
-38
-25
-36
-42
-22
-20
-1
5
6
-6
-6
-10
-8
-8
-5
-3
21
34
-12
-3
14
13
-20
-13
21
-7
28
38
16
22
32
28
12
8
4
-3
-5
-7
-16
-7
-25
-21
-3
-1
0
-16
-28
-16
-8
1
8
8
31
24
37
39
13
31
22
-3
16
-3
-1
16
13
14
-4
10
-11
0
9
23
17
10
17
10
16
-6
-13
-22
-3
-15
2
5
18
13
0
14
-10
13
8
8
9
29
28
11
4
-12
-23
-46
-31
-25
-26
-35
-42
-22
-20
-11
-18
-50
-29
-27
7
-4
-46
-19
-5
7
7
8
-21
-42
-38
-29
-25
-19
-4
3
-15
-26
-5
-11
-10
-2
-6
-28
-59
-28
3
-22
22
41
35
47
34
43
38
60
39
53
45
25
52
31
55
58
46
35
20
19
18
25
25
12
19
39
26
9
13
-12
-18
-3
-23
-20
-28
-26
-9
-14
-19
-16
-5
16
12
-7
-6
-12
1
-5
-11
-1
-23
-11
13
-6
-11
-6
-9
-14
-15
3
-19
-35
-12
-39
-53
-59
-63
-81
-70
-38
-32
-28
-45
-4
10
0
0
-4
40
16
-2
32
28
29
10
9
39
41
23
18
39
10
13
32
-2
3
16
1
12
31
7
20
28
11
13
11
23
3
11
3
-19
4
-25
-34
-17
-20
-8
-18
-22
-32
-37
-17
-41
-30
-27
-28
-6
1
10
10
7
31
16
-3
34
31
35
40
60
57
43
64
39
28
-3
-11
13
3
10
0
8
-1
-13
10
1
-3
-6
-29
-37
-29
-22
3
4
-16
-2
4
-13
-26
-18
-22
-39
-20
-20
-30
-26
-26
-30
-57
-16
24
17
9
-3
2
-6
20
17
15
3
-1
39
-5
6
35
28
22
3
18
-15
-24
-11
1
3
-17
12
8
-8
6
17
9
-2
-30
-40
-35
-22
-10
-22
-29
-28
0
-10
-26
-3
-13
-18
1
-4
2
7
3
-9
-22
7
-1
-5
3
10
34
44
35
-4
28
24
1
19
32
50
29
23
12
16
35
38
34
33
17
13
28
0
18
31
20
13
17
18
-3
-4
-13
-10
-10
-4
-9
-2
-7
-17
-14
-47
-34
-41
-38
-26
-26
-23
-27
-26
-33
-37
-30
-25
-47
-46
-35
3
-3
-2
26
20
7
-12
-3
13
-4
4
27
-10
12
-4
-12
8
20
26
27
22
-17
5
4
9
1
-1
-12
-4
2
6
30
4
9
4
10
-24
-7
19
9
26
9
4
-3
-24
-9
11
5
1
-9
11
19
18
15
8
39
39
38
41
18
12
8
-24
-26
0
-28
-18
-19
-39
-16
-46
-35
-33
-32
-3
-19
-27
-6
3
-8
-19
-19
-2
-9
11
13
4
-7
-40
2
8
-2
6
-9
16
10
19
31
9
51
54
26
51
53
37
34
55
32
-5
8
-3
15
29
21
-1
-3
-12
-38
-14
-28
-44
-24
-25
-43
-23
-26
-44
-30
-35
-48
-48
-35
-29
-22
-5
0
-6
3
-3
-1
-4
-19
20
25
33
48
46
54
24
21
28
28
35
20
26
33
1
-3
-7
-32
6
10
10
3
-15
23
19
-9
-27
-17
-16
-28
-22
4
-4
-3
13
-11
-7
-18
-7
-7
-40
-45
-42
-38
-45
-35
-15
2
-2
-32
-22
-8
8
22
-1
8
15
19
25
42
44
30
47
48
24
-3
10
22
3
5
2
13
24
3
-1
-10
-15
-15
0
-1
-1
6
-6
-7
-14
6
-3
9
49
30
10
-1
-8
-29
-36
-6
2
-12
-22
-20
-24
-25
-12
-25
0
-17
-16
11
4
-3
-8
2
-19
-10
-19
-13
0
-3
3
1
15
30
43
55
45
41
42
29
25
-3
7
11
-10
-19
-8
4
-3
9
-10
8
-3
-22
-7
-14
-6
-1
3
-22
-10
0
-32
-31
-14
-9
-19
4
10
10
11
3
0
7
21
16
22
6
-8
-27
-19
-20
4
15
-6
17
-3
3
-13
-7
-8
9
15
-15
6
-10
-2
-10
-4
-22
-29
-12
-31
-16
-15
-7
4
-1
2
5
3
-22
-23
-5
-32
-25
4
-12
-18
6
9
23
5
-1
11
9
33
13
43
53
62
55
21
24
22
34
28
47
55
66
64
49
27
18
6
-8
-15
3
6
-7
-27
-73
-48
-41
-20
-40
-38
-34
-37
-26
-59
-11
-12
-10
-37
-48
-41
-33
-1
-29
-16
-8
1
19
1
-12
-10
-9
-15
-41
-13
5
-12
-2
-9
-13
-14
27
47
3
33
53
25
41
35
15
7
10
13
28
9
-7
21
10
11
-10
6
-9
-23
17
-2
-28
-22
2
-16
-17
0
-2
-9
-23
-1
2
6
10
8
22
13
18
37
35
9
34
22
10
22
-9
4
-12
-5
0
-6
18
9
-3
6
8
-3
-21
-9
-11
-45
-16
-10
-18
-6
-12
-29
-34
-22
-10
-20
2
13
1
14
0
-7
-5
28
9
18
14
-22
0
13
-19
-25
14
-13
-26
-19
-8
-12
11
11
-7
3
-16
-15
0
-7
-25
-10
-9
-2
9
17
26
22
28
28
6
8
15
13
29
22
37
47
46
43
16
-14
-22
-1
-33
-44
-10
-27
-32
-25
-23
-28
-42
-50
-58
-24
-29
-20
-2
-6
15
28
19
29
37
31
24
4
24
28
47
20
0
30
27
14
-9
-12
-29
-6
-1
-12
-28
-22
-19
-28
10
4
40
48
23
42
17
4
6
10
-12
-35
-12
-9
3
-15
-2
18
22
22
-20
-28
-22
-16
-22
-10
-6
-4
-21
-31
-17
-22
-28
-8
6
-26
-8
-13
-19
-19
-22
-4
4
12
-11
-11
-18
-23
-6
4
25
48
31
20
53
26
2
23
34
33
31
42
21
13
28
12
5
8
15
22
28
5
-9
0
12
16
-3
7
0
-17
2
-19
-43
-12
-26
-45
-40
-38
-27
-32
-47
-32
-16
-35
-12
-2
-24
-34
-3
-6
-33
-9
-9
-12
-30
-21
-8
4
21
-1
-4
7
9
8
24
19
25
66
64
38
50
50
38
51
38
34
46
13
12
10
-12
-13
-32
-30
-7
18
-8
-19
-2
-16
-12
-14
3
-13
-18
-6
-2
6
-29
-19
11
3
2
-9
-10
-25
-12
5
-18
-3
-1
11
4
3
-15
-31
-2
-34
0
10
-8
4
-9
-9
-7
5
15
16
6
2
-2
-6
-5
14
9
-6
1
-3
13
11
-8
0
15
-3
-26
-25
-22
-16
-14
-25
-15
-1
-12
-31
-29
6
28
32
21
38
34
8
9
13
44
41
20
19
20
15
19
36
25
13
15
19
30
19
11
0
-15
-17
-33
-12
-38
-44
-7
-27
-22
-21
-23
-25
-21
10
-14
-17
14
-13
10
3
-23
-18
-50
7
26
-7
14
5
0
-8
-9
8
2
10
8
13
13
-1
-7
-16
-9
8
6
1
5
7
11
13
0
-13
-1
-4
8
6
-12
-8
-4
-7
-26
-28
-38
-16
-6
-6
9
2
14
1
-2
4
16
12
1
25
19
22
9
2
12
14
13
6
6
0
-4
-27
-26
-10
-11
-12
22
31
34
45
18
7
-9
11
26
25
11
15
10
-16
-13
10
0
-8
21
3
13
13
-13
-29
-14
-7
-22
-23
-30
-5
-38
-61
-34
-44
-32
-12
-3
-16
-34
-38
-35
-13
-35
-15
-5
-1
-13
-16
19
0
8
14
32
30
28
5
-16
-3
10
15
12
40
56
82
76
37
30
40
46
24
25
35
7
10
28
16
25
34
21
7
-9
-20
-28
-9
-34
-50
-29
-55
-29
-30
-44
-38
-36
-36
-38
-37
-26
-24
-32
-4
-24
-1
-5
-26
-12
-38
-26
-22
3
7
0
23
-3
13
13
-18
19
9
31
24
28
49
-6
5
6
29
42
6
18
32
9
-5
-12
-8
10
11
19
-13
-12
-23
-30
12
-7
12
-1
-14
3
-10
17
3
32
34
9
38
7
6
21
33
38
9
16
6
-3
6
19
44
9
-7
2
-23
-6
-9
-19
-5
15
26
7
-26
-41
-14
-36
-60
-55
-38
-35
-37
-19
-38
-39
-49
-39
-19
-29
-32
-20
-1
0
12
30
20
-3
9
6
11
7
5
11
4
12
-3
19
18
28
16
0
24
7
26
37
35
38
46
60
41
34
35
10
10
-1
-6
4
-5
-5
-23
-33
-40
-32
-40
-38
-33
-28
-21
-26
6
-14
-5
-3
-26
1
-25
-26
-11
-1
-1
-3
19
1
-4
10
1
-15
10
19
-2
22
52
55
35
30
12
0
10
0
10
13
8
7
17
11
7
-6
-26
-13
-31
-19
-17
-28
-14
-23
-24
-6
16
-4
-10
0
-15
-19
-22
-12
-2
-18
-16
-17
7
23
17
-4
-8
10
1
3
15
28
19
14
12
18
47
22
25
44
17
32
21
39
41
23
44
12
-10
-5
0
-13
-29
-40
-50
-47
-46
-53
-47
-66
-48
-30
-44
-8
-6
-38
-31
-3
-12
-15
-12
-9
-27
-15
8
4
22
3
-4
0
-10
-14
8
12
6
16
40
28
-13
6
7
28
13
5
40
38
65
45
50
46
23
58
47
38
37
37
16
16
0
-27
3
-10
-11
10
-4
-35
-31
-7
-29
-34
-23
-34
-7
3
10
-1
-16
-16
-20
10
-8
-6
-5
-23
-16
-10
4
4
-4
-3
-20
-27
-23
-13
6
-9
-3
2
-11
-15
0
11
-10
-16
-29
-18
3
-1
1
-8
-15
-2
2
4
24
25
16
-6
-6
13
-1
25
35
14
11
-4
13
3
3
18
0
15
-30
-24
-4
-34
-28
-45
-19
-23
-20
-2
-4
9
2
15
16
11
1
0
1
-25
-2
6
7
14
16
39
12
13
1
0
19
24
62
23
21
19
10
20
9
36
-11
-15
-1
-25
-4
-8
19
13
6
7
-11
2
-21
-8
7
0
0
15
35
-2
-1
8
-4
-6
-19
17
2
-13
-4
-10
19
-5
-7
3
-17
-35
-34
-22
-16
-26
-26
-32
-43
-56
-43
-4
-19
18
17
2
8
19
35
7
13
1
6
-4
1
23
17
-11
-11
13
-20
-28
1
12
-9
1
7
6
-13
-25
-28
-40
-47
-62
-16
-27
-35
-2
16
1
-12
28
19
18
38
41
26
32
39
21
23
22
35
15
17
39
20
19
25
19
8
4
-7
13
12
-10
16
47
22
10
31
10
3
6
9
11
-4
0
-8
-9
-3
-28
-8
-19
-14
-12
-30
-4
-26
-32
-19
3
-13
-29
-17
-18
4
-4
-9
12
15
3
0
6
0
-16
-1
1
-4
-16
-15
-12
-16
-19
-36
2
-3
2
-23
-16
19
-15
2
4
0
-6
10
23
2
1
9
6
-15
-9
14
7
-3
10
1
-8
-22
-17
5
-14
-16
1
14
7
-25
-16
5
-5
4
-2
-6
10
9
14
-8
-5
-14
-19
-17
-6
31
14
-4
-13
-4
-21
-6
3
-3
9
13
26
39
66
54
69
64
19
5
35
32
-4
21
15
9
14
23
29
7
-7
-3
-6
-17
3
-3
-24
-50
-44
-31
-61
-32
8
-9
-18
0
0
-2
4
2
6
14
10
9
26
14
-4
-19
-30
-13
-13
-15
12
9
-3
16
18
4
-6
4
1
6
27
21
7
-8
-33
-37
-16
-2
-5
2
-9
-37
-42
-58
-69
-30
-22
-20
-19
-10
-9
-12
16
-15
-28
-20
0
-14
-2
15
-10
-18
-32
-4
-25
-28
-12
-9
4
-10
-13
-12
4
18
-10
-21
-6
-21
-19
-22
-17
4
23
19
18
14
7
23
28
39
35
56
49
30
53
93
94
64
87
85
73
73
72
64
65
64
57
70
71
51
50
65
19
-7
25
-7
7
-17
-41
4
-10
-39
-62
-23
-38
-42
-13
-35
-26
-27
-37
-61
-52
-40
-75
-65
-49
-50
-44
-19
-29
-86
-59
-44
-28
-48
-48
-6
-24
-20
-27
-18
-42
-43
-56
-22
19
-18
9
1
9
15
0
15
6
9
12
34
45
15
-1
6
-5
-30
-2
10
-12
-24
-7
-2
-28
-11
-17
-15
-6
-11
5
0
-4
-9
-1
7
-20
-26
-40
-36
-16
-5
4
-13
-44
-76
-53
-46
-85
-91
-57
-32
-24
-14
-4
-28
-54
-51
-48
13
53
25
30
48
54
74
91
101
87
92
171
203
170
171
175
175
145
162
151
133
170
156
168
126
92
62
41
30
30
62
30
22
-14
-1
4
-20
-14
-59
-57
-28
-9
-31
-50
-38
-63
-25
-20
0
3
-76
-58
-82
-25
-35
-32
-17
-88
-22
-18
-8
-50
-45
-16
-31
-35
-83
-78
-75
-92
-63
-23
-27
-57
-65
-70
-100
-124
-167
-185
-206
-158
-123
-187
-206
-208
-210
-233
-231
-217
-221
-194
-165
-151
-152
-171
-188
-202
-177
-177
-145
-107
-111
-85
-56
10
8
31
85
114
164
193
258
296
320
309
323
350
334
352
390
408
383
373
353
318
319
294
221
227
218
179
154
82
16
-73
-97
-107
-174
-287
-335
-320
-324
-321
-359
-346
-375
-374
-350
-282
-154
-135
-81
7
107
210
239
248
344
510
667
791
890
932
977
1087
1149
1100
1040
979
891
893
888
762
562
331
154
9
-95
-223
-478
-671
-796
-907
-1017
-1151
-1320
-1475
-1567
-1614
-1569
-1534
-1531
-1473
-1422
-1362
-1312
-1204
-1062
-980
-786
-576
-389
-243
-119
74
208
334
402
492
631
748
847
889
950
904
816
824
850
819
716
645
633
549
399
217
61
-53
-154
-227
-307
-375
-403
-397
-404
-401
-448
-402
-316
-285
-174
-87
37
99
158
286
384
450
489
560
663
736
732
714
711
703
642
609
604
572
465
350
303
219
31
-99
-156
-288
-448
-509
-462
-549
-667
-686
-639
-655
-726
-643
-462
-326
-269
-178
-5
105
183
416
724
941
1064
1203
1420
1547
1549
1540
1559
1501
1373
1369
1356
1214
930
652
464
250
-31
-316
-515
-770
-1052
-1253
-1356
-1562
-1870
-2065
-2128
-2114
-2199
-2238
-2158
-2082
-2069
-2067
-1953
-1873
-1846
-1727
-1490
-1252
-1136
-1009
-815
-586
-444
-344
-145
45
244
432
664
850
948
1049
1191
1340
1400
1431
1471
1534
1618
1630
1527
1417
1287
1237
1179
1076
953
892
864
726
663
551
404
212
132
131
92
71
-64
-121
-98
-57
-60
-127
-165
-182
-69
50
7
-42
-68
-75
-82
-37
44
-11
-26
25
107
219
186
122
61
102
61
-14
27
17
-7
-30
16
-113
-260
-357
-329
-348
-488
-506
-482
-527
-716
-759
-821
-861
-946
-984
-829
-737
-816
-815
-572
-425
-498
-449
-207
-15
214
364
647
817
858
1030
1309
1517
1375
1352
1494
1614
1601
1529
1449
1295
1033
831
854
765
418
29
-105
-159
-354
-567
-794
-1061
-1299
-1343
-1343
-1423
-1554
-1665
-1614
-1670
-1745
-1818
-1831
-1777
-1821
-1663
-1555
-1524
-1422
-1311
-1109
-1037
-961
-854
-693
-295
28
253
355
477
781
951
1161
1266
1438
1655
1629
1773
1874
1871
1703
1574
1612
1628
1549
1370
1210
1169
1000
759
657
407
274
147
151
89
-69
-127
-220
-235
-383
-424
-335
-466
-411
-385
-418
-264
-373
-430
-419
-165
-238
-218
-43
-125
73
80
91
155
214
135
100
407
325
164
502
247
318
264
199
208
35
286
-195
105
-25
-430
-369
-501
-491
-802
-762
-900
-1159
-936
-1188
-1316
-1099
-1468
-1308
-1252
-1053
-991
-966
-573
-767
-322
-107
59
470
524
797
1157
1274
1417
1436
1588
1762
1723
1968
1869
1879
1554
1367
1492
1089
963
738
556
423
287
191
-183
-486
-782
-874
-842
-1089
-1166
-1175
-1366
-1526
-1651
-1678
-1839
-1953
-1954
-1853
-1663
-1773
-1784
-1677
-1581
-1555
-1551
-1291
-1004
-800
-478
-162
14
171
330
622
800
936
1050
1293
1640
1596
1631
1659
1553
1420
1276
1401
1291
1065
989
877
871
624
478
360
217
269
151
323
249
146
189
43
115
69
105
22
205
359
136
490
402
153
376
161
263
309
499
293
288
762
20
418
341
197
465
152
465
292
273
150
-12
185
-363
-125
67
-570
-64
-323
-492
-580
-704
-726
-1053
-676
-1042
-1222
-1000
-1333
-1473
-1461
-1691
-1475
-1529
-1557
-1666
-1353
-1128
-1682
-1232
-1075
-1085
-958
-724
-234
-51
208
338
624
1118
928
1195
1640
1633
1742
1857
2140
2014
1935
1876
1825
1769
1515
1534
1515
1106
1006
910
495
285
71
-88
-437
-467
-481
-707
-833
-1014
-1095
-1238
-1406
-1520
-1556
-1602
-1603
-1555
-1547
-1498
-1522
-1531
-1412
-1310
-1083
-906
-800
-527
-322
-168
-1
94
207
317
566
805
881
969
1081
1029
988
953
925
905
702
766
720
743
545
407
370
252
226
119
356
240
358
303
458
389
342
562
344
674
597
558
918
755
430
790
614
448
487
885
209
463
1039
-273
649
668
-279
287
550
-175
61
571
-145
-598
693
-598
-791
744
-931
-505
-102
-538
-957
-578
-479
-1387
-843
-444
-1461
-778
-792
-1527
-886
-1586
-1028
-1550
-1281
-1036
-1849
-957
-1178
-1665
-1155
-1337
-1260
-1202
-1006
-671
-1239
-233
-761
-586
145
-130
249
339
966
1116
1233
1324
1506
1696
1676
1848
2088
1951
2120
2007
1885
2104
1781
1621
1557
1632
1223
1122
1242
718
459
325
109
-93
-396
-396
-394
-771
-864
-900
-1132
-1317
-1453
-1364
-1461
-1590
-1422
-1374
-1310
-1424
-1393
-1064
-1077
-952
-664
-567
-315
-335
-369
1
-5
-26
205
223
562
434
330
524
347
300
142
289
253
63
111
420
64
-45
360
1
133
329
338
312
612
641
230
656
909
94
390
1076
251
661
927
544
541
753
452
301
971
275
259
628
545
204
533
409
-57
565
-32
186
371
-47
-43
222
-123
-392
318
-681
-376
154
-808
-354
-59
-711
-654
-177
-546
-1203
-77
-280
-1659
9
-498
-1211
-577
-727
-889
-1054
-762
-1251
-1097
-790
-1431
-1547
-572
-1512
-1386
-688
-1286
-899
-975
-345
-580
-273
237
-205
665
537
462
1332
1071
1009
1438
1669
1742
1605
1968
1786
1729
1889
1474
1930
1646
1100
1478
1228
1010
740
609
457
132
83
-176
-155
-258
-662
-731
-705
-933
-1040
-1155
-1111
-1022
-1314
-1078
-1096
-1049
-1154
-1192
-955
-1017
-851
-877
-540
-768
-414
-583
-306
-512
-380
62
-634
25
-180
83
-574
390
-69
-19
296
-188
573
63
467
-111
911
304
233
511
877
216
792
856
9
1339
-69
1040
155
965
431
160
1379
-59
840
558
576
474
582
854
567
235
1489
234
261
1359
13
661
461
984
-160
400
1153
-621
648
413
-688
577
304
-1006
278
57
-654
-726
95
-170
-1698
416
-901
-941
-210
-1268
-717
-1050
-929
-1437
-1080
-1009
-1786
-1313
-1063
-1945
-1046
-1496
-1631
-1285
-1597
-894
-1595
-790
-1443
-885
-436
-1109
257
-266
-13
430
486
883
661
1242
1129
1007
1923
1368
1731
1727
1211
2098
1324
1558
1649
1487
1707
832
1548
1292
694
919
416
549
405
90
347
-40
-109
-153
-445
-155
-655
-685
-695
-557
-799
-923
-603
-962
-730
-1045
-692
-1129
-761
-960
-1065
-599
-1052
-826
-1301
-368
-1001
-521
-867
-590
-97
-1117
404
-930
-96
-147
-241
346
-612
1166
-266
29
994
-277
923
539
327
844
851
1361
4
1485
1161
137
1839
150
1038
1407
623
735
1292
1359
52
1139
1368
237
1105
1080
24
1189
455
340
710
48
77
271
389
-246
346
198
-515
-88
298
-529
-614
107
-584
-227
-545
-746
78
-1517
-54
-1108
-1121
176
-2116
-119
-1558
-597
-1552
-1902
-106
-2962
-555
-1679
-2079
-794
-1885
-1124
-1842
-1071
-892
-2195
79
-1589
-878
323
-1752
508
-172
351
-116
586
1652
-216
1485
1689
635
1665
1383
1644
1956
1241
2283
1202
1824
1444
1144
2033
297
1371
1308
711
785
581
868
-55
236
212
-23
308
-470
55
66
-360
-349
-354
-240
-1146
-134
-611
-868
-295
-973
-755
-756
-127
-2029
-73
-451
-1670
-316
-619
-876
-1705
517
-1677
-757
-32
-1009
-764
456
-688
-963
1151
-1696
200
196
336
-450
262
1001
-571
758
500
30
1101
650
15
1773
694
1103
404
1534
1057
519
1500
1050
1444
509
1737
671
1603
185
1539
995
413
1494
-76
2252
-933
889
611
234
-29
-167
740
-307
114
-518
350
-948
261
-1772
209
-383
-1602
215
-1545
-178
-1265
-1200
-844
-1645
-500
-1714
-1685
264
-3182
-476
-1133
-2178
-1035
-1702
-666
-2649
153
-1801
-1817
-20
-1859
-1143
-76
-1233
-652
-369
-231
-551
-324
1044
-1469
1307
488
39
1307
384
1406
669
927
1725
658
1781
1168
1063
2288
621
2015
438
1858
1160
542
1605
857
1214
-136
1750
329
206
617
445
148
239
573
-620
789
-495
-373
91
317
-782
-954
1337
-1654
-19
75
-1384
-84
-576
-488
-1017
-294
-461
-1053
-619
163
-1686
231
-924
-579
-68
-856
334
-1769
1077
-555
-270
-149
186
-572
498
218
134
-186
311
927
-1267
2623
-1456
1504
-6
486
871
-228
1821
-1049
1575
531
226
1065
671
12
1081
243
853
190
291
1097
121
467
215
614
-128
751
27
-607
1218
-678
-395
666
-401
-477
-548
584
-1119
-106
784
-2334
434
550
-2784
1118
-684
-1395
-795
-19
-510
-2701
1459
-2049
-1269
126
-1886
-881
-76
-1314
-2050
497
-926
-1995
-136
-924
-966
-559
-1230
-189
-776
-92
-1345
-197
488
-1250
754
-328
-524
906
-32
9
565
453
966
403
1100
1150
676
1698
279
1347
1965
186
1688
1673
1180
1149
1462
1296
805
1470
977
669
1438
799
235
1382
485
131
547
693
-184
840
-67
-564
1386
-1346
298
-170
-252
-773
-428
668
-2462
1006
-1283
-1279
-80
-786
-749
-1478
325
-1567
-618
174
-2549
435
62
-2744
1053
-1600
210
-1221
51
-93
-1967
2938
-3958
1794
788
-2563
1769
-1477
538
-331
1214
-553
-1553
3689
-1817
-260
3007
-2746
1782
951
-115
693
761
2399
-3967
4161
1238
-2216
2781
-32
1102
-400
2983
-606
-487
2026
-180
-667
1526
110
-716
1312
-450
106
-730
1133
-1646
147
188
-926
-643
-526
-199
-1407
159
-1672
-31
-1474
-1297
847
-1881
-2130
1054
-2050
-1115
-31
-682
-1653
-740
1181
-4204
1494
796
-3205
-235
1583
-1468
-1622
2382
-1691
-1249
1598
-703
-788
1438
713
-1810
834
2466
-2462
775
2118
-340
70
1484
901
181
1530
492
595
1399
1818
-207
2221
1282
581
983
1475
1466
-98
1581
1712
73
345
2470
-929
861
474
865
-272
504
765
-1763
2646
-1855
-822
1083
-876
-479
-811
910
-1491
-1059
788
-2326
472
-1385
-1252
408
-1437
-976
-613
-472
-2100
88
-899
-758
-586
-978
-1051
584
-1094
-1757
430
-420
-939
-307
-344
-460
1582
-2469
288
1740
-1438
-795
1099
438
-542
1476
-572
106
2329
-398
-37
2264
-113
66
1092
2174
-690
1740
1519
-1183
2394
651
1172
-913
2563
-576
303
2479
-1409
817
153
184
-1274
648
494
-478
-1480
1185
-1269
304
-2338
96
969
-3718
374
-1379
806
-2451
274
-1893
-771
-32
-1719
-2589
1862
-894
-2889
1582
-1385
386
-2634
2007
-3791
2972
-977
-3301
2751
-774
1111
-2798
2159
-1610
379
1458
-1741
1086
1743
-1831
1114
371
1235
-15
-1847
4448
-1389
2025
573
685
2166
-420
1872
975
683
2489
79
1544
1988
-291
2692
-288
1805
446
1426
818
-730
2444
341
-1275
1148
854
-794
-187
180
137
-1624
1571
-1812
-1469
1846
-2556
-1412
861
-612
-2610
-1363
1437
-3099
-767
-450
-1414
-967
-2193
477
-2129
501
-2381
-1429
1113
-1615
-1843
-217
562
-2225
-623
1060
-769
-1571
1387
-725
-746
1002
-1102
572
793
172
-415
1126
527
-858
2006
680
-35
1208
2059
248
-599
2675
1098
629
1095
77
2328
-749
3225
250
462
1806
-2354
3790
-1455
1488
988
-2178
1952
-524
1170
-74
-2909
1962
-1667
1816
-2494
-1305
3391
-4745
1252
-9
48
-3267
-1165
2809
-2296
-745
1894
-5485
3154
-1469
-3235
3930
-5191
2086
-3293
3035
-904
-3468
3556
-5076
892
951
-3915
1191
-1138
187
488
-2821
2007
-2148
2220
-2375
504
2529
-3604
2848
-621
1766
524
70
2983
-1491
3765
1430
-1940
4989
-442
2685
1111
378
3222
-372
3081
-514
1651
1828
-1724
2798
1132
-1517
1295
-334
345
-908
-643
127
-1297
676
-2685
-574
1397
-3382
-1065
474
-948
-1928
-795
-372
-2545
713
-1585
-556
773
-2400
-359
-57
-358
-1744
490
588
-3736
1836
1342
-4063
1740
892
-2290
217
727
-1244
-318
945
-1030
-1072
1962
-748
-2243
4244
-1421
-882
2490
-1801
1181
870
1980
-1830
906
4802
-4396
4364
574
-324
2062
-893
4144
-4047
6183
130
-3319
5022
-2298
2677
445
-1767
3067
-1544
2221
-2332
-969
4885
-5499
3276
-1556
768
201
-2845
1522
-1373
670
-1392
-1445
-454
1759
-4243
2370
-2698
-77
-1629
-968
2633
-7277
3886
-2493
-3377
471
-1490
-1260
-759
-1318
14
-1443
1139
-2208
-2178
4190
-4649
1900
564
-992
1232
939
1421
1097
903
2424
184
601
3074
-1238
5142
-540
1337
2860
-552
2199
-241
1622
1551
-1211
-61
2526
494
-191
-598
951
-1695
-1459
447
-860
-179
-2063
-242
8
-481
-1073
-2931
1678
-1195
-1413
1552
-1316
-255
-3123
2408
1308
-3352
1940
-698
-317
3226
-2428
297
1837
-285
-201
335
4023
-4788
445
2129
-2333
-460
-464
-610
-920
2000
-581
-1033
-1141
-430
-1808
1178
1178
-1920
-1502
1501
-106
-1878
808
-851
-474
1108
2743
-1783
2939
-1024
103
2435
-368
1095
-2339
4721
-2900
2258
4044
-3254
1292
771
1059
2101
843
666
-318
1606
938
-1865
2277
-1588
962
-599
1758
-1441
-1126
570
-2155
1952
-1324
-47
-2089
-235
-640
-1881
-1384
332
-4362
-1160
1080
-3084
178
-2477
-496
-1534
-1098
334
-2258
45
-1485
-2570
681
-177
1554
-722
605
1875
-494
3170
357
1176
801
1035
4909
654
3544
2038
-655
2031
-1016
3762
1371
150
1216
-1385
1384
-395
-1411
-1397
-1319
-554
-1417
-948
583
-2188
-1027
-3231
-2307
117
-900
-1028
-2303
2248
-1598
165
88
-1688
149
-99
1764
-376
1826
449
-451
1954
843
263
1010
807
323
1591
2488
-314
663
-162
768
801
1155
1039
-2499
1711
235
1229
-1763
312
139
-3269
1516
-772
-1529
361
-912
-2024
1166
-55
-1337
-1992
137
-1010
629
-403
-1107
1326
-287
-1065
-353
2495
-2527
1195
-1181
2471
2204
-1563
1292
-293
2493
-2025
2640
156
-531
2096
-1359
884
2024
511
-1244
27
1328
1492
-1046
486
-174
264
-234
-1577
297
-577
-1827
-1770
-623
-963
-1221
-2896
-359
-985
-673
-1390
-2688
133
-2752
-1493
-217
-1671
-348
1306
891
-110
178
1731
1570
2714
1177
1753
2522
1034
3897
3377
2699
863
905
1621
1124
2964
1680
-335
348
-1218
935
183
-2628
-1148
-1735
-1929
-2658
-1988
-2643
-2440
-3407
-3667
-2986
-892
-2397
-4486
-1036
-2182
-706
-1530
-1904
-1213
-998
786
-58
1621
1520
938
2016
2391
1748
3452
3256
2181
3025
2905
4167
2459
2812
1532
2228
3337
1679
2368
95
683
747
-146
111
-1646
78
-1221
-2096
257
-1994
-621
-3710
-3352
-428
-1872
-985
-3322
-577
-815
-2826
433
-3519
328
212
-2795
2333
-1664
2293
-2094
880
2686
-2240
4149
-3189
3417
2889
-1696
1804
-432
1707
605
2415
2146
-904
3281
-493
-3298
5124
-1222
305
-852
-243
2023
-2679
1848
-2399
-458
-2530
-2333
1009
-1649
-2857
-1556
-2067
-1632
-2715
-654
-1927
-4292
1963
-2604
-977
-3823
-973
1114
1683
2223
-2627
2140
762
3472
4156
2604
2296
543
3021
5827
5296
4477
373
1704
3984
1904
4752
2069
-546
-564
537
2141
-1280
-1939
-1274
-2979
-2031
-4704
-2205
-2058
-4821
-3230
-6039
-3163
-2295
-5369
-5616
-4108
-597
-1930
-4468
-2673
-2878
-1603
-917
-760
291
698
1316
1136
3181
2826
2371
3001
3819
4467
4476
5216
5258
4306
3151
3226
5471
4854
1277
1829
4485
3349
118
-552
30
362
-2530
-1805
-373
-1104
-3227
-6137
-3345
-2209
-2190
-4802
-3016
-1870
-1802
-3162
-3722
588
-2056
-1286
-968
1401
535
-1089
-815
1127
2094
1249
1751
351
2796
2053
742
1315
1950
1591
1505
-547
4213
1161
-241
715
38
2893
-914
883
-808
1127
601
-2276
117
-379
-2694
-1583
-1311
-911
-2353
-3750
-2665
-3592
-82
-2231
-3907
-749
-2800
-679
-1349
-2975
-1472
-5031
3109
1451
1706
2593
-3830
3026
4361
5588
3421
-286
3675
4899
4324
7168
4322
3838
-126
803
5900
4623
3494
-2515
-943
2027
1820
-1557
-2804
-1773
-1372
-3147
-4276
-3631
-2133
-2977
-5913
-5256
-4527
-2172
-6438
-7141
-5119
-2377
-712
-5995
-5628
-2244
-1974
-1767
-2133
-133
215
-621
2525
2747
3174
2025
3144
5184
4713
4316
6522
7938
4247
2613
5315
8246
5791
1289
2440
6330
4234
-4
-1638
1001
1565
-2218
-2329
-821
10
-3248
-7084
-3862
-1266
-2534
-5185
-5157
-1506
-1807
-3470
-4317
-1806
-407
-3107
-487
-244
74
1092
-873
-331
2540
4385
223
-84
4367
2879
2385
1788
607
3775
3256
426
-196
5718
1363
-1589
2074
1018
-418
195
473
-2504
3151
-1904
-4782
-1742
693
-3238
-6347
-695
-2977
-3182
-3956
-3885
-1185
-2227
-5970
-1769
-1942
-268
-2163
-3108
-2388
-3789
4891
2043
1437
-856
1199
5085
4670
4167
3952
3465
2252
4845
9186
9021
799
1631
1552
6789
4852
2198
3305
-1281
-450
506
2610
-969
-5068
-2652
289
-2667
-5788
-6629
-1881
-2618
-6639
-6108
-4231
-3931
-7715
-7798
-4724
-881
-2785
-7098
-7212
-2640
254
-1911
-4645
-674
1475
1844
1714
924
3695
2243
3459
5214
6504
6924
5787
5049
5342
5971
6628
6402
4038
3552
4407
5981
3863
-467
-719
1118
1493
-257
-2905
-1293
-1646
-4642
-5315
-4695
-1579
-3366
-7109
-4670
-2063
-2065
-5422
-5480
-1397
547
-1914
-3540
65
1696
940
-1963
2799
3802
2306
1470
2011
6036
4398
2664
548
5169
5765
2541
957
3764
4142
1927
-68
663
1243
540
674
-3303
1325
-1170
-2849
-4302
-2953
-2594
-5850
-3268
-4181
-3240
-4627
-5528
-4988
-2063
-4737
-4365
-3317
-1864
-2301
-4134
-1961
-1669
3078
1894
353
-560
3996
6408
5832
2907
1226
4388
6180
8361
6973
6913
3162
1539
2227
5688
7676
4530
-1342
-1575
3305
2248
-2052
-4726
-755
881
-2475
-6657
-6382
-4084
-3525
-4548
-5449
-4488
-5152
-8171
-7773
-5005
-2767
-2743
-6016
-5912
-4904
-2356
-659
-2573
-3083
-584
1577
2534
1399
2182
4068
3127
4089
5359
7733
7587
5398
5764
5119
5707
7840
5550
4355
4672
4409
5141
1239
-530
401
1419
1315
-2826
-2701
-1618
-2716
-5485
-6251
-2436
-2376
-5602
-6837
-3306
-1330
-4144
-6479
-4405
153
-200
-3734
-1701
1697
80
-666
17
3796
3044
1770
3456
2642
6305
3516
1926
4913
6076
4966
1835
3861
3687
2943
3299
1826
1207
1185
-240
-185
-260
-1116
-1974
-2385
-2135
-5852
-4215
-4279
-5787
-2482
-4643
-5144
-5339
-5298
-5045
-5895
-1824
-1278
-4096
-4300
-5253
-395
2558
685
879
-148
2896
3384
6281
5381
-120
2088
6302
9904
7606
4671
4063
2359
2776
5089
6410
4512
-239
-352
2000
2368
-1362
-5224
-2089
-322
-1792
-4164
-6748
-6261
-5082
-2518
-4285
-7838
-5732
-5378
-6164
-7472
-3980
-622
-4788
-7628
-4792
903
315
-4583
-3099
1930
2803
894
482
3514
4746
4453
3397
5401
7682
6544
6426
5951
7386
5688
4306
5944
5654
5688
4773
2629
2009
-102
799
1633
-1290
-2258
-2728
-440
-2526
-6336
-5383
-3095
-2484
-5137
-6297
-4251
-1534
-3773
-6607
-3432
65
-2083
-4306
-1757
2990
1559
-3545
-708
3695
6009
1609
107
5567
5959
3633
553
5911
7853
3000
1974
3598
5621
4034
1537
1190
3494
2722
-1170
-1750
569
-1682
-1769
-3061
-3124
-4018
-6064
-5600
-6591
-1212
-4620
-5441
-6008
-5379
-4667
-6684
-2619
-2497
-2209
-6127
-2251
2669
690
-2680
-1122
3394
7017
5728
2937
2246
958
5690
7664
9789
6039
4235
3314
2995
4670
5291
5263
410
-371
1816
3937
-932
-5233
-4394
1165
-790
-7258
-7886
-4713
-2006
-6280
-7579
-6810
-5416
-5939
-7742
-5745
-2301
-3194
-6921
-7268
-2668
784
-710
-3777
-2912
2471
3386
1354
927
3224
5238
6053
5948
4852
6052
7893
8114
7307
5747
6223
7306
5225
3634
4200
6959
5220
219
-1037
997
2233
-1051
-3735
-3107
-396
-1810
-6236
-6201
-4142
-3583
-5113
-5959
-3771
-3494
-4564
-5284
-4724
-936
-2011
-3726
-1649
227
1201
-1074
-793
2638
3242
2728
2783
3960
4902
3453
3021
4346
5984
6234
3470
3090
4664
4209
2041
1259
3898
2964
1463
-1108
-1446
725
-3735
-2653
-1524
-2276
-4775
-8028
-4057
-3630
-4067
-4619
-6287
-4112
-6559
-5428
-2191
-4637
-2628
-4729
-1425
1191
-168
155
-1915
2278
5182
6141
4609
960
1978
5638
6823
8224
5518
3769
3316
4114
5395
3602
3211
1034
240
1173
2673
-1121
-4461
-4353
-618
-180
-7068
-9014
-4203
-1525
-5857
-9451
-7468
-3775
-6711
-8121
-4780
-1505
-3686
-8858
-6968
-765
880
-1885
-3598
-1453
2437
2542
2502
1931
3847
5252
5575
6055
5268
6827
7574
7921
6797
6031
6611
6198
5259
3655
4342
6207
4225
866
-688
2212
2428
-2574
-3647
-1368
572
-2681
-6451
-5922
-3379
-2221
-5414
-6422
-3229
-1480
-4555
-6795
-4637
-977
-558
-3472
-2009
992
912
-2465
-1904
3768
5429
2236
-152
3296
6853
3963
882
3277
6946
6317
2460
3453
4672
3715
1340
1864
4730
2019
-332
-1125
1107
612
-3301
-3807
-2523
-1292
-3707
-7261
-5771
-3271
-3411
-5324
-6622
-5168
-5594
-5149
-3597
-3283
-4306
-6427
-2430
2039
3541
-1819
-4424
2141
7012
7405
1728
192
3089
7489
8325
6320
5547
4394
2726
4002
6033
6319
3341
-978
553
3924
3994
-4026
-6738
-1359
3190
-2477
-10337
-7928
-1887
-1962
-8918
-9189
-5583
-4877
-8906
-8126
-3310
-2062
-5673
-10122
-6382
-116
1174
-3099
-5070
-401
3914
2992
1609
1830
4746
6868
6384
6005
6261
7622
8046
8091
7437
6751
7002
7293
5408
3412
5053
6381
4121
-610
-994
3511
1913
-3623
-5861
-1267
1915
-3898
-8975
-6842
-2026
-3565
-7573
-6540
-2121
-2650
-7207
-7222
-2536
-148
-3068
-4899
-1022
2173
205
-1694
-500
4002
4549
2495
2726
4237
6116
4722
2853
3735
6931
6524
3048
3550
5140
4028
1800
2524
3258
1685
-45
-2334
-801
1274
-3252
-4538
-2991
-3525
-5038
-6949
-4267
-3742
-3068
-6670
-9298
-3963
-1732
-3784
-6570
-6555
-3324
1279
2425
-1034
-5056
992
5525
6820
3145
-57
3645
4552
6907
7742
8474
5234
806
2483
7847
8000
3294
-2064
601
5331
4078
-1747
-6890
-1993
1606
-675
-8068
-9176
-3936
-661
-4467
-10283
-9567
-5959
-5086
-8731
-8259
-3238
-2166
-7998
-10321
-5642
1463
626
-5103
-4856
1572
5978
1396
-1747
2888
7989
8254
4797
4516
7467
9195
10022
7842
6779
6005
8189
9384
5246
3793
5498
6583
2860
-1158
1626
3363
-813
-4681
-3401
1847
-1719
-7917
-7895
-3717
-1618
-6159
-7656
-4708
-3563
-5332
-7124
-4670
-1602
-3890
-4480
-1998
1338
-265
-4337
-638
4378
5242
1116
-106
4782
6592
3769
1766
5417
8386
6110
2293
3002
6044
6009
2975
596
3699
3741
1700
-1594
-777
662
-1735
-3630
-4150
-1994
-4406
-5460
-5550
-3314
-4795
-5688
-6481
-4304
-2937
-5882
-5976
-5615
1580
1541
-370
-5337
-2244
4648
6715
4522
572
1636
3498
6805
6364
7445
5552
5030
1412
3400
6412
6773
2073
-2428
2614
4337
1683
-6406
-4010
1672
581
-7421
-10233
-4569
-562
-3811
-9265
-9704
-7856
-5591
-7461
-6917
-5705
-4430
-5720
-8227
-7558
-2843
313
-3118
-5371
-510
4915
2204
-1533
898
6845
8216
5415
4905
7362
8481
8312
8289
8520
7911
7614
7566
6423
5866
5863
5849
3650
1673
2091
2472
315
-2563
-2598
325
-302
-5389
-8177
-5373
-560
-3426
-8508
-6933
-2341
-2663
-7722
-7376
-1692
-495
-4739
-5584
-250
2823
-1876
-4594
-54
5501
3841
-1196
290
5244
6699
2428
1416
5865
7722
4615
1825
4101
6146
3776
854
2499
5282
2703
-1700
-2202
694
1124
-2414
-3933
-3100
-2247
-4358
-4476
-2967
-4494
-5507
-5229
-2891
-3469
-6736
-6840
-721
3356
1212
-4949
-4584
1810
5738
6258
1212
1161
2417
5288
7181
5846
4742
3564
3082
3936
5016
5682
2057
-2779
526
4010
3594
-4725
-6368
-176
1304
-4534
-10761
-6629
-1227
-2464
-8021
-9477
-7736
-6544
-7614
-6704
-4358
-4465
-6021
-7928
-6175
-2947
-2174
-2715
-3442
-526
1827
1338
938
1690
4800
5680
6070
6088
7166
7561
8657
9106
7701
7497
8642
8994
5995
4467
6373
7309
4460
760
494
3972
1918
-1568
-3798
-913
1336
-3670
-7019
-6857
-2505
-2150
-6315
-6646
-3795
-3487
-6162
-7870
-2802
-624
-3105
-4698
-2996
1641
-325
-3647
-1915
3243
4973
529
-1646
3171
6058
3866
685
3299
7656
5358
1644
1290
4950
5252
2122
1553
3380
2683
-1060
-2573
-116
1214
-1503
-2529
-2670
-2395
-3079
-4325
-2847
-2768
-1767
-2943
-5078
-5018
-5145
24
2295
1164
-2378
-3606
1875
4273
5479
2467
1040
2886
4431
7185
6845
5209
2783
619
3581
5453
5362
1798
-2490
-71
1992
1884
-4123
-6556
-2028
167
-4436
-10592
-8741
-2447
-2143
-8574
-10849
-7959
-4640
-8313
-10180
-4968
-777
-4041
-10683
-8361
-246
1550
-3857
-5609
-662
5039
2380
-110
1740
5537
6909
4539
6078
7495
8346
8162
8142
8118
7964
9120
8671
5543
4136
6072
7862
4493
-54
256
3171
2450
-2910
-3771
-820
1310
-3271
-8022
-6849
-3410
-2338
-5361
-5860
-3701
-3419
-6498
-7050
-3120
-32
-2315
-3920
-2060
405
-402
-2388
-367
3055
3492
1240
1355
3145
3969
2042
2338
4307
4976
3682
2438
3268
3710
2419
876
1681
3145
1390
-1346
-1180
-300
-796
-3704
-2821
-971
-735
-3111
-4878
-2282
-1567
-2277
-3348
-3117
-2717
-3832
-112
2911
2190
-1211
-3255
2694
5852
7016
2859
378
2820
4803
7924
6869
4689
2319
822
3796
5117
3582
795
-2363
-86
142
-357
-3388
-4870
-2429
-3076
-5995
-9931
-8275
-3173
-2654
-8238
-11176
-8914
-5089
-7533
-9526
-5123
-1007
-2824
-9779
-8325
-554
1632
-2931
-4350
1204
5398
2032
-887
3067
7398
7456
4419
5170
8579
8401
7590
7198
7745
8587
8192
7404
4717
3710
5604
5402
3840
323
-232
1764
-718
-3081
-4042
-356
358
-5286
-7644
-5788
-2345
-3850
-6854
-4236
-1276
-2577
-6927
-7115
-1145
467
-1536
-2696
-262
1936
-696
-1655
400
3008
3239
2139
2737
3248
2113
1599
2286
4439
4609
2742
1869
1789
3103
1989
542
986
1729
1012
-1881
-1720
-351
-1165
-3698
-3357
-504
-872
-3466
-4593
-1280
-128
-2093
-3136
-2366
-1074
-1894
-1318
2053
3392
2614
-427
-100
3660
5927
7439
3836
2418
2314
4646
7452
5831
4705
2718
1832
1689
1758
2785
664
-2869
-2999
-1071
-525
-4848
-6828
-5016
-4713
-7057
-9148
-6870
-4293
-5949
-9096
-9226
-7286
-6653
-8102
-6306
-2939
-2287
-5101
-6906
-3471
214
265
-1217
-16
3586
3764
1704
2966
5827
7444
5086
5019
8039
9350
8441
6349
6311
7053
8068
7895
5436
3045
3109
4461
4112
928
-892
-785
-765
-2811
-3951
-2736
-2372
-3233
-5904
-6172
-5200
-4057
-4113
-4948
-3436
-1743
-2307
-4310
-4842
-1332
1198
-474
-1401
232
3675
2263
-362
301
2528
4446
2846
2443
3785
4154
2411
453
2082
4723
4271
2219
848
1522
2181
454
-629
-732
333
-452
-2179
-2189
-3312
-3561
-3453
-2081
-1806
-3247
-2548
-2148
-2414
-3606
-2556
-245
-495
-1955
-2103
1111
3352
2919
1469
1307
2824
5043
6790
5466
3280
2989
4604
6265
6381
6461
4701
905
-545
1144
4570
2885
-1725
-3391
-1867
-890
-4533
-6608
-4517
-3285
-6143
-9784
-9004
-4619
-4175
-6694
-8864
-8198
-6114
-6950
-6401
-4226
-2035
-2802
-5435
-4622
-1585
-147
-164
373
2530
3424
2283
2876
4848
5861
4817
4864
6717
7935
7489
7278
6476
5953
5841
5731
6468
5060
3962
2383
1373
976
276
-59
-1334
-2222
-2968
-3754
-3778
-3605
-3746
-4624
-5787
-5143
-3906
-2879
-2961
-2342
-2080
-3558
-3941
-1866
1088
255
-1139
789
3190
2185
-1060
-71
4254
4603
1639
427
3980
5257
1741
-115
1728
4872
3898
1738
1074
2282
2461
1138
404
834
998
-84
190
-14
-1488
-3015
-2209
-996
-2018
-3525
-2955
-1881
-806
-2570
-4302
-2943
-1690
-1570
-2806
-1273
-2082
-3519
-1192
917
2171
1185
146
1179
2529
4426
3838
2861
2401
1945
5141
5780
4934
4202
2740
1369
-240
2678
4546
1463
-1440
-2313
-182
61
-2306
-3349
-3349
-2666
-4522
-5790
-3419
-1038
-2001
-6623
-8619
-5142
-2462
-3266
-4087
-2285
-1198
-5045
-6904
-3281
1277
270
-3757
-1834
2045
1448
-1706
-1067
2581
2526
864
2244
4847
5031
2792
2825
3982
3634
3447
3950
3746
2392
2618
4000
3911
2072
1041
1214
803
342
351
1078
1371
565
-1104
-2093
-1419
-539
-230
-1136
-1975
-1412
41
-1210
-2924
-2539
-1192
-862
-2503
-1097
1191
776
-2111
-3324
-454
1396
-261
-333
1474
2833
1539
-635
854
1910
3001
2909
2943
3412
2628
2060
1438
1582
2135
2477
2038
1133
189
812
480
-331
-1816
-2094
-294
-1137
-2070
-2783
-2534
-3267
-5210
-4358
-3120
-2777
-3568
-4702
-3809
-4149
-5000
-3356
-1301
-819
-2978
-3199
-801
-176
-1522
-1598
1237
3567
2655
1904
3485
4419
3559
2878
4644
6490
5743
4662
4894
5654
5002
3591
3308
3256
2894
1740
984
277
-249
-337
-829
-1644
-2673
-2232
-2482
-4303
-5924
-5474
-3221
-2842
-4275
-4803
-4734
-5082
-5490
-4695
-2341
-1262
-1607
-2033
-2384
-2007
-789
514
789
645
796
1832
2546
2055
1991
2358
2946
2561
2127
3347
4162
3973
2616
1432
1789
1727
2068
2352
1895
1339
399
-155
-507
-534
-354
-469
-1108
-1364
-932
-531
-606
-1448
-1929
-1254
-548
-444
-520
-351
56
365
621
99
-350
420
1300
971
661
1221
1873
1486
178
57
699
1011
243
221
514
719
327
-1003
-1451
-1655
-118
103
-885
-1897
-1624
-456
-2021
-2688
-2501
-969
-346
-1698
-1799
-1367
-833
-1618
-1525
61
341
57
-460
16
1072
304
-369
284
1917
2158
1042
823
1523
2415
1885
1289
1833
2167
1453
1196
1515
1902
1578
924
1611
1559
1075
243
544
1536
474
-529
-1067
-569
70
-104
-174
-438
-1721
-2626
-2589
-1842
-1245
-1779
-2012
-2261
-2026
-2010
-2032
-1764
-1707
-1961
-1565
-863
-397
-160
-583
-80
-1
-360
-719
530
1279
958
248
-130
1414
1047
742
419
777
1196
-75
305
1094
1182
654
-1215
-1084
-155
432
867
-168
440
-53
-393
-653
-891
-159
-252
132
148
224
490
636
520
-217
-1299
-110
1486
2105
826
160
809
710
867
270
488
1269
873
545
1301
515
606
103
301
-566
-363
1728
7
631
-727
-70
321
-1616
-623
-1742
460
-823
-2119
857
-474
769
-1363
-886
466
-1214
1047
-926
888
2685
425
8
-206
839
737
-504
1719
1254
1796
1868
-1498
1679
-222
-1484
-365
-856
1168
-2022
-201
435
-2506
168
-2927
-34
-5
-3306
590
-2127
645
-1060
-1505
1467
-1545
1715
-624
-1305
34
-842
2907
1109
280
1074
-1033
-554
-1649
504
2495
232
566
-473
310
697
-2062
-1307
-1374
121
1207
-479
-13
-743
146
-492
-2043
-542
568
1140
-514
-910
1067
1366
350
-697
-24
872
-438
-639
452
2076
2135
240
-313
-609
-865
-131
792
1186
335
-619
-378
-1434
-1315
-1439
-1339
-483
-1316
-1001
-922
-681
-1710
-2164
-1207
-507
-646
-264
-111
-239
-40
-378
931
592
1674
1343
951
1600
1972
3013
1700
795
1046
1927
1908
1587
2113
2778
1157
1220
854
1434
918
-92
387
-507
1684
262
721
490
311
680
-439
705
-316
-590
-1305
-104
1018
503
-808
699
446
-1308
-922
-452
329
-1552
-1357
-2068
-2036
-2274
-2602
-1319
-1510
-3198
-3185
-2446
-2612
-3058
-2431
150
-988
-855
-1265
-287
-689
-2777
-440
2046
2898
2137
2726
3983
4371
3442
3761
2565
1270
735
1878
4420
3143
2266
1769
997
1243
-160
-1628
-4001
-4838
-2201
-1191
-260
-1616
-2277
-2217
-3324
-4359
-5062
-2735
-820
-453
-1020
-700
-653
-1240
-501
901
1492
993
188
900
2313
2978
2870
1271
1302
1723
1358
793
578
1998
2487
1054
-269
-861
-1367
-2475
-2776
-1230
-728
-1735
-3049
-3270
-2302
-2298
-2556
-2060
-1336
-1455
-2008
-917
23
540
980
1205
1904
1712
1913
2654
2862
2808
2632
3217
3200
2001
2296
3126
3095
1292
71
1190
2157
1384
-207
306
1379
1278
-159
-516
472
838
218
-437
121
726
1394
1486
826
593
845
1411
747
-277
-348
-203
450
84
403
510
-425
-1787
-3739
-4096
-4772
-4357
-4242
-4508
-3991
-4141
-3166
-3509
-3642
-3786
-3242
-2272
-2500
-2829
-3407
-1948
432
3674
4220
3692
3307
5137
7176
6073
4067
2050
3134
3924
4719
5119
4866
4019
3084
1942
1963
-65
-3343
-5559
-5246
-2831
-4203
-4415
-3699
-858
-961
-5102
-8076
-7625
-4274
-2888
-3260
-2874
-1514
-724
-229
-734
1131
2152
1952
1185
288
1793
2682
3493
3770
3613
3737
3012
2642
3469
3278
2507
1009
134
17
-663
-252
514
681
-668
-2127
-2703
-3046
-2657
-2588
-1672
-1545
-2768
-2679
-2053
-54
85
-416
919
957
872
-146
21
2682
3326
3157
2126
1863
3062
2587
2626
2323
1628
1157
83
563
1237
1437
1907
1028
693
-142
-500
395
273
456
-403
-534
365
530
1359
1929
2121
1844
202
-11
367
379
94
-659
208
696
174
-336
-686
-768
-2201
-4307
-4932
-5057
-4676
-5601
-6454
-6312
-5975
-4758
-4382
-3512
-3125
-2885
-2189
-1914
-2045
-2128
-1810
7
1964
3627
4961
5537
6582
7837
9895
10057
8012
5304
4434
4269
4206
4137
4011
3924
2553
1323
612
-116
-2097
-4344
-6135
-6633
-8292
-8937
-7480
-5560
-4754
-7135
-7446
-5335
-3215
-3168
-5112
-5313
-3665
-2854
-2237
-1515
906
3739
3360
2867
3251
5448
6870
5479
4550
4152
4142
3905
3757
5718
7101
6140
3869
1556
2161
2791
1716
345
-1129
-1751
-2941
-3787
-3047
-2072
-1375
-1910
-3090
-3333
-3372
-2809
-2134
-2123
-2060
-2029
-1580
-564
629
1726
2334
2074
1804
1718
2363
3070
2521
2054
1655
1196
886
875
1876
2000
1106
725
833
1041
659
217
-9
-357
-1174
-1477
-1105
-165
103
-155
180
676
1038
513
-82
-593
-1295
-1996
-1826
-1275
-974
-1314
-1508
-1276
-829
-979
-1140
-1155
-2127
-2988
-4034
-4095
-4489
-4874
-4735
-4047
-3467
-3433
-2763
-1199
170
406
1089
2068
2762
1942
939
1466
3386
5020
5796
6343
8078
9479
10051
9254
7743
6644
4692
3164
1276
560
67
-1109
-2501
-3370
-2817
-2474
-4222
-6381
-7879
-8107
-8879
-10545
-9525
-8222
-7364
-8755
-9353
-6025
-2387
-650
-1216
-1207
833
1296
715
1251
3359
6091
5286
4277
5198
7523
9458
8790
7636
7447
6545
5065
4036
3644
3787
1513
100
-259
-488
-384
-1334
-958
-1522
-4046
-5561
-5357
-3944
-4087
-6133
-5742
-3833
-2488
-2498
-2869
-408
1331
828
320
1195
3729
3930
2198
1592
2603
3683
3364
3061
4093
4799
3822
2342
1345
1496
1262
195
-910
-1681
-1839
-1661
-1432
-1450
-1468
-1465
-1328
-1666
-2311
-2413
-2419
-2624
-3395
-3391
-1725
-570
-604
-670
84
1370
1208
80
72
406
437
-475
-883
286
919
749
744
863
1349
1008
101
-321
-1447
-2477
-3509
-3668
-3462
-4051
-3996
-3507
-2670
-1869
-991
259
1086
1872
2157
2380
1836
1359
2251
3518
4314
3753
4512
6033
7389
7394
6534
6080
5142
3674
1960
905
-243
-1887
-3475
-3737
-3443
-3371
-4263
-4912
-5316
-5567
-5630
-6068
-5672
-5488
-5740
-6636
-7024
-5186
-2607
-1268
-666
-420
1253
2214
2163
3268
4201
5159
3869
2332
3045
4457
4986
4325
3762
4756
4653
2755
2614
2714
2789
115
-2446
-1742
-1474
-1364
-2814
-2730
-1654
-2007
-2647
-2793
-1755
-1455
-2381
-2478
-1106
-492
-99
42
981
1521
1275
1844
2759
3646
3484
3065
2882
2918
2331
1975
1947
1827
1045
105
96
216
-337
-1435
-2022
-2102
-2141
-2691
-2563
-2470
-2608
-2672
-2550
-1918
-1737
-1344
-873
-642
-552
-608
-171
820
1059
964
1220
1617
1929
1702
1914
2468
2294
1935
1250
1261
1323
323
-662
-1151
-786
-1124
-1542
-1805
-1666
-1933
-2818
-3656
-4457
-4270
-4894
-5388
-5984
-5596
-4617
-3517
-1839
-700
1036
2265
3103
2842
2897
3056
3678
3888
4108
4957
5525
6805
6779
7802
8239
7951
6985
5617
4730
3568
2017
620
-733
-2249
-3029
-4191
-3960
-5090
-6058
-5993
-5870
-5771
-7029
-7111
-6234
-6401
-7152
-6980
-5132
-2871
-3166
-2947
-1603
29
786
907
2566
3938
4024
3324
3557
4416
4875
4408
4132
3916
3296
2762
2331
2468
2006
1219
543
-52
-189
-623
-437
-281
-597
-894
-1552
-1281
-803
-680
-1094
-1576
-931
-285
-213
52
683
1619
1701
902
817
1376
1913
1110
204
340
748
879
281
237
573
664
74
-555
-586
-994
-1466
-1822
-1609
-1135
-1062
-974
-805
-688
-248
221
607
641
197
654
754
918
1174
1264
1633
972
871
1135
1416
1365
739
463
254
-247
-659
-849
-1276
-1721
-2403
-2520
-2561
-2624
-2558
-2626
-2823
-3212
-2966
-2563
-2392
-2593
-2719
-2884
-3124
-3327
-3123
-2859
-2089
-1237
-750
327
1290
2836
3391
3948
4823
5255
5052
4648
5146
5769
5848
5120
5623
6203
6798
6265
5476
4861
3388
2392
1576
917
-812
-2821
-4041
-4432
-5165
-5919
-6579
-6755
-7020
-7364
-6908
-6548
-5952
-5477
-4780
-4718
-4653
-3654
-2152
-1417
-1182
-575
416
1658
1883
2694
3678
4171
4022
3411
4119
4523
4222
3763
3395
3481
2658
1407
1271
1512
955
27
-165
724
711
-22
-235
-148
-232
-1094
-1421
-1155
-1350
-2065
-2186
-1441
-1009
-815
-179
494
705
455
1096
1849
1770
1593
1483
1901
1353
819
1068
1478
1247
520
701
1085
838
322
328
408
298
-167
-411
-674
-847
-866
-1034
-841
-710
-288
-139
-232
23
192
222
-188
-457
-450
-865
-1297
-1283
-858
-884
-1558
-2020
-2030
-1912
-2112
-2261
-1945
-1509
-1403
-1466
-1212
-976
-958
-959
-831
-500
-306
-436
-495
-274
-110
-269
-680
-681
-809
-865
-866
-1111
-1233
-1461
-887
-318
60
98
596
1745
2499
2832
2929
3625
3915
4268
4492
4692
4366
4008
4126
4269
4427
4010
3745
2949
2311
1940
1783
942
-648
-2017
-2425
-2797
-3777
-4628
-5298
-5236
-5531
-5384
-5139
-4705
-4279
-4459
-4615
-4280
-3539
-2636
-2087
-2092
-1660
-1357
-424
44
503
1374
1872
2394
2219
2457
3450
3911
3442
2810
2930
3609
3056
2429
2490
2828
2677
1444
1418
1918
1741
1005
580
948
549
-290
-342
-261
-709
-1281
-1004
-320
-622
-1006
-516
294
322
-244
64
734
706
126
34
583
556
76
-202
62
477
269
-2
-74
-24
-170
-578
-697
-715
-1003
-1402
-1584
-1590
-1496
-1658
-1447
-1163
-1127
-1117
-1095
-862
-1112
-1377
-1365
-1058
-1186
-1342
-1201
-837
-562
-789
-625
-205
189
27
7
149
480
454
613
933
997
1321
969
754
502
399
428
119
-325
-543
-748
-645
-865
-1240
-1243
-1452
-1427
-1993
-2141
-1963
-1587
-1396
-1383
-752
-13
467
728
1637
2769
3388
3332
3599
4409
5297
5310
4924
4889
4834
5034
4778
4306
3674
2865
2409
1727
921
108
-743
-1506
-2631
-3660
-4077
-4717
-5758
-6769
-6934
-6677
-7157
-7373
-6803
-5795
-5282
-4991
-4019
-2675
-1585
-983
-322
664
1387
1870
2760
3587
4120
4275
4646
5120
5251
5255
5060
4960
4817
4371
3777
3417
3164
2868
2162
1403
931
543
-32
-966
-1351
-1460
-1794
-2204
-2266
-2115
-2220
-2389
-2239
-1909
-1659
-1619
-1510
-1122
-999
-728
-536
-153
135
175
445
547
619
660
632
616
398
144
-1
-310
-486
-829
-914
-948
-1206
-1542
-1782
-1455
-1260
-1642
-2068
-1950
-1351
-1207
-1705
-1691
-1282
-789
-860
-855
-351
44
311
310
462
777
971
980
993
916
1059
1265
1482
1442
1311
1425
1594
1636
1216
970
861
755
282
-209
-307
-336
-609
-902
-834
-651
-681
-993
-985
-1045
-1320
-1691
-1503
-1063
-1187
-1619
-1275
-135
519
637
853
1850
2580
2697
2669
3122
3508
3394
3073
3170
3676
3578
3403
3368
3331
2979
2377
1843
1490
814
72
-813
-1685
-2148
-2594
-3016
-3782
-4481
-4540
-4636
-5025
-5271
-5205
-4747
-4644
-4421
-3790
-3008
-2181
-1778
-1353
-701
5
549
865
1082
1410
1835
2275
2422
2521
2938
3364
3552
3499
3510
3597
3534
3296
2960
2617
2203
1795
1428
1059
740
369
138
-107
-358
-510
-742
-1002
-1311
-1704
-1943
-2017
-2150
-2273
-2433
-2156
-1913
-1852
-1665
-1418
-1028
-970
-977
-798
-503
-455
-549
-581
-375
-223
-312
-270
-229
-164
-143
-239
-342
-342
-399
-270
-281
-289
-124
-28
247
288
203
359
446
456
512
636
891
781
571
649
994
1267
1096
838
939
1070
781
508
493
653
543
269
249
351
384
262
113
109
-18
-170
-176
-308
-551
-695
-608
-549
-540
-554
-332
-222
-251
-350
-284
-185
-564
-804
-824
-661
-733
-522
-12
468
719
1098
1835
2294
2403
2358
2624
2625
2420
2146
2173
2149
1814
1434
1278
1348
1134
722
21
-373
-661
-1214
-2170
-2792
-2926
-3285
-3961
-4448
-4444
-4364
-4415
-4581
-4337
-3865
-3347
-3014
-2698
-2186
-1540
-1031
-580
-21
783
1489
1714
2098
2698
3220
3334
3444
3801
4084
3904
3769
3920
4051
3721
3357
3361
3194
2548
1913
1728
1224
377
-396
-550
-905
-1743
-2354
-2290
-2292
-2825
-3124
-2903
-2573
-2957
-3150
-2758
-2261
-2284
-2359
-1839
-1277
-1129
-995
-334
247
439
446
692
1009
922
872
1085
1063
832
631
758
682
271
144
188
228
-101
-390
-492
-517
-680
-885
-939
-851
-606
-449
-283
-110
318
597
602
671
1014
1154
962
963
1193
1205
923
1081
1562
1699
1311
1313
1654
1647
1078
669
714
651
210
-196
-179
-292
-451
-601
-533
-600
-734
-757
-671
-695
-832
-839
-753
-681
-976
-871
-757
-711
-976
-936
-518
-434
-499
-585
-247
-83
40
81
435
568
414
391
545
745
752
692
539
551
519
586
375
253
237
359
118
-355
-536
-486
-564
-1035
-1256
-1324
-1246
-1507
-1636
-1519
-1166
-1089
-1277
-1284
-1020
-735
-792
-631
-323
53
97
241
650
1152
1474
1736
1923
2054
2143
2240
2372
2182
2147
2104
2061
1797
1588
1513
1431
1209
1006
858
540
226
-128
-321
-766
-1203
-1571
-1768
-1979
-2226
-2257
-2241
-2245
-2270
-2136
-2005
-1856
-1798
-1583
-1407
-1276
-1136
-953
-820
-665
-346
-94
69
57
310
516
600
541
597
812
750
588
600
759
763
610
509
682
684
623
514
560
697
758
840
813
943
1040
1137
1072
1027
1155
1233
1079
823
698
656
552
351
192
39
-38
-228
-430
-578
-576
-539
-692
-762
-663
-550
-540
-550
-414
-127
-31
-39
-41
12
54
19
-90
-262
-297
-318
-465
-730
-736
-563
-559
-720
-829
-780
-807
-896
-980
-984
-1030
-1021
-856
-757
-725
-621
-374
-112
-39
101
495
870
1062
1002
1226
1612
1681
1548
1477
1606
1495
1152
959
1034
1053
740
449
490
467
222
-124
-301
-420
-827
-1136
-1252
-1346
-1612
-1767
-1578
-1360
-1356
-1296
-1021
-701
-548
-466
-138
254
506
545
784
1059
1175
1186
1184
1264
1200
1169
1098
1003
931
966
937
647
398
406
340
-97
-543
-656
-822
-1260
-1495
-1441
-1438
-1792
-1909
-1610
-1369
-1442
-1454
-1089
-878
-894
-806
-458
-199
-238
-197
168
428
376
304
529
729
643
661
914
1175
1139
1097
1270
1395
1302
1135
1083
1025
765
547
500
451
339
276
301
269
230
191
196
73
1
41
-5
-110
-256
-190
-161
-320
-417
-342
-198
-161
-168
-21
69
6
57
232
341
210
175
270
263
164
72
3
-115
-275
-414
-456
-572
-725
-775
-746
-754
-761
-746
-755
-816
-895
-820
-719
-725
-740
-614
-458
-407
-411
-275
-153
-222
-250
-72
110
123
159
324
597
731
807
869
952
1078
1083
977
854
867
865
670
439
412
434
291
-27
-108
35
68
-277
-666
-551
-372
-514
-867
-782
-477
-567
-821
-670
-204
-132
-342
-170
217
263
93
126
459
534
363
317
455
487
304
278
435
455
269
247
322
212
-59
-151
-102
-189
-481
-679
-636
-666
-740
-796
-726
-561
-497
-572
-626
-510
-423
-508
-531
-436
-278
-246
-341
-234
67
297
237
237
483
746
808
783
831
964
1097
1067
1060
1070
1051
1088
1094
909
797
861
832
508
217
393
541
275
-133
-135
82
-69
-467
-562
-282
-223
-523
-727
-497
-195
-248
-405
-260
-51
-132
-335
-367
-312
-307
-377
-497
-408
-266
-243
-351
-309
-106
-90
-156
-202
-152
-214
-297
-263
-271
-315
-298
-128
-168
-386
-379
-139
-76
-306
-349
-214
-284
-624
-742
-572
-569
-826
-954
-624
-432
-537
-504
-135
149
3
-58
209
540
496
416
625
753
697
745
914
913
749
682
760
570
298
258
320
202
-45
-45
59
-35
-211
-153
41
29
-182
-180
36
2
-221
-166
100
177
31
51
313
492
443
384
600
767
695
522
521
677
596
424
270
220
165
-22
-170
-300
-329
-366
-426
-497
-589
-509
-430
-516
-627
-553
-403
-468
-655
-680
-607
-582
-610
-496
-244
-74
13
66
209
474
726
759
702
634
594
558
423
262
173
255
238
138
143
266
353
229
145
225
227
25
-159
-159
-205
-392
-487
-408
-355
-417
-432
-341
-235
-239
-252
-183
-65
-78
-131
-36
-3
-20
-51
-7
44
6
-55
-46
-1
-23
-100
-104
-55
-101
-145
-167
-148
-182
-234
-247
-256
-299
-340
-302
-254
-367
-499
-405
-316
-307
-344
-262
-165
-186
-257
-212
-52
12
-48
-53
66
120
143
169
340
464
535
630
758
809
814
859
935
984
856
780
666
574
401
293
224
99
-49
-199
-283
-377
-409
-441
-374
-427
-469
-435
-313
-290
-382
-426
-310
-176
-150
-98
-66
46
66
186
304
472
500
473
522
572
602
516
486
376
287
37
-138
-175
-199
-382
-528
-518
-531
-559
-607
-500
-419
-348
-337
-213
-35
18
10
111
224
215
180
172
259
327
312
260
316
342
369
354
354
340
308
294
210
124
42
43
2
-71
-159
-187
-201
-218
-253
-269
-262
-253
-227
-277
-309
-370
-427
-477
-482
-518
-531
-502
-480
-447
-389
-328
-264
-133
-78
-44
-53
-44
-16
-14
-23
3
-16
-75
-92
-76
-7
10
1
8
72
22
-47
-47
-18
-18
-91
-114
-113
-76
-9
25
85
156
196
274
292
286
248
294
315
268
255
235
264
231
218
232
282
310
278
280
343
334
235
242
316
312
246
231
270
301
272
270
303
318
292
259
289
268
180
126
108
28
-133
-246
-265
-237
-351
-455
-375
-297
-301
-372
-326
-216
-203
-198
-185
-181
-186
-225
-212
-180
-158
-128
-123
-37
11
43
179
294
304
270
253
263
223
139
75
-4
-89
-208
-264
-237
-243
-299
-304
-265
-291
-306
-300
-300
-287
-299
-370
-397
-338
-279
-301
-269
-184
-117
11
104
190
263
259
254
309
344
333
346
345
292
240
227
227
151
102
47
-39
-118
-195
-220
-288
-323
-411
-432
-379
-351
-312
-257
-181
-149
-111
-71
-3
60
108
96
156
240
276
329
421
497
502
492
497
510
461
427
347
277
179
104
6
-105
-149
-203
-240
-285
-297
-304
-235
-247
-253
-227
-218
-154
-103
-124
-170
-137
-89
-106
-116
-23
15
30
63
106
174
302
366
376
400
376
382
359
327
282
260
202
135
118
128
76
31
85
90
55
16
6
-37
-86
-155
-225
-250
-275
-348
-357
-357
-403
-417
-391
-322
-352
-351
-277
-218
-183
-109
-44
13
85
121
128
136
173
179
196
162
120
154
202
162
136
199
252
208
163
189
209
172
59
-27
-83
-146
-259
-313
-355
-372
-360
-357
-302
-268
-236
-243
-222
-172
-120
-107
-94
-53
-27
27
60
48
63
152
195
195
225
294
319
317
268
232
262
266
211
81
60
25
-96
-205
-263
-266
-285
-297
-314
-265
-257
-266
-223
-143
-48
-19
12
32
37
92
144
110
151
221
199
173
198
231
200
206
207
219
175
103
81
90
78
-13
-52
-73
-57
-103
-133
-101
-78
-66
-113
-110
-73
-51
-12
10
29
120
116
108
97
89
117
79
44
59
97
64
63
73
140
161
162
199
164
159
142
140
111
96
68
16
-6
-62
-86
-88
-120
-164
-168
-135
-134
-175
-174
-123
-131
-172
-168
-158
-184
-199
-254
-264
-217
-263
-281
-281
-256
-176
-135
-111
-16
83
110
147
193
224
237
220
206
193
183
182
164
147
123
106
82
83
70
73
48
-16
30
-44
-146
-198
-269
-307
-326
-344
-368
-341
-342
-309
-250
-206
-176
-100
-47
1
59
51
94
119
155
153
155
176
186
204
222
234
226
279
306
296
290
268
212
197
153
127
84
13
4
-16
-51
-88
-74
-90
-66
-79
-101
-79
-93
-85
-105
-90
-48
-61
-57
-15
9
0
-3
25
22
10
-1
32
0
-36
-2
-29
-12
-10
-17
-1
13
22
41
98
64
51
92
89
85
52
22
49
65
49
48
59
118
95
34
65
103
132
116
62
47
47
-32
-95
-120
-120
-115
-159
-167
-134
-142
-124
-103
-107
-53
-50
-78
-72
-50
-38
-80
-104
-103
-114
-111
-126
-114
-63
-70
-41
-12
-7
-17
-19
7
-26
-3
-31
-19
0
-47
-12
12
18
-22
-8
42
35
44
66
109
145
112
126
170
133
114
108
95
81
22
-21
-30
-29
-47
-105
-85
-50
-60
-57
-80
-76
-117
-158
-149
-174
-165
-165
-164
-123
-104
-82
-36
20
44
52
75
98
134
137
152
155
145
128
92
110
79
74
83
114
109
75
107
83
111
88
68
83
72
47
28
44
18
-3
-34
-21
-23
-36
-25
9
51
48
11
-9
29
29
-19
-9
22
-19
-16
-9
-35
-37
-22
-5
-17
-3
6
31
43
14
3
39
58
46
21
52
85
60
65
38
52
27
-11
-28
-57
-37
-74
-62
-24
-20
-38
-88
-90
-78
-78
-78
-112
-120
-86
-113
-141
-139
-106
-76
-75
-26
-16
-18
-5
-27
-14
-39
-49
-28
-29
-51
-92
-72
-66
-87
-97
-95
-93
-104
-111
-97
-87
-102
-89
-65
-29
-35
-27
-3
29
66
31
46
62
86
69
76
116
129
164
160
174
145
129
112
101
85
86
78
41
63
16
8
23
23
-10
-34
-14
-12
-51
-85
-38
-32
-31
-37
-18
-13
-21
-20
-17
34
37
38
54
77
109
107
105
132
112
88
87
76
60
23
29
42
29
29
16
12
46
45
4
21
57
41
35
62
83
64
81
92
67
35
22
70
88
69
72
88
76
51
0
-5
-17
-57
-73
-87
-104
-146
-160
-152
-135
-133
-131
-130
-126
-139
-129
-136
-162
-127
-128
-130
-142
-132
-140
-121
-109
-95
-57
-66
-64
-48
-21
-20
14
22
16
-5
-15
8
12
23
7
5
-8
-37
-28
-18
-22
-6
15
18
3
-3
-35
-67
-57
-78
-99
-72
-70
-61
-37
-44
-51
-60
-22
10
22
42
45
32
55
63
51
56
50
61
64
81
97
117
95
59
81
66
74
105
121
158
152
154
124
107
92
61
81
56
63
82
86
69
50
75
75
77
85
97
81
70
50
13
45
79
77
24
54
94
95
85
51
113
81
46
25
-10
-2
-6
-8
-46
-63
-63
-66
-108
-93
-92
-84
-62
-101
-104
-106
-95
-83
-118
-104
-50
-67
-70
-73
-81
-64
-76
-57
-21
9
35
26
16
12
-19
-44
-51
-46
-60
-63
-49
-109
-135
-129
-146
-139
-134
-152
-168
-138
-146
-140
-126
-147
-119
-118
-111
-76
-65
-62
-40
-11
-33
-18
9
30
38
58
86
67
59
26
22
46
47
21
13
-6
-10
-6
-9
-1
7
63
37
44
60
63
77
27
71
100
84
100
92
104
95
100
125
144
162
127
122
131
121
108
130
141
110
96
99
103
109
101
92
94
113
88
58
64
55
94
67
79
65
32
47
13
22
3
6
-3
1
-3
-20
5
17
-6
0
16
7
-9
-34
-35
-100
-115
-125
-112
-110
-127
-102
-133
-127
-126
-111
-133
-155
-136
-133
-117
-96
-74
-80
-96
-91
-66
-37
-31
-59
-35
-44
-48
-15
-37
-52
-11
-15
-39
-13
-7
0
-22
-33
-43
-44
-29
-55
-51
-31
-24
-3
-33
-28
-17
-34
-32
-48
-17
-23
-17
3
-9
-25
-13
3
-25
-37
-24
13
13
19
38
32
37
38
67
92
73
51
39
24
14
32
28
33
56
31
44
73
70
69
78
70
42
39
62
70
53
75
71
85
92
35
45
44
66
64
42
65
85
78
57
67
81
78
67
53
15
41
25
23
38
21
27
12
20
-16
-12
-19
-41
-32
-18
-23
-53
-62
-44
-16
-15
-14
-36
-4
-19
-15
17
-12
-13
-11
-12
0
-23
-28
-1
-21
-16
-46
-21
-12
-54
-57
-54
-63
-76
-67
-76
-75
-74
-75
-97
-70
-79
-97
-96
-123
-95
-82
-76
-74
-69
-72
-56
-22
-29
0
38
32
18
29
41
31
19
9
67
94
66
49
56
39
15
35
9
14
0
25
23
6
19
-6
23
10
-13
-29
-20
-13
-12
-31
-20
3
-12
-4
-25
-16
-20
-22
-18
-15
-6
-3
2
-22
-35
-8
-1
-7
20
32
42
52
28
22
57
61
67
39
45
41
44
69
58
65
70
67
38
53
50
59
39
37
57
38
45
29
43
21
22
23
3
-13
9
7
-38
-40
-58
-41
-60
-41
-5
-8
3
-4
10
-3
7
17
-8
-18
-8
28
7
12
19
-9
13
-3
23
47
22
26
30
2
6
23
22
19
-18
-19
-41
-34
-40
-64
-37
-25
-41
-55
-54
-75
-73
-90
-114
-104
-88
-82
-76
-66
-63
-80
-73
-45
-56
-37
-43
-33
-10
-34
-3
4
18
35
24
51
44
50
61
18
-5
14
2
-12
-2
18
34
25
34
41
30
41
59
54
48
38
29
4
5
-4
-14
-12
6
18
-7
1
-3
-6
-8
-1
0
13
-12
-25
5
-5
-1
-9
23
35
21
27
23
18
13
25
30
35
39
23
28
45
28
20
34
28
26
15
-11
-24
-15
-10
-11
-1
5
-7
-14
-23
-25
-22
-27
-25
-13
-17
-35
-25
-40
-38
-20
-16
3
6
13
28
3
-11
44
50
29
27
13
-7
0
8
1
7
10
37
30
34
29
41
66
59
64
43
15
22
28
-4
-8
-17
-28
-10
-7
-14
-10
-9
-29
-19
-22
-54
-71
-41
-11
-22
-22
-52
-69
-57
-63
-84
-81
-57
-71
-42
-30
-42
-45
-13
-4
-30
5
-7
-8
-7
-13
14
22
26
19
10
27
23
41
47
32
16
12
54
43
44
39
32
32
12
-10
-28
-18
-11
-10
-17
2
16
-1
3
9
-21
-15
-3
-11
-2
7
-12
-60
-42
-20
-45
-42
-41
-31
-7
-7
22
28
31
38
31
46
34
41
8
40
49
17
36
2
16
10
6
5
-9
13
13
6
19
29
23
18
6
9
25
7
-2
8
-4
0
0
-9
-3
7
13
9
13
-2
5
-9
-26
6
3
-2
1
12
17
15
11
-12
7
16
7
10
13
15
20
-3
2
27
16
0
-14
6
2
11
-2
-23
3
-26
-26
-3
-38
-13
-4
-36
-13
-18
-21
-15
-18
-30
-28
-25
-34
-42
-49
-45
-28
-12
22
41
3
-19
-37
-14
-2
-11
-7
-3
-12
-24
-35
-40
-20
-44
-1
13
4
23
14
39
14
0
6
-3
14
0
-4
15
7
25
41
22
-12
-1
10
-10
-6
-19
12
6
-16
-19
-23
-14
-6
-9
-32
-11
-8
-22
-31
1
3
-6
4
-14
-18
-13
-10
-6
7
10
19
22
29
11
13
19
35
62
46
27
37
45
25
47
45
34
38
28
29
37
26
7
4
-6
10
17
11
20
17
6
34
13
0
-1
7
28
-4
-7
-6
1
-7
-4
-6
-16
-9
-41
-38
-7
-32
-26
11
-5
-8
-24
-44
-10
12
6
-7
12
-2
-26
9
-13
-11
3
-13
-19
-17
13
-1
-7
3
16
32
26
7
-17
4
0
-9
-7
-25
-10
-9
7
18
17
2
-6
-24
-22
-10
-13
-13
-34
-37
-19
8
-18
-27
-37
-49
-54
-47
-32
-47
-48
-33
-37
-31
7
2
15
39
31
-3
-23
-16
-17
-10
3
-13
-22
5
-23
-24
4
3
-7
13
10
-16
0
3
4
-2
4
2
-10
-12
-6
-4
-10
-3
14
0
13
23
8
34
20
8
10
35
29
29
50
44
57
60
80
57
56
77
81
62
27
42
66
73
63
57
67
72
75
81
76
48
37
12
-13
4
3
10
5
8
12
-7
-5
-30
-44
-31
-47
-27
-25
-54
-55
-43
-29
-47
-34
-28
-21
-30
-57
-60
-52
-57
-84
-48
-44
-38
-34
-43
-46
-30
-35
-41
-5
-32
-28
-3
4
-41
-33
-5
-41
-35
-37
-23
-7
-14
-30
-25
-16
-28
-24
-4
6
-29
-20
4
-11
13
18
25
33
20
18
10
7
3
6
-5
-10
-18
-11
-25
-17
-10
-10
17
11
16
-7
5
5
23
38
-10
-8
-3
7
44
55
40
25
14
12
-14
-12
-12
-3
29
19
-1
20
40
23
30
44
63
66
55
64
66
60
50
21
-7
-6
-12
3
17
18
61
28
10
6
-21
-19
-55
-18
-3
-1
26
16
47
41
7
2
20
37
48
36
9
14
23
16
3
12
23
19
10
5
12
5
-34
-23
-9
-24
20
15
-6
2
4
-25
-60
-47
-64
-50
-7
0
-9
-35
-50
-61
-60
-57
-64
-16
-11
-26
4
-19
-41
-62
-94
-82
-66
-48
-38
-8
-2
-19
-19
-45
-50
-54
-18
-28
-10
0
-31
-16
-31
2
-50
-66
-32
-45
-13
-1
5
0
-6
-20
-31
-34
-32
-1
9
15
64
67
40
29
33
16
-12
29
48
32
12
28
27
21
32
0
47
63
32
41
49
40
40
70
60
67
82
95
104
97
90
62
34
-4
19
49
59
76
56
69
30
-15
-25
-44
-33
-17
10
26
48
79
39
-1
-25
-38
-41
-41
-1
26
57
57
1
-15
-37
-75
-93
-98
-53
2
37
39
30
20
-45
-67
-99
-89
-47
-23
25
39
61
23
0
-10
-36
-48
-56
-46
-47
-30
-1
-3
-34
-61
-60
-68
-69
-63
-83
-58
-69
-37
-12
-45
-10
-41
-56
-40
-22
6
-2
-11
-16
-6
4
-9
-26
-38
-21
11
22
26
22
29
32
2
-12
-13
-36
-29
-20
1
25
0
-5
-16
-26
-34
-63
-44
-10
27
21
38
71
44
18
-19
3
16
36
52
55
79
98
100
64
53
31
34
25
36
63
80
93
59
35
14
13
48
60
58
71
76
79
38
36
63
57
34
26
29
41
34
8
25
26
9
-19
-32
-32
-32
-37
-26
-36
-43
-18
-35
-35
-51
-76
-75
-47
-57
-47
-44
-34
-23
-57
-26
-19
-25
-48
-29
-16
-3
4
-19
-13
-35
-41
-47
-17
-7
-8
2
5
-12
-33
-39
-39
-33
-66
-70
-44
-33
-30
-13
9
-3
-6
3
3
12
-4
-12
-8
1
-20
-12
13
-2
-19
-19
-13
-18
16
12
32
25
10
34
-4
-10
8
9
4
5
2
28
40
44
37
-1
0
10
20
44
76
53
39
22
3
25
-9
-9
-5
-10
-14
-16
22
-2
23
15
1
18
3
26
4
1
5
2
-6
-13
2
-22
-21
7
2
6
18
37
24
4
13
9
20
28
47
25
16
39
28
1
-2
12
0
6
-3
2
1
4
16
16
-1
3
22
-2
-6
7
31
13
-2
24
32
12
10
-18
-10
-6
-25
-15
-8
-1
-27
-3
-40
-42
-41
-30
-26
-53
-26
-44
-21
-33
-24
-34
-64
-55
-38
-38
-29
8
4
-8
-13
6
-12
-4
9
-11
-6
5
-8
-25
-13
-6
-15
-22
-44
-12
8
-18
3
-11
10
-14
-26
10
-2
-10
-19
3
6
-6
6
6
-3
9
1
13
-13
11
28
-6
14
28
46
20
23
5
-1
14
23
46
64
76
40
33
29
38
17
22
9
16
56
37
53
29
41
32
19
25
3
48
28
25
10
-31
-6
-30
-44
-30
-38
-28
-21
-37
-37
-15
-12
-28
-38
-60
-57
-37
-5
-13
-40
-9
-19
7
-6
-23
6
17
22
4
44
38
20
11
22
23
-17
8
5
10
5
6
8
9
2
-12
3
-19
-8
-19
-36
-24
-9
-23
10
29
-12
9
2
-24
-40
-7
7
-7
-7
-22
-25
-31
-25
-6
0
11
13
-4
4
3
31
18
-19
-10
-10
-7
-19
-4
-6
-10
-4
12
19
12
23
7
16
16
15
13
15
7
-15
-10
-22
-3
-9
-3
35
5
15
23
7
6
-12
-13
-5
5
18
3
10
17
10
44
16
10
12
7
6
-27
0
-1
5
15
-19
-9
-10
-25
-7
-13
7
4
-6
-13
-32
-9
-12
-3
-13
-28
-22
2
9
10
5
19
12
-22
-5
5
16
3
12
30
20
9
-7
-7
-13
-3
1
-13
-2
-3
0
4
3
10
6
-9
-21
-11
-28
-22
-13
-10
-7
-38
-44
-30
-10
-19
-13
7
19
40
10
-3
4
-5
35
17
0
28
12
8
20
16
-16
-4
12
1
16
10
6
34
54
38
40
38
42
27
9
27
2
10
6
20
31
20
7
-10
5
6
23
24
44
25
22
15
-4
-2
-9
-11
-32
-1
-55
-54
-39
-44
-25
-50
-22
-9
-28
-63
-41
-47
-29
-36
-43
-16
-35
-43
-61
-44
-63
-41
-16
-12
-15
-9
3
-22
-29
-25
-18
-18
-6
7
12
0
21
30
26
10
29
28
3
30
19
32
-3
12
29
19
39
10
19
33
31
24
19
13
34
37
50
41
47
75
29
23
15
19
-10
-16
6
-20
-16
-18
5
-18
-42
-29
-14
4
-9
10
-10
-23
-13
-1
2
-10
-19
-30
-7
-6
18
28
0
-6
14
6
-24
-12
-10
-7
-19
10
3
-3
16
11
28
10
15
16
7
-4
0
1
4
38
26
4
3
52
38
-6
26
3
5
1
-14
-4
-4
16
-20
-1
6
1
-13
-18
16
3
9
-26
-22
-29
-51
-38
-46
-40
-25
-35
-46
-47
-38
-14
-35
-31
-5
-19
-36
-35
-34
-37
-18
-2
-6
-34
-22
-4
-8
-1
6
16
17
29
25
22
7
-2
-5
1
50
31
45
38
0
11
6
7
9
13
9
0
-4
26
37
34
38
17
18
12
-6
-2
1
-1
11
30
23
7
3
16
24
0
-4
6
-3
-25
3
-4
0
14
10
29
11
21
-6
15
37
6
14
-6
-9
-23
-38
-13
1
12
8
9
12
6
3
-14
-12
-23
-7
4
-6
6
14
9
-20
-29
-20
-7
-41
-26
10
-6
0
5
6
-2
6
-10
-17
-10
-26
-1
12
-10
-30
-26
-4
-1
0
-9
-23
7
14
-1
-6
-7
-2
-16
-5
5
15
29
7
13
24
4
13
10
25
11
1
8
-13
-8
0
25
1
-3
-5
-7
-10
-22
6
-16
-3
13
6
4
-3
1
-5
-11
-24
-17
10
12
-35
-59
-41
-37
-30
-48
-35
-16
-25
-15
-38
-10
-6
-1
6
-4
12
5
29
9
23
43
27
17
24
24
10
9
-21
-10
24
6
1
36
5
4
1
-2
27
37
69
29
19
29
10
45
35
22
32
24
35
21
19
18
12
15
-10
6
6
8
5
-7
7
10
22
6
-6
11
0
-5
-1
1
-15
-10
0
7
5
-30
-9
-16
-15
-15
-48
-24
-16
-20
-25
-28
-28
-19
10
-6
-17
-27
-17
-30
-53
-29
-45
-49
-51
-34
-31
-29
-24
1
-5
-23
19
1
-9
-4
1
-35
-16
6
16
38
19
25
0
21
24
18
3
-16
5
11
21
47
28
17
29
-8
-18
4
34
29
35
26
43
35
5
20
4
-3
-15
-11
-15
-13
-3
9
-4
13
13
8
25
4
-32
-25
3
5
-6
-21
-17
-33
-32
-44
-33
-26
-45
-19
3
-9
-6
5
-6
5
4
9
7
0
8
15
28
13
2
23
10
11
15
22
34
38
54
20
56
63
14
16
10
3
9
26
6
3
18
-3
-9
5
-2
-4
-4
-19
-8
3
5
-7
-4
13
12
11
-7
-12
-20
-14
7
10
17
10
19
0
-37
-23
-10
-26
-23
-29
-54
-28
-31
-50
-79
-66
-38
-40
-16
-19
10
17
-15
-37
-24
-10
-31
-39
-36
-20
-15
-26
-30
-29
-5
-13
-6
31
30
28
29
36
21
12
13
29
38
37
12
4
20
25
15
21
46
-4
33
27
17
27
1
21
0
0
9
22
4
-4
-2
6
16
-7
-8
-1
6
-5
-3
-13
-20
3
-19
-18
8
16
-6
-46
-9
-12
10
13
-4
15
11
44
42
39
36
5
8
-1
-13
8
23
23
14
-4
-9
16
-12
-4
32
5
25
28
35
20
18
25
-6
-15
-35
-17
1
1
-6
-19
-9
-5
-15
-22
-19
-39
-35
-14
-10
-10
-53
-41
-14
-27
-10
-29
-45
-35
-29
-35
-21
3
-28
-27
-3
-35
-28
-9
-29
-3
-3
-33
-51
-19
-1
-10
27
20
18
13
11
38
23
38
45
25
15
-8
10
5
-7
26
12
-3
8
4
9
-5
10
25
23
42
26
20
23
16
10
16
28
22
-3
-10
-22
-3
24
-3
-2
-2
14
15
9
20
6
18
23
23
26
23
12
14
12
2
15
7
3
-6
6
2
2
18
-2
1
-11
-27
-29
-17
-25
-31
-34
-37
-22
-18
-22
-24
-26
-25
-26
-10
2
-12
-10
-34
-19
-27
-32
-13
-30
-43
-60
-19
-19
-16
-19
6
30
1
13
0
3
3
0
-9
-22
-14
-9
2
-9
-9
7
23
39
22
25
38
54
51
55
64
19
28
41
29
35
44
29
-12
0
17
4
8
24
18
-11
-5
19
17
15
-1
-6
-7
-29
-25
-3
-3
-21
-18
-9
-6
3
9
6
-23
-40
-22
-47
-60
-30
-27
-15
-17
-20
-11
-4
7
6
12
-17
-9
10
0
-3
-13
10
18
18
16
12
39
47
22
-13
22
41
15
7
-6
-4
7
39
5
-3
-12
-41
-9
-25
-25
-33
-22
-39
-40
3
-29
-44
-16
-27
-36
-21
-29
6
4
11
21
10
11
-6
-8
-25
-8
6
-2
22
31
30
28
14
19
-13
-1
19
-15
-3
-9
2
23
22
32
24
0
19
12
18
32
26
46
22
34
25
18
-5
-22
-2
-2
23
-5
13
26
16
-1
-26
-17
-3
-9
-20
18
6
-2
11
-6
-24
-17
-3
-20
-7
-6
-22
-2
-25
-35
-32
-17
9
-3
15
17
-6
-10
-1
-23
-8
17
6
1
12
27
3
22
27
14
22
25
48
8
-39
-10
-10
4
-10
-13
-10
-52
-34
-42
-45
-56
-40
-38
-57
-32
-45
-45
-45
-22
0
-5
-6
-10
-28
-3
5
-3
20
6
1
10
8
17
28
0
40
57
21
4
4
30
16
28
29
6
5
-4
0
12
10
26
35
35
24
31
51
43
31
29
36
32
26
25
12
0
1
-25
-14
-3
-6
-13
-12
5
-1
3
-14
-4
20
0
4
22
2
12
16
-9
6
-2
-6
3
3
-10
-24
-45
-49
-19
12
14
16
20
-3
-15
-35
-52
-32
-13
-3
-9
-15
-13
-44
-40
-48
-47
-33
-46
-28
-40
-32
-29
-10
-27
-31
2
-31
-27
-30
-35
-25
-8
7
-11
4
15
4
45
23
16
41
50
69
36
53
39
28
31
11
11
19
21
20
25
39
34
16
37
23
34
28
19
37
39
42
25
7
-10
-10
0
-11
-32
-18
4
17
-1
-3
-27
-25
-18
-45
-22
-27
-30
-24
-25
-47
-15
-24
-49
-20
-35
6
-2
-7
21
6
-6
8
17
-9
26
53
42
15
11
25
19
-9
-7
18
-1
3
7
19
4
-13
8
28
13
-12
-24
-51
-23
-15
-58
-48
-19
-42
-44
-25
-28
-27
-29
-1
21
10
10
10
20
13
18
29
12
10
24
16
1
3
10
16
13
15
7
20
7
-3
32
-1
-23
-16
-9
7
14
16
15
7
8
4
-9
-7
-7
-19
-6
13
3
25
12
-15
-19
-16
-6
-26
-21
-21
-17
-19
-28
-31
-35
5
12
-6
-7
-6
7
-8
9
6
-3
3
13
31
20
33
47
43
22
20
16
25
29
23
24
-3
3
17
9
-7
25
15
-4
-3
-23
-20
-13
-4
2
0
-10
10
8
0
-1
11
-23
-29
-20
-48
-26
-22
-23
-40
-44
-56
-42
-42
-38
-19
-19
3
-4
-5
-7
10
-12
-13
9
22
25
12
20
37
22
0
21
2
-3
-9
2
18
39
47
27
0
-1
11
1
23
23
19
-6
2
8
3
-3
13
14
-8
15
0
-20
-8
12
0
5
19
40
16
7
0
-13
13
15
16
-5
5
-33
-35
-26
-59
-54
-47
-28
-18
-25
-35
-44
-18
-4
-7
6
2
3
19
53
18
3
4
13
9
-2
7
-2
0
-1
27
20
2
2
25
16
18
50
27
39
44
12
16
-26
-15
10
-21
-7
-18
0
-10
-30
-16
-8
-12
4
13
33
30
-5
16
-10
10
25
33
6
-26
-1
-4
0
-12
9
2
-17
-38
-44
-18
-7
-10
-37
-33
-25
-27
-20
-17
-29
-40
-14
3
-9
-12
-6
-19
-9
-10
0
-12
-44
-26
-35
11
27
3
-9
6
6
-18
0
10
21
26
17
3
28
16
-8
-12
3
32
27
15
9
37
33
11
9
21
35
53
25
15
12
31
49
23
21
10
14
-1
14
14
11
1
-10
23
16
3
23
30
-3
9
3
9
15
-16
1
-10
-3
-19
-43
-11
-28
-10
-12
-15
-9
-30
-33
-37
-10
-44
-65
-18
-23
-31
-33
-25
-23
-35
-14
-16
-13
1
-4
-2
-7
-10
-9
-5
-1
11
11
2
12
7
-23
-29
-13
-4
-16
7
1
-8
4
4
-3
-22
-17
-17
-3
23
25
5
7
-15
10
26
-12
12
29
17
20
35
27
24
31
16
3
17
28
38
41
57
53
38
48
23
16
7
21
30
5
-3
-1
-9
-19
3
-19
-29
-13
4
13
24
32
5
19
6
4
-7
-33
-40
-24
-9
-46
-37
-19
-36
-53
-50
-60
-48
-26
-18
-20
4
-1
-27
-4
-8
-32
-28
-24
-22
-8
-18
-16
-14
6
-16
10
27
-28
1
11
25
27
35
38
9
1
10
39
50
36
56
26
0
24
31
44
5
21
35
8
19
19
10
11
11
-16
-19
3
-5
4
6
1
29
10
15
3
-4
-12
-11
-24
-51
5
-13
-16
-3
-11
-18
-23
-17
-27
-24
-9
-12
-37
-20
-22
-38
-49
-54
-68
-41
-20
-16
5
-5
15
-3
12
22
3
7
-14
-13
13
8
20
28
20
-3
-12
6
-1
19
21
41
32
16
20
15
-5
-18
-8
-19
17
7
24
51
22
-4
-3
24
21
25
39
15
11
48
21
25
18
13
9
-7
18
0
-12
-11
15
19
15
23
13
-3
7
6
-10
3
-2
19
-16
-48
-55
-77
-44
-22
-13
-25
-15
-12
-27
-35
-31
-20
-19
-19
-7
-16
-20
10
3
12
-3
12
9
-13
20
20
10
12
25
26
14
-11
-12
1
1
-6
-6
15
8
7
12
12
3
12
21
13
15
5
-13
6
6
-22
-22
1
-4
-26
-36
-32
11
-23
-60
-36
-32
-38
-32
-6
-6
-13
-6
-4
-17
4
0
-4
-11
-23
-2
19
19
-9
15
9
13
32
19
20
15
19
12
13
29
28
34
11
6
37
25
8
3
22
27
44
18
25
54
35
36
6
9
4
23
6
-6
5
-19
-14
-14
-22
-14
31
32
6
-8
-6
-11
-7
-11
-12
-8
-8
-6
-15
-10
-4
8
-3
9
7
-6
-2
-5
-4
18
29
21
3
7
-3
-41
-53
-34
-3
-39
-26
-15
-15
-35
-38
-35
-37
-7
-24
-12
-26
-22
-30
-29
-22
-40
-28
-22
-51
-54
-27
-29
-6
4
-6
-3
-1
-6
8
35
25
36
62
15
19
43
32
-1
1
22
-6
19
8
12
38
16
15
41
29
42
62
44
27
25
54
24
6
1
-2
0
-10
-12
0
10
-3
-7
-23
-16
6
-6
-9
2
2
-10
-19
-10
-8
-6
-16
-19
-53
-32
6
1
13
4
26
9
4
1
4
24
31
51
29
26
10
-4
1
14
31
32
38
19
20
3
-19
-24
-20
10
-6
-11
-10
-1
-9
-15
-8
-18
6
-13
-31
-37
-19
-11
-36
-28
-44
-31
-52
-61
-46
-61
-13
-20
-18
-15
-3
-3
-35
-1
-14
11
18
11
19
13
35
22
40
10
3
19
4
0
-21
11
9
-1
9
18
41
12
-9
-5
-5
-16
4
4
-6
-2
-8
-1
-32
-16
-1
-5
9
-4
3
20
27
19
-6
-2
-3
4
16
19
29
29
15
16
12
-9
17
7
40
66
54
47
24
29
7
9
18
13
-3
-1
2
-19
0
-10
-43
-28
9
13
3
13
-1
12
19
-27
-15
-31
-39
-25
-26
-9
-40
-41
-32
-42
-19
-3
-7
-15
-6
16
-13
-17
-1
-9
-11
-9
13
-18
-19
20
-6
-19
7
6
-8
7
3
19
24
2
-4
-11
-9
-13
-5
7
6
8
-1
-8
-9
2
8
-7
4
9
5
1
-23
-14
-19
-12
1
-21
-4
12
-2
-10
-18
-15
-18
0
-4
-19
25
26
39
37
52
31
10
47
39
44
43
39
37
57
51
43
17
13
23
7
20
28
33
25
9
1
3
-28
-12
-22
-58
-82
-50
-10
-78
-68
-51
-76
-38
-19
-49
-51
-63
-25
-9
-21
-9
-12
-1
-11
-5
-27
-7
5
7
35
32
35
16
1
-22
-10
15
24
26
21
6
23
-1
-19
11
18
24
3
40
31
17
23
21
33
25
44
15
9
-3
3
5
-16
5
-15
9
-10
-25
-2
6
-1
-26
11
-3
6
19
25
1
-14
25
-4
-23
-7
10
3
2
-10
-9
-15
-29
-16
-21
-29
-13
8
-4
-18
-19
-29
-31
-28
-12
1
-8
6
7
7
3
4
24
9
-1
8
18
-9
-6
22
-2
-9
-24
-25
-10
-9
-7
6
13
-9
12
24
4
-2
8
10
3
21
25
13
-19
-13
8
-8
7
-2
-11
0
-8
1
8
22
29
29
7
1
20
-2
-4
-3
13
9
10
34
18
-4
-7
5
23
42
9
16
6
-24
-16
-10
5
-11
-6
-6
-9
-9
-15
-18
-7
3
-9
-6
0
-1
-15
-33
-27
-13
-24
-25
-22
-29
-25
-21
-20
-22
-9
-27
-35
-8
-4
-12
-12
-23
-39
-4
7
10
26
29
43
17
-3
7
6
-9
9
7
7
38
29
17
12
5
16
17
3
32
48
38
-7
-9
-9
-21
-16
-20
21
-17
8
24
-11
8
-5
-3
-1
14
3
7
0
-20
-3
-1
-3
4
19
37
47
68
59
54
73
53
40
28
44
17
17
40
27
7
-50
-61
-75
-51
-39
-34
-14
-39
-55
-59
-69
-53
-53
-74
-45
-47
-57
-32
-9
-5
-32
-19
-13
-10
19
-16
-2
24
13
2
0
9
-2
-1
-16
-22
4
35
10
6
17
10
3
7
13
23
23
5
19
13
57
27
21
17
-16
34
3
-7
-15
-9
2
-7
-3
-11
-2
-1
0
7
9
36
32
27
12
6
35
41
53
35
38
7
4
12
3
9
-14
2
-16
-22
-11
5
-15
-19
-13
-23
-6
0
3
8
4
-22
-35
-22
-31
-59
-50
-27
-10
-19
-32
-12
-2
-8
-12
-12
4
4
6
8
-7
-7
9
10
-10
-4
14
21
20
3
28
25
7
10
-3
12
20
46
28
15
25
12
15
10
32
31
14
-6
-9
-4
-13
-10
-13
6
-10
-11
12
-19
-3
16
0
-11
-2
9
-3
9
-11
-22
4
-11
-16
-15
-18
-23
-11
-22
-37
-26
-37
-44
-21
-10
-20
10
-3
-32
-19
-34
-16
7
11
2
0
-10
-21
6
4
18
34
23
-9
15
27
-15
10
16
3
5
9
0
14
-13
-35
-4
10
8
-3
25
16
35
51
45
27
10
48
28
12
15
41
60
30
39
32
-8
-20
-11
-7
-11
11
0
-35
-34
-22
-16
-13
-1
-15
-4
7
-5
-5
-31
-44
-13
18
20
6
-5
5
15
26
40
32
10
4
18
7
0
-2
-10
-23
-18
-14
-13
-18
-13
-7
-40
-25
-10
-27
-38
-37
-25
-9
-19
-29
-28
