-30
-26
3
-3
6
20
14
13
2
5
26
25
21
30
18
-1
-1
7
15
18
16
13
12
-6
-17
-10
0
-1
-25
-15
4
-4
-10
-8
-6
-11
-13
-13
-17
-9
1
-10
-6
9
-1
-4
11
9
13
22
8
10
23
25
23
10
28
35
13
16
9
11
14
1
0
2
-7
-10
3
1
-4
-10
1
10
9
3
-13
0
9
-5
-3
3
-3
-14
-25
-16
9
-3
-16
-11
-6
-7
-5
10
21
17
18
31
28
21
11
13
3
-17
-13
-13
-9
-18
-27
-44
-46
-47
-64
-75
-80
-35
-31
-31
-34
-44
-38
-31
-7
-6
7
7
21
36
33
27
35
61
60
54
48
39
37
53
57
50
41
29
3
-4
6
1
1
-1
-3
-9
-10
-1
-7
-3
-6
-12
-7
-9
1
0
-3
-7
-16
-2
-9
3
3
4
9
-20
-13
-10
7
2
-24
-24
-23
-12
-21
-11
-2
-23
-10
-3
1
-1
-11
-4
-5
-16
-32
3
15
6
4
7
22
-8
-4
5
10
11
20
29
32
31
15
13
13
15
22
35
26
41
48
31
3
2
0
-19
-12
-30
-31
-38
-30
-24
-38
-42
-18
-14
-12
-3
-2
-3
-19
-3
3
3
-1
-5
-11
-14
-19
-1
1
-9
-4
-15
-16
-29
-21
-28
-30
-25
-23
-21
-16
8
-11
-6
16
11
9
10
33
48
38
38
58
57
52
53
45
45
37
26
31
38
13
7
-4
-6
0
-19
-12
-22
-29
-36
-25
-15
-25
-22
-16
-12
-5
3
-6
-1
11
6
-4
2
-3
-9
-6
22
37
16
15
5
8
9
-5
8
8
-6
-1
7
0
-9
-16
-12
1
-17
-15
-16
-8
-6
-21
-13
-19
-22
-13
-4
1
-2
0
-3
-10
-9
-11
1
7
-8
-15
-7
-2
-7
-9
6
-7
-15
0
-3
10
9
15
7
3
0
-24
-15
-7
2
2
6
6
7
4
-5
5
7
-10
-4
7
7
12
4
18
21
7
19
34
29
34
26
16
9
2
7
3
-6
-13
-15
-22
-17
-17
-21
-29
-16
2
-7
-11
-16
-17
-25
-8
5
-3
3
3
7
7
-1
12
10
3
7
8
20
26
13
12
18
21
25
13
6
15
11
-16
-22
-22
-41
-54
-54
-25
-20
-29
-13
-7
-4
2
6
21
37
27
35
45
34
32
33
30
14
13
13
3
0
2
0
7
18
3
-3
-20
-25
-13
-13
-16
-8
-4
-7
2
-4
-3
-7
2
1
-2
7
2
8
6
-5
-18
-6
-19
-10
-13
-16
5
-22
-20
-17
-18
-22
-23
-17
-18
-20
-22
4
-12
-27
-2
-7
-18
-19
-17
-15
-15
-9
-3
9
7
0
2
4
11
16
38
23
33
41
6
38
42
11
3
16
33
23
0
7
4
-10
-36
-45
-26
-27
-13
-15
0
-6
-3
10
11
31
20
31
34
33
51
42
32
22
31
43
28
36
44
33
24
16
-3
-7
-23
-30
-25
-31
-22
-31
-37
-44
-47
-48
-47
-28
-25
-24
-14
7
2
1
6
-2
7
3
0
7
18
19
-3
0
2
-2
3
1
-4
-9
-11
-17
-7
-4
-7
-6
-7
-7
-12
-6
1
-1
4
1
6
13
-3
-1
6
-5
-10
0
7
3
-9
-11
-1
-10
-23
-27
-19
-26
-26
-20
-15
-6
-16
-8
-5
-10
3
20
16
13
15
17
19
22
40
35
15
10
13
12
9
12
9
-7
-4
-5
-5
-6
-16
-14
0
2
-1
19
25
37
21
16
26
26
23
15
28
27
24
27
25
29
26
26
13
-6
3
-12
-12
-8
-19
-28
-25
-21
-24
-28
-25
-18
-23
-6
-16
-8
4
6
6
-7
16
5
-5
8
3
-7
-13
-13
-19
-28
-41
-39
-39
-35
-26
-21
-24
-35
-39
-30
-12
-20
-14
1
3
-3
-2
28
22
13
27
42
40
29
28
25
33
20
17
15
9
-2
-9
-1
-14
-20
-15
-21
-33
-28
-13
0
-2
-5
3
10
7
5
23
28
26
29
4
9
16
9
7
2
22
11
1
5
-4
-10
-11
-21
-18
-14
-32
-29
-16
-21
-4
13
27
55
47
34
39
36
34
50
52
44
32
39
36
9
6
-16
-14
-10
-19
-29
-31
-31
-40
-46
-56
-50
-61
-64
-44
-41
-44
-26
-18
-29
-32
-22
-17
-6
-6
-13
-3
3
2
3
13
4
-4
-2
0
-5
3
-1
16
26
9
16
10
15
22
20
13
26
42
-1
2
23
16
11
15
41
29
13
8
22
25
12
18
17
13
3
3
-2
1
3
-6
-5
3
0
-3
-3
-3
4
-9
0
10
-10
-16
-13
0
15
1
-23
-12
-3
-22
-29
-15
-17
-22
-35
-22
-30
-43
-3
-3
-19
-23
-10
-1
-11
-4
-18
-5
-8
-9
-1
-14
-1
0
14
8
4
-6
-14
0
-9
-4
-1
7
3
1
3
10
20
18
30
37
47
33
6
5
18
21
18
31
33
34
37
29
15
3
9
9
9
6
12
15
10
11
15
22
25
15
8
0
5
10
-5
-10
-14
-4
-16
-22
-15
-22
-28
-14
-10
-15
-17
-27
-22
-46
-49
-51
-48
-42
-35
-31
-43
-25
-35
-45
-40
-36
-35
-28
-10
-3
-15
-19
-17
-11
-9
-2
2
-3
8
7
25
38
39
38
41
39
30
37
41
45
41
30
29
31
32
33
50
34
16
22
-3
-3
6
6
1
7
12
7
-5
3
13
-1
-6
-13
-1
-13
2
-1
-6
11
7
16
0
7
-3
-5
-6
2
4
3
22
15
20
12
11
10
-6
-13
-7
-14
-23
-16
-26
-35
-18
-37
-38
-26
-47
-35
-18
-19
-36
-22
-4
-13
-17
-10
-3
-2
0
-2
6
8
3
0
7
-3
-15
-10
-6
-9
-1
8
-14
-6
-7
-4
7
7
21
24
23
4
1
0
0
9
1
2
0
4
7
9
25
25
28
38
29
16
16
16
16
17
20
10
2
4
-9
-19
-4
-1
-4
-5
-9
0
-9
-17
-3
-12
-8
6
4
2
-2
-2
-3
9
12
13
4
-5
10
7
22
17
6
20
23
26
14
17
16
-1
1
3
0
-3
-13
-20
-23
-30
-26
-21
-21
-33
-37
-44
-33
-20
-34
-10
-12
-15
-17
-10
-7
-10
16
9
7
12
20
4
-6
0
0
-3
-7
-18
-16
5
0
3
-2
-1
1
2
12
12
14
16
18
19
19
19
13
15
29
19
12
22
20
11
-5
5
-4
-24
-25
-28
-32
-44
-47
-22
-13
-21
-15
0
-8
-20
-36
-16
6
-13
1
17
29
16
21
41
43
40
24
22
23
24
11
15
30
20
14
8
9
18
16
26
36
27
20
35
31
16
17
11
19
15
0
-10
9
5
-15
-19
-28
-28
-40
-42
-41
-32
-39
-51
-37
-30
-51
-53
-36
-49
-49
-42
-35
-39
-38
-17
-13
-12
-20
-22
-5
4
17
16
30
38
30
30
49
48
15
9
21
30
17
7
5
0
-3
-18
-9
1
-11
-3
-11
-10
-9
-15
-10
-9
-3
1
1
-2
-1
-3
13
20
18
4
-3
20
25
9
-3
3
1
6
18
17
13
13
25
25
19
26
3
-3
14
15
6
3
13
9
2
6
4
1
-3
-2
12
0
-2
-2
-2
-2
-2
3
-1
1
-4
-4
-3
-3
-1
-4
-9
-8
-15
-16
-24
-12
-10
-7
4
-6
-3
-3
3
2
7
-1
0
3
-3
3
4
12
7
9
2
-22
-24
-30
-40
-32
-28
-28
-25
-21
-34
-47
-54
-41
-16
-30
-19
-4
8
0
-12
10
6
3
15
21
23
21
13
4
27
21
1
3
17
33
3
16
14
-4
10
14
21
23
36
25
19
30
19
18
32
42
34
36
45
32
27
20
13
-1
-15
-24
-28
-14
-23
-26
-33
-40
-38
-56
-39
-36
-44
-25
-20
-19
-12
-12
-15
3
0
-1
10
30
36
23
22
26
23
10
22
13
13
11
-3
-2
-2
-17
-6
0
-19
-12
-10
-3
-9
-15
-22
-23
-13
-13
-9
-5
1
-2
3
22
19
12
17
15
22
29
24
17
17
9
-3
-3
0
-7
-16
-1
1
-14
-7
-1
-7
-12
-23
-10
-3
-6
-12
-6
2
-17
-18
-6
-10
-10
-2
-10
-16
-12
-9
-19
-19
-12
-19
-15
12
10
-1
9
7
18
28
29
31
37
38
44
50
51
41
21
27
18
3
7
11
-2
-13
-28
-32
-30
-50
-47
-49
-54
-41
-32
-24
-18
-13
-13
0
4
-1
-6
-4
23
9
-3
25
38
42
32
26
27
21
16
10
11
15
0
2
17
23
21
3
-4
-2
3
9
24
20
4
6
5
3
1
-1
-2
-6
-3
-1
-12
-20
-24
-45
-53
-42
-32
-35
-41
-24
-26
-34
-35
-29
-27
-35
-19
-7
-4
2
4
18
32
13
21
56
41
28
27
6
14
6
-1
3
9
23
-1
-10
-18
-16
-12
-21
-28
-28
-12
-13
-5
-14
-7
5
-9
-11
-3
3
3
-1
2
17
11
18
30
22
10
23
32
29
30
36
34
39
34
33
32
27
27
15
27
21
23
21
13
13
6
17
16
4
0
-1
-9
-19
-20
-8
-21
-22
-29
-22
-13
-18
-10
-22
-30
-39
-31
-30
-30
-44
-47
-26
-10
-16
-27
-11
-22
-25
-25
-20
-28
-26
-35
-32
-12
-25
-23
-13
-6
-13
-15
-16
0
9
0
-3
-8
7
4
9
15
19
27
36
48
48
43
26
36
49
28
34
48
35
37
30
33
28
28
26
10
19
23
20
11
18
4
4
9
-6
-3
-1
-9
-13
-3
-4
-9
2
5
-13
-21
-28
-34
-40
-40
-28
-16
-12
-17
-14
-18
-8
-13
-18
-27
-25
-30
-32
-13
-16
0
0
-2
2
7
22
20
17
28
41
29
18
1
1
12
10
9
10
8
3
-8
-14
-13
-22
-26
-16
-13
-18
-12
-17
-19
-19
-16
-27
-19
-10
-18
-19
-9
1
-11
10
16
20
7
9
29
37
38
36
38
41
48
37
34
23
28
19
19
24
9
-4
4
7
-17
-13
-8
-7
-9
-6
-14
-17
-13
-10
-7
-14
-6
-11
-19
-6
-11
-12
-3
-26
-22
-9
-14
-34
-32
-12
-16
-6
-6
-5
-13
-7
-3
-14
8
4
13
7
-3
13
10
24
20
16
23
20
13
-3
0
-3
-12
-14
-6
-14
-25
-11
-14
-23
-22
-17
-4
9
2
-7
-8
3
18
23
42
47
40
48
40
31
37
32
25
15
19
25
7
-1
-6
-12
-15
-23
-30
-38
-44
-38
-36
-51
-54
-46
-51
-34
-31
-32
-16
-13
15
12
6
13
13
25
16
18
37
38
26
25
21
26
19
22
30
20
22
3
7
7
4
-1
-4
-4
0
3
-4
-8
-13
-10
-18
-11
-9
-3
-13
-11
-9
-13
1
-18
-14
-9
-14
-16
-6
-12
0
0
3
10
7
9
1
15
-1
8
22
16
6
1
2
0
1
-2
3
-1
0
-12
-17
-20
-23
-39
-28
-6
-20
-12
-27
-34
-34
-15
4
17
19
3
10
1
-5
12
19
7
16
23
12
17
25
16
21
34
30
16
12
21
15
23
15
13
0
-9
-1
-10
-14
-37
-25
-3
-8
-5
-10
-3
12
1
-3
2
4
-2
-6
-8
-12
-7
-16
-7
14
22
12
8
0
9
13
11
22
7
7
10
7
1
-3
-4
-5
-13
-16
-28
-27
-8
-18
-13
-9
-8
-18
-22
-11
-6
1
-10
-21
-10
6
-1
-4
-3
-1
-3
-6
6
9
25
14
2
7
-1
-3
1
4
9
9
5
19
4
-5
-1
-7
-3
-7
4
5
4
7
-6
-1
-5
-6
-15
-5
8
-9
-12
-10
-10
-22
-6
7
-5
-6
-15
4
6
-10
-15
-3
9
10
20
22
32
29
32
38
29
28
24
32
41
46
47
46
41
34
35
14
3
6
-1
-4
-9
-19
-28
-34
-36
-29
-34
-39
-28
-36
-51
-49
-47
-57
-51
-44
-31
-25
-37
-13
-13
-27
-22
-14
-15
-22
-22
-18
2
-3
-8
-3
-3
10
16
12
19
25
13
4
1
8
7
8
23
27
16
14
32
47
48
38
46
32
37
36
23
36
25
26
2
2
7
-13
-18
-19
-15
-25
-15
-7
-19
-15
-22
-28
-26
-19
-15
-16
2
4
0
3
-10
-10
0
9
6
6
24
13
16
24
9
17
24
25
15
0
4
7
3
4
12
11
6
2
11
18
3
-5
0
4
-9
-5
-6
-16
-26
-24
0
-2
-19
-21
-16
-26
-33
-34
-28
-32
-37
-48
-49
-25
-13
-23
-23
-3
7
4
1
10
13
16
24
32
50
29
18
19
12
13
10
19
9
14
2
-9
-10
-22
-18
-26
-30
-23
-16
-25
-24
-12
-19
-19
-3
3
-3
-3
3
4
-3
1
12
14
16
13
17
35
37
41
53
39
41
41
28
45
21
7
15
9
12
4
0
-2
-6
-15
-13
-19
-15
-9
-34
-22
-9
-22
-23
-13
7
-3
4
9
-5
3
-3
-2
-6
-18
-25
-2
-8
-16
8
9
21
24
8
10
12
5
6
2
3
0
-7
-16
-7
15
5
7
19
11
-12
-12
-13
-8
-22
-19
-13
-28
-22
-19
-1
-8
-5
-4
-5
-3
-4
13
18
8
-11
-7
-4
-15
-9
-4
-1
4
-4
-10
-19
-16
-20
-31
-22
-15
-28
-37
-17
-7
-1
-1
-1
3
4
9
22
36
40
40
46
50
39
55
61
52
54
48
45
41
30
13
16
5
-7
-4
-25
-26
-26
-24
-36
-26
-13
-22
-22
-36
-32
-24
-20
-21
-22
-6
9
9
10
3
1
9
14
2
12
32
16
16
3
-3
4
2
-5
-5
7
6
-7
0
-10
-16
8
7
3
3
11
-4
3
9
-5
-3
-10
3
-9
-12
-12
-17
-18
-27
-16
-22
-18
-14
-28
-20
-22
-13
-2
-5
-3
-12
1
-1
3
8
0
10
-3
2
11
11
21
0
-6
1
16
20
17
19
8
3
-3
-11
-12
-4
-9
-3
7
7
2
-17
-10
6
5
19
31
22
12
1
17
21
20
25
41
41
27
32
23
12
-6
-3
4
4
4
3
2
-1
-12
-15
13
-2
-7
-1
-12
-13
-25
-19
-3
-5
-1
-13
-17
-12
-4
-4
-1
18
14
10
-3
3
7
6
7
3
2
-3
-2
0
-13
-36
-31
-31
-30
-25
-31
-38
-38
-49
-45
-38
-39
-26
-25
-24
-35
-11
-7
-13
0
-3
-8
-12
0
3
9
5
12
23
25
32
26
42
40
44
45
38
50
44
40
38
31
32
42
31
41
35
13
22
20
25
27
12
2
3
-8
-13
-14
-21
-22
-11
-10
-13
-12
-13
-20
-29
-11
-8
-4
-9
-21
-9
-6
-16
-17
-6
0
0
-2
8
-1
-2
2
-7
-19
-17
-22
-22
-8
-22
-31
-29
-25
-32
-46
-39
-25
-35
-25
-16
-16
0
2
-3
-1
6
-3
3
4
7
31
33
16
2
3
-7
-9
-4
0
-7
-11
4
14
6
1
21
26
26
36
46
35
22
16
22
39
33
44
48
33
31
32
25
17
13
25
16
7
7
4
21
25
28
38
15
-10
7
0
-4
3
-13
-19
-33
-25
-31
-56
-51
-53
-41
-36
-70
-62
-48
-53
-39
-34
-12
0
-22
-4
4
-9
-10
-20
-13
11
-10
-4
23
10
32
6
-3
6
-2
-5
21
23
-14
-6
-9
-13
-44
-18
-13
-22
-21
-23
13
-6
3
0
-1
-3
-4
3
-7
0
7
3
-12
4
24
12
22
36
44
25
34
29
2
48
36
40
52
36
39
25
35
22
29
38
37
16
19
57
17
7
53
45
25
31
-4
-8
-17
-32
-30
-34
-36
-48
-35
-22
-26
-45
-66
-46
-35
-49
-26
-47
21
-16
4
15
-28
15
-46
24
-28
-1
-9
-18
12
-45
-4
-41
28
-12
-35
1
9
-6
-34
-6
-19
-4
-46
-24
17
-8
17
-19
20
43
-12
28
-18
5
-23
16
18
-5
28
-16
59
-20
22
12
5
23
-7
27
-9
8
-10
64
45
46
68
38
54
11
38
23
-20
17
-15
-35
-24
-43
-18
-97
-68
-39
-44
-49
-69
24
-11
-2
-9
-4
25
-25
23
34
7
37
25
41
47
31
64
34
45
32
22
-7
3
11
18
37
25
49
26
21
-44
-4
-36
-39
-24
-13
56
-30
24
21
-15
-28
23
29
-3
9
-38
6
-19
-55
-60
-57
-43
-18
-23
3
18
-9
-20
-10
-10
-51
-35
-50
12
-44
2
0
-75
-54
-88
-28
-132
-16
-54
-28
6
-37
89
-92
50
-39
44
92
-47
138
-59
86
43
32
79
-16
155
4
149
-10
43
147
-72
94
-110
53
4
-32
59
-86
101
-76
34
-36
-40
76
-101
105
-34
67
12
-18
81
-91
100
-53
47
-34
-13
104
-136
51
-50
80
28
-64
101
-39
96
-22
-27
9
-25
59
-64
31
-25
46
19
-37
88
-58
2
-18
-54
-17
-55
29
-88
-18
47
-47
5
-128
76
-83
-39
-39
-163
50
-146
29
-158
2
-10
-56
79
-114
133
-48
78
59
-27
131
-59
55
15
13
96
-47
25
-29
25
-54
-114
60
-31
20
-91
36
57
-58
38
-80
6
-67
23
52
-44
34
-9
48
11
2
61
-39
2
75
33
41
-62
46
25
5
-11
-42
7
-37
59
-34
78
-28
59
81
23
134
-32
99
45
37
-12
25
68
-28
51
70
51
47
2
88
-39
-56
103
-101
41
-109
59
-4
-119
76
-109
100
-150
27
34
-85
68
-152
41
-15
-104
17
-117
11
-50
-187
66
-172
38
-150
-79
82
-199
202
-223
198
-50
33
188
-279
225
-225
176
-76
-60
114
-165
171
-155
50
-49
-57
80
-138
96
-6
12
87
-44
145
-38
106
6
8
88
-47
48
-69
224
-39
36
30
5
118
-103
17
-84
78
-63
28
17
-95
64
-70
28
-91
-63
10
-54
45
47
35
-23
-36
127
-29
-65
52
-81
151
-108
-15
77
-107
85
-200
213
-126
32
165
-81
193
-247
251
-4
55
30
-111
132
-61
223
-25
71
-57
66
34
-21
141
-150
122
-57
78
-84
-85
-35
-227
222
-297
88
-23
-174
119
-397
189
-197
-34
82
-183
202
-202
120
-63
-89
-28
-183
195
1
9
37
85
100
-100
74
-65
-10
-14
-77
151
-112
191
-97
72
39
-115
253
-243
330
-174
168
104
-284
349
-385
256
-226
99
216
-286
316
-365
280
-198
26
94
-177
198
-237
291
-361
139
-97
-26
152
-306
351
-165
188
-89
42
234
-207
143
-98
-6
-42
-47
89
-18
75
-25
21
-42
111
-124
93
36
-62
257
-346
279
-183
35
168
-355
394
-326
121
30
-230
237
-446
338
-86
-96
290
-409
368
-310
-6
190
-263
284
-339
315
53
-57
255
-239
359
-373
70
-60
-155
180
-237
342
-252
332
-168
-76
37
-332
294
-366
348
-94
-2
93
-155
130
-133
11
-161
192
-226
205
-198
149
47
-216
405
-391
423
-481
232
-41
-234
483
-497
477
-281
111
145
-191
289
-252
128
-129
-47
90
18
89
160
217
-106
38
-154
9
-118
-8
205
-50
114
-46
188
-102
-51
12
-138
176
-113
76
146
19
86
-17
29
-51
-107
-50
-19
-101
111
-78
33
23
-4
-81
-179
140
-172
192
-287
223
-245
-221
188
-212
376
-286
334
-270
122
-201
-199
232
-375
455
-196
318
-103
99
-64
-67
-32
-236
286
-309
443
-366
371
-153
88
147
-407
660
-520
432
-361
268
-64
-51
335
-543
540
-589
537
-186
12
-41
-98
133
-436
363
-684
593
-384
276
116
-243
53
-376
424
-444
459
-166
277
11
-107
113
-156
103
-79
310
-236
313
-196
174
230
-263
323
-304
373
-149
4
330
-391
423
-269
247
-25
-224
122
-170
281
-180
71
-130
27
-162
92
-119
-46
54
-210
268
-425
35
-224
-75
75
-173
284
-114
-19
68
-170
-18
-3
-267
178
55
62
205
-127
304
-350
419
-334
-148
456
-610
723
-527
335
-29
-228
337
-327
296
-355
344
-135
37
62
-108
11
-37
54
60
-23
125
49
-125
51
-122
255
-188
365
-252
251
32
-319
334
-376
301
-174
135
-63
-53
206
-261
226
-379
10
72
-122
82
-64
28
-161
276
-446
268
-182
-213
259
-335
437
-379
316
-123
-124
184
-268
351
-88
48
129
17
159
-153
173
-40
6
305
-109
263
-251
194
96
-206
129
79
77
-48
-55
-96
-28
-205
94
-59
-75
-206
184
-225
102
-18
-278
374
-495
565
-288
182
48
-353
577
-457
466
-575
435
-62
-206
540
-694
667
-617
343
-168
-102
267
-541
661
-652
481
-390
11
217
-442
364
-652
388
-235
48
114
-219
19
-2
-60
151
-70
-96
333
-347
340
-419
385
-269
126
345
-223
438
-394
434
-262
113
-63
229
1
45
189
-200
311
-248
93
-131
217
-250
189
214
-235
235
-229
75
-149
77
-26
83
27
-155
450
-331
208
-233
230
130
-249
386
-439
359
-351
107
38
-106
17
-40
-41
-198
-24
-60
125
-254
174
-270
291
-338
-34
358
-370
121
-18
-142
188
-453
385
128
-270
334
-440
649
-797
454
-125
-125
213
-420
576
-680
570
-477
257
-80
-118
463
-454
348
-354
486
-211
-35
272
-229
453
-310
225
123
-220
-197
125
-240
133
-100
-45
353
-489
502
-417
148
-452
114
334
-569
615
-245
249
194
-298
376
-140
-93
193
-96
272
-217
365
-10
92
-85
-67
-168
19
189
-265
501
-602
477
-128
-36
-22
-169
364
-412
173
-161
-64
32
-108
268
183
-336
163
-72
7
5
-224
251
-84
-190
258
-61
-42
104
-106
185
-387
-160
146
-69
203
-44
96
244
-606
322
-38
-268
511
-620
547
-289
-187
440
-628
721
-581
346
103
-748
863
-820
736
-277
-111
851
-1057
748
-402
36
229
-354
167
-162
112
-101
105
89
29
-229
272
-336
293
-110
-170
417
-369
181
-97
223
-266
353
-218
-52
34
-350
534
-566
682
-587
419
59
-665
803
-1182
1161
-809
410
300
-833
1047
-1089
982
-526
126
225
-143
379
-527
280
11
122
119
267
2
143
-274
270
-320
357
-80
-72
340
-432
304
-467
159
-241
-62
-7
-145
67
-538
205
14
-320
358
-470
397
-125
-237
379
-705
693
-468
238
188
-212
472
-322
215
-26
-185
29
225
-236
101
-292
292
-62
-51
316
-392
825
-817
293
79
-537
711
-721
680
99
-63
99
-163
165
-133
60
-189
382
-349
184
-95
7
-3
-460
393
-549
333
-154
-144
250
-531
421
-293
172
100
-212
311
-265
271
-98
-59
191
324
-153
330
-153
16
336
-716
759
-571
324
-140
-57
544
-616
664
-305
47
195
-340
194
41
-170
446
-341
613
-317
-7
320
-519
642
-872
553
-268
-18
166
-387
368
-338
-47
-327
-69
-148
-83
-50
-222
12
24
-167
3
-205
-322
159
-97
-69
419
-390
664
-170
-19
175
-390
691
-697
734
-291
-96
487
-397
217
-155
185
-28
-147
40
100
-119
-103
-138
280
-48
-83
321
-294
213
48
-265
745
-664
507
22
-65
532
-775
829
-821
878
-344
-143
651
-1053
971
-620
413
-277
-35
369
-621
583
-720
595
-144
-476
902
-576
682
-517
155
-64
-415
962
-1083
1159
-655
-5
694
-955
683
-638
5
132
-465
226
-249
-30
-35
-283
738
-958
349
-104
-272
946
-1036
944
-85
-218
471
-634
611
-343
-25
373
-506
828
-915
603
66
-500
841
-1126
945
-866
63
261
-387
430
-740
647
-475
117
-109
52
419
-505
147
-19
144
-212
379
117
96
86
-303
472
-195
29
115
-106
121
-259
14
52
-48
-39
-32
103
-562
131
-74
3
19
26
278
-339
265
-609
509
-309
57
140
-132
447
-542
925
-851
525
-304
-42
566
-731
1055
-911
779
-276
-284
718
-958
890
-507
401
109
-609
515
-665
950
-680
427
347
-507
608
-647
600
-433
26
327
30
-194
351
-276
-43
-156
-44
280
-338
113
-432
648
-846
459
-373
219
-78
-238
689
-643
453
-756
584
-235
15
108
-312
465
-392
234
75
-211
370
-475
451
-166
-604
676
-814
486
-454
159
234
-517
245
-384
564
-661
67
235
-47
53
-74
309
19
220
-304
380
-542
455
-204
121
254
-410
586
-634
865
-887
682
-409
-91
346
-387
446
-682
1001
-462
432
-486
9
4
-137
92
-7
383
-39
271
-91
-5
13
352
-384
352
-306
377
-315
-3
59
121
356
-929
796
-749
241
-241
32
36
-143
883
-956
1031
-1050
496
2
-854
1074
-1057
921
-488
714
-414
-154
573
-999
1046
-1474
773
84
-807
991
-806
737
-139
37
-113
-514
164
-547
648
-336
317
86
-37
282
-480
92
54
-62
400
-88
-112
116
-195
351
-190
288
-711
535
-62
-224
82
-382
504
-715
323
-11
56
-112
-285
286
-41
-78
-34
374
53
-128
399
-575
293
-507
418
249
-441
1041
-1055
1049
-904
-290
645
-434
562
-945
566
-334
57
606
-603
942
-222
-351
572
-913
671
-212
285
503
-552
501
-645
750
-556
620
58
-308
713
-1236
1253
-776
122
-49
-86
65
-423
704
-681
1023
-1014
346
11
-727
232
-669
465
-26
-17
190
-213
26
-95
381
-607
-423
688
-1334
1417
-1121
651
295
-975
1274
-1517
1541
-1381
933
-104
-544
1388
-1643
1791
-924
434
191
-748
1005
-923
757
-402
487
267
-216
408
-574
299
-367
-14
122
-61
325
35
204
-121
-356
506
-1083
572
87
-702
634
-752
739
-471
49
289
-720
404
-426
66
107
-838
958
-681
671
69
-509
1191
-1714
1307
-1126
394
-27
-529
1629
-1287
1745
-1413
689
-51
-802
1331
-1675
1670
-1064
438
397
-900
1369
-1082
1167
-270
-94
246
-1324
863
-912
806
351
-780
1177
-892
837
-1074
172
194
-369
908
-1108
928
-736
280
-173
-137
224
34
13
-198
209
-473
356
-501
460
67
212
-9
-288
23
-404
384
-277
292
533
-359
621
-608
-89
-396
-55
510
-409
1160
-1285
617
-14
-357
635
-1018
908
-541
474
-254
-758
858
-843
1172
-480
-246
423
-1031
1441
-1400
633
-366
-474
976
-1013
1633
-1329
562
70
-281
702
-1016
859
-634
425
147
207
-155
-561
495
57
357
-433
-138
175
-32
463
-507
211
-104
-191
1125
-1558
1359
-1075
252
588
-896
1347
-1774
1385
-1032
750
-452
-142
531
-900
967
-602
747
-1488
815
-133
100
495
-649
401
-528
668
-221
-245
104
-135
331
-187
-652
476
50
235
-63
-156
634
-994
269
114
-85
1022
-603
457
-509
-62
26
-188
1062
-941
623
-561
368
142
-652
608
-626
734
-513
332
-304
-160
266
-351
378
-366
7
87
56
-246
170
-340
481
-516
622
-389
240
539
-1158
1450
-1575
1084
-310
196
535
-1448
750
-940
1174
-633
-12
224
-649
912
-642
140
-301
-140
814
-564
600
-422
148
123
-650
1286
-1290
655
-280
118
461
-603
1148
-845
711
-619
382
28
-509
446
10
185
-450
624
-589
521
-437
53
-257
-482
557
-351
558
-451
274
-50
-52
-174
11
-5
-353
42
35
846
-1087
762
-513
-35
351
-1017
1117
-1290
904
-940
1152
-199
-371
1162
-1270
1356
-1276
862
-843
511
117
-13
713
-673
424
-539
-5
129
360
14
341
-617
1124
-809
221
-410
299
190
-702
652
-934
872
-555
157
377
-383
-234
178
-390
317
-534
627
154
-116
-35
26
578
-662
938
-803
569
-651
484
-4
-381
-78
-881
982
-268
349
-381
363
-54
101
4
-929
-154
-437
724
121
10
-334
410
481
-914
1173
-945
62
-208
-95
776
-718
768
-455
1238
-973
154
345
-1114
306
-517
1158
-512
301
37
-237
-236
-477
546
-705
459
141
365
-23
-401
636
-222
27
-546
546
196
-671
429
-121
469
-556
240
424
-120
91
-438
682
-267
-470
448
31
-156
158
-169
710
-517
136
175
-156
337
-1075
995
-466
35
-119
-69
805
-1046
566
59
-558
188
-412
536
-23
-514
613
-518
426
-633
-248
319
-636
1023
-228
-108
317
-479
411
-537
213
536
-995
900
-783
596
-45
9
369
-849
1662
-1866
1358
-527
-551
1087
-1270
846
-669
948
-792
517
-78
-288
481
-1053
931
-538
382
-443
628
165
-449
163
-460
754
-522
113
-161
87
-201
-238
575
-20
-15
168
-35
-221
-288
-160
378
-86
74
80
368
-138
11
353
-493
559
-532
-102
-72
-702
800
-453
863
-678
322
284
-876
751
-922
1373
-1305
247
731
-806
853
-980
891
108
-240
182
-151
344
-481
395
86
-868
404
-125
633
-202
-189
472
-978
641
-216
-91
114
-474
488
-193
338
-453
-458
739
-930
873
-291
-114
576
-897
1006
-804
389
-211
147
378
-621
586
-207
-54
-182
146
-183
351
-434
731
-37
-125
129
-128
187
-732
734
-791
348
245
67
218
-122
-46
127
176
-664
453
-391
182
468
-291
-44
-419
165
126
-596
711
-21
611
-157
-790
489
-657
234
-458
486
-280
-197
705
-829
551
-559
-215
300
-76
295
-318
241
-59
447
-621
293
-237
44
340
-754
1039
-954
1112
-1046
851
220
-995
1182
-1546
1526
-1150
825
-154
-285
657
-964
716
-1332
968
-314
299
133
-331
705
-674
276
-539
472
-5
-13
710
487
522
-348
37
395
-333
-799
83
-685
528
-52
624
699
-676
922
-889
290
-1575
-479
385
-1021
910
-892
1559
-96
-160
427
-1340
200
-964
448
221
218
174
191
617
-207
-842
-372
362
296
731
-173
338
-143
530
-457
43
-627
-644
710
-279
512
-411
926
-774
310
-342
-275
158
-482
1215
-364
545
-594
360
216
148
-421
397
-92
-482
747
-399
596
-361
742
-511
544
-223
-466
418
-423
222
-471
340
-326
318
-300
203
-271
-127
-5
-489
531
-400
253
-63
-112
-315
25
-43
-564
672
-459
-194
-6
-70
510
-209
769
-128
463
-131
-168
93
-840
-35
-1004
1350
370
256
410
-337
259
-153
252
-1096
-417
-367
511
254
-249
-69
1010
96
-738
581
-1130
-115
-129
195
189
113
714
-51
-244
-968
-247
815
-78
381
448
656
725
-586
-7
-922
-412
278
-298
338
685
148
478
-321
77
-351
-141
301
-498
763
-606
422
-63
-184
136
-180
178
-285
21
385
-79
-248
-216
-466
367
-396
55
-205
215
-181
161
63
-239
73
-128
633
-66
458
-202
-228
-32
-108
-705
-46
-187
320
42
-90
444
-467
881
-917
638
-421
-9
341
-970
540
-985
1392
-284
-40
115
-471
789
-830
422
-456
385
466
-405
661
-426
125
-249
41
948
-522
504
-300
-69
206
-300
265
-207
488
-625
690
-352
-275
243
-500
770
-60
408
-411
-33
-134
-489
96
-131
12
175
-70
-194
63
-106
341
-110
-181
-110
-300
-313
141
260
-326
462
-57
412
681
-270
114
-835
-291
65
40
-27
-106
657
41
-164
148
-680
-419
640
332
426
-131
403
-534
-103
-477
-549
588
-514
442
23
794
24
142
-409
-162
27
-228
339
-522
750
-176
357
-412
-17
-208
284
312
-232
693
-470
554
-430
-206
-117
-384
-21
240
-150
231
219
200
-142
-200
437
-691
483
-389
100
-306
354
144
-345
13
-540
725
-618
589
-439
-199
72
-189
303
-494
484
-454
817
82
-390
205
-272
471
-414
464
-402
-96
-21
-611
788
-497
350
-245
386
191
-320
600
-710
646
-457
209
147
-112
48
-796
695
-69
118
9
-149
342
120
-468
278
-143
186
-24
86
57
-751
898
-935
749
-263
207
247
-597
708
-1381
926
-501
487
8
-378
902
-628
298
-505
384
-194
27
394
-72
-45
-288
152
-193
-48
-243
90
-60
65
-121
53
167
-243
182
-8
248
-96
-244
-95
285
109
-27
175
-231
-38
-36
-111
-52
-188
178
270
-364
113
-281
292
161
-61
566
-326
259
-551
40
48
73
420
-328
383
-272
19
4
44
13
-94
63
-41
-204
65
-73
-138
225
-311
284
-264
231
-173
-52
246
-341
79
-379
540
136
174
-141
-19
148
-385
81
188
225
244
270
-331
129
-339
86
11
-311
-14
22
405
-288
145
-350
117
-70
-619
44
-131
-85
109
152
-48
36
-98
475
-82
-368
44
-125
218
-173
36
-9
-41
283
-79
467
-352
89
645
-98
582
-640
172
-27
-316
385
-339
728
-267
215
28
-404
-54
-724
503
-80
-117
28
-168
83
-271
135
191
21
-10
-59
-5
-52
-402
-173
239
24
248
172
133
157
-244
159
142
81
20
-203
113
-10
-234
44
-30
57
19
65
155
-334
468
-44
-69
281
-569
-109
-344
-50
65
-151
315
-51
212
-10
-232
51
-27
-61
-110
14
-303
216
-91
18
-70
58
294
-163
664
-169
234
-111
-258
79
-390
150
-233
284
190
-21
94
-170
50
-107
-109
-12
-135
-1
-31
83
244
-112
-77
-73
-21
75
-73
-176
-113
317
-174
122
98
-105
256
-195
409
-270
-13
271
-4
548
-364
290
133
-98
93
-341
499
-145
163
196
-186
282
-354
85
-216
-188
-51
-158
54
-190
6
70
331
-16
274
-56
-206
66
-143
218
-284
289
14
-127
-71
-257
42
-277
-43
-364
88
-124
-64
-113
-245
2
-217
158
-24
51
-6
250
64
64
-2
-131
304
-173
-83
74
-171
19
-142
495
255
38
386
44
554
-92
224
192
-134
157
-161
89
-192
-112
234
-110
28
64
-2
262
-185
190
-206
-50
-195
-606
-89
-470
-107
-388
-194
-193
-104
-127
-250
-63
-331
-63
-287
17
-89
-92
2
-58
308
285
256
-11
-126
-56
-52
-162
-330
-323
-267
-193
-167
-197
-252
-145
54
-77
199
23
167
-190
-235
143
-675
-160
-672
-133
211
-141
944
902
1444
1459
1556
1920
1658
1930
1922
1828
1675
1098
1114
984
840
1142
516
646
479
41
218
-591
-612
-983
-1376
-1153
-1812
-1783
-1872
-2025
-1780
-2160
-1860
-2017
-2023
-1751
-1963
-1287
-1568
-1225
-937
-1066
-495
-532
63
389
495
1011
1055
1206
1160
983
848
599
640
361
487
354
352
269
174
293
69
97
-300
18
-103
36
38
-105
111
-179
124
10
35
66
-57
129
166
284
698
284
341
444
230
255
-622
-879
-1468
-1788
-2041
-2909
-3198
-3285
-3395
-3080
-2196
-1528
-795
158
1460
3218
3829
4543
4419
4667
6044
5521
6645
4537
4949
5342
5414
6433
3086
4482
2273
3825
3041
782
1311
-1937
-223
-3052
-3796
-4840
-6813
-5667
-8146
-7693
-8098
-8161
-6566
-7578
-6144
-6057
-4849
-3108
-3255
-1158
-905
1083
2064
2177
3380
3494
4389
4278
4523
4578
4477
4218
3166
3269
2242
2125
1441
289
609
-858
-243
-1356
-1276
-1095
-2075
-1198
-2590
-1660
-2362
-2635
-2388
-3178
-2200
-2678
-2020
-1360
-1175
-333
-102
654
1391
1716
2158
2229
2238
1938
1743
1442
1431
976
832
533
156
513
165
529
103
332
325
239
510
259
345
-2
-437
-388
-1062
-1548
-1550
-2759
-2441
-3791
-3621
-4122
-4779
-3962
-4369
-2218
-2473
-395
917
2480
5549
5136
7744
6168
7724
8974
8218
10227
5356
8369
6887
8662
9124
3794
6629
1993
6245
3121
908
883
-3622
-159
-5364
-5071
-7881
-10227
-8361
-12164
-10459
-12139
-11592
-9579
-11519
-9137
-9906
-7126
-5836
-5581
-2431
-3127
676
669
2378
4084
4081
6369
5718
7589
7033
7718
7439
5581
6501
3956
4639
2920
941
1563
-1255
-55
-2379
-1999
-2193
-3689
-2157
-4256
-2130
-3812
-3765
-3167
-4234
-2917
-3985
-2642
-2269
-1474
-757
-250
1254
1654
2911
3355
3731
4224
3983
4347
3529
3471
3126
2707
2531
1403
2165
1471
1872
1477
968
1452
440
755
-45
-148
-650
-1619
-1861
-2746
-2853
-3009
-3895
-4242
-4888
-5251
-5226
-6146
-6289
-5609
-4812
-3361
-2615
-915
1055
3459
6483
7084
8324
6960
9505
10662
11557
10247
6989
9670
8576
12943
8184
6335
4664
3443
8059
1901
1953
-3579
-2720
-1877
-6402
-6553
-12618
-10896
-11647
-13474
-12391
-15782
-12606
-12488
-12550
-10998
-11883
-7426
-6963
-4362
-3159
-2387
1695
2066
5035
5078
5849
7377
7888
9466
8766
9704
8163
8440
8098
6271
6713
2995
3453
1528
-79
-488
-3161
-1640
-4524
-4202
-5032
-5154
-3592
-6131
-4196
-5150
-4327
-3764
-4650
-2547
-2489
-1093
-1086
-613
655
1510
3286
2996
3502
3852
4558
5001
4072
4388
4012
4320
2885
2397
3115
2425
2700
1231
1391
1233
536
483
-459
-670
-1932
-2720
-3399
-4027
-3503
-3419
-3960
-4178
-4992
-4214
-3759
-4985
-4778
-5718
-4753
-4660
-4292
-2099
-1311
502
1573
4980
7635
9153
9565
9211
11997
12417
14696
11879
10295
11238
10649
14429
7567
6331
3260
3247
5748
-1126
-784
-6937
-5147
-5879
-9435
-8973
-15231
-12398
-13171
-14384
-13761
-17088
-13800
-13057
-12502
-11839
-12293
-8221
-7329
-4016
-3131
-2424
1744
2698
5521
6418
6515
8284
9911
10518
10705
10887
9503
10126
8832
6973
6696
3786
3616
1349
-288
-1492
-2789
-2246
-4547
-4121
-5019
-4209
-3412
-4910
-3999
-3975
-3423
-2994
-3229
-2156
-1183
-1006
-588
-141
1078
2561
3361
3379
3522
4222
5203
5088
4584
4111
3497
3908
2565
2622
2654
1189
1715
424
261
438
-369
-207
-2034
-2455
-3409
-3500
-3367
-5226
-3694
-4482
-4565
-4514
-5262
-3861
-4815
-5889
-6520
-5993
-5936
-4937
-4511
-3247
-1702
-471
3598
6075
9153
9902
9436
11972
12441
15413
15429
11351
12666
10486
14806
11906
6283
5392
2041
7284
1577
-356
-5040
-6782
-3362
-8518
-7486
-14040
-14001
-11832
-14209
-12896
-16888
-15188
-13225
-12781
-11203
-12868
-8905
-7773
-4753
-2046
-2627
1936
3007
6183
7589
7388
8853
10082
12066
11151
11682
10129
9403
10110
7094
7118
3935
2415
1972
-1267
-1411
-4524
-3009
-4738
-6196
-5404
-7090
-3797
-6095
-5469
-4943
-5067
-2945
-4304
-2481
-2589
-1143
-608
-1109
831
1142
3436
2934
2738
3718
4220
5420
4175
4367
3966
3700
3426
2301
2528
1617
823
566
-285
-252
-520
-1002
-1614
-2628
-2518
-3205
-2797
-3955
-3484
-2174
-3336
-2582
-3404
-2586
-1959
-3323
-3472
-3421
-3677
-3553
-4141
-3318
-1747
-1301
1502
2348
5658
8300
8830
11482
9302
12266
13226
13710
13071
8401
11014
9290
12506
7688
3914
3488
369
4982
-1049
-1851
-6592
-7258
-4384
-8264
-7842
-13918
-12619
-11626
-13919
-12945
-16265
-13648
-12343
-12674
-11038
-12611
-8595
-7525
-4521
-2653
-3204
1656
2505
6099
6880
7026
9467
10349
12286
11896
12428
10810
9807
10162
7618
7089
3823
1835
1320
-1857
-2514
-3766
-4014
-4991
-6662
-6067
-5643
-4646
-5456
-5941
-4539
-4427
-3468
-3559
-3229
-1769
-1718
-962
-805
237
1954
3082
3387
3312
4133
5992
6580
6127
5546
4831
6115
4718
4097
3158
1823
1787
-259
-429
-1437
-1517
-2550
-3663
-3552
-4556
-3986
-4763
-4792
-4313
-4259
-4126
-4031
-3437
-3405
-2565
-3526
-3476
-2787
-3514
-2342
-3399
-2345
-980
-269
2559
2950
7160
8878
10169
11113
9409
13591
13311
14753
11768
9175
10889
9670
12347
6088
4637
1976
1464
3819
-1989
-2000
-7071
-5780
-4922
-8338
-8063
-13513
-11830
-11894
-13611
-12292
-15738
-12954
-12507
-12311
-11111
-12414
-8907
-8031
-4875
-3727
-2961
327
1959
5282
6065
7241
8240
10448
11871
11735
12377
9807
10282
9411
7565
6514
2849
1783
-114
-1769
-2945
-4187
-4654
-5732
-6331
-5624
-5064
-4736
-5197
-5292
-3891
-3920
-3174
-3294
-2703
-1766
-1805
-1022
-336
865
2490
3090
3260
4154
5188
7511
7416
6802
6437
6197
7400
5832
4705
3473
1689
1417
-187
-916
-1306
-2524
-2726
-3871
-4016
-4010
-4301
-3927
-5019
-4606
-4377
-4055
-3110
-3708
-3274
-3688
-3638
-3181
-2737
-2760
-2953
-3095
-2760
-397
-655
2824
2969
6632
9036
8097
11269
7385
14044
12445
13599
11646
6735
11939
8185
12896
5421
3733
2101
346
4847
-2270
-1466
-7450
-6666
-4745
-8166
-7258
-13522
-12465
-12401
-14075
-11851
-15941
-13144
-13241
-13170
-11235
-13228
-8666
-8311
-4392
-3688
-3348
1091
2351
7494
7175
7943
9642
11084
14316
13333
13750
10973
9865
10119
7610
7226
2767
1147
-95
-2494
-3351
-5047
-4516
-5635
-6385
-6896
-5780
-4842
-4998
-5284
-5333
-4424
-4250
-2724
-2977
-2337
-2148
-1325
846
907
2841
3437
4539
5469
5811
8408
8155
8141
6990
6594
7365
4799
4110
1974
1220
271
-2052
-2076
-3203
-3058
-3798
-4082
-4133
-4487
-4002
-4328
-4450
-4733
-4083
-3361
-3240
-3489
-3282
-2013
-2252
-1937
-1924
-1799
-1036
-2704
-2002
-1447
-23
1265
1819
3930
6005
8024
8961
8998
9118
12223
12063
13579
9508
8574
10542
9139
11565
4409
3757
1376
1619
3172
-2190
-2995
-7589
-5700
-5060
-7556
-8868
-13629
-12648
-12156
-13576
-12986
-16280
-14924
-13846
-13732
-12033
-12958
-9256
-7324
-4554
-2570
-1582
3421
5762
8350
9495
9782
12387
14157
15031
13902
12454
10007
9750
9189
6056
4330
263
-193
-1899
-4095
-4335
-5953
-5216
-7502
-7537
-6694
-6326
-5200
-6850
-6306
-5563
-4524
-3153
-3068
-2668
-1844
-197
1335
2313
2802
4620
5991
6394
6962
7853
9466
8729
7386
7049
6865
6505
4290
2264
1816
-292
-1332
-2729
-3677
-3055
-4415
-4308
-5061
-4951
-4553
-4184
-3973
-5037
-4279
-3450
-2622
-3039
-3033
-2047
-776
-899
-1276
-270
-722
-617
-2036
-1797
-443
-534
630
509
2951
4395
6566
7741
7921
8671
9615
11828
11271
11087
7892
9397
8447
9366
7611
3170
2570
-1154
2436
-629
-2371
-6120
-7843
-5128
-7247
-7585
-12526
-12891
-12004
-12475
-12786
-14951
-14765
-13113
-12061
-11583
-11335
-8843
-6455
-3703
-1594
-190
3871
5902
8651
10461
11109
12436
13463
13996
13430
12135
9878
8536
7287
5203
2731
16
-2073
-3506
-4526
-5918
-6938
-7377
-8090
-7897
-7557
-6401
-5663
-5218
-5368
-4405
-2944
-2201
-1166
-1826
-71
902
2368
3301
3040
5346
6103
7191
7234
7296
8853
8291
7214
5886
4948
4910
3051
1399
-181
-1915
-2754
-3448
-3992
-3963
-4744
-5058
-4383
-4863
-3658
-4130
-3556
-3750
-4138
-1930
-2591
-1389
-1543
-620
1583
896
1389
1455
1460
1530
-67
-969
-1191
-2287
-1108
-1075
-805
743
486
5221
6257
7287
8215
7341
12181
10988
12254
8477
7408
9013
8483
10129
2159
1098
-1336
1756
2107
-3879
-5020
-8411
-4249
-4987
-7190
-9575
-13523
-11265
-12229
-12378
-13195
-16024
-12772
-13395
-11748
-10851
-10166
-5435
-5141
-811
-510
2834
6749
7746
11688
9920
11322
12705
13159
13644
10401
8566
6617
5822
4251
971
-583
-3341
-3627
-4185
-6040
-5562
-6367
-5486
-6032
-5871
-4636
-3935
-3009
-4668
-3297
-2621
-1628
-920
-1584
10
685
2180
3106
3797
5248
6078
7249
7296
6991
8112
7206
6108
4647
3100
3258
1100
-604
-1883
-2894
-3379
-4076
-3615
-3796
-3865
-4291
-3903
-2888
-2975
-2634
-3006
-3040
-3013
-1686
-593
-759
-246
16
2137
2629
1880
2456
2505
2116
764
-1356
-1624
-2877
-2925
-2696
-3210
-1563
-1857
2649
4883
6050
7630
6536
10890
10883
12341
10948
7570
8799
6710
10552
6118
2071
611
-1370
3990
-1352
-2534
-6092
-6613
-2902
-6796
-5792
-11936
-12599
-10817
-12657
-10587
-15205
-14209
-12438
-12638
-9923
-11436
-7515
-6197
-4109
-491
-231
4217
5224
8317
10133
9284
9943
10633
12097
10472
8565
5565
4586
4647
2057
957
-1878
-3012
-2475
-3387
-3052
-4319
-3899
-3863
-4056
-2918
-3146
-1409
-2448
-2890
-2039
-1852
-182
-1066
-851
-116
1155
2272
2469
3161
4069
5357
5498
5837
5610
6071
5137
3851
3058
1824
1452
-75
-1276
-1905
-2651
-2589
-2553
-3164
-2776
-3130
-2241
-2250
-2399
-1611
-2256
-1399
-2344
-1586
11
-41
644
549
1312
3032
2908
3406
3565
2150
1764
185
-581
-1442
-3856
-3967
-4559
-4264
-2748
-2845
-50
1211
3634
6291
6665
7066
8002
9728
10694
9063
5058
6664
5975
8315
4781
406
798
-2092
2856
-776
-2507
-4667
-6665
-1839
-4568
-4942
-8823
-10477
-7644
-10288
-9245
-11841
-12842
-10259
-11968
-9576
-10524
-9172
-6569
-5197
-1884
-1740
2250
4230
6307
8002
7251
9215
9485
9737
8490
6988
5405
3849
3874
2062
1331
-414
-1620
-470
-749
-653
-1035
-937
-718
-1024
-641
-696
-558
-1651
-2706
-2409
-2474
-2513
-2562
-2433
-1841
-1132
-413
835
1930
2937
4313
4645
4637
4610
5087
5444
4061
2757
1971
2064
1227
-363
-873
-1051
-971
-1640
-2201
-1994
-1480
-1261
-1036
-1299
-1591
-1517
-1179
-971
-1294
-1036
-1009
-254
436
658
2020
2456
2015
2290
1650
1760
1306
-688
-1344
-2891
-4010
-4329
-5150
-3766
-3818
-3023
-1033
793
4617
4855
5497
5379
7588
9403
9654
7169
3881
5260
5338
8383
2782
269
-1573
-251
4114
-561
-361
-4375
-1406
831
-1459
-2058
-7551
-6649
-6608
-8352
-8800
-13347
-12290
-12053
-13136
-12147
-13755
-9678
-8651
-6016
-4095
-2983
1813
3309
6568
6631
6667
7682
8931
9345
7895
7116
5157
5553
5191
4355
4528
2615
2736
2693
2459
2582
1499
1744
-620
-1454
-1945
-2391
-2261
-5394
-5489
-5618
-5041
-4416
-4861
-3534
-3051
-1172
241
1335
2512
3624
5588
5509
5252
5217
6394
6235
4250
3543
2830
3285
1760
472
403
-627
-833
-1158
-1398
-1680
-2313
-2452
-2370
-2962
-3223
-3327
-3056
-4064
-3872
-2291
-1643
-374
-562
996
2410
2625
3091
2985
3120
1796
1209
-274
-1538
-2723
-4409
-4025
-4926
-3555
-3209
-2288
-368
253
4924
4475
5443
5092
5652
8786
6502
6093
3280
4634
5013
5599
4067
1177
1500
1518
4768
3004
1711
-250
577
1620
-322
-2088
-6105
-7289
-7722
-9450
-10558
-13434
-15098
-13472
-14015
-13077
-13052
-10768
-7922
-6126
-3675
-2359
1897
3815
5360
7016
6802
8123
9079
9050
9297
8403
7475
7082
7358
6640
6151
4938
3169
3603
2215
1417
44
-1704
-2881
-4385
-4765
-5503
-6170
-7206
-7587
-6702
-6267
-5479
-4299
-3546
-2042
-219
1605
3243
3674
4682
6067
6282
6110
6111
7076
6301
4567
3605
3408
4024
2243
887
625
-407
-598
-1050
-1840
-2352
-3843
-3764
-3618
-4305
-4742
-4746
-3674
-4394
-3360
-1900
-380
856
541
2146
3367
3604
3539
3759
3229
1911
404
-224
-906
-2230
-3902
-4266
-3897
-3350
-2433
-1877
-351
450
4065
4393
5291
4299
4620
8173
6264
6066
2377
4360
5685
6606
5258
1560
2604
2577
6528
4596
1927
-419
-434
1519
-492
-3575
-8125
-10092
-9657
-11062
-12174
-14782
-16806
-14200
-14542
-12582
-12444
-10727
-7158
-5659
-2585
-1662
2137
4446
6280
7933
6915
8365
10010
10706
10753
8582
7721
7752
8021
7392
5693
3846
1472
2319
1127
-273
-1985
-3855
-3905
-5746
-6050
-6453
-6052
-6801
-7426
-6034
-5394
-3993
-2962
-1460
167
1230
2674
4334
5166
5609
6639
6968
6453
6228
6804
6751
5132
3595
3444
3750
1990
365
88
-475
-1283
-2683
-3046
-3461
-4335
-4682
-4752
-4755
-4955
-4509
-3657
-3845
-3084
-1251
-299
684
383
1909
3732
3437
3750
3840
3830
3232
1875
1145
731
-1332
-2396
-3709
-3475
-3005
-2952
-1951
-2600
-701
1436
3565
3777
2728
2870
5350
6142
5989
4155
3589
5250
5946
7726
3385
3400
1844
4660
5733
1728
720
-2883
614
-1298
-2987
-6764
-10900
-9107
-10557
-11061
-13514
-16135
-13942
-13009
-12382
-11844
-11151
-7639
-6213
-3258
-2204
600
3691
5335
7789
7302
8096
9174
10705
10213
9196
8036
7006
7905
6852
5997
4555
2126
2646
1815
680
-771
-2508
-2595
-4705
-4975
-5650
-5285
-5510
-7282
-5921
-5609
-3780
-2812
-2092
-507
336
2452
3520
4432
4726
5674
6332
5545
5626
6434
6841
5161
3426
3258
3795
2903
959
21
-590
-1619
-2154
-2871
-3551
-3989
-4724
-4130
-4693
-4778
-4238
-4003
-3576
-3701
-1594
-557
90
1003
1663
3713
3429
3437
4687
4240
3834
2137
1430
1209
-287
-1573
-3305
-3667
-3965
-2915
-3005
-3106
-2577
-946
2474
2141
3167
1764
3254
5586
4709
6845
2527
3592
4282
5901
8399
2660
3279
1120
5310
5821
1847
1038
-3509
404
-1803
-3710
-6454
-11011
-8747
-10909
-11412
-13432
-14976
-11958
-12499
-11364
-11631
-9471
-5509
-5354
-2270
-2204
786
3793
5212
7403
6231
7241
7849
9986
9556
8303
8581
6880
8485
7161
6708
6065
2997
3918
2014
1285
-697
-2199
-2307
-5341
-5938
-6232
-5144
-5956
-7528
-6952
-5476
-3736
-3035
-1673
-1155
167
2282
3650
4776
4489
5732
6547
5736
6210
6755
7241
4964
3143
4308
4160
3060
806
-86
99
-2084
-2506
-3030
-3984
-4645
-5486
-4410
-5286
-5415
-4531
-3889
-4091
-4398
-1900
-112
0
-92
1523
3210
3338
3306
4329
4654
3557
2679
2915
2253
-76
-1186
-2139
-2225
-3460
-3636
-2922
-3856
-2905
-2379
742
815
751
1870
967
4256
3156
6423
4667
2677
5159
5119
10951
5227
4365
2727
3745
8079
2429
2395
-3427
-2160
-672
-3482
-4402
-10798
-9986
-9700
-10981
-11183
-14368
-12004
-11766
-11625
-10417
-10442
-6505
-6924
-4405
-3358
-1536
2565
3326
6463
5476
6718
8634
10621
11938
9974
10339
8769
9660
9468
8107
7315
3388
3393
2121
1059
-642
-3349
-3506
-6666
-6858
-6869
-6451
-6443
-8938
-7384
-5881
-4142
-2799
-2119
-586
447
2325
4224
5231
5299
6030
6855
6458
6514
7295
7729
5754
3434
3871
4122
3161
471
-918
-935
-2925
-3269
-4070
-4455
-5369
-6418
-5156
-6020
-5684
-5034
-4220
-3933
-4782
-2222
-33
205
491
1548
3903
4726
4383
5800
6041
5125
4741
4595
3940
1697
-427
-516
-1713
-4057
-4812
-5561
-4693
-5805
-4828
-3022
-2922
-458
56
3106
1860
2580
5381
6695
7425
3005
5850
6248
8760
6455
2862
3840
1971
6541
3048
1242
-2466
-2978
586
-3262
-4719
-9854
-9587
-9134
-11528
-11186
-13921
-13241
-12590
-12962
-10671
-11011
-7662
-6088
-4934
-1975
-787
4207
5031
6970
7547
7660
10142
10789
12245
10154
9729
9358
9177
9090
6909
6636
3713
1784
1235
-473
-1462
-4662
-5211
-6346
-7797
-7072
-6787
-4803
-7030
-6128
-3299
-1374
378
-708
1665
2659
3592
4694
5516
5741
5245
6018
6483
6535
5375
5908
5046
3438
2228
1940
1954
-910
-2699
-3300
-3927
-5302
-6358
-6228
-6297
-7421
-7406
-5922
-5129
-4371
-4212
-3041
-2252
-814
1844
2453
2417
2596
4831
6785
5932
5273
5917
5918
5311
3570
2969
2128
-242
-1084
-3203
-3967
-5856
-5822
-5781
-6604
-6127
-5527
-2128
-2490
854
1071
3308
3045
2739
8028
5528
7807
2314
5075
6726
5967
7976
1602
3943
492
5011
4593
82
-1341
-4720
-1
-3371
-5517
-8491
-11158
-10099
-11918
-10708
-12076
-13621
-11033
-10704
-8335
-8413
-5970
-1681
-2357
341
913
5297
7067
7051
8600
7188
9479
9977
11561
9974
7724
8247
7081
7183
4522
3692
1877
-1568
-1730
-3462
-3751
-5529
-6036
-5394
-7300
-5892
-4140
-1695
-2596
-3597
-552
625
2002
1738
2589
3177
2168
3955
5202
5212
4287
4778
5880
4852
4179
5154
4754
1836
-463
-163
-2
-3206
-5490
-5715
-6260
-7618
-7837
-6289
-5996
-6915
-5597
-2733
-2281
-1831
-771
1514
1455
805
3755
4615
4527
3067
4347
6273
4579
4548
5070
5281
3833
2496
3074
2203
-785
-2044
-2660
-3504
-5502
-6828
-6020
-6740
-6320
-5298
-3054
-2279
-846
1193
3089
3032
1889
5501
5633
6229
2077
2217
4992
4640
6312
1287
2223
494
3202
5219
884
-814
-4640
-625
-2002
-5022
-7727
-10083
-8804
-10538
-9916
-10133
-10388
-8877
-7783
-6257
-5296
-3653
-210
33
621
1793
4544
6811
6271
6990
6316
7622
8153
9402
8574
6527
6722
5134
5232
2917
2461
1279
-2337
-2614
-3306
-2827
-4368
-5229
-3920
-4772
-3698
-2238
-270
-268
-1914
757
2042
2199
1732
1891
3614
2430
3345
4811
4887
4363
3660
5015
3894
2686
2662
2085
-392
-3905
-3482
-3530
-5172
-7814
-7620
-6297
-7385
-6782
-5358
-3236
-3886
-3513
-1015
318
378
417
1842
2003
1676
2980
5123
4436
3696
4550
6607
6264
4579
5707
5910
4972
2524
2080
1794
-666
-2506
-4051
-4854
-7092
-7556
-7530
-7326
-7861
-6647
-3735
-3468
-1525
-941
3277
2934
2335
2466
3290
5978
3451
4028
996
3602
4348
6336
5522
1835
3353
3127
6868
1965
-760
-2909
-2459
-2013
-6338
-7346
-9454
-8959
-8818
-8726
-8050
-7800
-6297
-3610
-3945
-3675
-2544
675
1622
-84
897
2575
5349
4994
5647
6042
6248
7321
8164
7773
5835
5020
4436
3312
737
-252
-686
-2389
-3861
-4054
-3580
-3454
-3162
-2240
-1997
-1848
-646
1159
1374
434
1312
1703
1648
1253
2207
3333
2470
2673
3181
3847
2988
2626
2716
998
-117
-1038
-1109
-3646
-5521
-5103
-4982
-5597
-7010
-5078
-4366
-4583
-4141
-2470
-699
-1536
-1012
867
1283
1103
1724
3120
3952
2735
5056
6323
5987
5304
5226
7440
4804
3723
3372
3579
1834
-1041
-404
-1109
-2052
-4397
-3846
-4615
-5655
-6068
-6422
-6093
-8192
-5974
-4690
-3858
-4556
-3333
-65
1120
1464
1820
3060
2226
3747
3973
6461
3260
2773
5092
5974
8273
2497
4533
2341
3298
3070
-729
-33
-5058
-2537
-3984
-5092
-6133
-7574
-4163
-5231
-5447
-5419
-3684
-1351
-2468
-3111
-2704
-1316
196
-685
152
632
2157
3630
3972
5183
4672
5923
5368
5069
3762
3286
3363
454
-370
-1979
-664
-1275
-2717
-1564
-1979
-702
-784
748
1958
571
948
1450
2363
1642
292
1100
336
-74
403
723
1636
352
495
597
-109
239
-123
-676
-2700
-3931
-3412
-2992
-4036
-4741
-4764
-4209
-3536
-2919
-1071
-1079
-559
42
931
2233
1782
2797
2728
2080
2793
3223
4293
3666
3292
4431
4075
4022
3269
3534
3190
1280
955
432
420
-930
-1785
-1935
-2856
-3175
-3662
-3294
-4470
-5503
-5603
-5787
-5764
-6600
-5502
-4599
-3886
-2794
-1329
331
1448
2663
3671
3500
2590
4372
5076
5884
2829
2566
4616
5565
7086
2612
3228
1739
3749
3971
209
-6
-2815
6
-1533
-2968
-3813
-4683
-2504
-3887
-4486
-4948
-4134
-2467
-3763
-4690
-4160
-2991
-1262
-1643
-509
147
1138
2845
3701
4192
2680
3277
3423
3000
1230
1238
1806
380
35
-145
1839
1155
874
2258
1909
1502
940
2202
2168
-386
-856
-73
-228
-1266
-1899
-342
-1127
-1956
-526
360
802
-1187
-684
-288
-1677
-1774
-2418
-2329
-3946
-3940
-2650
-2688
-2720
-1669
165
-253
-435
879
2841
2058
933
1464
1867
1572
826
2220
2250
1556
1925
3057
4001
3074
3261
3936
3079
2192
1817
1802
803
-809
-805
-1248
-2416
-3026
-2795
-2460
-3671
-4324
-3745
-3998
-4415
-5263
-5077
-4811
-5472
-3644
-2859
-1758
-1660
-470
2447
2974
3781
3429
3702
3330
3768
4617
4796
2824
3021
4723
6235
6348
3108
4293
2804
4161
2306
-335
-225
-2904
-560
-3466
-3742
-3860
-4382
-2122
-4511
-4049
-4893
-3762
-2166
-4163
-4393
-4390
-2360
-1707
-2529
-926
690
1451
1865
2314
3010
2502
2178
2742
1562
564
1497
2408
1815
926
2056
3762
2381
1718
2636
2327
843
-957
525
-339
-2433
-1983
-784
269
-1565
-843
978
155
-472
-522
-74
-741
-2454
-2115
-2640
-4193
-3447
-2654
-2052
-3024
-2193
357
123
-6
407
1631
1272
-205
1090
1741
820
323
953
2331
1674
1494
3574
3493
2717
2414
3181
3832
1476
1557
1865
938
27
-785
299
-1195
-2116
-1570
-1490
-2071
-3288
-1970
-1786
-2772
-3172
-2411
-1600
-3076
-3616
-3168
-2737
-3191
-2998
-1920
-1139
-804
234
1914
2370
3195
3247
4312
2862
2419
3636
3658
3871
825
3054
3728
4264
3857
1423
2919
319
2354
1240
-682
-1216
-2932
647
-2064
-2555
-2398
-2425
-700
-3639
-2329
-3081
-3105
-2005
-3807
-3245
-4727
-3117
-2029
-2790
-1262
-802
743
639
1228
2498
1718
1902
1805
2377
2028
2166
2781
2188
2378
2431
3274
1372
907
2008
1064
13
-1753
368
331
-1569
-578
-92
883
-1215
-1040
319
-1685
-2170
-3195
-2257
-3075
-4268
-2511
-2859
-2697
-1943
-370
356
-642
414
1874
1117
61
333
1599
1169
-49
1245
2102
2115
2049
2577
3611
2605
2676
3310
2525
1234
378
1562
769
-1051
-1286
-644
-417
-1870
-1982
-1524
-1595
-2076
-1489
-839
-1812
-1875
-1294
-139
-861
-1643
-817
-786
-1319
-2363
-1941
-1561
-1881
-1495
-647
207
280
1252
2827
3228
2382
2244
2106
1232
854
970
2130
260
330
2166
3698
4132
1648
3089
2347
2518
2178
483
653
-1342
535
126
-1129
-402
-959
386
-1740
-2057
-1425
-3125
-2947
-4798
-4571
-4773
-4922
-3857
-4432
-2716
-888
96
229
385
1783
1765
1023
1104
1092
888
960
1738
1652
1581
2424
3583
2735
1267
2697
2445
890
-808
-307
829
-1626
-1533
-658
49
-859
-2153
-419
-1703
-2283
-2475
-2594
-2316
-3619
-1772
-1434
-1884
-796
354
1715
370
930
2201
1624
900
584
2087
1564
867
1904
2518
2537
2245
3002
3083
1400
1122
1528
621
-1054
-1816
-841
-1318
-2302
-2071
-1226
-1225
-1871
-1484
-966
-946
-1097
-638
-341
-408
-153
381
499
156
402
712
399
110
-591
-508
-823
-1136
-642
-1218
-540
-609
79
902
503
1051
243
395
167
-1023
-203
-45
927
588
125
2944
3319
4290
2969
2519
3083
1880
3336
1437
790
455
1420
2885
300
1025
1264
780
-644
-2745
-1561
-3518
-4422
-4764
-5606
-5175
-5618
-3093
-3057
-3168
-1310
-95
95
-1378
-530
295
-625
-1456
-796
350
1148
1986
2118
2567
2872
3902
3499
1387
1766
1542
751
-929
-1255
638
-584
-865
-511
98
154
-1505
-637
-1133
-2138
-2422
-2852
-1936
-2674
-1967
-905
-1116
129
756
1770
1092
1140
2795
2182
1354
898
2469
2677
1487
2088
2613
2444
1212
1354
1404
-137
-658
-430
-667
-2340
-2411
-858
-1051
-2005
-2184
-839
-908
-1354
-981
-775
-483
-545
623
418
288
1052
1417
1503
271
543
626
219
-158
-1068
-929
-1047
-663
-111
-178
182
149
567
1116
776
322
-306
-537
-388
-389
506
859
403
1276
1868
2984
2252
1544
2041
982
1925
1499
1766
1740
1378
2916
1684
1578
1245
519
33
-2118
-2282
-3462
-4331
-3967
-4716
-4283
-4294
-3045
-2533
-2834
-1399
-1017
-1333
-2003
-1452
-851
-1713
-1541
-306
409
729
1585
2485
2609
2473
2884
2432
859
777
1130
575
-552
-584
940
676
307
596
848
830
-496
-447
-942
-1900
-1971
-2299
-1774
-2234
-1737
-695
-525
291
576
1483
1366
1083
1684
1739
1811
1155
1322
1799
1869
1724
1301
1207
1076
632
-76
-387
-554
-499
-931
-1553
-1862
-1814
-1089
-1087
-1406
-1485
-1064
-427
-738
-521
-96
104
542
650
1525
1391
1273
1697
1276
1072
269
773
638
-144
-459
-1137
-632
-1026
-194
35
-297
170
-186
694
-62
-175
-444
-1240
-671
-936
314
163
262
1086
1030
2556
2093
2221
1682
1331
2589
1861
2695
2083
2290
2291
1191
2052
527
238
-953
-1748
-1647
-3522
-2878
-3599
-3424
-3036
-3469
-2545
-3606
-2712
-2416
-2577
-2249
-2944
-2149
-2381
-1616
-603
-376
277
670
1837
1965
1841
1812
1758
1534
1022
1270
901
1097
1151
1489
1807
1166
1529
1103
915
465
-132
-211
-1546
-1749
-1766
-1551
-1435
-1812
-702
-323
-163
-145
99
963
575
584
552
582
804
331
796
874
1077
1191
493
590
327
740
413
-568
-676
-744
31
-500
-1135
-1064
-819
-271
-823
-509
-181
-98
233
260
745
559
786
1340
1423
1078
742
1100
914
553
184
285
61
-389
-103
-308
-205
-499
-122
324
-155
180
33
203
-287
-515
-276
-701
-498
-651
-220
-126
226
782
772
1214
1225
1700
1343
840
1284
1498
1878
1153
919
1124
688
623
-87
-184
-729
-1506
-1284
-1544
-1434
-1890
-2058
-1737
-2077
-1873
-2175
-2235
-2083
-2188
-1846
-2083
-1819
-1342
-1238
-1171
-990
-141
191
88
97
420
551
214
202
262
653
856
1156
1453
1392
1779
1737
1717
1422
988
1081
606
357
133
-54
-62
-498
-288
78
184
34
-377
-307
-325
-303
-222
-613
-901
-856
-450
-201
-329
-20
285
136
-147
-37
410
426
272
233
184
87
397
839
724
385
350
762
856
698
835
895
712
548
468
476
303
365
595
389
269
140
268
228
-114
32
21
-69
-169
-282
-122
-193
23
264
117
107
-69
94
-35
-606
-934
-1170
-957
-1089
-1242
-1175
-1060
-645
-604
-540
-446
-491
-364
-383
-224
2
57
299
404
807
1166
1249
1506
1592
1819
1749
1519
1432
1297
1152
930
809
570
195
-130
-249
-570
-1020
-1320
-1622
-1779
-2155
-2274
-2403
-2791
-2762
-2785
-2436
-2254
-2106
-1825
-1949
-1592
-1229
-775
-477
-173
506
880
1220
1549
1795
1975
1985
1953
1989
1817
1669
1555
1418
1366
1187
1068
892
857
756
276
-75
-262
-333
-667
-1081
-1018
-889
-825
-830
-788
-645
-546
-357
-236
-164
-152
21
183
145
261
632
973
887
744
795
1035
1110
957
831
762
684
695
685
423
282
180
277
111
-164
29
-112
-294
-505
-345
54
-244
-192
-45
174
312
101
419
221
-46
-57
-233
-227
-601
-645
-654
-941
-840
-878
-868
-1071
-1255
-975
-1074
-1246
-1136
-915
-751
-937
-728
-126
180
328
491
934
1215
1312
1721
1941
2011
2026
1973
1964
1589
1497
1569
1113
668
330
260
-39
-677
-840
-1057
-1318
-1770
-2020
-1993
-2372
-2332
-2319
-2219
-2171
-2127
-1772
-1745
-1511
-1246
-821
-586
-462
45
445
744
821
1044
1221
1154
1176
1222
1117
799
783
957
975
779
603
671
437
215
111
9
-147
-453
-259
-312
-343
-120
3
93
-208
120
478
536
510
372
603
551
585
680
489
395
395
541
501
355
537
629
433
87
-123
-148
-316
-405
-420
-485
-498
-320
-45
100
188
238
317
332
418
444
302
351
492
750
754
681
933
1008
773
269
35
0
-353
-619
-882
-928
-885
-1042
-1126
-1287
-1290
-1377
-1574
-1701
-1696
-1538
-1617
-1521
-1185
-657
-154
120
475
807
1166
1322
1431
1686
1801
1806
1639
1485
1473
1379
1235
950
594
417
279
63
-227
-469
-723
-1012
-1362
-1441
-1469
-1599
-1691
-1767
-1626
-1689
-1527
-1293
-1274
-1131
-971
-664
-518
-423
-53
182
256
266
463
740
698
701
706
741
728
813
996
868
760
792
849
682
496
567
500
242
182
414
489
263
314
507
503
342
289
359
184
79
16
-117
-229
-179
10
-137
-286
-174
-70
-218
-548
-481
-455
-622
-791
-907
-734
-763
-582
-327
-212
-70
195
644
696
770
929
1062
990
850
1110
1280
1206
1096
1146
1297
1200
1198
1137
763
418
71
7
-265
-530
-704
-1069
-1099
-1239
-1280
-1482
-1921
-1953
-1916
-1928
-2004
-1947
-1716
-1449
-1246
-987
-421
72
437
660
844
1102
1286
1590
1530
1456
1532
1547
1636
1362
1354
1215
828
647
319
218
-69
-416
-585
-955
-1030
-1080
-1109
-1109
-1283
-1245
-1383
-1395
-1218
-1107
-982
-1061
-967
-711
-473
-275
-179
-99
-94
-58
-27
69
143
122
234
294
430
562
614
603
628
648
558
542
487
614
626
623
778
830
903
810
876
971
889
777
542
537
567
610
589
129
16
34
62
61
-364
-417
-506
-596
-771
-1076
-1005
-1145
-1095
-1120
-1009
-809
-730
-298
-206
52
254
414
651
642
831
791
686
617
824
1089
893
926
972
1052
1000
819
879
602
319
94
-1
-124
-503
-801
-1027
-1002
-1103
-1206
-1377
-1570
-1490
-1454
-1392
-1439
-1289
-1049
-915
-693
-430
-70
-3
114
538
755
884
879
989
1163
1039
1109
1108
982
845
802
895
682
487
301
144
-60
-273
-339
-502
-646
-788
-743
-733
-762
-749
-790
-784
-906
-782
-620
-583
-576
-680
-563
-491
-354
-299
-423
-400
-327
-86
-46
13
132
195
320
284
434
471
433
389
360
485
471
648
831
975
1061
1037
1202
1230
1276
1211
1046
941
686
669
593
477
395
175
57
-127
-194
-297
-555
-854
-1039
-1004
-1142
-1251
-1353
-1307
-1229
-1113
-861
-744
-494
-304
145
350
316
543
534
714
845
867
919
701
773
922
964
951
766
800
674
526
463
315
71
-336
-528
-705
-858
-960
-1103
-1267
-1292
-1287
-1204
-1191
-1402
-1161
-1030
-1032
-865
-723
-471
-420
-285
-54
109
310
409
564
487
541
810
786
817
814
1079
1120
855
927
856
695
488
420
352
174
188
177
174
-22
-57
111
-25
-70
-24
-22
-147
-315
-231
-178
-390
-449
-449
-552
-649
-786
-674
-698
-835
-743
-512
-341
-422
-305
-256
-256
-146
-230
-138
-216
-175
158
183
272
404
691
909
885
983
962
913
826
867
958
879
675
435
442
532
491
288
113
-54
-22
-5
-254
-401
-612
-753
-856
-960
-891
-837
-704
-674
-533
-202
-205
-152
1
81
131
162
282
287
354
388
342
291
227
428
491
419
398
434
480
304
227
228
29
-174
-296
-415
-508
-680
-794
-837
-787
-711
-783
-866
-1030
-820
-671
-785
-674
-582
-272
-222
-196
119
124
261
290
383
585
499
570
629
753
782
782
900
742
808
871
646
543
445
457
315
17
31
52
105
199
186
237
176
146
112
-85
-119
-143
-244
-408
-415
-203
-304
-445
-523
-503
-340
-497
-567
-563
-635
-558
-558
-557
-552
-614
-532
-503
-500
-302
-218
-93
28
101
314
410
568
644
813
880
761
964
926
906
759
498
540
465
495
316
146
101
-106
-98
-240
-420
-600
-785
-834
-904
-768
-728
-582
-372
-309
-113
-69
-57
-11
74
214
212
317
461
492
610
559
430
379
387
496
430
428
490
513
390
104
94
-120
-446
-548
-663
-574
-612
-626
-573
-730
-707
-796
-831
-749
-754
-599
-442
-290
-206
-75
69
139
150
86
76
161
187
148
227
259
452
604
592
566
529
561
530
491
466
322
181
275
249
302
326
225
291
288
377
296
212
166
104
142
47
82
23
-168
-214
-264
-276
-360
-523
-537
-636
-663
-561
-499
-466
-474
-458
-460
-480
-614
-618
-459
-351
-268
-121
59
207
227
272
336
332
438
490
647
764
792
853
818
642
461
321
52
8
160
212
119
22
-13
-85
-310
-468
-592
-836
-912
-803
-503
-373
-382
-243
-47
28
80
190
193
122
52
67
171
250
265
442
534
560
610
524
463
335
179
-40
-193
-177
-79
-65
-156
-202
-276
-357
-488
-518
-607
-794
-738
-522
-189
-110
-158
-57
28
95
28
-13
-9
-48
25
79
58
74
90
152
108
44
71
7
47
181
271
339
322
386
442
246
95
14
13
-12
-57
133
238
333
477
557
534
299
101
125
142
45
4
27
53
-21
-7
-51
-275
-441
-509
-461
-487
-512
-480
-494
-475
-409
-366
-338
-401
-371
-292
-338
-266
-95
101
149
264
487
625
748
729
708
623
426
376
411
445
325
170
187
116
88
59
-79
-225
-373
-452
-479
-453
-450
-458
-463
-465
-309
-206
-218
-132
-44
45
30
32
95
59
-26
-6
121
197
210
228
303
276
288
305
293
215
56
19
-67
-87
-111
-186
-174
-236
-323
-341
-389
-398
-371
-365
-356
-273
-124
-109
-101
-55
56
80
13
16
-2
-17
-32
-53
-12
-13
-82
65
124
166
248
256
340
335
400
436
422
385
259
212
164
110
167
210
243
269
364
436
382
458
441
313
219
104
92
27
-97
-90
-81
-87
-162
-218
-238
-453
-553
-554
-561
-557
-624
-541
-524
-507
-494
-535
-477
-560
-509
-373
-275
-105
34
188
291
335
410
484
478
439
431
512
493
452
452
351
349
317
249
183
99
73
-45
-112
-148
-205
-220
-279
-269
-270
-223
-196
-139
-48
-66
-26
9
16
-42
-30
22
-5
-60
-27
51
48
98
120
93
27
-16
-48
-142
-190
-214
-246
-256
-276
-215
-150
-135
-105
-89
-34
-88
-123
-98
-74
-93
-160
-94
-44
9
67
106
142
86
47
45
-19
-62
-106
-103
-53
-41
43
157
242
275
285
279
291
293
255
241
217
208
209
243
346
442
495
541
585
605
589
549
424
319
215
97
28
-32
-66
-157
-207
-238
-288
-312
-388
-439
-545
-597
-585
-630
-639
-673
-672
-673
-659
-566
-454
-404
-335
-238
-126
-33
30
157
165
158
214
293
358
370
401
395
380
326
276
297
219
137
98
89
92
38
4
-10
-24
-67
-111
-111
-86
-89
-57
-20
33
76
32
27
24
25
-15
-78
-25
-17
-25
3
0
77
51
0
-61
-140
-146
-255
-287
-269
-228
-158
-89
-15
15
6
21
54
31
32
-11
19
16
-6
62
83
122
100
74
56
25
19
-51
-101
-130
-171
-189
-188
-111
-71
-44
2
69
143
171
177
213
228
194
218
231
310
319
325
380
415
516
532
495
461
401
315
191
95
28
-57
-82
-146
-93
-74
-138
-103
-141
-209
-287
-303
-345
-409
-414
-389
-361
-325
-341
-342
-344
-351
-305
-308
-266
-251
-219
-165
-135
-75
-36
40
67
76
144
137
115
93
70
76
59
90
89
89
69
49
97
87
88
113
85
26
-15
-48
-18
-10
-17
6
13
86
75
70
66
41
35
-26
-10
-28
-66
-28
-8
-5
-2
-4
9
-18
-41
-44
-44
-30
-25
-7
-3
19
43
60
92
152
184
172
165
177
161
137
113
72
104
90
89
77
20
-16
-39
-23
-67
-136
-152
-176
-206
-215
-233
-209
-172
-98
-68
-26
23
4
45
32
27
57
92
113
119
189
271
270
253
242
199
167
90
57
27
-28
-14
-23
-35
-38
-69
-45
-61
-133
-178
-208
-205
-193
-208
-216
-155
-103
-107
-107
-104
-75
-53
-44
-35
-16
3
3
10
1
19
51
86
81
38
41
53
57
67
52
61
62
61
58
10
10
11
6
-15
-3
10
-35
-67
-90
-77
-62
-57
-52
-42
15
44
53
40
32
16
-13
0
-22
-25
-21
-10
-11
-13
11
20
5
-43
-79
-53
-26
-34
-20
-12
9
35
50
54
68
105
129
111
100
108
114
126
76
44
36
31
47
18
11
-2
-26
-14
-80
-119
-139
-146
-165
-209
-171
-97
-81
-55
-29
-28
1
-1
14
23
28
46
89
113
119
160
178
155
136
142
163
162
163
122
38
18
-7
-19
-48
-67
-68
-60
-59
-93
-116
-130
-99
-106
-113
-80
-45
-41
-55
-36
-26
-18
-29
-8
-1
-20
32
25
37
34
9
52
51
10
-31
-44
-50
-48
-30
-4
13
1
-39
-49
-38
-13
-7
-41
-29
-47
-22
-5
-34
-19
-19
18
44
48
59
60
73
39
27
54
59
63
-3
-16
-13
-6
13
-38
-48
-67
-64
-79
-85
-74
-59
-23
-69
-70
-26
5
-13
-18
3
-12
6
43
53
53
39
80
119
105
82
76
126
131
86
57
72
85
61
1
-63
-47
-40
-60
-63
-79
-40
-45
-59
-28
-26
26
12
7
19
3
51
59
54
67
91
118
133
143
103
54
57
55
0
-60
-71
-56
-74
-104
-129
-134
-104
-115
-129
-92
-60
-35
-29
-58
-54
-42
-25
-40
-41
-2
-6
39
41
25
0
20
56
34
20
26
60
25
19
-19
-27
-26
-75
-77
-67
-29
-41
-53
-53
-29
-9
-25
0
3
-5
7
22
63
41
32
85
70
43
45
39
56
47
19
3
-31
-2
-15
-38
-41
-59
-30
-16
-18
-27
-45
-53
-42
-48
-35
-41
-6
19
14
63
76
91
107
112
117
133
136
104
105
94
69
77
57
51
39
-18
-18
-23
-55
-69
-91
-85
-89
-84
-95
-105
-85
-64
-26
-55
-39
-59
-63
-41
-26
44
22
34
22
33
40
60
101
63
65
43
55
53
44
16
-5
16
-15
-55
-87
-58
-41
-71
-71
-37
-29
-51
-76
-31
-8
6
3
-18
24
32
-3
-10
13
-3
19
25
30
2
0
21
6
7
-28
-55
-44
-45
-55
-45
-57
-19
-16
-18
-19
-29
-4
-7
9
30
43
18
31
34
12
-5
19
46
22
4
11
41
25
-3
-35
-38
-18
-9
-46
-55
-31
-20
-13
-43
-29
6
-3
10
54
42
69
61
54
100
82
91
83
97
108
93
111
119
105
106
101
79
73
22
15
-7
-16
-6
-86
-78
-69
-100
-128
-113
-115
-142
-95
-90
-72
-84
-74
-44
-38
-24
-33
-9
-27
-22
2
11
14
10
26
29
18
6
67
76
43
52
27
5
-15
-28
-16
-15
-1
-7
-22
-17
-25
-18
6
0
-25
-21
-38
-45
-57
-61
-34
-21
-25
-15
-15
-5
22
17
2
5
43
15
5
-3
5
12
-17
1
-28
-27
-9
0
-6
-16
0
19
32
20
24
23
-4
16
36
23
28
35
15
6
22
10
41
53
41
27
0
40
38
15
5
-5
4
0
-36
-45
-26
-31
-38
-43
-18
7
25
57
25
9
68
77
47
56
54
53
46
9
33
35
32
42
22
4
4
24
7
0
-4
-20
-9
6
-46
-63
-54
-77
-57
-58
-70
-77
-68
-74
-69
-60
-76
-60
-62
-67
-82
-29
22
-3
31
39
26
47
56
13
-12
22
35
12
-6
13
16
0
4
4
-23
-38
-20
16
39
27
9
19
24
-19
-32
1
13
7
13
3
14
6
-4
-24
-24
9
-6
-12
-27
9
5
-11
-2
-4
4
0
0
17
34
-2
17
23
16
1
-1
37
51
29
10
28
22
10
9
51
20
-10
-1
-18
-24
-22
12
-10
-14
-6
-13
-7
-19
-16
-15
14
42
1
-22
-16
-36
-42
-50
-38
3
18
-3
-16
6
33
24
16
59
66
66
42
21
56
47
23
13
46
16
-24
-22
-19
-2
1
3
-6
-13
-23
-16
-48
-40
-4
-19
-36
-29
-18
-18
-2
-16
-8
-24
-8
7
-2
-23
-30
-9
4
6
12
43
18
26
-3
-3
24
12
-5
-31
-19
-23
-45
-47
-28
-16
-16
-8
0
-18
-6
-7
4
14
-1
-14
-21
-10
-31
-48
-50
-7
18
7
11
16
29
8
4
38
17
40
57
41
32
24
35
12
19
-3
-19
-31
-29
-19
-14
-4
-31
-6
16
28
28
10
0
-10
4
39
61
73
48
47
34
4
-16
-26
-3
-13
13
-9
-50
-15
7
-14
13
33
2
23
32
11
-14
-22
-35
-67
-28
22
30
54
27
-29
-26
7
-16
-3
9
-38
-32
-49
-38
-26
-49
-39
-19
-1
10
-28
-42
-57
-84
-52
-25
23
3
10
18
41
78
66
78
60
59
36
16
3
18
8
-11
24
16
2
-3
6
25
31
30
55
26
10
19
11
25
6
-20
-34
-48
-31
-6
-34
-45
-38
-28
-18
-9
-13
-34
-48
-18
21
4
-5
6
13
-13
-7
-11
-57
-82
-77
-49
-7
0
-33
-23
-37
-44
9
16
23
26
-3
6
3
26
36
23
2
16
26
20
4
-29
17
16
4
12
44
34
27
37
43
50
40
90
75
34
3
-4
1
-20
-13
-4
-46
-86
-95
-50
5
1
8
7
-6
-15
2
28
29
28
51
14
19
23
-5
-4
-20
7
-4
4
3
11
33
7
-13
34
67
60
28
-9
0
-1
29
6
-10
-29
-22
8
-29
-43
-57
-73
-79
-76
-35
-27
-18
6
-7
-11
-25
-3
2
-1
13
16
-26
-32
-20
-29
12
3
2
0
9
-10
-38
-9
25
27
26
51
13
-5
-4
4
10
0
6
22
33
17
-28
-67
-63
-20
16
48
28
-41
-35
-10
12
13
19
3
12
38
-6
-4
-23
-10
-29
-41
29
36
5
-27
-5
29
22
-13
-7
14
18
34
26
-1
7
27
28
56
61
51
34
8
-10
-6
-3
4
-12
-30
-22
-32
-10
1
13
26
50
45
12
16
-6
-3
-10
-22
-15
-47
-54
-60
-51
-31
-30
5
17
21
-3
9
-10
-38
7
-2
2
11
5
-40
-46
-4
22
41
9
-16
-21
-4
-37
-37
27
0
11
55
69
67
60
82
64
66
56
21
16
-11
-7
-25
-26
-5
-56
-46
-31
-23
-13
-12
7
-19
1
-13
-31
-7
-21
-31
-31
-36
-48
-32
-40
-26
-16
-9
-16
-58
-47
-75
-82
-43
-28
-29
-14
-21
-25
12
4
12
11
18
7
-20
9
16
48
26
32
63
32
34
20
37
44
37
53
32
46
38
19
39
20
8
-1
0
7
33
65
29
45
34
8
38
44
47
51
38
55
60
19
12
16
28
-15
-27
-4
-6
-53
-90
-64
-38
0
-1
-14
-9
3
-25
-15
-16
-38
-27
-55
-40
-61
-55
-28
-39
-35
-28
4
-18
-16
1
-6
13
17
11
-22
-35
-35
-42
-31
-4
-11
-40
-38
-17
-4
-12
-8
-6
2
4
7
-4
13
31
45
35
31
45
-22
-3
-16
6
13
-34
-37
-44
-36
-56
17
6
3
6
-16
17
54
80
40
31
39
28
-2
32
32
26
53
31
47
36
0
19
24
29
49
51
28
1
27
-3
11
18
-12
-36
-57
-66
-103
-79
-75
-61
-21
-13
-15
10
11
4
12
20
25
43
46
7
14
-1
5
-10
-19
-5
0
7
23
43
-39
-51
-23
-6
8
19
48
16
3
18
12
-17
-35
-13
-17
-6
12
-29
-19
0
-15
-9
-2
41
42
19
21
-7
-38
-57
-63
-36
-25
-26
-36
-43
-37
-18
-3
3
14
0
-11
6
39
56
78
84
55
23
6
-18
-25
6
7
4
37
31
-10
-28
-55
-56
-56
-31
13
30
42
-9
-21
2
-13
15
6
-1
5
-13
9
-12
-7
-13
0
24
11
54
26
40
42
5
25
2
3
-15
-29
-28
-28
-15
-19
6
-1
33
34
-25
-32
-28
-9
-8
4
-5
-57
-78
-86
-64
-29
-12
-21
-21
8
-1
22
26
7
-6
-10
67
114
99
40
56
51
34
69
60
49
16
4
11
34
6
-41
-32
-7
24
15
15
22
6
-16
-18
-1
-8
-23
-19
-16
-22
-50
-51
-23
-33
-22
-33
28
12
-60
-63
-89
-27
4
31
45
59
44
7
9
18
32
-2
9
-9
-16
-30
-82
-76
-53
-13
6
26
40
6
-15
-12
13
15
-26
-16
28
16
-23
-51
-57
-22
32
45
17
3
-5
-3
-20
-13
1
-25
-32
-18
-23
-30
-31
-32
-2
0
7
41
70
48
19
16
48
85
88
126
116
122
85
37
57
47
28
19
34
1
-27
-40
-54
-56
-45
-53
-45
-45
-48
-51
-81
-62
-57
-14
4
15
16
-55
-89
-71
-48
-56
-16
-1
-67
-61
-26
-20
-2
36
49
8
20
8
28
61
35
34
42
84
83
84
66
13
22
22
32
48
57
63
11
-19
-4
8
-10
-17
-3
-17
-22
-45
-50
-42
-34
-28
-16
-19
-50
-48
-53
-44
-20
-28
-28
1
1
13
13
-13
-22
-35
3
20
15
9
-1
-5
-8
26
27
41
32
11
-21
-52
-49
-62
-41
-40
-34
-36
-23
-29
-66
-29
12
19
29
32
29
19
-15
10
53
71
66
66
60
45
40
31
41
38
47
28
13
-12
-29
-23
-31
-30
-19
2
16
23
-29
-43
-41
-4
41
74
81
3
-20
-38
-10
22
13
11
10
26
-9
9
10
-15
5
7
3
-36
-35
-40
-48
-35
-13
11
14
57
41
7
3
10
25
54
81
67
48
-5
-33
2
23
20
18
-13
-26
-35
-28
-29
-38
-59
-100
-77
-47
-13
-18
-39
-66
-62
-48
6
59
45
-13
-73
-65
-64
1
38
47
26
-45
-58
-45
4
-17
-34
-20
-37
-38
-49
-28
-15
-15
-1
32
54
45
38
16
6
6
0
29
73
51
25
23
1
26
71
90
97
50
6
-19
-3
2
1
16
-19
-18
4
8
4
-12
-17
5
1
-16
-13
-9
2
-10
6
44
67
59
60
38
8
20
24
23
-11
-29
-28
-53
-46
-23
-16
-1
9
22
7
-13
3
43
74
82
70
14
30
83
80
72
19
-20
-50
-51
6
-2
-6
-57
-89
-50
-54
-42
-21
1
-3
13
20
-19
-54
-88
-97
-73
-33
1
-17
-74
-96
-102
-86
-53
-34
-12
-6
1
-29
-51
-13
0
11
27
29
16
-25
-37
-3
18
11
13
4
-31
-55
-39
-4
24
47
60
28
-3
-7
3
-3
-4
7
32
51
32
32
0
4
65
99
101
86
40
16
17
26
20
23
31
12
29
-19
-6
9
0
22
-2
22
-12
-18
-6
23
83
58
42
13
12
-24
-27
14
4
1
-18
-32
-45
-29
-40
-16
16
19
35
48
63
37
21
22
34
22
9
-7
-21
4
4
-35
-25
-54
-50
-42
-82
-44
-44
-56
-44
2
26
31
9
-3
1
3
44
11
-15
-43
-77
-80
-44
-16
-57
-76
-82
-66
-34
-32
-27
15
28
-12
31
29
19
44
3
7
-23
-18
0
0
1
-3
39
14
22
58
26
4
-10
5
37
28
-14
-42
-39
-67
-69
-16
-9
-31
26
-18
-76
-25
42
117
106
84
70
63
70
85
47
0
7
2
-19
-21
-47
-91
-96
-70
-28
6
27
45
56
25
32
-13
-14
56
69
73
33
20
23
-19
-8
67
36
8
35
28
-26
-16
12
-25
-16
9
21
35
47
-15
-48
1
19
-33
-36
-26
-82
-55
-3
-11
4
41
46
10
48
51
3
47
48
65
54
24
-3
-78
-108
-109
-119
-104
-79
-16
-51
-107
-47
-62
-7
46
7
-14
28
32
30
25
-34
-41
-24
3
-36
-43
-40
-51
-63
-21
-26
-77
-49
-24
-4
-7
-14
-54
21
66
28
64
82
18
-26
32
111
87
77
68
4
47
15
51
104
108
105
49
106
47
5
-17
-74
0
-14
-2
-1
-45
-43
-88
-68
-39
-17
8
41
47
8
88
83
76
63
-61
-25
-6
-28
-85
-110
-56
-123
-95
-62
-60
-18
-71
-70
-50
-47
-39
-5
39
44
24
0
27
45
25
26
42
31
44
5
-1
29
84
63
-19
4
21
44
32
19
-6
37
54
47
37
-3
-10
-15
41
72
57
55
70
50
75
15
-13
-16
-44
-3
-28
-20
-62
-80
-72
-44
-57
-130
-115
-102
-106
-98
-99
-98
-92
-69
24
29
-1
-11
-21
20
34
69
92
99
74
-11
-35
-31
-22
-1
8
6
5
15
9
35
76
59
29
71
60
47
20
-2
16
17
9
-12
9
2
23
-6
-5
-20
-66
-26
-44
-31
-17
-8
-31
-76
-70
-84
-64
-33
-45
-22
-13
-13
12
19
55
41
24
44
50
44
19
33
47
66
100
114
87
33
4
24
33
17
-1
-10
7
-14
-7
-22
-34
-16
6
50
7
10
19
14
6
-22
-25
-26
-18
-40
-15
-2
-17
-23
-15
-1
15
18
21
25
-5
-17
-34
-32
-29
-23
-42
-56
-50
-81
-53
-18
3
-3
-12
-6
-33
-15
-20
-39
-3
36
25
4
0
0
14
-10
-3
7
47
72
19
-7
-22
-9
-4
13
17
0
-31
-31
1
-12
-13
-7
11
13
-16
-33
-31
-20
-18
-5
-1
7
-12
-22
-13
9
-7
2
59
32
29
19
10
13
19
16
18
48
25
-2
-8
8
14
-16
16
60
45
60
38
25
12
6
33
15
20
13
-6
-8
16
16
0
29
49
34
58
43
9
13
-20
-3
0
-6
-38
-56
-41
-66
-62
-43
-30
-34
-38
-12
-22
-41
-42
-47
-4
22
44
25
32
40
-10
4
5
3
-26
-15
-6
-39
-17
-31
-34
-10
-17
-9
-15
-10
-10
-20
-15
-12
5
-30
-51
-45
-42
-17
-34
-13
3
-36
-28
-14
-9
-18
-15
12
25
17
16
21
28
9
9
36
8
38
39
36
26
1
29
-5
41
61
51
57
8
46
35
46
53
25
57
12
34
32
20
17
28
46
7
25
10
-6
-11
16
11
-26
-8
-1
-12
-19
-28
-30
-9
-13
-7
-22
-42
-48
-36
-36
-64
-65
-64
-61
-52
-53
-61
-44
-35
-15
-31
-37
-10
-9
36
-7
-6
18
5
33
14
16
-6
25
43
37
64
37
47
11
-12
6
8
19
-9
-10
3
0
20
8
38
56
29
50
35
31
52
51
18
10
38
-18
-31
9
-34
-39
-19
-21
-6
-13
-32
-56
-20
-40
-73
-34
-17
-10
-22
11
22
-27
-5
-7
-21
-2
-29
-11
-39
-32
-10
-5
15
-19
-1
10
20
14
10
4
8
27
10
-13
-8
-3
-19
-36
-16
16
-12
10
16
-21
-15
30
27
9
35
17
18
34
36
15
19
36
19
25
37
-3
-25
3
-7
-17
-17
-26
-20
3
-4
-10
-3
1
-7
19
27
16
51
64
61
37
52
44
6
20
12
42
26
13
-3
-47
-21
-49
-18
-21
-48
-29
-59
-37
-37
-34
-39
-39
-24
-39
-34
-15
-15
-6
-4
-24
-17
-41
-26
2
25
26
2
29
22
35
10
-16
-1
-6
16
8
30
16
-15
-3
-15
-9
-29
-8
10
-5
0
-14
0
31
35
6
-26
-11
6
-5
33
1
12
40
23
25
-2
5
-28
-30
-25
-23
-30
-10
6
-21
2
6
12
15
1
2
14
3
18
3
27
26
-4
32
26
13
-13
6
4
9
20
-25
-13
11
-5
-12
3
31
40
24
25
27
8
-10
-3
-4
-17
-16
-3
13
10
-12
-12
2
-3
-26
-40
-36
-55
-45
-34
-51
-39
-10
-1
3
36
18
-10
10
20
26
19
8
7
17
13
-10
-18
-3
14
26
26
8
-30
-30
7
7
16
-3
9
16
-8
1
-8
12
15
31
36
31
33
7
2
2
-7
-25
-35
-36
-26
-12
-10
-19
-19
-3
-7
-22
-13
-6
-22
-12
-32
-25
-10
-8
7
-19
-16
-23
-3
9
19
43
10
19
18
-15
-14
4
24
11
3
5
11
3
-31
-48
-16
-12
-31
10
19
-9
-1
-2
2
20
17
48
48
36
31
28
33
33
44
26
35
11
7
-9
-16
32
13
3
-3
3
2
-23
-22
-4
0
0
-11
-10
-12
-3
0
-4
21
-6
-4
2
-17
-21
-20
-10
9
44
41
24
7
1
2
-16
-3
-8
-27
8
-22
-28
-22
-48
-13
-1
-7
-34
-38
-25
-9
1
-13
-27
-45
-37
-23
0
4
4
15
32
22
15
24
19
25
-4
3
14
10
19
-1
20
15
12
19
-7
0
-3
18
9
0
13
-2
-9
-18
-4
-35
-50
-50
-64
-41
-25
-18
-20
-37
-41
-35
-22
-25
-11
-4
16
35
9
23
4
14
27
25
46
37
37
35
25
21
21
18
28
18
24
28
30
41
37
16
12
35
31
27
16
41
30
26
41
20
20
-20
-26
9
6
-4
-18
18
20
-21
-2
0
-15
-30
-23
-1
-6
-12
-9
-15
-18
-29
-38
-40
-37
-28
-62
-71
-48
-44
-34
-54
-59
-47
-19
6
-24
-28
-9
-10
10
24
-3
11
9
11
29
28
41
10
8
20
18
4
3
10
0
-4
-6
4
13
22
-1
-17
-39
-30
12
12
3
-12
-1
-9
3
-9
-22
4
13
37
35
19
0
1
9
16
5
-4
13
3
7
9
16
15
-2
-6
3
6
13
2
0
19
7
3
3
5
1
-5
-4
-4
9
4
-7
-16
-17
-5
-12
-12
7
-12
1
10
17
25
-13
-16
3
46
50
37
22
17
19
-6
-14
-22
1
19
22
26
26
1
4
-5
-12
2
0
25
25
25
-2
-12
-13
-22
-26
-26
-27
-32
-32
-25
3
-12
-32
-38
-50
-44
-39
-45
-25
-29
-39
-20
-13
-18
-61
-45
-15
-15
4
-13
-1
5
10
31
15
32
35
23
43
45
39
50
54
55
57
34
34
23
-7
0
5
19
17
-2
-3
-13
-18
-15
-21
-9
-8
-18
-3
3
-7
-15
6
-14
-16
-16
-19
2
-26
-26
-17
-9
-15
-18
-29
-42
-31
0
6
-3
10
-1
-2
-2
6
-1
-1
1
8
19
9
19
33
18
27
41
32
36
25
26
29
40
38
47
39
2
10
25
36
33
31
25
19
11
7
-6
3
0
-13
-6
4
3
-4
-4
-25
-24
-10
-7
-24
-36
-31
-38
-38
-40
-39
-32
-31
-38
-56
-50
-48
-54
-46
-56
-61
-61
-67
-47
-39
-59
-37
-20
6
14
0
28
31
14
14
31
43
35
44
41
29
53
43
60
56
27
16
21
24
25
26
7
36
14
14
9
15
35
28
24
25
14
-6
23
6
15
0
10
9
-16
7
-9
-12
-18
-12
-15
-13
-12
-20
-19
-12
-1
-18
-11
-17
-19
-6
-19
-22
-17
-13
-22
-20
-15
4
-7
-7
25
13
9
0
16
18
15
22
10
10
-4
-9
3
-5
-7
-6
5
-4
-15
1
-1
-12
-25
-14
-16
-8
2
5
-20
-17
0
-15
-1
-4
-10
-16
-10
-9
-13
-7
-9
-21
-2
4
-19
12
10
9
-6
-12
0
-12
6
0
18
17
22
30
26
46
44
50
47
33
26
30
19
28
25
9
32
44
16
-13
-2
-9
-13
