-13
-11
-13
-14
-29
-13
1
-14
-14
-13
-26
-29
-28
-18
-13
-13
7
11
6
-10
-15
-8
-5
-6
-19
-15
-21
-31
-32
-26
-22
-24
-13
-3
2
-25
-45
-38
-13
10
16
19
43
39
15
29
18
31
33
40
44
34
44
29
31
26
22
26
5
-23
-21
-11
-10
-4
12
11
-5
10
16
19
6
4
29
15
10
9
-3
6
1
0
-2
-20
-7
-21
-33
-30
-33
-30
-50
-62
-67
-68
-52
-38
-35
-33
-19
-12
-26
-21
-5
9
9
-1
13
22
25
12
25
20
3
14
28
43
19
6
6
9
5
-9
16
20
15
28
19
23
12
5
18
38
44
16
13
26
17
-1
0
6
3
8
9
6
-10
-16
-24
-35
-19
-13
-10
-6
-6
0
-6
-16
-17
-29
-13
9
-3
3
7
10
0
-3
10
5
11
16
15
3
-6
-9
-19
-28
-26
-23
-20
-24
-31
-9
-15
-29
-22
-17
-25
-27
-10
-1
6
17
32
38
38
31
27
20
5
6
10
7
-3
-3
-6
-9
-4
-8
11
4
-7
-3
4
13
0
-3
-7
3
12
0
3
13
20
14
15
15
21
9
-20
-5
3
-5
-8
0
-5
-16
-7
-4
11
-7
-17
-3
13
28
7
22
31
15
15
22
13
22
31
18
14
18
19
9
7
-13
-31
-16
-7
-23
-38
-35
-22
-35
-51
-39
-46
-31
-32
-30
-35
-48
-40
-54
-41
-39
-36
-33
-16
-19
-38
-22
-20
-13
-2
7
10
27
11
17
23
15
34
35
38
33
38
36
51
49
54
50
47
53
32
57
46
36
51
54
54
64
48
41
52
34
44
32
10
8
13
1
-12
-25
-10
-19
-51
-25
-24
-27
-46
-49
-52
-55
-48
-44
-19
-28
-12
-2
-8
0
-24
-28
-44
-64
-64
-69
-65
-60
-54
-42
-25
-12
-23
-26
-23
-6
-1
-10
1
10
26
18
24
28
18
19
18
26
6
14
12
2
13
-9
3
4
-10
2
9
5
11
20
7
-4
13
24
12
10
8
6
6
9
20
22
15
0
21
55
51
38
41
28
18
28
35
19
-22
-31
-2
5
1
-9
-24
-16
-22
-21
-10
0
19
-8
10
29
13
3
-3
10
-12
-9
-12
-22
-20
-15
-12
-12
-6
1
3
-14
-15
-17
-16
0
-7
-6
-2
-5
-16
-22
-12
10
13
4
13
-9
-4
6
-6
-6
-14
-15
-28
-47
-40
-26
-32
-19
-8
-12
-4
-4
6
-2
0
15
16
4
-3
0
7
28
20
25
32
31
15
-3
2
5
11
10
0
8
22
22
23
31
33
12
17
5
-2
11
3
17
16
18
17
2
-3
0
-7
-17
-11
-12
-12
0
3
0
-9
-28
-33
-27
-28
-41
-37
-38
-37
-7
-12
-17
-15
-38
-31
-27
-34
-32
-2
7
7
31
35
39
32
33
39
32
13
16
25
35
18
7
7
16
13
-9
9
-11
3
28
20
9
5
4
13
12
11
6
-3
0
-12
-9
-9
4
19
13
-6
-3
-11
-3
-5
-20
-13
-32
-25
-31
-9
-16
-35
-12
0
-8
-18
9
12
0
0
0
-1
-5
-4
5
-2
-10
-6
-9
-25
-41
-28
-32
-18
-25
-26
-6
6
19
-1
4
6
13
11
16
27
29
27
-3
7
12
6
-2
4
15
8
6
0
22
25
25
38
19
12
12
16
29
41
35
26
24
14
4
-3
0
9
-1
-10
-10
-10
3
0
-3
-8
-24
-35
-35
-22
-19
-6
-7
-13
-20
-23
-20
-25
-37
-34
-4
-20
-28
-27
-2
2
-16
-7
4
2
-11
-18
-23
-1
2
12
3
-5
-6
-12
-9
-15
-15
-9
13
5
9
8
8
10
17
30
22
19
38
36
14
35
18
20
25
24
41
38
45
51
44
28
23
6
3
1
3
-1
2
16
15
14
-16
-22
-23
-31
-45
-49
-40
-42
-28
-20
-37
-40
-30
-22
-34
-47
-43
-46
-41
-31
-16
-11
-8
-4
-3
5
-3
-11
-19
5
10
3
10
12
25
16
10
19
21
3
-6
0
7
3
6
25
28
24
19
19
13
13
18
27
35
37
46
30
13
15
12
19
44
25
15
22
11
10
7
16
7
15
15
6
12
17
10
-15
-8
-9
-12
-25
-21
-11
-28
-22
-19
-19
-19
-26
-32
-29
-32
-44
-28
-18
-21
-25
-32
-24
-13
-24
-28
-32
-41
-29
-35
-35
-25
-28
-26
-6
-9
-26
-29
-28
-23
-34
-27
-13
0
4
12
29
36
31
14
32
16
14
29
38
48
26
40
46
47
56
55
49
61
66
40
38
29
48
47
23
18
38
44
32
48
28
10
17
41
22
0
4
4
3
-15
-16
-22
-34
-48
-38
-37
-37
-36
-38
-48
-63
-58
-70
-52
-43
-56
-63
-51
-27
-34
-55
-47
-25
-35
-36
-34
-27
-26
-30
-33
-25
-23
-13
-3
-5
7
5
16
18
20
9
15
31
44
63
49
54
72
79
62
54
50
43
38
57
62
54
57
48
56
46
41
39
23
11
7
3
-3
0
-19
-23
-9
-16
-22
-24
-38
-46
-52
-63
-65
-48
-46
-43
-44
-46
-32
-42
-32
-29
-33
-26
-17
-26
-38
-30
-34
-23
-28
-44
-38
-26
-2
1
5
18
19
10
-3
3
-5
1
25
21
29
31
30
32
35
38
30
49
51
42
39
26
26
29
53
38
34
37
26
39
41
56
35
17
12
16
16
7
13
9
22
13
1
-10
-16
-13
-21
-9
-20
-29
-35
-51
-44
-26
-24
-41
-39
-38
-43
-39
-27
-28
-38
-41
-27
-35
-47
-35
-35
-24
-24
-26
-29
-35
-42
-33
-35
-54
-42
-36
-26
-7
-17
-15
5
6
11
25
41
23
0
4
15
22
9
19
40
62
63
59
72
75
78
65
58
50
38
41
47
51
45
45
52
44
34
39
38
28
22
11
-4
-4
9
13
3
-4
1
-9
-23
-29
-38
-57
-48
-48
-57
-49
-57
-58
-56
-55
-45
-17
-17
-25
-19
-31
-41
-50
-48
-44
-46
-36
-28
-28
-25
-34
-17
-10
-10
-10
-19
-2
-7
6
0
-13
1
1
-1
-3
19
38
33
42
43
31
29
38
46
51
54
50
44
30
36
40
33
19
16
19
14
31
32
26
22
28
27
6
6
20
13
15
15
24
19
4
0
-8
-8
-25
-27
-27
-30
-42
-31
-26
-37
-21
-28
-25
-22
-26
-38
-27
-39
-49
-39
-51
-48
-40
-37
-33
-22
-12
-26
-31
-31
-45
-56
-71
-49
-51
-32
-15
-9
13
1
5
20
36
39
50
58
59
42
50
56
75
94
78
81
84
80
54
66
60
38
37
49
40
26
26
12
21
26
28
13
15
10
0
14
0
-6
-7
0
-7
-19
-9
-6
-23
-34
-41
-54
-51
-61
-52
-57
-67
-52
-47
-64
-76
-60
-62
-63
-39
-26
-32
-35
-17
-22
-16
-12
-31
-30
-28
-15
-6
-7
1
-16
-13
2
-9
-17
-13
-13
-6
4
-1
8
8
18
23
18
33
47
50
44
54
51
59
34
39
55
47
60
29
34
29
19
24
39
38
22
46
44
47
32
29
47
35
39
50
43
44
53
31
17
7
-6
-10
-32
-37
-34
-41
-25
-28
-32
-25
-27
-35
-46
-52
-55
-55
-61
-55
-54
-42
-41
-53
-59
-69
-54
-49
-41
-36
-42
-22
-37
-55
-60
-60
-31
-27
-20
-11
-3
6
7
-3
13
25
8
7
9
25
36
28
23
40
43
41
38
26
28
31
46
56
56
52
51
50
54
52
48
57
63
49
38
26
11
29
33
14
30
35
21
15
9
11
-7
-1
4
-7
-10
-28
-34
-41
-47
-46
-25
-15
-14
-16
-28
-32
-39
-33
-33
-33
-32
-28
-38
-53
-58
-67
-46
-38
-25
-32
-28
-11
-35
-23
-6
3
-10
-19
-11
-3
3
-3
7
6
-2
6
13
13
28
19
10
21
26
25
31
38
36
45
38
34
24
28
26
5
13
10
6
17
37
30
25
23
40
37
25
37
23
25
11
-7
-4
3
-1
7
4
-19
-35
-41
-42
-23
-17
-40
-32
-25
-31
-28
-16
-29
-35
-38
-29
-21
-31
-24
-35
-27
-21
-26
-21
-6
-19
-26
-18
-19
-3
-5
7
6
3
13
-3
-3
3
0
21
23
21
30
28
32
30
34
25
38
44
32
31
19
19
15
19
23
18
18
24
15
25
38
27
31
18
21
31
15
19
13
23
24
3
2
-9
-3
-21
-13
-17
-11
-3
-22
-18
-46
-36
-44
-45
-51
-57
-54
-58
-34
-40
-16
-35
-38
-44
-64
-47
-54
-44
-41
-19
-16
-17
-3
-14
0
6
1
-10
-6
-8
-13
13
12
22
29
29
33
24
42
36
28
41
23
48
55
40
34
17
23
16
57
54
31
41
49
50
32
53
39
21
29
22
2
23
29
2
-6
-15
-6
-10
-17
-6
-3
-11
-25
-17
-13
-11
-16
-28
-10
-28
-28
-9
-12
-25
-45
-40
-29
-28
-31
-37
-37
-45
-41
-19
-34
-35
-23
-24
-19
-18
-30
-28
-17
-12
-11
-21
-23
-18
-15
-21
7
3
-10
0
17
24
4
13
22
35
31
33
29
22
22
27
36
31
38
45
45
31
25
16
10
5
11
6
5
12
12
21
13
31
38
42
17
16
44
36
21
25
32
7
22
16
7
0
-13
-6
-14
-3
-12
-29
-41
-58
-44
-35
-42
-35
-33
-29
-44
-34
-29
-46
-30
-30
-23
-34
-28
-20
-40
-35
-35
-19
-20
-26
-22
-29
-17
-13
-9
-13
-3
3
8
13
5
2
14
30
16
34
30
23
34
28
35
42
29
33
22
10
33
28
29
19
27
26
31
25
27
1
-9
9
6
19
4
34
22
25
14
7
37
39
35
9
19
-6
-10
-13
-9
-1
-24
-29
-48
-23
-16
-40
-32
-18
-34
-54
-34
-19
-28
-35
-28
-23
-12
-6
-2
-10
-16
-6
-3
-18
-47
-40
-46
-32
-11
-17
-19
-16
-11
-12
3
-3
-2
-11
-3
17
35
40
32
22
43
49
40
57
51
62
44
49
28
21
14
13
22
13
31
6
7
-1
8
23
25
16
6
12
9
13
0
4
-3
-4
-6
-9
-10
-14
-25
-40
-45
-33
-21
-54
-58
-64
-60
-59
-50
-38
-52
-27
-21
1
-20
-27
-25
-18
11
15
23
13
16
6
19
13
3
0
-4
0
6
13
-14
-16
-18
-13
-5
0
3
13
36
29
43
60
59
53
48
71
65
45
54
52
47
33
37
44
25
12
10
16
3
-8
-15
-18
-28
-28
-10
-16
-34
-44
-38
-21
-1
-18
-26
-20
-35
-41
-30
-23
-39
-35
-32
-29
-22
-23
-32
-36
-25
-24
-20
-12
-23
-31
-36
-30
-16
-5
5
-2
3
3
4
-1
4
16
12
24
20
4
0
2
6
19
14
18
31
40
32
40
54
41
49
58
48
37
38
28
31
27
32
40
29
26
12
10
10
1
-14
-22
-11
-5
-22
-21
-12
-22
-29
-32
-7
-8
-20
-11
0
-14
-38
-32
-26
-40
-43
-29
-43
-41
-34
-33
-22
-26
-29
-16
-19
-25
-27
-28
-13
-15
4
-5
-16
-7
3
8
-3
7
14
13
3
11
20
15
21
34
18
23
38
21
33
28
19
36
45
34
37
38
45
43
24
25
35
41
20
19
30
11
-6
6
6
-6
3
-2
-7
-9
0
-9
-9
-7
-23
-9
-14
-11
-19
-31
-40
-40
-18
-26
-35
-27
-12
-15
-19
-23
-6
-21
-51
-45
-41
-34
-44
-33
-20
-42
-53
-61
-47
-41
-38
-1
-6
-12
-9
-7
0
2
15
25
35
38
32
29
24
19
26
25
37
35
48
51
38
50
38
37
46
49
53
59
63
76
63
61
73
58
71
55
57
53
32
12
-13
-4
-31
-35
-31
-16
-21
-43
-42
-41
-38
-56
-57
-50
-54
-67
-53
-42
-63
-81
-86
-80
-63
-55
-56
-38
-44
-40
-29
-26
-41
-45
-25
-23
-16
-9
3
2
-1
2
-3
13
28
31
34
19
14
18
16
24
18
35
51
47
52
28
24
29
29
25
25
22
21
26
28
28
35
45
23
36
38
26
29
13
6
12
23
30
19
34
38
8
14
10
0
-7
3
0
-3
-3
-21
-22
-27
-40
-38
-25
-37
-47
-56
-40
-27
-31
-39
-44
-32
-35
-35
-37
-22
-22
-22
-12
-22
-18
-32
-39
-10
0
-10
-13
-11
-7
-7
-10
14
-3
-6
6
5
25
6
37
24
26
41
41
53
42
35
25
50
35
40
25
18
29
28
41
29
29
12
2
6
15
9
-8
-11
0
-27
-26
-18
-16
-20
-5
12
0
10
-21
-13
-19
-48
-54
-42
-17
-26
-49
-27
-23
-24
-16
-27
5
-13
2
-3
-5
-1
0
26
13
32
26
26
8
-1
21
17
10
5
13
-13
-15
-1
-3
-7
-22
-11
-21
-22
-22
-19
3
-19
-12
-1
8
10
12
23
21
3
16
25
0
-1
1
9
14
5
-6
-3
-12
7
6
13
22
19
22
15
35
37
44
46
42
50
47
37
50
22
4
10
12
4
-9
-4
-11
-4
-17
-11
-22
-29
-16
-30
-24
-47
-47
-52
-70
-63
-54
-51
-79
-64
-45
-47
-43
-48
-23
-26
-12
-3
-16
0
-12
-6
4
3
-2
9
15
-5
19
19
29
37
41
47
24
43
40
47
48
31
32
17
40
22
18
20
15
29
11
21
18
5
1
12
7
2
11
18
26
19
18
-3
0
6
1
-4
3
0
-10
-16
-45
-25
-21
-26
-15
-19
-15
-12
-15
-26
-10
-18
-23
-15
-12
8
-3
-3
-6
-13
-15
-14
-18
-19
5
-9
1
1
-7
-10
-15
-19
-32
-38
-38
-19
-9
4
4
-3
-12
-11
-10
-5
-10
-8
12
19
29
12
31
16
6
37
22
26
25
36
29
47
41
35
49
13
35
45
37
28
25
24
15
5
14
26
2
4
-2
-9
-6
-6
-10
-16
-29
-23
-26
-51
-45
-38
-31
-59
-32
-32
-33
-35
-56
-18
-28
-23
-18
-26
-38
-44
-34
-26
-22
-21
-4
1
3
4
10
5
21
19
13
20
10
38
29
19
14
23
34
32
33
20
29
32
47
36
26
16
-5
7
8
5
-5
11
22
14
11
7
4
-2
1
0
5
-1
-1
-2
-5
-9
0
-6
-4
-1
-3
10
-1
4
2
2
2
3
-6
-6
7
-3
-4
-18
-18
-22
-23
-26
-10
-17
-22
-9
-11
-3
-15
-8
-6
-7
-16
-16
-15
-23
-32
-37
-20
-24
-28
-20
-24
-24
-22
-28
-14
-9
-4
0
-7
-12
-5
4
1
10
14
18
6
3
22
26
26
41
41
19
35
59
43
30
33
37
33
11
17
26
32
22
12
16
10
13
14
32
19
28
19
-8
13
13
11
0
7
-3
-4
-6
-14
-25
-33
-22
-19
-15
-35
-34
-27
-22
-35
-27
-3
-15
-10
-17
-25
-29
-15
6
7
-3
3
-2
-10
-11
-11
0
-16
-29
-19
-3
-22
-31
-33
-28
-19
-24
-14
-22
-23
-11
11
7
4
14
6
12
28
30
17
13
10
31
46
37
37
47
28
19
15
10
38
29
31
18
14
32
20
14
18
28
22
17
17
28
10
3
5
2
-13
-34
-22
-31
-39
-44
-33
-50
-45
-45
-46
-31
-49
-43
-42
-34
-25
-15
-9
-3
-10
-8
-3
-13
4
0
3
6
0
-12
-16
-3
-1
-3
13
28
24
22
25
21
6
19
12
31
40
20
50
36
34
19
15
28
19
25
6
10
15
25
16
10
13
9
24
23
10
-9
-18
-31
-13
-4
-23
-7
0
-16
-18
-20
-7
-9
-23
-7
-10
-10
-16
-17
-19
-25
-28
-21
-5
-10
6
-19
-32
-17
-11
-16
-22
-16
-19
-21
-20
-7
-16
-22
-7
-3
-9
10
-3
-1
3
-2
7
1
-3
-3
17
9
8
4
17
25
6
21
17
15
0
-4
8
23
31
19
19
10
15
23
16
15
31
27
18
13
20
35
14
13
15
18
22
17
33
18
13
23
11
18
-1
-26
-25
-19
-11
-19
-22
-16
-9
-33
-37
-19
-32
-38
-30
-16
-13
7
-6
4
12
-6
3
-14
-31
-27
-17
-37
-42
-34
-16
-16
-33
-49
-37
-12
-25
-19
-17
-3
9
9
-12
-6
21
16
45
57
38
34
18
-10
9
10
-15
2
14
6
-2
10
35
2
4
33
35
31
28
21
18
44
22
-2
9
29
44
32
30
46
33
-15
-13
-16
-24
-12
-13
-8
10
6
-18
-13
-64
-84
-39
-22
-63
-49
0
-47
-55
-50
-44
-81
-61
-12
-16
-6
-13
7
3
-6
2
14
69
88
54
72
69
40
21
4
-24
1
42
35
6
-7
28
13
20
18
58
82
72
68
46
20
-13
8
-29
-43
-48
-38
-11
-14
-41
-53
-23
-37
-34
-46
-10
28
-12
7
-3
-21
-9
-53
-47
-29
-34
-31
-29
-29
-36
-18
-44
-12
15
-22
-17
12
-18
-10
42
-25
28
57
22
54
47
1
8
53
-32
28
48
10
65
81
47
23
54
-11
13
1
-11
29
-36
-54
29
-29
-103
28
-8
-33
47
25
0
31
-7
-38
-6
1
-20
-3
0
-48
2
-28
-47
-17
-3
13
29
52
76
31
-3
58
-5
-46
39
47
-40
19
1
-70
-38
-63
-77
-37
2
-40
18
26
-34
-22
-76
-35
-46
-51
-3
-52
-15
9
17
-15
-34
-1
1
40
-13
49
61
-6
42
57
17
-49
73
29
-6
35
70
63
-29
62
9
28
0
94
70
-30
88
-27
30
10
29
-41
12
52
-121
38
-56
-89
-36
22
-39
-12
76
-62
15
-47
59
59
-45
86
55
-3
60
123
-66
-43
88
-76
19
97
-130
-98
74
-102
-92
90
-84
-106
32
36
-60
42
-42
-115
-42
-48
14
-49
89
-6
2
-18
-48
-35
-97
132
-67
-26
98
-42
-31
24
-57
-134
157
43
-19
145
-165
-121
10
-67
-56
126
33
-93
174
-17
-24
-1
-168
-96
84
97
62
168
-59
52
69
-152
-56
43
-98
72
239
-76
27
45
-32
-67
59
19
84
196
26
-19
58
64
-246
184
319
26
101
285
-110
-43
65
-261
39
-37
-30
106
181
-387
-45
79
-400
14
27
-269
-28
245
-344
32
53
-217
-27
23
-22
-32
179
-185
98
-15
-47
149
-222
216
97
86
71
156
24
-159
189
-212
230
-109
113
243
-154
6
-91
39
-188
45
-286
305
-21
-335
339
-180
-310
153
118
-466
371
-11
-529
430
28
-392
162
200
-310
-165
318
-14
-134
117
149
-96
-273
314
-17
4
215
-104
197
131
-50
-27
244
-161
-160
460
151
-199
29
266
-320
-262
361
-83
-403
284
14
-292
163
-83
-196
-9
-4
-249
58
101
-47
-128
-80
245
-340
76
351
-340
-12
324
-25
-251
361
-106
-10
414
-160
155
209
54
-204
238
168
-288
133
389
29
-200
354
39
-709
219
312
-669
189
352
-391
-94
542
-507
-400
563
-104
-223
176
141
-503
247
22
-290
286
57
-163
-6
441
-619
-39
171
-132
-70
46
245
-424
249
-16
-30
-180
-182
-188
267
126
-417
160
-53
33
-203
136
-178
44
25
99
129
-545
414
97
-331
-6
307
72
-342
586
-356
-287
327
-65
62
-66
666
-533
122
151
-187
135
29
341
-258
183
234
269
-446
-138
389
-3
-202
444
114
-197
-132
295
-80
-666
461
163
-170
-131
646
-390
-330
508
-14
-248
-97
225
15
325
-154
-206
143
-226
-44
711
-279
-615
407
186
-244
-197
111
-402
25
257
-405
314
-116
-691
538
322
-1102
302
428
-854
91
443
-174
-197
-31
297
238
-834
330
549
-1049
377
791
-726
39
444
-82
-287
138
137
-89
-77
25
357
-598
563
374
-711
255
410
-396
-380
790
-538
-274
768
-56
-65
87
132
-206
344
-421
-256
1085
-1020
-76
1178
-568
-313
275
561
-1014
182
840
-900
220
395
414
-1402
873
480
-1871
1436
477
-815
-358
1223
-117
-1019
738
-427
-125
112
56
594
-688
-87
-89
430
-59
-612
762
-168
164
-632
956
-22
-1150
935
166
-783
191
902
-808
10
155
-194
239
-107
-378
148
95
-112
-257
-53
278
-379
-39
580
-391
-597
664
8
-333
-191
101
4
101
-12
380
-531
233
-12
-1018
1087
-310
-19
-448
1088
-644
-503
1441
-1040
-11
-66
843
-395
-242
693
57
-354
335
247
-49
-345
251
665
-916
410
-171
456
-562
75
44
-18
71
-570
1349
-1008
200
187
-206
-97
889
-525
-897
2232
-1293
-512
793
52
-1031
324
780
-950
324
-480
549
250
-895
500
424
-1189
573
630
-1210
546
780
-910
324
663
-908
608
-459
346
279
-1340
608
1074
-1358
-697
2046
-1606
-657
1769
-565
-1051
416
624
-355
-198
-497
1258
-453
-960
1423
-376
-543
-325
1149
-84
-733
492
-34
62
-264
544
-274
117
150
-691
458
595
-1271
663
206
-391
282
-282
863
-1432
547
835
-1019
-57
498
187
-678
484
164
-726
1239
-1119
997
565
-2478
1992
-127
12
-1188
924
862
-1845
1274
-543
658
-1404
893
1367
-2386
1481
-45
-67
-137
248
139
-423
555
-583
1111
-727
-380
1181
-696
-318
1060
-718
586
-356
-790
1244
-916
123
-108
159
-687
585
-341
-426
1505
-2141
1023
794
-1789
646
597
-504
-799
1374
-619
-981
1486
-835
-349
448
105
-970
705
383
-1729
1538
206
-2016
1674
-30
-1830
1902
-28
-1259
1302
-87
-1436
2075
-717
-1170
1892
-1540
872
435
-701
340
-11
178
-499
1012
-1095
1495
-442
-721
2229
-1677
-65
1124
-249
-620
1278
-963
196
1108
-1690
536
1564
-2412
168
2190
-2016
-92
1633
-517
-1712
1883
-870
-318
726
-1326
1394
-643
-366
547
465
-1458
1
1845
-2377
975
352
-683
686
-950
535
-542
586
-846
1277
-861
-765
1598
-1630
1166
-651
167
55
227
-653
547
857
-2053
1436
574
-1330
559
496
-8
-99
-771
1353
-240
-885
828
757
-1451
126
1507
-1463
916
-377
-627
1333
-1080
-527
2027
-733
-2188
3236
-560
-2291
1438
327
-467
-313
513
13
298
-1436
991
285
-1269
16
498
374
-395
-635
-8
1584
-2471
598
1605
-1298
-1128
2084
47
-1937
1922
-637
-84
439
8
-608
961
-587
-136
1354
-1599
997
-616
346
424
-283
-332
17
874
-919
679
-576
821
-592
-74
871
-51
-295
-172
442
-44
100
-550
868
-237
-338
-473
1774
-2220
530
872
-1029
493
-502
498
-1315
2641
-3077
1151
1168
-2377
1254
992
-1160
-1168
2508
-939
-1013
877
590
-1727
1391
-497
-369
529
-668
175
440
-292
-1107
1710
-781
-463
1196
-776
-374
1197
-880
728
126
-1341
1014
658
-2110
1931
214
-2084
2235
-721
-457
567
318
-2152
2289
-564
-952
1144
-1157
1434
-1560
288
642
-232
-995
1565
97
-1669
1010
75
-360
812
-861
412
1517
-2563
1645
691
-1541
177
1432
-1298
113
1750
-3129
2900
-242
-2468
2306
97
-1214
709
992
-1850
1124
379
-895
1278
-332
-1581
1407
1165
-2296
225
2367
-2550
-308
2362
-1974
29
723
-1122
778
632
-2876
2508
-334
-2274
2486
-387
-1248
337
850
-408
-223
-533
1232
-1175
-62
1462
-925
-1694
2297
-458
-2183
2843
-1619
97
151
35
105
-319
198
-445
1073
-1235
447
512
-366
313
-747
1581
-654
-487
1133
-359
-884
860
757
-1398
1416
106
-1015
595
1337
-2279
1206
1322
-2103
1395
-27
-285
62
392
-873
1294
-652
-756
2338
-1989
-78
1509
-1484
607
208
-1154
498
972
-1790
508
380
-1546
2527
-2509
283
1091
-635
-1076
865
706
-2430
1784
-727
458
-561
504
-205
-279
688
-1260
852
299
-787
-109
1197
-638
-528
357
368
-893
79
404
6
-864
1111
758
-2365
1873
506
-2301
2131
331
-2326
2235
845
-2261
1388
1413
-3041
2263
316
-989
906
148
-593
719
102
-1763
2586
-2277
1706
-670
258
-17
-116
369
-1251
2681
-3533
2677
-483
-490
-344
376
276
-1950
2228
-1062
-341
-144
1283
-2277
693
698
-1644
628
811
-2064
1021
1573
-3575
2696
-1044
-1171
1753
-171
-2085
2242
-437
-1617
3105
-2210
-247
1525
-329
-1035
1684
-1652
1258
-7
-1204
1794
-315
-786
-420
2689
-2424
231
1690
-950
-628
1443
-113
-549
979
-959
654
840
-1632
779
1111
-1549
986
-1117
1377
-848
-429
838
-306
-495
627
348
-1640
2385
-2138
-267
2508
-1718
-1932
3662
-1694
-801
1386
-437
146
-1368
1728
-930
-215
-1033
2263
-1857
13
1674
-2812
1593
533
-1231
-832
2749
-2348
86
941
-496
116
-844
2135
-1608
393
546
-633
-106
1413
-1571
-437
3457
-3596
1057
1691
-1066
-1089
1131
1152
-2973
2537
-993
552
-702
556
631
-1973
2849
-2358
1202
-612
955
-650
129
983
-2469
2096
-112
-776
-771
2783
-2705
868
1094
-1555
180
168
115
-418
810
-1979
3018
-2167
467
991
-1294
507
383
-268
-643
900
-775
-32
-105
1430
-2425
1103
1072
-1532
-304
1601
-811
-998
1591
-2147
1625
-104
-2123
2016
1187
-1482
-1333
2502
-27
-2968
2491
13
-435
-770
1895
-1320
-192
1739
-2672
1841
625
-1330
-608
3058
-2922
-89
1609
-464
-798
1515
-991
-327
2294
-2921
1340
536
691
-2797
2436
239
-1759
327
999
56
-2276
1937
494
-1451
-18
939
-1368
1850
-2237
1506
876
-1928
383
1494
-1878
3
2706
-4167
3337
311
-2701
1892
672
-2047
428
1606
-1496
480
432
-722
875
-912
204
-129
-39
-180
56
1222
-1929
355
411
-226
-684
1707
-1272
482
-459
1089
291
-2726
2551
-1148
-46
-61
1902
-1907
-111
1193
-1037
674
-808
532
619
-1261
1176
447
-1387
1038
-724
400
-52
348
-812
1185
-27
-1140
1091
-287
-1308
922
1271
-2036
684
1327
-1838
371
1453
-2884
1292
1086
-1554
126
2183
-1404
-1465
2590
-1454
-493
769
708
-873
-87
566
-149
689
-1219
451
316
-1177
1251
-259
-1281
1183
-374
-349
689
-494
-290
898
-664
-88
701
-1110
671
845
-1111
372
637
-983
952
-720
556
-264
-371
-189
1014
-85
-2214
3677
-2949
601
846
-927
334
-593
1430
-2339
2454
-1769
627
1213
-2365
2021
-859
84
-462
1707
-250
-1781
1879
-326
-34
-1058
795
903
-1906
1072
892
5
-2300
1801
881
-3422
2987
-809
-408
885
-331
-274
197
-89
360
398
-3019
3624
-858
-1830
2424
-190
-2270
2223
153
-2004
1750
-2018
1722
-870
64
634
180
-2330
2582
468
-3502
3241
-1707
404
-805
2127
-1844
549
-45
-710
1926
-2668
1675
-273
-142
-586
1362
-564
-920
249
1039
-1171
876
-43
-1538
2156
-1034
48
-89
1233
-1869
1587
389
-2294
2266
-1250
-217
1354
-976
278
1161
-1587
-87
1390
-2083
885
2095
-3761
1547
1442
-1492
403
-1097
2068
-727
-1567
2508
116
-2045
-1
2886
-2117
-1339
3609
-2566
169
632
103
661
-2182
3375
-2719
453
1301
-1849
1873
-2029
1250
-804
1440
-584
-1672
3048
-3250
1529
973
-1613
746
-971
1027
-1061
2307
-2859
750
2299
-4374
4352
-1880
-1577
2239
-337
-1277
1888
-394
-2821
3784
-1848
-1592
3653
-3051
-153
2600
-1787
491
-1027
2171
-2163
953
804
-2298
3207
-3511
2104
201
-85
-1929
1781
2118
-6319
6143
-2199
-1592
3094
-2500
1604
-441
-264
-666
1114
-834
-233
2869
-4324
2101
1977
-2966
1947
-1205
1256
-1656
737
1717
-3138
2343
-893
680
-312
-338
523
-1203
1986
-2643
1739
351
-1645
1921
-1132
100
484
-225
-1369
2254
83
-3245
3603
-155
-3512
3165
-84
-1651
1415
-282
-461
735
-1231
626
941
-1693
1100
983
-2211
876
1957
-3920
1923
1243
-1485
-737
2359
638
-4343
2987
586
-1648
-406
1550
-835
432
-582
-138
2176
-2943
559
2094
-1202
-2240
3562
-2495
759
611
-1687
2613
-3556
3120
-628
-1498
839
1378
-1793
-347
2877
-3678
1094
1850
-1305
-881
722
630
-35
-2098
2073
-466
-1454
1918
-93
-1607
84
2581
-2888
408
3142
-4323
1047
4259
-4813
1150
1596
-1516
370
892
-1547
1908
-306
-2253
3928
-2423
-128
520
393
110
-793
-183
2363
-441
-2609
2443
-387
-1564
1011
690
-277
478
-1203
2288
-1564
-1892
2769
-1059
-1909
2077
577
-2501
1784
-554
-783
-521
1086
854
-2333
1224
-220
117
-173
-1282
1150
898
-1472
-170
3623
-4089
-491
4265
-3920
1220
1315
-1437
513
483
-560
196
4
-994
853
397
-323
285
982
-1322
11
-176
1553
-2211
350
2687
-3584
2995
-1283
-50
-146
-302
871
-1008
2023
-2941
2950
-1165
-1364
2026
-1226
1438
-1595
783
646
-201
-1260
1719
593
-4045
4266
237
-3093
1890
334
-1982
1937
672
-3113
1870
450
-1341
715
770
-1982
1897
-1648
-31
2096
-3174
783
1086
283
-2753
3262
-1202
-2686
3850
-1674
-319
693
-571
-599
756
1128
-1973
1268
1097
-1379
269
-71
969
-3190
2695
324
-2825
4268
-1900
-662
300
65
-984
1038
559
-2007
2893
-580
-1215
-82
9
717
-1459
877
1348
-1578
274
873
-727
-1382
2165
-1321
-1238
3752
-1363
-1415
2057
-119
-2328
1565
1860
-2267
-861
3772
-1413
-1237
798
-649
636
-125
351
-305
347
-1203
1940
-1265
-1895
2456
-782
-482
1127
-520
199
-721
-618
1799
-795
34
-387
1177
-1127
609
-851
345
227
289
333
-1561
2525
-3530
2034
-477
-282
-153
968
-1333
1345
161
-5290
7176
-2643
-4190
5515
-68
-5658
6118
-1630
-2717
1798
-238
1116
-1696
1111
-574
1520
-2917
2575
-538
-510
875
-1934
2716
-1459
642
-523
-166
2578
-2133
-519
2671
-940
-2045
2897
350
-2437
2248
-1537
2303
-814
-3035
3354
-53
-2443
2349
294
-2286
2761
-2060
-317
1568
-1877
333
1589
-2325
1312
530
-1589
1463
-871
-65
530
-263
198
-689
-128
1474
-2538
101
1907
-773
-2200
2990
-904
-3242
3231
-164
-1201
-586
1888
-1440
1055
-1249
146
674
-1848
3794
-2512
-107
1456
-80
-1661
1748
-126
-2775
4114
-821
-2161
2427
-583
-1722
1608
-220
-302
849
1243
-2319
1536
-121
-1086
947
-235
782
-1702
3218
-2328
421
938
-2225
1116
1186
-1772
452
2647
-4463
1882
1564
-2486
379
1213
-1040
1131
-768
-388
1772
-2188
662
278
657
-885
-428
1655
-988
-702
1893
-908
-2156
4014
-2201
-2157
4283
-2168
-2074
2534
-111
-2712
2214
-214
-1330
-286
1777
-161
-3376
4397
-1597
-2947
3658
-125
-2723
2769
-1037
-262
1763
-2694
2330
-334
-1961
2487
729
-4625
3442
1798
-4257
2528
518
-648
-595
-155
2493
-550
-2898
2400
1134
-1266
159
-331
402
481
-549
91
2378
-3298
450
2852
-3272
1841
-568
-1757
2352
-362
-938
151
455
-264
-1212
1539
332
-2518
1919
326
-2209
2466
-109
-2380
1547
4
-1122
1656
-1558
-1
1669
-2849
2192
-49
-1577
-348
889
932
-2736
1625
540
-866
-1377
2459
-190
-3243
2947
1229
-2764
418
2237
-1366
-998
882
585
-1249
1619
-972
-449
2750
-2023
-561
1541
-834
-435
1307
-554
334
548
-1761
2875
24
-3442
2981
-400
-517
1989
-257
-944
981
-821
-638
1928
-1521
413
425
-65
-562
270
-824
651
-221
-1299
1084
118
-581
-303
1326
-2168
591
439
-46
-282
218
56
-252
-584
192
1089
-2188
1066
566
-1463
-174
2145
-2234
-667
2014
-1393
-198
908
-1994
1041
616
-1724
2590
-1612
-1914
1400
2515
-1876
-526
884
-205
1375
-2031
3524
-1340
-4171
4423
692
-1279
776
451
-1197
244
1100
646
-867
-1356
2299
-524
-1086
3477
-3018
-1618
5053
-2250
-412
1168
-1503
101
1199
-29
-124
663
-2384
1790
376
-1505
1254
-2746
1357
483
-693
1525
-1911
-1429
601
397
-587
1456
-2008
472
-51
-668
1951
-2253
-1130
3422
-2188
204
3752
-5178
647
995
15
-153
793
-171
-223
311
-1182
2164
-2126
-260
14
236
2409
-424
-994
-416
-849
810
606
448
-370
-181
502
739
692
-1622
-411
663
327
1252
516
-771
-41
-136
253
170
961
-2158
1489
685
-996
1019
-1310
-259
-665
1762
143
597
-964
-346
-710
-618
2022
-1019
-1212
1167
859
-1559
1015
-45
-2778
167
2845
-2801
842
2123
-3285
-107
885
61
-1495
1427
-545
-569
1425
-1863
560
58
-976
1261
348
635
-227
-946
-13
374
400
-450
1992
-1334
-805
2513
-716
-260
-73
-489
-199
803
1434
-69
-1568
392
-284
452
1802
-948
-538
481
-209
390
1247
-1465
-282
721
-53
599
655
-1570
235
-7
-1218
2176
-1380
-1124
739
-248
183
282
-1720
-120
-162
285
545
-477
828
-789
-1792
1766
1998
-3826
1769
1058
-1029
1137
309
-181
-1505
-735
1253
2244
-1817
393
1654
-3016
290
2593
-2612
-85
818
-564
1567
611
-2041
-970
425
-451
1422
-164
-271
571
-1405
547
827
-1951
414
67
-352
1832
-311
-1399
1140
56
-2562
1261
1314
-978
1009
670
142
-163
-495
437
170
499
-71
314
859
406
-178
98
-207
-946
111
814
473
-1100
551
437
-1119
-770
1463
-930
-732
1796
-904
777
-245
-897
387
921
-768
590
1525
-1494
18
970
-240
-905
264
257
-171
-127
326
-103
-1297
-34
204
-873
657
-25
-878
-550
316
-287
-799
454
-1078
-371
103
145
-1436
741
-8
-2298
2001
337
-1626
318
235
-565
902
-162
907
-450
-1066
1567
-46
787
-238
-435
346
-368
364
935
-160
-1779
-642
275
-58
-1490
-1581
-162
-1577
-1055
524
-448
-1872
-932
21
96
1126
779
-975
587
2528
875
4009
2858
-342
3499
5253
2491
2742
2873
1309
3230
3853
4425
1494
341
1190
382
240
-435
-1178
-842
-1982
-3393
-1344
-2855
-4226
-3483
-5267
-4820
-2044
-3104
-3617
-4498
-4058
-2691
-3321
-1971
-837
-1653
-969
292
108
1058
1202
1188
903
1708
2931
3901
2642
3036
3131
1707
2661
1936
1112
2130
2954
947
1898
940
-449
382
-705
-693
-1508
-358
-477
-1531
195
-1344
-3671
-2431
-1327
-1787
205
-77
-1520
-1656
-772
-1065
-2116
-762
-1019
-51
86
324
-1979
299
-910
-4274
-487
-1086
-748
266
778
-223
-1470
-3360
-224
1085
1512
2288
-189
-1400
1502
6462
5449
2542
-728
3639
7384
11486
7423
-488
-36
4116
10003
9048
3827
709
2883
1441
1943
1319
664
-1293
-3801
-1830
-1312
-1407
-2209
-7341
-12054
-7657
-3764
-1841
-4945
-9950
-9876
-5458
-4846
-6620
-6367
-5358
-2433
-2545
-1543
-1169
-1043
-235
-981
170
2469
6116
7076
3623
3987
5860
6910
4591
4400
7159
7288
6700
4127
3514
3677
2578
299
401
569
-618
-687
-189
-3339
-5611
-5375
-5325
-3432
-5048
-4249
-2903
-4339
-6569
-5872
-2999
-2649
-3874
-2998
1525
1393
-1055
-1074
568
898
1276
3851
4435
2376
2505
3197
1536
472
1130
1768
320
973
1071
676
-1186
-3425
-1129
493
-184
-2263
-1455
1355
1232
-1393
-3693
-2147
2355
5510
8229
5263
-449
2204
8932
10749
4319
-74
3827
11191
12789
7648
2635
800
1265
2558
3450
4100
2240
-1828
-3422
-5209
-3537
-2793
-5038
-8524
-11903
-8996
-3885
-4643
-11840
-15406
-11329
-6862
-6816
-7030
-8370
-7911
-5828
-5179
-3997
-2089
373
810
-391
-70
4624
7561
5703
4273
5876
10418
10897
6162
5739
9166
9519
7396
6271
6346
5493
2236
1851
1445
136
-943
-1095
-1259
-4673
-5199
-6180
-6027
-7126
-6621
-2985
-3056
-5691
-7334
-5495
-4781
-3830
-2687
-954
1093
2399
790
-1187
229
2712
3285
3321
5673
6007
6029
3506
347
1095
2333
1752
860
2723
2553
108
-3544
-5421
-3674
-1568
-167
-1654
-1436
-2164
-2725
-1939
-3342
-5506
-4878
2431
9299
9939
2761
-2659
-86
7599
11776
9692
4757
2852
9688
13628
10263
3249
-544
1311
6605
8009
5109
2372
-3433
-6538
-6274
-3367
-484
-1437
-7509
-15023
-13999
-7862
-5296
-9835
-14693
-12385
-7270
-6355
-9068
-11146
-9358
-6469
-4308
-2045
-631
1461
1141
-1362
-3439
2682
10866
11541
8602
6614
7568
6938
6097
7662
10638
10019
7538
7349
8030
4460
-911
-1890
-423
-331
553
3332
-259
-7892
-10821
-8503
-6078
-6054
-5002
-1925
-3295
-7086
-7744
-6070
-5175
-5043
-2072
2717
3973
1727
741
-385
-816
1188
5488
8692
7934
5871
5022
3102
271
1122
3876
4831
2461
329
2037
-157
-5190
-6624
-4590
-1965
-800
-438
-2177
-4652
-7877
-4833
-813
-1821
-5357
-1228
7581
9696
4070
-3983
340
8315
14687
13161
6901
3649
6620
13543
14334
6483
2302
5833
8449
7928
2710
1907
-837
-4247
-6590
-2795
299
-3449
-8721
-16824
-17175
-11213
-7246
-9593
-14249
-15263
-11577
-11059
-11945
-13376
-11173
-6586
-4810
-4161
-3637
-376
132
-1718
-2778
1824
10119
13810
9942
5929
6525
8710
8056
9282
13509
13151
8849
6760
8174
6862
3043
192
1456
3082
1836
1094
368
-5376
-10034
-8234
-3940
-3639
-5848
-4067
-3375
-7613
-10087
-5112
-1702
-2927
-3700
943
2902
-75
25
1265
1787
1331
4892
8081
6820
4252
4034
3224
1205
1609
4899
5567
102
-3101
-786
858
-3890
-7180
-5245
-1059
-2150
-4358
-4164
-4762
-5496
-4847
-2062
-2982
-5889
-3566
6543
10579
3614
-3940
-53
8470
14299
12705
6292
3123
5978
15144
15725
7565
1845
4756
8532
7935
4988
2407
-1512
-4164
-4771
-2500
-632
-2730
-8166
-16254
-16980
-12531
-7007
-8335
-13541
-14390
-11205
-12338
-13809
-12573
-9245
-4966
-5069
-4468
-4176
698
3155
628
-4513
-282
12573
17468
12600
5150
5421
7485
9027
11517
15401
14719
8538
4509
6569
7586
3832
193
1114
2315
1099
1012
-1161
-5956
-12208
-10220
-4628
-3519
-5150
-5377
-5807
-10643
-11954
-6458
-1270
-2060
-3520
-862
291
-1554
957
2585
1631
558
4735
9935
7285
4022
3744
4977
1853
1850
6607
7660
1241
-3544
-425
1008
-2772
-6720
-4787
-3431
-4199
-4974
-2638
-2320
-7237
-9202
-4611
267
-2178
-4651
-2589
3645
7093
6235
1654
66
5556
14251
18523
10776
3600
3701
12236
16091
11480
8719
8074
7699
5715
3538
1666
-1208
-2447
-953
-1519
-4033
-6645
-7737
-13481
-20192
-18038
-8523
-4290
-11164
-16960
-16649
-15317
-16124
-13683
-7322
-3308
-3875
-5232
-5561
-4523
-1699
1715
3128
3732
8150
13132
12488
7483
4798
7529
11890
12659
14237
14402
10403
6838
5320
5284
4753
4512
4976
3611
-1147
-4320
-3031
-2436
-6187
-7612
-5946
-5197
-7822
-9332
-6846
-5712
-6419
-7357
-5896
-3598
-2905
-2701
-1770
-1209
2079
3970
1860
687
3923
6874
5492
4718
5711
7277
4922
2625
3832
4940
2995
683
1819
2802
-1196
-5220
-4974
-3613
-4566
-5700
-3883
-2889
-4779
-7489
-7087
-6354
-4214
-2560
-1292
-2458
-3538
247
4839
7978
3181
698
6481
15401
16926
9005
1328
1432
11475
20085
17428
8478
2594
3902
5788
2666
1712
2468
3883
-849
-5774
-7072
-7915
-8019
-12276
-14543
-12733
-7920
-6965
-12042
-17018
-17645
-14481
-10805
-8676
-6904
-4958
-4953
-6808
-6683
-4234
1419
5327
3849
2683
5027
9755
8260
6790
9482
13218
12320
7775
6859
10253
13159
9993
5705
4339
4297
3648
2826
348
-1168
-2206
-1686
-2587
-5352
-6795
-7970
-8373
-8992
-6593
-3906
-4341
-7645
-9009
-7524
-5518
-3048
-523
1387
778
-877
-1447
75
3012
5156
6404
6814
5361
4670
4604
3616
2888
4626
6757
5658
3017
1183
700
-564
-1542
-2284
-1849
-619
-2266
-5213
-7008
-6251
-4451
-3264
-4396
-5451
-4597
-1644
-195
-2349
-5215
-3128
3757
9017
9777
4405
2516
5124
11222
13232
9599
5606
5609
12162
15174
11715
5237
3120
3426
4017
3063
1980
828
-84
-3510
-6793
-8757
-9535
-7603
-8715
-11319
-13354
-11164
-10991
-11949
-13728
-13362
-11578
-10106
-8910
-8236
-6462
-6137
-5867
-5500
-2082
1059
3083
2002
2176
5550
7860
6917
6464
8901
11074
10238
7919
8397
9568
10076
8357
7194
6043
5105
3591
2148
1110
399
450
-79
-1684
-4480
-5830
-6360
-6581
-6476
-4465
-3095
-4328
-5981
-6504
-6470
-5629
-3026
426
1845
63
-1085
-303
1222
2129
3741
4782
4118
3786
5249
6346
3948
1560
2054
3333
3006
3185
4527
3555
-457
-2931
-2294
-1453
-2775
-4065
-2270
-950
-2528
-5048
-6249
-6495
-6341
-4756
-1509
1389
950
-1333
-3565
-4125
-3155
1
6121
10224
10292
5240
1456
1379
5072
9264
10628
9559
7919
9599
7299
2707
-485
1389
5035
6497
5642
1671
-3021
-6972
-8082
-6507
-3410
-1313
-1350
-5952
-12640
-16230
-13487
-8946
-5197
-3834
-5384
-8193
-11009
-11868
-10275
-5536
-1463
1196
1348
-768
-3053
-3867
-3366
368
6806
10888
9175
5691
3332
1521
2011
3889
8881
12388
11166
7206
2741
-43
-936
1641
5635
6382
4820
1989
-961
-3892
-5912
-4301
-1181
930
-153
-1834
-2891
-5028
-7247
-6594
-2399
1118
1103
-736
-1665
-2405
-2256
-1298
0
1989
3330
4484
2405
-213
129
1798
3118
2509
2893
3164
1845
147
239
977
226
-559
507
1244
-84
-1641
-2025
-926
-1042
-1502
-1428
-1122
-1840
-2483
-1978
-1301
-537
82
139
42
-653
-815
1075
1734
1742
740
2280
3725
3250
1962
1236
3446
4496
5001
3780
2570
1218
2450
3926
3448
3025
2395
1067
-1206
-1656
-1693
-1036
-1091
-1020
-2346
-4342
-5893
-6189
-5789
-5732
-5528
-5398
-4737
-5976
-6812
-6932
-6123
-5304
-4861
-3636
-1712
-1473
-2846
-3678
-2372
72
1437
1920
2042
2973
2782
2822
2913
3754
5085
5655
5141
4056
4342
5020
4891
4651
4725
3922
3324
2598
1676
1022
1261
2111
2089
162
-1829
-2772
-2334
-986
-1126
-1459
-2108
-2216
-2697
-3545
-2915
-1751
-294
-123
-802
-1560
-2170
-1892
-694
487
1511
1028
176
-95
51
798
546
968
1153
2042
1539
57
-36
404
554
-124
840
1380
666
-907
-1647
-382
946
1022
425
-426
-776
-1348
-1234
120
1168
1296
324
100
-917
-1046
428
1883
1551
1155
2295
1588
172
-110
416
1314
2418
2853
2112
152
-685
-374
434
1150
1245
782
-179
-1625
-2917
-1913
-982
-788
-1594
-2038
-2083
-3454
-4562
-3638
-1834
-1712
-2404
-2305
-1874
-2901
-3689
-2445
-1051
-456
305
562
324
-651
-782
31
513
1777
3284
3543
1652
711
1177
1479
1024
1339
2912
3030
1168
-428
-179
501
201
-339
25
-532
-1002
-441
-205
-1337
-2267
-1336
-110
484
-209
-472
4
-495
-970
-51
1606
2179
1358
892
793
889
1474
1989
1685
930
1086
1870
2033
775
-70
-113
-445
-16
778
818
-54
-1273
-2010
-2410
-2058
-716
553
119
-1881
-2700
-2246
-1856
-1614
-435
1018
713
-314
-703
-328
290
801
1456
2426
3004
2731
1952
1346
1222
1825
2783
3597
3294
2145
893
-190
-379
103
943
786
138
-1004
-2550
-3553
-3023
-2074
-1959
-2093
-2125
-3183
-4476
-4164
-2754
-1141
-904
-1124
-1813
-1372
-1371
-1201
202
1443
2260
1617
1152
592
883
2070
2793
2409
2257
2565
2653
1325
51
806
1907
1857
699
187
-172
-666
-1101
-1364
-1650
-1775
-1549
-1354
-2189
-2896
-3050
-2664
-2460
-2690
-1653
-1242
-1605
-2169
-1941
-866
-375
-56
580
1140
1333
1137
1569
2120
1894
1859
2538
3478
3079
2052
1403
1483
1799
1625
1771
1379
723
144
-479
-655
-889
-1036
-1010
-776
-968
-1756
-2548
-2223
-1345
-854
-1008
-1563
-1347
-328
-70
-477
-257
140
897
1444
1926
1779
1314
1271
1879
2638
2869
2686
2262
2174
1931
1918
1820
1611
1635
1471
732
217
80
-103
-316
-585
-1018
-1291
-1563
-1818
-1745
-1865
-1910
-2071
-1654
-1732
-2152
-2028
-1514
-981
-764
-590
-726
-722
-938
-594
-46
427
656
564
108
-322
-31
483
579
-137
-139
194
104
-613
-1288
-1120
-757
-630
-503
-311
-909
-1946
-2400
-1627
-441
-193
-403
-727
-815
-821
-940
-616
61
1055
1559
1154
222
89
818
1513
1898
2260
2399
1982
1357
623
717
1376
2161
2228
1632
806
95
-290
-518
-301
470
844
246
-986
-1943
-1731
-1390
-880
-631
-376
-760
-1306
-1333
-1090
-684
-388
39
174
318
197
108
327
641
801
1195
1276
1103
899
783
558
772
1603
1812
972
18
13
87
396
635
911
518
-380
-893
-914
-610
-340
179
481
215
-710
-1248
-962
-372
99
590
675
353
-46
-199
-164
-27
688
1376
1215
396
-183
-104
137
20
281
673
676
-206
-1014
-1370
-1453
-1246
-805
-540
-1213
-1671
-1848
-2178
-2879
-2616
-1390
-595
-1244
-2110
-2228
-2057
-1671
-1282
-479
30
66
-178
-283
-69
357
878
1429
1535
1787
2272
2217
1305
498
994
2310
3325
2840
1604
382
259
681
915
913
693
451
-70
-541
-1125
-1333
-1112
-821
-686
-677
-721
-1059
-1452
-1219
-806
-260
166
-58
-305
-63
788
1120
709
422
719
1616
2158
1874
1438
1239
1260
1198
1550
2029
1763
1070
393
153
300
631
549
-129
-613
-721
-938
-1147
-1502
-1643
-1250
-1054
-1368
-1903
-2054
-2050
-2018
-1611
-1225
-1080
-869
-978
-1176
-1181
-473
384
469
395
305
546
607
688
997
1284
1639
1569
1328
906
407
336
817
1316
1107
480
-272
-938
-973
-319
243
-231
-1217
-1723
-1452
-1083
-1226
-1349
-1204
-1057
-1250
-1430
-1095
-617
-610
-810
-513
-12
350
461
321
191
437
1083
1524
1508
1363
1186
1309
1612
1583
1774
1854
1577
1071
891
1146
1147
1016
654
207
-129
-84
5
-158
-581
-929
-993
-1050
-1082
-1045
-950
-1061
-1193
-1255
-1091
-857
-815
-839
-657
-396
-168
77
-51
-57
282
664
644
412
582
1033
1412
1019
314
310
676
901
785
566
523
171
-218
-449
-360
-248
-333
-305
-544
-847
-1087
-1079
-1073
-1066
-773
-329
-208
-776
-1198
-897
-471
-203
84
370
491
269
67
125
485
866
1039
1127
1084
914
785
803
1030
1055
775
553
348
326
443
455
100
-288
-557
-807
-788
-584
-478
-701
-906
-1221
-1450
-1277
-1178
-985
-680
-583
-776
-1078
-995
-657
-356
-193
-61
242
408
174
-58
75
497
854
990
1192
1106
582
299
577
991
1247
1330
977
556
600
684
581
414
366
509
683
380
-111
-167
-157
-398
-431
-21
219
49
-433
-787
-746
-397
-39
229
249
-143
-498
-462
-95
358
537
477
75
-252
-6
328
251
-242
-313
-108
-42
-181
-459
-679
-769
-781
-689
-541
-674
-979
-1138
-952
-787
-615
-486
-731
-977
-998
-615
-207
-40
109
167
112
-59
-7
405
955
1195
1163
1040
915
795
905
1304
1463
1246
1019
1087
1263
1244
826
445
206
345
477
399
225
-84
-384
-864
-1023
-795
-391
-396
-722
-1031
-1211
-1179
-1140
-967
-645
-425
-544
-801
-846
-570
-377
-428
-326
81
277
53
-156
-145
-157
-91
266
619
644
161
-261
-143
114
237
277
455
358
-25
-221
-186
62
147
61
45
140
249
162
79
50
46
198
406
673
725
604
470
503
635
736
838
1041
1277
1127
587
306
694
1026
828
308
184
301
179
-200
-354
-67
-100
-683
-1161
-999
-722
-774
-1122
-1448
-1443
-1254
-1245
-1341
-1340
-1155
-970
-969
-1093
-1120
-840
-486
-260
-263
-228
-1
196
289
286
331
637
1039
1263
1154
877
630
595
979
1478
1600
1222
732
491
511
582
585
539
535
317
-89
-345
-306
-82
-220
-502
-522
-278
-94
-412
-787
-748
-388
-165
-299
-326
-400
-585
-642
-456
-29
-12
-300
-384
-256
-152
-366
-351
-72
-119
-339
-405
-151
-69
-265
-296
-177
-142
-285
-205
61
112
-12
-173
-145
47
177
184
155
216
301
252
197
356
678
613
265
284
660
1040
927
588
363
389
498
677
1005
933
425
46
128
265
158
164
507
587
167
-395
-492
-270
-245
-250
-16
300
65
-545
-970
-905
-433
10
76
-176
-585
-848
-924
-750
-298
-40
-7
-209
-421
-644
-790
-559
-82
314
157
-291
-430
-226
-3
9
87
282
235
222
207
221
267
242
312
353
308
214
267
473
453
220
232
479
532
222
107
301
583
506
-39
-241
-47
-8
-317
-349
-1
56
-406
-921
-922
-549
-414
-568
-646
-635
-835
-1065
-898
-634
-608
-780
-736
-457
-226
-192
-368
-485
-420
-73
376
585
500
193
-14
181
553
926
1063
935
812
640
545
542
805
1145
954
651
496
425
277
184
424
547
445
193
57
31
-254
-497
-259
189
240
-73
-237
-225
-301
-306
-54
321
422
268
20
-64
146
248
281
327
386
386
301
254
132
-6
-127
-255
-218
-41
-19
-241
-516
-646
-808
-829
-587
-445
-454
-711
-962
-972
-828
-688
-633
-501
-462
-570
-525
-351
-199
-150
-90
149
405
524
479
498
616
649
665
781
1107
1177
768
478
552
814
809
584
404
311
211
-33
-94
-124
-342
-615
-658
-518
-563
-797
-999
-1021
-965
-885
-818
-765
-780
-825
-831
-760
-572
-396
-245
-223
-185
-6
147
120
33
269
511
568
559
550
480
426
612
754
638
395
347
510
561
382
319
403
301
-78
-251
49
372
328
47
-79
-61
-22
-54
19
273
389
245
175
180
209
296
370
576
714
690
516
355
407
488
439
335
438
463
259
10
-41
123
73
-33
-88
-131
-390
-699
-683
-485
-490
-799
-943
-887
-795
-933
-1066
-931
-819
-918
-1081
-891
-544
-441
-618
-741
-528
-268
-111
-12
142
209
75
187
492
676
672
726
943
918
767
653
628
615
611
767
937
982
669
174
12
231
366
356
103
-110
-219
-277
-324
-479
-387
-344
-390
-602
-648
-562
-607
-783
-971
-738
-426
-353
-392
-567
-719
-687
-509
-229
-296
-347
-168
8
-135
-255
-86
117
224
35
136
239
323
192
171
351
440
514
352
559
488
464
471
550
573
425
449
387
528
448
612
638
438
379
316
362
513
578
421
233
92
76
288
286
163
199
116
12
-191
-167
-257
-46
57
-25
-75
-353
-346
-409
-253
-326
-320
-335
-313
-313
-639
-531
-403
-263
-268
-156
-122
-364
-559
-623
-326
-113
-108
-29
93
-89
-428
-269
156
293
110
67
232
93
7
-71
8
269
643
468
206
277
92
-37
-142
170
144
195
-46
-156
-211
-445
-318
-307
-2
-217
-315
-563
-590
-582
-723
-782
-542
-107
-276
-406
-742
-455
-160
-47
-30
46
-13
-312
-46
-11
123
245
265
471
621
594
584
611
311
89
260
531
1025
922
600
584
645
667
208
156
329
416
-21
47
531
139
297
342
166
235
221
-288
-1058
-615
-345
251
397
88
683
39
-217
-36
-176
-642
-413
91
-296
533
522
605
743
228
207
-200
-209
-303
-267
-567
-250
151
-158
237
-228
-380
-312
-851
-817
-558
-764
-1119
-571
-460
-208
-33
-294
174
133
-247
-252
62
86
267
308
260
727
870
807
469
405
343
142
92
145
392
161
142
-33
-76
18
-401
-596
-757
-515
-833
-913
-693
-697
-533
-725
-492
-643
-561
-811
-754
-429
-652
-334
-383
118
6
-195
176
356
256
-109
837
594
254
996
1042
709
334
1176
792
491
1440
1082
526
700
1349
654
236
817
470
175
180
339
-176
-141
389
57
-274
-198
174
-395
-506
-733
-750
-79
-345
-280
461
-53
-458
440
-284
-437
-259
10
-290
317
64
-202
902
-543
-179
-841
190
-266
-603
560
-284
122
-619
-80
-1445
-520
-189
-1432
130
103
-612
-427
990
-890
-853
698
-760
-810
390
-95
-45
1041
-3
1236
1197
-442
747
1187
-1463
178
1980
-1101
440
1369
799
142
660
1400
-1054
-644
192
-645
-1810
601
1079
-2108
2105
180
-1371
-7
-2324
-752
-1072
-445
-1135
537
-182
-1201
2013
-1339
-836
423
-1179
9
-196
592
-331
548
1024
233
781
54
1770
-1022
216
1433
-288
847
928
669
-311
1478
-271
-234
1213
-410
850
-329
-275
974
-1381
449
736
-429
-449
581
298
-1859
1840
-1232
97
339
-958
2644
-1071
395
275
-225
-868
-355
1588
-853
317
1185
-230
46
-304
236
-1293
-571
605
-1927
744
-411
349
-72
-1357
926
-1027
-988
-502
-220
-1122
-1828
1763
108
-967
1010
245
362
-2093
1351
-307
-1697
1008
218
742
-195
1851
195
305
671
-669
201
-204
-1065
273
1151
363
88
1459
-452
-404
197
-1950
-75
-170
-92
-341
1334
-1237
116
-280
-1222
522
-1572
410
-649
-57
-137
612
-49
88
629
-708
1160
67
-536
867
124
755
480
8
1458
603
-742
926
-678
-557
1373
266
-520
-814
1387
-597
1329
-1384
-599
535
-999
1368
-1003
-79
-12
1483
-1061
595
812
-2202
773
483
-736
5
711
-385
726
1440
-217
117
-29
93
-1136
61
958
-1114
664
474
-27
790
343
-1397
1026
-946
-2267
1600
-930
-2202
2175
-778
-996
2092
-2712
-75
665
-2065
-306
694
-2485
978
1692
-1025
464
290
1108
-667
739
1130
-1664
-1689
3116
-237
-1251
4097
-1036
-1548
2965
-819
-3108
2156
-1046
-2386
2052
35
-310
362
96
-813
313
-1763
-779
1765
-3035
1871
839
-843
1337
292
115
-735
632
-1386
1594
-301
77
1242
-1057
837
997
-599
353
1173
-1115
1346
-317
-1474
340
-99
-422
1476
-1409
41
2159
-1754
-1306
1325
-1141
-3825
3408
-180
-2765
2737
72
-1666
1181
-464
-1444
623
-1862
572
3908
-2705
1715
3655
-4178
1140
771
-454
922
-51
803
1947
-901
-229
2391
-2231
-526
730
325
510
-556
216
535
-2400
660
918
-3502
2703
33
-1349
2329
-1113
-1242
1759
-1655
-1589
1972
-2165
726
2210
-503
62
931
-1430
565
-563
-2661
1597
305
374
1619
364
-683
614
-770
-706
36
-1103
-1162
1886
383
-1861
1530
361
-912
-165
-952
-1684
426
-823
-374
925
-957
963
-390
-1252
1637
-1917
-1539
3214
-1027
-941
3073
-1415
-831
3401
-1909
-1110
3639
-1575
93
1366
-897
220
-1973
1332
646
-344
173
1445
-746
-864
1431
-2324
701
-2188
1546
484
85
1865
-602
-305
106
1222
-1356
1505
-2245
1681
492
-811
2302
-761
696
145
-1655
537
1655
-2908
-80
2087
-2202
663
2862
-3074
856
268
-2578
1053
1731
-3085
-433
3971
-3359
362
2967
-1866
-1225
1289
-620
80
-1431
-108
889
-510
1306
25
314
18
-673
-1495
1930
-1793
340
1470
-1935
3176
232
-1110
1151
43
-3042
3469
-858
-2115
4309
-2142
236
873
462
-2471
2355
-632
-2139
2733
-1903
1983
-486
271
-1759
138
-98
-1617
940
60
-234
-143
-254
178
912
-3620
1243
275
-1088
-636
2612
-1434
-2209
2911
-2111
508
-1617
724
253
-582
1768
-664
-501
395
-45
-1543
1725
968
-1567
2613
-406
-857
1861
-864
-709
-703
2605
-519
-1367
2325
-491
-489
511
1433
-2097
-844
2967
-1801
149
-862
2410
-1901
-1398
4592
-2706
1360
680
200
-1605
1014
-457
-279
443
-545
1792
195
-764
-656
1785
-3694
2012
-652
-954
477
-1161
110
-532
335
-1023
1462
-1597
1070
-1023
-626
1812
-2378
-876
3917
-973
-625
3268
-3335
1807
-352
-2174
3062
266
-2667
3773
950
-3649
4388
-1251
-2764
3420
-623
-1085
2628
-2229
1393
8
-898
518
92
-771
320
3015
-4958
3378
-494
-2218
724
-510
-185
-1743
2098
-1117
-647
-228
165
-491
-567
429
1578
-3635
1102
466
-3689
1403
255
458
-1072
3251
-1951
-1383
1387
-1916
502
-632
1793
-328
-785
1718
-640
-334
-1656
2816
781
-1618
3220
-2477
498
556
-736
2970
-800
-450
2948
-403
-2127
2034
823
-2326
2382
1200
-1501
2812
-2017
-216
485
-1215
593
665
80
-932
1993
-3792
40
1273
-4043
1343
602
-1032
-457
1173
-525
-2731
983
-1017
-540
-739
647
1297
-2998
2896
-789
-467
1225
-116
-941
-467
3392
-2861
2140
1147
-515
217
568
1347
-2004
1392
514
365
-1289
1183
1300
-1502
790
464
982
-519
-284
1129
-1637
-225
1203
-434
-1093
1329
-203
526
-413
-1023
2073
-2625
75
1289
-1079
-2076
2183
-1236
-1145
1678
-1204
1124
-1019
-413
343
-942
-511
1325
-2547
1282
1065
-1676
850
781
-1937
-745
983
-883
299
-471
1978
-852
-266
513
73
-554
-1181
316
1339
-1248
1404
2970
-3086
1582
1521
-2135
-774
3437
-2110
-1090
3553
-1420
1201
535
-1314
571
58
-1387
857
2124
-2668
904
2086
-2883
830
-895
-745
530
-1576
574
1218
-1783
-165
2228
-2318
-408
1364
-2405
979
332
-1325
2351
-738
96
1090
-2234
2231
-105
-2093
3241
237
-2104
1778
520
-2196
2166
-1087
944
80
-57
1622
-1528
-76
-185
194
-966
3027
-2600
-220
838
-1622
88
808
15
-1543
1892
-1183
-167
97
-456
-1301
907
603
-378
1159
528
-2582
1551
274
-2018
1291
-212
1678
-2252
1925
538
-1768
-311
1006
924
-4123
4260
275
-4078
3346
322
-1013
-1261
1611
265
-2688
2412
727
-1766
-826
2137
-382
-1759
1683
1189
-560
-1133
1349
1746
-2512
-140
2418
-1398
-667
172
1233
-342
-1281
1761
4
-221
-1466
886
627
-2909
1520
-111
-727
626
-271
-501
1565
-1819
-1588
2777
-1917
-615
1594
-1857
471
1450
-2202
1800
-1034
-1802
1694
559
-1759
648
1753
-912
-184
630
1597
-2347
1003
986
-1245
803
1199
-747
1058
701
-740
1171
-1293
795
926
-1489
707
1780
-3758
2688
1078
-4150
2220
-144
-2019
745
1973
-2915
873
1320
-2366
209
1223
-893
-1641
2821
-1203
-1284
3685
-544
-1848
1278
-149
-221
456
-323
392
-191
-347
1199
-461
-1220
2264
-2162
44
2104
-3541
2317
-706
-324
1032
-2011
1180
-131
-488
-391
2373
-3025
321
1775
-2361
1980
-1185
329
632
274
-1001
-225
1006
-1479
-975
1480
1143
-3049
2963
2033
-4880
2458
1371
-3862
2597
538
-1884
2021
203
-955
1008
-521
-1814
1672
-304
-888
1766
-837
1500
-771
-1335
2025
-2430
-266
562
200
-1101
1613
1019
-1516
1768
-1350
61
-987
489
441
-573
1130
-36
-41
-377
1267
-291
-1815
217
834
654
-584
-350
2323
-1289
-1634
2957
-797
-4005
3470
136
-1973
1557
150
393
-1779
1071
-265
-772
-446
844
-546
-608
1920
-1603
-7
1063
-810
-254
286
-175
886
-1214
2261
-82
-525
580
-802
479
-707
1697
-1982
2187
349
-513
-130
412
1394
-4032
2373
607
-2099
994
1674
-1765
1230
-833
-2196
2860
-1764
-1049
1537
-702
-1410
3040
-2324
-377
1500
-3195
1618
712
-776
-440
741
-680
403
-115
-116
818
-1774
1081
509
-327
260
28
-807
530
707
-1381
1019
422
-2074
2542
-85
-2616
2758
-1200
-792
1056
824
-971
-221
1199
-673
46
-999
1481
-590
-325
483
825
440
-1258
495
93
-1006
422
1043
-1344
1660
-430
-320
1237
-669
-1532
1303
477
-1814
2155
-236
226
114
-525
-328
14
338
-744
644
243
-518
733
-217
-886
57
90
466
-344
-427
414
488
-1445
1578
-1738
-512
3154
-3962
1249
3216
-2825
-2008
4597
-2200
-3005
4361
-2591
-295
1121
135
112
-478
346
-458
404
-1149
635
476
-425
1121
-847
-669
1427
234
-1459
589
873
-1616
585
1429
-1773
577
516
-304
-571
-623
2349
-1550
247
578
-411
326
-763
615
-529
120
-465
1434
-738
68
561
-964
787
-740
1
899
-771
-684
2031
-2458
1334
790
-2040
1178
1180
-2166
-597
2538
-1284
90
-490
1316
-1209
523
-19
739
-1521
-544
3263
-2749
490
1273
-537
-2246
2705
-1386
-869
1385
-255
-74
-577
944
190
-229
-1889
2363
-1271
95
868
-319
411
-372
-176
72
1548
-2160
989
842
-1429
1301
495
-1991
1948
-33
-1262
2007
-1389
-10
815
-1397
669
545
-1646
1775
-455
-694
1273
-329
-1373
1751
-1166
-1343
2935
-2572
771
696
-1002
1325
-486
-1321
1681
-1008
-1275
2246
-978
-1489
2258
-733
-1074
2146
-2398
1121
126
-583
882
-877
533
94
-148
-143
183
-633
-275
1869
-914
-893
1757
-1467
-258
989
161
-1427
1162
414
-712
379
-1041
592
-227
-666
709
1273
-1268
689
693
-1112
152
-999
-565
2046
-718
-489
2648
-1653
-1077
1741
-924
-1594
1183
618
-784
86
1008
185
-941
-360
843
-521
-349
506
282
-199
193
1091
-1054
91
204
239
-592
433
-199
-425
786
-465
476
-303
451
-484
205
65
-412
-274
732
-234
-656
1705
-1456
-96
1726
-2264
400
2108
-2938
499
1975
-1819
625
45
-377
970
-1612
312
1540
-1461
419
661
-1333
2153
-2638
238
2487
-3607
2442
613
-1214
437
56
-288
373
333
-1423
1336
139
-292
-839
1138
728
-2700
2845
-900
-1985
2189
-1226
654
573
-1631
2094
-789
-1665
2271
-1271
-654
1123
-465
-167
1214
-1942
903
1034
-2158
1950
-767
-738
737
-206
-702
994
-164
-233
382
-332
-265
-65
631
-816
-457
399
966
-1240
885
-339
187
-481
-506
1301
-1054
-120
777
-23
-1169
1614
-737
-362
624
485
-1025
600
537
-1628
435
406
1115
-804
-247
278
644
-1041
-185
1010
-512
-614
1272
217
-120
-505
31
1315
-1487
673
-33
540
-1307
933
1401
-1713
292
701
-678
-16
326
-392
432
-773
1055
-303
780
-742
764
-802
59
735
-1765
2753
-1203
-615
316
1738
-1669
-143
978
-2124
1699
-362
-472
-53
-689
67
389
-237
-259
-776
702
684
-1621
98
875
-1505
490
1165
-1439
378
1027
-1083
131
-91
333
-208
-981
2025
-1729
237
1147
-876
-783
1364
-423
-1135
2523
-1774
507
723
-1292
1059
215
-1159
1127
-224
497
138
-538
625
109
-481
250
51
-1501
2348
-2313
1784
1073
-3028
2646
-368
-1837
1045
-129
-771
1696
-972
271
625
-1144
452
-42
-682
414
230
-201
-142
511
-578
-347
1335
-136
-1882
1186
1186
-3127
2445
180
-2256
2662
-685
-1678
1990
-493
-1890
2535
-353
-1788
1507
195
-154
-155
-470
788
-560
-327
1514
-580
-1086
1145
115
22
-181
785
-799
-159
844
-1352
1217
-492
-273
646
400
-2090
1686
34
-1630
1082
-955
1451
-666
433
-202
1141
-1849
365
1720
-2232
1007
-251
730
-230
-291
-384
257
-282
-960
1907
-251
-1590
1864
-283
-1369
1347
-603
-573
241
484
125
375
-284
-29
817
-1843
1362
-470
-1469
1509
-478
68
-308
799
-1031
-216
167
-792
1442
-1138
-626
1463
287
-1503
548
1854
-3425
832
3009
-3443
626
1290
-709
152
949
-792
-610
588
-167
188
-633
998
-573
-118
1610
-1566
-117
2363
-3022
489
2346
-1674
-506
1684
477
-2246
1861
-334
-212
-1088
473
979
-1534
1438
-150
181
-763
433
-683
724
227
-1467
1771
-37
-428
688
160
-701
294
-387
790
-201
-878
1866
-643
-1215
1489
-24
-1565
1155
239
-1249
907
-487
-543
878
-357
171
109
-213
-329
-371
164
292
-867
384
731
-241
323
-605
-256
-413
1019
-1371
470
964
-1398
765
1396
-1153
-1143
2092
-2711
1537
451
-1560
1740
-246
-350
758
-1071
-196
1055
-2115
2259
-693
-728
1499
-834
-1125
1532
-964
-337
1831
-1711
1206
-486
-330
-329
-13
197
-472
489
339
-31
2
-297
-310
711
-558
-23
154
246
662
-626
-260
1182
-1456
-207
1800
-1016
-466
594
256
7
-11
10
368
-942
-265
781
-576
286
792
232
-1099
1127
-144
-1378
669
-105
-418
39
1647
-877
62
231
-257
-618
391
858
-1134
1094
585
-1107
-401
1754
-1548
-158
1340
-1134
83
1875
-1274
-1096
1394
-632
-15
-594
897
-552
-103
809
-397
-346
281
-72
-205
772
-580
413
462
-878
-245
1247
-1565
760
-141
-1352
1482
296
-1045
-331
1029
-1086
601
-199
-458
-409
1115
-61
-1228
1391
-940
-228
636
28
-759
555
33
-227
460
-102
456
-1106
-117
926
25
-1090
1018
-370
-651
1810
-1538
-205
763
-496
-153
1366
-1154
-393
1490
-1272
211
944
-1179
691
1435
-2097
1132
282
-1068
394
-50
498
694
-788
-668
1710
-1081
-11
1206
-501
-872
265
975
-1361
562
580
-840
658
232
-119
-311
618
-1210
260
1372
-1234
245
59
219
-732
452
-58
-339
-286
-174
1720
-1368
-35
856
-407
-1332
1032
286
-802
-69
-362
1993
-1700
366
900
-1071
-342
597
231
-1056
1352
-1224
549
284
-615
167
-33
754
-1807
1014
420
-275
-45
48
203
-592
776
-385
1006
-1195
58
1224
-880
-485
553
965
-1550
681
320
-111
-402
498
267
-1316
985
-129
223
137
-733
506
10
-349
456
-582
-301
598
-425
191
713
-984
509
18
-592
1185
-1318
697
310
-1451
1355
-87
-1071
241
408
-497
532
-158
-156
1227
-1612
-108
918
-695
540
6
83
-38
-692
332
532
-679
-353
604
-203
501
-233
-373
543
-189
-1061
978
1258
-2029
674
706
-128
439
-71
-99
-80
335
-188
785
-799
-389
792
437
-294
-497
152
-106
151
-599
573
-48
-703
65
305
401
-529
-135
104
23
72
58
209
-455
-669
872
348
39
-558
-573
1184
-830
-284
1077
-276
-420
501
1
-399
569
-814
-250
428
-226
214
-317
65
-330
-410
947
169
-935
129
21
96
188
-371
649
-414
248
104
-267
132
109
-366
470
1028
-1769
1985
-364
-1309
819
-197
-35
-294
887
-1137
1040
-607
262
41
-959
819
-1056
1177
-888
319
234
-86
577
-490
275
-298
146
-689
995
-249
-675
1092
38
37
61
-499
-30
282
-953
909
503
-1021
516
690
-728
-550
520
-372
-96
184
-73
506
-122
-285
438
-544
149
-63
-290
390
96
-283
119
383
-516
197
40
263
-455
462
-307
295
519
-1194
307
215
-126
-614
942
-657
-129
487
-184
23
-525
241
-606
351
711
-782
-45
1280
-717
-124
886
-176
-1480
1046
643
-1115
1056
-188
331
318
-344
-750
650
-1121
-394
1748
-1006
-149
1568
-898
-806
1378
-2218
485
1512
-1509
130
2018
-1630
-374
2194
-2008
-102
640
-34
-97
234
94
326
-968
95
1087
-1139
-32
298
-379
127
400
-1006
1925
-1142
-1727
2539
-735
-1208
1125
-97
-1067
913
139
-150
630
-871
-177
993
-708
-65
173
-58
154
210
160
-276
249
-94
-118
973
78
-144
276
-1045
548
275
-321
260
31
-427
268
114
-190
-128
-532
390
356
-437
-95
431
-895
387
-284
327
161
-315
412
-457
124
20
165
-155
373
-361
49
88
-447
41
572
-501
613
172
-1132
697
-274
-292
-484
909
-135
-559
1028
-160
-374
-330
178
290
-488
439
219
-320
48
-72
-196
-413
1099
-588
-35
698
-700
221
278
99
-338
308
-590
369
664
-1120
299
402
-693
904
-132
-732
1029
-1129
44
1487
-521
-878
1193
-499
-708
460
-317
615
-643
792
608
-876
-147
455
-962
90
205
-471
1246
-312
-22
-65
-372
-49
-49
56
72
-391
263
588
63
-490
266
130
-749
201
33
-106
-276
1057
-324
-440
448
-512
-147
-11
-380
33
619
-23
56
679
-25
-1323
761
553
-967
-164
1280
-383
-545
1436
-747
-400
361
-453
-302
629
-141
-152
708
-480
-290
203
-371
15
117
151
124
91
63
-385
258
-437
-63
126
453
305
-492
281
79
-535
-193
893
-564
-377
671
173
-573
196
207
-428
142
-444
169
82
327
64
106
-20
148
-81
-262
401
-905
479
457
-78
728
-129
-1001
346
-266
-893
834
-176
277
635
-590
-117
206
-1043
-307
895
-557
153
990
-420
139
-270
-293
-136
85
674
-376
98
344
106
-351
383
-240
-551
405
280
-288
20
17
-546
274
88
-84
-422
480
-568
-42
851
-691
-168
447
58
5
1028
-476
-480
684
-265
-456
668
-38
-786
426
331
-57
-412
-157
389
-438
127
512
-397
-83
-134
-444
549
176
-578
899
-334
3
738
-895
138
251
-486
247
756
-594
-174
337
-319
93
87
155
-9
-112
21
129
-65
39
-143
-319
538
95
-482
289
118
-397
191
37
20
49
-382
378
374
-567
-229
642
-185
-265
366
-28
-94
-32
109
445
-606
-348
606
-749
328
528
-607
-175
565
-364
-682
506
-249
-322
27
802
-276
-351
168
-375
231
-297
423
-279
-235
445
-124
387
-165
-269
311
-118
-451
473
-26
-714
492
439
-73
238
-188
-355
204
-285
119
514
-293
410
-32
-120
102
-196
-10
15
432
-151
442
-18
-332
285
-154
95
-17
350
-300
35
435
-666
322
198
-741
97
489
-568
81
16
-432
346
-99
-19
145
48
-460
457
6
107
-18
-252
580
-300
-81
131
477
-575
325
20
-601
274
-100
-379
284
261
-229
286
-471
-43
-156
-222
-242
623
17
30
105
-134
342
-696
169
376
-101
-454
541
12
-373
248
-159
-112
391
-199
-106
390
-303
-190
-146
294
-126
-266
51
-7
-361
76
18
285
282
-142
345
-43
-70
-244
134
72
81
40
419
413
-282
72
93
-242
-23
274
-4
-66
107
88
-302
122
-98
-103
-6
-325
12
-215
-96
400
53
-326
258
-72
-214
111
-324
179
235
-275
339
170
-299
-123
16
63
-445
76
429
-275
6
287
-279
-419
259
-254
-178
540
-331
138
441
-208
-195
2
121
-532
400
649
-345
47
399
-33
-433
193
-89
24
26
110
420
-242
-235
102
-110
-253
454
9
-78
328
-127
-432
249
-106
-301
430
45
109
11
-87
-143
-104
-82
187
181
163
251
-51
59
-69
-287
-39
73
24
291
-433
152
286
-715
16
133
-429
39
245
-151
377
50
-403
-99
55
-114
52
269
73
-207
-129
276
-316
46
263
-469
-16
293
-513
-213
404
-229
-243
739
140
-504
158
-74
-123
-121
296
24
96
201
-342
212
-131
-459
116
274
-28
121
258
-95
-136
152
-91
3
5
75
182
34
12
11
47
-201
54
111
156
204
30
-59
0
-114
-145
72
114
-63
62
184
-177
1
25
-153
-101
248
138
-278
167
283
-497
-73
436
-317
-260
468
0
-378
337
-183
-2
31
-254
29
-116
-24
-106
270
-123
-167
117
-52
-211
-37
-2
-180
188
109
102
41
100
-245
-166
89
-68
-1
22
427
-13
10
94
-81
-38
-301
227
63
17
324
81
48
-20
-49
-191
-12
179
-92
114
207
-112
9
119
-196
-148
91
-158
26
141
-270
-43
-6
1
-43
-70
157
-397
-84
139
-318
193
205
-307
59
197
-254
-189
136
-199
-165
142
-16
219
2
102
42
29
129
-362
139
83
-167
223
198
-12
-13
125
-182
-7
225
-233
103
227
-113
113
271
-70
-117
184
-46
-20
109
-36
95
211
3
28
262
-53
-114
190
67
14
143
-33
-113
97
-235
-133
0
-210
-181
-25
60
-138
-98
-108
-6
-175
-152
-90
-92
-76
-52
-30
79
11
-241
80
65
-46
-6
171
-146
-81
-29
-124
0
81
44
33
328
-187
-1
91
-117
16
59
38
221
-24
-32
250
-277
35
30
-128
117
12
-67
280
29
-137
215
-66
-20
5
43
64
84
281
-48
98
244
-172
74
145
-141
-63
230
-119
-167
165
-223
-30
51
-177
-94
42
41
-164
100
183
-259
-23
91
-170
20
-16
-98
-88
81
-68
-118
119
-203
-195
130
-29
-206
1
-116
147
46
-29
178
-87
102
-60
-114
92
106
-137
226
209
-148
144
-11
-16
21
-32
56
50
-49
32
51
183
75
-14
228
5
-50
24
-96
31
60
-37
146
13
-132
109
-47
-142
-26
-71
67
2
-51
12
-42
-67
-48
-182
56
89
-248
118
11
-133
-5
-112
-66
-41
-55
27
-70
-56
-37
-124
123
-22
-206
-30
115
-157
27
87
-113
177
-16
88
74
-33
48
-103
33
-18
-27
114
201
29
-18
140
-78
-39
18
87
70
93
79
11
21
-50
27
47
61
65
208
20
69
56
-53
-26
-117
111
142
106
100
5
-104
-28
-9
-59
4
78
-75
-14
66
-189
-76
-47
-105
-75
-28
78
-36
-28
-2
-106
-62
-168
-93
-99
-176
47
-25
-88
37
-22
-116
9
-40
-27
-7
81
137
-17
37
19
-49
-21
71
-37
79
75
91
110
-12
119
-31
-48
34
-20
8
33
-5
52
-12
12
-53
-130
4
6
5
43
182
59
-38
76
-26
-170
8
42
-33
113
61
-1
36
-82
-37
38
-23
61
59
31
86
56
-66
-7
-14
-23
-47
3
90
-87
46
61
-84
-34
50
-76
-175
-14
29
-40
142
104
-217
-65
-43
-182
-106
53
25
-51
164
-47
-227
-4
-83
-143
68
119
3
51
22
-61
-53
13
44
-63
130
136
-34
53
-21
-35
-15
-24
172
18
22
239
-72
90
172
-123
41
110
-32
76
138
47
0
12
27
-75
30
43
-74
43
75
-74
52
26
-113
2
-26
-26
52
17
-68
-56
-19
-187
-111
68
-200
-24
92
-153
-38
21
-99
-2
26
-63
25
51
44
24
39
-22
-84
-22
13
37
55
-66
-11
2
-107
42
2
-30
43
40
58
-6
14
25
-67
-35
10
-4
-38
16
-20
-106
-4
6
-67
15
88
-51
-27
82
-34
-25
94
-35
-5
104
7
20
105
104
-50
47
89
-49
44
89
-13
21
61
-42
49
59
0
47
-9
-40
16
24
-16
-9
6
-80
-81
-5
-98
-57
6
-29
-60
-26
-16
-78
2
-3
-3
21
8
15
-17
-11
-20
-74
30
24
-47
61
-19
-37
22
42
0
32
113
3
-9
42
70
-2
31
66
-25
105
114
-37
69
75
-91
31
61
-60
-3
31
-12
6
23
-20
-32
10
-16
-70
-17
-31
-51
-4
-59
-3
10
-71
15
-16
-39
11
10
-31
-56
-16
-57
30
11
-79
-46
-51
-8
-31
-16
4
-28
34
25
-31
28
22
6
-13
34
61
-27
25
1
-3
6
18
2
-36
12
-23
-24
28
-7
-37
25
-45
-38
3
-18
-71
-37
26
-84
39
62
-12
50
38
15
67
55
13
63
24
25
57
51
41
80
117
25
44
97
13
32
6
-95
-16
-10
-38
13
-16
-51
20
-16
-88
28
4
10
42
-16
33
-37
-16
-11
-43
35
-32
-28
48
10
-13
40
-3
-58
-13
-13
-51
-28
-19
-38
19
-18
-41
-18
3
-16
-27
23
-48
-33
-8
-65
-22
12
-71
-20
52
-72
-27
47
-10
-1
4
-35
-60
29
16
-91
-3
70
-31
10
129
8
-26
108
38
-43
73
9
-58
58
44
-78
-26
55
-39
53
80
-20
71
41
-42
18
21
-2
53
63
30
58
11
-8
73
19
-41
2
-11
-63
-4
9
-67
-35
-4
-83
8
34
-73
-33
-16
-18
-61
-45
3
-12
-7
20
-55
-23
25
-75
-8
6
-17
-14
21
14
-33
9
-27
-41
-6
-45
-38
49
18
9
93
-6
-7
141
19
18
102
-7
29
87
36
50
80
50
36
59
15
-9
65
56
21
54
21
-8
28
-20
14
27
-48
27
-4
-36
-18
-73
-40
-49
-44
-71
-95
-66
-115
-59
-60
-122
-89
-96
-79
-45
-58
-23
21
3
-48
-22
-7
-30
16
14
45
60
33
32
24
1
26
52
54
70
67
21
6
40
-37
2
56
-1
25
82
37
10
18
-6
37
8
-12
-3
3
1
12
16
-6
-13
-46
-53
-9
13
-7
16
50
19
-11
0
-35
-4
47
-23
-22
17
-14
-16
-16
10
-32
-54
51
34
18
57
22
2
6
29
-29
9
72
-10
12
36
-2
-1
8
-7
-25
-18
-19
-15
9
2
-10
-46
-45
-18
-12
-32
-43
23
-9
-5
2
-99
-77
-41
-125
-32
42
-79
-10
38
-19
-38
-15
15
4
29
28
44
93
69
30
25
44
-2
-2
17
-11
2
-2
57
25
-16
5
32
35
28
50
4
9
5
28
26
27
59
-5
-31
10
-19
-64
19
9
-19
6
-4
6
4
-7
-34
13
-1
-57
-37
10
-26
-33
37
-30
-22
-23
-94
-73
-33
-58
-9
30
-56
-36
26
-45
-37
25
-58
-58
-5
-33
-50
24
40
23
83
48
-19
57
50
25
77
39
-26
4
36
-25
20
29
-4
7
66
25
-8
33
-16
10
32
9
11
52
10
-31
27
8
-54
-11
-12
-29
18
27
-2
3
2
-25
24
24
9
34
31
-27
23
61
-9
15
17
-25
-3
58
13
16
48
-37
-18
10
-45
-33
4
-35
-19
10
-44
-49
-38
-44
-75
-44
-25
-29
-16
-47
-16
-12
-2
-6
6
1
-32
1
-4
-13
18
16
-19
-3
-16
-31
-12
-6
-9
-29
-34
-45
-45
10
10
13
50
29
-7
8
21
-18
33
40
19
41
-6
7
11
-5
-7
5
31
12
39
48
51
66
63
51
38
39
54
59
8
36
44
11
-18
-28
-12
-61
-67
-33
-28
-64
-51
-14
-28
-28
-25
-5
24
-7
-22
11
3
-46
-28
9
-11
-14
-1
2
10
46
37
47
36
-16
-3
49
50
7
38
7
11
34
18
9
-5
10
-19
15
7
-8
-7
-17
0
9
16
8
12
-17
-25
9
-9
-25
-48
-60
-38
-51
-16
1
-35
-34
-30
-13
-1
-18
-25
-32
-24
-17
-10
-16
-31
-31
-53
-33
-7
-11
-20
10
8
-21
-18
-10
23
27
15
6
41
24
-42
-13
4
-16
-15
1
-14
-6
17
-9
20
32
16
23
40
43
43
46
38
42
10
7
28
51
40
46
67
58
76
65
50
35
48
21
0
9
6
16
20
15
15
-7
-23
6
15
39
-24
-3
20
-30
-32
-16
-18
-52
-13
-38
-40
-32
-50
-61
-31
-39
-70
-34
-39
-51
-63
-37
-54
-42
-37
-63
-50
-72
-60
-55
-51
-39
-39
-38
-21
-26
-16
-1
25
15
-13
9
-9
3
27
64
57
51
45
36
44
59
54
19
43
48
65
51
57
49
45
61
53
64
46
41
35
31
16
-3
4
5
-12
-1
3
-11
8
-10
-25
-1
16
5
-27
-24
-20
-13
-11
-9
-12
-18
-32
-37
13
-11
-3
16
-14
-10
-4
3
-10
9
2
-23
-24
-32
-19
-31
5
-3
-9
-10
-41
-19
-24
2
-13
-16
-26
-15
-12
-32
-28
-40
-39
-78
-41
-42
-37
-34
-4
18
-16
-7
0
29
26
28
11
29
6
13
34
24
27
16
63
64
57
21
46
41
33
32
27
35
-12
44
16
22
7
4
12
-19
32
11
9
-2
4
-1
19
26
26
20
14
17
-16
6
-22
21
22
-11
1
11
-10
-54
-18
-19
-35
-40
-26
-18
-19
-73
-77
-28
-59
-50
-16
-44
-59
-31
-44
-24
-26
17
-1
-14
28
31
86
42
48
14
14
7
-16
12
3
22
5
20
-5
5
14
20
19
33
12
-2
16
-11
28
-3
-35
-59
-48
-48
-42
-35
-31
-9
-22
9
7
50
14
3
29
30
52
40
62
48
26
9
-11
-6
-6
-27
-11
-13
-7
-3
-13
-1
-9
0
-17
-6
4
3
-17
-13
-9
-43
-2
10
8
0
3
-12
-7
10
-12
12
-3
10
28
9
-9
-15
-16
-31
-23
-22
1
-7
4
7
3
42
53
76
66
67
59
43
37
25
35
32
35
30
32
16
-9
-7
-3
-15
-18
-1
6
-17
-43
-34
-19
-21
-49
-52
-57
-54
-49
-51
-66
-64
-56
-70
-55
-65
-57
-55
-23
-37
-34
0
-22
-16
3
29
-6
12
25
19
16
28
31
11
41
48
63
44
34
49
34
38
38
23
27
0
-8
13
4
-2
6
9
15
2
3
26
16
28
51
63
49
73
50
0
26
20
20
-15
-4
-7
-3
-6
-35
-23
-44
-25
-28
-27
-32
-29
-31
-44
-42
-52
-34
-31
-42
-45
-28
-15
-4
-13
-6
-16
1
-1
-23
-16
-23
-17
-25
13
7
-9
-15
5
18
18
34
39
69
23
28
53
44
26
10
36
41
35
-7
-14
10
2
10
31
22
28
39
22
3
-14
-7
-2
-32
-35
-23
-19
-5
-6
-14
-9
-15
-18
-38
-71
-35
-17
-10
-24
-41
-32
-39
-19
-15
0
-2
6
37
20
-13
-6
3
-19
-26
-26
-13
-26
-16
4
-6
2
-2
0
9
-2
7
7
1
4
5
1
-4
22
23
43
40
48
48
38
43
76
98
55
58
48
57
41
37
32
-3
1
-3
-1
-12
6
-2
-20
-4
1
-15
-52
-61
-9
-35
-48
-30
-69
-47
-64
-74
-30
-22
-19
4
-8
-1
-1
0
14
-24
-14
-10
-19
7
-9
-21
-3
3
0
11
7
-10
-3
-5
-16
14
31
6
-9
10
-4
1
40
45
45
22
26
16
-6
-12
-2
12
-6
6
11
-6
-36
-43
-34
-25
-4
-19
-14
10
19
-4
6
15
-11
-4
-16
-8
-22
-10
15
-1
19
22
9
29
34
14
16
3
9
-16
-10
-10
2
46
22
51
46
54
28
35
53
36
32
6
15
-16
-10
-1
-7
-13
-35
-28
-18
-33
-15
-18
-37
-27
-31
-16
-14
-1
-24
-12
-3
-10
3
-5
9
-12
-17
-10
-4
11
11
-6
-28
-26
-28
-28
-25
-19
-22
-19
-19
-5
-7
-26
7
15
10
-4
4
15
12
1
5
33
19
23
21
6
8
9
10
21
20
26
13
2
35
22
5
10
12
33
7
-9
20
16
-10
-12
6
1
21
-4
3
2
-18
-22
-42
-22
-24
-14
-33
-26
-33
-3
14
-3
16
4
1
8
49
38
32
-2
13
5
-6
36
16
38
11
11
-9
-23
-8
-24
-15
-29
0
3
-11
-26
-31
-6
-18
-28
-6
9
-23
-47
-32
-13
-10
-20
-3
-18
-33
11
-20
-15
13
-17
-6
-9
10
12
13
41
35
37
31
29
32
33
42
23
33
44
25
36
34
27
-5
3
28
14
-19
-35
-41
-56
-22
-15
-17
-10
-10
-9
-13
-26
1
-7
-4
3
-12
-3
-25
17
-3
-23
-29
-2
17
-20
-4
11
9
-35
-26
-12
-23
-24
-9
5
-9
-2
-10
-3
13
6
1
13
19
22
23
28
41
30
16
22
30
32
25
11
6
1
-7
-24
-9
-2
-37
-23
-10
5
-10
-21
-15
-12
-4
-23
-20
-1
5
6
6
3
11
31
29
20
13
10
14
-5
12
8
-9
10
0
-12
-3
4
-8
-22
-44
-38
-26
-18
1
7
6
-7
4
10
14
4
8
9
3
9
4
21
0
3
-11
-3
-12
-49
-23
-34
-12
-8
0
18
43
26
24
40
21
40
21
53
21
35
36
-11
13
-6
10
-15
-21
-27
-24
-35
-44
-26
-27
-20
-3
13
3
24
4
9
-2
3
31
14
-11
-10
-4
-19
14
-6
0
-23
-16
9
-19
-32
-44
-33
-62
-47
-49
-12
-8
-22
-9
-10
36
54
27
25
35
-7
-12
0
2
-9
-14
-22
-27
-48
-31
-18
-42
-28
-34
-14
-3
13
15
32
23
25
14
19
59
41
57
30
34
37
57
63
49
45
43
32
15
13
9
31
-23
-13
3
7
-6
-19
4
0
14
8
16
17
13
-1
19
43
20
5
0
-15
-17
-8
-13
-26
-32
-26
-19
-34
-25
-25
-51
-39
-34
-13
-38
-33
-3
-23
-12
-3
0
6
1
19
38
26
33
21
-19
-18
-37
-45
-10
-23
-28
-35
-36
-69
-54
-55
-72
-42
-51
-24
-30
-6
-15
-13
-3
1
25
20
25
26
40
31
47
34
43
53
67
56
54
50
25
38
10
32
38
43
22
9
2
13
32
24
28
19
13
24
18
5
36
17
9
-2
-12
-8
-12
-25
-18
-33
-62
-17
-19
-32
-46
-40
-43
-48
-47
-35
-34
-30
-26
-28
4
7
-4
-6
-7
-28
1
3
9
4
-17
0
-17
-4
-8
4
0
-14
-31
-16
18
3
1
-1
27
66
53
25
59
68
54
51
66
64
31
41
46
44
10
15
13
7
-14
-12
5
-21
-21
-46
-45
-56
-30
-23
-26
5
-1
6
-3
-18
-18
-17
-23
0
1
3
-5
-9
-12
-38
-41
-52
-44
-35
-53
-48
-26
-24
-25
-14
1
0
6
15
19
22
22
43
53
43
48
20
-6
-16
-21
-17
-6
13
-4
-40
-45
-13
-29
-20
17
9
-4
16
32
17
19
11
6
20
32
43
41
25
10
17
28
4
-5
4
-9
-28
-6
9
-4
1
-3
6
-15
-3
32
22
25
57
35
25
32
4
26
32
9
13
29
0
-9
-14
-16
-34
-61
-48
-40
-37
-25
-29
-50
-27
-34
-19
-31
-59
-39
-44
-48
-29
5
-10
-21
-8
3
7
11
27
5
0
5
7
26
24
37
37
29
36
47
61
35
20
13
18
35
31
25
31
35
10
7
18
-1
-33
-45
-32
-32
-32
-50
-54
-40
-56
-29
-5
-18
-6
3
-3
0
6
1
9
10
19
16
15
15
19
19
7
17
-13
-6
12
7
6
0
-22
-9
9
-16
-22
-24
4
-6
1
7
-6
2
-8
-20
-16
-5
-9
15
10
-13
-13
-14
-10
17
-25
-43
-1
3
10
11
23
12
-1
11
50
40
22
20
10
19
10
9
-4
-2
7
12
16
13
-6
1
-3
-11
-9
-15
3
-11
-13
-7
-13
-3
6
10
-6
-6
2
-7
16
16
-4
5
-6
0
4
-6
-5
2
-6
-18
9
17
33
17
-12
-2
-13
-24
-31
-27
-47
-26
-2
3
15
-1
7
-13
-32
3
13
-7
3
3
1
3
6
12
0
-3
8
11
-17
-5
-2
0
-16
-31
4
-12
13
19
35
28
-2
19
38
42
20
57
38
45
41
25
35
11
15
-6
5
-21
-3
-23
-38
-25
-37
-37
-86
-69
-53
-18
-16
-16
9
7
6
15
19
6
-10
-15
-10
-32
-5
-3
12
7
-14
3
-19
-5
1
-18
-32
-15
-27
-25
-6
-20
-1
-14
10
16
15
27
41
54
39
56
19
18
10
-6
7
1
15
5
7
28
34
10
20
0
9
-1
-34
-15
-25
-16
-20
6
15
10
6
25
57
38
23
22
9
-10
-6
-15
-29
-34
-33
-27
-20
-6
1
7
6
-10
-10
-5
3
-3
-12
-23
-22
-15
-8
10
28
45
9
10
13
-1
-25
-28
-22
-42
-35
-45
-28
2
-6
-29
-29
-18
-6
-10
-2
-3
3
7
14
21
18
22
17
40
20
23
32
36
23
13
27
12
7
-13
-21
-24
-1
-10
-23
-8
-2
-1
0
19
24
24
2
9
11
13
9
28
44
17
25
7
21
22
6
-3
-9
-18
-34
-62
-54
-39
-47
-34
-43
-16
-1
2
2
11
4
10
25
3
0
3
0
3
10
9
11
1
15
10
4
-6
-7
-8
-22
0
3
9
-13
2
10
-5
15
2
4
-1
-2
-6
2
0
-6
10
-6
6
3
7
11
0
-3
-19
-9
-14
-2
-19
-16
1
-19
-10
-6
-4
-18
-28
9
10
10
31
38
44
-6
3
11
-4
0
4
16
-5
-31
-39
-16
-13
-2
-3
-5
-8
-17
10
14
4
7
10
28
35
11
30
25
11
13
19
24
