0
4
-18
-5
4
8
-10
-4
-17
-11
-12
0
6
3
6
6
6
-7
-11
-23
3
-11
10
3
-2
-7
-17
15
-10
-9
-17
0
2
1
11
4
8
-3
-3
15
22
19
18
28
34
6
-1
12
12
3
12
19
13
14
-4
4
-10
-16
-3
-13
-3
-10
-10
-21
-13
-22
-34
-9
-19
-4
-15
-15
-22
-32
-38
-39
-24
-34
-22
-11
2
-15
-2
-1
-1
7
1
7
8
16
10
36
36
39
48
63
66
56
51
56
54
27
20
4
19
12
12
10
6
15
-13
0
-10
-17
-41
-51
-49
-64
-39
-28
-23
-44
-55
-63
-55
-50
-33
-26
-39
-13
-36
-25
-16
-18
-20
-14
-4
-3
10
1
28
18
20
37
55
60
44
34
37
40
29
35
16
40
29
18
14
14
18
15
19
1
13
1
2
9
0
-28
-19
-7
-16
-30
-28
-12
-23
-17
-23
0
-12
-22
-16
-13
-13
-17
1
4
4
-13
9
7
6
12
23
42
38
30
14
37
32
18
14
7
3
-5
-11
0
5
0
0
3
-6
-22
5
-10
-23
-41
-43
-25
-47
-37
-33
-27
-37
-44
-28
-14
-6
-3
-6
-13
2
14
14
10
0
8
13
10
35
34
15
27
29
23
18
0
24
35
26
37
44
38
16
9
5
9
-8
-2
17
-6
-20
-32
-35
-36
-39
-25
-7
-8
-10
-13
-24
-32
-22
-21
-8
-8
-22
-8
-16
-6
-23
-20
-14
-21
-13
-19
-6
-10
0
-14
-8
25
38
44
40
48
28
31
36
41
36
33
40
23
34
36
34
28
25
29
31
15
11
21
10
17
-1
-6
-10
-12
-4
-9
-21
-32
-41
-47
-42
-55
-52
-52
-53
-41
-32
-30
-26
-9
-7
-16
-23
-12
-7
6
7
1
-13
-20
2
0
3
-1
0
-1
-5
-2
5
1
3
6
-1
13
8
21
19
19
24
19
29
27
22
5
7
6
-6
0
10
15
3
-5
13
0
-16
-3
0
14
16
12
6
3
0
-3
6
0
-3
-7
1
25
17
12
9
-1
16
4
-8
0
5
-7
-15
-9
-14
-28
-35
-22
-17
-21
-22
-7
-12
-16
-8
-6
-12
-10
0
-3
-1
-2
-5
6
15
12
14
16
16
3
6
0
12
6
4
21
4
10
7
1
9
5
-4
3
10
16
-3
-6
2
-12
-19
-13
5
12
34
35
28
10
-3
0
-1
13
4
-1
-1
-5
-11
-6
-5
-15
-16
-19
-5
-7
-12
-9
-14
-18
-24
-31
-26
-16
-31
-21
-4
-4
6
7
19
12
6
16
25
19
10
13
23
21
12
10
-4
7
-2
-10
-29
-37
-17
-26
-13
-16
-35
-32
-30
-22
-17
-16
-12
-14
-14
-12
-14
-15
-10
-4
0
5
7
9
21
27
26
36
26
29
45
44
48
43
43
51
57
45
41
51
49
35
32
36
25
26
26
25
13
10
3
-3
0
-13
-3
-22
-40
-35
-26
-37
-34
-16
-30
-31
-37
-40
-60
-66
-58
-45
-37
-60
-52
-47
-48
-50
-26
-28
-33
-16
-19
-13
-16
-4
-2
-13
-12
4
16
2
4
23
50
51
49
58
43
44
42
32
37
35
37
38
47
38
15
21
31
37
26
17
1
-8
4
-5
-6
-14
-15
-10
-9
-6
-18
-32
-34
-28
-42
-54
-54
-61
-51
-49
-48
-42
-42
-25
-19
-14
-14
-16
-1
3
-6
3
16
22
28
29
28
36
41
35
54
59
60
63
52
48
60
60
54
53
47
45
29
32
20
-5
3
5
-15
-24
-7
-10
-12
-12
-22
-31
-42
-47
-48
-50
-41
-32
-36
-37
-28
-22
-26
-51
-63
-42
-35
-34
-38
-35
-34
-49
-39
-22
-21
1
7
7
3
-7
4
18
29
35
40
35
46
50
44
42
50
41
48
62
69
65
59
67
55
54
43
42
28
9
9
-9
-4
-3
-32
-30
-38
-49
-48
-55
-64
-79
-63
-82
-98
-98
-98
-80
-73
-54
-50
-42
-48
-58
-60
-70
-60
-45
-32
-12
1
-1
-2
16
51
67
83
83
89
92
89
94
98
103
95
102
102
94
87
82
74
74
73
71
82
71
58
31
11
-6
-18
-16
-12
-7
-19
-37
-42
-54
-72
-85
-80
-72
-105
-108
-105
-95
-88
-103
-92
-86
-82
-67
-54
-55
-48
-54
-37
-23
-32
-19
-11
20
26
20
29
41
58
64
46
47
66
50
51
50
56
70
58
61
66
61
33
38
47
31
34
23
16
7
-17
-21
-16
-13
-17
-30
-41
-43
-47
-34
-25
-32
-31
-33
-44
-46
-38
-54
-53
-38
-38
-36
-27
-13
-14
-1
16
16
29
47
35
35
46
45
51
50
54
44
30
39
29
13
25
13
13
17
8
6
8
-6
-28
-2
-19
-39
-32
-36
-23
-32
-25
-29
-45
-45
-44
-44
-51
-59
-47
-50
-56
-48
-35
-23
-9
3
7
19
35
48
37
50
54
60
55
41
68
88
103
98
89
89
95
84
97
90
66
64
44
42
26
9
10
9
0
-22
-25
-35
-51
-57
-61
-67
-99
-112
-121
-142
-154
-155
-147
-132
-142
-141
-128
-130
-107
-103
-98
-80
-67
-64
-45
-30
-16
5
12
47
67
70
77
103
126
143
132
130
140
135
143
158
156
131
129
141
147
131
110
93
75
68
44
32
13
4
1
-39
-46
-40
-57
-84
-90
-97
-103
-107
-117
-105
-122
-120
-123
-129
-114
-112
-108
-105
-88
-90
-64
-54
-52
-29
-26
-9
0
-4
1
21
34
32
39
54
69
81
78
98
117
110
93
75
79
77
77
71
70
56
53
59
48
55
52
45
23
10
20
19
7
-2
-4
-5
5
-9
-26
-41
-54
-63
-56
-51
-66
-76
-87
-76
-79
-60
-58
-75
-74
-88
-73
-72
-60
-41
-58
-41
-24
-28
-28
-27
-19
-6
4
23
35
27
19
22
18
31
57
67
70
80
82
75
76
75
67
58
71
62
51
65
40
32
33
23
38
20
-10
-13
-29
-46
-55
-41
-34
-35
-37
-40
-37
-50
-44
-41
-47
-51
-55
-38
-51
-67
-54
-54
-42
-35
-37
-35
-41
-21
-3
13
16
26
43
45
53
40
46
55
51
46
49
59
61
67
61
52
51
47
31
38
32
6
0
13
16
19
25
13
4
0
5
0
-3
-4
-8
-7
-16
-27
-47
-39
-35
-51
-48
-50
-57
-61
-58
-65
-52
-46
-46
-38
-47
-31
-34
-45
-41
-32
-46
-54
-25
-16
-16
-12
11
16
5
14
32
47
50
38
54
83
88
86
82
83
69
73
88
78
57
65
69
80
56
38
40
29
31
9
-3
-16
-16
-37
-42
-39
-51
-63
-80
-78
-97
-102
-104
-98
-101
-114
-97
-89
-91
-86
-82
-72
-69
-61
-43
-32
-29
-37
-39
-29
-13
-10
6
13
32
54
51
73
86
94
98
105
115
107
101
108
118
105
91
95
107
101
108
123
111
83
66
44
31
31
16
19
12
-17
-34
-23
-22
-37
-26
-27
-53
-68
-83
-90
-82
-63
-58
-67
-59
-73
-74
-66
-73
-70
-78
-74
-77
-75
-69
-72
-70
-74
-77
-60
-53
-34
-29
-34
-10
-23
-25
-9
-4
3
13
23
21
28
35
42
56
41
45
60
60
69
61
68
69
60
73
69
69
77
68
59
60
44
36
55
55
54
49
48
38
29
22
9
2
-1
-1
-25
-23
-28
-51
-60
-47
-54
-56
-36
-45
-49
-69
-67
-70
-91
-87
-66
-58
-66
-55
-48
-28
-8
-3
4
10
3
-3
9
26
16
6
15
35
40
29
29
26
25
23
38
30
35
42
32
54
35
21
25
23
25
11
24
37
39
38
21
16
5
9
6
8
22
-4
-6
-7
-28
-43
-52
-39
-25
-29
-42
-33
-31
-36
-47
-60
-61
-53
-39
-51
-45
-25
-26
-19
-24
-32
-32
-19
-9
-7
3
1
15
15
3
15
28
49
54
66
84
82
86
95
99
80
83
65
45
49
22
10
12
18
17
23
11
-14
-37
-51
-47
-42
-38
-36
-43
-62
-58
-66
-85
-95
-98
-101
-87
-70
-86
-91
-85
-87
-79
-63
-55
-49
-41
-29
-8
15
22
23
50
53
50
60
72
92
114
130
115
118
117
103
91
90
95
104
93
94
104
82
85
75
61
51
54
49
34
51
31
14
6
-6
-10
-30
-38
-39
-43
-57
-69
-70
-86
-108
-119
-125
-130
-125
-137
-146
-134
-126
-129
-126
-120
-112
-92
-95
-96
-98
-90
-69
-56
-55
-64
-44
-36
-44
-29
-14
8
41
66
78
81
90
101
108
126
131
149
175
167
170
145
136
151
143
140
139
133
117
112
114
106
88
79
42
16
-3
-7
-14
-32
-22
-51
-67
-71
-96
-106
-109
-109
-107
-112
-121
-141
-134
-143
-148
-135
-144
-130
-123
-101
-84
-72
-60
-69
-54
-45
-44
-18
7
15
38
39
44
51
47
66
72
76
78
78
91
97
97
88
96
91
84
82
75
95
91
79
87
88
77
63
56
44
36
39
28
12
21
9
-9
-15
-52
-67
-65
-66
-70
-86
-79
-88
-86
-78
-101
-100
-109
-108
-101
-99
-101
-96
-95
-83
-80
-90
-79
-77
-54
-37
-17
-9
19
33
25
33
32
44
40
57
71
80
82
89
109
88
85
87
85
101
97
104
101
93
80
66
72
66
53
32
19
7
-4
-4
-15
-16
-21
-35
-45
-57
-60
-73
-61
-50
-48
-43
-61
-53
-66
-62
-52
-49
-25
-25
-35
-35
-33
-49
-40
-25
-28
-31
-18
-6
14
25
27
19
-2
8
-3
8
12
7
20
23
18
17
7
-3
7
-4
-3
-5
2
-3
-12
9
3
13
24
27
32
32
32
33
38
44
51
41
37
29
29
25
15
16
5
14
11
13
18
17
25
12
25
22
16
14
-9
-15
-16
-23
-35
-17
-7
-18
-39
-23
-17
-27
-18
-43
-44
-54
-55
-49
-59
-57
-57
-51
-61
-52
-36
-53
-53
-38
-44
-58
-48
-37
-38
-33
-37
-40
-17
-20
-1
33
20
28
38
48
38
31
34
42
55
60
59
63
71
61
59
57
58
68
83
72
66
77
77
90
81
70
63
54
41
44
37
22
12
2
2
-16
-25
-20
-40
-50
-43
-53
-57
-53
-50
-60
-60
-66
-59
-61
-64
-47
-42
-35
-53
-51
-33
-29
-35
-35
-45
-40
-16
-26
-25
-19
-22
-12
-7
-2
12
9
19
26
11
7
-8
-3
4
7
10
12
20
18
17
0
-4
-4
0
6
-1
3
-4
-2
19
6
-3
2
-10
-11
-12
-20
3
10
0
-6
3
14
3
12
25
23
20
26
30
45
43
41
57
54
43
36
56
61
51
40
35
38
34
42
42
35
34
25
25
27
20
10
0
4
-5
-3
-6
-12
-25
-37
-34
-33
-48
-74
-78
-71
-76
-84
-86
-89
-94
-96
-86
-98
-105
-92
-73
-73
-79
-66
-68
-68
-48
-27
-30
-22
4
1
0
5
26
59
60
61
77
88
97
92
105
104
95
113
113
118
118
114
102
95
101
89
87
92
87
64
63
58
20
13
3
-3
-18
-48
-57
-56
-68
-90
-85
-83
-91
-98
-108
-117
-129
-131
-120
-111
-94
-95
-102
-101
-102
-100
-98
-67
-57
-44
-18
-18
-6
-4
12
28
43
56
40
59
76
60
73
87
88
103
104
112
121
103
85
86
88
76
84
80
63
56
41
47
32
27
32
3
-6
-6
-17
-23
-33
-52
-60
-71
-82
-65
-63
-73
-69
-73
-74
-76
-71
-62
-66
-52
-58
-55
-44
-47
-35
-23
-2
9
20
14
16
34
45
45
26
23
23
32
34
45
51
37
54
53
51
53
49
46
31
13
10
0
-22
-20
-25
-22
-16
-14
-15
-25
-34
-39
-29
-33
-24
-23
-18
-30
-40
-22
-20
-25
-22
-13
-9
-6
-13
2
18
15
16
14
14
30
25
25
33
32
25
22
40
38
35
19
28
31
20
9
-6
-1
-17
-19
-20
-16
-29
-23
-25
-49
-37
-32
-25
-33
-45
-45
-55
-48
-28
-16
-19
-16
-12
-5
-15
-15
3
-7
-9
-3
16
21
39
42
47
50
31
28
44
49
43
57
47
58
50
58
72
76
83
52
52
52
50
47
36
21
12
-12
-11
3
-4
-18
-18
-26
-44
-33
-51
-52
-54
-76
-79
-73
-69
-92
-86
-76
-79
-85
-88
-69
-62
-75
-72
-54
-51
-38
-17
-3
4
6
10
11
28
32
31
43
51
41
38
41
61
56
55
73
68
69
58
63
57
48
35
33
29
23
32
17
18
10
-7
1
0
-4
-1
-11
-25
-31
-32
-41
-47
-42
-42
-68
-51
-47
-37
-30
-32
-25
-37
-19
-19
6
9
5
12
0
2
16
35
28
24
25
32
22
19
32
38
47
56
50
37
46
51
48
47
22
23
22
13
26
29
21
-1
-7
-5
-23
-34
-15
-32
-57
-47
-60
-72
-82
-80
-72
-78
-89
-79
-61
-76
-72
-63
-56
-50
-70
-51
-46
-38
-26
-34
-15
-3
20
28
28
30
36
34
46
79
84
74
78
74
69
95
105
117
120
107
110
103
99
82
82
86
58
58
74
48
38
22
3
3
-19
-29
-34
-45
-62
-72
-80
-89
-88
-90
-104
-111
-108
-118
-122
-110
-108
-116
-109
-101
-103
-93
-78
-73
-74
-59
-38
-40
-41
-25
-1
9
16
27
38
44
55
67
76
92
89
85
86
87
85
88
105
94
92
99
93
82
89
82
63
54
45
41
28
30
25
25
28
17
16
14
7
-6
-32
-44
-32
-37
-38
-51
-57
-69
-87
-70
-61
-52
-67
-63
-64
-76
-66
-63
-54
-45
-55
-62
-46
-41
-31
-33
-22
-17
-22
-19
-10
-6
-23
-14
-13
-5
4
3
16
15
0
20
40
53
56
38
36
31
35
21
40
56
43
33
39
46
33
43
41
37
27
27
46
47
38
29
35
36
24
25
38
39
30
28
28
25
7
8
1
-21
-19
-13
-23
-34
-40
-28
-28
-51
-44
-56
-58
-58
-57
-54
-74
-72
-72
-61
-73
-81
-91
-89
-74
-74
-53
-47
-38
-54
-39
-11
-24
-23
-14
-2
-4
11
18
28
42
44
66
80
95
92
88
103
112
103
100
111
107
104
90
89
81
72
78
80
77
70
40
22
44
26
-1
-16
-17
-16
-36
-42
-35
-64
-95
-102
-98
-118
-134
-133
-135
-121
-133
-132
-113
-108
-105
-96
-86
-80
-66
-51
-43
-34
-18
0
23
36
42
38
55
58
61
81
87
98
101
93
90
106
95
84
100
110
107
88
86
80
69
54
55
61
38
30
13
7
-13
-29
-38
-56
-55
-57
-57
-66
-74
-85
-93
-101
-108
-111
-109
-107
-101
-94
-82
-61
-62
-63
-55
-31
-23
-12
7
1
9
27
40
60
61
60
69
68
79
78
78
78
78
85
85
80
62
57
52
41
45
50
39
31
8
6
9
7
4
-13
-22
-35
-50
-53
-50
-69
-70
-64
-66
-72
-76
-76
-75
-73
-73
-64
-56
-55
-61
-45
-29
-27
-22
-28
-22
1
9
6
26
38
39
47
54
57
56
61
71
80
76
72
69
72
56
67
70
54
59
64
51
29
43
22
15
17
11
4
-6
-13
-30
-30
-28
-32
-51
-60
-59
-58
-63
-72
-72
-64
-70
-71
-63
-67
-63
-60
-54
-54
-62
-54
-45
-48
-18
-13
-7
7
6
24
31
41
35
36
32
35
42
41
44
38
35
41
37
33
41
44
41
41
63
63
48
41
41
30
17
24
19
19
11
1
22
4
-8
7
9
14
18
19
13
6
-2
-6
-12
-13
-17
-24
-31
-30
-33
-31
-18
-25
-20
-32
-31
-37
-54
-50
-45
-50
-67
-57
-67
-74
-65
-70
-53
-67
-67
-48
-56
-38
-30
-32
-33
-26
-1
13
15
13
31
22
29
54
61
68
70
74
83
92
78
85
86
82
85
83
101
88
75
72
66
72
57
50
47
33
15
14
7
-16
-26
-24
-22
-28
-35
-26
-39
-44
-48
-75
-76
-91
-82
-76
-86
-82
-87
-98
-101
-89
-99
-97
-76
-55
-70
-69
-50
-37
-29
-29
-10
-2
8
10
12
26
38
23
40
47
46
68
72
96
101
104
110
126
101
88
97
80
83
63
71
65
40
48
44
39
21
14
16
18
12
-7
9
-20
-35
-31
-59
-57
-73
-70
-76
-84
-84
-83
-81
-94
-72
-70
-60
-63
-81
-76
-85
-60
-53
-41
-37
-28
-10
-17
-10
-16
-13
-16
1
3
5
25
22
32
45
67
66
64
67
73
69
59
51
45
45
37
37
36
55
46
64
64
54
57
39
48
35
26
6
10
-10
-16
3
-16
-25
-31
-14
-23
-12
-18
-42
-47
-55
-52
-47
-42
-48
-40
-26
-32
-27
-6
-22
-12
-21
-20
-27
-47
-33
-46
-38
-28
3
-4
-4
1
3
29
22
12
29
48
29
46
33
39
33
22
39
6
18
22
21
32
26
15
5
13
2
-3
6
-6
-4
-6
-10
-26
-32
-14
-27
-16
4
-17
-21
-31
-29
-19
-27
-22
-30
-22
-21
6
-11
-32
-22
-30
-3
-12
6
-1
-8
9
-6
29
20
2
3
20
53
34
53
22
19
47
15
9
4
15
-1
18
29
-2
27
27
31
20
16
24
29
41
5
32
14
9
5
-1
20
-24
-7
-24
-26
-31
-65
-50
-47
-28
-41
-67
-14
-24
-18
-16
-33
-8
-44
-21
-63
-58
-23
-58
-20
-31
-23
-2
6
21
3
7
7
-12
6
0
6
25
-7
40
35
65
44
12
52
-19
54
31
45
38
13
95
20
64
39
57
95
44
36
60
91
10
2
15
8
-7
-25
-17
-12
5
-6
-32
-13
-14
-38
-38
-54
-77
-84
-61
-102
-80
-35
-36
-33
-63
-27
-31
-51
-89
-111
-51
-26
-48
-15
-29
-48
1
-46
-31
-67
-28
-19
19
68
-12
91
51
75
46
41
82
-22
51
57
88
47
-3
92
55
70
60
58
107
47
140
91
67
78
16
92
6
82
42
18
53
-2
77
-3
5
17
34
55
-16
-34
-90
-92
-94
-124
-120
-131
-98
-119
-128
-127
-141
-116
-119
-112
-84
-73
-66
-44
-50
-79
-57
-11
-57
-40
-20
6
-11
-6
23
22
53
-5
51
90
92
26
44
112
79
69
64
96
94
120
104
101
83
26
71
83
65
46
28
121
45
31
86
42
62
-25
52
-3
-16
-6
-82
51
-81
-59
-78
-85
-8
-109
30
-88
-124
-25
-96
-24
-143
-70
-22
-109
6
-125
20
-6
-71
64
-73
92
-50
11
52
-100
50
-93
-20
13
37
30
-74
90
-45
-42
59
-57
79
-45
81
71
-24
48
-142
97
-56
-26
32
19
134
-118
96
-31
10
76
-90
81
-118
96
-6
-33
59
-125
174
-82
-32
-19
38
131
-100
192
-1
-17
48
-37
121
25
89
-34
-5
100
-62
70
1
-15
165
99
53
-9
3
58
-63
36
-73
-29
139
-62
53
-36
0
-97
-134
139
-41
-3
-14
-46
29
-114
-97
-125
-93
-15
-123
1
-87
-166
-102
-76
-100
-133
-122
-9
-41
-58
55
-226
63
-174
-7
101
-145
150
-108
306
-83
-110
218
-103
287
-84
58
245
-72
263
-124
167
137
0
414
-22
299
92
44
256
49
335
18
53
224
55
241
-75
67
127
-90
46
-155
-5
20
-60
9
-109
-198
-111
-309
31
-213
-387
-105
-338
142
-308
-223
-163
-385
20
-365
-100
-157
-293
73
-319
-69
-137
-181
81
-189
116
-46
-30
-7
1
187
22
93
201
193
216
103
126
244
220
234
249
310
202
357
267
262
126
149
246
143
242
218
283
193
36
-1
118
-18
-4
-90
228
-45
-46
-49
-267
-35
-487
-76
-213
-152
-132
-368
-36
-336
-402
-244
-336
-101
-333
-259
-76
-400
20
-341
-251
-57
-432
19
-108
23
69
-289
255
-217
183
148
-248
356
-65
332
91
115
315
116
444
189
123
398
74
479
254
172
464
-4
616
-47
305
287
-48
412
-130
207
-89
22
228
-188
204
-65
-125
-28
-319
-34
-276
-56
-139
-222
-53
-281
-133
-315
-333
-429
-332
-105
-299
-14
-261
-165
-156
-421
-33
-367
171
-292
-50
118
-144
264
-340
-6
-62
170
87
23
200
247
51
65
77
116
199
-144
338
181
286
229
75
294
96
95
254
144
246
40
45
277
53
162
-75
47
146
-61
77
-144
-47
155
-133
241
-201
-49
125
-249
14
-439
66
9
-126
37
-142
93
-317
-198
-25
-158
-3
-348
67
109
-233
-78
-135
40
-290
-179
33
-4
66
-114
46
96
-108
-59
6
14
-7
-74
130
140
-6
231
68
11
-79
27
266
46
119
-110
352
120
77
-7
-79
157
-179
407
-182
141
40
93
272
-367
113
-274
201
51
-129
149
-261
136
-116
-7
-165
-469
244
-221
123
-59
-185
291
-431
183
-372
37
-11
-446
468
-308
422
-271
-94
228
-383
388
-397
186
-27
20
305
-71
268
-219
103
113
69
230
30
220
180
104
160
-103
112
-96
108
97
-9
314
-244
131
-286
116
-75
-240
120
-254
472
-185
153
-158
-244
41
-454
314
-196
-60
68
-198
200
-419
-130
-29
-274
74
-340
252
16
-104
35
-353
209
-276
89
73
-97
204
-44
147
-175
11
130
178
237
-47
154
216
44
90
-67
-41
83
55
330
44
166
-36
7
217
-115
202
-46
243
70
-17
111
-82
114
-162
19
-45
81
36
-162
32
-286
-78
-135
-164
-55
-214
189
-275
-136
-98
-189
2
-292
109
-182
5
13
-170
106
-198
-110
-23
-30
48
-36
17
-111
54
185
-72
168
-78
-83
292
210
282
58
74
95
-93
213
-68
177
141
-30
325
-53
146
-116
29
75
-142
236
78
212
-70
-168
63
-47
-122
-142
112
70
-47
51
-114
-124
-308
-125
112
-202
194
-167
162
-53
-364
257
-358
149
-444
88
245
-303
250
-313
260
-271
-46
92
-50
254
-297
274
106
89
-52
-46
150
70
199
-220
156
-35
18
-73
-59
245
-78
133
-176
110
-90
-152
219
-56
113
-5
24
84
-157
-29
-49
140
53
-175
43
63
129
-80
-5
-134
28
-169
21
325
-188
-59
-147
229
-159
5
-49
-115
261
-334
173
-173
211
136
-116
160
-466
221
-154
166
102
-153
413
-91
161
-223
-6
44
-20
198
-63
308
-102
215
-34
-124
30
-413
323
-193
241
60
-279
396
-379
169
-297
-41
91
-293
233
-431
257
-234
62
56
-428
8
-43
280
-320
87
-8
97
-182
70
212
-86
-66
-257
461
-175
54
22
143
120
-320
168
116
-124
-87
-17
413
-92
-221
426
-161
268
-226
129
325
-222
332
-134
186
136
-303
290
-263
249
239
-543
489
-405
286
-111
-232
465
-768
312
-414
134
93
-420
462
-245
190
-223
-73
266
-248
-192
-43
90
215
-273
-141
186
11
92
-421
137
74
7
245
-4
-163
-65
27
-13
156
-117
251
-246
191
-146
-39
363
-456
473
-282
227
124
-22
202
-370
336
-324
61
61
99
160
-160
114
25
-215
-7
-209
216
135
-486
358
-470
211
-280
160
129
-274
378
-351
166
-414
222
-52
113
39
90
70
-29
-67
-83
259
-235
226
-402
340
-65
69
124
-216
256
-252
283
-76
-139
423
-116
2
125
-217
395
-482
116
23
-202
611
-625
429
-256
-314
382
-380
505
-431
148
166
-216
300
-489
199
-37
5
296
-70
99
-17
-105
338
-258
36
-27
-203
434
-505
206
-191
195
68
-302
274
-474
-33
-99
206
134
-75
-200
8
76
35
63
-35
135
-241
281
-42
-51
238
-336
261
-175
60
130
-518
298
-294
545
37
-309
113
-266
418
-680
266
45
-13
177
-224
535
-226
7
-46
56
98
-467
117
200
297
-91
-122
383
-350
-49
-104
121
-78
-18
46
28
280
-327
3
-121
242
-73
89
224
-54
-127
-201
-88
79
1
-109
100
-18
47
-535
276
7
5
159
-204
147
-325
92
-41
94
309
-296
368
155
-298
163
-498
509
-68
193
245
-494
727
-490
520
-208
-250
274
-632
615
-519
240
297
-329
498
-536
293
-253
-489
372
-388
486
-183
246
92
-412
358
-347
302
-166
14
-115
31
84
-244
159
-360
474
-135
104
-108
-235
270
-393
514
-198
202
107
-313
439
-543
97
-128
147
411
-239
283
-307
-50
-185
75
306
-315
96
-193
160
241
-439
100
-106
68
-15
-173
137
-349
298
-137
189
38
-113
92
-358
382
-182
294
-67
-259
203
49
13
-272
108
-156
-24
374
-25
-126
110
-25
127
-133
152
195
-73
214
-68
61
114
-69
-23
113
70
-61
56
46
-57
187
-123
-73
-80
-138
-4
-24
345
-187
-82
-15
-154
16
-168
28
-9
-98
-57
55
-11
-115
18
20
66
-158
80
109
-56
-6
-289
214
-267
170
-98
-147
298
-247
437
-328
179
-48
79
233
-280
206
-211
236
90
-8
250
-116
-235
158
69
374
-266
-237
199
-72
255
-259
167
-140
-111
75
-255
299
-201
32
64
-7
125
-270
289
-155
100
-76
75
140
-77
283
-536
312
-183
-63
125
-42
288
-406
92
-242
-177
439
-299
-15
-241
-168
439
-226
347
-321
99
67
-332
282
-213
196
-201
111
254
-22
23
-146
-57
100
-106
119
-26
-82
208
-162
253
-219
-167
134
25
187
36
-27
-199
67
237
93
36
-216
184
86
-31
85
100
29
-212
46
-94
340
-240
43
37
94
46
-216
145
-324
337
-302
146
-98
-90
206
-298
210
-78
56
3
-41
-17
-165
43
-8
-259
88
-91
144
-9
-42
-77
-449
99
144
66
-170
-180
181
125
-118
86
25
212
-32
-76
98
97
-18
-107
155
143
57
-91
-14
-18
240
-263
88
149
-67
57
-110
60
-119
24
35
-24
129
156
93
162
-563
18
126
119
-87
-220
428
-318
172
-197
236
136
-513
244
51
-31
-272
-55
175
-6
157
-247
-30
351
-369
71
39
-109
58
-142
229
22
7
-114
-150
191
-138
-91
-17
43
106
-113
222
-71
-98
-73
-57
288
-181
-69
43
224
206
-45
-216
-150
103
-297
94
125
6
103
1
45
-167
31
-77
41
-37
-217
324
19
103
-95
136
44
-470
239
-261
307
-282
46
314
-108
421
-566
397
7
123
-100
-97
290
-53
201
-188
258
-171
249
-79
-1
-71
-158
92
-22
42
-272
358
-8
15
-163
-187
103
-105
-179
122
142
-66
-273
155
2
-565
111
-135
330
-80
-94
-4
-136
104
-476
218
-255
-94
119
83
101
-188
318
-159
19
-38
-14
316
0
-86
53
276
53
-68
-100
129
115
209
-133
-24
189
-4
233
-362
392
-57
102
164
-327
475
-385
280
-138
-40
228
-333
532
-280
92
2
-356
341
-235
312
-165
-348
207
-338
195
-198
-107
233
-170
-7
-163
-44
-153
-142
110
-230
122
-59
-167
239
-50
-24
2
-92
-35
42
31
233
-89
43
-69
17
57
77
-153
-250
298
-101
244
-173
116
-137
185
-86
-175
259
-366
470
-191
368
-110
-93
251
-342
322
-229
88
-54
139
133
-66
549
-313
15
-72
-286
223
-93
183
-14
210
-13
16
64
-416
135
56
113
-79
-223
90
5
-122
1
-119
112
-15
-8
24
-254
200
-196
161
36
165
94
-266
167
-211
-6
24
9
-109
-129
-35
137
-100
-118
-156
169
70
-274
64
-237
234
-330
225
108
-184
105
-203
217
-281
88
53
181
60
85
60
-166
117
-20
220
81
211
-37
59
52
-118
247
16
108
14
96
-53
72
22
-192
56
-16
191
-284
225
-43
-138
74
-71
103
-381
327
-210
-88
80
-240
56
-173
123
-158
-174
76
-142
-48
-71
-20
148
-69
-98
-93
242
-30
-121
117
116
-110
-120
187
-169
224
-87
158
-25
-112
317
-221
302
-364
59
219
-281
277
-107
254
-168
-103
253
-248
77
-216
163
273
-217
-2
16
68
-4
49
23
10
-53
-4
-174
-72
-117
-34
167
-124
339
-125
-12
-153
-39
238
-68
106
-33
259
31
156
-56
97
-37
5
125
-72
258
-281
160
-12
35
173
-298
128
-95
6
-45
-445
109
46
27
3
-73
131
-401
-59
-15
-4
-9
-358
126
33
-54
-61
-46
94
-239
-18
185
-241
-3
-82
106
127
-71
235
-96
183
-62
54
140
-161
128
126
269
-173
71
105
47
91
-67
273
-30
67
-105
130
111
-36
266
-204
30
-70
-134
-256
-189
118
60
250
-60
19
-6
-39
23
-10
102
-172
80
-20
-160
-118
-268
12
-101
47
-55
-32
126
-176
-2
-135
-264
-268
-121
-48
-210
-63
-80
5
93
11
60
-24
-77
60
240
275
78
177
305
212
260
121
270
201
114
149
107
130
-73
229
50
207
116
96
206
-207
95
-227
7
-123
-130
180
-160
8
-228
99
-34
-156
94
-319
-167
-453
-81
-137
-438
-182
-350
81
-303
-163
35
-214
-59
-117
116
89
-275
2
3
-53
-69
-189
137
-234
92
226
269
185
96
410
111
252
131
283
151
120
147
180
268
-82
180
64
31
46
96
204
-120
-27
48
-78
106
-213
-124
-73
-112
93
-330
-3
-305
13
-70
-163
259
-362
53
-356
36
-113
-448
-3
-265
-24
-317
8
101
20
-21
5
82
-126
74
-7
60
-67
-130
-138
-52
21
31
274
145
388
425
501
233
230
390
144
446
166
356
42
146
159
129
267
-236
186
-143
176
-60
147
238
-238
245
-205
152
-135
-175
11
-387
-83
-297
-157
-112
-562
-175
-408
-355
-318
-593
19
-483
-160
-377
-318
-211
-604
-256
-671
-258
-468
4
-123
140
298
168
796
289
704
-99
223
32
-316
182
-390
384
-158
44
316
-113
601
-30
438
235
-149
615
-208
364
36
194
475
-286
586
-180
62
-107
-422
101
-786
-304
-572
-404
-326
-249
483
80
933
1032
1271
1362
1063
1242
785
760
506
586
542
403
369
464
284
92
208
-129
-344
-858
-917
-1012
-925
-780
-817
-443
-444
-449
-496
-614
-782
-931
-1066
-987
-929
-802
-752
-542
-191
-209
-50
-20
-88
-172
-59
-108
27
32
-16
129
115
255
83
348
246
85
268
279
454
253
625
848
1035
1075
649
656
47
-414
-1374
-2076
-3107
-4229
-4884
-5871
-5743
-6483
-6222
-5139
-3098
-60
2082
4617
6301
8609
11403
11491
10145
6754
5040
6293
5978
5638
2303
2405
4682
6575
7954
2379
-832
-3856
-4529
-4647
-8725
-9993
-12079
-9979
-7640
-6793
-3488
-3993
-432
1837
1052
2016
631
3002
1812
-988
-2699
-4281
-1243
-1210
111
1629
694
2190
1664
2483
3014
935
117
-2720
-3251
-3209
-3118
-1420
-988
847
1228
2110
3693
4936
5047
2620
1083
-434
-1513
-2036
-1252
-20
-537
-1412
-1648
454
1281
304
-235
-1563
-1137
-1918
-1591
32
-428
172
-282
1100
1489
854
1403
710
623
-1035
-825
345
902
1489
1242
2026
1719
1210
1249
833
-131
-1622
-2396
-2031
-1723
-2097
-1997
-1994
-2224
-2453
-3213
-3530
-4707
-6375
-7819
-8710
-8106
-6453
-3520
202
3813
6770
10197
13614
17730
18353
15093
9812
6061
7339
6471
4621
35
-376
3403
7238
10289
4591
-735
-5751
-6187
-4969
-9721
-13598
-17464
-13823
-9681
-8010
-3531
-3203
2453
6017
5585
6646
3883
4906
2823
-465
-5466
-10603
-7685
-6432
-3087
-1977
-3534
-502
418
1968
2577
931
-422
-4530
-5666
-4402
-3742
-1425
267
3224
5006
4986
7120
9398
9575
4725
163
-1535
-3545
-4895
-4923
-2556
-1666
-3447
-3216
522
2823
2166
251
-77
541
-1238
-356
1761
2256
1498
1528
4002
4526
3366
1821
1685
736
-2768
-3275
-1765
-68
-141
-709
797
1334
1694
1697
1084
217
-1924
-3177
-2322
-1158
-1373
-1761
-1120
-234
1561
2329
2921
3286
1456
83
-1866
-2437
-3310
-5658
-6909
-9416
-10301
-10747
-9104
-4921
-369
4282
6852
11414
14498
18911
19277
15686
10803
3981
5307
5524
7281
2626
-1266
3288
6381
11547
3524
-4785
-9464
-13203
-11268
-14873
-15475
-18043
-15269
-6349
-3093
2928
-180
2282
9487
7050
5915
384
1217
1117
-3986
-7403
-12208
-8611
-6502
-3743
1481
-137
176
416
2164
4633
999
-1666
-4079
-4004
-2542
-4114
-1427
2229
4145
5124
4365
6416
8432
7060
2724
-1151
-2910
-4686
-4431
-2367
262
1344
837
1844
4378
4854
4064
2268
192
-730
-2004
169
2283
1825
869
982
2702
2572
1447
-74
-1412
-2689
-4046
-2983
-812
1361
2342
1763
1740
1385
1673
1050
-1452
-3443
-4687
-4840
-4267
-2626
-1086
-680
-1023
-755
461
1456
2320
2540
2115
1405
598
1382
2147
-87
-2836
-5736
-8289
-10626
-12406
-10984
-7891
-3829
667
5895
11301
14952
18524
22374
20366
14588
6477
2540
5903
5705
3662
-2180
-2502
1409
5965
8695
-1675
-9705
-16622
-17167
-11261
-12710
-14858
-16337
-9219
-1224
4093
10392
7266
9383
9520
4899
5015
-266
-3665
-7668
-10243
-13733
-17507
-11882
-6894
-1170
1119
-1402
565
2954
4378
5114
3797
187
-4750
-3500
755
1742
3188
4399
6677
7512
4981
5934
7860
4769
-3369
-8482
-6878
-6154
-5272
-2295
1804
4951
2794
4340
8433
8830
6146
14
115
-11
-1700
698
2325
3095
-424
-1127
1899
2474
340
-3761
-3067
-1864
-3617
-3015
-403
2041
374
-707
1188
1413
649
-2006
-2060
-1907
-4653
-5117
-2823
395
-295
-2388
-1684
210
1885
1969
3139
4471
3449
2172
2689
5227
3236
-957
-3818
-6835
-9162
-13243
-14181
-12945
-11656
-10658
-7765
786
7077
11576
15448
19167
23662
21933
18834
14743
9314
6996
2841
2113
-2146
-6543
-4721
-1753
3165
-4916
-12477
-14207
-12861
-6126
-7227
-7693
-8840
-6820
390
5853
11083
5357
1382
4751
4301
4443
-882
-4644
-5039
-8034
-8945
-11355
-8720
-5744
-4719
260
143
-598
934
2659
6194
4085
-987
-3951
-2509
2613
2731
2580
3159
2817
3601
2702
3297
2381
-1277
-5230
-6960
-4676
-3533
-1753
1275
4485
6403
5641
6073
6197
3853
955
-1599
-2859
-3044
-2255
96
1980
1802
345
717
2021
1782
-159
-1719
-2466
-2415
-1447
-1080
416
975
1034
1102
201
-314
-1645
-2781
-3448
-4325
-3572
-2396
-625
1519
2030
2525
2732
3733
5371
6493
6331
5014
3483
2446
2015
1057
-180
-3411
-6620
-9142
-11038
-11583
-12208
-11668
-10792
-9305
-7211
-2577
3654
8735
13606
17299
21375
23614
26131
24773
17309
6337
-4099
-5826
-7264
-8658
-14670
-16655
-10355
-3984
4962
2396
-3134
-7389
-7871
-1514
-940
-3110
-9815
-8420
1563
7181
11907
7100
4123
5628
3290
2937
-2111
-7253
-12803
-15115
-13326
-15332
-13874
-10754
-3085
5266
4543
3648
5012
7369
9125
5633
2421
-1371
-2766
1642
3518
3469
1591
349
2066
2033
-508
-1386
-1590
-4239
-6232
-5390
-1498
2849
5505
7204
9245
7232
3236
2654
2622
1999
-1698
-3762
-2345
-1726
-271
518
1128
131
-2935
-2346
-975
-583
-1392
-1547
204
-447
-361
-128
1333
2631
-237
-2150
-3173
-3175
-2153
-1696
-181
864
1181
2390
4170
5348
4634
2928
2046
2706
2200
1615
2567
1903
1449
-599
-2232
-1545
-3632
-4732
-5638
-6171
-6618
-8279
-6829
-5278
-4480
-4690
-3013
1620
6573
10021
12744
17603
18891
19057
16272
9576
1353
-8083
-9458
-6875
-5325
-8692
-9644
-2319
5867
12670
8180
-313
-7616
-10129
-5906
-5913
-7829
-14497
-12173
-525
6990
11721
5500
1483
2464
412
-1673
-6639
-9936
-13575
-14616
-11267
-9960
-6406
-2348
3534
10700
9539
5552
4078
6378
8355
4222
416
-2665
-1875
1772
1850
974
-1824
-3208
-2824
-2751
-3228
-5004
-3559
-2714
-1098
2649
5647
10086
11555
12085
11958
9224
5517
1368
-1274
-3092
-4389
-5450
-4773
-3404
-2270
-840
-817
-1860
-2717
-2624
-1002
297
120
467
771
307
-47
183
57
34
-1551
-2557
-1076
-655
534
308
853
2882
2255
2376
2086
843
346
-693
-201
1532
2557
3184
3084
2362
980
-621
-2425
-3980
-5697
-6082
-5557
-5489
-5198
-5696
-5783
-5198
-4983
-5794
-5080
-2810
2592
7588
11343
17491
19122
22509
21795
13900
5575
-5271
-6570
-4399
-3351
-6610
-11598
-4471
3204
12010
9616
-4839
-12252
-15502
-9441
-5932
-8349
-11659
-11598
275
9293
14743
11021
1529
1449
-84
-951
-3257
-9145
-10715
-11509
-8695
-6798
-5356
-1420
1736
7114
6284
2651
1732
3210
7207
5544
2779
-781
-2725
1710
2270
-574
-4067
-7201
-6218
-5509
-5365
-2980
1280
3307
3154
5661
9553
12333
11727
9870
8044
3225
-2573
-4130
-3143
-3120
-4978
-5966
-2453
-1071
-951
966
737
-1269
-4848
-4688
-214
1131
1056
1441
1476
605
-985
-334
1296
1652
-597
-1696
-346
391
1545
1241
847
396
-1433
-908
-51
209
598
583
2381
3841
4013
4885
5115
3069
-529
-4294
-6033
-5002
-5082
-4554
-3544
-3620
-2727
-3969
-3138
-3202
-6019
-7467
-8449
-3313
2183
8381
13983
18269
23122
23307
24274
17335
5201
-7359
-13538
-9238
-8683
-11078
-15578
-9735
2786
10455
10444
-3161
-14262
-15789
-10222
-3690
-3697
-8587
-7530
6302
17310
21760
15805
1566
-2106
-2323
-4241
-7115
-11881
-14673
-14344
-9580
-6534
-5371
-3473
-647
5048
6721
2564
-85
2269
8276
8186
5262
3989
1223
3188
3594
-319
-5308
-9925
-10790
-8962
-6503
-4906
318
5165
6141
7996
10360
12992
12111
8142
6649
3368
-1949
-3349
-2742
-805
-123
-2308
-1138
-676
-2316
-2843
-4223
-5992
-8360
-7426
-1841
3493
4589
3607
3139
1604
368
-810
-676
972
-87
-1401
-302
873
2411
2049
99
-574
-2316
-2208
-59
814
2126
2579
3384
5715
6665
6527
4141
183
-3364
-6227
-6364
-4527
-2678
-1422
-752
-530
-1268
-2479
-4769
-7227
-9108
-10383
-8531
-4358
1436
8702
16211
20849
21155
18559
17300
13993
4678
-7338
-19766
-18778
-10387
-4042
-3462
-5011
2086
8444
17075
11798
-4068
-14080
-22244
-13565
-3585
-2941
-5458
-2388
10557
16086
17843
9132
-3582
-5326
-10223
-11303
-10881
-13481
-12532
-7687
-205
-1047
-2732
-164
3393
8157
6493
1249
-576
3466
8113
8771
7944
1672
-3408
-2124
-4066
-8025
-11378
-12446
-10122
-7250
-2277
5288
12727
14760
12034
10122
9968
8582
6040
5990
4778
137
-2677
-1702
695
449
-3181
-5423
-6792
-9108
-8274
-4700
-2134
-3386
-4507
65
6626
9309
6693
3461
1278
-1784
-2707
-363
2144
2816
161
-1386
-611
-1199
-2952
-5266
-5291
-5446
-5197
-1026
4672
8316
8423
8519
7862
5830
2812
177
-567
-4197
-7590
-6924
-1582
3217
1876
1109
904
-761
-4777
-7853
-8227
-9875
-10724
-9351
-3815
976
3994
9718
15974
17124
12397
10115
11665
10551
1289
-11039
-15559
-10781
-2519
4347
3849
1112
3288
9927
16369
7866
-10944
-26260
-24069
-11518
-5665
-1808
-3383
2327
12962
16150
15882
2643
-9425
-11129
-9634
-7021
-9241
-7061
-1091
4443
5752
-221
-2093
-2752
88
3344
-331
-3173
-3995
1299
8547
9998
6264
-2114
-7039
-6048
-6619
-10637
-11762
-7563
-1924
2350
5305
13747
20965
16246
8399
4569
4802
3624
1947
5610
7817
2951
-2899
-1668
0
-4534
-10971
-13031
-11088
-11778
-8890
-1339
3583
2992
1017
5648
9234
6721
1571
-1423
-641
-1887
-908
2508
5032
6368
2039
-2652
-5599
-8049
-7955
-7399
-5030
-668
3375
7914
11166
10939
8438
3619
-1006
-3267
-4451
-3672
-1635
-1191
-1064
568
2864
3355
601
-2644
-4119
-6278
-8700
-8508
-7491
-5015
-2945
-891
106
-1542
-757
2889
8819
8382
7318
10478
13144
14860
7087
-2729
-11216
-10522
-1760
3277
4038
-2050
667
10067
14941
7746
-10392
-24922
-26768
-13623
-4680
-1632
-1477
2913
14295
15865
13210
2934
-6015
-6234
-8554
-5178
-3473
-1113
5161
7982
6220
-4170
-9818
-9754
-7008
-2911
-5087
-5047
-1605
3470
9314
11657
8348
-1293
-8093
-7462
-5795
-6112
-5885
196
7332
8274
8933
13379
17746
11283
-1141
-4070
-1834
-1182
-235
4639
8914
3564
-5266
-5454
-3485
-7279
-11829
-11865
-8247
-7278
-4455
4105
8236
3409
-1142
1986
5733
3563
602
1679
4177
2708
1025
3423
4050
439
-5472
-9379
-10114
-10041
-6950
-1202
3884
6519
6828
7798
8572
5068
477
-1847
-3318
-2798
-507
3943
8512
6584
2088
151
-514
-2523
-6480
-6620
-3277
-3506
-5829
-5022
-3103
-1724
-2128
-3338
-4120
-6891
-6243
1275
9532
12434
11736
11308
12798
11259
4646
-3795
-13270
-11142
-950
8608
10578
4155
5665
8893
10480
1445
-16215
-26701
-27283
-13320
-2338
2985
4536
6954
15033
11922
6750
-2483
-10670
-7165
-6187
-1930
2609
6254
9666
6552
663
-8956
-14381
-16258
-12906
-3857
-693
1007
4266
8736
10260
6040
810
-6128
-11749
-10618
-5015
1455
6040
9876
14225
12456
5401
2427
2672
-2367
-9869
-10039
-2283
4404
7868
13112
15061
7262
-5779
-11032
-9040
-9873
-10542
-7625
-1801
1688
2473
6289
6621
-129
-6551
-5864
-876
997
2080
6161
9391
6346
610
-1108
-896
-2849
-7236
-8784
-5106
-2433
708
5736
7932
6880
1688
-1572
-193
252
1146
1964
3368
5606
6064
7574
7037
2242
-3824
-9017
-9575
-7312
-4307
-761
1022
844
-1309
-4601
-6188
-6467
-6603
-7662
-8904
-6040
-586
7225
13333
15072
15532
10417
7215
4785
-177
-6356
-13301
-5344
6411
14283
12979
4870
7288
6186
4096
-6459
-22081
-26773
-23051
-6715
2284
6473
5673
4262
10125
3270
-2322
-9552
-11566
-1083
2184
6567
9062
12566
12075
1250
-8318
-18094
-19763
-16036
-7354
3856
5761
5428
5003
4347
237
-6426
-8948
-11435
-11189
-3010
8287
15744
16998
16318
13314
4446
-4616
-6120
-3334
-4829
-6237
-126
7571
9481
8390
9098
6929
-4313
-15090
-14488
-8015
-2510
1021
4773
7190
4238
758
-988
-3425
-7676
-9783
-4911
1055
5677
8947
10108
8385
1162
-5381
-6222
-2877
-417
-1017
-1609
394
2510
2327
1918
418
-973
-2811
-2620
2067
4772
5602
4847
3086
2731
1416
1830
2204
-473
-4588
-6951
-5345
-3505
-1188
-991
-1398
-2672
-6149
-7898
-9753
-7683
-5358
-5352
-4214
-1901
4350
10674
13598
14710
12924
9398
6584
3219
-2077
-8864
-6358
5546
15665
14240
4155
2322
3884
3899
-5676
-20749
-26108
-24717
-9353
5017
8203
4367
-1329
4216
3833
-2104
-8650
-10360
2439
9064
11020
12624
12955
11257
1059
-10196
-18857
-19530
-14158
-4472
7108
9145
4681
-689
-4578
-8443
-12023
-10669
-7130
-3629
3115
13100
20294
19204
11150
4007
-1766
-7996
-7721
-1282
2676
3217
3395
4540
4251
504
-181
562
-2948
-9191
-10826
-3335
3841
5636
4539
3029
717
-2670
-3477
-1625
-460
-1983
-2514
2
1523
1137
1863
3891
1974
-3037
-3817
1097
6754
5969
1036
-2252
-2956
-2378
-826
1659
2346
779
-1684
-1987
-1483
-1593
-1302
-629
1374
2982
4019
6459
6780
1783
-4432
-6982
-5358
-2509
-171
2510
4541
1506
-3761
-8712
-10260
-8672
-8546
-6898
-7017
-4282
910
7297
12005
9722
7065
2233
4471
5505
2350
-638
-2733
8511
14986
16981
11230
984
-9
-1610
-524
-8730
-17764
-18400
-11869
371
837
1078
-82
-1047
-1455
-7601
-6989
-6831
989
10415
11417
11420
7713
8978
5020
-4871
-11414
-12639
-6180
-366
5249
7947
4981
-2170
-10546
-17878
-18786
-10918
-2857
2062
4286
9542
12773
9133
5147
2363
-439
-4989
-3106
6914
11666
8926
4643
2598
-806
-8004
-7060
210
2848
-2233
-6560
-2132
1459
1255
-310
740
1218
-2150
-1690
997
974
-4144
-7252
-4160
-2495
-1117
1830
5553
5784
1255
-5
1611
2914
2197
1208
304
-91
2114
4996
6287
1910
-2787
-6108
-8013
-5168
-2335
499
1475
1292
2163
1981
3723
4254
1068
-2691
-3398
444
4674
5742
5363
4214
-1897
-8795
-11799
-10791
-7389
-5992
-5269
-5366
-5449
-3168
1248
4962
5242
4056
3104
7173
9654
7770
2329
893
11278
17834
16915
7039
933
2073
1741
-841
-9676
-15612
-16634
-6788
3047
1684
-3828
-10085
-7122
-6638
-11592
-11142
-5632
8506
13791
9123
5961
4271
6520
-119
-6538
-5472
-1320
5247
8913
11981
6989
-3062
-9367
-13822
-17776
-17098
-6330
3814
3687
-558
642
4107
-30
-4586
-1806
1895
2588
4607
11330
12420
4563
-1113
-1274
-472
-3324
349
9493
10306
1172
-8241
-6420
-3059
-2264
-743
2616
5391
817
-3270
-4925
-7523
-10960
-11991
-5752
1914
6569
9019
10162
7634
-813
-7182
-5450
2644
7450
6881
8736
9810
6913
1335
-2187
-3359
-7069
-9732
-6708
-638
524
-1707
-2665
-2788
-3197
-2980
1740
5513
4910
3602
3651
4913
4412
2465
2629
2712
122
-3889
-7841
-8056
-6573
-6492
-8296
-9804
-7707
-3918
514
2671
1944
86
593
7244
9971
7538
1469
5060
18294
22144
17482
1653
-3174
-477
3947
7043
-3673
-10122
-13827
-3269
2963
-5424
-10978
-13667
-4967
-6514
-11304
-8868
-5398
5712
5344
1948
-1890
-3270
6226
5101
301
-4133
223
9736
10517
9493
3363
-2485
-7248
-10576
-10898
-7608
1475
7528
5314
-1738
-4294
-4266
-5707
-5508
-2573
1068
682
3184
6997
5112
83
-2420
756
477
679
7472
12348
8311
-3193
-8016
-3632
284
3856
6931
8493
4708
-3297
-8224
-10247
-11219
-10290
-4734
1784
5796
5957
4625
1846
-6195
-11805
-8970
1350
10765
12204
12566
11137
5390
-856
-3424
63
549
-834
-49
1499
287
-5524
-8029
-9079
-8521
-4665
1257
6898
6631
3863
218
-2216
-1982
172
4214
5864
6500
4359
-1498
-7631
-8680
-3532
-1322
-2168
-3654
-5394
-6770
-7898
-5190
-929
-472
512
3658
10008
12283
6432
1046
-300
7012
12446
12715
7554
2867
4362
6427
7627
-2744
-13254
-15210
-4029
8411
4272
-1418
-5059
-3982
-7401
-12933
-9250
-6108
-516
1176
-11
-3328
-7371
-1710
765
-2257
-5852
-1555
7667
8685
5363
752
-2328
-3602
-2590
239
3812
8544
11009
6898
-1867
-6212
-4650
-3737
-4774
-3089
425
233
-1205
-1068
-1506
-5191
-8327
-5049
-1151
1825
4915
8602
7994
926
-1404
2353
7399
7487
4793
3978
1310
-2262
-4757
-4810
-4087
-3644
-865
1972
2728
-831
-5552
-8357
-10540
-8174
-1361
6812
10886
9455
6488
3779
1946
1670
3519
4742
3716
1545
601
580
-1548
-4176
-6295
-6586
-3280
1537
5147
4131
12
-4075
-6582
-6785
-2693
3344
6873
7252
3601
-1054
-6059
-7703
-3793
1192
2160
-2383
-6088
-7323
-7579
-6195
-2484
1015
2502
3678
7362
11121
7801
443
-5284
-1027
9205
16286
15004
3667
-2009
-198
5628
4086
-5053
-9169
-5827
7036
11441
5482
-3637
-10384
-8272
-8429
-6857
-3683
-1794
163
-2746
-3438
-6397
-7150
-3125
-2714
-3781
-6808
-3034
2169
2657
872
-318
1862
2563
2794
3932
7956
10043
6886
1140
-2259
144
1538
518
-1236
-514
-26
-2984
-2716
-2585
-4892
-9058
-9675
-3141
329
2019
4972
6575
3261
-4807
-4407
2400
4869
3736
3480
5485
3329
559
1027
1264
-31
-2120
136
3505
1540
-2646
-6399
-8663
-8459
-5019
1810
6785
7166
4827
2094
-169
-876
-796
613
2760
2991
1903
-10
-840
-774
-1330
-366
2894
5647
6113
3144
-770
-4767
-7351
-6312
-1689
3130
5129
5241
1765
-2742
-8371
-10550
-6642
-1243
2760
82
-4761
-7286
-7910
-4846
-889
2159
5373
6788
8617
8823
4163
-1947
-4417
3916
14393
17025
9022
-2792
-3760
2636
6917
3041
-4720
-5823
764
8465
8301
-501
-8456
-9453
-5029
-2931
-4175
-2973
-1946
-1936
-4817
-8556
-7404
-4117
-2345
-4980
-8588
-8175
-4292
558
1016
-638
-448
690
2811
3137
4550
8099
9909
7187
1426
749
4138
4718
2003
1440
3824
3510
-881
-3806
-3887
-5520
-7687
-6772
-2000
867
1253
2152
671
-5046
-10763
-7740
170
4142
4288
4637
5205
1861
-1920
-513
3539
4517
3234
5071
7085
3843
-1948
-5508
-6334
-6157
-2230
4807
8211
5419
251
-2931
-5158
-6442
-3968
532
3111
2159
418
332
-363
-1064
-288
2650
6011
6980
6105
2717
-1071
-3822
-5372
-3581
17
3802
5585
2634
-2403
-6751
-9657
-9892
-6829
-1712
1811
208
-4124
-6247
-5970
-3419
78
4305
7448
7113
5495
2551
-1177
-2254
4800
15637
17707
7668
-3439
-3617
3589
7389
3224
-2717
-3539
2639
9791
7434
-2684
-10557
-8574
-2579
-814
-2088
-3739
-2811
-3321
-4999
-7391
-7997
-2753
-758
-4757
-11239
-11356
-5210
-2837
-3025
-2164
-740
-1668
-1727
1644
5316
7701
8166
6757
2557
409
5416
8478
4363
1342
5096
8599
3313
-1992
79
870
-3983
-6359
-931
3072
1152
70
-383
-5252
-13137
-11471
-1835
2400
1569
1974
3513
-1969
-7881
-4750
3346
7771
6458
6236
5345
2671
620
143
-879
-2686
-344
5187
7837
4390
-38
-2654
-5135
-5838
-3534
120
1268
-1656
-3711
-3995
-3880
-2074
953
4582
5083
2720
1884
1948
821
-1554
-1899
964
2842
2715
1098
-427
-2619
-5620
-6268
-6494
-5460
-3120
-271
1630
530
-1219
-2604
-3128
-1091
4228
8788
7321
78
-3958
1896
11646
14810
8542
1334
744
4856
7046
2858
-4848
-7482
-160
9952
9951
-376
-7729
-6294
-4444
-5477
-4013
32
-19
-5378
-7090
-5946
-5605
-2724
1090
853
-6471
-10479
-5199
-2359
-6052
-7391
-1764
1515
-2814
-4351
734
4854
3305
315
1727
4124
6593
7135
3594
1373
2127
5996
7022
4412
4670
4364
1602
-1395
-1184
1133
804
1076
1559
-1249
-5230
-5619
-1910
-1696
-4290
-3487
-1745
-2923
-5358
-4627
-2391
-1951
-346
4274
5662
1959
-476
542
1932
1499
2966
4952
3038
325
1651
3988
1522
-1582
-128
3330
2241
-2387
-4053
-3323
-4342
-5712
-2896
1817
3823
3099
2056
1006
-2073
-3464
-90
3852
4591
2358
677
123
-2446
-4918
-4139
-2563
-1745
-2228
-2621
-2936
-4277
-2555
483
1415
931
1595
4799
4650
96
-2893
1806
9406
11370
8541
4584
4399
6330
7143
3541
-3152
-5573
-472
7854
7444
-1212
-7097
-6011
-3587
-5268
-5629
-2282
-2052
-7291
-11372
-10449
-8038
-4482
27
2461
-784
-5574
-3687
-956
-2798
-5155
-1546
3638
2713
39
824
3871
2413
-687
-529
1779
6034
8334
5870
1102
-1713
482
3253
2049
1954
3240
2373
-364
-1335
951
2500
2457
2371
959
-2877
-4814
-1454
2503
2442
1074
104
-1221
-4133
-6374
-5278
-2867
-431
1520
1681
-638
-1939
-1232
-166
-318
49
2380
1918
-971
-1186
1222
1548
-703
-252
4144
5046
417
-2306
-533
-201
-3656
-4880
-1545
1743
2479
2917
2735
-913
-4187
-1851
2261
2885
1194
1952
3296
-570
-5139
-4373
-1142
-954
-2937
-2379
-522
-761
-2530
-2626
-1203
785
4861
6918
3780
-1339
-642
6696
9200
4581
1684
6040
12221
11081
4157
-1540
-2734
1028
6345
7413
1117
-6175
-6853
-4132
-3963
-5401
-3059
-107
-3692
-11020
-14716
-12677
-8208
-5763
-5716
-6710
-5963
-2166
-390
-2555
-4957
-2322
2407
3690
2796
2922
5325
6580
4030
-60
112
6027
11386
8244
1515
1467
5060
4009
-100
439
3995
2469
-3091
-3299
-649
-683
-871
1295
2275
-2529
-5836
-2633
-221
-2273
-2552
1603
3807
336
-1924
-717
-824
-2930
-2550
719
940
-381
-518
232
55
45
2491
3004
-400
-2812
-1639
-360
-1090
-1428
1457
3228
1126
-624
345
776
-1434
-2738
-674
970
-89
-254
941
1276
-1255
-1655
1130
2188
1106
-396
348
110
-1540
-919
1323
1888
228
-1847
-3398
-4013
-2884
126
1735
665
984
2928
2633
-529
-1863
4071
10018
9063
3240
382
4217
8302
8773
4273
-546
-1403
3240
9107
7018
-1111
-6289
-5650
-4872
-6684
-5914
-926
347
-4642
-9023
-10287
-9987
-9223
-8024
-7476
-9832
-9490
-4560
-1844
-3451
-5083
-2302
75
194
2284
6049
8278
5615
1863
1312
3591
8625
10706
7399
4325
4813
6360
3513
601
3010
5338
2587
-2052
-2376
-1114
-1699
-909
798
85
-3315
-4161
-1767
-1919
-2866
-939
735
-1341
-3871
-1759
1979
2082
1084
1243
-43
-3010
-3742
-1058
985
1772
3048
3439
616
-2012
-217
1648
-1028
-3913
-2467
870
1117
-1030
-450
230
-1781
-3663
-2266
936
1568
492
1037
1130
-1420
-2731
-692
2491
2239
343
591
1067
-801
-3063
-1730
1052
2032
1805
2134
1321
-1830
-4333
-2609
472
2079
3342
3337
696
-3460
-1455
6337
9773
5203
564
3162
7988
7798
3891
1308
1201
3052
5980
7372
3723
-984
-2120
-2067
-4322
-7687
-6053
-2222
-2875
-7115
-10088
-9037
-6934
-6709
-7839
-9416
-10036
-9496
-8306
-6845
-4786
-2204
-1579
-2084
-1935
350
4987
7969
7144
4191
3786
7417
9473
6608
4489
7439
9558
6513
2995
4725
6940
3159
-1209
-1312
-262
-1211
-1189
1065
328
-4139
-6004
-2949
-1210
-2266
-1223
1017
-542
-4793
-5177
-1509
678
844
1988
2442
29
-2017
-1597
-1096
-1895
-675
2509
2344
-398
-167
2344
1533
-1546
-1587
954
917
-1559
-1154
973
157
-2188
-2401
-831
-106
146
1399
1066
-1458
-2632
-28
2496
1760
158
-946
-1120
-1406
-803
398
-89
-743
-321
109
-332
-40
2032
3004
808
-722
1572
4160
2394
-1577
-1522
3665
7871
5809
947
120
4142
7090
4909
1383
1222
3464
5054
3885
777
-1031
-189
1144
-1095
-5264
-5345
-1825
-1716
-6819
-11030
-10122
-6509
-4637
-5233
-7088
-8793
-8643
-7088
-6814
-7322
-5762
-3083
-2516
-4327
-3771
717
4628
5004
3528
4133
7082
9808
9735
7689
7019
7497
7158
5876
6491
8961
8554
3983
-49
-1006
-813
-832
-459
-39
-2131
-5220
-5761
-4557
-3886
-3081
-756
612
-1628
-4377
-4005
-1670
26
1388
3125
2884
733
-942
-1195
-379
352
1351
1329
-661
-1753
-1217
-431
-557
-777
303
864
-457
-1557
-1166
-844
-1493
-2149
-1006
558
427
-129
-150
-296
-1333
-1396
1322
3990
3624
435
-2278
-2473
-1893
-1076
-147
982
1836
710
-1704
-3261
-2230
734
2693
2913
3143
3848
3350
652
-803
1896
6427
7868
4783
2149
2860
4812
4378
2020
1363
2855
4520
3896
1276
-1011
-1507
-1398
-2897
-5383
-5520
-2310
-205
-2725
-7867
-10850
-9585
-6809
-5432
-5512
-5743
-5646
-5839
-6404
-5951
-3449
-1275
-1878
-4290
-4941
-1785
1526
1595
74
523
3992
6812
6634
6188
7430
8921
7414
4432
4490
7366
9508
7880
4705
2317
1008
1347
1967
1570
-922
-3947
-4937
-4613
-3863
-2981
-1847
-1676
-3567
-5460
-5454
-3305
-831
548
992
1061
1301
1118
574
588
1539
2594
2545
1629
686
254
-124
-852
-1256
-1106
-260
45
-494
-1125
-2202
-3147
-3722
-2731
-657
484
638
-339
-1916
-3875
-3872
-471
3325
5102
3664
1046
-1201
-2224
-755
1155
2472
3307
3686
2513
-689
-2450
-1104
918
1143
934
2277
2946
1338
-340
714
3361
4448
3760
2829
2836
3185
3170
2616
1548
1311
2611
4137
3340
479
-1182
-1174
-1970
-4549
-5921
-4113
-2255
-2732
-4988
-7120
-8288
-8539
-6806
-4864
-4697
-5371
-5566
-5406
-5786
-4608
-958
1493
420
-1881
-1792
277
1289
1192
1136
1618
2955
4380
5214
5288
5383
5736
5188
4151
4593
6229
6722
5082
3067
2173
1734
1969
2567
2458
461
-2552
-4031
-4061
-3125
-2051
-1391
-1401
-2489
-3722
-4549
-4601
-3193
-1189
342
1264
1749
1564
157
-533
1184
3471
3604
2206
1871
2293
1197
-1039
-1519
-271
424
-477
-1576
-1934
-2526
-3050
-3190
-3057
-2802
-1756
130
274
-1990
-4183
-3862
-1421
837
2515
3436
2954
1733
760
885
1133
1983
4373
5926
4470
1111
246
1958
2278
656
53
1214
1468
-193
-1487
-1069
-536
-190
437
915
415
-320
195
756
-203
-1352
-547
1732
2961
2447
1746
1195
202
-1691
-3085
-2406
-799
-406
-2189
-4274
-4750
-4387
-4166
-3882
-3492
-3702
-4770
-5045
-4111
-3076
-1753
-15
1187
327
-1251
-828
951
1846
1435
1495
2500
3087
2719
2045
1660
1878
2706
3117
2737
2054
1904
1830
800
151
752
1954
2178
1326
465
-388
-1069
-1217
-328
387
-1
-568
-616
-68
264
153
-75
-857
-1245
-462
813
1492
929
801
1132
846
-357
-1285
-234
1252
1505
-16
-1268
-904
-479
-932
-2100
-2335
-1841
-1730
-1867
-1782
-936
-281
-502
-1313
-2198
-2030
-973
671
1695
1364
649
414
1534
2494
2618
2465
2954
3593
2747
1679
2187
4078
4380
2195
169
186
1177
918
-644
-1710
-1957
-2019
-2450
-2793
-2283
-1956
-2136
-3190
-3940
-3554
-2592
-1360
-733
-99
687
1365
1400
380
-441
296
2313
3691
2797
866
-247
-583
-542
-481
-313
-440
-1086
-2062
-2819
-2948
-2037
-881
-1164
-2403
-2969
-1404
263
531
196
150
532
259
330
1085
1587
1114
-114
-543
263
1641
2605
1715
-52
-921
-78
1391
1558
1182
651
461
383
583
1116
896
251
-357
-192
498
1370
1908
1492
597
337
893
1098
584
22
-113
30
78
-12
-417
-1064
-1018
-891
-1125
-1577
-1312
-608
-1133
-2047
-2384
-1789
-1346
-1559
-1670
-1592
-1157
-236
519
483
-4
108
1074
1376
1087
885
1362
2203
2402
1984
1255
1428
2436
2909
1944
742
1216
2407
2142
910
655
1563
1732
489
-613
-867
-804
-1369
-2052
-2275
-1812
-1204
-1564
-2992
-4412
-4271
-3194
-2545
-2614
-2238
-1203
-398
-496
-955
-564
717
1969
2109
1707
1698
2136
2080
1532
1308
1471
1157
352
-242
-507
-491
-513
-445
-1099
-2137
-2252
-1124
17
20
-303
-284
-213
-483
-186
865
1521
1055
148
-306
-376
-302
136
648
587
171
57
377
348
104
-73
117
451
725
964
562
-32
-486
-528
-531
-358
468
1223
1168
527
435
888
1098
983
1001
933
315
-466
-368
387
632
219
-346
-659
-898
-1074
-1042
-1050
-1218
-1235
-1152
-1352
-2063
-2342
-1551
-585
-341
-874
-893
-131
712
996
836
841
1163
1760
2020
1843
1551
1761
2064
1661
931
1114
2181
2224
1102
148
432
1122
1059
818
1024
1063
270
-1003
-1638
-1225
-710
-657
-1460
-2270
-2406
-2287
-2529
-3178
-3257
-2497
-1611
-1577
-1986
-1944
-1198
-394
-237
-306
91
888
1306
1280
1389
1657
1590
774
-126
-209
384
1194
1352
675
-572
-1581
-1438
-506
544
999
962
607
-51
-235
542
1813
2287
1421
301
-61
256
439
342
183
-226
-736
-964
-595
-328
-642
-944
-539
390
630
50
-656
-728
-232
126
422
610
428
-107
-634
-241
933
1889
1863
927
297
254
503
471
382
514
303
-266
-657
-301
93
-411
-1473
-1845
-1420
-868
-727
-947
-1189
-1509
-1640
-1631
-1663
-1349
-423
438
466
-272
-307
713
1536
1471
915
1058
1539
1852
1896
1643
1530
1616
1741
1382
952
1245
1901
1711
663
44
394
903
642
294
303
162
-577
-1482
-1732
-1503
-1364
-1534
-1991
-2264
-2223
-2269
-2462
-2838
-2558
-1874
-1324
-1069
-1239
-1082
-885
-562
-187
357
1160
1499
1098
389
285
885
1405
1348
1109
826
384
-89
8
459
673
685
648
574
275
350
1131
1851
1648
1098
810
812
871
967
1110
664
-2
-489
-773
-1093
-1390
-1262
-906
-774
-711
-694
-957
-1224
-1141
-499
-219
-206
-81
-57
-298
-552
-107
415
531
328
448
724
649
222
-131
120
497
706
349
-87
-82
22
-101
-538
-638
-467
-495
-539
-478
-237
-179
-455
-674
-789
-541
-7
457
600
491
543
705
765
793
1007
1296
1421
1313
954
663
682
939
1100
865
718
688
519
256
63
302
388
75
-325
-389
-129
-321
-615
-810
-836
-1043
-1580
-1734
-1566
-1277
-1292
-1584
-1992
-2141
-1984
-1747
-1714
-1796
-1427
-972
-782
-875
-653
-11
591
765
628
479
752
1355
1745
1776
1538
1402
963
623
686
1264
1596
1114
436
-83
-68
387
1126
1336
993
540
508
628
691
980
1256
1129
478
95
-102
-344
-619
-545
-456
-610
-806
-772
-643
-783
-703
-638
-528
-609
-535
-378
-547
-684
-514
-88
-14
-149
-177
-141
-293
-280
-129
1
-223
-519
-409
-85
293
189
-136
-590
-857
-1008
-872
-391
34
45
-303
-397
-400
-245
-258
-88
305
587
799
887
1015
1167
1303
1419
1463
1448
1652
1632
1315
927
839
1044
985
790
727
588
144
-326
-484
-346
-408
-368
-322
-606
-1215
-1545
-1152
-803
-862
-1152
-1093
-970
-1124
-1488
-1498
-1171
-995
-973
-1347
-1482
-1218
-660
-534
-990
-1159
-785
-95
253
336
322
307
320
598
1080
1555
1688
1275
811
632
926
1285
1391
1142
566
0
-53
373
820
626
267
318
316
189
122
697
1169
1006
521
291
486
513
376
279
306
163
-177
-596
-538
-127
349
351
-343
-846
-966
-754
-575
-380
-380
-533
-727
-848
-765
-561
-345
-474
-632
-994
-1137
-914
-544
-345
-622
-954
-904
-363
-146
-535
-1170
-1112
-592
-229
-57
142
383
339
293
366
751
945
1154
1487
1749
1703
1511
1573
1799
2237
2295
2095
1458
1096
1064
1052
1058
632
440
210
-262
-776
-924
-863
-932
-1258
-1647
-1937
-2110
-1916
-1800
-1709
-1768
-1718
-1426
-1182
-1189
-1255
-905
-486
-369
-536
-554
-277
145
369
107
-124
6
70
142
383
543
435
276
195
361
800
1057
975
629
463
489
865
1129
989
898
798
587
426
511
435
319
317
339
19
-257
-26
319
555
207
-69
104
372
346
249
455
556
563
287
21
-151
133
530
345
96
-42
48
12
-152
-407
-553
-594
-800
-939
-905
-621
-461
-596
-939
-1312
-1320
-1186
-1084
-1009
-797
-509
-426
-510
-818
-762
-329
179
98
-474
-641
-304
120
187
349
609
884
692
467
681
1070
1273
1136
1280
1463
1676
1858
1811
1529
1288
1127
1012
980
914
688
301
-153
-503
-357
-409
-797
-1204
-1422
-1811
-2190
-1934
-1699
-1613
-1768
-1701
-1621
-1549
-1381
-1243
-561
-170
-127
-349
-293
113
454
666
387
496
657
685
630
683
731
347
244
328
438
235
142
267
171
107
77
370
471
385
473
617
623
461
657
752
673
645
634
486
161
214
352
279
-22
-92
251
352
121
82
395
424
169
-67
-4
193
228
257
92
-16
-61
-73
5
35
37
-48
-300
-727
-951
-688
-337
-299
-499
-743
-846
-926
-999
-1135
-1186
-1025
-845
-732
-739
-621
-446
-310
-391
-441
-114
289
372
-41
-402
-204
311
555
448
523
958
1114
808
511
644
1066
1373
1447
1298
1069
948
1065
1046
941
935
865
556
-4
-193
20
112
-146
-610
-1016
-1323
-1343
-1221
-1329
-1591
-1632
-1466
-1515
-1792
-1827
-1289
-890
-968
-1092
-891
-342
10
44
1
22
196
578
945
1130
1048
854
713
661
734
738
757
718
574
387
241
257
392
499
429
231
124
188
383
524
507
506
488
383
191
275
545
588
356
35
2
45
29
80
335
576
358
-53
-206
41
287
237
66
-99
-110
-60
-3
-5
39
27
-154
-313
-494
-383
-252
-351
-670
-864
-617
-363
-265
-463
-787
-1043
-1097
-1055
-1047
-879
-654
-561
-656
-833
-790
-433
-60
18
-59
-12
66
44
-78
-20
464
932
972
824
868
1054
1030
878
863
954
1008
965
942
922
849
763
595
273
-44
-104
100
97
-220
-575
-750
-827
-791
-688
-764
-758
-796
-898
-1137
-1203
-912
-578
-567
-920
-1022
-831
-369
-78
84
123
123
287
372
443
487
615
667
625
551
591
659
585
386
136
52
154
386
496
368
80
-165
-153
-70
20
183
302
329
111
-50
29
233
443
413
280
241
142
-45
-92
-6
253
364
227
-16
-121
70
195
161
56
-14
-67
-41
-28
-6
41
29
-3
-110
-179
-41
148
1
-345
-499
-383
-218
-104
-123
-196
-230
-267
-322
-457
-542
-451
-254
-224
-380
-384
-257
-188
-179
-136
59
101
-132
-299
-234
-45
113
173
214
243
187
154
281
475
451
287
235
358
478
632
609
430
245
100
116
76
5
-159
-253
-413
-641
-737
-636
-473
-377
-403
-742
-955
-783
-472
-336
-313
-338
-262
-196
-196
-190
-69
160
291
375
326
313
376
446
315
268
405
582
677
456
246
58
43
142
257
367
345
242
86
-28
-13
147
408
550
438
216
26
94
261
423
507
395
278
164
-3
-151
-133
9
28
-129
-225
-119
-9
-47
-99
-167
-237
-252
-138
-54
-115
-232
-186
-115
-198
-146
-56
10
-202
-450
-380
-177
10
-33
-196
-335
-230
-28
-22
-26
55
147
-17
-227
-213
-132
-139
-269
-212
-46
108
113
44
-55
-153
-97
-104
-108
-44
132
196
136
44
92
161
107
145
181
253
285
302
210
65
98
211
162
-66
-292
-393
-431
-400
-287
-204
-210
-404
-539
-569
-516
-305
-100
-60
-138
-153
-36
22
-29
32
172
215
171
166
297
336
145
70
153
278
334
323
256
164
141
152
224
266
298
199
27
12
111
236
260
252
314
283
213
238
196
125
195
405
534
497
300
181
126
48
108
155
116
-81
-209
-256
-382
-499
-448
-362
-397
-437
-464
-456
-508
-544
-479
-382
-328
-238
-203
-306
-405
-333
-85
139
200
70
-4
36
132
138
118
214
259
184
65
100
219
230
69
-79
-34
136
270
208
84
-5
-45
0
31
101
180
184
107
-9
-7
31
61
-13
-119
-113
-40
30
-54
-158
-181
-109
-18
-16
-90
-196
-328
-399
-340
-250
-111
-38
-208
-475
-531
-374
-98
-14
-87
-84
-104
-70
-14
41
86
127
167
246
324
329
218
119
160
240
320
379
344
213
135
91
123
203
305
304
170
28
-36
12
30
32
62
149
187
210
123
7
19
164
435
542
489
382
271
221
243
274
261
177
75
-25
-116
-224
-364
-473
-592
-647
-593
-520
-562
-628
-663
-689
-696
-579
-361
-253
-299
-326
-239
-220
-163
-57
68
163
195
248
269
293
352
350
308
339
413
427
325
205
170
239
261
158
45
36
13
16
48
6
41
64
10
-38
1
52
90
97
30
-16
-25
-6
3
-38
-134
-165
-106
-63
-55
-120
-222
-313
-338
-316
-195
-26
-47
-303
-533
-497
-337
-190
-100
-91
-126
-150
-178
-126
-36
40
155
184
164
102
61
120
134
140
194
220
267
307
272
110
-7
134
306
357
339
303
262
243
181
117
132
180
231
221
153
97
114
95
76
122
154
182
177
187
260
231
213
209
96
21
-20
31
62
-9
-182
-318
-342
-423
-475
-489
-467
-489
-614
-650
-686
-671
-541
-485
-433
-426
-353
-313
-331
-303
-252
-117
-6
120
227
299
287
286
388
458
398
387
459
501
494
479
467
333
206
116
98
111
144
201
190
141
76
30
35
41
59
126
121
57
-11
-42
-130
-197
-165
-72
-62
-188
-280
-358
-377
-417
-401
-265
-217
-260
-366
-425
-377
-350
-291
-195
-113
-100
-100
-41
-19
-1
86
201
232
253
287
214
151
204
196
205
162
134
188
114
91
118
205
219
86
20
60
109
165
227
248
194
109
54
28
133
231
246
171
139
123
52
61
120
148
143
183
210
200
121
69
83
28
20
54
-36
-114
-152
-213
-322
-433
-367
-275
-304
-427
-502
-497
-563
-603
-536
-451
-420
-456
-424
-396
-357
-286
-231
-142
-138
-93
77
252
318
316
255
202
262
402
533
576
534
434
387
371
405
402
356
269
130
127
174
191
198
193
119
54
65
92
131
63
-39
-34
-5
14
3
-72
-188
-293
-332
-334
-353
-294
-309
-445
-537
-552
-432
-347
-352
-339
-343
-364
-352
-246
-96
-9
55
83
126
174
165
193
241
325
328
263
231
212
192
115
62
111
139
67
54
89
138
132
108
139
179
239
246
298
324
313
296
300
336
344
352
290
158
129
159
108
110
75
-38
-145
-165
-129
-76
-19
-111
-201
-286
-307
-312
-333
-317
-383
-380
-389
-367
-322
-372
-427
-501
-470
-395
-345
-311
-312
-296
-304
-261
-224
-197
-145
-142
-82
47
147
197
231
262
319
346
352
408
417
410
405
407
454
442
419
388
308
212
146
138
128
121
71
10
20
1
-21
-20
39
89
74
37
4
-24
-57
-64
-85
-39
-6
-44
-130
-237
-310
-312
-295
-300
-285
-293
-315
-397
-439
-384
-317
-215
-136
-100
-57
-33
13
47
88
190
205
233
224
209
199
145
164
193
158
48
-9
-6
-5
-19
5
39
18
-12
4
77
161
246
306
342
370
357
345
326
333
339
332
352
312
256
123
25
-9
-12
15
-31
-57
-137
-249
-318
-335
-338
-341
-390
-472
-471
-427
-362
-339
-350
-360
-310
-297
-358
-313
-249
-210
-201
-190
-152
-158
-178
-206
-187
-104
26
127
145
133
143
187
242
313
348
379
352
284
281
295
309
319
271
187
102
116
130
101
104
56
63
23
3
46
80
120
99
85
25
-1
37
74
100
120
119
25
-96
-125
-147
-145
-148
-167
-146
-186
-237
-323
-312
-324
-337
-299
-278
-228
-212
-180
-183
-110
-64
26
128
118
76
98
158
202
276
285
288
164
100
50
63
140
135
127
28
-10
-48
21
111
125
151
180
208
219
221
217
253
242
280
278
222
159
119
91
109
135
51
-3
-117
-176
-228
-247
-192
-205
-247
-354
-459
-509
-472
-444
-372
-296
-322
-354
-392
-388
-335
-287
-169
-111
-95
-76
-117
-101
-74
-16
-14
30
66
53
125
181
243
224
214
205
256
277
274
355
350
344
268
255
236
193
168
107
72
41
50
36
42
45
54
32
59
107
136
107
48
19
-5
63
93
159
93
26
10
-36
-21
-28
1
-72
-146
-208
-214
-186
-177
-189
-291
-381
-435
-391
-313
-281
-265
-250
-210
-155
-142
-92
-43
10
92
142
183
168
217
179
129
154
149
184
105
88
98
44
79
117
136
117
69
38
21
52
164
274
264
211
187
141
129
162
219
245
230
157
101
77
18
10
-24
-45
-99
-155
-152
-222
-281
-317
-309
-285
-253
-233
-237
-278
-329
-318
-351
-268
-171
-98
-74
-146
-132
-101
-15
-2
1
-4
-38
-31
1
54
114
179
155
120
79
123
179
218
204
120
121
109
151
119
95
66
15
-38
-58
59
47
60
24
-3
18
64
106
102
59
2
63
96
164
111
97
125
120
99
73
46
3
30
-49
-25
-37
-54
-101
-159
-169
-226
-238
-271
-260
-252
-225
-205
-186
-199
-168
-88
-29
-5
7
59
76
123
159
182
184
192
196
120
117
138
153
162
158
121
87
68
-28
-64
-44
-17
-8
14
14
-13
-67
-56
-29
-34
31
55
75
23
-10
-15
7
0
-29
-45
-74
-45
-44
-61
-102
-102
-138
-138
-129
-76
-68
-104
-94
-120
-96
-94
-42
-45
-36
-31
28
76
80
46
17
28
-5
28
25
120
92
92
92
73
107
85
66
-11
43
32
50
22
22
9
-17
5
-10
18
-43
18
-5
-42
-60
-38
4
-28
3
-1
40
46
59
9
14
26
41
67
27
65
62
76
18
7
-1
30
40
0
-10
-65
-56
-100
-102
-126
-108
-114
-117
-136
-161
-106
-66
-39
-57
-66
-77
13
24
79
100
120
146
97
127
106
123
86
67
57
97
85
25
-3
-89
-79
-66
-12
-13
-25
-31
-57
-19
-23
39
38
36
32
9
43
57
128
105
59
-12
-8
16
-3
-22
-42
-26
-84
-87
-122
-110
-113
-123
-146
-125
-80
-57
-11
-15
22
1
21
29
56
45
51
63
61
52
12
52
28
14
3
3
19
34
-5
-16
1
-4
-17
-18
15
-14
-22
-40
-17
-16
18
46
5
27
-15
-22
-26
-34
-35
-9
-1
-40
-10
-6
35
42
66
79
66
92
81
68
45
41
58
86
54
20
-17
-41
-86
-112
-87
-58
-26
-78
-93
-111
-108
-55
-35
-66
-29
-7
-7
15
-10
50
44
76
75
79
107
76
94
70
103
104
107
101
49
-16
-38
-12
-3
-53
-100
-82
-104
-63
-105
-84
-50
-46
-6
-27
6
13
100
78
41
38
3
15
13
-20
-50
-34
-44
-40
-100
-86
-76
-94
-105
-98
-74
-80
-78
-69
-40
-46
-4
17
62
39
56
81
58
72
84
125
117
129
63
52
78
60
48
25
-12
20
60
14
6
-3
0
-19
-18
-42
-28
-3
2
10
-28
-4
24
38
12
4
-19
-4
12
-3
-1
-8
28
28
38
-4
-19
12
-7
-38
-16
-15
-24
31
22
7
-44
-61
-62
-34
-40
-55
-22
-32
-28
-48
-38
-63
-56
-64
-50
-2
2
6
-2
18
21
32
48
105
88
79
79
73
65
32
25
4
25
2
-3
-15
-19
-69
-103
-80
-77
-28
-25
-20
-51
-62
-44
-23
11
17
18
25
57
28
47
48
17
30
-25
3
22
7
-6
17
29
-18
-25
-31
-4
-35
-13
1
12
15
-3
23
15
21
36
73
53
39
10
5
0
-9
6
1
20
-7
-23
-35
-13
-35
-31
2
15
-4
-18
9
-40
3
1
-1
4
6
55
40
0
-22
-10
-41
-26
-31
-34
-10
-3
1
-17
-13
-5
17
-8
-9
-10
-21
-3
-13
8
9
18
8
-3
5
10
24
30
25
40
45
4
1
-14
-32
-41
-11
-30
-27
-13
-6
15
-5
26
3
37
38
60
30
38
65
42
72
23
49
20
40
22
49
32
-48
-42
-72
-70
-108
-85
-110
-123
-102
-69
-45
-36
-19
-41
-14
-9
19
20
37
44
19
39
50
43
38
58
25
25
28
31
-10
-18
-39
-45
-27
-99
-61
-60
-42
-43
-19
19
10
28
42
36
-3
21
56
110
88
83
43
65
63
4
29
42
58
3
9
-35
-32
-19
-4
0
-29
-9
13
6
-29
16
0
3
-58
-31
-25
-46
-54
-53
-27
-85
-11
-25
-38
-54
-9
-2
28
21
-25
38
-6
-3
-27
0
-20
7
20
18
51
54
63
16
-12
-59
-25
-34
-23
-13
-3
0
32
39
14
33
31
72
40
46
10
46
51
20
54
39
64
43
65
6
-1
-6
-43
-44
-78
-57
-88
-79
-104
-98
-44
-23
-9
-42
-16
-38
-21
-9
-18
16
16
34
6
31
55
24
31
36
3
-3
2
-28
-47
-58
-58
-33
-15
-5
7
-46
3
-4
1
27
31
62
2
19
13
34
18
44
50
42
22
-8
36
14
33
33
55
16
-6
-25
-25
-19
-54
-14
-13
-16
-22
-3
8
15
7
2
3
5
-1
-2
-9
-10
-11
-13
-8
-35
0
4
0
-30
-8
-25
-53
-1
-32
-15
-16
17
34
38
40
19
25
24
29
-21
22
5
-19
19
-2
-5
3
16
31
54
15
32
16
-5
-11
-22
16
-4
8
15
33
35
31
12
29
42
-8
-23
17
4
-47
-32
-53
-47
-57
-26
-35
-60
-47
-44
-18
-41
-50
-39
-31
-31
-13
-35
-35
-19
0
8
6
9
15
17
-11
12
7
11
15
17
37
26
0
3
-10
-1
19
27
41
41
56
34
46
6
8
47
14
22
-8
-35
-28
-13
18
16
-6
11
-2
-9
-3
-24
-28
-10
10
-1
13
22
22
34
9
-3
20
33
19
-26
-14
23
-29
-10
3
-32
-23
-28
-23
-12
-9
-38
-13
-6
-16
-6
0
3
-25
-5
-3
-3
7
32
12
28
44
2
0
4
8
-25
38
25
6
2
-16
6
5
29
-13
19
25
25
35
40
22
24
27
0
55
19
16
8
10
-18
-37
-20
-47
-22
-57
-43
-55
-57
-63
-66
-35
-57
-53
-54
-22
-54
-26
-6
-12
13
-6
19
15
28
24
14
-12
-26
-32
-27
-16
-22
-12
-14
13
13
32
3
6
10
-8
10
1
10
0
14
3
29
42
19
37
58
62
53
76
60
59
78
48
29
30
1
-19
-21
-18
8
-6
10
-4
-36
-27
-28
-35
-43
-16
-22
-30
-13
1
1
6
18
10
3
-14
-8
4
-20
-40
-12
-18
-31
-1
18
6
16
37
41
48
40
34
28
29
21
19
13
-3
-4
16
39
25
16
33
4
-10
-20
-34
-23
-28
-22
-29
-12
-40
-45
-25
-41
-34
-48
-38
-49
-56
-66
-54
-14
-19
-25
-28
-20
-1
-6
-24
-2
9
-1
-10
-3
-34
-34
-22
-25
5
-22
-8
9
17
34
45
22
19
12
10
22
13
25
14
32
11
23
12
29
19
4
48
42
44
21
31
-4
-4
19
26
37
64
57
41
63
42
27
20
25
14
9
-6
-13
-28
-36
-39
-54
-54
-35
-25
-35
-15
-6
-3
-3
14
-6
-3
7
-3
5
-3
-4
-7
9
4
1
14
19
3
-12
-19
-3
0
-13
-11
-11
-4
6
13
-10
6
4
-30
-28
-26
-17
-2
-17
2
-7
-9
13
-4
32
9
-25
-22
-16
-19
-31
-19
-11
1
8
10
7
-4
0
6
5
10
-12
29
27
-10
-12
-25
5
-13
-9
-6
-14
-14
-39
-25
-29
-11
-1
-14
23
1
-2
28
50
45
23
33
14
9
-23
-19
3
0
32
14
-16
-7
-24
-7
4
-19
22
25
15
8
-7
-4
0
10
9
15
22
24
9
-13
-9
7
20
51
22
9
26
16
31
26
22
7
11
13
9
8
16
31
-1
-9
-25
-26
7
10
-3
0
0
-6
-29
-18
-3
-12
4
-4
-4
-25
-32
-21
-20
2
-29
-25
-19
-38
-29
-42
-25
-9
-23
-25
-27
-24
-22
-12
-13
-13
-15
-15
38
10
5
4
-12
24
6
6
9
29
10
-15
-23
-29
-16
-28
-11
2
-3
3
20
39
23
7
27
36
42
10
-7
13
10
3
-10
-14
-4
16
19
5
14
13
-12
9
9
0
40
53
35
11
2
34
36
14
0
-1
15
36
39
20
16
-6
-10
2
-4
1
-9
0
8
2
-7
-9
16
29
35
18
10
-21
-38
-44
-56
-23
-20
-36
-41
-31
-47
-70
-67
-31
-30
-51
-19
-13
-13
-16
-51
-32
-27
-22
9
3
12
6
10
43
48
28
54
44
42
56
20
35
29
33
1
-10
23
34
38
-9
5
3
-23
1
-1
-21
-24
-6
-14
-37
-47
-54
-41
-42
-51
-36
-29
-24
-27
-16
12
20
43
19
16
46
38
42
37
34
15
12
9
18
34
-7
7
13
-15
-13
-25
-17
-7
-2
-8
-5
-7
-6
18
43
37
10
29
7
-10
-15
-21
19
29
10
15
33
40
38
13
3
12
14
13
0
8
-18
-19
-7
-12
6
-23
-4
-20
-29
-31
-48
-20
-41
-57
-56
-34
-56
-35
-23
-2
12
11
47
35
43
16
7
15
27
8
-16
-28
-35
-15
-21
-18
-30
-28
-34
-5
12
12
38
18
22
10
37
35
9
42
19
37
18
-2
-13
-34
-22
-25
-1
-9
10
3
21
16
26
24
-4
3
-20
3
-8
-14
-20
0
-12
-7
-3
-21
-22
-30
-8
-10
11
2
-3
-5
-16
-12
7
1
-2
0
-26
-4
26
22
-4
-5
-5
-4
-13
16
45
27
28
33
23
22
19
0
22
-6
-16
-21
-19
-7
-9
7
-13
-13
-6
8
6
35
-5
-28
5
-13
-6
-16
-10
-19
-30
-35
6
-8
-9
10
-6
8
7
34
15
15
1
28
60
53
54
34
42
45
44
7
12
-6
-16
-14
-1
9
-20
-19
-19
6
-25
-20
-23
0
12
-12
15
3
-1
-26
10
7
-6
-12
-3
0
-16
-5
-6
2
-23
-31
-43
-30
-44
-18
-35
-50
-57
-62
-25
-55
-26
-19
-2
-21
0
-6
-16
1
-18
-3
-10
4
10
28
10
7
-14
9
13
0
37
26
39
25
27
22
31
32
47
48
39
61
34
40
29
45
19
10
0
-21
-4
-25
10
3
20
51
26
13
-4
-12
-2
-15
-2
-5
-23
-13
-30
-33
-62
-52
-35
-40
-13
-10
-6
-9
4
7
-6
11
12
-2
22
27
22
23
26
9
10
17
6
-2
6
20
20
13
-13
3
-19
-10
-8
-31
-39
-39
-15
-31
-18
6
28
-1
6
6
-4
9
2
18
24
31
38
33
19
14
-2
14
-7
-8
-8
-19
-27
-19
-1
-35
-16
-12
-16
-25
-11
1
5
-12
-18
-6
-24
-9
-24
-16
-15
-6
-13
-10
-7
-5
0
-9
-17
-28
-12
-16
14
-38
-45
-26
-25
-9
-11
16
-16
-21
-40
-14
15
12
35
36
9
-18
4
21
45
27
51
42
39
39
26
59
36
57
50
53
54
58
50
28
2
6
19
-15
12
-2
6
-5
-4
-4
-3
-11
-12
-2
-16
22
-5
18
16
5
16
28
1
-10
-5
-3
6
-41
11
-22
-3
-16
-32
-28
-46
-28
-46
-26
-72
-54
-53
-19
-46
-55
-65
-97
-38
-47
-5
-13
6
1
-3
-12
-11
8
-4
-4
-6
26
3
35
33
60
57
42
37
19
44
1
31
27
3
-16
15
9
-29
-10
-3
6
-3
15
17
32
5
10
23
18
12
-6
14
15
16
9
25
16
24
20
7
28
1
-9
-10
-8
-10
-26
-29
-22
-7
-25
-21
-12
-30
-13
-30
-58
-44
-23
-10
-17
-18
-8
-20
-22
-28
-12
-20
-7
19
-3
14
8
62
37
13
36
13
44
10
6
13
7
17
26
19
45
26
9
24
38
32
-5
35
6
23
12
19
40
4
0
-10
13
-9
0
-12
-20
-27
-35
-17
-21
-30
-17
-25
-41
-25
-43
-45
-40
-36
-37
-32
-25
-17
-23
-17
2
-3
-1
-19
-5
10
4
0
34
8
3
20
8
14
-2
16
-9
-3
-9
-22
-31
-23
4
-10
4
-8
-16
-14
3
7
16
-18
-23
13
21
25
-8
30
24
9
28
33
20
32
38
16
28
13
9
6
32
28
31
3
15
17
-5
40
20
29
12
20
-7
2
6
-3
22
9
-2
-29
-8
-25
-17
3
18
-5
-6
-5
-16
-25
-44
-23
-39
-9
-15
1
-13
-16
3
-29
0
-9
7
-21
-37
-29
-18
-4
-6
-3
-17
4
5
17
10
3
-15
1
19
-9
-5
-43
-21
-14
-5
7
-19
1
-9
-6
-7
-7
-4
-10
-16
-12
6
-16
2
5
-6
2
24
41
21
42
28
16
31
53
60
60
46
29
47
19
7
22
28
9
-1
-20
-38
-26
-38
-29
-16
-12
-19
-26
-24
-3
-13
-19
15
15
33
-2
-14
-10
-33
-31
-15
-6
-26
-6
-30
-4
-13
-22
-9
-8
-13
-46
-19
-22
-9
-21
-5
13
21
-2
6
23
14
14
-9
36
20
17
3
14
32
14
35
36
32
24
30
32
34
28
45
36
22
6
-10
-1
-3
-5
-13
-9
-27
-12
-1
-10
-5
-19
-4
-12
-15
-9
1
-6
-11
10
-32
-38
-44
-46
-25
-23
-11
-15
-26
-40
0
-11
13
16
-17
13
-3
4
-6
17
0
-14
32
29
25
16
12
0
9
-1
-17
12
4
6
-5
-19
-7
-18
-7
-21
-4
-16
-27
-2
-9
-5
-3
-6
-13
-1
-8
3
13
15
-3
6
22
-3
7
24
53
34
42
44
44
38
33
35
19
26
7
-9
8
3
-30
-21
-30
-17
-32
-41
-39
-25
-10
-29
6
-12
-16
-26
-13
-5
-31
-14
-12
-16
-1
-6
-3
5
-5
-4
-11
8
-11
1
18
-3
-8
6
31
23
20
17
28
16
10
4
-9
-12
-8
10
9
12
-7
1
22
40
32
24
22
25
47
18
12
7
21
16
10
16
11
-13
-16
9
-9
21
5
-4
4
3
0
-17
-1
-19
-1
-24
-39
-12
-19
-25
-39
-51
-46
-50
-58
-19
-26
-16
-5
-4
15
-16
-8
-17
-21
-11
-3
3
0
2
-17
-19
-1
-21
-37
-17
-10
-9
-46
-35
-8
-3
-7
12
17
10
35
15
29
29
46
47
32
34
12
18
6
1
-15
9
48
57
35
20
33
22
35
33
12
16
22
16
25
34
8
-3
11
0
-22
-19
12
22
1
0
0
9
1
6
17
19
21
1
13
-5
-27
-34
-51
-48
-46
-38
-22
-13
-26
-35
-34
-32
-28
-14
-14
-5
3
-3
-11
0
12
2
0
3
-3
-28
-42
-34
-12
-44
-48
-17
-21
0
-17
-16
-11
-29
-17
3
0
7
-3
-18
1
-4
12
4
4
12
35
44
40
44
34
67
63
52
61
48
52
47
32
31
35
51
41
17
-1
7
-3
-13
-19
-27
-25
-54
-42
-31
-27
-29
-13
-18
-41
-35
-18
-1
-18
-25
-47
-25
-14
-10
0
0
12
2
0
-1
9
19
21
-8
4
8
7
37
51
48
12
3
20
26
8
-12
-22
-21
-35
-47
-32
-35
-49
-37
-31
-27
-3
7
11
14
11
9
25
27
18
15
26
19
-1
9
20
22
13
-11
-19
9
10
6
10
15
16
30
35
15
8
-5
7
-2
-21
-27
-10
7
-10
-12
-2
-2
-24
-31
-22
-20
-5
3
-3
-14
-20
-2
13
-4
-9
-14
-6
5
-23
-37
-44
-40
-16
-14
-27
-10
9
4
15
3
16
27
25
26
-2
6
26
44
36
3
-7
15
7
-17
-7
-15
-19
-19
-13
5
-4
-18
10
0
4
13
15
11
4
-6
-9
23
13
25
0
15
22
30
22
-3
22
19
48
26
27
15
9
25
19
19
7
19
-12
-22
-4
0
-11
-17
-9
-17
-21
-12
-1
5
-15
-18
-4
12
7
-1
22
1
-7
-3
4
12
-10
-11
-12
-22
-32
-44
-36
-22
-27
-24
-11
4
-9
-31
-14
-2
-35
-49
-44
-35
-24
-51
-38
-20
-20
-10
13
28
15
9
1
31
19
9
31
37
37
13
21
41
19
3
16
10
1
-13
-15
-12
-31
-48
-32
-3
0
3
4
29
35
26
40
49
44
38
35
24
30
9
0
26
26
4
17
35
33
15
0
-7
-25
-17
-36
-21
-3
-16
-12
-6
-13
-19
-17
-26
-4
0
-4
-5
0
19
15
15
32
25
9
38
20
1
-12
-13
0
-17
-17
-32
-10
-32
-51
-32
-42
-52
-56
-22
-33
-47
-35
-9
-10
3
9
4
27
24
32
19
19
34
25
22
19
-4
4
11
-12
-10
-18
-12
-7
-3
1
8
19
9
16
31
37
35
29
25
20
12
19
16
-11
-15
-3
1
-9
-23
-29
-27
-23
-21
-8
1
-7
-10
-12
-24
-32
-35
-26
-17
-19
-16
-8
-18
-25
-17
-16
-7
21
22
22
38
27
22
19
11
19
11
12
46
39
19
8
0
13
-15
-9
13
5
-12
-18
-7
-12
-13
-18
-16
-5
-17
-7
4
7
19
-5
9
12
10
14
26
52
21
8
0
26
13
0
-1
-5
14
-3
-3
-7
-1
-15
-15
-2
-14
-14
-29
-19
-16
-21
-8
10
35
19
3
-4
4
6
8
22
10
-12
-29
-24
-16
-24
-25
6
-1
-15
-28
-13
-4
-38
-37
-40
-25
-30
-33
-31
-9
7
-3
16
33
41
32
44
44
26
22
35
39
28
21
21
26
9
3
32
38
10
19
7
3
-6
-15
4
6
0
-26
-9
-7
-17
-37
-32
-4
-16
-10
-8
10
6
-7
-6
0
1
-7
3
-4
-6
-11
-30
-23
-29
-36
-12
-19
-32
-35
-34
-32
-28
-12
-13
-16
-15
-10
-5
18
39
32
44
54
42
32
23
27
25
17
14
19
25
7
21
29
24
42
50
40
26
18
12
-5
-25
-25
-25
-4
-25
-35
-17
-19
-20
-26
-18
-2
0
-16
-22
-25
-27
-17
-4
-9
-17
-23
-25
-24
5
28
22
21
-1
-22
-36
-23
-22
-20
3
22
35
10
15
35
22
22
19
12
27
11
0
7
9
14
-5
14
21
9
24
28
29
34
36
38
22
-3
-9
2
10
-18
-38
-10
-24
-54
-43
-34
-40
-48
-49
-30
-26
-32
-33
-26
0
-12
-28
-34
-34
-21
-7
-1
0
6
13
-7
3
19
6
1
1
-1
-26
-5
22
9
6
21
29
29
43
59
40
27
32
25
10
14
25
31
22
3
44
46
61
65
42
34
7
16
1
10
7
-6
-34
-35
-6
-25
-15
-24
-39
-34
-41
-58
-45
-31
-45
-49
-51
-35
-26
-48
-41
-18
-14
-8
-16
-6
4
-16
-16
-10
1
-3
9
26
12
15
-7
-3
-5
7
18
9
18
3
33
45
37
31
21
25
8
25
18
8
35
38
28
29
21
23
12
-4
6
3
7
-5
-6
3
-9
-7
2
2
-6
-9
0
9
-23
-32
-19
-21
-31
-28
-29
-6
-10
-39
-22
-36
-43
-31
-13
-17
