6
-14
-6
-38
-64
-43
-30
-44
-69
-19
-38
-42
-32
-60
-51
-35
-26
-32
-13
-43
-28
-44
-28
-12
-44
5
-13
-14
5
-7
9
23
19
30
25
13
-3
9
30
32
47
38
35
23
37
25
37
58
36
34
50
28
10
48
35
21
29
44
35
37
20
-8
-9
-14
-21
-14
-13
-32
-27
-28
-17
-28
-1
3
-25
-18
-16
0
-12
-31
-36
-3
8
-6
-5
1
-12
-27
-10
-17
-19
0
9
7
3
-16
-7
19
-19
-34
-13
-31
-7
-10
-23
12
1
16
19
-10
6
15
23
54
38
45
32
0
19
12
38
57
36
19
25
10
-10
4
15
-7
-47
-35
-9
-28
-37
-33
-34
-21
-15
-10
-12
-15
-26
-32
-5
-7
-24
3
12
17
12
14
0
-27
-10
-14
9
0
-4
-2
-17
-11
-14
-10
-8
-8
-31
-19
20
18
23
34
21
40
51
63
38
29
44
22
40
39
16
-10
6
10
-8
4
-17
-12
-3
-33
-25
-7
-24
-13
-21
-10
6
-11
-10
-28
-30
-16
-1
-5
-10
-2
-23
-37
-19
-6
-22
-13
6
-15
-4
-23
-20
16
-8
-20
-27
-15
-2
-1
10
22
23
0
7
41
38
28
45
57
54
51
32
11
15
10
38
38
23
33
25
12
2
-13
-44
-17
-6
-8
-1
-18
-12
9
4
4
-7
-13
-16
-4
5
-24
-4
-51
-55
-19
-33
-31
-30
-58
-69
-38
-59
-53
-40
-29
-25
-35
-54
-39
-6
-15
-8
4
0
-6
6
17
15
9
42
41
47
33
48
65
26
32
42
66
45
50
28
38
31
21
33
28
57
30
32
-12
-4
10
5
20
9
4
11
16
2
-10
-22
-11
-7
6
-4
5
26
3
0
12
3
4
-13
-8
-19
-22
-8
-41
-26
-22
-33
-72
-73
-51
-58
-14
-11
-50
-34
-38
-64
-44
-21
-18
-26
-6
-6
-10
-21
0
20
7
9
26
25
-3
6
0
4
2
6
13
-13
-28
4
28
13
31
35
16
7
-5
-3
3
8
22
25
9
20
15
-14
21
29
55
35
29
59
39
49
39
31
15
30
10
6
-1
-8
0
-15
6
-23
-19
-15
-3
-16
-33
-20
-42
-48
-36
-23
-29
-7
-9
-7
4
-11
-22
-31
-12
-27
-55
-47
-47
-25
-6
19
3
-3
8
-22
5
14
25
35
56
46
53
63
39
30
26
58
45
56
20
-13
13
5
-2
-9
-25
-27
-15
-4
2
-5
6
-26
-41
-32
-14
-20
-19
25
7
-22
-25
-13
-12
-14
-15
-27
-32
-39
-41
-38
-39
-20
-37
-26
-9
-6
-4
-15
15
-1
-1
13
37
42
33
41
25
2
9
19
0
-11
-21
10
7
0
0
15
-6
0
31
6
17
1
-19
-14
37
3
-4
7
-41
-3
2
2
1
-10
-9
5
-8
-31
8
-7
12
24
13
32
2
41
46
38
44
14
1
10
45
50
30
20
41
26
19
14
26
23
14
18
0
7
3
11
-15
-16
-13
-47
-28
-19
-45
-39
-44
-57
-34
-41
-46
-47
-48
-48
-41
-38
-57
-38
2
-5
-15
0
13
15
6
1
-4
-8
-3
3
0
-7
-22
-32
-19
-22
-6
-9
-11
-16
-20
12
13
12
9
33
14
13
28
31
28
-7
18
32
12
0
-1
-13
-18
3
10
1
16
41
28
-8
3
24
41
38
26
44
54
69
55
31
16
47
54
42
50
21
32
3
-30
1
-3
-15
-16
-15
-10
-27
-50
-50
-19
6
18
6
-7
4
-5
-10
-13
-16
-16
-31
-32
-31
-56
-47
-34
-43
-44
-55
-66
-69
-79
-69
-36
-17
-7
-4
0
10
16
4
1
-4
6
38
14
12
32
-13
-17
3
-3
8
-2
1
29
45
38
61
50
47
34
27
38
24
43
27
25
33
21
-6
22
25
6
25
10
16
1
-11
-20
-19
0
-15
3
-1
5
16
-16
-26
-41
-20
-23
-38
-60
-53
-22
-38
-29
-23
2
12
-19
-5
10
1
-10
-32
18
32
47
44
5
32
3
-2
13
22
-13
-20
-6
-19
4
-2
-6
7
10
-3
1
-7
4
-1
-12
-7
-13
-1
-2
-28
-18
-7
-11
22
-34
-47
2
-3
-16
-37
-9
-22
-26
7
8
23
26
29
24
48
39
5
29
45
64
63
59
43
4
16
40
10
-1
3
-3
8
18
3
1
19
0
15
22
17
10
9
-7
0
19
-10
3
-15
-14
3
-16
-13
-52
-66
-67
-75
-44
-50
-69
-49
-44
-37
-33
-21
-4
-29
-39
-12
-6
7
5
-29
-2
-9
-28
-4
5
1
10
28
-7
-4
1
-7
-12
-9
19
6
1
10
-1
0
16
23
32
47
28
16
28
5
34
33
24
20
12
22
0
12
14
29
22
22
40
28
26
29
24
33
56
35
27
31
25
16
12
2
-10
-27
-29
-50
-77
-30
-28
-42
-35
-31
-20
-33
-20
-14
-47
-23
-4
-32
-21
-17
-16
-14
-10
6
-15
-20
-6
-12
-5
16
5
-4
-2
0
28
24
7
44
34
-9
21
44
40
24
29
50
0
5
29
31
49
0
-10
-2
-9
-1
-10
-19
-10
16
8
9
5
-6
-6
-14
-32
-40
-26
-37
-39
-41
-38
-23
-50
-21
-13
-24
-6
-57
-49
-6
-21
-34
-23
-6
1
12
19
14
10
0
-3
-11
-15
23
21
4
16
-22
-33
1
-13
-5
5
-7
3
20
28
13
25
43
27
50
76
78
71
80
66
41
41
24
46
45
15
17
36
31
-28
-21
-3
-19
-14
-21
-19
-36
-18
10
-4
10
6
-10
-18
-26
2
10
-6
-10
-40
-30
-38
-53
-44
-41
-30
-48
-47
-50
-45
-26
-17
-18
-22
-13
-22
-29
-6
7
4
7
11
3
-14
-6
11
11
25
-2
-10
28
41
24
39
31
22
68
52
40
29
41
49
31
22
11
10
12
12
-2
0
-25
-29
-39
-40
-66
-58
-37
-55
-41
-37
0
-9
-23
-10
8
6
3
-7
-7
-14
-25
-15
6
19
-13
3
-14
-16
-9
-11
22
21
-5
-6
9
3
-6
17
47
45
61
46
42
24
12
35
18
42
47
46
34
18
18
26
41
16
13
18
26
-1
9
23
-12
-23
-34
-18
-15
-32
-53
-37
-32
-37
-23
-25
-60
-80
-54
-57
-75
-53
-41
-47
-35
-29
-26
-31
-5
-3
12
16
-5
4
-9
-7
8
8
20
53
36
13
2
15
11
17
35
17
25
41
32
23
44
19
4
11
34
45
35
29
16
40
44
46
46
35
5
6
8
14
1
-27
9
4
-42
-48
-29
-62
-64
-33
-48
-54
-43
-33
-48
-30
-29
-23
-19
-45
-29
-41
0
-19
-4
25
-32
-13
-18
10
30
-3
4
35
41
21
25
30
41
31
3
31
31
20
30
16
38
19
3
17
0
-6
-1
-4
-12
4
-7
4
-5
-5
17
-4
-9
-24
-13
4
2
25
25
32
18
-17
2
-3
28
28
4
8
-9
-1
-23
-30
-3
-19
-22
-11
-11
-22
-31
-22
-23
-13
-18
-25
-21
-12
-1
10
8
17
19
-1
-8
-18
-2
10
15
33
58
30
32
-5
-8
10
-9
20
-12
6
-3
-11
-32
-41
-9
-3
4
0
-9
-10
-3
-28
-46
-29
-7
-38
-8
-18
-23
-16
-39
-10
-4
15
6
-6
-15
-1
11
3
28
41
48
53
28
34
24
10
31
24
38
16
14
-6
10
29
-2
25
21
28
19
4
35
33
31
29
15
41
33
29
25
-1
8
-7
0
-33
-49
-18
-23
-6
-38
-43
-32
-48
-34
-60
-32
-49
-66
-33
-40
-15
-41
-35
0
-21
-18
10
-8
-20
-5
9
9
-1
9
-13
1
-20
-29
-3
-20
-33
-38
-35
-26
-3
-27
-12
13
10
34
8
35
60
21
13
-8
45
63
35
57
57
59
32
20
23
61
28
25
51
12
26
7
24
36
30
26
13
17
3
0
8
18
-7
-26
6
19
3
7
-19
-19
7
-16
-7
-16
-25
-28
-30
-35
-60
-55
-47
-40
-55
-52
-14
-16
-29
-16
-28
-50
-30
-41
-56
-35
-35
-35
-28
-10
-3
-1
-3
-6
13
14
15
16
17
19
21
12
27
49
26
15
29
29
17
6
10
26
44
54
55
56
42
23
-7
22
28
12
19
5
13
-13
-15
-11
-23
-29
-20
-39
-42
0
-9
0
-7
-19
-3
-26
-48
-41
-22
10
22
13
9
-9
3
5
-12
3
24
0
-16
13
17
32
19
23
32
15
14
4
37
35
3
8
14
-7
0
2
4
14
14
14
3
7
-9
3
-26
-9
-6
-22
-11
-49
-32
-42
-8
-16
-14
-28
-69
-34
-46
-29
-34
2
-2
-32
-39
-25
-15
-3
13
-3
14
-2
5
1
6
-12
-13
17
21
7
-3
16
18
26
29
35
41
24
14
32
42
32
22
32
26
37
48
34
28
19
2
9
14
-6
-10
-2
-14
-1
5
-49
-34
-7
-17
-46
-26
7
-23
4
-6
-42
-64
-66
-37
-40
-31
-12
-12
-5
-11
-12
-24
-15
-13
-4
21
-9
-5
4
15
13
11
6
-3
-8
17
37
1
35
33
22
48
46
32
40
40
53
57
43
47
46
51
25
25
4
0
-6
-6
15
-6
-8
-9
-16
-25
-29
-30
-9
-17
-4
11
3
-19
-24
-9
-31
-14
-6
-16
-27
-15
-26
-49
-27
-38
-66
-63
-70
-54
-44
-53
-23
-28
-41
-41
-11
-17
-9
17
-8
-7
0
-6
-15
12
22
30
19
9
5
13
10
3
44
46
50
41
55
54
34
25
26
34
36
73
48
3
22
22
28
46
31
41
25
29
32
-3
-3
-4
-19
-30
7
4
9
-4
-17
11
-12
-12
-37
-28
-11
-37
-45
-35
-27
-50
-41
-21
-2
-23
-52
-49
-48
-49
-31
-22
5
0
-36
-9
-14
7
4
13
31
18
9
-1
25
29
37
19
34
68
19
23
41
7
13
3
7
16
6
0
-7
3
0
14
31
0
-39
-3
3
-15
-9
-3
1
-18
-23
-5
-29
-42
-31
-57
-37
-53
-39
-27
-6
-7
-12
15
-22
5
-8
-21
-28
-4
4
27
32
12
39
17
28
22
35
33
40
41
38
39
6
7
17
17
45
33
4
18
-3
0
28
37
5
6
-1
-6
-4
-26
5
6
-1
-28
-16
0
-12
0
7
-21
-25
8
-20
-22
-26
-36
-32
-21
-19
-28
-14
-15
-27
-37
-14
-17
-48
-29
-32
-48
-28
-9
-19
-33
-2
-14
11
13
-3
29
19
26
25
3
4
22
44
32
25
64
41
58
65
48
53
29
17
13
27
10
9
2
13
-7
-12
-7
12
17
16
65
45
26
-29
-14
-5
-18
0
-22
0
-16
-48
-20
-4
-31
-51
-28
-51
-81
-62
-56
-56
-51
-44
-62
-60
-34
-32
-39
-26
-4
5
28
19
18
22
25
28
25
37
33
45
50
31
17
10
17
11
34
40
-7
-3
-4
1
21
11
9
-6
-3
3
12
22
22
36
16
25
28
-10
-14
-5
31
22
1
24
26
11
1
13
4
5
8
-6
-4
-18
-22
-23
-43
-40
-39
-23
-21
-44
-13
0
-23
-28
-19
-19
-15
-12
3
29
26
6
-1
8
5
-1
22
6
0
9
3
3
1
21
3
10
36
28
33
16
7
-2
-14
4
-16
-22
13
-5
-16
15
1
-30
-25
-50
-37
-16
-7
-13
-35
-1
-12
-26
-25
-14
11
-12
-34
-19
-4
-11
-6
40
2
-25
0
12
25
3
20
24
-16
-11
15
9
5
-6
19
34
-11
-14
3
-6
-16
-2
6
10
14
34
25
23
26
17
16
20
48
16
28
45
41
62
65
66
50
45
16
10
4
-30
-22
-18
-7
6
-3
-11
-27
-11
-12
-17
6
-12
-22
-17
-38
-57
-59
-41
-8
-4
-3
-6
-31
-18
-25
-41
-3
-18
-57
-28
-41
-53
-41
-54
-23
-15
-3
0
-3
19
5
22
14
0
15
7
18
16
26
35
19
26
13
13
9
-7
15
22
15
9
-1
19
12
0
6
-9
6
-1
-12
3
-13
3
11
-10
-7
-16
-14
-16
-22
-8
20
38
29
28
42
43
10
6
14
7
26
9
-7
-13
-13
0
-4
3
-3
-21
-54
-44
-22
-37
-41
-26
-17
-40
-26
3
-17
-12
2
-23
2
36
50
51
28
15
28
13
33
38
46
50
13
65
41
44
29
16
15
-15
14
-6
31
0
26
21
18
31
5
31
3
3
-9
5
-32
-48
-49
-51
-46
-44
-20
-62
-60
-72
-33
-41
-83
-50
-60
-82
-61
-44
-38
-32
-79
-45
-12
-11
-18
-25
0
-5
-17
0
22
23
20
7
25
20
44
54
58
51
51
61
26
49
59
64
43
41
34
42
31
3
14
13
46
34
2
-6
8
15
3
13
14
16
17
-18
-14
10
5
8
10
21
4
-3
27
26
25
28
-6
-18
-40
-31
-9
-29
-11
-20
-31
-14
-18
-41
-60
-66
-50
-34
-29
-25
-52
-36
-21
-30
0
15
13
-5
6
21
9
-4
7
15
7
7
3
-3
-8
-13
9
19
-12
-2
3
-10
-6
-3
-7
-6
9
-1
-13
-11
35
35
13
17
18
16
14
22
8
11
-5
4
3
10
16
3
13
0
3
-19
-4
-16
-23
-24
-50
-10
-15
-35
-21
-5
-2
5
-2
-17
15
17
9
28
20
28
25
0
17
18
19
19
20
35
2
12
9
-13
6
-10
1
6
22
9
6
-23
-37
-12
-36
-19
-21
-13
5
10
-3
-24
-34
10
7
-22
7
19
-1
-16
-8
-12
2
-27
-19
-15
-4
21
7
27
39
44
7
36
49
31
44
28
-1
-8
6
-16
10
17
24
12
-4
6
-24
-13
-28
-22
5
-20
-31
-7
6
-9
1
-13
-12
-11
-9
-13
6
24
-8
3
-9
-8
-28
-29
-9
4
18
-11
-7
-22
-65
-51
-22
-41
-37
-30
-32
-42
-37
-19
-10
-16
-15
0
-9
-26
-19
-19
-15
-4
2
6
-12
-3
-2
5
31
68
83
92
92
60
63
39
52
66
43
55
34
22
37
16
68
57
33
28
-2
40
32
9
-9
3
-3
-14
-25
-21
8
-16
-21
-5
-3
-30
-54
-54
-51
-58
-29
-38
-48
-47
-27
-41
-56
-38
-15
3
-34
16
-6
-19
-9
-4
10
-5
18
0
25
17
-10
7
5
-17
4
11
16
22
13
11
-14
-12
-28
-6
13
7
23
54
48
28
22
-2
-6
3
-8
-18
0
-23
6
2
-9
16
-9
4
8
-5
-3
-6
2
-10
-17
-4
-12
-6
-9
-21
-32
-33
-41
-42
-28
-24
-22
-14
-17
-60
-47
-12
-12
-4
17
27
15
11
32
27
19
24
37
62
58
57
57
55
36
37
52
54
84
55
33
43
5
16
22
9
-7
-29
-27
-3
-30
-44
-9
-16
2
-19
-14
-22
-30
-1
3
-10
-38
-41
-27
-1
-25
-36
-32
-43
-28
-17
-39
-26
-38
-57
-16
-43
-27
-2
-18
-19
3
15
-6
-4
-3
18
23
25
35
19
-4
7
28
23
29
60
61
16
25
25
34
33
22
21
20
38
11
0
-6
1
9
18
30
5
-6
1
-9
-20
-7
5
-31
-48
-15
-24
-37
-33
-18
-13
-32
-10
-25
-61
-51
-54
-28
-29
-55
-1
-13
-29
-14
-6
16
-3
22
19
-4
7
-6
-2
13
56
41
29
38
-3
25
28
23
10
19
35
45
54
20
13
22
46
20
23
36
13
5
15
19
9
47
19
-7
1
-10
-3
-1
-3
6
-8
-29
-23
-31
-35
-54
-22
-17
-44
-19
-38
-47
-25
-12
-33
-30
-6
-13
-23
-47
-35
-11
-16
-3
-21
7
14
-16
1
-6
0
3
-7
-19
-15
-7
10
-7
-8
9
35
22
16
37
-18
11
20
37
38
35
35
20
59
58
66
41
34
36
27
13
-9
14
15
-5
0
-3
-16
-9
-5
0
-6
-22
-32
-18
-36
-57
-41
-32
-31
-3
-16
-21
-25
-41
-4
-19
-35
-31
-24
-15
-27
-18
14
9
12
16
20
29
19
5
2
11
16
15
-3
28
23
9
42
61
31
22
24
3
2
10
9
-19
12
34
24
6
13
0
-11
0
-9
0
-28
-23
-13
-13
-11
-25
-43
-53
-17
-4
-18
-22
-16
-6
-7
4
-16
-38
-38
-50
-25
-36
-23
9
4
11
33
29
1
18
0
-9
14
3
16
32
27
23
20
36
37
25
40
28
14
9
4
-10
-19
-10
3
29
29
25
25
4
10
22
1
-12
-30
-19
-25
-44
-34
1
-13
-35
4
-10
-3
-9
-13
-22
-41
-38
-22
3
-17
3
-1
6
-16
-19
25
9
-7
6
6
-33
-20
-12
11
18
14
39
8
0
18
10
22
44
21
25
32
5
6
37
42
41
51
14
17
34
32
13
-2
13
-6
1
32
48
19
0
-13
-4
10
-25
-29
-22
-34
-43
-46
-47
-28
-44
-30
-52
-79
-48
-45
-48
-58
-42
-54
-73
-113
-95
-57
-61
-22
-13
-30
-1
7
11
28
18
41
54
44
34
24
40
53
67
112
89
84
75
48
38
32
54
49
59
42
59
57
60
58
25
44
60
45
12
-7
5
6
-29
-19
-12
-23
-25
-22
-32
-31
-36
-51
-66
-55
-45
-64
-62
-56
-51
-46
-39
-69
-50
-32
-32
-22
-22
-20
-31
-38
-66
-57
-35
-15
-12
-22
-6
0
-16
-5
15
10
-4
7
28
47
38
22
50
23
44
80
73
79
60
63
65
47
42
57
39
47
73
68
31
21
25
28
16
-3
9
-13
-2
-38
-28
-38
-70
-32
-59
-35
-29
-22
-59
-55
-39
-66
-54
-82
-67
-38
-57
-48
-12
-18
-29
-21
11
-8
-8
-1
-29
-19
-1
4
8
35
33
31
28
49
54
54
37
9
50
51
47
63
53
50
31
16
43
47
40
20
10
9
-9
-9
-2
3
-28
-13
-21
-18
-34
-64
-15
-30
-25
-21
-15
-31
-54
-20
-10
-28
-58
-32
-49
-61
-14
-25
-10
4
-11
-28
-10
11
-13
19
15
-15
6
22
13
4
31
22
10
22
13
3
20
24
25
30
23
43
44
31
25
18
28
51
56
42
20
40
41
10
15
-1
22
4
-2
15
20
12
-24
-12
-21
-39
-45
-51
-58
-54
-48
-38
-52
-40
-41
-65
-67
-61
-41
-45
-27
-21
-6
-12
-41
-28
-10
-5
-23
-22
13
12
12
1
7
18
-9
13
7
23
1
22
62
61
70
57
33
4
18
12
10
19
69
63
28
47
45
16
12
30
24
41
25
17
36
-6
-19
4
1
-5
-28
-10
-10
-20
-37
-52
-24
-15
-21
-34
-16
-49
-34
-16
-31
-26
-13
1
-16
7
-5
-9
-21
-20
0
-21
-47
-32
-9
-25
-27
-9
21
25
38
14
-12
12
12
3
3
15
60
37
11
39
22
32
37
47
23
-12
-2
-4
8
-19
-4
0
-28
-19
-15
-12
3
13
-3
-5
-9
-17
-17
-27
-19
-6
-21
-9
-7
-13
-15
-17
1
-19
2
3
-6
0
-19
3
-17
-25
-9
-2
0
22
37
5
13
20
-22
-7
15
22
32
15
7
3
22
37
30
7
36
52
23
32
26
45
48
38
22
20
16
0
19
-8
4
5
-13
-1
-24
-22
-17
-14
-24
-48
-53
-35
-38
-28
-16
-72
-74
-77
-54
-30
-45
-4
3
-14
-14
4
-4
-19
-18
-6
3
-9
-6
8
1
-16
23
26
45
28
7
34
-1
28
47
40
37
30
46
52
66
57
58
29
43
47
16
36
12
17
4
0
10
-12
-23
-34
-6
1
-22
-21
-33
-42
-54
-60
-38
-28
-14
-50
-51
-22
-25
-11
-32
-27
-12
-42
-54
-22
-29
-32
-24
-40
-44
-9
18
-19
6
-7
-24
-8
-6
9
0
7
9
13
22
50
51
68
75
63
67
40
60
68
49
48
38
25
45
65
51
30
45
25
3
9
-15
-11
-38
-13
-2
-12
-19
-41
-26
-25
-10
-16
-35
-26
-29
-22
-35
-48
-22
-47
-47
-40
-46
-38
-46
-39
-32
-5
-22
-38
-12
-29
-44
-23
-12
-30
-5
13
-13
19
9
-5
28
29
37
39
45
20
19
25
16
50
53
45
56
48
35
52
61
44
38
32
23
23
13
-26
-9
0
-13
18
10
10
-26
-51
-38
-27
-22
-19
6
-18
-10
-13
-13
-38
-35
10
-16
-25
-40
-23
-32
-62
-63
-52
-34
-34
-10
5
-9
7
21
-23
-14
-6
-7
-15
1
47
31
13
10
19
28
28
6
43
54
27
30
30
44
32
39
22
14
28
21
40
60
53
9
-8
-1
-25
-18
-1
-11
-26
-25
-28
-21
-16
-27
-14
-46
-49
-11
-17
-41
-45
-31
-9
-18
-35
-26
-20
-7
-6
7
-5
-9
-1
-8
-2
-2
-19
-35
-22
1
29
32
13
-15
-10
19
19
12
33
54
46
27
22
41
33
39
47
48
23
18
47
27
19
35
16
3
3
2
-26
-25
-11
-24
-12
-16
-13
-35
-25
-25
-54
-28
-23
-26
-28
-35
-30
-16
-25
-36
-27
-15
-32
-25
-22
-13
0
-28
-11
-4
-12
9
-6
-7
31
9
18
19
-1
3
-16
-1
26
37
41
54
42
57
61
42
38
11
6
-1
19
33
19
7
38
41
36
50
12
20
-3
-16
-10
-15
-19
-15
7
-27
-22
0
-28
-9
-9
-12
-13
-52
-34
-56
-53
-48
-58
-42
-50
-42
-52
-51
-47
-23
-22
-16
-22
-33
-14
-9
9
13
12
-7
-1
22
39
34
29
48
41
14
30
24
23
29
34
44
25
49
27
26
37
35
40
47
41
7
9
25
14
-27
-9
-12
8
41
25
14
6
-16
-9
-16
-29
-4
-12
-26
-24
26
13
-36
-36
-19
-21
-38
-33
-43
-54
-44
-41
-51
-26
-18
-8
-15
-1
23
-9
-10
3
-3
-15
-24
-16
16
16
19
33
36
60
31
20
38
28
25
12
29
38
12
29
33
4
18
41
13
18
-3
-13
1
-47
-62
-72
-60
-58
-23
-15
-15
-3
-51
-35
-27
-3
-23
-36
-22
-19
-31
-28
12
-4
12
23
39
10
-7
5
-4
-11
14
30
-10
-6
-10
28
30
25
53
64
56
77
88
24
22
6
31
52
43
38
34
36
18
12
0
28
23
19
10
1
-5
-42
-33
-22
-25
-3
-6
-54
-63
-39
-32
-35
-29
-32
-50
-55
-44
-37
-35
-36
-23
-47
-66
-34
-27
-28
-26
-35
-18
-23
-53
-40
-31
-6
2
-4
-13
4
16
-5
-13
15
54
39
52
58
52
40
54
47
55
76
50
83
64
53
47
23
42
45
38
49
52
28
21
25
20
-3
-8
-5
-25
-10
-8
-41
-38
-25
-35
-42
-51
-39
-51
-56
-44
-52
-44
-34
-28
-51
-66
-54
-19
-27
0
8
-24
-14
-3
13
-41
-36
-18
-28
4
-15
17
41
26
21
5
52
37
18
63
66
64
51
15
38
31
5
31
21
35
39
44
45
25
15
10
-12
-13
9
-12
-17
-25
-20
-27
-17
-16
-57
-52
-48
-40
-44
-51
-28
-57
-52
-48
-33
18
-9
-1
1
-29
-39
-26
0
-1
6
4
9
4
9
13
-4
1
10
19
23
38
49
27
22
26
50
64
50
50
41
28
36
42
31
44
32
16
27
2
19
-7
-9
22
-4
-9
-40
-47
-47
-29
-20
-16
-30
-45
-38
-47
-42
-41
-42
-37
-4
0
-21
-27
-17
-12
-43
-32
-8
-33
-38
-20
-11
-10
7
4
8
-6
-14
5
-24
12
3
-4
19
29
58
39
60
48
57
61
24
45
31
50
48
42
32
21
51
43
50
34
29
26
27
-4
-16
-17
-38
-31
-32
-32
-24
-13
-47
-39
-42
-43
-46
-54
-38
-47
-67
-43
-27
-64
-56
-52
-26
-33
-13
3
-16
0
-19
-22
7
16
-10
11
30
13
3
29
28
50
64
46
70
33
32
32
25
25
36
51
44
62
61
73
75
57
38
26
20
-3
-5
-22
-52
-21
-7
-9
-11
4
-10
-43
-38
-63
-54
-53
-29
-31
-64
-37
-44
-43
-40
-41
-35
-14
-21
-45
-46
-71
-57
-46
-48
-30
-42
-23
-13
-21
0
-20
-16
14
10
1
42
41
27
59
26
51
94
99
97
70
88
85
59
72
60
57
53
25
48
26
20
21
23
17
16
10
-17
31
3
-2
-14
-23
-16
-31
-32
-38
-25
-18
-30
-54
-50
-62
-32
-43
-69
-63
-49
-26
-39
-28
-27
-40
-42
-28
-29
-19
-21
-21
-43
-48
-9
0
12
13
1
0
14
26
41
38
21
20
20
29
35
9
35
50
41
36
20
25
11
12
22
35
-1
17
22
-9
13
18
45
36
-4
-26
-24
-23
-16
-14
-22
-57
-45
1
-24
-55
-36
13
-11
-24
-28
-22
-12
8
13
-3
4
-30
5
1
-25
-9
19
17
10
32
27
30
29
29
-8
-10
1
7
15
3
6
34
49
38
64
48
16
4
-23
-6
-6
-3
39
32
29
16
-3
-3
-23
-43
-23
-21
-22
-14
-49
-41
-40
-36
3
-13
-12
2
-26
-13
16
-30
-47
-38
-51
-34
-46
-44
-20
10
27
-2
-21
-20
6
-31
-51
-13
4
-6
-4
25
20
10
32
42
37
34
57
91
47
18
33
38
29
6
35
82
72
43
67
63
38
29
17
22
4
-12
-16
-10
-10
-40
-35
-19
-6
-31
-75
-21
-8
-19
-20
-25
-26
-26
3
-25
-35
-34
-10
-33
-65
-70
-104
-91
-75
-58
-54
-64
-66
-39
-41
-47
-25
2
19
35
29
-7
3
41
64
28
29
72
88
79
52
68
104
113
92
67
75
74
38
21
35
52
51
76
78
69
64
44
45
59
19
-28
-19
-40
-44
-70
-97
-113
-107
-85
-62
-41
-65
-55
-57
-79
-104
-87
-59
-47
-56
-43
-34
-28
-6
-38
-28
-34
-30
-36
-48
-26
-28
-56
-13
15
3
48
74
104
100
75
38
47
64
28
11
31
49
57
76
75
84
66
64
75
58
0
13
27
-31
-16
-11
-32
-29
1
17
-14
-42
-8
18
-5
-18
-5
-11
-40
-39
-37
-13
-20
-29
-7
-22
-63
-62
-32
-46
-63
-63
-62
-66
-63
-37
-44
-42
-7
23
29
2
48
66
48
4
-10
31
1
19
46
40
62
75
63
58
46
72
56
51
60
23
57
29
30
50
42
0
18
48
9
-7
-25
19
-3
-23
-27
-57
-54
-55
-37
-29
-41
-26
-22
-72
-73
-53
-38
-28
-36
-73
-95
-67
-47
-39
-55
-23
-18
-42
-55
-35
-26
-44
2
10
-25
-36
13
10
-6
6
15
25
33
76
74
52
52
60
53
76
64
35
49
44
32
32
52
73
66
39
26
23
8
3
29
28
21
42
27
16
1
2
9
-12
-26
-22
4
-9
-22
-29
-53
-32
-34
-41
-36
-55
-64
-64
-34
-34
-44
-35
-57
-38
-37
-51
-10
2
-16
-27
-7
3
-21
3
18
13
11
11
5
3
19
20
47
32
47
29
25
54
38
62
33
12
-3
8
2
-13
-12
-1
24
19
0
4
17
-11
-3
0
-16
-37
-22
-8
-19
7
22
0
-31
-30
-8
-14
-13
3
-27
-20
-16
-41
-26
-13
-36
-19
-7
-21
-41
-42
-43
-56
-34
-46
-12
15
35
22
6
40
41
62
22
19
68
33
14
31
32
17
19
50
41
21
35
32
-2
3
25
-12
-9
0
12
22
-4
10
26
4
13
5
5
14
1
-4
-31
-32
-47
-35
-12
9
2
6
21
-2
-5
-25
-44
-49
-48
-63
-51
-44
-23
-2
-10
-10
21
18
19
28
4
5
-7
-2
-5
16
-13
-17
5
9
38
32
46
28
13
-2
14
29
-3
-6
-1
3
-23
-16
21
19
9
-9
-15
-29
-49
-45
-30
-27
-27
7
28
15
4
6
-6
-3
-12
-28
-33
-35
-50
-56
-26
-35
-42
-29
12
31
14
22
44
20
-4
47
29
-16
24
46
44
50
57
58
43
55
89
85
29
22
27
0
-10
7
7
-9
25
35
30
26
31
28
-6
-40
-40
-49
-76
-70
-30
-11
-40
29
50
-14
15
22
3
-59
-92
-40
-60
-45
-6
-63
-103
-67
-30
-28
-17
-7
-10
-32
-26
-15
-32
-49
-10
15
-26
-16
19
15
-21
-10
12
-33
-54
-3
22
15
12
55
66
46
79
94
92
79
64
68
54
35
35
3
3
6
55
53
42
54
19
80
69
31
12
4
0
-22
-3
6
-25
-79
-31
8
-71
-96
-16
-20
-70
-34
-47
-90
-83
-38
-25
-31
-42
-1
7
-24
-28
-34
-25
-64
-25
-23
-35
-16
-1
9
-13
-4
0
13
-13
16
6
-9
22
32
15
21
26
17
46
56
72
2
22
48
56
32
-27
14
7
3
9
57
29
2
41
17
6
9
31
31
3
7
12
-7
0
26
2
-10
-41
-50
7
13
-2
-46
-76
-72
-59
-53
-62
-49
-29
-29
-23
10
26
52
54
44
18
-4
-32
-45
13
35
56
56
79
91
47
75
95
54
-27
-2
73
25
3
18
19
-10
-33
16
-5
-57
-72
-73
-85
-83
-67
-88
-128
-104
-52
-82
-94
-68
-47
-67
-103
-94
-78
-111
-106
-76
-79
-76
-50
-28
-53
-47
-30
-8
-27
-36
41
79
30
16
25
10
38
52
76
66
117
209
229
231
224
213
175
165
198
213
171
199
278
301
272
222
230
217
156
130
147
164
132
67
53
-8
-50
-75
-64
-58
-178
-178
-139
-149
-231
-261
-278
-328
-354
-319
-212
-261
-311
-253
-184
-258
-297
-218
-173
-186
-142
-61
-67
-101
-54
28
-28
-96
-28
58
0
15
116
116
28
5
64
1
-93
-21
101
22
-70
4
60
-25
-86
-17
42
22
44
101
87
55
106
163
104
43
83
139
77
4
26
53
-1
-34
-28
-99
-175
-146
-101
-97
-177
-303
-336
-357
-326
-306
-357
-425
-347
-115
-10
-66
-95
43
235
338
449
590
614
643
797
945
977
986
1018
1118
1197
1261
1333
1184
1030
1013
1004
822
609
531
464
273
45
-66
-228
-426
-601
-652
-765
-977
-1062
-1100
-1157
-1257
-1277
-1329
-1458
-1492
-1362
-1206
-1191
-1197
-1093
-1006
-971
-860
-719
-655
-622
-469
-273
-146
-151
-176
-98
13
41
41
93
124
196
287
309
246
172
173
231
298
319
366
401
387
450
559
536
438
522
644
630
568
639
788
768
702
698
673
560
546
581
500
319
221
193
49
-77
-161
-218
-388
-576
-615
-656
-778
-854
-873
-920
-896
-731
-456
-288
-293
-180
110
436
595
425
244
462
1202
1847
1738
1302
1377
1994
2486
2355
1706
1083
1014
1510
1903
1649
897
348
237
354
308
-267
-1065
-1493
-1198
-714
-952
-1807
-2297
-2010
-1596
-1772
-2333
-2630
-2230
-1536
-1351
-1653
-1899
-1825
-1658
-1477
-1141
-762
-521
-436
-319
-66
45
-61
-108
-26
35
40
177
480
675
638
455
312
230
118
13
-56
28
147
157
84
-22
-161
-173
54
146
-42
-258
-156
205
478
546
529
566
719
846
872
913
1072
1324
1415
1369
1341
1361
1361
1380
1409
1319
1115
1053
1112
1047
893
662
439
181
-98
-303
-445
-594
-720
-768
-929
-1273
-1616
-1704
-1665
-1817
-2083
-2096
-1789
-1371
-1022
-815
-757
-598
-10
613
651
309
283
1018
2077
2590
2374
2013
2250
3025
3508
3046
2008
1384
1637
2230
2356
1781
898
275
131
250
-57
-1064
-2165
-2424
-1785
-1468
-2103
-3036
-3292
-2801
-2500
-3026
-3783
-3693
-2744
-1976
-2022
-2337
-2285
-1972
-1742
-1500
-1069
-684
-511
-287
209
584
525
326
310
475
547
524
606
843
1125
1223
1106
753
402
304
322
315
264
379
582
530
353
369
557
629
468
271
145
342
886
1329
1378
1203
1204
1419
1457
1296
1270
1406
1617
1801
1842
1549
1250
1313
1486
1299
756
584
753
718
486
317
162
-247
-666
-761
-784
-1103
-1486
-1489
-1413
-1658
-1972
-2117
-2236
-2389
-2415
-2387
-2582
-2709
-2444
-1926
-1433
-1037
-683
-547
-331
391
1088
1071
700
793
1686
2720
3178
2901
2392
2591
3595
4401
3718
2184
1587
2222
2944
2817
2135
1189
228
51
573
489
-939
-2557
-2750
-1766
-1245
-2010
-3281
-3765
-3166
-2525
-2905
-3891
-3982
-2884
-2003
-2154
-2690
-2771
-2402
-1949
-1412
-967
-773
-727
-383
265
562
463
208
95
206
368
531
515
524
777
1018
982
652
544
741
745
488
296
373
525
558
547
605
828
1030
907
617
423
746
1432
1773
1719
1605
1709
1787
1687
1669
1585
1339
1172
1404
1692
1436
1038
861
731
534
316
279
228
18
16
142
-78
-650
-957
-791
-726
-915
-1110
-1133
-1096
-1184
-1268
-1325
-1476
-1510
-1445
-1544
-1777
-1891
-1786
-1737
-1719
-1561
-1208
-866
-566
-273
-99
147
710
1152
942
421
625
1734
2515
2347
1748
1644
2389
3392
3558
2517
1166
928
1842
2497
1983
946
282
43
288
483
-187
-1713
-2705
-2173
-1216
-1328
-2393
-3092
-2744
-2097
-2112
-2761
-3439
-3264
-2393
-1835
-1919
-2199
-2038
-1755
-1511
-1062
-611
-446
-529
-330
198
598
734
688
520
465
639
962
972
708
817
1275
1611
1396
1016
882
863
838
705
543
373
335
535
774
926
954
837
619
430
563
927
1081
917
826
1102
1322
1099
665
491
528
567
614
497
263
196
450
547
199
-158
-166
-64
-241
-354
-196
-158
-448
-603
-453
-417
-658
-794
-753
-707
-593
-514
-614
-904
-969
-778
-832
-1305
-1735
-1709
-1452
-1285
-1207
-1124
-896
-332
268
430
330
574
1178
1350
898
521
971
2031
2736
2691
2162
2145
2931
3735
3549
2155
1031
1179
2001
2396
1919
996
-68
-572
-152
217
-610
-2271
-2950
-2093
-1237
-1646
-2910
-3608
-3069
-2300
-2417
-3558
-4262
-3467
-2269
-1943
-2582
-3057
-2831
-2366
-1710
-1162
-1049
-1050
-828
-273
175
293
356
360
376
555
752
810
783
1043
1519
1744
1665
1387
1308
1461
1484
1236
764
655
924
1044
979
1036
1444
1612
1225
734
451
629
1055
1230
1271
1330
1467
1478
1161
902
779
677
467
373
410
293
272
390
395
181
22
59
28
-139
-92
18
-217
-654
-752
-517
-467
-580
-628
-575
-575
-506
-342
-312
-559
-759
-793
-888
-1116
-1388
-1489
-1556
-1396
-1178
-1223
-1348
-1153
-656
-428
-505
-462
-82
432
885
927
487
141
729
1896
2269
1615
1113
1795
3034
3568
2859
1515
726
1001
1945
2415
1690
430
-315
2
781
651
-999
-2902
-3076
-1603
-732
-1713
-3273
-3534
-2467
-1785
-2421
-3600
-3959
-3070
-1877
-1475
-2058
-2713
-2528
-1601
-651
-482
-864
-881
-230
638
974
791
577
572
833
1009
911
727
655
922
1329
1466
1277
1033
1180
1529
1491
1005
488
396
547
771
1138
1452
1514
1181
780
706
771
836
821
869
986
944
983
1229
1398
1152
592
153
86
211
327
301
220
283
409
429
249
22
-134
-45
144
-8
-337
-388
-69
222
11
-398
-493
-312
-179
-385
-651
-752
-748
-687
-860
-1262
-1699
-1904
-1727
-1657
-1819
-2048
-2158
-1969
-1646
-1295
-1354
-1521
-1167
-443
203
418
411
366
396
766
1504
2108
2117
1841
1989
2765
3582
3656
2855
1826
1504
1986
2592
2493
1591
725
475
778
832
80
-1367
-2429
-2224
-1328
-1077
-2010
-3032
-3015
-2300
-2099
-2638
-3346
-3329
-2535
-1823
-1764
-2217
-2394
-2074
-1476
-1007
-836
-761
-682
-442
-50
281
427
407
401
414
498
786
1002
918
823
1099
1562
1643
1357
1219
1351
1422
1256
987
763
681
733
916
1120
1179
1040
743
470
471
664
723
553
330
533
939
1072
862
480
248
221
384
481
279
58
288
646
695
508
487
537
352
243
363
493
250
-32
3
205
272
44
-293
-521
-557
-523
-598
-853
-1076
-1041
-987
-1210
-1591
-1784
-1798
-1856
-1943
-2076
-2209
-2266
-2048
-1731
-1496
-1288
-1067
-818
-469
185
778
854
369
75
653
1856
2694
2483
1832
1867
2994
4137
3935
2450
1118
1154
2219
3052
2669
1402
322
180
868
1077
-126
-2059
-3001
-2301
-1133
-969
-2010
-3091
-2996
-1995
-1581
-2423
-3570
-3581
-2678
-1868
-1792
-2279
-2567
-2323
-1540
-862
-894
-1422
-1575
-964
-46
459
500
412
395
816
1440
1766
1356
749
856
1532
2129
2179
2006
2016
2131
2218
1952
1333
967
1062
1204
1194
1243
1302
1030
487
229
460
619
250
-244
-204
115
174
34
58
255
225
24
-57
-53
-225
-252
-17
200
338
339
467
619
540
368
283
134
-153
-172
49
57
-148
-218
-186
-217
-288
-371
-432
-445
-319
-322
-731
-1075
-1086
-1057
-1373
-1848
-1941
-1875
-1911
-2168
-2435
-2463
-2208
-1634
-1198
-1085
-1057
-763
-108
541
528
-116
-587
-38
1472
2764
2863
2026
1831
2833
4216
4729
3563
1745
1204
2375
3753
3616
2199
915
730
1388
1568
681
-1328
-3014
-2846
-1378
-696
-1873
-3298
-3338
-2144
-1409
-2299
-3908
-4531
-3658
-2488
-2221
-2717
-3105
-2571
-1439
-611
-313
-601
-952
-608
154
747
698
653
1111
1517
1898
1993
1966
1589
1150
1533
1750
1506
1266
1482
1896
1874
1827
1628
1139
671
405
340
310
241
443
423
-164
-518
-184
428
-311
-1009
-766
-543
-437
-258
94
-91
171
520
645
626
297
507
1027
852
638
1024
1350
1234
1394
1681
883
43
-314
219
133
-814
-772
148
446
9
-108
-532
-1236
-1891
-2134
-2597
-3167
-3360
-3411
-4012
-4658
-4855
-4987
-5411
-5340
-3863
-2350
-718
1840
4414
4804
3948
4952
7116
6341
3460
1010
578
2610
4951
5937
3621
2022
3890
6480
4847
-1424
-5412
-5424
-3469
-1655
-918
-11
1623
4024
4442
1186
-2592
-4629
-4419
-3905
-3265
-1303
360
1767
2088
119
-3588
-6958
-7002
-5961
-6163
-5121
-2294
1722
3578
2695
1714
320
-141
-603
-577
528
844
1454
2273
3713
4708
2498
-399
-1271
-638
-868
-2493
-1844
540
1399
990
1181
2013
682
-1515
-1381
-195
-445
-1130
816
3650
3692
1443
116
489
21
-1186
-1515
-912
355
1119
1546
992
-259
-427
-465
-467
-463
-217
604
1179
1829
2046
980
129
250
724
399
-608
-90
1225
1326
444
-345
-151
252
-131
-342
-408
-322
-29
139
646
247
-706
-1166
-1136
-1165
-2315
-3257
-2961
-2304
-2694
-3976
-4825
-5309
-5186
-4095
-2939
-2179
-926
2959
6963
7555
6316
5159
6262
6026
2756
-999
-3544
-629
3870
6249
5065
2854
4844
6514
4923
-1661
-8460
-9211
-5329
-8
1010
1284
4250
6532
5459
-45
-4102
-6589
-7874
-5241
-2000
-104
-205
2241
5787
1753
-6554
-10921
-9292
-6255
-5513
-2823
1292
3403
4924
4292
1486
-2650
-4151
-1463
-967
-1843
-301
2422
3822
3038
3080
2444
-1626
-3287
-991
1015
-341
-1901
1519
4538
2737
541
807
1660
55
-1834
-617
-116
-787
353
3207
4553
1679
-827
-202
353
-514
-1285
-621
1007
1562
1023
-50
-1178
-928
-305
-256
370
1361
2544
3164
2230
1295
-496
-1489
-134
1073
1532
839
969
2048
871
-966
-1631
-1742
-1190
-1462
-1075
-76
-281
354
833
688
-325
-1687
-1257
-860
-1502
-1947
-1769
-944
-1163
-3036
-4529
-5981
-7157
-7476
-6683
-4683
-3333
-1696
1810
6372
8583
7140
5250
5413
6996
6205
3478
540
-823
2451
6881
9263
6181
1605
2812
5593
4823
-2570
-8736
-7296
-2813
298
-413
-112
2103
3448
3255
103
-4109
-6911
-5615
-1113
134
-2467
-3548
266
4013
386
-7169
-10912
-9271
-5782
-4218
-3492
-1752
366
3316
3366
-341
-3400
-3219
102
632
-1150
-624
1515
3901
4046
3064
2028
-38
-174
1438
1677
-219
-1647
240
2271
660
-1342
2
1976
1819
-447
-1453
-998
-1236
622
2963
4032
3291
1925
2893
2572
474
-915
-851
855
1482
607
-135
-260
899
2194
2155
1683
1444
1946
2647
1890
582
-545
-305
1402
1705
250
-1517
-1654
-806
-1624
-3055
-3093
-1790
-503
-182
-10
401
-270
-1017
-776
-1135
-2584
-3635
-1838
196
-783
-1863
-1191
-120
-1796
-4407
-4336
-4286
-5625
-7874
-6512
-3760
-3253
-1725
139
4818
7108
8096
9307
8497
9096
5891
4467
2142
-1311
492
3896
8670
7158
4190
4424
5286
5028
-1823
-7534
-8461
-6832
-2725
729
2492
2770
3104
3342
1111
-3123
-6796
-6581
-2626
-1209
-2921
-2215
793
3579
1055
-6330
-11209
-11397
-8849
-7435
-5431
-2305
-25
2880
4067
1872
-1447
-2708
-807
321
-1306
-1263
2486
6134
5942
3789
3229
1956
-230
-563
-865
-1639
-2345
-1053
1887
2191
533
115
1745
1645
-592
-1749
-792
489
1740
4266
5389
5570
4166
1951
1292
-53
-1050
-1333
-548
1054
1076
792
375
105
925
665
515
1324
1936
3201
3538
2333
946
112
86
-243
-1048
-1644
-1560
-801
-1218
-2695
-3178
-2227
-1768
-2027
-1990
-1959
-1180
-1084
-853
-199
-179
-250
-401
-36
-1159
-2465
-2535
-1826
-1363
-2406
-3156
-3648
-3579
-4612
-5632
-5462
-5488
-4196
-2332
1352
5120
8371
10870
10838
10266
8537
7858
6210
2105
-2219
-2930
3377
8260
8089
4191
2459
4312
4162
-362
-8132
-10913
-9004
-4627
-1029
1096
2819
3352
4059
460
-4064
-5962
-6456
-4238
-2777
-2581
-1302
1165
3566
2023
-3778
-10700
-13232
-9378
-5750
-4837
-2282
1247
4744
6149
2040
-1110
-1132
-125
-82
-1585
293
3135
4975
6157
5229
4507
1656
-1790
-1136
-1196
-2916
-3699
-1352
2344
2023
844
1603
2128
1339
-713
-1264
291
-278
510
4172
6204
5599
2723
1473
1213
-985
-3112
-3321
-1483
512
-206
-142
1171
910
1574
1712
1583
1769
1551
2998
3501
1778
364
-306
507
191
-2016
-2277
-2157
-2219
-2311
-3495
-3066
-2007
-2482
-2400
-2369
-1827
-419
-141
1115
1484
571
610
109
818
-69
-2151
-910
72
369
-932
-2045
-1149
-2158
-4310
-5977
-5455
-4290
-2982
-1155
2059
6113
8844
10897
10664
9475
6449
4593
5063
2615
-2144
-4088
702
5974
6268
1372
-1084
1221
1179
-1121
-5787
-9726
-10581
-6646
-595
854
817
1351
2241
1708
-1494
-3254
-3260
-4201
-4483
-3161
-1598
502
2749
2641
-2537
-9273
-11267
-8890
-5712
-3445
-1462
931
3705
6200
5635
1867
-889
-21
1640
90
-1017
2038
5618
5289
3197
3322
2077
-743
-2087
-1518
-1581
-3861
-3018
1194
3269
931
232
3179
3967
1633
-485
-205
-227
92
2073
4310
4631
2430
1158
991
-766
-2980
-3072
-2189
-1098
-371
364
968
1256
2267
2669
2233
1475
1581
3233
3337
967
-641
-455
-160
-747
-1732
-2232
-2626
-3374
-3246
-3314
-3635
-2933
-1858
-586
-572
-229
1499
2039
1693
1426
1370
1429
921
603
687
-196
-617
-233
196
388
-910
-1455
-2020
-3754
-5495
-6355
-5016
-3041
-913
765
4145
7572
9545
9200
6407
5087
3115
3232
1668
-1618
-4570
-3504
3849
7552
5272
-1816
-2734
-539
174
-2381
-8373
-8901
-7392
-2637
1184
2135
1838
6
336
-930
-2561
-2013
-2899
-3497
-3028
-1940
524
2720
2907
-186
-5677
-9629
-8775
-4459
-1763
-2344
-640
2511
5382
5542
1387
-836
-24
1331
344
-1025
1750
5269
5500
4020
2743
2659
692
-1879
-1214
-614
-1716
-1865
805
2847
1060
-630
1931
3756
2382
-394
-1036
61
-594
578
3506
5039
2937
807
576
-236
-2344
-3649
-2570
-1489
-855
-706
167
1357
1654
1964
2251
1668
1596
2601
3055
1462
-507
-843
-773
-753
-1713
-2902
-2803
-2683
-2887
-2674
-2690
-1615
-1228
-1434
-157
1383
2953
2164
1434
1829
1538
915
536
910
278
-1091
-1997
-707
-121
-1099
-804
-901
-866
-2879
-4320
-4169
-4595
-3125
-2528
-402
2564
5324
8063
8620
7091
3876
2966
3132
2507
-1316
-5370
-4515
1371
7309
5734
807
-1502
-1055
-441
-1040
-4197
-8530
-9178
-5143
873
4142
2542
-329
-967
-1245
-1973
-1529
-1756
-3358
-3334
-897
1854
3743
3793
-29
-4529
-7316
-7895
-4731
-2709
-2095
-286
1442
3212
2998
994
-1134
-1916
-15
128
-588
2178
5339
6215
4702
3159
3834
2873
-396
-1470
-551
-468
-1680
-595
2174
683
-2398
-1048
1832
2547
412
-575
1293
569
703
2980
4766
3532
382
973
652
-2077
-3218
-2727
-1845
-2065
-2442
-715
511
593
1254
1839
2132
1409
1984
3292
1243
-1128
-1390
-617
329
-888
-1780
-1491
-1546
-1978
-2705
-2657
-2317
-1647
-841
179
1329
2845
3142
1771
1716
1625
1344
1453
1142
1030
420
-417
-580
-452
-473
-417
-1564
-2171
-2588
-3399
-3287
-4650
-4086
-2815
-1964
26
1788
4827
6568
6327
5395
3903
3201
2818
943
-2237
-5123
-3115
3591
7321
4944
-802
-2326
-971
1090
334
-5619
-9400
-9884
-4148
2199
3524
1485
-1546
-952
20
327
-45
-3459
-5186
-2638
866
4218
5250
3816
-16
-5635
-8781
-7769
-4942
-3859
-3560
-1017
1726
3124
3458
974
-1306
-1273
-386
411
1200
4242
6823
6237
4818
4289
4458
1623
-2658
-2604
-745
-443
-330
719
959
-1297
-2298
1175
3424
1089
-1431
-568
1594
848
786
3928
5008
2409
-34
-605
-1067
-3348
-4437
-3011
-2253
-2015
-1039
1231
2257
1320
1299
2240
2666
2538
2784
2812
1401
-287
-474
-145
-875
-2268
-2498
-1650
-1559
-2145
-1816
-1529
-1799
-1924
-1309
847
1824
2034
1710
1438
1792
803
1156
1845
1654
589
-795
-1040
-413
-684
-1755
-1807
-2133
-1734
-3078
-4176
-4545
-5098
-3916
-3310
-1315
927
3419
5708
6610
5314
3432
3537
3968
3246
-853
-4956
-4414
2251
9083
8038
1649
-2396
-1887
836
946
-4064
-9275
-10709
-6085
2194
6277
3548
-1152
-2167
-785
-913
-1638
-2748
-2993
-326
2955
5420
5829
2956
-1367
-5826
-9533
-9799
-5871
-2115
-1404
-815
681
2117
2014
-338
-2686
-2520
-36
2192
4185
6025
6281
5085
4251
3741
2906
245
-2933
-2225
-147
-165
-1092
-426
274
-1629
-3064
-732
1929
2037
1010
1090
1911
307
-422
1970
3557
1563
-904
-633
-2
-1045
-2394
-2203
-2341
-2759
-2263
-439
1207
987
1917
3891
4658
3776
2915
2718
1261
-630
-1245
-282
588
-215
-1105
-1381
-2165
-3040
-2927
-1918
-1508
-1402
-422
1324
2969
2923
1979
1353
1518
1408
1437
1953
1177
410
-725
-1105
-996
-1469
-1365
-1172
-478
-1090
-1777
-2414
-3943
-5116
-6101
-4815
-3452
-1812
-900
447
4079
4894
4786
2649
2038
2376
2610
3166
967
7
10
3420
6009
3999
-1222
-4494
-2353
1242
1772
-3100
-8025
-8862
-4313
941
3152
2095
-766
-998
365
1594
2018
-128
-1402
-615
1857
3776
3022
1552
-1825
-6291
-9704
-9394
-6145
-2854
-1537
-343
1108
1727
2467
1287
-229
-956
541
3780
6066
7009
6467
5305
4365
2007
-1081
-3532
-4086
-1771
-581
-953
-1527
-1001
-188
-417
-848
-58
1178
2083
2141
1101
771
111
971
1942
1696
583
-1315
-2214
-1954
-1769
-2383
-2493
-1910
-21
1367
2484
3128
2719
2904
2612
2591
2897
2115
1413
782
325
85
-1472
-2112
-1819
-1761
-1979
-2535
-1465
-216
-612
-963
-487
857
1755
1397
1604
1696
1331
1367
1947
2279
1337
-161
-685
-1225
-2715
-3327
-1767
527
533
-706
-1244
-1048
-2653
-4281
-4532
-4958
-4523
-4644
-2056
-402
-1101
-440
1524
5341
4430
2673
3344
4881
5890
3122
421
-1566
197
3859
4366
816
-4166
-3229
1792
3977
-1391
-9048
-11196
-6711
785
4858
4580
1195
-885
422
3193
4595
1560
-1694
-1743
526
3083
3595
2496
-581
-6243
-11145
-10922
-6166
-1764
-644
-295
937
1886
3098
2156
-540
-2196
-928
4160
7734
8266
6956
4432
1658
-2364
-4741
-4805
-4557
-2759
-838
43
-628
-1714
-1233
-617
-1351
-1367
1200
3791
4392
1920
604
-360
-1136
827
1687
1602
-575
-1508
-484
-857
-1693
-2071
-1113
652
2190
3458
4579
4240
3412
2174
611
-227
-609
69
1685
1897
900
-753
-2083
-1795
-1869
-1591
-1049
-160
1012
778
-9
-67
141
354
563
861
1881
2215
2069
1963
1192
322
-789
-1926
-1934
-1841
-1305
-269
19
191
-772
-2181
-2730
-3441
-3003
-1837
-1603
-1586
-3717
-5025
-5946
-6442
-5252
-3872
-109
2746
5967
7187
7267
6098
3925
3080
388
-2238
-3288
1657
7752
8473
2156
-3581
-3556
-462
887
-3731
-7589
-8063
-1985
5780
7787
5645
1202
-60
801
730
1231
33
21
1147
1629
1767
-221
-2087
-4951
-9377
-11510
-9202
-3895
1567
2785
1537
-514
-1384
416
-181
-1559
-422
4000
8611
7837
4742
2538
-986
-3561
-5941
-5899
-4084
-2265
2061
3470
984
-2910
-3474
-887
-97
-910
1046
4667
5532
3931
1377
-79
-2464
-3038
-284
1815
1705
926
1411
1699
105
-874
281
979
2033
3134
4859
5240
3187
2003
415
-1035
-1573
-303
2489
2980
1187
-868
-2402
-2587
-2122
-1372
-501
-161
1068
2125
1140
-536
-1966
-1511
80
995
1576
1356
1184
974
-198
-1760
-2565
-2512
-1913
-1906
-2239
-948
-30
-45
-1001
-2325
-1756
-1234
-306
464
-416
-2311
-4995
-6036
-6205
-6680
-6910
-5193
-1582
2994
5946
5133
3374
2430
4203
5085
2948
215
-1162
3124
8581
9694
4472
-3790
-4816
-243
4768
3154
-3703
-7081
-5471
1645
6139
5435
1694
-1958
-1494
-251
616
1270
691
31
-987
-664
1467
1263
-923
-5647
-9884
-9497
-5568
353
2566
-18
-2638
-3520
-1341
-249
-1759
-1339
1268
5823
7443
5137
2402
-716
-2763
-3986
-4457
-2840
104
3426
4851
1354
-3373
-5107
-3221
-234
-88
550
3452
5438
4909
1148
-1899
-2616
-2154
652
2963
3647
2982
1916
2259
963
-1287
-1407
561
3220
4232
4256
3805
2341
879
-74
-899
-1545
-1315
857
3153
2583
-364
-3072
-3112
-1660
-472
-190
272
1402
1927
1175
-903
-1846
-1362
-228
933
1569
1982
907
-301
-636
-1329
-2416
-2960
-1769
-1096
-2149
-2858
-1692
-429
-570
-857
-12
1234
454
-255
-1187
-2848
-5095
-6365
-5317
-5278
-5895
-6141
-4133
-2011
229
3099
4020
3423
1439
3554
7062
6872
3412
-609
2541
7622
9338
5562
-779
-1266
1145
4370
2401
-3704
-6869
-5213
1369
4295
2494
-277
-2001
-1936
-2612
-1987
467
2103
2627
2105
1023
150
-926
-1601
-3920
-8030
-7677
-3102
1941
1984
-2728
-5240
-5632
-3407
-1440
-1169
119
2802
6496
6313
1667
-2215
-2487
-581
493
636
1645
2757
2500
767
-2525
-5269
-5287
-2469
1201
2346
2872
3711
3047
144
-3757
-3325
-266
2762
5049
5581
4814
1955
54
24
49
222
1131
3045
4102
3460
2416
856
-894
-2061
-1379
331
1326
1638
1437
1047
-1027
-3125
-3149
-1335
772
1986
2593
2521
1388
-151
-1498
-2955
-2055
698
3386
3517
1087
-802
-2164
-2994
-3389
-2685
-1670
-1142
-976
-1641
-2588
-3019
-1934
-345
427
961
1794
2096
531
-1600
-3003
-3601
-4390
-4506
-3532
-4436
-5840
-6892
-5363
-2650
-397
2320
2830
3346
3569
5269
6622
4703
1383
-121
4399
10111
11279
5323
-1412
-1896
2552
5429
1226
-4865
-6906
-3015
2159
2452
-611
-4078
-4850
-3561
-2091
-264
1304
3075
3098
1182
-1136
-1527
626
2003
-600
-5463
-6299
-2590
2065
1529
-3479
-7231
-6827
-2392
-559
-1519
-1696
867
4439
4025
1281
-270
431
1932
2198
1522
948
1019
2107
1630
-1679
-4306
-3525
-219
1707
1407
1010
1009
-133
-1984
-2191
-394
1836
3108
4204
4346
3027
1291
-67
275
1051
1897
3102
3183
2770
1856
618
-656
-1413
-379
1156
1587
576
-915
-1598
-1025
-550
-411
-601
-17
2216
3361
2323
33
-1033
-372
-362
-787
218
1713
1871
-227
-2365
-3051
-3560
-2912
-1142
268
-83
-1154
-1314
-1247
-2084
-2093
-480
1058
1398
647
607
-547
-2742
-3977
-3447
-2496
-3045
-3285
-4122
-5383
-6656
-6961
-4338
-1004
2317
3518
3223
3137
2861
4390
4350
2663
665
1412
7621
11263
8678
445
-4067
40
5458
6685
641
-4912
-5416
-1902
1660
-357
-3736
-4345
-2021
173
-1179
-1773
58
1750
2176
-368
-1866
-694
2201
4351
119
-5171
-5920
-2069
2653
1158
-3194
-6362
-5823
-1718
-938
-1588
-1015
1875
4824
2344
-966
-1385
721
3199
3031
2202
1617
980
1299
506
-1212
-2360
-2115
25
1182
1125
1331
670
-1572
-3734
-3293
637
3583
4282
3991
2775
1759
231
270
1156
1607
2861
3241
2280
703
-278
174
-43
-60
664
860
39
-1774
-1959
-1016
-31
445
456
440
517
1077
829
-53
-477
168
955
102
-816
-549
-117
-471
-1912
-2309
-2005
-1566
-649
50
359
154
8
-408
-983
-1636
-905
782
1313
654
-1100
-1701
-1797
-2620
-3272
-3331
-2548
-3023
-4374
-5134
-4958
-4553
-3240
-399
2046
3004
1588
960
1664
3195
4103
2321
546
1443
6454
9216
5987
-185
-2146
2980
7374
6147
-497
-4578
-3063
19
1551
-1185
-3164
-2756
-1482
-778
-2167
-2707
-2219
-315
1455
925
-629
-877
2059
3680
486
-4164
-5094
-1151
2797
2594
-1452
-6040
-6127
-2175
268
-484
-1733
-320
1367
-5
-965
451
2370
3004
1939
1641
1384
860
1504
1440
256
-1084
-852
832
1132
583
469
-498
-2212
-3341
-2438
-118
1289
2902
4022
3132
794
-795
701
2339
2718
2649
2607
2030
621
395
534
254
-44
655
1349
-464
-2559
-2192
-72
948
359
-124
-291
-450
-296
108
-64
48
1180
1838
236
-1901
-1661
-932
-1029
-1133
-208
739
-206
-547
253
423
-483
-1059
-461
-758
-1477
-752
591
209
-1676
-2265
-1495
-1573
-2649
-2876
-2337
-2874
-3966
-4265
-3920
-3032
-1470
567
1881
966
406
1291
2593
3377
1533
-127
-380
3468
8130
6861
1920
-2334
1032
6816
7905
3118
-3536
-2980
1455
4441
907
-4901
-3938
-822
490
-2555
-4722
-2344
-1153
-436
-1715
-2832
-1540
172
2889
1612
-1926
-3158
-2538
478
1885
1644
-536
-4271
-3542
-1270
336
475
-642
-838
-2658
-2260
1286
3543
3250
986
1274
1980
355
-109
908
2129
1694
1005
926
-54
-800
-40
1157
-368
-2286
-1693
274
487
-988
488
2045
1531
203
100
1997
2193
2488
2855
1888
461
76
1618
1281
37
839
2460
1688
-1464
-2526
-1502
-615
-167
316
777
-376
-1397
-1234
-1118
-906
-152
1314
903
-645
-758
-563
-1323
-2307
-1066
1600
2578
1914
1055
335
-641
-1834
-1782
-718
377
940
514
-337
-1710
-2517
-2310
-1501
-1025
-1529
-1551
-1529
-1963
-3479
-4924
-4022
-1864
547
1150
216
-1135
-1441
1054
3691
3905
991
-998
680
5058
6862
3257
-797
-1255
4095
8126
6324
214
-4992
-2128
2826
4138
-313
-4671
-2723
-815
-1056
-3867
-4709
-2562
-1431
339
-700
-2862
-4028
-2447
2266
2316
-486
-2717
-2022
1685
2169
995
-1268
-2832
-1166
-672
-9
554
295
-241
-2505
-1524
1797
3262
3093
1380
1285
1356
405
548
370
881
1795
2367
1625
-1021
-1476
863
2078
48
-1970
-1106
730
954
402
620
327
-605
-1020
-243
924
1753
2533
2052
336
-584
247
1039
673
1057
2640
2785
141
-1870
-1291
300
364
-538
-397
-349
-221
-621
-1252
-1240
-276
846
64
-1640
-1688
-4
118
-1178
-1741
-327
1329
1213
1267
1591
1635
793
-901
-1350
-838
323
1567
1180
-339
-2199
-2927
-2513
-2250
-2173
-1938
-1433
-1096
-1338
-2332
-3098
-2914
-1449
612
994
-447
-1658
-569
2586
3350
788
-1597
767
6563
7118
1600
-3644
-970
6392
8394
3486
-4109
-4805
1122
5866
4351
-3254
-5329
-1898
879
-7
-4126
-2882
-1434
-915
-926
-3331
-2871
-3220
-921
955
-1631
-2367
-2636
376
2803
1799
955
-2131
-2411
-595
-13
1233
989
1094
-981
-3760
-703
2958
3854
1254
-576
1740
2138
1582
901
-34
270
1011
2666
1550
-1694
-1414
1338
2170
-133
-2062
-931
-14
63
1767
2553
976
-1928
-2283
-176
147
687
1678
2382
1682
344
627
-402
-1274
517
3967
4580
414
-1673
-222
1262
612
-605
357
711
445
489
-434
-1612
-1799
-169
732
-1030
-1831
-543
-367
-1549
-2571
-1132
783
373
555
899
1157
777
-178
286
312
787
1598
908
-886
-2550
-2514
-1827
-2375
-3238
-2799
-1875
-1273
-2147
-2429
-677
568
130
-1846
-1010
1808
3216
1599
-1996
-2182
1001
6546
7312
1543
-3462
-2568
4885
7416
3069
-2530
-3834
578
2908
2039
-2267
-4533
-1898
978
1228
-2971
-4651
-2882
93
1451
-1298
-3374
-4121
-1192
1343
-375
-2416
-3428
-1082
844
897
895
-232
-438
-347
-98
1134
1878
2080
453
-2046
-1260
1099
2469
1800
342
1202
823
105
127
468
1689
1061
1889
1830
-36
-882
-532
1531
722
-420
-422
-717
-595
-108
2019
1619
-563
-1080
228
1121
-235
181
1020
711
82
626
2285
1521
774
1304
1829
1180
133
958
1730
1210
126
-278
-222
182
1140
1246
38
-1865
-2314
-1207
-291
186
-91
-858
-1738
-2105
-1443
-876
-652
-315
-199
-582
-1055
-629
220
60
26
788
1066
52
-1473
-1366
-1232
-1534
-1284
-1014
-1172
-2756
-2568
-1173
-730
-844
-1268
280
1182
1410
1412
-269
-1059
-358
3452
5987
3260
-609
-1511
2900
5935
3997
-513
-3015
360
3613
3205
-1728
-5822
-3974
-658
1461
-625
-3103
-2900
-1904
48
-982
-2698
-2856
-1257
1401
67
-1967
-2653
-1810
-90
-126
-280
-1709
-2733
-1591
-363
221
51
1021
1902
319
-920
198
2301
2772
1443
1332
1717
1421
1180
687
-123
-915
435
3074
2954
266
-1340
-10
1626
1368
180
-412
-68
1035
2241
1127
-1101
-1720
-72
1650
907
512
459
-62
-559
-544
840
418
59
1269
2245
2202
607
660
1081
1035
1174
597
171
-366
626
1348
-282
-1796
-1513
613
890
-789
-1571
-1550
-946
-818
-511
-506
-1362
-1003
-6
51
-1262
-2104
-1078
-272
-268
28
390
113
-1097
-1268
-98
591
597
185
-4
-611
-1650
-1647
-678
500
687
-329
-1378
-2056
-1463
-347
-19
-215
-509
538
1440
701
-261
-7
2111
3249
2663
1913
870
372
62
706
1341
52
-1218
-2098
-1592
-935
-1178
-1386
-2222
-1747
-1062
-979
-1220
-1636
-476
89
-189
-719
-1094
-272
-13
-147
-292
-526
-587
-1621
-2310
-1331
294
1091
-113
-1067
-46
1235
1515
760
1052
2352
2525
2075
1181
965
870
652
1115
736
539
540
1069
895
-502
-385
321
926
574
376
784
79
-256
-198
1
-174
22
1468
1424
-264
-2043
-1549
634
1742
1722
588
87
500
1264
1524
690
674
1689
2425
1158
-877
-1201
60
1388
1314
215
-805
-833
93
422
-593
-1740
-1692
-659
-219
-433
-490
-740
-1214
-1522
-917
-212
-429
-621
-797
-749
-824
-1118
-866
-972
-563
-208
-509
-800
-1335
-746
-237
-99
-44
-139
618
665
66
-968
-1547
-875
-438
138
462
498
376
6
527
1088
1495
1776
1692
1648
982
540
657
769
793
431
57
-600
-1206
-839
-177
-420
-1862
-2796
-1897
-644
-244
-642
-1120
-1087
-777
-257
-216
-914
-1334
-1027
-408
-301
-716
-957
-1229
-1214
-882
-570
-251
-239
-39
373
845
1412
1560
1418
1221
1060
1364
1776
2130
1960
1152
762
579
581
334
111
558
852
782
73
-534
-478
-292
158
382
443
652
534
291
-441
-624
398
1123
1099
299
333
1272
1338
811
312
821
1654
1603
1101
269
23
362
736
784
294
88
-192
-668
-847
-489
68
-39
-655
-1498
-2271
-1931
-676
209
-114
-998
-1151
-1128
-1290
-1082
-497
197
291
-243
-946
-1679
-1445
-698
-401
-904
-1620
-856
36
185
-315
-576
224
925
1407
946
157
20
478
1128
597
22
397
1048
1384
714
307
493
720
1135
927
541
247
182
571
323
-280
-860
-1231
-1005
-1089
-1241
-1512
-1518
-1106
-1419
-1868
-2190
-1588
-737
-724
-900
-1246
-891
-436
-504
-486
-920
-832
-311
218
665
58
-232
-231
-144
-201
-402
409
1228
1393
819
201
349
932
1454
1416
1089
1379
2103
2157
1235
212
93
632
1002
1056
841
389
-143
-518
-316
148
456
354
-45
-53
279
549
284
-74
456
1122
1104
550
289
1077
1726
1649
1083
677
984
881
402
-137
-215
414
537
-71
-788
-721
-158
-509
-1378
-1632
-841
63
-215
-910
-1325
-1110
-778
-958
-988
-921
-443
-209
-721
-1166
-1267
-583
-132
-331
-369
-394
-393
-729
-949
-614
-265
196
575
756
480
12
315
994
1509
1460
1207
1256
1201
1242
1038
704
487
450
572
220
-65
-112
-152
-420
-688
-502
-587
-1099
-1546
-1755
-1627
-1480
-1286
-1229
-1687
-2056
-2140
-1789
-1248
-1018
-1058
-1404
-1388
-827
-483
-619
-717
-63
630
566
291
290
540
569
578
885
1104
1075
749
329
105
183
690
967
793
697
781
916
753
868
1194
1183
899
626
1000
1453
1253
576
74
240
637
665
395
117
-23
95
182
39
-233
-412
-210
-35
-8
-48
5
209
332
562
645
523
577
1016
1511
1411
869
527
468
525
252
-227
-480
-456
28
82
-452
-937
-954
-710
-872
-1097
-1055
-699
-536
-1111
-1726
-1658
-854
-146
-442
-1041
-1240
-708
-147
-192
146
685
908
519
-198
-236
340
1268
1597
776
289
511
1054
1213
878
1089
1450
1599
1256
765
655
526
552
480
184
-345
-972
-954
-846
-1058
-1611
-2153
-1929
-1669
-1625
-2006
-2503
-2299
-1976
-1619
-1662
-1842
-1374
-1021
-1177
-1832
-1966
-901
117
429
44
-486
-370
139
753
1150
1060
1044
1113
1065
885
686
877
1117
1290
1191
746
388
258
515
788
854
616
77
-149
171
812
1209
681
-69
-6
409
623
432
76
107
655
1337
1188
281
-315
-53
520
540
239
315
525
229
-494
-952
-683
68
747
760
350
73
183
506
545
588
885
1176
1100
695
470
464
357
232
125
-66
-195
-454
-635
-730
-866
-956
-1090
-1110
-1321
-1508
-1501
-1517
-1414
-1166
-892
-638
-446
-469
-143
390
578
746
975
1372
1780
1816
1699
1568
1532
1619
1565
1587
1555
1288
1069
664
164
2
175
297
-5
-478
-916
-1190
-1171
-982
-1035
-1491
-2117
-2551
-2257
-1925
-2090
-2320
-2328
-2024
-2014
-2317
-2348
-2181
-1732
-1326
-1116
-931
-974
-760
-673
-500
-33
317
784
664
630
735
973
1328
895
1062
1485
1636
1393
904
614
332
1172
1376
747
452
-3
39
308
417
329
501
731
75
-91
84
114
707
426
483
927
901
872
54
5
568
1111
1430
814
787
862
630
517
21
448
1152
1018
504
-487
-454
96
0
89
-61
-38
-81
-437
-463
-226
229
164
-91
-288
-465
-430
-241
-171
-224
-82
-303
-615
-717
-679
-426
-426
-736
-713
-425
-334
-574
-938
-661
-240
-26
113
-60
111
516
827
954
906
1276
1693
1840
1556
1215
1676
2044
1829
1397
743
560
573
345
59
-591
-888
-869
-1179
-1523
-1813
-1915
-1902
-2120
-2142
-1984
-2104
-2008
-1840
-1708
-1713
-2047
-1909
-1397
-1074
-948
-1148
-1171
-891
-791
-580
-424
-203
217
297
250
97
153
663
1030
974
534
398
680
905
970
846
813
682
461
550
858
911
556
294
348
547
590
318
96
-14
-39
329
475
288
145
305
585
303
15
184
701
991
696
493
577
588
515
514
731
973
970
863
586
406
632
705
446
134
104
367
216
-286
-609
-410
65
44
-404
-615
-395
-182
-387
-639
-524
-167
45
-240
-664
-895
-639
-162
79
91
-177
-206
-9
243
389
259
413
584
728
826
543
357
144
340
805
817
568
177
275
498
492
459
238
301
448
516
360
-307
-720
-720
-434
-321
-800
-1385
-1679
-1636
-1602
-1666
-1762
-1698
-1491
-1395
-1411
-1569
-1543
-1220
-858
-575
-661
-778
-765
-669
-428
-398
-261
18
135
83
-103
-130
-37
178
388
240
143
93
204
407
360
223
185
387
440
537
626
594
629
542
585
717
806
882
655
511
575
662
856
663
370
238
316
542
430
364
369
497
599
240
106
295
640
876
602
253
153
434
749
667
406
181
128
236
205
125
-63
-288
-280
-286
-350
-450
-472
-336
-296
-277
-103
18
25
28
121
182
148
120
317
554
450
337
217
209
301
256
350
435
408
275
26
-36
-4
26
43
-58
-218
-349
-254
-370
-526
-486
-402
-311
-583
-709
-686
-650
-528
-593
-592
-471
-449
-456
-494
-408
-326
-400
-433
-404
-293
-395
-542
-649
-686
-652
-710
-622
-632
-706
-660
-651
-620
-653
-567
-285
-301
-308
-259
-239
-160
-138
34
171
44
-114
21
310
502
388
213
230
434
786
932
789
600
735
952
955
854
763
918
1043
820
598
515
679
832
587
322
275
423
493
297
8
-82
72
153
-51
-314
-391
-225
-106
-215
-333
-347
-224
-232
-336
-302
-136
-19
-28
-89
-102
-62
-19
98
198
191
40
-62
-40
148
379
346
118
-47
90
396
501
285
6
74
301
288
73
-237
-231
-38
18
-120
-363
-376
-257
-97
-168
-313
-278
-259
-288
-379
-224
-11
-67
-178
-185
-6
109
108
132
195
392
443
173
-41
129
532
572
109
-371
-360
108
297
-32
-471
-519
-300
-247
-297
-450
-445
-297
-351
-530
-781
-715
-387
-342
-598
-921
-894
-636
-473
-536
-612
-535
-425
-273
-266
-159
23
149
297
243
270
435
539
597
518
613
778
752
717
614
657
714
597
431
313
462
544
338
61
-56
69
33
-93
-104
-163
-95
-63
-103
-157
-228
-151
-15
28
-113
-168
-50
43
57
28
31
71
148
227
201
117
111
302
436
365
189
67
201
335
343
151
-92
-161
-56
79
-10
-281
-417
-339
-139
-120
-426
-597
-506
-236
-84
-263
-462
-480
-395
-269
-215
-183
-108
-105
-108
-122
-96
55
296
437
403
278
284
498
647
578
440
329
338
516
639
613
369
200
173
227
341
338
320
196
-59
-311
-329
-222
-123
-128
-378
-686
-869
-737
-545
-487
-543
-660
-713
-624
-443
-361
-333
-262
-234
-183
-164
-209
-159
-114
-41
-47
-73
-92
-106
19
47
69
63
80
177
296
427
321
165
123
330
581
639
522
299
275
333
390
307
123
63
145
186
133
58
-45
-77
-9
112
106
129
155
203
185
7
-25
26
104
117
20
-70
-121
-138
-133
-211
-346
-329
-223
-243
-398
-493
-456
-351
-338
-471
-507
-391
-245
-293
-406
-360
-319
-285
-356
-427
-316
-138
-140
-317
-446
-377
-101
91
60
14
125
162
178
187
275
444
478
446
426
560
597
585
648
686
644
588
683
833
926
791
572
461
566
713
653
457
321
349
452
338
73
71
143
93
-152
-327
-276
-75
-15
-338
-558
-487
-268
-260
-425
-578
-682
-583
-412
-440
-571
-555
-478
-399
-439
-435
-268
-117
-117
-260
-317
-182
-38
-15
-53
-124
-114
-84
-67
-71
-37
-7
-53
-45
-46
40
73
9
-21
45
167
252
287
199
165
164
160
143
96
87
72
71
23
-10
-52
-157
-238
-219
-63
-5
-86
-165
-270
-247
-170
-196
-156
-88
-29
-39
-174
-224
-198
-98
-62
-204
-349
-455
-450
-414
-348
-305
-350
-423
-470
-326
-167
-74
-92
-166
-77
159
248
92
-2
86
249
306
359
374
399
468
478
482
503
600
736
783
683
636
657
711
753
788
792
658
531
544
676
701
607
547
580
589
480
319
272
295
204
56
-34
-22
-9
-72
-218
-313
-352
-333
-360
-481
-512
-525
-522
-527
-553
-553
-557
-564
-606
-652
-635
-586
-541
-574
-521
-482
-452
-447
-488
-348
-255
-174
-173
-168
-107
-51
-6
-49
-47
29
131
165
115
5
26
144
156
13
-34
85
219
252
78
-5
36
154
188
5
-88
-38
17
-75
-205
-175
-82
-12
-126
-249
-237
-198
-183
-205
-185
-220
-194
-193
-237
-209
-167
-165
-171
-125
-101
-4
41
41
-22
-85
-70
-44
-51
-187
-205
-160
-117
-130
-216
-179
-105
-14
81
159
290
364
406
427
450
553
668
747
690
629
606
670
730
655
598
629
630
549
493
458
515
503
502
548
509
457
410
455
490
445
335
264
260
284
214
64
-50
-89
-111
-208
-325
-407
-375
-405
-510
-611
-606
-569
-605
-657
-718
-695
-678
-676
-735
-683
-538
-437
-476
-611
-622
-494
-269
-277
-369
-375
-272
-137
-171
-250
-210
-27
132
143
61
110
243
310
236
107
96
159
171
86
-17
-47
-58
-78
-74
-98
-35
86
109
12
-64
57
207
191
29
-95
-118
-63
4
5
-14
-58
-67
-72
-117
-110
-45
12
-19
-82
-112
-139
-193
-214
-133
-34
-98
-199
-215
-107
50
13
-69
-107
61
244
193
53
-34
88
181
161
126
140
190
149
122
143
159
242
316
389
422
443
537
554
600
626
574
543
535
572
568
497
424
342
321
319
344
390
308
206
127
91
103
93
10
-41
-48
-88
-129
-156
-136
-162
-199
-252
-294
-304
-353
-394
-402
-404
-475
-549
-577
-562
-560
-598
-593
-569
-585
-582
-531
-400
-269
-228
-221
-191
-86
-16
9
-4
21
123
155
129
25
-21
32
52
51
77
145
190
139
47
85
253
314
202
63
3
6
-8
-50
-57
-54
-70
-39
-38
-29
-3
12
-33
-81
-44
-54
-131
-167
-118
-77
-21
-82
-140
-77
24
84
30
-17
-36
-4
56
61
-50
-114
-86
-32
-76
-218
-253
-204
-184
-180
-206
-197
-98
-59
-60
-33
75
136
163
168
186
298
314
275
303
361
348
345
328
334
415
493
524
504
548
549
543
526
491
461
417
342
228
197
178
158
133
108
58
-22
-88
-117
-85
-86
-136
-253
-347
-344
-360
-342
-342
-335
-293
-280
-254
-296
-336
-309
-208
-149
-165
-200
-275
-268
-236
-250
-245
-236
-262
-259
-214
-132
-143
-140
-111
-50
72
64
51
58
113
169
191
115
63
157
184
98
1
-23
-25
9
-28
-96
-117
-96
-75
-74
-68
-49
-11
-25
-38
-34
-5
0
38
65
31
57
71
139
206
118
-41
-156
-104
-1
-8
-79
-139
-155
-125
-123
-133
-115
-107
-111
-145
-116
-66
-28
-7
18
14
-34
-28
-36
-27
-23
-31
-65
-60
22
34
-5
-16
85
188
151
123
218
313
342
279
237
264
323
401
352
229
197
224
237
259
200
166
169
132
129
67
6
-21
20
45
-55
-117
-89
-23
-33
-66
-114
-111
-41
-34
-54
-139
-171
-98
-5
-10
-94
-121
-43
6
-38
-62
-66
-16
21
41
7
-35
-1
68
113
61
-48
-123
-57
-9
-44
-115
-151
-141
-170
-176
-199
-209
-155
-117
-114
-100
-111
-53
-38
-49
-14
-47
-37
-41
-9
10
-20
-3
-17
-10
28
29
-12
0
30
12
24
16
0
17
-22
-6
28
3
19
-9
-34
-39
-43
-20
7
11
23
-7
-59
-68
-83
-44
-68
-86
-117
-169
-97
-16
45
22
-30
-13
50
136
194
202
162
142
148
101
78
63
80
90
44
0
-23
2
10
51
74
73
22
-16
12
84
113
67
21
9
16
-26
-10
14
33
7
-23
-13
48
116
83
63
15
-3
10
31
25
-37
-106
-78
-19
-11
50
55
44
40
47
57
72
82
59
13
-75
-113
-127
-120
-100
-119
-145
-104
-87
-73
-37
0
46
47
31
-4
9
42
43
0
-51
-51
-21
1
19
-22
-63
-81
-44
33
72
100
79
100
78
77
70
86
162
183
215
163
172
175
120
79
23
-13
-35
-76
-158
-154
-113
-71
-99
-152
-155
-143
-85
-25
22
44
22
-7
-18
-24
-32
-53
-73
-97
-110
-116
-136
-146
-174
-159
-117
-111
-98
-107
-118
-113
-91
-48
5
36
42
63
76
46
-6
5
13
-15
-55
-83
-162
-219
-203
-212
-174
-164
-166
-133
-92
-64
-6
50
31
39
95
101
83
115
109
104
143
150
160
179
158
162
146
169
216
208
208
178
177
131
85
98
134
148
91
127
148
158
171
156
174
128
104
54
-27
-38
-72
-116
-150
-180
-197
-176
-149
-118
-41
17
79
91
87
114
94
81
95
95
69
89
72
46
17
-6
23
-3
-9
-12
-18
-50
-37
1
9
33
38
57
46
42
29
70
72
17
-3
-72
-90
-80
-114
-156
-208
-249
-228
-214
-190
-166
-154
-133
-124
-66
-18
-7
-36
-80
-108
-109
-85
-35
-49
-110
-133
-189
-210
-181
-153
-155
-187
-193
-214
-216
-178
-173
-152
-145
-98
-75
-57
-9
4
38
47
31
43
89
105
98
53
57
41
10
1
7
15
13
84
92
142
170
208
233
211
237
239
224
208
215
188
216
216
204
180
166
169
120
113
92
101
79
16
-16
-2
12
8
-3
10
41
32
82
76
44
44
62
82
36
35
22
0
-14
-24
-13
-32
-53
-39
-7
-29
-20
42
89
74
51
54
58
89
91
97
51
25
44
20
-15
-24
-22
-29
-31
-86
-99
-71
-61
-72
-78
-84
-74
-30
-50
-75
-73
-62
-67
-95
-114
-146
-163
-164
-184
-203
-208
-217
-216
-219
-218
-177
-190
-174
-137
-130
-85
-92
-93
-86
-102
-111
-114
-82
-65
-72
-61
-70
-76
-54
-38
-13
-13
5
4
13
10
1
41
65
54
67
113
98
94
56
67
62
77
110
67
78
54
85
53
47
60
33
64
66
77
61
89
118
119
135
149
129
98
100
86
68
60
69
56
55
65
73
89
93
80
60
85
92
88
78
78
83
105
133
117
127
81
88
125
120
110
75
88
72
48
23
0
27
41
36
29
64
78
18
4
0
-16
-26
-8
-14
-76
-65
-78
-85
-75
-88
-119
-125
-94
-106
-121
-117
-150
-169
-139
-120
-130
-135
-121
-136
-136
-103
-92
-73
-72
-101
-107
-103
-99
-112
-133
-136
-140
-120
-117
-127
-104
-95
-127
-105
-61
-74
-83
-60
-65
-56
-37
-67
-25
-16
-27
-15
1
37
36
44
25
2
22
31
17
25
56
58
51
59
48
44
29
29
40
46
66
59
100
89
47
53
53
53
50
63
38
30
48
38
61
95
66
43
50
54
69
56
76
103
89
60
50
58
77
83
95
120
109
117
124
104
112
114
123
126
117
126
73
60
66
44
9
37
50
45
66
41
71
35
25
35
30
39
31
-4
-43
-38
-54
-66
-103
-88
-96
-94
-86
-73
-60
-88
-70
-59
-41
-68
-85
-98
-83
-72
-138
-145
-151
-158
-145
-123
-121
-123
-105
-108
-103
-95
-71
-69
-51
-62
-78
-45
-76
-57
-54
-72
-32
2
19
-6
4
-1
-16
17
37
9
-15
-3
-32
-32
-29
-35
-23
-45
-56
-34
-10
30
44
34
34
16
19
25
32
32
21
5
2
7
-9
13
15
7
46
46
44
58
54
54
48
77
64
40
41
48
43
7
0
11
35
67
71
57
57
65
98
68
43
44
39
51
18
25
20
9
0
24
57
41
63
49
59
60
51
69
60
59
26
37
29
32
55
35
21
-16
12
37
47
56
41
18
21
51
29
1
7
23
29
24
10
-2
-26
-47
-61
-43
-15
-30
-39
-37
-60
-93
-72
-98
-99
-87
-104
-80
-130
-117
-122
-113
-75
-103
-63
-62
-47
-34
-28
-33
-28
-6
-13
-3
-12
-1
-31
-38
-29
-37
-37
-42
-61
-51
-17
-26
-7
2
5
3
0
11
-12
-18
-10
-23
-36
-60
-48
-36
-45
-66
-31
13
-29
-18
-17
-8
31
30
8
-18
-6
5
-4
-3
3
-7
-10
3
31
42
66
73
75
88
59
84
109
117
148
120
105
78
48
49
57
68
67
89
59
49
32
32
43
35
56
16
7
23
25
25
24
2
13
26
-1
6
14
7
22
29
-7
-10
-13
-5
9
-18
-21
-35
-40
-53
-67
-16
-1
-25
-26
-4
26
22
27
45
37
34
15
29
52
3
12
7
3
8
-18
9
-24
-42
-29
-27
-54
-66
-41
-36
-32
-69
-105
-60
-40
-97
-109
-118
-103
-109
-102
-59
-78
-54
-76
-56
-19
-34
-38
-49
-45
-42
-27
-52
-46
-51
-35
-16
2
-2
3
26
11
42
42
31
27
43
25
35
102
75
31
45
57
76
54
36
58
42
27
45
51
32
35
39
42
19
13
9
-12
-18
-10
22
17
-3
8
31
-6
-7
3
-7
-2
-22
-23
-28
8
3
-18
1
15
18
20
9
-1
31
3
19
40
36
33
3
38
35
24
6
-19
-22
-35
-16
-5
-7
-15
5
13
10
33
27
11
-10
12
7
-15
-13
-5
-1
-55
-21
-13
-5
5
-11
12
-3
18
15
18
-8
-15
-3
-26
-9
-12
-9
-15
-16
-18
-19
-12
12
13
11
32
16
21
1
4
19
3
4
9
28
-6
-7
10
30
19
6
30
-13
-16
-10
28
23
-4
26
26
30
-25
-23
-22
-27
-28
-44
-13
-26
-40
-28
-48
-76
-37
-42
-10
1
1
5
-40
-5
1
2
-36
-40
-38
-44
-38
-60
-36
-54
-54
-50
-54
-50
-41
-24
-29
-54
-33
-7
-19
-33
-23
16
-14
15
42
47
34
11
31
36
36
5
4
8
9
-7
-15
-18
2
-2
-4
42
34
28
38
75
71
53
73
65
36
42
42
43
26
26
37
34
60
46
71
72
76
70
56
82
68
91
95
51
41
3
-5
-5
-8
13
-6
5
-9
4
3
5
-2
9
31
6
0
-24
-31
-29
0
-3
-30
-36
-42
-76
-61
-54
-46
-41
-28
-35
-63
-60
-74
-59
-89
-55
-58
-47
-13
-49
-51
-57
-11
17
38
38
32
35
0
0
11
-3
-19
-28
-39
-35
-37
-28
-16
-20
-6
-38
-20
-6
-15
17
8
19
10
12
-21
-36
-21
-67
-22
-38
-68
-65
-64
-32
-35
-3
3
9
27
9
5
14
22
6
-1
14
8
2
9
-9
-10
-16
-12
-4
-20
-29
-27
-11
-28
4
16
38
66
50
80
63
51
52
46
61
65
76
72
67
80
98
86
22
33
36
0
34
21
32
13
7
24
9
30
30
52
42
41
30
21
17
16
18
-2
4
-7
-23
-34
1
9
22
6
-3
-13
-30
22
-2
10
2
-3
23
-12
-25
-32
-21
-39
-19
-16
-14
-11
-68
-49
-50
-49
-41
-22
-19
-23
-15
-25
-41
-38
-25
-29
27
10
-12
-38
-34
-9
-28
-19
-20
-4
-19
-38
-18
-10
-31
-17
-9
-23
-47
-73
-57
-31
-44
-45
-23
-39
-51
-57
-47
-54
-37
-42
-66
-53
-49
-28
-49
-37
-31
-57
-18
-11
7
17
40
81
68
52
28
5
16
32
10
13
36
47
52
62
58
20
33
76
77
78
60
73
78
63
75
65
61
48
52
54
24
16
29
28
9
2
9
9
18
29
34
10
17
38
17
21
37
21
19
17
7
32
9
30
24
-5
24
-18
-3
10
-10
5
-13
-34
-47
-25
-1
-16
-15
-6
-2
9
19
6
9
11
-1
-2
-9
-20
-35
-33
-42
-45
-54
-45
-38
-31
-25
-38
-22
-13
-35
-37
-21
-33
-20
-15
-5
-14
-31
-44
-57
-47
-47
-35
-46
-39
-55
-59
-42
-35
-28
-60
-55
-61
-51
-31
-42
-29
-37
-16
4
-4
-7
-31
-31
23
31
15
25
10
27
15
22
40
34
15
32
41
-19
2
-3
-5
25
21
25
11
23
42
28
44
42
47
57
47
25
25
41
1
28
12
21
38
7
31
12
33
29
14
29
37
40
10
6
-1
-9
0
3
3
0
9
20
24
63
51
29
62
52
2
-13
-6
0
16
0
-2
-10
4
9
-3
12
-13
-2
21
36
22
-12
9
4
3
12
25
13
-15
-4
-9
8
13
16
11
-18
-44
-60
-28
-45
-41
-3
-15
-40
-28
-36
-44
-25
-21
-10
-45
-36
-15
-37
-38
-30
-17
-8
-40
-32
-8
3
-1
-11
-18
-28
-33
-54
-13
-25
-40
-12
-16
-43
-59
-39
-41
-52
-60
-13
-27
-51
-35
-22
16
-1
10
19
1
9
4
18
31
19
41
34
13
8
-3
-17
-18
-6
-21
-12
-15
-28
2
22
9
-9
9
20
25
15
16
49
24
8
9
7
25
35
53
52
59
82
60
63
88
74
87
80
66
60
56
36
35
69
33
13
26
44
16
6
18
26
4
2
12
-48
-24
-26
-41
-27
-38
-25
12
19
35
11
5
10
-5
18
9
17
-11
-3
-13
-35
-19
-53
-26
-32
-42
-16
-51
-40
-24
-47
-44
-50
-55
-56
-44
-39
-25
-20
-6
-22
-15
3
-30
-13
-15
-29
-36
31
50
22
16
-16
-1
-4
0
-13
-25
3
2
-3
9
-10
1
11
6
-5
-16
-13
-28
-32
-45
5
13
-10
-18
-44
-38
-54
-57
-40
-41
-35
-53
-50
-12
-27
-18
-16
13
16
3
10
-26
21
20
18
34
18
24
16
35
48
28
27
42
19
15
13
18
37
24
40
59
45
38
52
49
45
86
99
93
76
63
56
20
34
17
1
-17
-41
-41
-34
-7
-4
26
35
33
10
22
37
10
-22
-45
-34
-51
-31
-32
-31
-38
-39
-10
2
10
-35
-34
-12
-31
-27
-9
-13
-13
-5
6
6
-1
14
-15
-7
-4
17
23
6
39
9
15
16
9
1
6
29
35
8
-19
4
13
22
14
12
-19
32
29
0
7
-18
-16
-42
-15
-33
-26
-15
-30
-46
-31
-21
-52
-28
-32
-53
-37
-7
-23
-16
-33
-38
-36
-51
-47
-62
-52
-68
-57
-40
-34
-42
-20
6
-25
-6
7
-8
-16
-12
7
-8
-19
-8
10
30
49
34
10
27
51
59
45
43
24
30
28
21
31
16
-5
-9
-3
-3
11
-21
-26
-21
24
32
26
33
19
32
5
21
44
70
85
62
48
46
42
60
38
32
50
33
39
25
34
11
11
19
-10
1
5
15
-4
-5
5
2
-16
-16
-9
-22
-8
-14
-12
-6
17
4
7
4
-14
32
-10
0
3
-19
-12
-11
-10
14
44
8
18
-1
12
-10
-13
-12
-31
-6
-38
9
-6
-20
-32
-22
3
-17
-16
-26
-14
-27
-54
-65
-14
-21
-30
-41
-73
-81
-81
-58
-50
-60
-73
-60
-42
-11
-41
-39
-43
-57
-33
-38
-23
-57
-57
-25
-28
0
-6
1
11
2
0
-10
4
5
10
-14
9
21
38
31
29
55
26
62
55
63
68
87
82
57
47
51
76
43
65
52
40
33
31
38
34
46
51
49
50
42
4
11
12
31
40
48
23
1
23
9
0
-3
27
-8
-45
-32
-31
-9
-4
-14
7
1
7
22
-3
-29
-50
2
1
-21
-8
-6
2
-12
7
6
12
6
12
2
15
40
0
0
1
-3
-29
-41
-45
-29
-12
-17
-33
-38
-16
-6
-3
-34
-47
-79
-54
-38
-44
-38
-59
-49
-49
-38
-32
-54
-54
-45
-63
-49
-48
-55
-34
-29
-21
-18
-25
-3
-17
-40
-44
-12
-6
-30
2
9
25
22
48
49
51
95
85
69
91
98
66
72
60
73
49
46
45
16
25
19
50
17
33
17
-20
18
12
18
21
33
20
-16
-8
13
29
51
36
45
38
-21
-24
-48
-48
-55
-67
-76
-64
-31
-53
-24
-50
-37
3
-12
0
-2
-3
-9
5
-9
1
3
14
25
-17
8
17
-9
0
11
10
-17
-35
-17
-14
20
37
37
47
22
8
-2
9
7
18
-4
-13
9
-10
-6
-3
-4
-18
-26
-25
-30
-43
-28
-7
-9
2
-14
10
31
22
13
23
41
41
53
25
3
8
3
-9
3
-18
-44
-25
-47
-48
-38
-42
-47
-23
-38
-50
-11
-14
5
5
29
22
30
55
36
55
42
25
32
34
-6
-7
10
10
33
7
9
12
-19
-6
22
11
-7
-14
-23
-22
-37
-11
-5
8
3
-41
-12
-31
-44
-54
-39
-6
-21
-15
-21
1
-6
-16
16
9
-17
1
4
7
-1
-10
9
3
23
13
12
14
18
6
15
35
-8
3
19
11
17
20
1
1
3
2
20
50
63
19
26
54
39
18
13
10
15
-3
-10
5
-3
-13
-46
-22
-2
-3
-20
-23
-25
-55
-50
-57
-60
-78
-62
-41
-29
-33
-29
2
17
40
9
13
20
-3
10
39
40
45
31
36
28
-4
-4
6
4
-38
7
-1
-11
13
0
20
14
19
9
32
52
46
31
37
32
0
17
26
39
19
-11
17
-10
-15
18
-6
-2
17
32
3
10
6
-3
-28
-49
-10
-26
-16
-18
-2
-21
-39
-33
-33
-39
-45
-12
-54
-42
-35
-46
-54
-71
-51
-35
-44
-49
-48
-73
-29
-4
6
10
0
7
-10
-1
21
36
13
10
13
15
-16
-18
13
5
26
3
24
28
25
41
16
37
25
8
10
4
-5
8
24
81
80
37
49
41
41
28
25
16
32
-3
-15
12
-3
25
15
-12
-10
-3
5
36
19
32
35
30
35
-3
15
15
15
19
8
-5
-5
-8
2
5
-25
-17
-30
-35
-17
-9
-13
-23
-15
-51
-69
-53
-44
-29
-43
-31
-18
-36
-21
-19
-12
8
9
32
11
-9
-28
-53
-16
9
-5
0
18
3
37
45
18
5
28
46
22
14
16
12
-19
-5
-32
-20
-4
-22
-22
-16
12
4
15
-9
0
-3
-7
18
11
-15
-35
-9
-26
-37
-47
-61
-51
-20
3
-13
-19
-24
-20
3
22
41
16
-2
23
15
-5
-2
9
-1
-13
28
38
22
32
9
33
22
9
35
42
48
8
7
28
9
-7
-13
-27
-3
-19
-29
-10
-46
-32
0
0
-10
-7
8
1
20
30
16
36
53
38
32
52
54
50
47
19
19
40
13
4
17
-19
-9
-16
-2
10
-20
13
2
15
28
10
6
-10
-12
-27
-29
-29
-13
-3
-3
3
-20
-29
-10
-5
-21
-44
-32
-15
-24
-18
-28
-11
-8
-40
-21
-12
-15
-13
-13
2
-29
-26
15
3
17
7
-7
-6
-25
-24
-19
4
-10
-21
-15
-26
-4
-25
-5
1
-38
-21
-13
-4
-1
-34
-45
-21
-2
25
9
24
47
28
48
48
54
44
40
54
24
26
30
23
25
4
-9
-32
-7
3
-15
22
17
-8
1
19
-10
-38
-18
0
-12
-20
-3
-21
-45
-34
-29
-10
24
28
2
4
-13
-19
10
-13
3
41
45
48
44
40
26
34
44
26
33
18
-11
3
7
8
1
7
5
4
10
-13
4
18
8
3
8
35
37
13
3
9
22
10
4
-10
-29
-19
-2
-45
-77
-36
-35
-37
-47
-31
-6
-10
0
-9
-21
-30
-31
-15
-23
-23
-13
-45
-22
-49
-51
-10
-25
4
3
-6
-9
0
7
-10
3
6
10
15
18
12
-5
27
36
6
15
42
34
22
36
26
-13
13
34
6
6
-4
24
26
12
-2
-2
0
-18
-5
-2
-6
-13
14
13
4
6
15
17
-16
-35
-37
-8
-25
-39
-3
-20
-45
-20
-22
-19
-18
-16
-7
13
27
11
16
27
12
-11
-7
-26
-8
-3
1
33
25
-3
-32
-26
-10
-19
-4
5
-13
-5
0
28
35
44
22
30
49
33
50
54
69
33
52
20
14
54
-5
-6
-19
-21
-8
-17
-13
21
21
24
-7
-21
16
-2
-12
-16
7
-14
-9
3
-20
-6
19
44
30
12
16
6
-3
10
-4
-19
-19
-8
-7
-21
-22
-37
-52
-37
-36
-52
-35
-47
-50
-35
-35
-25
-13
-54
-41
-13
-25
-4
1
11
-6
-1
-2
-4
-6
1
0
-20
-9
-21
-10
8
31
18
19
9
-5
13
-1
3
0
-1
-13
-29
-42
-23
3
19
18
0
2
-15
-7
-2
23
20
12
28
17
-6
-11
39
26
45
26
-1
26
6
25
41
71
77
56
45
20
1
13
43
27
22
34
30
42
23
9
16
-9
15
20
4
-8
-1
7
-11
-14
-23
-32
-37
-19
-40
-47
-26
-25
-31
-34
-22
-6
-22
-28
-29
-23
-9
-75
-51
-45
-60
-45
-55
-18
-35
-10
15
-13
-19
-17
-10
9
42
31
29
32
21
27
13
18
32
33
38
35
27
28
16
33
48
23
35
48
38
3
9
33
20
32
6
7
4
-53
-48
-43
-21
-32
-73
-39
-3
-18
-30
-40
-41
-29
-19
3
-12
-9
-29
1
24
13
21
9
21
-10
-21
-19
-24
-34
-16
-35
-37
-6
-25
-30
-41
-24
-21
-29
-12
21
17
63
72
28
29
4
23
23
40
31
6
13
3
19
25
12
-12
2
9
-2
8
6
-8
-15
-9
-9
5
18
23
10
20
34
-19
22
31
-23
17
31
22
-12
-10
15
19
25
6
10
13
5
23
18
19
6
3
25
4
0
-7
1
-5
-11
-10
-2
-7
-22
-15
-23
-13
-31
-16
-17
-38
-26
-22
-4
-3
9
2
-4
16
3
-7
15
17
12
1
-6
-10
-13
7
-32
-42
15
3
-11
-12
-15
-1
-4
-7
-26
-25
-4
-28
-26
-33
-53
-29
-41
-31
-13
-39
-30
-49
-45
-5
-22
-17
-5
3
13
21
30
55
42
31
37
3
33
36
35
43
45
57
29
7
21
6
-2
18
-2
15
2
-10
0
-26
-24
29
38
39
59
23
29
32
32
35
34
45
9
10
4
12
25
-34
-53
-15
-3
-2
7
1
-42
-63
-52
-79
-61
-30
-25
-12
-28
-41
-40
-31
-40
-51
-22
-4
14
13
-22
7
7
-9
1
13
35
30
29
30
49
53
43
36
54
38
37
41
-4
-18
-21
-15
-30
-45
-41
-36
-7
2
-16
-32
-22
12
0
20
42
22
20
3
27
58
25
18
32
19
23
18
26
-6
-20
-10
-25
-12
-31
-40
-26
-9
-30
-37
-21
-44
-61
-40
-42
-64
-35
-53
-40
-18
-39
-9
13
-5
-2
9
25
36
35
34
12
31
29
36
34
30
30
30
50
24
8
1
21
27
26
-13
10
12
-2
6
-6
27
-3
-1
6
12
-3
6
7
2
-4
-5
19
-15
-13
-9
8
7
-3
-5
-21
-19
-19
-19
-18
-41
-26
-38
-43
-39
-29
-7
-72
-20
-4
7
-6
-25
-16
-50
-13
-28
-19
-5
8
20
10
29
23
9
13
8
20
30
38
51
51
32
54
31
2
40
22
60
54
34
57
54
27
3
22
3
11
3
1
4
11
7
-13
-6
-10
-6
14
8
1
-1
-44
-67
-32
-13
-29
9
6
-25
-27
-46
-41
-20
-23
-45
-63
-60
-61
-70
-51
-31
-61
-83
-38
-35
-17
-12
0
21
18
43
5
21
43
16
2
14
14
24
39
38
42
22
7
-20
-3
7
32
67
19
10
16
25
32
-12
25
28
9
25
22
22
7
14
20
26
6
22
11
-6
22
6
15
-2
-20
-2
11
-10
-13
-9
12
11
-20
-27
-36
-28
-33
-20
-14
-10
1
-13
0
-6
-19
1
0
-2
-10
-31
-34
-20
-32
-31
-6
-27
-23
-25
-31
-42
-55
-48
-37
0
9
9
0
13
7
-2
23
47
22
22
49
32
45
18
4
11
36
41
9
26
32
26
20
51
45
25
34
38
34
-6
18
32
22
4
9
6
-10
0
-10
-25
-48
14
3
-23
0
-18
-15
-20
-14
-22
-14
-6
-4
-3
-15
-29
-29
-2
-20
-16
-13
-23
22
10
-14
-15
-33
-27
-16
6
-5
-9
2
-20
-33
-40
-16
-15
-15
4
-4
9
7
5
11
-3
3
-9
-5
3
-28
-10
3
-9
-15
-28
-19
-26
-15
23
-8
-2
26
11
-4
-22
13
39
37
10
-8
-7
-15
-4
4
-16
-10
24
23
30
23
46
57
69
79
57
56
48
48
9
-5
27
20
26
35
38
24
-11
0
16
27
24
8
-2
-16
-16
-5
-22
-27
-31
-44
-34
-44
-35
-25
-24
-25
-32
-20
-12
-23
-1
-23
-31
12
-12
-11
-22
-24
-13
-26
-34
-22
9
-16
-25
-12
-13
-1
-14
-32
0
12
-7
-15
0
6
-14
-14
4
-17
-24
-3
-10
6
26
17
7
9
20
8
3
26
-2
6
36
26
38
52
62
55
57
38
47
55
18
13
19
16
9
12
24
9
-38
-12
-7
-13
-25
-15
10
-7
3
-6
-7
-35
-48
-62
-79
-22
-17
-29
-30
-69
-38
-29
-20
-19
-38
-38
-44
-34
-38
-22
-10
-3
-21
6
10
1
-3
-8
15
4
31
71
63
51
33
35
85
70
78
60
57
53
26
49
28
38
29
24
40
11
-25
-26
-11
0
-17
-18
-10
-11
-19
-37
-14
-24
-26
-15
-11
-13
-38
-54
-42
-17
1
6
12
19
6
-16
-12
12
-34
-45
-38
-52
-16
-14
12
-1
-3
10
-7
-1
4
20
-3
33
44
10
-3
3
-7
-2
20
0
-14
-25
-17
-25
-19
-34
-29
-5
-1
-9
-19
-10
-6
1
-30
-17
4
3
4
21
34
7
24
48
31
15
26
34
28
26
6
-1
12
21
29
31
41
24
13
4
9
42
41
53
-2
31
69
5
11
0
7
-16
-26
-24
-71
-41
-44
-78
-66
-59
-39
-85
-80
-41
-73
-53
-80
-50
-14
-39
-31
-50
-19
-44
-44
38
31
13
0
21
35
32
21
-10
29
0
10
65
58
31
31
63
77
80
54
48
3
76
111
76
76
43
43
39
57
49
15
-29
-22
26
85
35
-41
-36
1
35
10
2
-46
-87
-52
12
58
22
-80
-107
-107
-33
12
-31
-77
-121
-70
-20
-1
6
-34
-113
-109
-7
68
4
-52
-62
-59
-23
-16
11
-5
-32
4
81
50
-23
-3
-22
-35
27
51
15
-44
-16
29
-12
-45
-60
-20
-24
-13
41
90
20
-87
-8
69
60
3
21
44
-22
-48
10
31
-27
-57
-22
16
27
47
41
18
29
52
99
81
32
34
41
70
76
55
69
71
65
131
91
19
9
1
11
9
41
4
-31
-41
-10
44
28
-60
-116
-111
-54
-3
-63
-68
-106
-77
-32
19
-13
-135
-101
-67
-12
-68
-77
-50
-85
-44
15
63
-4
-105
-51
47
73
52
10
-28
-36
38
106
68
-40
-97
-67
38
101
96
33
-60
-60
-3
96
105
48
17
11
103
93
12
-7
-47
-52
-42
27
49
-15
-67
-19
27
13
-45
-67
-43
-88
21
28
35
-25
-97
-13
45
41
-20
23
10
6
6
37
38
-20
-53
48
78
-17
-7
25
28
-54
-7
10
-28
-14
9
38
14
-2
23
65
37
11
82
52
-30
0
30
51
-12
-5
65
0
-35
22
32
-19
-67
-26
26
-53
-130
-85
-61
-136
-113
-19
9
-55
-77
47
75
-43
-22
47
22
-47
-21
107
67
-31
0
78
72
-15
20
108
70
13
7
77
44
-26
20
55
30
-44
-28
16
-16
-50
-14
12
-21
-86
-64
-1
-25
-63
-31
31
-9
-47
-36
-12
-31
-79
-25
9
-54
-50
-16
-11
1
-9
2
27
26
6
18
2
-14
-13
29
80
18
6
45
47
52
34
25
63
44
54
49
19
23
11
18
4
20
22
9
-32
-18
0
-3
20
3
33
31
30
4
-22
-38
-33
-28
-62
-62
-72
-20
9
-3
-8
-3
3
-10
-6
-4
-16
-46
-39
-20
-12
-35
-46
-1
53
24
-5
27
31
11
0
26
28
-2
-19
32
26
-38
-48
-47
-40
-44
-41
-7
-34
-53
-19
13
19
-32
-38
2
32
12
12
20
32
22
-8
25
0
7
12
29
31
-1
-3
7
25
7
12
28
20
0
34
43
40
15
41
60
27
37
1
25
56
50
24
9
5
10
-12
-35
-36
-31
-17
-27
-23
-45
-51
-23
-13
-34
-28
-42
-63
-51
-35
-24
-15
-8
-18
-46
-51
-34
-33
-55
-56
17
31
-5
17
47
24
0
29
71
76
48
40
60
38
9
17
7
11
3
25
16
-25
9
18
7
22
5
17
25
-4
22
33
21
0
-10
-8
6
-7
-26
-36
-25
10
-7
-4
-16
-54
-47
-27
-25
-11
-29
-24
4
-29
-31
-16
4
-12
-12
-22
-31
0
-30
-11
6
-26
7
13
-7
-10
-21
13
6
-6
6
-7
-14
-10
7
-2
9
39
31
10
19
18
-5
-9
0
-2
-9
0
-2
-2
0
0
-2
-4
7
26
10
19
16
13
31
21
29
23
86
96
62
72
51
44
32
41
50
25
33
33
18
3
4
7
-23
-22
-44
-36
-42
-66
-50
-39
-12
-47
-69
-31
-38
-22
-7
-53
-18
-14
-16
8
-9
3
-9
-7
4
-17
-35
-24
-25
-40
-9
-55
-87
-32
-33
-37
-41
-16
-4
-2
3
-26
-39
-35
-17
3
37
23
21
16
12
19
22
56
56
60
38
45
26
3
21
3
30
42
41
47
38
39
47
47
30
44
49
45
28
34
29
19
42
4
-28
-16
0
-3
-4
4
-14
-35
-27
-15
-11
-19
-18
-13
-61
-76
-71
-53
-57
-58
-34
-58
-36
-27
-8
7
-10
-12
-31
-5
19
-13
-11
3
10
12
-15
-7
-22
-13
13
8
25
16
27
47
16
-13
7
21
16
20
9
28
19
12
18
1
32
6
-15
-4
-6
-6
6
6
-7
5
18
32
21
33
32
38
23
13
18
19
16
1
44
28
-5
-9
-4
-29
-22
-28
-23
5
-23
-28
-54
-35
-15
-8
-20
-9
-5
-33
-28
3
-20
-37
-8
-10
5
-28
-6
-29
-29
-9
-34
-22
-5
6
-5
15
-3
11
-5
-4
18
32
48
39
49
58
36
31
54
23
21
12
-8
-12
9
20
-9
-10
-20
-47
-45
-35
-15
-10
-12
-1
-12
-3
-7
-3
-1
-3
-6
-19
-13
15
26
26
38
22
28
7
11
18
39
29
10
44
4
8
-35
-44
-12
-45
-53
-44
-28
-39
-39
-39
0
1
-5
-1
-22
-16
-28
22
39
25
-5
-20
18
6
4
5
10
-18
-14
-11
-44
-13
-6
4
-2
3
16
0
10
1
4
-1
7
29
19
31
48
35
41
49
33
28
37
34
14
52
57
56
47
43
39
16
39
-3
5
-6
-20
-5
12
11
-20
4
0
-33
-42
-21
-33
-32
-47
-36
-59
-88
-32
-29
-44
-23
-35
-52
-31
-45
-16
-32
-44
2
-12
-25
-28
-20
-22
-22
-1
7
-34
-46
-22
0
5
4
-16
-19
-1
-9
2
-11
19
23
-10
-17
-2
5
41
36
42
49
-2
50
38
21
58
41
25
47
48
28
39
35
41
31
19
35
31
12
28
28
22
31
32
22
4
29
27
12
23
0
7
9
-18
-13
-33
-39
-9
3
-6
-38
-42
-46
-22
-3
-22
-19
-19
-51
-49
-39
-54
-33
-28
-25
-41
-45
-26
-20
-31
-13
2
-12
-21
-57
-54
-35
-13
9
22
6
7
15
26
40
12
13
23
38
25
9
25
41
26
8
9
15
52
40
10
26
30
27
32
29
21
6
18
12
-28
-1
9
4
15
-5
-23
-22
-4
-4
3
-10
-32
-43
-61
-41
-57
-26
-33
-30
-2
-48
-40
-38
-12
-41
-20
18
-4
9
1
20
7
-1
10
25
32
23
45
31
20
33
4
32
42
19
8
-14
27
45
38
25
30
-6
-3
16
21
41
-6
22
25
7
4
4
5
15
2
-22
-39
-48
-28
-37
-37
-31
-26
-31
3
-3
-16
-15
-40
-28
-27
-25
-2
-13
3
39
-10
-12
-23
-25
0
-4
3
-2
-16
-14
3
-3
0
20
29
15
27
22
7
6
-12
3
-25
-35
-15
-13
-16
-26
-24
-9
11
9
-11
-17
2
-6
