35
15
-14
10
-13
-10
10
-21
0
-4
-20
-15
11
7
-5
12
18
13
-1
1
3
6
19
9
0
10
-18
6
31
19
11
22
8
-21
-10
-17
12
3
12
13
-25
-19
-15
-10
-25
2
-6
-25
-1
6
-1
-10
1
-7
9
14
0
-1
0
-3
3
13
-12
-14
-17
-10
7
12
-9
-11
6
-21
-23
-19
-17
-3
-7
2
-1
-10
-6
-10
-7
-5
-7
-21
-8
-29
-21
-9
-34
-10
-13
16
14
-19
-4
10
-4
7
28
4
0
-9
-24
-16
6
8
-20
-19
20
11
20
25
-9
1
-4
-4
-1
34
57
35
48
47
47
33
35
45
3
37
42
29
62
36
1
0
21
26
12
-20
-29
-25
-19
4
1
-3
6
1
-21
-34
-70
-54
-7
-26
-39
-44
-37
-34
-48
-32
-5
-6
-23
-10
0
-24
-30
-54
-76
-40
6
-3
-20
-16
-23
-1
23
12
7
26
6
3
13
17
32
47
48
42
49
41
29
6
24
35
20
35
24
8
20
9
-6
0
-7
0
7
-4
-27
-2
20
25
16
2
32
6
-9
4
-3
-7
-13
-5
-3
-15
-7
-7
-37
-62
-60
-21
-5
-38
-60
-42
-31
-35
-28
-24
-32
-6
-3
-21
-5
-4
10
22
34
29
19
41
21
13
21
2
36
30
-10
14
-8
-31
-6
-9
-6
5
-6
-23
3
7
19
37
19
19
0
8
34
29
22
14
11
11
39
30
35
39
27
45
18
22
19
25
32
15
15
0
9
-2
4
-11
-27
-20
-16
-19
-26
-31
-45
-26
-17
-33
-50
-40
-48
-48
-47
-27
-36
-48
-19
-54
-54
-45
-35
-54
-42
7
-5
13
27
3
-26
-10
17
1
26
36
12
31
16
6
9
5
6
0
9
13
25
-2
27
42
23
35
16
37
23
13
13
11
25
14
22
0
-19
1
-9
-6
-13
-13
16
-12
-1
-6
4
22
8
6
1
14
-13
-19
-3
2
10
17
16
23
35
17
-5
10
4
6
20
-7
0
3
-14
-30
-26
-19
-7
-11
2
0
-10
2
-26
-4
5
5
-2
2
15
-2
-17
-34
-12
-7
0
-17
-48
-48
-57
-33
-22
0
18
-4
10
-9
-3
27
19
20
18
53
59
28
37
41
56
44
26
40
0
-8
3
4
-10
-22
-14
-14
3
-24
-44
-16
-23
-33
-32
-58
-40
-32
-40
-28
-38
-26
-5
-24
-49
-45
-22
-1
-5
3
-2
5
3
4
-6
-12
38
10
0
3
14
33
-2
0
6
6
18
8
29
42
6
14
12
22
18
25
60
55
38
20
33
37
37
44
32
28
45
22
37
45
23
17
-13
-7
-25
-5
0
-28
-38
-35
4
-10
-31
-36
-12
8
-8
-7
-22
-17
-4
-28
-34
-14
-9
-25
-25
-4
-9
-33
-19
-25
-35
-2
-19
-47
-32
-16
-23
-18
0
-9
-24
-27
15
13
7
22
3
1
1
20
31
34
-10
-2
19
3
5
3
28
38
49
26
22
28
44
48
26
31
1
14
16
19
12
-12
-34
-68
-45
-47
-19
-8
-37
-32
-40
-17
0
-11
-9
-20
-31
-28
-26
-16
-20
-3
17
18
2
-16
-14
-9
-12
-7
0
-17
12
16
14
8
16
35
26
41
26
45
41
36
54
25
4
33
37
-10
3
9
0
22
26
-3
3
3
8
11
0
29
-6
-28
-30
-33
-12
-32
-29
-14
-19
-15
-6
-13
3
-10
-19
-16
-9
-17
-10
15
-18
12
-18
6
-4
-42
10
12
21
25
38
12
-3
-5
0
2
25
23
18
18
14
2
12
49
30
32
1
3
-5
-10
-21
-29
14
-23
-11
-16
-47
-47
-46
-32
-38
-25
-19
-43
-61
-64
-53
-62
-34
-35
-54
-35
-29
-22
-28
-6
16
27
9
19
17
22
52
56
69
35
21
4
-3
26
37
35
54
63
57
18
8
31
41
35
34
39
-2
18
22
25
35
5
2
16
11
41
51
16
25
26
3
-12
-23
-33
0
-23
-26
-16
-35
-27
-32
-19
-25
-29
-42
-43
-21
-23
-9
-32
-60
-47
-47
-52
-49
-34
-12
-13
-13
3
12
22
10
-3
7
-13
2
15
10
25
12
7
21
50
44
18
4
13
-1
-28
-30
-11
26
-12
-38
-42
-24
-4
-8
5
0
20
9
2
13
-2
0
25
63
47
13
8
9
15
4
29
24
14
12
-15
20
13
3
3
-16
20
-1
-13
2
-13
-6
3
20
1
-3
-5
-25
-32
-17
-13
-13
18
-23
-29
-20
-19
-13
-13
0
-3
0
7
6
13
-6
-1
31
-7
0
4
6
20
13
-1
4
23
-14
-13
-10
-4
-8
3
-7
-25
-7
-11
-16
-9
1
-19
6
37
22
26
38
7
1
0
-7
13
1
6
7
29
16
-24
-19
-12
3
-9
-10
-6
9
2
-29
-8
-13
3
38
19
-2
4
16
13
1
-12
-3
-3
-25
-32
-16
-22
-14
9
-7
-19
-24
-12
-17
-16
9
11
21
0
19
19
-5
6
-13
-6
-17
-12
-19
-34
-34
-29
-3
-10
-10
-13
-13
-9
12
43
31
15
25
28
15
28
58
47
57
71
48
41
23
16
-1
23
15
4
25
19
15
-1
24
7
-18
3
4
-1
-7
-4
5
7
-3
-23
14
4
-24
-12
-9
10
-23
-14
2
-4
-4
-16
-13
-27
-35
-37
-44
-32
-43
-37
-50
-81
-44
-32
-13
-7
-12
-19
-19
10
-1
16
-2
-17
-8
-3
-4
-22
11
10
-17
-12
13
-18
-11
7
6
-5
-16
22
-6
-12
2
-19
-25
-16
5
32
7
4
5
9
35
24
36
27
61
56
40
44
46
57
43
34
23
44
26
13
-4
12
29
19
20
4
27
11
-12
-7
1
-6
1
-5
-19
-11
-17
3
21
29
12
13
18
26
6
-14
9
-2
-2
-10
-6
-15
-14
-13
-29
-14
-51
-38
-31
-48
-31
-42
-35
-38
-59
-41
-52
-44
-37
-31
-15
-52
-41
-41
-6
9
-7
4
-3
12
3
23
39
6
1
26
16
0
0
16
25
14
23
-6
-32
-15
-2
18
35
23
6
31
11
10
10
23
67
31
40
35
38
31
40
51
-4
7
3
18
-6
-23
10
-26
-12
9
-7
-3
3
0
-16
-35
-31
-47
-42
-32
-31
5
22
9
-6
-8
1
9
-3
-4
-16
5
1
-35
-15
-2
-11
-33
-13
-5
-12
-1
-2
-13
7
26
10
-29
-6
25
-6
3
7
0
-30
-21
-3
-7
25
18
-3
-3
-6
-11
12
23
16
4
19
31
24
34
43
37
38
36
29
27
2
37
41
13
18
44
61
28
26
9
-6
4
5
-2
0
-7
-13
-22
-23
-35
-53
-46
-41
-35
-40
-16
-24
-37
-44
-42
-48
-80
-61
-34
-35
-49
-42
-31
-30
-37
-36
-45
-30
-1
3
-13
7
10
-6
25
23
32
31
36
48
49
45
30
30
51
66
43
29
25
13
18
40
14
7
4
-5
-6
-9
-24
-40
3
-6
-14
4
-18
-19
-13
0
10
0
8
15
19
9
3
26
26
7
3
2
14
31
12
-2
22
17
-13
-7
1
-11
18
18
-9
9
3
-20
-16
-19
-18
-21
-16
-5
-7
-9
-23
-3
-20
-22
1
0
9
6
10
0
6
31
12
13
16
-12
-4
-20
-22
-10
1
-12
-23
2
-22
-51
-47
-12
-19
-25
-8
16
-1
-35
-32
-41
1
13
8
17
25
44
38
28
52
34
28
45
16
23
26
17
11
1
14
20
-3
-22
-12
17
1
10
-10
-39
-19
-35
-42
-32
20
-9
-19
-21
-31
-16
-34
-17
-35
-11
12
13
19
12
28
31
23
22
22
9
13
19
-19
-1
19
-6
2
-7
7
3
-26
-29
3
2
-20
-29
-44
-15
-20
2
-2
-10
-1
-8
14
-12
-16
-11
-20
-37
-32
-9
0
13
16
29
46
28
8
31
41
34
20
17
6
21
43
35
15
2
28
10
-15
-3
27
13
7
-14
-21
10
-1
26
32
56
43
11
44
31
18
17
10
6
-26
3
-10
-30
-30
-37
-6
-31
-35
-62
-77
-45
-57
-79
-55
-49
-56
-49
-34
-17
-20
0
-7
-18
-20
-14
-19
-17
5
7
13
3
17
26
12
24
27
25
24
38
20
-7
-4
11
44
26
41
29
28
51
13
26
47
38
29
13
-6
-5
-7
1
-15
2
21
-9
-17
-18
-7
-10
-13
-16
7
12
2
0
3
1
-7
4
-10
6
7
-9
-23
-15
-6
-39
-36
-15
-10
-13
-23
-37
-40
-19
-7
-14
-13
-8
25
36
29
17
-12
6
22
27
22
3
-4
2
5
10
9
22
6
-4
-9
-25
12
-3
9
56
35
-4
-1
14
11
9
-3
-4
0
12
-17
-9
-18
-31
-6
-15
5
-14
-19
-28
-43
-27
-26
-14
-15
-6
-3
-21
13
26
-1
14
23
27
3
-3
23
42
45
51
50
43
60
31
32
28
3
13
16
18
-13
-37
-9
-28
-16
-12
-35
-20
-25
-18
-65
-19
-10
-36
-18
-14
0
-17
-7
-20
-7
-6
-23
-27
-19
-28
-11
2
-15
1
-16
-7
8
6
1
3
15
-3
-17
-13
-18
-10
-20
-18
20
10
9
13
27
12
-5
20
20
26
10
-14
-9
4
-5
-16
-20
2
8
17
22
-21
7
3
2
22
19
16
-3
25
8
25
32
16
41
35
45
47
26
10
21
45
42
28
31
32
0
6
23
16
20
-1
-6
-3
-16
-35
-31
-9
-16
-20
-19
4
-3
-9
-34
-52
-25
-46
-51
-32
-46
-36
-12
-14
-34
-53
-33
-14
-27
-32
-21
-34
-10
23
5
13
28
3
7
19
19
14
-8
2
-1
6
-16
-12
2
-3
0
-6
16
-19
-7
16
-4
15
17
-6
2
-12
-34
-4
0
10
10
19
26
14
10
9
0
12
35
27
35
26
35
26
11
36
38
35
3
4
19
0
6
19
15
0
-19
0
-12
-24
6
-25
-35
-28
-34
-64
-57
-42
-53
-41
-4
1
-38
-10
-21
-23
-8
-22
-25
-5
-7
-17
21
18
5
12
25
28
25
28
47
53
28
6
8
39
28
-2
14
15
-6
11
6
-1
15
2
18
15
3
10
-32
-10
12
6
17
21
22
18
18
7
16
3
5
3
-22
-13
9
13
25
15
19
41
20
6
-16
-11
-9
-25
-57
-63
-52
-50
-51
-74
-60
-35
-13
-29
-11
-26
-44
-15
-13
-6
-36
-13
-16
2
30
9
37
36
13
3
-16
-2
-15
-1
10
-11
36
-2
-16
0
6
13
-9
12
-13
-16
-8
-25
-35
-41
-33
-19
-2
1
-3
9
31
40
44
34
35
50
38
25
46
72
66
50
25
11
10
26
47
43
38
17
3
-6
-14
-22
-31
-31
-9
-12
-44
-16
14
36
32
-6
-23
-7
-17
-19
-9
-14
-3
0
7
0
-7
5
19
0
28
28
20
36
3
13
8
-11
-12
-7
-2
-12
2
-9
-21
-16
-59
-58
-43
-27
-46
-56
-41
-41
-12
-56
-44
-5
4
9
-8
-3
-12
-29
-23
-7
4
3
-9
-1
-22
-26
-3
15
14
-2
26
28
-9
12
20
-10
-3
13
16
16
14
-2
17
35
11
11
16
10
-4
-6
7
6
12
16
25
35
50
31
28
50
48
64
37
26
12
1
15
10
20
33
40
19
-1
-19
0
0
1
6
-18
-23
-32
-47
-42
-17
-14
-1
-16
-10
-29
-29
-9
-43
-19
-25
-54
-58
-45
-46
-40
0
-15
-3
9
-18
-25
-48
-37
-34
-34
-12
-1
9
-27
-9
19
5
7
10
19
18
25
40
39
21
0
28
48
53
79
73
69
49
59
79
23
19
16
7
30
18
24
4
12
25
-25
-5
-3
-35
-51
-52
-6
-34
-61
-51
-39
-13
-38
-21
-36
-55
-29
-45
-38
-47
-35
-42
-34
-16
-35
-1
7
-3
-18
-9
10
16
24
-4
-9
7
-2
-2
23
28
26
31
37
43
31
13
33
21
22
50
16
14
26
22
16
6
4
11
23
12
-9
-6
17
-7
-21
-12
14
3
-26
7
-12
4
4
-11
-5
-9
30
-3
-21
4
9
16
3
-14
-12
-6
-14
7
3
-19
-8
-3
-9
-5
-17
-10
-9
-35
-8
-28
-29
-6
-25
-12
3
-3
-6
3
1
4
-4
-6
-4
-5
1
4
9
27
21
-6
11
35
11
-18
-15
-9
5
-3
-3
4
-1
-7
-17
3
15
-2
6
7
-13
8
3
21
16
-3
34
37
42
16
-1
-13
-1
2
-7
12
11
12
-7
-3
-5
9
-9
-22
9
-19
-13
-16
-25
1
-13
-16
-3
10
2
-21
23
45
9
22
17
0
7
-6
2
0
-6
-9
-9
-4
-2
-16
-24
-3
-18
-28
-18
-12
-11
-12
-18
18
-3
-21
6
-3
16
20
9
12
35
24
37
39
19
4
7
5
-41
-27
3
7
-9
-15
-25
-13
-19
-27
-26
-8
0
-45
-30
-10
15
9
8
42
22
-4
3
8
38
41
20
25
29
50
14
21
28
13
20
0
32
3
-13
6
-13
-16
-18
3
-2
-23
-28
-37
-46
-40
-35
-51
-20
-11
-36
-26
-33
-22
13
17
9
22
19
31
36
29
30
11
54
44
2
4
-7
0
12
8
-2
0
-20
-46
-31
-16
-31
-42
-40
-38
-50
-31
-25
-17
3
-16
-14
7
4
20
32
20
53
50
32
18
15
23
-7
10
10
16
22
4
22
2
-10
-13
-19
-18
-26
-8
-4
-4
6
5
1
1
5
10
29
43
41
15
8
44
34
27
56
39
41
25
-16
-13
-2
-17
-38
-32
-24
-34
-43
-12
-14
-33
-31
-13
-35
-32
14
-14
3
12
3
20
8
6
-7
-6
-28
-66
-17
-7
-35
-39
-26
-13
-22
-8
-17
-26
-28
-29
-39
-57
-29
0
8
13
1
-3
-14
-3
25
6
19
57
85
55
57
59
25
58
45
47
31
17
16
-3
16
15
47
51
13
-13
6
0
-4
8
9
10
-24
-4
-25
-8
19
-24
-18
-27
-10
-4
-12
-28
-25
21
7
-17
-4
-12
-13
-8
-22
-24
-41
-32
-34
-30
-11
-9
-1
-15
-22
-18
-2
-10
-22
-18
0
-8
-11
-1
6
14
27
41
26
15
23
64
41
37
17
-3
28
-6
-7
1
5
-14
-40
-36
-40
-47
-39
-18
-6
-13
-38
-12
4
-12
8
5
9
24
1
3
20
22
13
34
50
7
21
28
-3
9
2
-11
9
14
0
6
-6
-9
-13
-1
14
19
22
-3
18
4
3
6
7
35
17
12
13
18
-6
-20
-13
1
-15
-9
24
-22
-21
-19
-21
-42
-61
-16
-13
-11
-25
-13
-9
-39
-10
-29
-21
-6
-22
-14
-12
15
11
4
-3
-10
21
28
5
1
13
14
4
8
12
4
4
26
41
17
28
38
17
31
47
20
1
0
3
10
1
0
14
-12
-6
25
-15
-29
-32
-30
-28
-38
-34
-18
-26
-25
-4
-17
-10
-15
-9
-9
-8
0
5
28
22
1
-7
28
15
-7
-10
-28
-15
-34
-50
-28
-33
-29
-17
-20
0
-2
7
15
22
32
37
47
7
18
15
18
16
1
14
-4
26
41
38
40
29
4
17
50
51
49
36
44
32
29
6
0
22
8
11
-16
-22
-24
-32
-22
-22
-17
-29
-28
-23
-14
-32
-36
-15
-45
-56
-35
-9
-9
-6
-15
-3
21
16
3
-16
15
-7
5
22
-3
1
-7
-17
-34
-10
-12
-24
-29
-19
-19
-28
-1
-1
-21
-10
15
-1
11
17
12
17
-6
0
-7
4
1
-6
-2
-1
-4
-16
-19
-25
-13
-2
7
0
10
13
-10
1
23
24
21
32
37
22
20
6
14
8
16
9
-2
16
-2
22
-14
-11
9
2
6
-27
-5
9
10
-5
2
-2
-4
5
3
0
7
-4
-10
-12
-19
3
3
9
9
37
13
3
33
31
33
21
40
42
2
3
29
12
18
32
41
9
4
5
-3
15
-6
1
-3
0
-2
-11
-9
-38
-51
-27
-32
-69
-55
-32
-37
-41
-54
-34
-13
-18
-22
-72
-76
-28
-3
-33
-62
-1
-1
-7
33
5
28
35
16
25
8
19
16
14
9
19
33
12
18
-6
7
8
-20
-16
-17
5
-16
-3
6
-10
-12
-28
-19
-28
1
6
12
34
-1
16
21
5
-2
-8
22
9
1
11
-9
19
13
10
4
-7
-11
-15
21
19
15
23
55
23
4
0
-3
10
22
51
26
8
-1
15
3
-6
26
50
48
28
23
9
12
4
1
8
17
35
33
5
6
7
-20
7
6
1
-17
-60
-61
-44
-16
-45
-12
-11
-57
-38
-19
7
-9
-22
-40
-34
-4
-26
-45
0
-11
-31
-4
-26
-4
-26
-21
-9
-11
26
-3
-1
-2
-14
-8
-16
-22
-12
-10
-4
-3
-13
-18
-1
-10
-42
-19
-9
8
11
18
17
-1
-8
-1
30
13
12
4
-3
18
-2
0
22
31
42
27
21
9
22
43
22
31
3
25
17
20
39
1
32
34
26
9
17
22
2
4
16
39
10
-13
-2
10
13
10
3
1
6
-2
-26
-25
-22
-18
-22
-17
-9
-48
-47
-24
-22
-35
-23
-9
-19
-8
-11
-26
-31
-17
3
-19
-28
1
14
1
-18
-4
-11
-22
-19
-22
5
14
-7
11
33
30
24
27
45
15
35
60
42
45
39
31
17
18
7
8
35
46
29
20
1
-5
0
8
-22
-47
-31
-41
-47
-60
-39
-40
-42
3
-15
-21
-5
-24
-20
-35
-30
-10
-7
-2
-3
-13
-40
-44
-41
-12
-16
-20
-10
-25
-20
-16
-5
-9
-23
-6
4
-4
3
4
0
15
39
24
21
28
26
21
13
26
21
22
43
33
19
35
34
53
65
47
24
3
27
10
12
41
23
22
42
48
22
11
-7
0
4
-4
4
-26
-13
-2
9
12
13
7
-10
-15
-6
-24
-36
-13
-23
-2
-1
0
3
6
-9
-12
0
0
-13
-5
-4
-38
-35
-54
-29
-31
-27
-16
-27
-46
-70
-48
-53
-34
-61
-57
-8
-22
-44
-26
-22
-28
1
-4
-1
26
41
11
0
22
21
21
3
31
50
34
21
3
23
21
23
24
26
40
43
23
27
21
1
16
3
25
13
-3
8
5
7
12
34
27
-9
-9
14
6
2
-10
-8
-24
-32
-16
1
0
-29
-29
-11
-15
-45
-9
-29
-17
15
-20
-1
3
27
23
23
41
1
32
9
-22
1
-3
10
1
13
-12
-16
2
-6
-4
8
21
10
18
26
16
14
16
19
29
-6
-19
21
6
3
17
-10
1
2
-19
-39
-28
-3
-20
-25
-11
6
-12
-7
19
6
-8
3
-1
6
19
4
3
0
-23
-26
-18
-27
-28
-9
-12
-24
-13
-13
-42
-71
-34
-21
-35
-25
-13
-3
-13
-3
-18
0
-6
-35
-40
-31
-10
-13
13
22
11
2
6
11
28
26
35
32
23
31
20
47
56
65
63
62
49
16
11
47
35
-6
12
18
23
-28
-25
-26
-16
-6
-31
8
-6
-11
-12
1
3
-5
5
17
29
4
23
3
19
48
-1
9
29
35
36
41
23
12
-2
-15
-6
4
3
-6
-6
-32
-30
-9
-4
-36
-39
-40
-36
-36
-38
-29
-39
-32
-56
-34
-3
-10
-32
-23
12
12
-16
-16
-3
-43
-20
-4
-1
3
-13
-22
-25
-9
-15
0
1
-10
-22
-17
-8
-23
-9
6
6
19
15
-12
-12
3
8
-1
13
27
18
5
26
42
31
13
19
37
37
25
34
42
23
49
35
10
37
51
47
49
61
39
25
25
13
14
4
-10
6
-9
-18
0
-16
-42
-39
-28
-47
-33
-22
-11
-5
-37
-31
-37
-30
-39
-37
-10
-9
-9
-26
0
-10
-13
0
-2
10
-3
-12
-19
2
19
25
-6
-4
12
-3
-20
-33
-13
-23
14
0
12
39
-1
9
11
11
13
13
12
5
-6
6
11
20
29
31
8
24
29
-9
13
-2
14
12
-8
3
-20
-34
-31
-22
-27
-34
-16
-13
-26
-25
-35
-8
3
3
-12
-20
17
8
6
2
9
7
-9
2
16
26
5
12
41
35
6
-6
1
-12
-35
-17
-13
-31
-54
-55
-47
-54
-16
-9
13
-9
-10
26
-20
3
14
35
60
59
47
34
60
79
54
37
50
0
28
31
-17
30
25
-22
-1
9
-38
-56
-41
-16
-26
-9
-5
-24
-15
-6
0
-2
3
-5
4
3
-4
-6
0
-18
15
34
5
12
7
27
22
20
9
-1
2
-5
-7
0
-6
-21
-1
-4
-19
-28
6
-2
-4
-10
-38
-19
-47
-59
-86
-64
-37
-22
-9
-17
8
-10
6
12
19
-6
-24
-15
-16
9
15
22
28
31
22
19
16
18
7
32
34
25
32
21
31
-13
-4
-9
0
6
-9
17
3
-3
-20
-4
13
2
20
19
7
2
-12
9
32
10
-2
19
22
26
3
-3
5
-4
6
15
21
-12
-18
-21
-14
-19
-31
-28
-7
5
-19
-23
-18
-7
-31
-12
-3
0
6
-2
9
9
26
-5
22
40
-4
-11
-3
-10
-3
17
-3
-14
-17
-23
-28
-41
-21
-20
-22
3
-7
-2
-1
4
-4
6
29
31
32
19
34
12
18
22
0
9
13
4
0
35
29
-4
-7
-9
-15
-28
-13
15
-27
-32
-1
-13
-9
9
-6
4
22
20
-6
-10
25
-8
0
15
1
12
9
0
-6
-1
-13
-15
7
-13
-16
-22
-28
12
-13
-16
-9
10
13
-32
-38
-15
-19
-45
1
29
28
-10
3
20
24
41
29
27
-13
-5
-13
-6
17
3
3
-7
-8
0
1
-2
-9
-24
-14
-32
-22
-34
-47
-24
-18
-21
-29
19
11
-5
12
17
30
37
35
33
41
18
39
54
31
42
39
50
43
28
54
48
19
25
16
12
19
10
3
-13
-1
-9
-28
-36
-41
-10
-13
2
-2
-11
0
3
6
-2
-16
-50
-35
-30
-45
-67
-29
-14
-49
-59
-75
-71
-49
-23
-49
-37
-42
-39
-38
-47
-4
-23
-26
-18
2
19
0
12
22
34
15
7
29
60
77
38
40
38
36
35
49
49
16
32
30
25
31
50
12
7
36
-7
8
25
13
2
7
12
2
-18
-5
10
-1
-11
-19
-28
-28
-17
-15
4
-9
-16
-13
-23
-34
-37
-28
-53
-36
-12
-13
2
1
-3
-4
-13
-13
-5
9
23
20
8
-4
-9
4
12
6
23
28
41
35
19
33
37
42
24
28
9
-17
15
15
14
18
-7
5
6
12
6
-17
7
-4
5
-3
-13
-3
-28
-30
9
14
-1
-5
-30
-12
-21
-27
-22
-32
-63
-63
-16
-29
-43
-30
-13
-45
-48
-22
-34
-16
-31
-21
0
6
-16
-22
13
-15
6
6
10
19
4
10
0
6
-7
-5
36
53
13
26
16
0
26
15
-1
5
21
16
36
16
25
39
26
46
40
18
-24
-13
12
-2
4
21
12
-19
9
33
12
3
12
20
24
22
4
7
1
-7
-2
8
29
13
13
43
9
-3
9
-5
6
6
10
-1
-5
-3
-29
-40
-30
-39
-41
-48
-49
-34
-55
-18
-12
-15
-9
-47
-26
-15
-35
-38
-35
-19
-12
-12
-12
5
-6
-15
6
9
41
25
13
1
15
19
-9
12
-2
16
-14
-29
-10
9
0
-19
-7
-18
17
15
13
7
9
19
13
24
4
15
21
16
25
-6
12
25
19
39
2
11
20
-5
-6
-7
1
16
17
19
18
-20
-19
-26
-30
-31
-19
7
-6
-8
15
22
7
18
3
19
10
-22
-3
0
-7
-24
-16
1
1
-13
-13
-5
0
-5
1
-6
-22
-23
-24
-11
5
4
-15
7
7
2
-6
-9
8
-20
-41
-35
-6
-3
-7
-2
5
19
-23
-1
38
12
16
3
8
3
16
48
35
51
25
15
52
65
46
40
63
52
22
18
42
35
17
10
18
38
17
-10
13
-13
-63
-40
-41
-25
-21
-40
-41
-69
-49
-57
-66
-40
-38
-38
-43
-43
-28
-28
-19
-20
-21
-3
-34
-33
-7
-21
-45
-38
-33
-1
-11
0
25
2
27
29
21
6
25
18
10
7
-6
17
-5
12
17
3
11
3
6
39
26
0
-8
-16
29
11
19
39
31
50
22
18
22
28
22
-1
25
45
25
12
18
13
6
6
-3
1
15
17
-6
-3
18
6
16
0
-6
2
-9
0
3
-9
-11
-20
-3
19
-7
2
-19
-18
-7
-6
5
-5
-1
-17
-36
-37
-39
-31
-2
6
16
16
13
-4
-22
15
15
6
3
-17
-37
-28
-20
-24
-22
-6
-10
-20
-34
-40
-19
-55
-31
-20
-9
0
-6
4
-5
8
-35
0
17
1
6
3
7
13
26
19
10
9
16
15
36
3
-7
20
34
17
-8
18
3
-4
16
25
6
13
26
6
21
27
-9
-22
-4
-11
-28
-2
37
22
5
-2
4
14
9
-4
-12
-2
-13
-22
-18
-14
-15
-29
-31
9
-1
-14
-2
-6
-2
-9
-16
-14
-18
-22
8
-1
-10
-11
9
29
-1
-11
17
12
-15
-1
26
40
10
30
26
13
48
32
22
26
40
54
22
15
34
18
6
0
20
-8
-6
2
-22
-25
-13
7
-9
-33
-35
-28
-20
-10
-40
-22
-9
2
4
12
0
-29
-10
-16
11
-7
-23
-1
-23
-37
-35
-47
-37
-27
-17
-14
-9
-13
-32
-11
-37
-23
13
-13
9
12
-16
-11
-5
9
13
16
29
9
-10
-7
-3
10
-6
-4
26
9
24
19
18
29
29
21
-2
32
22
15
27
15
46
32
25
32
1
13
17
25
16
-12
7
-7
22
48
26
25
19
7
-7
1
-20
-37
-10
0
-2
-4
6
9
15
11
-16
-44
-47
-30
-48
-28
-27
-54
-54
-78
-47
-53
-74
-43
-37
-30
-39
-21
0
3
-1
13
31
11
15
17
41
48
47
51
35
26
33
63
44
50
66
22
7
30
12
-12
-7
35
27
9
8
-18
-1
-18
-13
-12
8
6
-22
-18
-39
-16
-25
-35
-40
-23
-22
-43
-16
0
-10
-31
-23
-15
-6
0
-11
-8
4
-11
3
20
16
6
4
32
48
25
4
31
13
2
-7
14
26
18
9
17
18
0
32
1
17
-2
-25
-16
-7
-12
-33
-4
-19
0
-13
-20
-5
-10
-32
-23
-22
-37
-32
-22
-6
-34
-20
-6
12
6
-11
-6
-2
10
-9
-8
-2
-23
-24
1
18
14
31
50
31
12
15
10
-6
14
22
6
20
35
14
18
58
51
34
49
37
32
41
17
13
4
16
15
20
24
-29
-18
1
0
-12
-24
-20
-11
-4
-32
-54
-30
-32
-70
-22
-6
-34
-26
-42
-48
-41
-29
-11
-18
-36
-32
-20
-5
-6
-9
5
18
30
12
-3
9
4
2
-5
9
0
11
17
-20
-7
-12
13
19
22
32
22
5
6
31
31
37
33
26
31
19
-12
-2
0
24
15
9
22
5
-15
-19
10
-3
9
-26
-28
-18
-22
-3
-11
-4
14
13
10
-3
-22
9
16
6
33
37
3
6
0
13
11
-9
-3
-10
3
-10
-24
-15
-1
-7
-36
-54
-32
-15
-27
-5
41
32
9
3
-17
-13
-6
-18
-23
-22
-40
-24
0
-22
-21
-8
-24
-16
-18
-12
-22
-6
8
1
34
2
7
-9
-10
16
2
-9
-13
7
1
6
12
13
16
28
7
2
30
41
18
16
24
35
27
15
51
15
14
54
53
8
-16
0
22
4
2
47
59
31
12
40
36
15
4
46
31
-19
-11
-1
-1
-10
-20
1
6
-13
-25
-37
1
-38
-86
-69
-43
-44
-74
-79
-51
-30
-40
-46
-39
-45
-30
-17
-24
-18
-56
-26
6
-22
-65
-38
-1
-28
-53
-34
18
11
16
-21
-7
28
31
20
2
29
25
5
23
41
44
84
79
70
33
28
36
9
13
6
32
36
24
2
4
38
73
49
35
59
44
31
10
3
-9
-7
8
25
5
-7
7
24
33
-13
-13
-12
-22
-35
-35
1
-3
-21
-32
-27
-33
-55
-41
-18
-25
-37
-19
10
-15
-16
10
19
10
-23
2
12
-16
-35
-28
-29
-62
-33
-14
-37
-20
16
-10
-15
-3
-13
3
0
-26
-44
-19
-7
-3
-29
-7
63
52
21
34
57
30
0
18
5
-8
44
48
30
4
-11
9
-13
-52
-45
-2
-10
2
6
-16
-18
-60
-23
25
3
17
15
1
-21
0
31
-19
9
115
50
-21
95
104
-29
1
59
14
17
-13
58
49
-31
-7
-24
2
-7
23
-10
2
49
-31
-10
22
-46
-77
41
52
-40
18
54
-53
-60
-20
25
8
4
54
-4
3
-9
-88
-161
-11
-9
-79
72
-7
-82
-74
-28
-126
-83
21
-15
51
-1
7
-68
-75
16
-64
-46
83
82
-8
13
120
15
-71
96
106
26
83
174
28
-47
40
48
-68
-77
196
33
-118
122
120
-166
-153
170
-95
-186
28
87
-35
-291
104
81
-193
-89
141
121
-246
106
188
-50
-139
60
205
-152
-19
128
86
-107
-34
146
-76
-88
9
118
-7
-62
56
8
-88
-118
120
-22
-124
138
49
13
-32
35
13
-7
59
-37
31
-23
21
-25
22
9
-137
32
61
-13
-53
78
15
-108
-91
7
101
-144
-39
168
22
-30
56
90
-70
-47
41
80
29
-152
43
184
-61
-193
149
185
-123
-124
150
172
-303
-215
283
157
-518
127
672
-526
-429
575
208
-684
14
639
-249
-307
189
370
-381
-411
647
37
-569
-29
635
-215
-446
493
-27
-234
-228
368
89
-502
204
148
-61
-347
237
0
-350
236
14
92
-295
46
235
-253
41
3
135
-192
-47
473
-183
-235
211
463
-446
-190
719
-348
-32
319
136
-336
-65
389
-341
-8
-129
384
-119
-283
539
-62
-470
-70
1003
-729
-420
1194
-248
-720
288
462
-697
-106
286
315
-52
-572
542
294
-732
-230
694
-95
-430
225
319
-70
-514
119
491
-366
-264
586
307
-268
-321
330
39
-326
-42
207
192
-435
298
250
-402
-116
183
-13
-238
418
-180
-340
523
-170
-417
281
108
-356
-43
404
-214
-326
101
66
-139
-252
236
176
-292
-265
342
91
-608
106
532
-252
-375
578
266
-824
125
459
-273
-229
-66
691
-421
-252
623
-19
-254
-204
926
-528
-365
580
111
24
-479
814
-46
-576
293
448
-288
-683
936
31
-668
375
368
-457
-198
773
-276
-280
236
163
-13
-617
502
-2
-477
117
202
361
-1072
475
708
-1045
-197
788
270
-1561
771
998
-979
366
6
347
-76
-515
603
139
-223
-789
1141
286
-1450
382
375
29
-826
343
193
-536
401
-505
193
324
-399
43
398
208
-739
77
278
23
-279
-501
1101
-522
-497
688
185
-493
-405
717
-80
-210
-180
324
290
-387
32
648
-278
-550
813
223
-1093
347
802
-824
160
129
-100
285
-192
-314
722
-118
-936
1166
-271
-615
504
-121
301
-36
-556
187
772
-865
-696
1124
-201
-765
71
1046
-110
-1693
1240
985
-1423
-239
1096
98
-1265
324
1334
-928
-1156
1548
458
-1870
651
1173
-1245
-156
778
355
-586
-1154
1719
808
-2513
1121
1825
-1914
-445
1924
55
-1973
305
1759
-254
-1558
823
1004
-1872
425
1254
-917
-699
521
731
-841
32
753
-1054
-429
1892
-695
-1301
1793
-669
-619
495
209
-145
-1308
1041
954
-1176
-746
1704
-184
-2516
2569
261
-2327
1079
744
276
-1745
962
1212
-1542
-207
765
636
-1625
119
1042
6
-1141
-7
1170
-209
-1279
813
1308
-1890
614
-102
651
-249
-990
1517
-491
90
-415
712
138
-1326
454
684
-39
-1026
633
1289
-1423
-116
1588
-1130
-790
1137
516
-831
-413
1122
-115
-515
-349
451
986
-1600
140
1494
-1061
-1075
1321
381
-1880
475
1937
-1129
-1183
1887
-144
-1478
848
1147
-2077
-189
2726
-1862
-1011
2341
-244
-2048
881
1772
-2124
-555
1757
-102
-1458
-189
2528
-1538
-1543
1261
1240
-1056
-2431
3111
645
-2298
-651
2845
-524
-2882
2520
526
-764
-1658
1672
1243
-1997
-306
934
862
-1535
157
1280
-162
-1333
470
1234
-598
-1018
916
671
-1109
-2
1112
-179
-1578
979
1038
-1011
-672
835
220
-171
-1233
905
1914
-2120
-1230
3277
-3
-4740
3216
1821
-3489
281
2874
-1460
-1083
1260
-430
1132
-2325
990
1103
-1563
1037
-72
-507
291
681
-928
-76
1148
-1546
512
1507
-1411
-160
406
656
-1753
1109
613
-1247
764
-368
1090
-1452
267
11
1201
-1844
-840
4414
-3675
-234
2114
-98
-2477
783
2754
-3472
517
1135
469
-1227
-736
2597
-2110
-366
2006
-779
-1162
-8
1707
-643
-1274
1244
125
-241
-3
-601
1158
-904
-940
2654
-996
-1388
1233
1174
-1503
-341
1111
-799
1003
-1414
1109
843
-2115
1413
531
-1246
-453
1478
-119
-1510
1124
848
-1399
966
-231
-1196
1601
-306
-749
724
202
-651
325
92
-232
-53
-2016
1755
1310
-2831
1560
1013
-1510
-329
884
-602
294
65
-1532
2914
-58
-2920
1713
1526
-2947
930
1827
-1495
-416
1331
-221
-697
1396
-2411
1249
796
-1040
681
-346
-48
-18
1302
-1650
895
402
-1493
1622
37
-961
-355
29
626
200
-1135
150
1039
-918
-1571
2895
-464
-2933
2944
-851
-1155
1006
10
-755
310
623
-1715
3360
-2374
-1976
3540
-1631
347
-264
252
-222
246
842
-823
18
33
884
227
-238
-464
560
451
-607
462
-29
-1507
2134
-182
-2108
1470
150
-1054
823
138
-1076
1606
-812
321
-501
-227
1596
-1170
-851
332
1771
-2259
187
1828
-1130
-1274
1242
1182
-2495
393
478
1003
-1072
-1107
2633
-995
-1589
873
1929
-1204
-1284
2148
-1044
-671
1179
-313
-608
-1051
1273
1399
-2063
-302
1559
-530
-866
627
1373
-2593
6
3989
-3029
-1504
3348
-1409
-1749
2889
-489
-2223
1311
841
-362
-1139
-775
2464
160
-3715
3432
1094
-3971
1440
2448
-1217
-3053
3155
605
-2281
1592
-411
606
-5
-962
760
85
-849
1208
-175
-1048
1917
-798
-958
1855
-1205
-1611
2822
-611
-2057
2540
-501
-1054
1604
-716
-754
423
259
-328
-601
831
-211
-953
-33
1121
-212
-2114
2622
165
-2453
1747
494
-1976
-323
2204
-608
-1344
904
388
-142
631
-1119
-535
1600
-482
-620
717
558
-1971
568
2240
-2023
-522
1362
410
-1246
689
2014
-3543
227
3964
-3083
-1924
3886
-628
-4470
4251
1403
-3720
624
626
1119
-1688
-547
1688
348
-2654
2012
2182
-3537
1556
-147
-714
500
1011
-1381
-1167
3519
-1867
-886
1359
242
-987
-1821
3018
93
-2502
520
1758
811
-3639
1735
2661
-3450
-491
3173
-93
-3670
2851
985
-2687
1040
151
443
-922
-599
2559
-308
-2575
816
2133
-2735
195
2706
-1640
-376
311
1815
-1384
-1588
1032
-343
505
-84
-361
-77
879
-820
294
809
-1093
-928
1281
1322
-2156
-465
1498
-375
-1204
2032
-515
-2034
2122
217
-716
-353
-577
1637
-956
-1077
2241
-465
-2154
1437
1832
-2746
482
1451
-1023
794
-591
356
640
-1464
-617
1860
1034
-3519
1542
3087
-2426
-1600
1201
1711
-3327
242
3293
-1144
-2438
2821
850
-2588
1909
-1715
-847
2168
77
-3326
2974
1419
-3373
1551
-208
1165
-1713
-1534
2356
1736
-3240
-581
5183
-2931
-2523
2690
1798
-2825
-1025
3008
-1699
-47
525
155
-639
-164
1682
-1398
-116
1146
132
-3950
3535
3383
-6976
1321
4953
-2619
-3088
3858
343
-3450
2136
-784
1248
-15
-4008
4192
150
-2479
155
2306
-578
-2314
2445
-1828
2406
-1164
-3093
4327
-192
-2719
-224
3639
-2090
-2798
3788
23
-2068
-1119
3216
611
-3649
1275
2857
-2268
-2299
4211
-1699
-2183
2685
920
-2557
335
2025
-1656
543
-1742
2086
181
-2563
2481
190
-2013
1071
1518
-2587
1666
33
-2018
3259
-647
-2929
2921
677
-2449
1030
841
-794
-718
378
-485
2290
-1343
-2048
4091
-1212
-2078
398
2500
-2519
-878
2877
-1111
740
-2391
2472
355
-2483
1112
405
-322
-620
731
-1862
2835
-1222
-2573
3415
-252
-1890
519
1220
-1184
448
-800
367
1961
-3499
284
4712
-3438
-2348
4243
-1099
-1880
1819
843
-1824
-344
1682
-647
-560
241
716
-239
-78
1176
-885
-1127
827
496
128
-1988
1245
3122
-5178
2486
2321
-3605
252
748
2129
-2134
-1370
1305
3224
-3221
-2748
5170
70
-5297
1934
5407
-5969
-1125
4093
102
-3069
705
2714
-1546
-463
-136
1299
-1147
-1153
2163
-1571
-1176
3750
-1759
-1658
2317
-314
-2415
867
2187
-2979
-72
2305
-630
-516
314
5
-623
612
1416
-2056
516
1446
-1317
-608
862
-43
-1164
1860
-706
445
730
-2196
1201
1263
-1957
-982
2940
-420
-2503
2259
935
-1532
-435
1014
-296
19
236
-794
736
-677
-106
745
913
-2180
627
1913
-1976
964
-310
-981
737
1272
-2071
856
802
-1507
1235
-532
783
-1419
635
335
-642
982
-1507
1553
-759
-115
425
-990
2350
-3044
33
3441
-2275
-420
-492
1114
-1010
-640
3116
-1706
-594
542
685
-166
-1383
103
148
1417
-944
348
1944
-3434
1074
1788
-1976
108
-21
-255
861
1108
-2794
1236
662
-1604
1407
-239
416
-606
-959
1396
1228
-2969
305
3674
-2216
-2014
3471
-990
-2140
1292
195
662
-1048
108
1004
-3
-2197
947
1050
-2439
1586
879
-551
785
-517
-961
1386
-470
-1557
814
856
-1208
1017
1403
-2073
325
412
-770
515
-705
635
-271
-239
2073
-1578
11
-424
957
-287
-1458
1987
-1197
604
-437
219
533
-322
-443
318
1986
-2705
-82
2182
-1163
-946
529
2156
-1295
-1878
3352
-633
-1714
-884
1676
245
-2817
2298
542
-668
-1934
2168
1156
-3460
2019
1418
-1918
54
1146
-1227
248
1082
-1584
915
1211
-1907
549
308
-1572
1145
-2
-1008
2474
-1758
-620
3480
-2449
-1967
2601
-115
-2044
1996
591
-2164
1708
372
-1891
871
-416
218
410
-78
-990
686
653
-1138
1428
-1400
147
939
-100
-267
-121
-785
827
958
-2273
1002
-341
-525
753
836
-437
-1303
1124
-420
-588
373
569
250
-296
1356
-783
-308
451
-1484
770
-206
217
502
176
379
-2128
1350
1140
-2927
1013
1785
-504
-49
768
-128
-1871
257
672
295
-261
-947
2118
227
-2185
65
466
-478
-1320
2438
1190
-2651
750
874
-138
-1479
326
1094
-249
514
-519
1152
-920
-1521
716
1095
-613
-1147
2092
-602
-1646
1349
12
-1085
694
-279
893
499
-1184
431
203
-1323
-295
1440
-740
177
160
893
-650
-1165
199
705
447
-2171
2769
662
-2269
189
1342
-914
-1526
1740
465
-157
-348
268
221
-689
-936
457
289
-563
430
592
-307
-304
-255
-948
1769
668
-1157
481
1212
-673
-1078
1224
-65
-701
338
639
190
-727
7
221
69
452
-836
256
859
-241
-430
93
338
-792
62
363
-343
-238
-259
249
407
-1218
360
286
-291
199
-998
531
2
-204
-996
503
1061
-1089
266
691
-433
-1424
1216
951
-1961
227
721
-251
-86
-263
79
-198
496
-410
343
565
-559
174
465
344
-691
632
216
-327
721
-173
32
443
-1052
207
944
-464
224
635
-670
-121
1041
-303
-415
115
822
-280
-168
393
-531
-598
378
1164
-861
-125
963
-635
-923
776
-35
-1044
500
573
20
-322
-471
103
-163
-494
778
354
-546
238
597
-594
-545
111
-712
-128
401
-246
-173
-302
-413
583
305
-1189
518
566
-1282
310
527
-367
-537
1077
71
-424
705
-415
84
-29
414
-375
546
139
-778
412
-92
241
-484
155
331
349
-403
-420
405
-445
-197
91
710
-464
-244
818
-50
-604
255
800
-215
230
652
303
-369
528
804
-323
222
328
565
-362
-90
418
185
440
-654
679
-647
-704
210
-425
504
-1003
144
227
-748
-748
-119
-70
-950
679
273
-260
-270
-142
-36
-555
-15
-298
67
128
-444
-192
-77
-782
-1568
605
-297
-801
739
651
116
-485
1806
-391
-863
1201
-151
-187
45
653
-408
-297
998
-1084
-965
510
117
-2125
-1535
498
-2440
-1984
-270
-272
-2461
-1083
2836
545
-107
1374
3526
359
334
4577
2429
1201
2059
5820
3885
1953
4213
2343
1625
943
2326
1394
-1474
-912
589
457
-2501
-2906
-1911
-3510
-3989
-1764
-2797
-4897
-3089
-1028
-1608
-2866
-2455
-1342
-2526
-2440
167
157
-1399
-855
2113
1754
-363
276
1801
629
-26
2603
2074
308
-42
1359
1918
-803
-1519
513
667
-793
20
1308
-783
-2507
0
904
-1232
-840
638
787
187
328
689
-542
-282
621
1581
664
-292
862
-109
-385
-532
-1017
-1564
-1655
-1543
-2513
-2900
-4188
-4437
-4329
-4055
-2832
-1947
908
1575
1191
2514
2971
5053
5250
4856
2952
4719
11139
10358
10787
7127
5677
7731
9598
9266
-1486
-3890
-1854
3412
1565
-4923
-4979
-6596
-4270
-5064
-7223
-12342
-14696
-8483
-4794
-4237
-4953
-2909
-2098
-5946
-5561
-537
231
-3825
-1636
6438
9223
7750
5450
1624
-2672
835
6842
4246
-1731
-105
7912
6786
-444
-4856
-4384
-3987
-4161
1056
2749
-2191
-3416
1531
2527
-4225
-6570
-1962
-433
283
2350
4897
1471
-2910
-844
2332
1260
-2675
-277
2803
3612
1555
1295
-277
-3649
-1817
765
2347
-1410
-2154
959
1682
3
-2010
-1096
-1995
-1361
2874
3635
-88
-2423
487
2081
253
-1235
-695
959
670
1942
2012
-205
-3442
-3536
-933
-2231
-4083
-6349
-4083
-3876
-3036
-3991
-5484
-1013
-261
5460
4393
5716
6361
8243
11811
6925
3559
671
14876
19060
15490
8113
5674
11721
9087
6391
-7784
-13355
-8538
4442
5889
-8948
-13551
-10365
-5939
-10358
-14693
-15990
-16749
-8389
808
152
-4984
-2997
1650
-6073
-8593
2383
7975
-1176
-4277
9332
15991
8660
-81
-2061
-5132
-4422
5143
7432
-5011
-8083
7148
12289
-4148
-15948
-8335
-2451
-4789
-1809
7095
4157
-3590
1034
6758
-566
-8715
-1870
5022
3377
2872
7743
6502
-3266
-4954
2817
4238
-2623
-3140
3424
6132
1885
438
1171
-2081
-3240
1998
5839
1166
-1695
1498
2970
1077
280
387
-372
-285
3064
4012
-802
-4406
-2226
1644
12
-2293
-2344
-1370
-1739
-1307
203
-975
-2652
-2060
317
-246
-1958
-3915
-4076
-3806
-3518
-4392
-4697
-3323
-3681
279
2820
7047
6245
4401
7092
7875
10425
4064
4756
6742
12021
16317
12399
9800
1145
3377
4007
4964
-3712
-15309
-11809
-4625
2459
-9064
-15361
-11857
-6787
-4553
-9419
-9457
-14993
-12137
1464
7608
3508
-3712
2962
4946
-2296
-738
2248
1239
-3926
3195
13333
8663
31
-4782
-5337
-6107
-2763
1942
-2603
-8236
-556
8272
3248
-9366
-10976
-2639
1226
4856
6306
5715
2441
2272
7043
2730
-5238
-4598
3193
6897
4787
3432
2889
-1503
-4928
-2165
848
-1621
-3303
2784
7165
4179
458
-660
-1934
-2294
3240
6733
2802
-717
1106
3542
399
-3141
-3643
-2463
-900
727
968
-1850
-4953
-4367
-1998
-1608
-3482
-4258
-2227
379
825
-564
19
495
-159
-189
2574
2066
-1293
-2673
-178
921
-3483
-5939
-4989
-1217
-436
1649
5465
7158
5745
4960
7681
8895
7684
6280
5914
5780
11349
15763
13157
3158
-1811
3346
8607
5500
-12411
-22518
-15638
-1158
1291
-13534
-18239
-10834
-468
-890
-10444
-16146
-19125
-5447
8972
8625
1200
-1876
7622
5596
-3992
-4319
-914
-2110
-5497
5715
16189
9019
-2344
-8962
-8553
-7014
-3966
130
-4491
-5196
7450
15059
4668
-12001
-10876
1635
6542
8259
8241
7675
4826
4162
7321
734
-8024
-5895
3869
8799
2591
-656
-591
-4052
-5933
-3043
1319
-3530
-3828
6151
9779
3140
-2789
425
1094
30
4150
6826
2021
-2652
2842
4819
-2505
-5946
-3013
-2157
-3571
1097
1887
-6063
-9601
-4008
655
-4254
-7882
-4438
-328
282
252
405
-2028
-2315
1614
4107
2664
2082
2479
2164
1344
28
-2677
-4654
-4252
-2761
-1442
-1233
41
1746
3010
3002
3419
5813
9457
9939
9972
9342
6042
4583
8646
15327
9042
-647
3141
11483
8206
-6812
-16320
-15662
-14328
-5320
-303
-7267
-12335
-5590
7137
-4221
-17892
-18002
-8742
2007
4267
9840
7359
4194
5448
521
-6118
-10155
-5406
1691
1830
7085
10162
5057
-4105
-13917
-11327
-7413
-3114
-493
-3271
2471
9427
9468
-666
-11418
-5736
2905
7883
7650
3667
4828
3673
4825
3716
-5952
-10396
-5607
4405
6362
-2310
-3397
-766
-2590
-4113
-2370
2223
-2187
-1110
9091
9597
3212
-3351
1217
4340
180
1846
3083
2847
148
265
3494
-2
-4269
-6024
-2382
2546
895
-1852
-2171
-1139
-1455
-2547
-1503
-2328
-4577
-1153
4832
4542
-2032
-2704
3531
5480
2152
314
1233
1244
-1166
-2073
-2294
-5813
-7119
-4964
-1852
-3434
-4891
-746
4361
5732
4330
6232
9850
12084
10301
9247
7078
8637
13935
15331
11817
1257
-607
3414
6417
-2145
-19576
-22229
-14236
-2527
-7088
-16445
-12227
-4980
1413
-4078
-11450
-16803
-13520
3218
12320
9414
3353
6676
11783
1567
-8220
-7334
-3615
-1836
-178
7792
8824
429
-7080
-13028
-13489
-9004
-2666
498
-3853
746
11373
10544
761
-9231
-2687
6523
9461
9706
4749
6281
6036
6726
4107
-6821
-8475
-2997
6068
4543
-3147
-1323
242
-2116
-5766
-2952
-58
-2662
-550
8091
9132
-783
-4078
95
1057
-2994
-699
4179
1146
53
2695
2935
-3639
-6714
-1247
-63
-1232
104
1861
38
-3125
-1396
-531
-4224
-4653
-1015
1824
1743
1492
2723
1553
2013
4315
4578
2851
-55
1408
3936
1714
-2102
-4548
-2389
-2754
-5979
-7119
-6211
-3205
-94
4036
5072
3960
5427
10903
12014
10613
10578
9617
4570
5133
12753
10488
1193
-4932
2271
2395
-3225
-11840
-20032
-20225
-14288
33
-5511
-12933
-9896
667
3555
-8796
-11189
-10282
-3060
7849
12047
8436
566
4096
8060
-1922
-8905
-7509
-2598
-3674
-2903
5749
3939
-3968
-9226
-9308
-6466
-5834
-2634
192
838
8102
13584
10443
818
-3146
4327
8488
6842
4672
4915
5857
4919
3514
1190
-7747
-9685
-2270
3141
755
-6897
-2046
979
-1877
-1730
-353
1428
-3020
1828
11112
5461
-2436
-2415
5466
3915
-3347
2221
4528
605
-2272
1955
2260
-7617
-6901
-387
545
-3097
-2621
653
-4368
-7259
-2440
565
-2729
-4370
2672
6509
2814
418
1868
4431
4106
3587
4221
1990
1337
3048
2572
-1154
-4867
-3760
-3317
-7308
-10334
-8835
-5635
-3421
-1318
2401
5152
4950
6068
7857
10508
12233
10287
8364
3399
5406
10318
10326
6596
-1644
2163
3099
808
-7821
-18718
-17123
-13063
-924
-878
-6234
-6295
-2875
775
-8121
-13186
-11114
-4251
4463
8910
8747
3289
188
2237
-805
-8471
-10569
-6139
-527
1227
2714
4882
867
-4559
-8699
-8205
-3063
-905
2182
3049
7855
14319
9846
2853
-3512
-1699
3141
3342
4684
2243
3216
4324
2866
-1820
-10419
-9135
-2382
2977
346
-3317
47
4750
2130
-2688
-201
1808
2370
1883
7480
6879
-385
677
2508
2217
-4248
-1350
5460
-503
-4412
-2808
968
-3910
-9141
-2462
4
-2180
-3558
-1310
62
-2961
-728
2838
900
-1851
333
4760
4387
1598
3537
6457
6099
2351
444
1844
1330
566
281
675
-976
-3865
-5381
-7632
-9530
-9241
-5458
-2623
-1173
-761
-423
3045
5297
7212
6306
8700
13814
12393
9104
3562
4644
7023
8274
8899
1951
893
2000
3352
-5026
-18111
-18551
-12448
-3108
-4936
-9082
-9058
-6063
-2882
-8602
-13181
-13728
-5442
4050
6684
4813
2275
5003
6706
1795
-6223
-6921
-1809
1758
3152
5485
8633
6060
-386
-5251
-5821
-4903
-3964
-1414
1744
7887
10868
7140
-364
-6472
-5565
-2551
1413
2404
1200
2413
4533
4610
-1322
-6405
-4091
1395
2584
2021
2715
4326
3826
1684
2582
1168
-834
-982
3477
6296
962
-649
600
355
-2425
-3090
650
-2165
-5648
-2958
-634
-4131
-7673
-2083
1364
-2583
-2900
1577
3029
-874
-1317
2834
1818
-1656
461
4456
4739
1818
1860
3869
2272
-263
-1004
1168
2357
1076
295
790
409
-1994
-3306
-2698
-3190
-5535
-4614
-2437
-1405
-2703
-2057
1061
775
1239
2527
7020
9472
9898
10569
8425
7178
2755
1191
3654
7601
8911
2219
-968
-1160
-847
-3912
-11887
-13987
-14345
-8545
-2470
-5551
-9225
-10317
-2176
-960
-8826
-11036
-6574
2635
4429
3107
4025
3182
4075
4071
334
-3349
-5672
-364
5677
5305
3826
814
1799
-1176
-7676
-6724
-3722
641
-180
230
5777
2774
-1422
-3872
-1875
287
-1954
2057
4295
3196
2595
4733
7204
2315
-3072
87
5783
5230
2201
1500
7114
5021
-739
-226
-535
-148
-4383
1142
6370
-704
-5134
-5478
1252
-1880
-7395
-2261
-1130
-2570
-5373
-1294
2320
-3396
-2048
3425
5464
1130
-2760
1597
3229
2212
2933
2987
2051
-121
347
1773
-1395
-2707
-1312
1280
2680
184
-88
-1445
-2119
-1499
-845
845
49
1529
2211
137
-2958
-4781
-3731
-3697
-3384
-2428
-591
-744
1703
5570
6532
5237
3230
5383
3970
3437
3468
3490
4579
4650
7688
4311
-1584
-3914
-2645
-553
-2835
-5357
-7139
-7835
-5409
-5477
-7679
-7122
-3854
-299
-2859
-5486
-5159
-4561
-1825
-712
5
594
2039
5340
2167
-1940
-2564
-2457
-1092
-1883
1370
5091
5340
5458
1518
-1354
-2463
-2366
-910
-2909
-858
3110
4009
2760
-1859
-2112
-1954
-2410
-1430
-854
2493
5580
7307
7068
4303
2091
2535
1760
1865
2051
4180
7930
4890
2444
-740
-676
-303
-3614
-3019
-5093
-4627
-3857
-3190
-1309
-4357
-3964
-2738
-2543
-2995
-4688
-476
3976
4709
3773
2493
2889
1179
52
2430
2440
1239
979
2086
1576
-3079
-2695
-314
-437
-1208
-634
2707
574
-2465
-1903
-1013
564
401
2504
3932
1588
1560
765
-610
-3704
-5040
-918
-559
-2121
-3550
-1850
43
-2730
-2618
-828
1247
1440
1814
4529
4274
2500
1253
-32
-1111
456
4235
6254
4324
4889
6452
4368
-980
-6701
-6568
-5249
-1669
253
-1085
-769
-639
-1847
-7318
-10337
-8808
-6729
-4796
-2893
-991
-732
206
1538
-223
-3957
-4440
-1162
1651
4040
7197
9633
7806
3997
1246
-1336
-2776
-2948
-800
381
515
973
371
-1053
-3510
-3816
-2618
-586
1145
2672
5111
6227
6466
5705
5009
4583
3917
3628
3866
3327
2216
1867
819
-1672
-4120
-4479
-4451
-5484
-7132
-7511
-6147
-4905
-3250
-2451
-2474
-1534
-368
84
-1172
-1235
2172
5279
5842
3988
2757
2950
2810
2351
950
25
1213
2638
2378
736
378
697
-1614
-3116
-2378
-591
-942
-1583
728
1375
600
-311
427
939
93
1094
2525
1809
-152
126
1841
752
-2694
-4156
-3359
-3289
-5222
-5699
-2849
-457
-751
-1134
-453
-220
-647
-731
600
-326
-818
2733
6683
7398
3915
4716
6670
5494
3806
1748
1595
-1083
-1407
629
-96
-714
-274
1545
-1075
-5753
-7044
-7239
-6797
-6185
-5322
-4146
-2493
444
563
-3340
-4563
-3396
-3309
-3537
-1337
3604
4539
3227
3286
2311
266
-1754
-982
-245
184
3638
7095
6648
3236
2498
4414
3866
371
-527
2627
5402
4741
2898
2792
783
-1262
-1755
-2508
-4488
-7669
-5163
-2177
-3227
-4953
-5015
-2221
-3316
-4401
-3449
-1825
-447
-425
3482
5618
3899
809
231
2619
1376
73
2328
5240
4529
1343
802
989
-952
-1383
1241
2829
366
-1512
612
1539
-461
-1576
-402
435
-688
139
3132
3382
2177
1466
2629
2803
623
808
1904
3000
2422
1274
533
-1738
-3850
-4856
-4861
-6285
-7944
-7527
-5799
-5358
-5444
-3874
-2229
-1833
-2619
-932
845
1311
1291
1401
3049
2819
4082
5891
6803
6270
5260
6492
5913
4949
3151
1867
523
117
1605
1251
1017
1331
2303
-693
-5197
-6747
-6845
-6589
-7010
-5311
-4646
-5071
-4875
-4827
-5280
-7280
-7254
-5912
-4223
-1912
224
2345
3415
4080
3716
3574
4921
5922
5832
5974
7145
6878
4938
4134
5713
6000
3697
1563
171
-782
-2211
-2597
-2311
-3049
-3338
-3012
-3063
-4591
-6403
-5574
-3389
-2332
-2837
-1942
1795
3591
2148
-266
-194
560
-333
469
2282
3179
1971
1917
3204
1559
-1349
-1183
1699
1936
-331
-341
2426
3179
1033
-494
-327
203
61
1057
2139
1865
1743
1662
1666
457
-488
629
1906
2647
1367
-146
-63
352
-294
-2747
-4151
-3107
-2606
-3245
-3480
-2473
-1199
-2105
-2987
-4099
-5334
-4991
-4129
-2274
-2334
-2236
-1301
-1153
-925
-1617
-820
-64
441
989
1185
2119
2421
1656
1416
3625
6206
7110
6366
7217
8172
7727
6956
4771
2864
1225
2366
3825
2549
1295
852
670
-1955
-5934
-8517
-9683
-9082
-7887
-7355
-6270
-4491
-2933
-3184
-4337
-3956
-4355
-5089
-3878
-400
3221
4580
6158
6037
3518
1672
1798
2117
-60
-382
2614
4777
3790
2077
2075
1650
-408
-1978
-2566
-3246
-2580
154
2901
2163
133
244
346
-1249
-3366
-2200
542
916
92
252
1507
925
-811
-865
-387
-1007
-1559
210
2215
1385
254
945
1141
-1148
-2209
701
3487
2666
873
1717
2742
1884
354
495
1639
1424
1477
1324
676
-134
-775
-269
-919
-2258
-2611
-1744
-529
-654
-1203
-1426
-1878
-2484
-2316
-1798
-1144
-1120
-737
-55
-365
-679
-1793
-1838
-1518
-821
-146
-1805
-2624
-2403
-1699
-2005
-3932
-3672
-2321
-766
813
1530
2442
2094
2570
3559
3225
2330
2314
5509
8253
9002
8395
8273
8013
6334
5491
4414
2699
-378
-915
821
460
-1244
-2653
-1700
-2706
-5270
-6139
-6037
-5767
-6397
-5670
-4344
-3599
-2614
-2327
-3359
-4305
-4414
-4611
-5258
-4681
-2029
-164
499
934
784
133
-53
676
15
-1742
-1186
1722
3502
3081
3563
5167
4719
2459
705
-14
-465
-591
1286
3677
3844
2913
2102
1186
-1237
-3468
-2476
-712
-805
-1197
587
2605
1581
-404
-372
301
-766
-2417
-1463
850
1867
1972
2015
2311
683
-1415
-1120
101
557
-203
577
2009
1509
257
1
694
-238
-1327
-753
356
116
-972
-331
453
-177
-1397
-1569
-797
-968
-1337
-1104
-674
-1000
-1547
-833
-355
-492
-882
-150
965
397
156
288
-26
-1347
-1793
-597
-258
-1220
-1649
-685
-547
-1460
-2018
-745
1177
2601
3391
3390
3225
3008
3665
3604
3059
2088
2056
3932
4953
5331
4282
3944
4216
3531
1692
-1557
-2850
-2069
-86
-29
-856
-445
-555
-1878
-4676
-5578
-6152
-7097
-6899
-5059
-3534
-4235
-4169
-3507
-3595
-5972
-7374
-6273
-4970
-3556
-1609
1401
2439
1685
859
876
988
687
1580
2820
4560
5285
5315
5178
4724
4244
2873
2265
1514
999
817
1333
2280
1858
1516
1067
649
-620
-1527
-1126
-839
-907
-1306
-600
64
-53
-554
-857
-604
-1277
-2131
-2166
-1122
-465
-609
126
579
207
-941
-345
1689
1777
1020
830
1689
1355
417
1023
2015
1810
513
432
703
-74
-1082
-886
264
465
-341
-608
-445
-1003
-1683
-1954
-1415
-795
-623
-26
16
-632
-945
-552
534
551
55
476
953
882
136
240
580
-24
-499
-341
186
-474
-838
-303
-305
-55
752
1804
1516
370
1197
2471
1832
198
-1014
421
2474
3493
3373
2509
3456
4120
4168
2202
-979
-2726
-2552
132
293
-1012
-1503
-942
-943
-4361
-6900
-7573
-6837
-5785
-4943
-3622
-2936
-2383
-1807
-2250
-4345
-6102
-5767
-3403
-1344
512
3040
4924
5020
2834
1356
1022
1552
2338
2797
4443
5826
6135
5437
4429
3133
1085
-49
248
479
-303
-368
802
1281
-756
-2781
-2500
-2105
-2480
-3421
-2406
-1538
-2113
-1641
-522
440
-755
-1018
267
457
-284
-466
1792
3193
2536
1558
1130
1058
-529
-1129
494
2216
2348
1071
1010
866
-72
-711
-426
461
387
884
1522
1017
-225
-1144
-211
369
-70
-344
19
754
355
-314
-471
-420
-521
-503
-44
654
1135
1187
1017
503
335
224
75
-155
92
547
97
-428
-1071
-1532
-2020
-2336
-2431
-2696
-2329
-516
941
451
-83
-107
1209
1622
878
111
-710
1558
3843
5217
4605
3392
3861
3381
3329
491
-2678
-3939
-2172
1028
-274
-1498
-1877
-1544
-3568
-6970
-7856
-8275
-7262
-5337
-2355
-1801
-2549
-1712
-1018
-2398
-5280
-4601
-1693
732
2533
5683
8318
7173
4385
2178
1998
1527
1665
3035
3893
4340
3937
3451
1039
-2023
-3464
-3740
-3166
-3054
-1910
-37
1047
1194
-657
-2606
-2997
-2257
-1303
-922
390
2617
3454
2593
1569
1357
1259
544
490
322
-171
-204
824
2473
1551
180
-297
-491
-1184
-2287
-541
1839
2793
2758
2156
1372
-102
-768
-292
340
654
1021
1784
1633
395
-1331
-2216
-1754
-1769
-1801
-547
1101
1477
361
-101
133
-590
-1285
-339
1286
1919
2192
2726
2459
781
-779
-253
187
-1188
-2154
-2434
-2258
-3233
-4557
-3907
-3624
-3797
-3445
-1548
1207
1445
420
655
2052
2687
1345
674
426
2666
6651
9159
8152
3366
3799
5759
5097
194
-4939
-4460
-2624
277
-1000
-2733
-3707
-3365
-4225
-9031
-10859
-10887
-6504
-3118
-2140
-2285
-2173
725
248
-2575
-4789
-3003
-249
1347
3837
7412
9752
6930
2917
-185
-1126
-392
1579
4263
3649
2733
2609
2239
-1469
-5161
-4089
-2784
-1647
-1883
-473
841
123
373
-772
-2688
-3760
-1597
1926
3652
3099
3463
3806
2655
1585
837
1513
1081
2494
3583
4349
3244
452
344
-1337
-651
-1411
-962
416
-1297
-1279
-1236
1079
-138
-1995
-1259
-503
-268
-1987
477
1171
164
300
267
632
-1282
26
2076
1894
889
562
1206
-17
68
224
149
-797
-1084
755
401
-670
-1144
-698
-927
-1335
-749
109
-536
-2232
-2181
-3433
-5263
-5791
-3513
-1203
-2054
-2251
-247
2201
1115
1027
2708
3565
3963
3341
4465
1018
111
5901
10283
8526
1748
3691
6553
6179
881
-5518
-6522
-6609
-89
451
-2176
-3249
-2988
-2453
-9411
-12676
-12300
-7603
-2487
-86
-467
-2979
59
2094
-1282
-6995
-5820
88
2340
3135
7296
11353
6809
1083
-1584
-1933
-1857
184
6298
5972
2500
1699
2529
-624
-7249
-6034
-1700
498
-22
897
3488
425
-2346
-3027
-3278
-3299
-1711
4375
6959
4494
1999
2058
1995
-861
-758
1955
4306
4034
3927
5034
2975
-1064
-3313
-1980
-1870
-1511
-51
2388
1412
-3606
-3241
-1798
-1223
-3284
-1836
3108
2473
1399
1201
3071
393
-2304
324
569
543
328
3301
3136
-1634
-2094
-1356
-1351
-2587
-1374
680
-140
-1513
-823
749
-459
-1804
-1678
-484
-250
988
3485
3561
-139
-3635
-3256
-3792
-4535
-3874
-1009
-84
-3181
-4415
-3617
-2681
-1102
1695
3896
4026
3614
5786
5345
1137
-2958
-217
8105
12591
10692
4291
4184
4695
3003
-2963
-8545
-6797
-4311
3072
3508
-1572
-5814
-5395
-3810
-11015
-14028
-9845
-525
3919
2235
435
-1687
-753
-1757
-4466
-4922
-2128
2015
4718
5836
6216
4419
451
-2157
-4668
-4013
963
5403
5636
1133
519
1377
-1706
-5583
-5559
-285
1693
3017
3990
2118
127
-2321
-910
-717
-2387
42
4585
7656
4429
-304
-330
-312
-2381
-3389
243
4376
3704
3095
2712
913
-3425
-5976
-1646
771
1617
3338
4889
3649
-3254
-4574
-1380
-733
-777
1290
5066
3453
1262
1571
216
-2504
-3531
-507
65
454
3418
3007
-625
-3502
-2913
-2596
-3274
-701
2362
1796
471
232
-300
-1547
-2014
-629
418
748
1437
3303
4057
1904
-1721
-4092
-3734
-3116
-2764
-1741
-1426
-2752
-4818
-6523
-6410
-5960
-3505
1119
4048
3987
2522
2755
4655
4962
1958
49
1281
7431
12610
12794
6943
-118
-177
2501
3460
-3774
-7822
-5885
-1200
1879
-3497
-6301
-7481
-5273
-5748
-9064
-7502
-3612
2580
4112
1960
-1656
-1874
2477
2266
-936
-2416
161
3518
3346
3691
4849
3086
-1017
-4644
-4664
-1067
1920
2418
951
-495
408
195
-2088
-4160
-2930
632
2781
4289
2628
607
-5
76
143
-3733
-3077
2389
5415
3618
-1526
-1286
-527
-2324
-3037
-355
3282
1844
1744
2878
1749
-2441
-4477
-259
1957
1872
3610
6039
3541
-3122
-5580
-1728
1467
978
1759
4173
3434
-1018
-2679
-717
-1189
-3859
-1203
4606
3630
-512
-318
1099
-2350
-5245
-1299
2575
2042
2220
4472
2264
-2243
-2646
-152
414
-1573
110
3657
3773
1216
-867
-1717
-3533
-5242
-4079
-1811
-910
-869
-1694
-3793
-6059
-7007
-6604
-3919
-2110
-854
2118
5656
6089
756
-752
3075
5257
3844
3136
3748
5190
8633
10443
5013
-4322
-2671
3753
5072
-1268
-7335
-8617
-6061
1799
-183
-6878
-8933
-1750
1464
-5828
-5324
-2004
1450
2856
4172
3300
-852
2991
6051
961
-5710
-3914
2856
3236
1760
3346
2647
-2711
-7160
-6123
-2409
-215
2396
3121
543
-791
-422
62
-3512
-4934
-658
3640
5801
3638
1713
-1005
-4021
-2819
-1075
2
705
2846
4683
1217
-2756
-3056
-2402
-2126
-657
3507
4241
1609
1423
1683
-501
-5438
-4517
940
2821
3858
3726
2572
-2203
-6022
-2420
1279
2561
2203
3561
4230
1165
-125
-36
272
-1026
363
5142
4747
1550
-953
-582
-982
-3668
-1627
1409
2816
2135
1596
967
-2924
-4606
-3406
-567
393
1008
3303
2950
459
-2903
-3428
-2749
-3090
-2051
439
2202
-148
-4109
-5903
-5147
-4524
-4503
-2544
-286
1539
2449
3812
2717
-2173
-3827
750
7443
6315
2454
751
2882
5540
4423
3079
-2371
-1535
3104
6912
2641
-8326
-9528
-4958
3322
-131
-6429
-3908
2167
5162
-3088
-4853
-3366
-1504
2612
4990
5318
288
1516
3774
-1321
-6133
-5102
875
1065
-350
2382
2294
-2079
-7349
-6671
-2443
145
1961
2317
1314
1268
1989
851
-3238
-5057
-390
4724
7235
5386
1829
-1264
-3718
-2450
-2342
-2297
-615
2438
4640
1414
-1326
-2274
-3553
-4619
-3040
1619
2936
1747
2490
2707
-967
-5557
-4374
1076
2941
4040
5037
3178
-1373
-4489
329
2739
2115
2118
3280
4096
550
1308
1310
-257
-1322
-858
2797
1604
225
-2037
-2751
-1404
-2624
-1349
-272
1861
1440
85
804
-1445
-2416
-1677
1836
3016
1635
2773
2708
1505
-1241
-1664
-354
-740
-708
147
1420
-1654
-5946
-6627
-4390
-3614
-5001
-2356
108
505
-596
840
1066
-3034
-1807
4800
9068
3773
-429
426
3075
4907
4709
2770
-1609
1264
6806
7074
-2305
-10910
-9740
-1509
5473
344
-4007
-1926
4152
2049
-6556
-7105
-5220
247
4918
7084
3754
-2493
-389
-400
-4178
-7496
-4706
1310
465
1721
3020
1053
-3804
-8217
-4846
-945
2685
4747
3331
2777
2224
1767
-1353
-4529
-2045
1860
5685
6628
3115
-905
-4430
-3702
-2969
-4360
-2523
434
4044
2923
-1020
-2127
-3925
-4215
-3849
779
5625
4692
4212
2782
1655
-2189
-4618
-1046
895
3747
5462
5931
2868
-3611
-3492
-852
1573
1746
2250
4513
2678
1212
192
-808
-2766
-3125
1539
3508
1500
-1329
-2288
-2410
-3820
-2639
-20
810
1067
1831
3272
1364
-1897
-1615
338
1965
1514
3332
5670
4161
857
-1539
-721
-1598
-2416
-399
1383
192
-3296
-3873
-3553
-4911
-6216
-4335
-1653
-2223
-3630
-2228
540
50
-1632
-822
2161
3267
4741
6006
3571
-2000
-3719
4720
9787
5478
-2859
-1238
6259
5904
-338
-8911
-8510
-4046
4492
6529
-2497
-5599
-3075
3263
-1594
-7563
-5024
-899
6397
5166
1699
-2667
-3203
693
-3416
-3651
-2444
-61
457
-1457
3279
1342
-2269
-4290
-4092
-340
-86
4366
5128
345
-1531
-408
2818
-1742
-5274
-791
3459
5596
2565
417
-2296
-5724
-2432
803
480
-1678
-46
6204
4863
-1573
-4295
-3121
-65
-1122
1550
4667
3358
2018
-518
625
-2981
-4137
427
3408
4448
1368
3537
2812
-1981
-2614
581
4739
2540
1860
3763
3019
1648
-450
-679
-2500
-2657
865
1488
-11
-2684
-1534
-768
-2806
-3525
-2294
1518
2655
2561
1854
44
-785
-742
1117
2758
3121
3216
2115
706
-566
-1330
-852
-1186
-1627
-1763
-850
-707
-2951
-4330
-4553
-4291
-4196
-2534
-445
-1878
-3549
-2361
-988
-1377
-1323
1723
3439
2771
3835
3576
760
-2368
132
5814
6557
3562
-634
634
3649
3915
139
-5767
-5714
-2450
4091
4972
-631
-3922
-3342
893
-662
-2804
-3466
-2918
1532
3826
3411
-1716
-3368
-1041
-2221
-3299
-3665
-1471
-875
158
4369
2600
-2781
-5422
-2157
763
-994
1083
3230
1072
-1135
792
3948
-840
-4514
-1023
2727
3745
1963
1886
-443
-3338
-1196
44
-904
-2122
765
4275
1571
-1531
-3177
-2379
-1190
-327
2834
2242
1345
1256
1744
1850
-1287
-1235
-83
1802
3733
4675
4950
1816
-140
186
1161
1197
127
1288
3016
3143
1868
-895
-2433
-2989
-2787
-1635
-1391
-117
818
1094
49
-2632
-3320
-2200
366
1627
1913
2954
2607
1399
-185
5
638
-336
62
1308
2085
805
-951
-1318
-2779
-3348
-2342
-1293
-1335
-1155
916
707
-1563
-3027
-2424
-1975
-2958
-1844
-297
-39
-1016
-1132
104
-911
-2602
-2086
169
999
-229
-113
1894
2795
1313
-662
-703
915
2748
4065
3650
1409
-1444
-866
2219
2017
-914
-1720
1995
3711
903
-1533
-2254
-1913
-1444
432
1127
-964
-1827
-739
-483
-2982
-4503
-3073
-1393
111
1377
1346
-621
-2452
-1883
-1358
-1903
-1200
640
2093
1818
1898
1935
-334
-1489
-35
2134
1419
560
2677
3110
972
-636
238
-321
-2223
-430
1980
841
-2077
-1459
738
-693
-2319
-1471
-84
-781
-950
1623
2411
731
-279
1271
1836
706
1949
4257
4459
2193
1458
1733
447
317
2079
3305
1316
-950
-327
-3
-742
-1181
-267
123
-1115
-766
95
243
-484
-674
129
40
474
1005
1270
865
-2
47
-205
-830
-1038
-542
41
-1092
-2613
-2284
-1584
-1425
-2167
-2456
-1795
-1321
154
669
514
144
-153
531
-95
-202
-382
-533
-371
-1219
-1101
-1829
-2665
-3063
-3367
-2327
-2023
-1623
-1573
-1995
-1502
-1710
-1280
-662
80
1144
1169
1874
1871
1805
2149
2065
2113
1977
3503
4772
4338
3284
2168
1784
1574
2137
2814
2206
1510
966
328
-277
-734
-875
-1791
-1969
-661
-172
-1164
-2555
-2490
-2113
-2131
-1554
-1052
-840
-1469
-1479
-1054
-1456
-1589
-1293
-369
-470
-558
482
315
-1341
-2319
-790
256
-875
-1474
-319
627
293
264
761
397
-317
353
1613
1719
903
901
1964
2576
2423
2128
1854
1931
2326
2774
2178
506
-143
60
301
-268
-648
155
480
477
-114
-331
51
-6
-61
-567
274
1767
2264
1926
942
870
667
571
827
625
837
1255
1667
596
-1714
-2430
-1676
-1066
-1803
-2584
-2199
-1896
-1834
-1951
-2288
-2745
-2487
-1024
-15
-275
-366
223
324
-368
-794
-553
-715
-1099
-1107
-1390
-1911
-2292
-2305
-2398
-2549
-2121
-1955
-1860
-1187
-325
139
85
385
671
950
1976
2880
3163
3063
2789
2362
2238
3245
3779
2837
2074
2104
2198
1488
1199
1499
1106
919
833
381
-673
-943
-275
-995
-2133
-1985
-499
43
-696
-865
-1250
-2033
-2209
-895
-242
-1369
-1337
70
412
-1423
-2131
-833
-479
-960
-741
-46
-781
-1459
-594
-416
-1518
-1811
-337
456
-291
-399
156
-15
-688
-491
411
598
637
1273
1552
1037
1015
2141
2593
1831
1655
2364
2053
742
477
1162
1181
334
143
234
-70
-212
128
669
302
233
538
703
688
512
1144
1038
541
517
1012
1404
435
10
208
142
-513
-1138
-621
-607
-974
-1123
-1144
-1178
-1559
-1440
-1114
-729
-459
-335
291
880
830
418
432
528
47
-222
132
317
-143
-677
-1145
-1999
-2887
-3393
-3430
-3082
-2421
-2048
-2408
-2594
-2128
-1780
-1953
-1731
-303
982
1269
1467
1512
1439
1103
1139
1288
984
1705
2634
2905
1725
545
830
956
1003
720
1171
1676
1414
1579
1369
992
-5
-418
383
808
802
412
746
1042
388
-393
-853
-733
-607
-218
143
-282
-937
-1238
-1429
-2061
-2513
-1665
-734
-905
-1197
-918
-621
-1290
-1506
-726
-55
371
824
1466
951
-95
-364
-116
294
381
654
659
308
331
339
111
-514
-609
180
980
1146
402
-327
-451
-211
-38
-165
-117
283
703
649
68
-336
-105
457
829
819
861
1073
896
728
1022
1554
1281
548
575
916
1138
893
898
726
177
338
791
804
-152
-434
296
581
277
-227
-77
71
278
522
156
-360
-684
-236
-154
-804
-1387
-1532
-1090
-1032
-1457
-2271
-2961
-2713
-2267
-2030
-1957
-1655
-1034
-1128
-1427
-1707
-1682
-942
-292
561
736
553
699
617
555
-64
128
853
725
258
-142
779
1111
221
-397
-424
463
691
957
1074
767
1010
1075
1154
491
326
927
1053
1226
1090
995
425
-12
136
-216
-531
-538
-29
71
-355
-368
-377
-688
-1120
-1171
-847
-332
73
163
-105
-24
44
-338
-254
347
1133
743
212
106
-180
-25
79
492
-62
-721
-231
142
93
-845
-754
-128
-78
43
-60
164
-304
-680
-357
-276
-80
-140
171
460
331
271
-248
-367
98
671
943
692
782
748
435
703
1070
831
75
237
1252
1285
544
-98
42
268
312
736
860
654
347
662
1021
447
-199
-104
723
1094
876
651
553
319
-220
-376
-406
-659
-865
-499
-62
-492
-1361
-1859
-1818
-1765
-1641
-1386
-1198
-1104
-1059
-1095
-1393
-1701
-1691
-1329
-809
-243
-54
-317
-536
-428
-136
-234
-305
-65
170
283
281
492
113
-482
-258
527
1063
553
356
576
661
695
636
648
38
9
676
759
212
-257
-105
-553
-1204
-796
10
14
-544
-405
141
23
-233
70
297
380
675
1222
1144
498
451
543
556
403
612
915
615
579
394
177
-161
-246
138
97
253
105
-165
-275
-355
-160
-403
-538
-359
-239
-171
-243
-131
-176
-398
-250
-12
65
-123
28
553
511
224
40
214
477
391
421
383
389
353
408
770
793
552
103
41
300
372
327
60
8
253
599
647
283
-47
-2
215
406
572
400
188
245
491
250
-342
-145
236
34
-345
-8
331
-386
-912
-533
-158
-767
-1186
-506
-48
-236
-445
-548
-1126
-1642
-1108
-388
-712
-1265
-814
-240
-678
-1477
-1420
-834
-468
-439
-540
-410
-234
-75
-256
-594
-383
82
498
499
175
-30
-131
190
415
143
-158
-260
-13
-100
-346
-411
-540
-721
-1010
-890
-679
-610
-480
-455
-389
-124
406
728
522
637
1361
1970
1885
1381
1387
1663
1749
1515
1139
1119
1045
807
415
-91
-64
206
480
326
-198
-191
-167
-115
-65
167
559
550
657
486
244
79
153
419
106
-63
103
438
358
-258
-688
-865
-628
-205
-130
-434
-695
-464
-210
-416
-474
-294
-93
-92
-41
233
222
124
43
-12
-180
-226
120
183
-61
-82
146
120
-161
-258
-71
57
54
203
130
-87
-48
365
516
-25
-352
-21
430
335
37
-123
-397
-584
-302
148
130
-118
55
319
34
-371
-394
-94
196
367
423
78
-259
-113
91
-174
-655
-420
230
414
66
-409
-584
-723
-732
-503
-208
2
-231
-673
-971
-992
-858
-1072
-1302
-1323
-1245
-1244
-1423
-1410
-1533
-1564
-1556
-1610
-1379
-916
-249
-104
-292
-174
240
666
848
1259
1661
1630
1629
1781
1933
1679
1329
1298
1205
1115
1094
1143
990
522
198
144
411
874
1064
1019
706
481
590
599
722
947
1282
1123
561
382
386
393
76
-101
-41
-133
-110
30
-8
-370
-695
-580
-443
-431
-220
101
164
-204
-281
-45
8
-107
-35
415
440
100
145
338
72
-648
-833
-551
-562
-653
-589
-544
-993
-1395
-1167
-969
-1143
-1246
-867
-416
-453
-632
-508
-174
73
200
454
468
432
735
1089
997
512
520
892
1039
780
446
367
326
290
105
-124
-172
-252
-233
-130
-184
-481
-828
-754
-469
-378
-413
-392
-341
-474
-559
-502
-647
-883
-893
-502
-263
-550
-768
-726
-643
-828
-983
-891
-781
-544
-282
-224
-560
-851
-683
-339
-46
142
304
190
-37
139
548
775
624
443
629
1126
1478
1298
792
470
483
524
444
349
389
516
539
374
32
-220
0
440
703
791
821
900
839
835
848
669
519
593
928
1036
774
535
446
296
42
-9
104
31
-88
-82
35
38
-107
-209
-312
-227
-70
63
52
-87
-37
54
154
168
63
84
105
45
-168
-420
-521
-600
-565
-516
-571
-728
-898
-871
-818
-852
-822
-666
-394
-224
-173
-212
-417
-481
-359
-87
185
230
265
305
265
31
-192
-145
82
401
527
553
527
410
206
-35
-158
-192
-71
75
186
156
-91
-475
-761
-780
-690
-585
-456
-314
-218
-246
-466
-696
-847
-845
-767
-688
-428
-146
-63
-318
-636
-745
-771
-738
-612
-331
-28
141
45
-282
-473
-306
-12
170
297
431
675
919
973
735
455
471
723
1003
982
868
811
672
473
239
93
101
212
241
201
119
83
67
23
30
194
495
645
700
654
566
454
392
490
549
658
761
700
426
235
313
376
333
301
364
387
393
478
443
169
-16
40
193
238
170
198
94
-167
-309
-253
-255
-411
-322
-144
-279
-571
-587
-394
-459
-677
-613
-372
-338
-409
-397
-446
-665
-712
-423
-208
-196
-202
-155
-302
-666
-733
-462
-252
-279
-330
-221
-256
-461
-438
-222
-130
-230
-224
15
86
-37
-79
-71
-214
-396
-248
112
169
-118
-312
-403
-453
-420
-247
-151
-287
-264
48
174
-189
-472
-370
-140
-120
-166
-105
7
170
109
-243
-616
-581
-157
155
168
164
291
335
207
135
164
209
262
531
877
960
922
818
686
416
399
680
823
727
567
513
362
185
36
-15
-136
-224
-94
54
9
-135
-112
-56
-105
-108
177
390
446
553
668
627
365
281
497
602
437
225
210
328
343
229
19
-123
-78
145
186
-78
-250
-113
95
27
-80
89
194
52
-136
-234
-250
-237
-25
57
-130
-379
-438
-243
-294
-477
-492
-401
-343
-323
-256
-248
-309
-376
-458
-500
-331
19
220
79
-230
-340
-265
-258
-284
-212
-142
-157
-206
-334
-509
-652
-583
-360
-214
-168
-154
-117
-161
-320
-420
-401
-312
-124
6
-18
-123
-131
-125
-154
-241
-234
-4
82
120
109
129
142
65
24
-12
90
292
458
335
22
-137
-77
-14
-3
26
85
164
263
272
167
50
3
160
309
373
398
583
719
513
231
98
221
432
571
560
452
336
281
170
35
-62
-63
87
126
110
47
9
-39
-136
-131
-6
182
203
218
214
199
217
211
217
75
29
131
242
254
147
26
-82
-111
-93
-32
49
180
152
-11
-99
-145
-153
-119
3
93
100
-45
-282
-329
-235
-180
-195
-237
-300
-344
-246
-203
-342
-411
-275
-45
25
-55
-167
-171
-147
-152
-118
-40
86
188
345
275
62
-53
-53
95
78
13
39
98
114
-38
-259
-419
-412
-291
-120
-104
-170
-171
-184
-262
-477
-556
-429
-275
-173
-116
-68
-84
-218
-306
-323
-321
-138
103
122
0
-25
54
60
-72
-208
-167
2
91
135
29
-84
-126
-158
-136
-164
-98
-19
155
259
167
78
48
190
288
325
321
325
431
534
505
354
208
202
256
242
249
245
258
198
72
4
-12
7
31
100
80
-20
-3
101
189
202
170
202
246
302
353
388
412
396
370
223
63
119
242
232
98
12
74
79
7
-80
-184
-196
-145
-67
-113
-240
-292
-231
-140
-164
-240
-351
-346
-277
-164
-125
-247
-258
-182
-77
-170
-293
-223
-84
66
67
47
29
55
159
182
112
50
120
234
249
186
121
70
35
14
-7
-71
-144
-172
-182
-230
-309
-371
-380
-365
-422
-430
-461
-474
-441
-371
-251
-267
-256
-240
-149
-98
-53
48
58
89
94
74
0
18
41
36
40
23
89
105
24
-69
-172
-198
-146
-114
-98
-145
-93
-10
-25
-75
-106
-53
0
40
124
241
293
294
310
326
275
221
277
377
423
433
354
233
187
193
219
168
123
145
193
192
116
58
28
7
28
97
160
189
193
152
55
-1
6
51
84
97
128
113
-3
-57
10
34
6
-3
19
46
32
-11
-11
-35
-40
1
34
59
7
-61
-96
-114
-107
-102
-79
-41
-52
-57
-73
-63
-53
-74
-20
56
132
137
73
28
-36
-120
-138
-64
59
127
133
74
-32
-65
-106
-123
-86
-82
-21
6
-38
-94
-209
-350
-413
-362
-243
-112
-76
-130
-242
-332
-429
-507
-445
-237
-42
9
-17
-89
-118
-139
-133
-128
-47
113
190
244
198
83
-9
-69
-101
-57
36
105
136
107
3
-192
-272
-196
-132
-126
-28
54
45
59
0
-73
-179
-121
63
214
307
234
141
64
3
-47
-29
48
160
218
182
111
42
10
-49
-22
69
164
241
287
293
191
98
48
114
189
209
255
224
126
28
47
60
50
35
77
161
107
63
54
50
47
61
123
183
275
328
192
-4
-62
19
152
202
218
213
142
81
18
-10
3
68
94
94
147
172
146
15
-42
-66
-39
14
35
45
-72
-215
-252
-269
-337
-289
-229
-202
-230
-275
-281
-283
-277
-264
-241
-242
-171
-46
-50
-149
-222
-304
-288
-215
-116
-80
-121
-138
-182
-212
-227
-158
-56
27
45
0
-81
-111
-37
-18
-62
-63
19
49
-11
-63
-88
-151
-232
-157
-13
-6
-37
-105
-126
-65
17
57
30
79
136
180
112
0
20
88
117
82
73
122
188
167
74
-66
-156
-121
-41
65
117
104
36
-32
-47
-48
-46
20
136
176
195
190
161
150
76
79
123
135
226
299
332
251
118
56
83
171
188
221
238
248
249
176
110
70
89
124
155
243
275
198
111
56
32
40
107
143
155
139
95
44
-12
-38
5
73
54
75
85
28
-21
0
2
-47
-74
-42
-14
-79
-148
-154
-149
-158
-104
-110
-174
-240
-236
-230
-251
-292
-334
-279
-274
-250
-254
-307
-353
-355
-297
-263
-221
-196
-146
-143
-231
-269
-269
-204
-121
-44
16
-5
-8
-60
-120
-132
-97
-59
7
86
88
45
-69
-146
-220
-190
-145
-56
2
-65
-63
-111
-83
-127
-102
14
92
242
252
252
196
112
95
137
198
189
208
225
181
82
-17
-82
-86
-32
72
123
132
101
51
31
44
115
177
271
347
369
324
255
184
124
101
152
229
255
233
114
11
-15
-26
7
66
81
126
158
153
120
95
104
126
150
208
297
279
198
101
26
-57
-48
67
128
79
-11
-64
-117
-158
-165
-125
-123
-78
6
76
54
-41
-109
-135
-96
-63
-16
-16
-17
-58
-162
-222
-261
-236
-162
-88
-63
-119
-161
-160
-138
-180
-202
-154
-116
-26
-65
-101
-159
-281
-292
-225
-129
-108
-86
-83
-135
-246
-316
-300
-205
-132
-74
-39
-70
-50
-75
-51
-47
-75
-26
40
78
74
-3
-63
-98
-120
-72
-32
37
29
-4
-30
-55
-66
-55
23
77
150
155
122
126
78
56
57
79
107
106
143
98
17
-42
-29
-6
28
117
135
170
108
95
110
107
139
164
207
222
252
247
206
100
83
104
103
126
147
182
161
101
5
-6
39
87
137
148
184
173
87
76
79
71
76
110
151
136
152
153
81
13
24
42
71
70
51
55
19
-42
-98
-90
-56
-77
-89
-32
-35
-67
-79
-71
-79
-59
-16
-43
-63
-118
-126
-125
-148
-171
-175
-162
-159
-165
-197
-179
-174
-199
-165
-168
-147
-96
-114
-97
-126
-156
-135
-136
-126
-174
-192
-126
-107
-151
-199
-180
-150
-178
-187
-151
-96
-62
-71
-108
-113
-63
-30
-17
-8
-9
-8
-24
-38
-19
8
48
70
53
22
7
10
2
-27
2
91
142
178
167
114
108
82
78
137
141
165
181
143
104
111
113
114
104
78
96
94
101
80
84
99
97
108
113
120
136
181
180
123
95
98
112
126
139
161
155
123
99
75
69
80
81
105
140
105
63
74
69
60
40
64
75
38
4
-9
32
5
-67
-92
-54
-45
-72
-73
-95
-124
-97
-102
-119
-71
-74
-63
-69
-77
-69
-87
-107
-110
-103
-82
-70
-88
-113
-147
-144
-120
-113
-132
-106
-82
-89
-106
-119
-79
-40
-28
-35
-10
-5
-41
-60
-67
-65
-47
-64
-58
-58
-55
-54
-88
-114
-151
-142
-118
-83
-72
-72
-49
-34
-18
-40
-41
-41
-29
9
-42
-56
-64
-101
-83
-88
-64
-40
0
45
23
4
-23
-22
3
31
76
90
137
111
89
129
76
76
89
87
142
189
196
181
151
135
127
113
120
104
142
148
122
104
83
102
103
146
139
129
154
121
127
100
86
100
74
81
59
14
14
23
33
36
16
17
-5
3
13
-18
-32
-26
-5
-14
-2
-1
-16
-26
-20
-16
-28
-23
-25
-57
-57
-28
-22
-56
-87
-69
-81
-110
-122
-80
-66
-69
-45
-68
-107
-136
-98
-69
-63
-62
-64
-62
-79
-69
-94
-110
-64
-52
-69
-108
-97
-66
-66
-79
-66
-35
-6
-15
-36
-21
-63
-34
-11
-20
-37
-50
-19
-23
-19
13
35
17
-9
-5
-17
-32
-27
-25
10
-17
-9
40
49
48
47
63
55
76
50
33
55
60
44
4
19
35
41
17
-21
-35
-8
-1
0
28
-6
-6
36
60
54
32
28
21
2
-3
4
8
41
29
9
12
24
25
8
27
48
39
26
14
26
21
9
41
63
73
77
114
104
106
86
68
66
40
56
33
45
-1
12
37
15
38
36
12
-4
25
0
-12
-31
-44
-31
-13
-6
-10
3
-3
-15
-50
-64
-38
-19
17
24
-2
-2
-10
-10
-20
-28
-31
-22
-10
-35
-50
-50
-46
-57
-73
-47
-48
-66
-63
-93
-68
-66
-79
-48
-39
-16
19
7
-9
1
-15
5
23
0
-30
-12
15
3
-7
-27
-36
2
-4
-18
16
-11
-30
-23
5
-25
-18
27
-1
16
16
20
19
-6
1
-5
-13
-9
-12
-18
-44
-75
-49
-28
-44
-37
-48
-53
-45
-61
-48
-37
-26
-37
-51
-19
-30
-1
8
-7
7
19
28
33
66
14
-2
18
7
4
35
59
32
48
34
42
44
59
85
82
105
88
66
62
73
85
65
81
85
92
117
109
78
61
108
88
82
83
53
57
53
35
-33
-48
-2
-3
-29
13
42
36
2
-13
0
14
11
-28
-38
-34
-22
-47
-45
-67
-57
-54
-87
-78
-93
-64
-16
-25
-44
-48
-48
-8
-33
-41
-51
-40
-3
-41
-32
-26
-1
-31
-49
-39
-49
-20
-47
-10
-11
-50
-15
-19
-21
-44
-53
-32
-37
-41
-38
12
20
18
6
-3
20
-2
-10
-7
4
2
3
15
15
3
-10
-12
-5
-12
-1
12
17
5
3
47
62
44
-5
-14
-17
-3
-26
-35
-9
-6
-1
-50
-35
-9
-1
-9
-13
-2
-25
-49
-60
-53
-49
-39
-18
-25
-29
12
41
59
53
38
47
76
83
57
56
78
69
66
57
19
13
-10
-46
-60
-51
-29
1
5
25
47
34
62
57
56
81
78
76
72
73
63
47
12
0
3
-3
-8
-25
-9
-6
1
23
34
17
9
32
28
26
31
41
44
59
40
35
59
95
92
47
46
49
42
10
6
-18
-12
-14
-18
-22
-26
-35
-47
-27
-62
-68
-95
-90
-79
-93
-73
-77
-72
-63
-81
-78
-77
-88
-95
-93
-60
-53
-49
-38
-46
-73
-52
-57
-76
-83
-98
-59
-4
-16
-49
-36
-32
-25
-16
0
12
-5
-13
16
42
57
43
2
-7
-12
17
38
15
12
24
29
34
18
12
24
27
4
9
26
17
57
62
29
-12
9
4
-5
19
13
16
12
41
0
-9
-8
-26
-3
-11
-1
14
9
15
18
2
4
24
69
67
45
19
27
66
41
13
22
23
-16
6
52
60
66
60
27
40
57
21
57
51
35
70
82
77
21
22
24
26
37
34
50
40
59
33
21
28
13
32
63
36
19
3
-20
-22
-37
-14
-4
8
-9
-29
-60
-50
-67
-78
-44
-72
-60
-69
-73
-41
-26
-19
-13
-28
-38
-62
-57
-30
-40
-46
-62
-65
-72
-53
-64
-89
-51
-77
-114
-104
-85
-69
-53
-51
-76
-63
-47
-72
-62
-38
-26
-4
-8
-26
-19
-45
-75
-55
-40
-26
-6
0
-34
-23
2
-22
-30
-19
-6
21
31
22
40
37
58
41
35
76
88
104
74
71
55
31
0
2
25
48
76
57
89
88
66
41
63
72
37
45
50
76
63
57
56
50
71
56
53
47
38
50
62
63
66
103
82
66
56
46
54
22
4
19
32
18
22
15
7
7
-10
-31
-21
0
11
2
-2
-18
-50
-32
-38
-19
-22
-18
-28
-21
-9
-46
-29
-23
-41
-47
-20
-34
-23
-42
-41
-52
-54
-44
-56
-32
-65
-51
-68
-46
-43
-48
-46
-68
-33
-58
-67
-53
-51
-87
-98
-72
-50
-28
-31
-43
-41
-66
-73
-37
-20
-23
-51
-45
-41
-66
-83
-37
-30
-36
-5
5
11
-20
-24
-2
17
16
-1
4
37
25
2
11
47
24
18
63
34
34
10
36
50
36
30
27
53
47
59
42
66
75
56
64
69
40
2
-23
3
52
43
35
29
44
45
41
58
83
74
63
104
116
92
89
63
67
61
35
56
46
18
-11
0
21
14
-2
24
13
-20
-10
10
19
15
28
12
-20
-24
-9
7
30
-12
-3
-16
-62
-29
-39
-29
-50
-29
-28
-55
-46
-46
-32
-29
-38
-31
-28
-41
-33
-38
-13
-42
-59
-33
-46
-51
-35
-21
-52
-57
-66
-74
-54
-60
-80
-45
-43
-10
-10
-51
-16
-17
9
-5
3
-4
-35
-22
-3
-16
-39
-24
-42
-34
-37
-44
-57
-65
-43
-19
-9
4
-10
-24
15
6
17
7
10
25
15
18
-16
-12
-4
-6
1
19
22
25
45
44
69
43
56
83
78
64
41
50
30
20
35
43
44
66
46
39
41
34
50
53
39
27
20
32
56
38
54
35
40
17
5
14
-2
23
3
-1
17
-2
-32
5
9
12
6
-13
-20
-8
19
12
44
18
-8
-10
-20
-2
12
18
10
-13
-3
-10
-9
19
1
-16
-20
9
6
1
-4
-3
22
-15
-31
-27
-6
0
0
14
13
12
-21
-38
-56
-50
-57
-64
-54
-37
-35
-59
-51
-35
-33
-58
-31
-12
-17
-31
0
24
-20
-7
-22
-38
-32
-6
-15
-57
-73
-71
-57
-80
-66
-59
-42
-37
-48
-19
-6
10
7
-6
-9
-28
-13
2
-1
1
-1
2
16
30
16
22
43
33
26
27
31
21
21
21
30
30
4
-8
-6
12
10
21
31
19
27
50
28
-12
12
7
31
41
53
60
25
37
32
47
31
37
55
55
39
24
83
45
12
44
33
31
37
15
9
6
21
28
22
18
-17
4
26
-3
-28
8
24
-10
2
14
6
32
50
34
35
12
-10
-11
8
12
11
47
25
7
-6
-31
-33
-40
-41
-46
-35
-31
-44
-44
-39
-38
-51
-89
-60
-58
-87
-70
-79
-49
-51
-61
-76
-64
-48
-53
-49
-79
-54
-64
-35
-13
-12
6
-7
12
-6
-1
-2
-12
11
0
0
9
15
4
-14
10
1
-6
-15
-29
-8
-20
-27
-14
-3
16
53
68
61
38
57
60
32
18
0
35
55
57
42
50
60
49
19
-33
-13
3
-9
3
21
25
5
-16
-35
-31
-11
-22
-4
16
36
23
0
29
3
-23
18
19
16
51
62
49
18
24
-8
-4
6
3
16
8
20
-30
-51
-52
-29
13
12
27
25
18
8
20
16
13
-13
-19
9
3
32
41
35
6
24
13
2
12
10
38
8
3
-28
-38
-28
-16
-13
-9
5
-5
-6
-44
-66
-76
-63
-54
8
22
31
76
9
7
-6
-31
-4
9
24
-8
-1
-13
-44
-30
-32
-25
-10
3
-19
-14
-9
-56
-58
-21
10
6
15
15
0
26
13
-4
-4
28
41
19
12
-6
-20
-42
-45
-36
-40
-48
-6
29
22
7
4
-7
-38
-17
-9
25
60
50
13
-32
-17
-20
-19
3
0
23
23
-2
-24
-41
-53
-45
-7
-1
-23
-51
-105
-142
-90
-51
-44
-22
4
-8
-16
5
-14
3
-5
4
38
60
78
76
57
42
63
29
33
65
77
86
87
87
76
43
35
54
29
45
62
64
32
-10
14
27
29
25
33
50
66
57
50
58
40
25
16
9
-6
10
37
35
22
-17
-26
-19
-58
-68
-58
-89
-83
-94
-107
-114
-118
-90
-92
-50
8
22
36
29
9
-16
-16
13
9
55
63
40
48
39
32
16
-9
-45
-43
-33
-23
-5
2
2
0
12
3
-21
-45
-59
-45
-49
-32
-24
-12
-20
-40
-22
-25
-12
-18
-1
-2
-25
-38
-54
-38
-47
-51
-25
-19
-31
-31
-53
-53
-33
-38
-35
-37
-31
-34
-45
6
8
-27
-18
-16
11
-3
-9
17
38
67
56
48
40
32
38
23
28
58
60
76
61
31
32
41
70
64
55
41
41
50
70
82
89
48
-5
8
23
57
38
25
52
41
37
29
6
7
2
23
10
0
22
-11
-26
-40
-52
-10
-3
-7
-2
2
21
3
0
-28
-29
16
35
27
3
30
1
-49
-28
-20
-37
-40
-28
-4
17
-1
-18
-25
-47
-29
-30
-25
-22
-24
13
-14
-16
-18
-19
-19
-29
-28
-37
-14
4
-6
-41
-21
-33
-36
4
-14
-19
-10
-2
-12
-12
-6
-29
-34
-35
-45
-29
-32
-25
-32
-21
-32
-63
-32
-28
-45
-44
-31
-18
-17
-19
-1
1
3
19
31
13
17
0
-13
4
2
14
4
19
29
55
37
40
30
6
44
22
31
20
7
37
40
34
51
26
45
29
0
30
22
-3
-29
3
-5
-13
0
15
26
0
-4
2
8
25
24
23
51
33
25
26
9
3
3
22
5
13
0
-16
38
16
17
6
-9
9
12
40
25
41
37
25
32
9
7
35
51
18
29
23
0
12
3
-2
-8
-13
0
-17
-31
0
-13
-28
-13
-28
-23
-24
-38
-33
-63
-35
-6
-41
-32
-12
-27
-49
-53
-60
-38
-36
-59
-76
-81
-64
-57
-38
-30
-17
-3
-6
-3
-16
-19
-22
-28
-20
-12
10
7
18
16
-9
11
-19
-22
-32
-40
-22
-21
-2
-16
-1
1
-14
-10
-19
-9
12
2
1
9
2
26
5
-16
-22
6
39
56
70
61
65
43
39
34
21
8
56
63
24
36
56
56
4
41
32
12
28
-6
4
-4
-17
-25
-23
5
-8
-12
6
-7
4
19
38
15
-18
0
-16
8
28
13
29
23
0
-17
-1
1
-32
-5
7
4
30
37
18
-5
9
32
38
32
43
49
32
8
9
11
-10
8
9
1
14
25
16
-6
-14
-6
-3
12
11
3
12
-2
-9
-4
-6
-21
-35
-29
-41
-68
-64
-45
-6
-8
-16
-18
-10
-31
-68
-41
-19
-7
-32
-20
3
-6
-19
-44
-61
-82
-70
-67
-57
-63
-78
-59
-82
-69
-53
-57
-51
-12
-6
-22
13
26
18
-4
19
33
43
29
18
58
39
18
19
6
-8
-5
6
28
13
-16
2
25
-3
-15
-5
26
57
25
39
13
16
36
9
32
42
42
12
13
45
6
12
50
20
24
33
19
27
38
34
54
67
53
47
61
67
31
62
61
48
29
12
49
37
54
30
19
60
51
33
14
28
19
-20
-13
-5
-14
-31
-37
-38
-39
-62
-79
-53
-48
-55
-66
-60
-45
-42
-60
-48
-43
-37
-22
-26
5
-3
-19
-7
-31
-23
-6
-22
-10
-9
-30
-47
-40
-34
-54
-44
-9
-14
-9
-2
-10
16
15
10
12
6
-12
-4
10
-22
-34
-45
-46
-37
-55
-62
-44
-21
-41
-34
-7
-34
-9
16
17
17
7
23
9
-9
4
-2
-7
15
22
26
31
26
19
18
15
21
23
30
31
28
31
47
49
57
62
18
19
25
22
15
6
31
41
9
4
-6
2
23
13
2
0
9
6
0
-12
0
10
21
27
44
33
14
26
26
53
41
34
32
34
18
-6
13
32
16
-12
-8
-27
-18
-28
-34
-7
-45
-42
-28
-21
-44
-37
-10
-17
4
-17
10
7
0
0
-37
-6
-5
15
15
-31
-17
-14
0
3
4
6
-16
-7
-25
-30
-20
-9
-25
-52
-18
6
-12
-4
26
5
10
-9
-9
-10
-50
-35
-31
10
-9
-35
-9
-21
-37
-37
-22
-14
6
-4
9
22
11
-17
-25
-16
-44
3
30
-7
3
-3
-11
6
-7
-6
4
-5
-14
-4
7
-17
-31
9
-2
14
35
0
7
-5
-11
-17
13
34
9
18
28
28
8
23
49
25
17
20
28
26
9
26
56
38
25
33
24
7
-4
11
2
0
30
23
32
15
-6
10
-1
27
13
35
33
9
9
-3
19
1
16
-15
-19
7
10
-3
-24
-26
-41
-52
-26
-16
-39
-57
-37
-16
-44
-1
18
16
-9
-14
4
-2
-22
-32
34
54
45
11
20
28
23
12
11
22
-11
9
1
-8
14
-7
-7
0
-11
-28
-24
3
-1
-6
-28
-31
-11
-33
-29
-16
-21
-31
-25
-23
-25
-44
-66
-34
-13
-15
-14
2
-11
-31
-19
-35
-32
-25
-43
-32
-28
2
12
5
19
-6
6
-3
-3
17
16
23
13
2
-10
-3
6
19
19
12
-1
8
31
3
-5
-3
-12
-9
12
10
6
30
43
44
49
68
55
57
64
48
43
34
60
25
14
35
35
40
19
2
4
13
-11
-2
-1
-5
12
-2
-34
-13
3
-25
-10
10
1
-6
6
-1
-12
-13
15
19
5
12
-18
-19
-15
-29
-12
12
-22
-22
-4
-36
-27
-32
-35
-47
-53
-34
-38
-24
-30
-38
-36
-19
-19
-17
1
-4
2
2
-7
-6
9
1
17
-1
-3
3
0
25
8
15
-19
-20
-2
-20
9
9
-7
-24
-13
9
-7
-9
-3
21
17
22
47
23
36
21
1
11
-2
6
-1
29
42
3
12
28
15
-25
-31
-17
-6
27
9
14
34
25
10
-18
14
10
-7
14
-2
21
26
-2
-14
-10
6
-21
-37
-23
-37
-24
-16
-5
15
-6
6
7
-2
-9
19
47
8
16
16
-17
-19
-38
-29
-13
-28
-34
-54
-17
-17
-54
-48
-29
-8
-6
-17
-19
12
17
9
3
25
19
-18
-8
18
22
9
28
2
-29
13
3
-10
4
-8
32
44
32
27
12
20
24
34
54
59
64
61
51
40
22
16
31
24
3
14
6
-7
-10
-37
-31
-5
-13
-16
-24
-5
12
18
9
7
17
-12
-12
-28
-9
-13
-19
-8
-18
2
-26
-48
-50
-29
-10
3
9
14
13
3
7
-5
-50
-47
-13
-17
-12
-24
-11
-34
-35
-15
-39
-15
-10
4
-6
-9
11
-15
-11
20
30
8
0
-9
0
4
-14
-22
-32
-19
-60
-38
-25
-39
-10
25
16
-19
11
7
1
-13
3
6
16
12
-5
21
14
3
5
19
-9
17
24
7
26
71
73
50
55
20
25
18
18
47
38
37
36
13
20
9
7
11
0
20
14
6
6
0
8
-12
-20
-9
-3
14
2
-4
6
12
-15
-28
-12
-15
6
15
1
-1
-19
-54
-54
-15
11
17
11
-9
-3
-2
-7
-9
-13
-30
-44
-40
-38
1
-7
-7
-15
-33
-32
-45
-17
0
20
31
7
0
23
11
-20
-12
-7
6
17
9
17
25
22
15
-10
-13
-3
11
21
26
30
36
26
9
4
3
0
4
-2
-1
13
-17
-20
-32
-67
-56
-40
-29
-19
-28
-7
5
6
14
7
15
2
-29
-25
-13
3
10
-32
-41
6
15
-15
-21
-25
-6
-19
-35
0
-10
-9
-7
6
3
-13
3
3
17
20
40
41
37
38
0
-6
16
25
9
18
31
15
10
25
40
39
36
26
14
7
8
2
13
11
-22
13
26
0
12
9
-4
-8
-13
-2
-10
3
3
-12
13
12
13
0
-12
-5
4
10
12
13
29
15
-2
22
1
7
0
-6
-13
-22
24
1
-1
3
-35
-21
-15
-45
-9
17
-19
-27
-15
-3
-21
-18
-9
0
9
-13
-2
4
-4
-3
-7
-13
-9
-26
-47
-15
-17
-47
-9
19
-6
-32
-26
-26
-42
-16
-1
8
10
-3
10
1
-34
-52
-31
1
0
-44
-46
-22
-43
-27
-14
-19
-7
4
-1
13
25
13
13
41
24
-2
29
17
15
24
34
31
43
54
35
28
28
26
-3
11
6
27
32
-4
32
29
28
27
18
37
38
26
5
17
19
9
50
13
5
1
-5
-1
-25
-4
-16
9
5
-1
10
16
43
10
-4
-2
-16
-32
-20
-10
-21
-20
-25
-14
-19
-44
-46
-38
-10
27
-4
10
16
-22
-3
-14
-22
-22
-10
-26
0
38
-1
-1
-8
-9
-28
-38
-22
-16
-6
-18
10
12
-23
-23
-24
-19
-2
-24
-27
-22
-29
-19
-12
-35
-48
-20
-41
-10
10
15
30
54
87
35
38
28
33
13
14
50
26
26
-14
-7
-11
-35
1
12
-3
-7
23
12
19
29
16
25
26
35
17
19
28
25
31
12
9
-15
-27
-16
-22
1
-25
-33
-16
-49
-60
-53
-34
-26
-37
-28
-22
-29
-19
-30
-41
-34
-50
-28
0
3
-1
4
19
6
5
33
54
53
39
26
41
37
47
72
72
77
39
2
-9
9
24
18
4
10
7
10
31
8
9
0
-1
3
-3
-5
-13
-7
-4
-7
15
29
34
38
14
-13
-31
-18
-19
-22
-23
-16
-20
-20
-41
-44
-11
-47
-30
-10
-22
-19
-9
-9
-24
-47
-41
-53
-44
-25
-23
12
-25
-30
-26
-12
-15
-23
10
3
11
17
15
20
28
17
20
13
6
1
10
17
-7
14
-4
14
36
-1
-13
12
41
26
16
0
23
32
30
34
-12
-7
-10
1
24
12
15
11
8
-2
-13
-15
12
-12
-64
-9
9
-31
-35
-11
22
-6
-10
-9
-3
10
-23
5
12
11
-1
1
20
3
17
28
10
24
26
-10
9
19
35
30
11
7
6
-4
-3
-14
-44
-10
-8
-28
-31
6
-12
0
18
-10
-7
-19
-4
-40
-10
5
-11
-13
-34
-29
-21
-10
-10
4
0
8
10
-4
0
-1
9
34
34
9
-4
9
10
17
-9
2
34
16
32
37
60
29
6
18
14
25
-12
-19
-1
15
3
-21
-5
-29
-22
-28
-11
12
-22
3
-6
10
-20
-42
-35
-38
-15
-50
-38
-39
-37
-59
-39
-13
-6
15
14
32
-3
9
5
-15
-12
-19
-19
15
16
-15
24
35
40
21
2
19
-6
6
9
12
30
-2
1
-2
-2
5
3
-5
-22
-25
-9
21
30
29
12
6
3
6
18
43
42
28
25
33
45
20
1
25
20
22
38
36
60
47
51
39
23
-1
-7
-2
-50
-24
-20
-45
-47
-48
-68
-66
-57
-50
-47
-49
-38
-72
-41
-56
-64
-24
-34
-46
-64
-35
-6
22
14
3
6
7
6
0
6
14
35
18
19
36
15
33
71
31
16
8
13
16
7
22
3
38
19
-10
1
16
9
-6
4
-8
10
32
23
10
20
9
6
21
12
7
0
12
3
13
28
10
6
-21
-28
-6
-4
-2
-6
-15
-12
-1
23
11
-10
-5
-17
-18
-16
-17
-10
3
-11
-32
-40
1
18
14
8
-18
0
-9
-16
-23
5
12
-15
2
3
-10
-16
-25
-2
3
-4
-7
-14
11
-6
-3
20
23
34
13
23
26
2
-2
-15
-12
-28
-20
-3
-13
-22
-31
-7
-15
-43
-15
24
-6
-15
-18
-4
12
3
18
29
34
2
5
-10
-11
20
19
7
-13
-22
4
25
-1
16
-2
-9
-13
-8
34
7
13
32
12
17
6
16
-3
-17
19
-6
-4
-4
-2
-7
-8
3
-19
2
3
16
8
7
-1
-16
-2
9
7
11
11
-8
19
44
47
38
40
29
34
37
35
47
43
53
9
-8
7
0
7
-1
-15
-12
-27
-26
-48
-78
-56
-66
-63
-53
-18
-22
-58
-37
-15
-26
-35
-30
-6
12
-37
-49
-46
-17
-24
-48
-28
-38
-27
-36
-10
12
10
21
15
30
12
14
45
37
2
0
26
24
25
30
22
1
15
2
-8
-8
-4
-4
11
22
0
31
-4
7
6
-19
-3
-3
19
5
23
-4
-9
-11
-19
5
-4
16
30
36
40
28
19
29
20
16
19
40
29
39
43
3
40
21
1
-19
-2
29
28
11
-13
9
4
5
-44
6
16
-34
4
7
-2
-6
8
-20
-19
-37
-40
-9
-16
-2
-12
-12
-14
-41
-19
-2
-17
4
17
11
-6
-8
-16
-26
-19
-26
-9
-14
-4
-8
-51
-38
-16
-31
-45
-11
-15
-28
-32
-28
6
-7
-28
-15
2
30
37
-2
2
-4
-28
-2
9
13
18
16
24
9
5
20
22
28
34
10
-4
25
20
-7
10
52
33
-13
4
-4
-15
19
10
19
29
15
31
14
16
25
13
13
5
0
13
13
-6
-32
-14
6
-16
-25
-18
-4
-20
-23
-22
-21
-2
-9
-28
-23
-3
-8
1
-6
-5
-1
0
-2
-19
-8
-3
19
5
-16
-7
4
-2
-17
0
13
22
-5
15
25
23
37
23
35
28
25
13
15
28
21
23
13
36
38
-6
-12
-14
2
10
-9
-1
3
-10
-3
17
3
-17
-11
-9
-26
-16
-14
-20
-31
-47
-63
-48
-46
-53
-24
-28
-19
-17
-44
-41
-18
-29
-29
-34
-31
-26
-2
6
-2
16
-3
-6
-20
-4
-3
-9
13
47
65
62
52
45
61
33
9
26
71
71
28
26
37
7
12
38
18
13
9
-4
-2
0
0
5
17
-6
-20
18
-12
-4
24
36
15
-4
18
-12
-30
-29
-7
-9
-10
-34
-53
-60
-43
-31
-64
-24
-20
-34
-27
-30
-21
-16
-9
2
-20
-21
-3
-6
1
-2
-6
-10
-6
6
6
4
-28
4
36
16
25
11
23
44
8
-6
3
0
12
29
35
16
16
10
0
22
26
30
5
13
31
-4
35
34
-8
28
34
45
38
25
21
7
3
0
20
10
32
16
-9
8
-17
-12
-28
-45
-50
-38
-34
-50
-51
-66
-56
-35
-32
-30
-42
-48
-38
-37
-16
-10
-22
-32
-6
2
-18
-4
4
-4
-6
-3
-12
3
7
-18
2
22
19
25
32
8
-4
23
2
16
40
24
21
44
47
32
33
20
6
-15
23
13
6
5
-21
29
20
12
14
15
25
10
0
20
24
29
52
32
17
13
10
11
5
20
-2
-25
-9
-38
-57
-33
-22
-32
-31
-50
-57
-44
-65
-33
-2
-27
-20
-10
-15
12
13
-9
-10
15
15
-3
-20
-26
3
12
5
-6
7
5
-7
13
9
9
-4
24
18
-38
-7
4
12
-4
-16
5
5
37
7
1
15
-12
-11
-7
-4
-6
-22
-1
15
23
18
0
27
25
15
10
19
26
15
40
42
45
33
14
11
9
0
-7
-10
-14
0
-25
-35
-4
12
13
-5
-26
-15
-20
-10
5
-20
-11
3
5
28
28
5
28
20
19
31
13
3
-3
-11
-30
-29
-52
-30
-1
-25
-28
-38
-58
-56
-44
-45
-38
-36
-36
-23
-11
-9
-16
-32
-17
-6
3
1
-33
1
1
9
23
8
18
16
19
10
23
13
32
39
1
-3
6
40
15
1
7
-4
4
0
20
45
39
37
47
28
38
56
53
35
20
41
20
23
27
-6
-25
-22
9
-4
-12
5
-2
-10
0
-10
-8
-10
0
1
-25
-29
-34
-14
4
6
-13
-14
0
22
16
-5
-32
-15
3
-16
19
3
-7
-11
-16
-6
-11
-15
2
-12
-44
-49
-51
-36
-38
-27
-8
12
10
-14
-15
-27
-37
-36
-13
10
1
7
14
19
14
18
41
20
28
41
38
31
18
29
31
31
17
-9
-6
-27
-19
-14
-26
-17
-30
-39
-42
13
16
-9
-19
0
35
28
40
29
27
19
-12
-1
12
29
47
0
3
5
-21
-23
-17
-10
-3
-4
-15
-9
-9
2
-10
-10
-35
-33
-12
-1
-3
-44
-10
19
25
14
2
14
33
29
10
9
28
28
19
18
11
5
-18
-6
1
5
8
-14
-16
-3
-11
-19
-11
-7
0
-12
-15
2
2
-2
-8
-9
-1
-5
-3
13
14
-3
-7
-10
3
0
-10
3
16
9
-9
-4
-15
0
-11
0
20
8
18
25
32
12
25
31
6
-3
3
-13
-54
-54
-32
-23
-29
-29
-15
-10
13
34
27
20
0
11
23
15
49
41
35
62
35
31
17
-7
1
14
17
0
-1
-14
-29
-37
-21
-24
-51
-38
-37
-41
-62
-62
-24
-25
-53
-43
-16
-48
-40
-27
-7
3
-27
-6
-14
4
-7
-19
-7
-32
-20
-14
-2
3
13
42
60
53
32
22
20
62
63
35
78
89
85
84
71
45
23
