26
5
-11
1
-3
42
47
29
23
32
50
38
36
45
43
33
43
11
-6
-21
-72
-87
-76
-80
-63
-49
-49
-48
-35
-22
-19
15
-9
-7
-13
-17
-16
-11
18
16
8
-7
21
25
23
-11
-15
-3
14
6
-15
-2
-21
-39
-37
-1
-11
14
-1
-26
-6
-10
-14
-26
-25
-11
31
18
15
30
7
23
2
-1
10
-14
-2
2
19
-14
-27
-31
-21
-16
-5
-2
-24
22
4
24
12
35
53
19
34
29
62
51
24
28
83
69
38
41
40
39
12
16
12
53
30
3
3
-8
-16
-29
14
-1
3
-2
-29
-32
-6
-3
-34
-22
-31
-25
-31
-7
-9
-47
-83
-107
-69
-43
-22
-37
-51
-17
-5
-15
40
-3
-39
-25
-52
11
18
-9
-9
9
-2
0
0
-5
7
-28
-10
-7
-4
4
-9
-14
-7
25
7
14
12
-34
14
35
34
66
43
36
17
23
36
34
27
34
72
57
22
-6
3
-27
-51
-21
-47
-43
-42
-63
-23
-34
-25
-3
2
10
3
7
23
78
69
52
78
79
64
45
9
-17
-13
-6
-10
-3
0
6
-7
-11
9
-5
-2
-19
-23
-8
-20
-13
-21
-5
37
19
4
-11
19
30
-16
-32
-52
-16
-32
-53
-53
-44
-22
-27
-10
9
-28
-43
-27
-53
-36
-43
-29
-3
16
31
32
43
22
9
3
0
5
18
7
-10
-15
-3
3
18
3
-13
0
8
3
3
38
41
28
32
56
77
67
59
43
32
56
52
15
-19
-18
-15
-51
-42
-25
-41
-73
-98
-82
-64
-33
-34
-12
-4
-18
-5
-16
28
28
5
18
48
55
55
70
10
-9
16
22
26
30
18
3
-4
10
16
10
-4
-18
10
-5
-25
-65
-92
-72
-37
-31
-29
-17
-20
21
1
-10
3
-15
-25
1
25
30
1
-9
1
-9
0
-17
-18
-28
-49
-67
-29
-8
-5
11
-34
-7
13
52
68
50
66
50
52
30
24
39
13
14
2
-9
-1
-11
15
1
4
14
-2
5
5
0
10
30
37
59
34
21
47
25
-3
-4
5
2
-6
-8
-11
0
-22
-41
-30
1
25
-13
-14
-6
3
-23
-38
-19
-33
-23
-31
-45
-57
-38
-21
-69
-34
9
-9
6
-4
-1
0
28
16
-6
24
26
2
-9
4
-23
-43
-64
-68
-31
15
-8
-28
-11
4
-1
-10
16
10
30
31
35
67
83
34
22
43
29
11
22
26
16
24
-15
1
-4
4
-6
-20
-1
-10
-2
-7
-3
-11
-2
-16
-7
-6
1
1
-40
-9
-10
-26
6
16
-23
-28
-13
-3
20
22
0
12
22
-3
-3
-25
9
33
37
25
-11
10
-9
0
9
-7
-3
0
-4
-9
0
30
7
4
45
12
7
3
-2
6
-2
6
0
6
13
6
0
4
44
74
41
27
13
16
10
-12
-7
-22
-11
-37
-27
-15
-38
-53
-71
-35
-58
-64
-63
-57
-29
-29
-40
-51
-19
-12
-7
16
23
11
20
-5
-25
7
-6
11
34
49
39
16
24
9
19
15
-14
-34
-21
-1
-45
-18
8
-13
-3
0
6
17
21
-7
-8
12
28
10
26
57
43
65
45
7
-4
4
4
9
26
21
9
-33
-29
-6
10
-9
-35
-13
19
9
3
16
16
58
22
4
2
14
26
20
41
29
34
16
45
10
1
6
-17
3
-33
-13
-14
9
-26
-37
-25
-33
-10
-35
-14
-28
-8
-14
-35
-38
-48
-44
-64
-47
-67
-25
-6
-50
-24
-21
-18
-36
-1
21
14
41
3
-8
-15
21
31
-3
14
3
5
-14
-28
-30
-57
-34
-17
10
0
-13
-10
-3
28
-8
29
41
39
54
54
57
46
57
67
99
90
102
60
19
24
13
0
-10
-19
-21
13
1
34
35
36
23
-13
-12
-31
-24
-22
-28
-42
-12
-7
21
7
-18
13
2
3
9
16
-6
-31
-62
-39
-22
-31
-40
-44
5
-4
-26
-60
-58
-43
-54
-45
-43
1
17
2
-19
-38
-13
10
-5
-18
-38
-35
-56
-65
-5
2
12
0
18
25
28
7
10
72
57
63
26
25
8
25
45
20
47
35
29
-5
21
4
16
32
4
2
-28
21
6
18
3
-6
11
15
30
-1
21
1
5
1
27
7
13
46
1
20
22
63
-1
-35
-34
-64
-75
-70
-45
-47
-31
-59
-40
-38
-46
-67
-6
0
6
22
-15
24
9
37
13
34
24
-4
-10
-28
-3
-38
-23
-16
-4
-8
-7
10
6
-11
-20
25
37
73
76
40
48
41
36
6
-19
-23
-27
2
3
-1
-11
-8
0
-18
-19
-10
-5
-16
-26
-6
-7
-12
7
8
-1
-34
-22
0
-19
-47
-56
-10
-16
-7
13
36
48
29
43
48
49
38
17
29
34
31
38
29
24
-10
13
12
-5
2
-16
-11
-9
28
9
-34
-32
-20
-23
-18
14
7
-18
-34
-32
-30
-41
-37
-37
-61
-60
-70
-61
-20
-19
-53
-28
-2
4
17
-5
4
-31
-6
16
10
25
15
57
55
55
53
43
37
23
7
17
56
47
18
1
43
57
25
9
-12
-1
2
-3
10
20
35
3
0
18
33
27
2
-28
-38
-12
-12
-25
-69
-76
-96
-68
-27
-44
-50
-50
-33
-40
-2
0
1
-9
1
23
36
54
13
11
-19
21
25
4
-3
-2
13
-5
21
3
22
0
11
44
36
62
63
55
58
35
28
68
38
25
-15
-13
-6
-9
-3
-29
6
-13
-19
-10
-2
-10
-24
-6
-1
-13
-38
-44
-31
-22
-21
4
-2
-13
-37
-31
-19
-30
-10
-40
-34
-37
-46
-35
-6
-12
-49
25
36
21
10
4
0
-11
3
-12
-18
-16
-25
-9
10
25
16
-23
11
-4
-6
16
15
47
-3
-20
0
19
28
26
29
11
9
29
61
40
34
48
46
57
44
31
7
0
-35
-47
-19
-23
-11
-15
-9
-10
6
6
0
1
-26
-17
15
25
-12
-21
9
53
78
49
35
57
23
29
9
13
47
-2
5
-27
-3
-12
-11
-9
-45
-22
-31
-29
-41
-48
-85
-67
-54
-31
-31
-45
-25
-32
-8
-17
-28
-54
-49
-18
2
-9
-36
-42
-29
-23
-38
-39
-33
22
18
22
67
63
83
56
72
65
22
47
13
26
13
2
26
44
47
23
51
13
6
10
15
-14
-12
9
-19
7
-1
-23
-51
-31
-36
-25
-18
-16
-19
-46
-17
-31
-40
-27
-11
-39
-2
46
30
38
39
51
56
49
17
13
1
3
-2
-7
5
10
25
30
25
13
64
17
-31
-37
-44
-28
-26
-16
-10
10
4
19
22
32
-6
-28
-27
-17
-4
1
15
-19
14
0
14
6
-27
-24
-9
23
-2
-12
5
12
-39
-31
-12
13
-22
-56
-14
20
22
-19
-5
-19
-1
-26
-20
25
10
-3
-5
12
5
11
6
22
2
19
41
60
62
45
22
-2
23
15
16
-45
-32
-31
-52
-48
-52
-66
-74
-52
-65
-27
-49
-21
-27
-40
-1
8
18
-20
-11
-18
-17
-14
23
28
14
-6
3
36
38
53
23
38
26
83
86
56
61
32
61
57
88
34
21
-6
-13
27
20
29
-6
3
16
41
18
12
0
-2
-23
-37
-6
-22
-41
-70
-46
-65
-54
-62
-54
-48
-61
-54
-60
-10
-22
-28
-19
4
-7
3
19
7
35
26
35
15
-1
-20
-15
6
16
17
-9
14
20
9
23
41
46
77
40
27
17
-18
-9
-8
12
-24
-33
-22
-4
-12
4
-1
-31
-37
-33
-19
-62
-61
-60
-10
-12
-14
-15
-15
-5
-7
28
9
9
-9
19
4
3
6
3
3
2
24
21
31
32
58
34
56
47
48
13
-12
-2
-19
36
-12
-11
-15
31
39
32
41
-19
-13
-11
12
13
33
-9
5
2
-3
-12
-53
-65
-97
-54
-60
-39
-53
-15
-7
-6
-8
-25
7
-17
-18
-33
6
13
18
5
31
66
65
56
24
22
1
2
-12
6
8
16
-8
16
34
24
16
1
24
-16
22
10
21
13
0
4
-34
-28
-35
-3
-42
-26
-23
19
38
-12
5
-3
-4
-10
-3
-22
-26
-44
-38
-31
-8
-13
-40
-35
-44
-27
-31
9
3
16
50
48
48
40
37
48
67
42
63
48
41
9
-1
1
-8
10
-48
-47
-51
-16
-13
-23
7
-18
-36
-47
-36
-29
-23
-39
-9
-19
-10
10
-5
-6
-28
5
37
41
13
12
-19
-1
17
25
37
14
28
25
60
29
6
-28
-22
-4
-29
-22
-22
7
-8
-13
-46
-16
0
-23
-15
-26
17
2
-2
-5
3
21
32
38
34
31
-1
15
-28
16
50
27
32
17
50
42
27
25
41
5
16
8
11
14
-33
-22
-54
-38
-44
-42
-64
-23
-7
-48
-52
-60
-13
-34
-28
-24
-12
-12
-4
32
28
38
35
24
1
0
22
35
0
9
14
9
17
-5
11
11
-6
3
0
-3
-3
-2
7
9
-15
-22
8
13
4
-7
-14
-13
-7
-42
-59
-55
-40
-31
-33
12
18
25
-5
0
7
13
14
-3
26
3
12
-22
-30
-34
-15
31
38
75
73
75
16
32
70
35
7
-1
4
-6
6
4
19
-21
-26
-17
-21
-45
-63
-49
-65
-18
-10
20
25
25
37
27
26
21
30
-8
-10
-43
-37
-23
-30
-49
-59
-9
10
9
-8
-39
-31
19
15
20
-14
-11
-10
-10
6
1
28
7
7
-28
-19
-50
-18
3
-10
15
-5
38
30
24
-3
53
54
31
43
35
20
-6
15
13
3
-47
-11
0
20
-2
-21
-15
-11
27
19
35
11
28
4
25
17
49
53
16
-6
-31
7
-15
-11
-40
-11
-23
-4
-12
7
7
-21
12
1
10
-50
-11
-35
-24
-24
1
29
-23
-13
-51
-21
-39
-16
13
-15
-26
-35
-23
-15
-25
-47
-47
4
0
-41
-45
-75
-45
-69
-51
-43
-52
-17
-14
9
15
49
57
56
37
75
78
66
62
48
93
66
44
38
53
53
61
47
36
35
11
29
40
39
32
31
30
27
-17
19
22
-10
-29
-58
-23
-21
-30
-34
2
-15
-34
-43
-26
-12
-34
-40
-44
-19
-25
0
-17
-16
-12
-38
-26
-43
-66
-86
-63
-50
-35
-23
-22
-11
-23
13
18
26
24
5
15
-5
-7
-41
-7
5
0
16
33
61
6
25
26
30
35
42
42
70
66
38
57
39
48
-15
1
-3
-24
-3
1
-8
-37
-11
-5
-22
-30
-7
-6
-6
-33
-15
-25
-31
19
16
16
14
35
27
-6
0
34
21
18
3
-6
10
4
18
1
6
-45
-54
5
-8
-9
-5
3
-26
-32
-15
-41
-8
-12
-23
-26
-11
-5
-41
-35
-53
-1
16
11
16
35
47
-6
-3
-7
14
-3
-1
-15
-58
-37
-25
-13
0
8
-4
31
57
67
33
50
58
35
51
35
40
15
18
-1
8
30
9
8
-32
-63
-67
-58
-42
-50
-40
9
6
9
11
12
4
13
53
48
39
26
17
3
3
11
3
-19
-20
-19
8
37
47
37
-13
12
3
-33
-47
-58
-42
-29
-22
-28
-3
-15
-41
-63
-67
-42
-59
-56
-39
-11
-12
-19
-1
10
1
-26
19
22
19
21
10
13
-11
15
-3
13
16
-5
21
13
40
50
63
54
15
46
65
45
48
26
-2
15
29
6
-4
-10
-51
-20
13
18
38
38
41
28
39
39
29
26
12
13
-2
0
-22
-13
-21
-38
3
-15
-24
-24
-28
-43
-34
-23
-24
-51
-54
-45
-64
-41
-35
0
-12
-7
-31
-42
-23
-9
-16
-85
-66
-68
-29
-13
-12
-6
-9
-9
10
22
-27
-17
-17
34
53
43
31
20
1
26
61
40
34
6
81
73
54
39
33
60
56
56
35
44
3
-13
-12
11
0
-6
-25
-16
0
1
-1
-17
3
-19
13
4
7
-17
-23
-29
-49
-13
-34
-22
-5
-16
-32
-7
3
19
6
-13
4
-18
-6
38
12
3
13
-7
37
38
23
4
3
-1
-21
-38
-37
-35
-48
-12
-22
-6
-4
-12
-11
3
-9
-28
17
12
-7
-39
-16
6
-6
-3
-22
-6
17
15
5
9
-22
-31
3
20
18
-19
-20
-20
-29
1
-20
-8
14
17
41
17
33
38
22
2
-3
13
28
43
2
-13
-6
22
37
25
14
32
58
35
55
39
-9
-48
-58
-41
-17
6
-1
-9
1
43
35
18
11
-26
-9
6
9
25
13
2
13
-5
-16
10
-16
-25
-13
-4
9
-4
-1
-23
-47
-41
-13
-33
-86
-63
-73
-32
-4
-28
14
-40
-36
-5
-14
-35
-55
-45
-70
-53
-48
7
2
-22
12
-11
8
16
35
44
37
48
46
51
33
9
6
38
37
41
61
55
62
64
79
91
88
49
34
64
22
2
-13
-4
-13
-37
-18
-23
4
-12
-3
-5
-9
-7
10
6
-56
-26
-15
-10
-7
-9
-19
3
26
10
-2
3
-4
-22
-23
-80
-44
-43
-45
-70
-88
-51
-56
-26
-35
-17
-47
-22
-6
28
52
4
7
-6
31
4
7
23
18
22
29
46
33
39
26
32
54
44
4
-9
-12
3
-18
-17
14
-19
-3
9
37
25
15
19
4
35
26
15
-16
-17
-35
-51
-32
-14
14
-28
-17
-27
-22
5
0
16
0
-16
-37
-31
-43
-35
-32
-28
-7
-1
22
50
67
39
25
22
14
-10
-28
-29
-9
10
-6
7
-6
10
9
0
3
-7
2
-4
-8
-28
14
23
4
10
9
6
0
-4
-19
0
6
22
1
9
-6
-12
11
11
34
-2
16
7
24
29
20
8
-3
43
29
19
63
92
26
14
0
0
-6
-20
18
7
2
-38
-16
10
-12
-54
-42
-30
-70
-97
-104
-75
-86
-76
-28
9
-22
-5
-14
-10
15
-4
21
10
35
1
-11
-10
-2
-8
-36
-20
-3
6
16
44
5
-22
-36
-7
-9
0
15
17
6
-11
15
32
78
56
74
68
72
48
23
51
25
54
28
34
14
4
-9
-13
2
-23
-18
-48
-20
-31
-30
-41
-26
14
1
18
-3
12
-6
0
-18
0
19
12
9
-29
9
-8
3
-26
-25
-21
-27
-30
-40
-16
-31
-9
-43
1
14
9
25
10
22
35
38
52
47
-18
9
-5
18
13
-7
-3
10
28
-27
-12
-25
-9
-13
-11
-25
-20
-23
-35
-18
-50
15
20
38
19
-1
24
-15
7
3
-9
-20
-9
-24
-39
-15
-32
-28
-28
-16
6
3
-28
-50
-6
19
16
-6
-9
0
41
58
55
72
71
69
36
16
5
27
-16
-26
-9
-5
-1
-9
-9
-43
-39
-68
-32
-22
-4
19
25
41
9
21
22
23
-33
-11
-7
-7
-17
-44
0
0
2
0
18
16
26
14
41
47
29
38
16
8
4
33
26
38
30
3
16
17
34
2
-14
-5
-11
-22
-47
-35
-25
-22
-20
-13
-26
-70
-71
-67
-81
-73
-60
-59
-38
-48
-26
-4
0
6
6
27
1
25
22
37
60
53
47
22
21
16
6
-12
-9
-13
7
12
26
38
52
12
-3
40
16
38
31
47
47
83
38
-35
-3
-34
-20
-25
-4
-11
-6
-7
-15
6
14
29
-8
-13
-40
-31
-19
-7
-13
1
10
-11
13
-39
-65
-81
-33
-23
-24
-43
-63
-38
-31
-8
-7
-10
-27
-1
-3
28
-19
4
30
11
25
-23
16
-5
8
9
13
10
11
25
30
12
-24
27
13
41
49
32
17
32
47
20
26
20
13
-9
34
45
37
3
22
53
36
44
4
26
6
-1
-13
-28
-19
-5
-5
-27
-42
-60
-35
-61
-22
-9
-6
-16
-26
-20
-8
25
47
67
25
30
-18
-1
16
16
-23
-51
-5
12
25
-27
-16
-18
-16
-47
-29
-37
-25
-20
-60
-30
-57
-6
3
10
-32
-52
-35
-38
-13
-17
-13
-49
-19
-32
-32
-13
-6
-16
-12
20
3
56
50
50
62
54
39
28
37
40
63
42
42
24
38
22
10
30
7
16
8
35
6
-4
0
-14
-22
-32
-19
-32
-19
-32
-12
-4
12
11
9
4
-16
28
31
31
19
26
26
3
-27
-20
0
-27
-54
-33
3
-6
-7
-18
13
30
42
47
41
37
27
29
47
62
31
37
35
41
17
7
5
-39
-74
-84
-73
-83
-70
-84
-72
-74
-46
-28
-30
-20
-41
19
22
2
-10
-11
3
-21
-22
-11
18
19
-25
-30
-32
-12
-6
6
28
26
10
-14
-10
-19
2
-6
7
1
-12
-19
-12
23
-1
36
38
48
78
98
74
82
45
-16
13
-10
20
-29
-20
-31
-51
9
-14
-2
-28
-28
-16
0
-8
-9
0
-19
23
23
13
3
26
34
41
30
11
35
-8
-10
-34
-42
-30
-39
-15
-1
5
-10
0
15
17
11
59
56
47
61
42
54
46
50
61
46
14
-4
-29
-28
-28
-11
-17
16
21
-41
-36
-50
-15
-40
-54
-53
-66
-44
-54
-44
-66
-54
-20
-19
-1
-10
-23
-13
-36
-25
-35
-44
-12
-26
-18
-7
-26
-16
-12
0
-1
-14
-10
-16
21
34
38
58
59
41
17
35
57
68
81
75
28
35
62
53
11
-2
-10
-22
-8
-38
-21
-16
-23
-8
31
38
-10
12
31
20
44
12
4
12
-8
3
-26
-6
-28
-52
-39
-47
-47
-72
-48
-37
-19
-13
9
37
-11
-19
25
17
4
-10
-2
41
57
58
32
4
15
22
15
57
22
-30
-15
7
7
-10
-3
10
39
41
50
28
12
-19
-34
-13
1
4
-20
-9
-10
1
-19
-21
9
-25
-44
-9
16
12
-4
2
-13
-50
-55
-43
-38
-54
-31
-7
10
5
-12
-18
-22
-22
-11
3
25
47
17
16
3
-11
-5
3
8
-23
-49
-17
-15
-41
-8
-21
19
20
4
28
29
19
7
36
30
30
22
2
-3
1
20
20
-39
-63
-47
-41
-27
-24
12
-7
-3
14
-11
6
31
53
51
24
2
0
0
5
-4
-3
29
44
37
24
12
18
14
36
41
23
49
41
7
-4
16
1
-18
-6
-14
-28
-40
-19
-13
-15
3
2
12
11
30
54
43
38
41
20
17
25
0
-10
-6
11
-9
-25
-37
-73
-65
-33
-31
-35
-30
-50
-44
-50
-46
-10
4
-1
-18
-23
-7
-9
-51
-49
-4
1
-24
-35
-62
-69
-61
-56
-17
-28
-9
12
-26
-12
-18
-8
25
15
20
20
22
28
41
18
-16
11
41
15
38
78
88
101
59
43
47
46
17
35
35
-11
30
49
-3
-6
4
-16
-9
3
28
26
42
22
-4
18
19
36
-1
-6
32
29
54
13
10
4
-20
3
-33
-36
-35
-49
-57
-51
-20
-1
21
18
8
17
-13
3
-29
-40
-5
-10
17
-22
-23
-27
-16
-16
-57
-45
-43
-25
-43
-54
-33
-42
-21
-31
-60
-31
-31
-11
-16
-60
-37
-34
-29
-4
-13
12
25
8
8
15
0
-12
33
48
21
13
32
25
35
38
56
37
19
28
2
20
-9
9
35
45
49
28
51
66
66
66
67
85
82
35
-6
-6
-7
-19
-3
1
-24
-34
16
0
-5
0
-30
25
13
3
0
-3
-36
-54
-17
-35
-37
-14
-3
-11
0
-39
-33
-16
-13
6
-17
-33
-54
-39
-59
-54
-28
-21
-31
-40
-19
-38
-16
13
15
8
11
-21
-21
16
-4
-17
-16
26
40
3
5
23
40
36
16
31
14
-26
-57
-53
-19
-20
-34
-16
5
16
23
28
39
60
55
39
34
28
21
13
28
19
50
34
38
20
-33
-2
5
56
25
6
5
-17
-28
-62
-51
-66
-47
-46
-43
-12
-19
9
35
31
38
45
18
-31
-41
-60
-40
-7
-10
-3
-6
15
27
7
1
21
-3
-14
-18
-25
-6
-8
19
11
11
10
20
37
16
51
62
49
29
24
66
77
60
23
-7
-12
-26
0
-27
-28
-7
-2
12
3
11
-7
-13
-47
-45
-82
-84
-55
-52
-63
-69
2
-46
-19
-9
13
27
10
51
17
-2
-27
8
-7
-36
-19
-19
-6
-20
2
10
-25
-4
6
-9
-6
-21
-27
-16
-30
-40
-12
11
31
16
45
73
54
63
63
40
38
14
-13
22
-5
-10
-25
-14
11
0
14
39
60
36
30
25
29
7
0
14
12
-19
-41
-33
16
32
0
34
43
25
22
31
17
33
34
-29
-67
-81
-106
-105
-91
-54
-20
-31
-16
-11
5
-4
6
0
11
15
-38
-29
-34
-39
-19
-4
36
59
41
62
61
54
48
50
51
-12
-16
-20
-65
-43
-24
-12
23
-5
-7
2
35
69
43
31
29
-9
-41
-28
-57
-64
-38
-55
-56
-16
13
-4
19
45
57
51
22
44
15
-12
-41
-69
-66
-85
-46
-77
-77
-25
-16
25
38
57
45
61
46
16
17
-23
1
-1
-21
41
87
75
65
64
82
81
63
41
32
6
-20
-54
-83
-77
-86
-54
-54
-36
5
9
29
40
51
7
-49
-28
-29
-55
-82
-70
-32
-47
-29
-17
17
40
19
38
38
6
2
12
-5
-9
-36
-61
-35
-48
-34
-10
-15
-25
-10
23
40
86
77
82
65
7
6
-12
-15
-2
-5
14
21
32
40
23
26
21
22
15
14
-2
-9
-2
-24
-8
7
31
69
62
50
29
5
17
-8
-7
-27
-28
-29
-60
-65
-67
-59
-111
-77
-44
-49
-25
-3
22
8
9
42
54
36
38
26
10
-24
-27
41
44
3
-11
-19
45
63
2
16
0
-25
-48
-61
-30
-15
-7
-25
-3
6
21
25
10
2
-16
1
-16
0
-19
-17
-37
-57
-18
-9
7
-9
6
-31
-52
-30
-20
-12
-41
-31
-23
-7
16
28
36
13
39
31
22
39
54
76
41
63
51
23
1
-5
20
-8
3
-1
-8
12
32
-16
-1
37
12
50
52
36
37
21
20
3
-1
28
22
0
21
35
-4
-7
4
-17
-30
-60
-66
-49
-28
-2
-12
-7
0
-17
-4
-6
-32
-51
-37
-22
-40
-57
-58
-64
-22
-2
-41
-48
-44
-13
6
10
15
12
6
-1
11
-1
-20
-32
-34
-10
-3
-25
-23
-25
-6
20
19
7
-2
39
35
37
32
26
36
38
30
4
56
37
10
13
-6
5
38
45
13
36
31
32
46
20
23
21
12
32
21
-17
-14
16
22
22
-9
-17
-4
-1
23
-18
-34
-75
-89
-78
-60
-8
10
1
-24
15
10
5
0
-12
-12
2
-12
0
22
-1
-9
-52
-43
-16
-7
-25
-21
8
7
-1
9
9
1
-1
11
24
11
28
28
59
32
16
68
54
33
22
26
17
5
8
20
-11
-32
-10
-7
-25
-37
25
8
-39
-25
-55
-36
-30
-56
-58
-65
-67
-73
-48
-31
-52
-47
-19
-33
-26
-6
-10
-9
0
12
-13
-32
-38
-38
0
31
48
38
48
55
50
53
49
69
53
35
37
70
75
30
13
18
6
41
53
-11
0
3
19
35
66
51
23
32
-2
18
25
25
0
13
26
6
-3
-21
-27
-53
-45
-45
-41
-39
-54
-53
-44
-43
-67
-42
-20
-50
0
51
31
10
19
14
-12
-10
-15
15
-30
-50
-11
-34
-7
-15
-16
9
-7
-7
-15
6
-4
3
41
17
0
-9
-9
-9
1
-6
4
24
36
29
7
11
-32
-33
-6
0
-22
-29
9
-7
-20
-2
12
-6
-4
-12
-13
-5
-17
1
30
43
7
14
33
28
19
-3
30
52
31
22
-21
-44
-34
-34
-15
-47
-44
-19
-9
18
6
4
-7
4
-3
10
25
30
61
41
34
36
38
-9
5
42
20
28
28
53
-8
-61
-30
-9
13
6
22
38
21
-8
-38
-28
-25
-12
-3
7
25
13
-4
-13
-23
7
-2
-31
-22
-57
-34
-39
-19
2
6
36
20
9
-18
-6
-38
-44
-44
-52
-47
-63
-63
-51
-18
-29
-4
-1
18
31
21
69
25
19
18
19
22
-4
8
-13
2
18
15
3
26
66
67
46
32
51
66
40
32
41
39
50
12
-2
-9
0
-6
-27
-45
-35
-36
-60
-48
-48
-45
-70
-44
-37
-16
-44
-52
-33
-41
-32
-15
28
-30
-23
-4
18
-3
-15
-11
-15
-3
-32
10
8
22
13
56
59
56
60
-6
6
-5
15
1
11
4
4
8
6
65
57
67
73
60
57
51
20
32
32
22
23
15
-1
-11
-12
-29
9
-21
-7
-19
-36
-31
-67
-19
-18
-3
3
17
4
-35
-13
-3
19
7
22
6
-19
1
-41
-50
-69
-65
-71
-69
-39
-68
-64
-54
-47
-64
-36
0
3
12
10
28
22
2
6
1
15
41
17
28
19
25
32
23
23
30
41
0
5
-6
-10
4
23
7
-19
3
22
18
-3
13
0
13
9
17
6
-16
6
0
14
-25
-22
0
13
13
25
22
30
33
-26
-53
-57
9
25
30
43
60
-3
-20
9
1
29
2
51
28
49
41
26
32
10
21
-16
7
-20
6
-6
-20
-28
-23
-6
12
27
-6
24
-9
14
-16
-29
-21
2
20
-9
-12
-65
-25
-35
-30
-40
-27
-25
-60
-62
-69
-42
-51
-18
-40
-27
-41
-33
3
6
30
-2
3
-1
9
-10
4
6
-4
17
-13
-41
-44
-45
-25
13
12
42
33
50
56
47
41
13
40
27
6
-16
1
17
25
27
53
73
67
85
66
53
29
52
23
16
-8
-2
29
-11
-10
-33
-12
-45
-35
-17
-24
-44
-51
-37
-43
-38
-84
-35
-32
-22
-15
-16
2
1
3
-14
13
16
26
-2
16
3
22
36
-3
1
-27
6
9
9
-9
-5
11
-13
-4
-7
-25
-28
-6
10
12
14
32
9
-12
-6
-1
0
19
44
54
66
58
31
12
33
56
36
26
45
42
10
-21
-39
-6
-4
-25
-31
-51
-39
-31
-20
-26
-66
-61
-28
-39
-66
-94
-54
-10
-19
-34
-42
-11
-32
-31
-50
-23
2
-30
-16
-22
18
19
15
3
4
21
-5
0
26
35
47
76
79
70
41
50
45
63
41
11
34
-5
-14
-12
30
16
15
30
39
55
1
5
-3
22
21
35
23
-8
5
-11
-22
-50
-28
-13
-17
-31
-11
-28
-28
-19
-28
-11
-29
-12
-27
-35
-28
-46
-40
-32
-32
-32
-50
-20
-19
-40
-21
-21
19
31
80
61
45
29
12
66
45
33
15
10
3
8
0
2
5
5
19
-16
-12
-53
-27
-2
-5
-2
-13
18
-15
-3
6
19
35
21
23
32
3
-5
-14
-57
-48
-48
-22
-41
-21
15
23
15
-3
28
6
-3
-8
5
-4
-12
-16
-15
-20
-39
-12
-20
-22
-11
38
24
41
67
71
37
22
54
23
50
1
22
-23
-51
-17
-15
-5
-41
4
-15
19
38
48
22
15
40
40
21
4
32
-1
24
-15
-16
-50
-48
-32
-40
0
-26
-44
-95
-41
-45
-34
-81
-90
-30
-61
-10
-7
28
6
-1
-1
-10
3
3
27
8
32
40
48
12
29
19
13
56
24
19
1
58
42
34
43
28
13
-17
1
-23
-23
-39
8
-3
-19
15
14
6
-31
12
21
48
66
93
88
20
18
-22
-42
-47
-41
-57
-63
-22
-9
-33
-57
-20
-15
-2
-1
-4
19
23
12
16
15
9
0
-13
-1
-31
-40
-34
11
-27
-64
-54
-26
25
-38
-47
-38
-13
-53
-28
-5
-29
-23
5
67
51
53
76
110
51
62
24
10
38
4
15
-53
-34
-10
3
13
26
37
62
61
31
19
-4
21
-7
-29
-52
-50
-51
-26
21
-31
-32
-8
72
89
77
82
55
77
29
21
3
19
-3
-53
-57
-128
-100
-78
-92
-80
-71
-72
-35
21
33
20
-1
45
61
31
3
-12
7
10
19
17
34
42
30
-9
-48
-42
-39
-28
-41
-45
-92
-77
-41
-6
-7
-68
-32
13
51
19
18
-6
20
46
40
14
-48
-18
-63
-31
-13
-3
-24
-37
-5
29
35
-5
44
58
73
-6
-1
19
9
-6
-51
-8
45
103
41
46
67
113
145
137
108
80
92
66
87
57
32
-14
6
-10
-37
-55
-48
-37
-41
32
-24
-15
7
6
-50
-72
-13
-10
-9
-4
32
-10
-3
-12
-36
-64
-105
-71
-44
-41
-91
-86
-84
-67
-85
-104
-68
-33
-7
-55
-40
-9
40
48
59
66
19
17
28
82
25
-43
-32
-13
7
-30
-54
-36
29
55
49
20
3
50
72
31
-6
-28
-89
-33
12
3
15
-12
7
-41
-114
-117
-104
-66
-65
-133
-171
-140
-85
-45
-78
-139
-165
-101
-21
36
11
-49
-16
6
1
-35
2
99
132
157
114
72
105
95
45
-10
-19
-27
-50
-35
-14
2
-41
-31
26
95
144
169
218
295
376
393
367
384
499
646
665
603
618
689
787
771
733
693
667
626
481
350
232
140
-4
-112
-276
-364
-389
-433
-529
-702
-748
-773
-733
-830
-930
-948
-978
-1030
-1090
-1062
-1078
-1078
-1060
-898
-773
-746
-710
-669
-513
-392
-341
-280
-222
-134
-111
-98
16
38
47
81
158
268
291
347
404
453
503
529
569
607
552
487
513
577
630
537
455
482
594
622
522
429
378
371
227
81
-78
-207
-249
-345
-427
-490
-561
-613
-534
-274
-74
-135
-134
113
432
545
420
331
465
922
1339
1345
1147
1165
1564
1973
1883
1525
1239
1239
1482
1632
1574
1172
669
273
168
313
184
-443
-1175
-1270
-920
-792
-1265
-1934
-2086
-1917
-1801
-1941
-2120
-2086
-1901
-1757
-1771
-1732
-1712
-1761
-1700
-1261
-695
-568
-710
-654
-269
51
30
-59
57
272
429
538
670
786
731
629
617
610
454
278
367
515
392
118
17
118
94
-127
-247
-204
-143
-155
-196
-56
114
68
-11
61
249
327
283
390
663
828
803
765
797
786
714
636
667
737
699
676
632
610
499
369
302
240
206
114
82
16
-48
-231
-539
-732
-904
-951
-972
-1024
-1180
-1280
-1097
-843
-632
-679
-803
-708
-199
465
688
394
84
506
1538
2316
2165
1495
1446
2363
3328
3341
2487
1738
1769
2268
2771
2672
1820
799
290
603
1078
573
-918
-1990
-1668
-778
-915
-2083
-3097
-3052
-2527
-2496
-2933
-3364
-3325
-3104
-2920
-2770
-2743
-2905
-3077
-2719
-1828
-1111
-1277
-1610
-1306
-529
-71
-211
-298
-172
223
507
771
1000
942
805
731
918
1008
869
668
761
1049
1093
828
454
417
559
614
508
463
449
409
482
666
922
901
742
725
870
971
1013
1040
1205
1415
1454
1403
1281
1278
1237
1197
1113
1069
1078
1056
1048
876
718
593
445
158
-60
-169
-221
-331
-582
-882
-1188
-1360
-1541
-1694
-1865
-1994
-2101
-2141
-2076
-1925
-1767
-1740
-1599
-1233
-622
-149
-94
-295
-126
811
1805
2035
1501
1296
2075
3194
3576
2960
2068
1787
2252
2850
2881
2282
1406
588
482
1022
1271
190
-1481
-2048
-1142
-434
-1233
-2683
-3280
-2602
-2071
-2520
-3353
-3474
-2867
-2371
-2467
-2668
-2695
-2809
-2824
-2337
-1337
-890
-1213
-1497
-808
135
282
-95
-258
245
813
1111
1124
1239
1310
1310
1262
1116
971
774
757
922
1124
929
489
218
331
537
391
149
69
147
171
239
517
741
778
661
680
796
826
921
1088
1381
1479
1377
1246
1242
1358
1315
1124
908
918
897
815
695
541
440
265
42
-227
-359
-372
-363
-464
-621
-757
-1008
-1267
-1409
-1416
-1436
-1491
-1609
-1681
-1631
-1550
-1609
-1734
-1588
-1195
-735
-544
-368
-15
504
853
725
441
696
1713
2501
2366
1772
1857
2554
3284
3351
2618
1710
1295
1755
2292
2241
1525
536
-234
-276
337
365
-1003
-2676
-2781
-1624
-1096
-2082
-3495
-3735
-2905
-2264
-2645
-3378
-3436
-2885
-2520
-2475
-2329
-2273
-2451
-2434
-1621
-620
-414
-880
-983
-199
600
689
325
293
662
1167
1457
1543
1513
1337
1377
1516
1598
1399
1109
1009
1238
1539
1460
952
445
531
905
948
560
318
360
553
756
923
979
832
791
894
970
863
835
936
1070
1131
1038
832
576
401
326
335
199
73
-38
-103
-193
-407
-551
-674
-753
-877
-910
-935
-1070
-1216
-1201
-1157
-1272
-1405
-1492
-1387
-1235
-1113
-1243
-1526
-1542
-1267
-1097
-1154
-1069
-821
-523
-299
38
386
679
1050
1289
1186
1013
1529
2519
3122
2886
2377
2389
3099
3894
3800
2753
1742
1734
2382
2731
2342
1490
494
-75
124
619
213
-1323
-2573
-2387
-1356
-1284
-2492
-3706
-3607
-2686
-2469
-3275
-3881
-3543
-2939
-2772
-2944
-2924
-2863
-2883
-2653
-1836
-1131
-1211
-1565
-1372
-539
28
-70
-404
-371
132
768
1086
1079
971
1078
1384
1434
1189
817
761
1029
1382
1509
1284
975
758
848
992
1009
948
879
906
1003
1217
1424
1419
1159
1032
1207
1350
1217
989
1034
1210
1322
1269
1047
810
729
757
681
569
550
548
321
71
100
136
-108
-462
-537
-410
-472
-582
-614
-667
-723
-790
-859
-904
-904
-934
-1046
-1268
-1365
-1380
-1468
-1609
-1801
-1792
-1555
-1129
-793
-803
-790
-371
220
445
155
-177
37
1004
2077
2207
1532
1202
1908
3095
3472
2639
1418
959
1579
2556
2773
1892
696
-41
86
664
725
-425
-1944
-2308
-1391
-673
-1346
-2613
-3167
-2632
-2121
-2426
-3080
-3271
-2736
-2257
-2273
-2655
-2819
-2715
-2416
-1723
-948
-577
-689
-658
-88
672
828
466
150
404
1059
1350
1261
1132
1381
1754
1760
1407
988
811
931
1200
1248
969
529
321
507
696
649
372
209
309
427
457
539
663
781
837
768
691
547
516
653
883
996
775
486
382
531
586
448
354
395
492
483
374
353
303
85
-180
-342
-271
-158
-142
-165
-120
-138
-291
-317
-166
-193
-531
-750
-646
-534
-862
-1273
-1269
-1069
-1113
-1426
-1631
-1659
-1278
-697
-420
-601
-838
-485
210
803
750
161
-87
563
1660
2074
1554
1065
1566
2658
3124
2470
1301
638
1017
1951
2421
1908
829
-111
-312
358
785
-181
-1978
-2809
-1904
-741
-983
-2524
-3607
-3122
-2229
-2276
-3163
-3687
-3199
-2406
-2014
-2039
-2207
-2466
-2441
-1759
-642
-35
-309
-633
-292
712
1358
1101
338
68
632
1450
1727
1470
1413
1634
1964
1990
1776
1410
1141
1200
1502
1672
1379
1052
976
1289
1503
1252
734
262
148
407
754
863
651
290
155
221
297
110
-200
-308
-199
-98
-108
-111
-157
-195
-295
-294
-185
-91
-67
-24
135
266
253
5
-229
-290
-140
-60
-57
39
230
360
193
-25
-218
-244
-260
-350
-613
-768
-626
-572
-797
-1197
-1335
-1382
-1460
-1587
-1525
-1290
-958
-628
-418
-165
98
426
419
57
-257
155
1178
1878
1773
1356
1469
2251
3236
3214
2082
984
1041
2001
2677
2502
1649
639
100
469
1118
699
-1126
-2618
-2244
-857
-461
-1738
-3271
-3473
-2516
-1882
-2451
-3435
-3405
-2394
-1643
-1683
-2119
-2451
-2630
-2489
-1773
-966
-846
-1201
-1170
-392
448
590
124
-430
-283
440
1126
1268
1048
1234
1755
2073
1878
1486
1258
1311
1515
1714
1722
1564
1511
1743
1958
1676
1223
872
643
430
519
810
806
595
456
483
360
153
-54
-164
-188
-66
120
158
197
355
417
136
-57
63
340
338
215
409
718
734
373
44
-31
97
79
-60
-196
-224
-255
-302
-226
-225
-319
-480
-644
-750
-744
-854
-986
-1148
-1342
-1558
-1915
-2155
-2264
-2241
-2232
-1995
-1592
-1254
-1095
-998
-638
-236
-149
-656
-1069
-577
830
1897
1757
1004
1018
2332
3572
3549
2266
1220
1576
2809
3670
3438
2510
1542
1125
1539
2003
1160
-638
-1784
-1273
-51
149
-1059
-2661
-2963
-1984
-1256
-2035
-3390
-3509
-2386
-1489
-1671
-2371
-2888
-2880
-2492
-1834
-1472
-1534
-1577
-1131
-203
487
633
240
-168
-2
817
1362
1153
821
1008
1770
2201
1992
1546
1311
1419
1603
1657
1564
1364
1323
1453
1412
1166
808
444
51
-149
-118
20
28
-20
37
-34
-191
-379
-428
-527
-581
-404
-153
28
147
357
514
624
616
724
878
865
823
784
963
1056
915
564
220
251
494
558
231
-158
-265
122
499
226
-400
-720
-712
-664
-861
-1254
-1605
-1790
-1934
-2182
-2346
-2506
-2583
-2712
-2725
-2449
-1856
-1436
-1406
-1389
-1242
-854
-493
-421
-747
-824
-286
894
1967
2090
1655
1753
2963
4080
4113
3123
2259
2469
3215
3787
3745
3192
2350
1709
1620
1834
1459
158
-1257
-1614
-801
-241
-864
-2159
-2745
-2378
-1983
-2452
-3327
-3600
-3155
-2504
-2165
-2226
-2393
-2469
-2350
-1841
-1308
-1040
-1210
-1386
-952
-91
718
903
669
561
871
1247
1274
1082
1069
1445
1689
1708
1652
1669
1599
1273
919
775
706
436
85
124
495
471
92
-384
-614
-623
-582
-622
-649
-528
-353
-277
-321
-97
140
247
209
261
498
683
830
1044
1186
1243
1462
1568
1459
1242
1286
1545
1491
878
551
793
894
578
12
-52
10
0
-195
-527
-680
-672
-614
-836
-1098
-1439
-1483
-1444
-1584
-1718
-1915
-2156
-2464
-2579
-2606
-2743
-2878
-2818
-2329
-1506
-1061
-1239
-1404
-1085
-298
188
-105
-632
-307
1283
2695
2997
2543
2583
3677
4715
4529
3542
2698
2582
3259
3992
4147
3564
2616
1531
1187
1507
1274
-282
-2275
-2835
-1733
-420
-747
-2296
-3117
-2779
-2143
-2262
-3285
-3886
-3542
-2754
-2134
-2099
-2250
-2418
-2080
-1582
-1187
-1107
-1346
-1310
-906
251
1194
1613
1302
846
1142
1475
1496
710
-97
-349
275
1276
1510
1646
1442
1499
1514
1058
-27
-1512
-1793
-1426
-367
283
320
404
235
404
384
203
-262
-950
-604
302
1374
1875
1451
1030
1099
1527
1288
715
86
215
1411
2486
2375
1519
944
820
1016
831
-68
-845
-667
-70
511
96
-542
-579
-255
-43
-371
-762
-1317
-1308
-795
-998
-2087
-2750
-2886
-3232
-4424
-5860
-6464
-6519
-6493
-6307
-5228
-3438
-901
2197
5033
6268
6547
6510
7021
7028
5221
2017
73
2996
7144
9091
6675
5110
6914
8164
5071
-3389
-8983
-8921
-4713
-871
-747
424
3252
6223
5048
-1047
-5203
-7748
-6536
-4316
-1589
1404
1586
2694
2870
1572
-4223
-11156
-12899
-10336
-5634
-3024
-1682
1031
3471
4366
1097
-2678
-3772
-3365
-2312
-2373
320
3304
4467
4730
4825
4323
78
-4189
-4492
-2910
-1715
-1436
283
2523
2769
3618
3246
823
-2670
-3133
-102
788
36
1055
5110
7710
5327
1293
-924
-1034
-225
-444
-256
979
3618
4322
1607
-471
-1025
-638
-1808
-1785
447
1788
1821
1630
2395
1787
-867
-1579
-665
-376
-509
-47
1240
601
-351
-350
-581
-1364
-2247
-1238
220
420
8
287
1443
1532
181
-1623
-2173
-1485
-1258
-1698
-1665
-627
-722
-2125
-3909
-5521
-6969
-7928
-7263
-6199
-5142
-3714
313
5872
8483
8451
6828
7200
8269
6910
3694
-2209
-4244
810
7851
11616
6788
3373
6728
9144
6339
-5891
-13408
-11952
-4805
3057
2200
1713
3390
7178
7728
-654
-8264
-11897
-9034
-2777
-421
1315
219
1696
4387
1149
-6803
-16465
-17122
-10307
-3764
-1008
157
3303
6710
4955
-362
-4692
-5558
-3311
-2236
-1085
1418
3992
5162
4822
3828
2432
-1690
-4380
-2891
-291
570
514
3081
5438
3938
2427
3778
2615
-350
-2579
204
1890
-920
574
4790
7991
3945
-1204
-1152
-60
324
-1075
-1035
1370
3237
2799
-202
-2618
-1968
-483
537
467
548
1251
2039
2181
569
-1149
-1615
366
2071
1035
-503
-946
123
-35
-2192
-3233
-2765
-1322
-649
-724
303
583
-291
-1018
-745
-624
-1427
-2149
-1409
-309
-1443
-1675
-2023
-1320
-1509
-3229
-3315
-5037
-6411
-7634
-6950
-4898
-3882
-2477
2447
8056
10939
10278
9596
10595
8968
5606
631
-2392
-3368
2297
9053
12409
8812
4501
7704
8257
3964
-9193
-15841
-12142
-4096
2360
1191
2221
5159
6784
4386
-3995
-10361
-12515
-9445
-2567
-767
382
456
3724
5665
-1244
-11396
-18519
-16533
-9524
-4139
-1024
2339
4951
7317
4451
-997
-5007
-5429
-2404
-1642
-1108
2623
6186
6816
6463
5148
3975
-889
-3000
-541
-205
-810
-854
2802
4364
858
305
2423
905
-2736
-3586
240
2318
-128
1533
6398
7553
4072
-701
469
1478
-1301
-1663
-521
2740
3219
906
-269
-1658
-1703
-205
1273
2341
2156
1962
3597
2439
-202
-1686
-1718
917
861
-1022
-1392
-1302
-98
-1937
-4629
-3681
-2827
-1979
-1836
-1171
1215
1049
-163
557
518
345
-747
-850
1266
-509
-2174
-2335
-2297
-1967
-3375
-3777
-2277
-3155
-5813
-7232
-7359
-6016
-6058
-4117
1129
5960
10595
13100
14236
15061
11228
8307
5384
-618
-6278
-5775
3980
9885
10708
5174
5850
9119
4919
-3503
-15127
-15530
-12203
-4206
2317
2844
5871
7906
7350
1985
-7147
-12667
-12215
-8549
-4722
-1515
2390
4918
5959
1983
-6432
-17722
-21122
-15689
-7557
-1287
1137
6289
9867
9483
3853
-1815
-4061
-3564
-2226
-852
2516
6486
8218
8191
6976
3305
-1006
-4656
-4063
-3086
-3608
-1942
1805
5150
3415
303
1892
2133
-1330
-3925
-2392
1171
1162
1467
5433
8709
5780
126
-2126
-867
-1678
-3622
-1339
1676
3541
2261
236
-341
-659
283
920
2017
3437
4123
5246
4551
1454
-1184
-1677
-324
-411
-1853
-2475
-1541
-753
-1319
-3219
-3982
-3089
-3056
-1593
-807
143
2104
2221
1806
-143
-986
178
-611
-1250
-846
-666
-808
-1861
-1760
-215
-1835
-3181
-2395
-3165
-5149
-8087
-6736
-4290
-3284
-1654
3161
8323
11462
12618
11115
11686
7188
4599
1406
-4997
-7259
-3930
6261
11711
8297
2480
2939
4891
1898
-8861
-16877
-15824
-9541
-519
2898
3918
6292
6412
2772
-2646
-7696
-8967
-8038
-4862
-531
4142
6282
6697
5104
-2008
-12073
-20069
-17170
-8860
-2183
1225
3443
7084
9328
5344
-826
-4521
-4205
-288
297
1289
5305
8564
8721
6029
2394
20
-4271
-5796
-3040
-2515
-1330
-538
2650
3857
-376
-867
2237
2928
36
-2220
28
2777
1976
2245
5494
6009
2383
-1250
-1327
498
-2340
-3852
-2187
212
2341
185
-913
-583
1210
3282
3312
3034
3118
3860
3787
1909
-807
-1033
-17
381
-372
-2953
-3694
-2955
-1971
-1954
-4736
-4478
-2110
400
1170
-252
2363
3514
1745
381
294
1796
1002
-657
401
294
-2230
-3599
-2394
615
36
-1455
-404
-293
-2806
-6614
-8060
-7033
-5892
-5025
739
6226
8687
11444
9885
9011
5122
1640
1625
-1918
-5594
-8124
-6
10897
12170
5218
-2298
-1293
645
-687
-6984
-11021
-10548
-7404
1698
6327
6389
3592
-32
-1182
-3434
-4870
-3940
-1824
-682
-68
3274
6966
5644
411
-6673
-14211
-17170
-12677
-3785
2329
2793
3496
6290
6111
637
-4491
-3954
-405
1927
2584
4156
6807
8101
5575
1586
-2328
-4976
-4762
-2265
1663
1742
525
95
-79
-606
-3215
-1557
3003
4932
2888
1283
2636
2341
-787
-2646
789
3643
2772
1270
1438
1731
-1892
-4513
-3233
-1562
-1014
-1873
-228
3822
5806
5718
3578
2077
1438
683
958
335
-149
774
1408
410
-2259
-5077
-5733
-4906
-3936
-3189
-2501
-188
1823
2706
2301
762
1272
1772
1044
988
1823
3790
3838
1227
-1097
-2837
-3879
-4388
-2447
1248
2685
1849
946
-633
-4513
-8334
-9578
-6071
-2821
-935
2093
5383
7902
7444
4754
2353
1706
1536
2634
550
-1939
-3646
1190
8445
8338
2924
-4455
-2807
759
2926
-2057
-8712
-11569
-9294
-272
3738
4684
1512
-2660
-4071
-3551
-987
-228
-2469
-3155
-1333
5197
8159
5148
-205
-7783
-12807
-14052
-8780
-1647
3382
3584
3221
2654
1201
-1390
-4048
-2849
222
4500
5985
6213
7997
7823
3137
-1579
-3440
-838
867
2050
4831
3325
154
-3181
-3357
-2882
-5127
-2374
5049
8605
5908
844
-235
-954
-4559
-4497
1428
7134
6427
2196
-140
-118
-3435
-6246
-6348
-4084
-125
647
3676
5545
4065
1708
-1178
-73
1163
390
1307
2469
4010
2905
-1504
-3274
-4244
-4984
-5009
-3370
-37
1149
144
123
370
-411
-1625
-2095
1302
3657
3271
3394
3784
4224
1322
-3053
-3562
-3056
-3044
-2015
1874
5660
3341
-942
-2558
-3383
-6848
-9583
-7077
-1463
476
-413
1983
4963
4758
2113
290
1774
2781
3188
4489
1965
-3217
-5945
1997
10554
9472
476
-5633
-1638
2461
3771
-2125
-9169
-13598
-9877
2168
9189
7339
-1507
-8265
-6861
-1831
2425
2983
-328
-2078
866
7287
8087
3098
-4346
-9902
-12437
-11202
-4198
3074
5287
554
-2952
-3005
-2314
-2708
-2334
577
4837
7337
6748
5517
4326
1144
-1773
-738
2205
5498
4336
3637
3575
-795
-6786
-10111
-6971
-2516
173
4401
8952
8437
3619
-1693
-3694
-5564
-6695
-594
9025
12499
7686
553
-3333
-5923
-9563
-8232
-4357
572
3284
4810
6410
3486
-440
-3753
-3382
-928
2009
5133
7146
6616
3036
-1306
-5167
-6410
-5746
-3902
-1054
1421
3142
2317
-605
-3562
-5576
-4229
-1228
2893
6571
6991
5924
3864
1520
-831
-2908
-3139
-1827
-364
1048
2782
3643
1415
-2594
-5114
-5054
-4036
-3964
-3796
-2692
-506
-1015
-3303
-3779
-3855
-2229
-171
3297
5092
4767
3116
2828
3366
234
-2434
-1679
5960
10789
9166
1782
-3968
-3199
744
3945
-1426
-9966
-13398
-4831
5528
6877
913
-6145
-7728
-3420
3047
7197
4462
-963
-976
3621
6687
3844
-652
-4249
-8798
-12105
-8810
-2087
2655
42
-4330
-5399
-4287
-1001
329
1454
2806
4903
6059
5300
4127
3544
2352
1290
2474
4006
3316
894
-424
-2294
-6662
-9550
-5872
-66
2468
2832
5146
5776
836
-4260
-5137
-2943
-1042
2721
9197
12064
7172
-1728
-7964
-9308
-8274
-4193
1231
4892
5438
3777
2204
-789
-3923
-3947
-103
4926
7988
8251
7069
3589
-1675
-5895
-7740
-5839
-1317
2375
3826
1645
-1492
-3036
-5272
-6485
-5775
-561
5539
7859
7413
5185
2394
-965
-2229
-1074
1224
1851
1910
1795
-427
-2207
-2161
-1451
-1758
-3262
-2303
-839
-2799
-5266
-5520
-3078
-3211
-4194
-2445
429
452
-1328
-928
575
1827
1235
3535
6968
6365
1551
-2215
2417
8578
8202
1189
-5392
-2742
4408
9457
3908
-9303
-17002
-11912
1896
7789
3915
-2962
-5702
-3782
-17
4523
5932
2261
-2372
-160
6155
8184
3209
-2876
-6935
-11239
-11359
-4188
3489
3529
-3765
-7972
-5960
-2584
-341
324
2311
4071
4092
3915
2680
2755
4154
3944
3430
2496
2034
1187
-1732
-4269
-6665
-6795
-3435
-277
2006
1791
1033
948
-2102
-4480
-3385
367
3564
4083
5245
6756
4314
-1016
-6266
-7409
-3208
1980
6368
5706
2041
-733
-2125
-2349
-2167
1409
6351
8245
6455
3531
1563
-270
-2801
-4022
-2610
423
3604
4524
2512
-1437
-5235
-5613
-4057
-2627
-661
2597
5608
4763
1318
-406
107
338
383
1456
3413
3054
188
-2270
-3217
-3072
-2341
-368
1204
464
-2422
-4714
-5948
-6213
-4624
-1977
-210
-1104
-2989
-4259
-4807
-5288
-3522
918
3436
3545
2303
4637
6803
2987
-3387
-5773
3528
12688
12498
3848
-3987
-2051
3655
5731
-1688
-11433
-12165
-2541
7293
7833
528
-5934
-8411
-6285
533
6847
8297
2706
-1082
1349
3851
3398
-276
-2559
-4922
-9113
-6926
-157
5496
3501
-5037
-8548
-6946
-1901
1036
-385
634
2929
3785
1831
-134
3092
5879
3357
414
-606
702
1030
-555
-355
-2293
-4148
-2534
-242
612
-2013
-2215
370
-387
-2121
-2876
-731
2116
2582
3553
3056
980
-1504
-3204
-1165
2510
5154
4118
394
-87
1437
1142
-784
62
5180
7339
4261
344
-39
1050
-31
-1315
-521
1159
2149
2443
1312
-1629
-4557
-4342
-2072
-131
600
1807
2540
1433
-317
-1284
32
1255
1802
1584
1561
1179
-554
-2438
-2955
-1744
-605
537
1022
-133
-2891
-5637
-6112
-3491
-292
1724
1746
-201
-3040
-6366
-7591
-6846
-5052
-1936
1183
3161
1859
-1354
-2356
-1081
2327
4442
3986
1064
-462
4851
9822
8820
334
-5359
-363
6990
9379
2122
-6461
-7864
-4348
3145
6544
3612
-1598
-6918
-3979
1458
4589
4270
-524
-1138
-1141
-1678
-1523
-2410
-964
-2704
-5685
-2792
2336
6783
2260
-7206
-9855
-6660
406
3072
2219
3418
2452
-540
-3781
-3788
767
1906
830
1733
2017
1364
-1905
-1495
1136
-1651
-4378
-1817
4852
6247
464
-2576
-2354
-3008
-3620
-1679
3265
4851
2558
652
-840
-1039
-713
183
1438
1772
3366
4836
3663
1661
173
1017
2353
2836
3386
2609
1565
1646
1441
-307
-1966
-1251
1094
567
-1385
-1018
-279
-1164
-3288
-3139
-182
1289
1355
1765
2165
2084
214
-711
-292
-151
22
645
1834
1912
547
-1616
-2956
-3652
-3026
-1662
-1318
-2275
-3154
-1155
1076
183
-2788
-4155
-3330
-3244
-4297
-3679
-1759
-1167
-1921
-1823
-1398
-1737
-833
1924
4904
3433
-831
-2721
1625
8749
10050
5069
-1485
-1581
4208
8897
7135
-266
-3840
-2115
1423
3189
1482
50
-3652
-5564
-1890
3170
5356
-1315
-7483
-7073
-3949
-865
-569
1150
1053
-4061
-6174
-2788
3294
4712
-733
-4246
-4158
-1064
1481
724
1096
937
-729
-3266
-4308
416
3705
1556
-1374
-1696
1132
373
-1298
1462
2681
30
-3387
-857
5059
4243
459
-1011
-1304
-2056
-3205
102
3887
3097
1718
731
275
-1416
-3171
-729
2834
4681
4508
3149
2988
1874
-574
-595
1991
5922
6277
2481
968
1410
617
-2507
-3675
226
2405
247
-1915
-2119
-2275
-4598
-4932
-810
2814
2697
877
560
815
-595
-1813
185
2277
1928
587
307
1179
53
-1449
-2145
-2487
-2611
-2533
-1326
-833
-1830
-1738
85
966
-1137
-4029
-3156
-1293
-1828
-3811
-4049
-1357
-488
-1288
-2697
-4183
-3341
-739
3749
5074
1017
-2950
-2405
4582
8898
6681
1548
-260
4456
7975
8020
2976
-1639
-1915
-935
2378
3092
3079
443
-5288
-4558
-698
3788
1010
-6791
-6730
-3882
-773
-1556
-2308
1003
-2174
-6200
-4881
859
5370
147
-4182
-2593
-235
1305
-596
857
3720
873
-3340
-6000
-1074
5666
3898
-291
-2753
-732
626
-2110
456
3683
2417
-1301
-2944
1784
2375
-772
-222
1091
667
-2463
-1643
3419
2811
-766
-1100
1084
1781
-1920
-2217
1657
3244
2434
1171
2687
3744
938
-1209
685
5326
7853
4326
372
278
1205
441
-1028
880
3247
853
-3264
-4320
-3339
-3022
-3349
-668
2609
1333
-1303
-1482
834
949
-1444
-635
2291
3035
1231
304
1329
300
-2451
-3044
-1575
-1153
-2014
-1525
-103
-509
-2428
-1851
69
-562
-3165
-3763
-870
408
-1940
-4571
-4234
-1985
-935
-1629
-2407
-1739
-124
2179
1889
-1103
-3048
86
6641
7112
2420
-1011
2285
8145
7815
4177
-594
-2059
-535
733
3713
3547
1875
-1336
-4876
-2528
470
3209
668
-5210
-5642
-3815
-494
-171
-991
-1228
-5601
-7228
-3072
3319
4191
-3038
-5977
-2377
1656
1675
-598
2136
4352
853
-4917
-5776
2468
8553
5185
-1392
-3557
-73
384
-1544
1060
4133
2650
-2639
-3690
309
890
-2
1607
2685
-330
-4219
-1873
2713
1819
-574
1172
3285
414
-4486
-3179
2439
3533
1184
251
2289
3252
94
-1444
788
4327
5415
2551
1093
2135
2489
976
-592
1123
2603
290
-2118
-2107
-1049
-1778
-2605
-730
553
-969
-2417
-867
1579
1405
-103
16
841
459
-12
712
1567
924
-978
-2013
-1977
-1665
-897
-382
-284
-1166
-1849
-757
441
9
-1743
-2631
-1698
-916
-1682
-2836
-3206
-2457
-1600
-1277
-1239
-1458
-1700
-696
330
-455
-1704
-113
4992
6101
1569
-2235
835
7468
7958
3594
-928
-1859
-689
-68
2670
3680
2202
-1057
-4453
-2688
584
3959
2377
-3811
-5503
-3777
-208
292
-375
488
-3473
-7724
-6791
381
5678
-134
-6148
-4995
581
2586
-1465
-842
2466
2238
-2042
-4712
1403
7405
5725
-15
-3238
-329
1657
906
2439
3854
1910
-2866
-3631
1008
2459
921
1338
2913
1037
-3596
-3255
1242
2630
717
863
2587
573
-3762
-4158
811
3846
2019
-200
-474
854
485
108
2045
3557
3639
1093
-175
2000
3513
3063
581
-168
765
102
-729
-615
150
-436
-2070
-2114
-1228
-1463
-1937
-807
907
868
-847
-1364
-390
-123
-316
-92
953
1434
-169
-1893
-2492
-1706
-421
-40
18
-536
-1333
-1097
-82
350
-922
-2403
-1934
-1252
-1686
-1707
-540
447
-1253
-2783
-1221
1267
1079
-1711
-2248
36
3119
4177
2638
386
-1143
1154
4742
5949
3284
-988
-1273
-641
-350
232
1060
2280
-1302
-3811
-1891
785
1633
-2070
-2210
-703
-1521
-1633
-1486
1047
-878
-5745
-5120
-1346
2894
900
-3443
-3959
-3165
-27
1068
1090
1577
547
129
-1634
-1055
2860
4854
3570
164
249
2173
1057
59
1376
3348
1664
-2061
-1479
1007
1123
-211
358
1970
248
-2295
-1567
829
816
-906
-234
1749
1426
-1025
-1347
254
406
-493
-253
1654
1329
-883
-522
2155
3741
1620
-250
1220
2680
2548
1532
2145
2795
860
-778
-758
608
595
-765
-970
-1364
-2256
-2965
-1825
82
-274
-1145
-1192
-878
-1044
-1181
345
1340
780
34
30
60
-1415
-2290
-948
609
247
-1101
-932
239
-548
-2304
-2137
-114
1020
-431
-1492
-1020
-426
-543
-280
1636
2006
-388
-2649
-2164
692
2238
2184
1504
623
521
977
2237
1874
387
677
2195
2760
-202
-2949
-2760
-1313
382
849
731
-1591
-4475
-3687
-1109
814
100
-483
446
-1305
-4141
-4514
-392
3550
1558
-2049
-3537
-2117
-983
-1484
-221
1352
1255
-890
-1911
658
2753
1971
-89
-453
1279
2240
2486
2728
2196
821
-108
764
1588
754
-285
470
1502
594
-758
-385
1052
636
-1007
-1097
174
713
-346
-1174
-400
540
560
7
-834
-1015
-664
-59
438
326
595
997
1064
952
713
1070
1755
1889
1666
1019
1075
2010
2236
1221
-909
-1499
-113
915
369
-1128
-1473
-1366
-2000
-1971
-446
1329
1032
-1014
-1631
-719
766
1589
1444
1006
-506
-1554
-1527
-801
41
446
728
-118
-1200
-875
13
-54
-1421
-1453
506
886
-791
-2059
-730
669
-651
-1802
-981
409
-414
-2305
-1996
-58
1272
992
171
-133
32
498
786
551
224
86
433
368
-281
-422
94
405
-480
-1168
-929
-601
-755
-877
147
1110
689
-580
-1249
-794
-157
338
721
490
-527
-1599
-1600
-845
-573
-501
-298
-195
-475
-727
-325
34
-55
-130
309
708
1040
1466
1935
1664
449
283
721
945
569
277
1142
1580
1243
415
-348
-96
199
224
136
-158
-123
-402
-961
-1103
-420
822
974
-324
-1762
-1572
85
1212
853
313
824
1240
632
117
1004
2235
1855
685
1025
2345
2673
1446
102
-341
-313
260
913
978
-159
-1637
-2043
-1573
-744
-70
308
63
-1040
-1521
-882
83
753
397
-369
-1605
-2521
-2048
-967
74
-161
-1129
-1728
-1430
-327
221
-14
-411
10
965
1376
975
354
389
786
946
1030
1295
1737
1596
579
-353
-213
1115
1891
1293
-15
-836
-743
-543
-495
-405
-297
-760
-1875
-2575
-2129
-1390
-950
-1056
-1494
-2085
-2400
-1775
-872
-230
-308
-941
-1583
-1654
-916
-9
395
98
-602
-904
-449
122
552
699
904
742
336
486
830
951
368
-55
221
799
1233
1281
1123
798
389
327
645
604
173
12
525
729
453
443
493
35
-907
-725
700
1315
454
-494
-361
191
184
415
1197
1556
706
-751
-922
408
1786
1761
967
980
1347
995
231
261
1344
1699
652
-253
-13
1137
1110
-266
-1255
-1170
-338
-208
-263
-271
-903
-1818
-2509
-1818
-432
333
288
-339
-548
-408
-295
-52
160
344
267
-61
-316
-429
47
521
106
-728
-828
178
695
386
216
715
980
305
-43
544
1445
1200
383
414
937
1204
553
-174
-54
216
180
-353
-727
-606
-1028
-1675
-2236
-1805
-950
-1186
-2052
-2914
-2398
-1511
-1222
-990
-1051
-1208
-1648
-1600
-617
-240
-695
-1275
-1039
-76
72
68
263
552
82
-1094
-826
545
1758
1332
-50
-405
235
1049
939
237
283
825
1090
706
367
1022
1755
1797
721
-21
589
1318
1386
486
173
680
882
574
98
242
492
424
282
43
-76
-50
-50
-54
-264
-123
625
975
478
-514
-645
246
917
945
603
556
725
766
594
593
893
1189
958
183
-245
-8
751
1073
730
19
-790
-958
-551
-25
-78
-772
-1306
-1567
-1464
-779
25
471
114
-486
-655
-523
-413
-295
-14
106
75
-308
-535
-281
128
141
-233
-133
203
288
-155
-292
499
1215
891
-3
-234
379
787
777
1036
1225
1039
237
-352
-95
326
443
-277
-1099
-1491
-1603
-1495
-1746
-1874
-1740
-2055
-2536
-2685
-2019
-1296
-1172
-1166
-1208
-1058
-1284
-1421
-993
-638
-209
-74
129
415
506
565
183
-36
239
770
1176
782
442
518
777
899
556
799
1109
1044
776
363
708
967
711
255
53
603
834
493
102
53
412
379
75
281
473
482
380
304
404
215
316
403
218
-117
-283
391
755
516
300
515
917
475
-40
214
952
1350
881
451
509
860
739
468
806
1184
1066
51
-535
-9
738
965
411
-119
-697
-1191
-1255
-949
-376
-445
-1093
-1638
-1803
-1203
-254
140
-278
-951
-958
-561
-75
421
484
325
-164
-389
-66
317
614
459
246
-105
-505
-481
-7
642
816
702
174
-441
-557
-317
158
410
636
743
285
-354
-616
-224
27
-399
-831
-894
-780
-1038
-1435
-1427
-1380
-1611
-2077
-2164
-1687
-1071
-734
-752
-646
-553
-608
-704
-684
-171
203
506
636
344
447
439
542
213
84
355
328
1011
839
492
228
56
243
205
772
621
457
476
5
93
-61
129
482
300
243
-93
41
116
-49
50
7
182
282
367
637
648
561
605
533
711
953
1135
1041
405
173
528
1088
1521
1276
692
366
210
453
905
919
800
781
706
373
56
432
648
612
316
-290
139
549
610
596
-94
-398
-632
-917
-955
-1062
-878
-1026
-1503
-1762
-1866
-1407
-853
-663
-600
-975
-866
-295
95
400
36
62
288
142
384
563
513
156
-253
3
440
580
451
168
-25
-293
-494
-328
-193
-423
-730
-679
-83
339
-92
-908
-1170
-836
-404
-219
-275
-279
-589
-1106
-1506
-1458
-896
-755
-1033
-1285
-1232
-885
-516
-116
-125
-175
-121
94
445
452
563
678
958
1125
1056
922
652
749
751
596
497
541
645
418
136
-131
-88
126
147
50
-188
-61
203
282
145
-181
-298
-16
191
-11
-79
19
46
-57
-55
28
179
144
179
542
635
582
421
637
905
577
328
327
613
971
944
999
967
668
220
-121
299
683
669
373
80
116
57
-134
-126
159
320
218
-89
16
319
377
416
242
-87
-451
-602
-607
-719
-796
-864
-947
-895
-1037
-1046
-745
-436
-99
-195
-396
-278
168
643
597
519
642
608
547
348
282
459
404
411
385
199
-147
-503
-558
-569
-748
-949
-1003
-1055
-1050
-1110
-950
-806
-953
-1106
-1186
-918
-644
-357
-182
-263
-505
-763
-665
-397
-342
-408
-390
-273
-194
-308
-104
260
496
439
238
335
433
667
929
1037
911
662
528
633
648
307
159
140
63
-163
-264
-189
-182
-446
-702
-456
-79
144
-17
-125
-106
-111
-94
19
402
612
370
-34
-15
400
788
678
369
199
259
430
426
639
977
1026
616
253
366
668
680
563
654
892
816
386
275
342
372
183
106
321
380
110
-262
-253
-83
-123
-437
-468
-252
-141
-399
-559
-232
134
318
-93
-270
-196
-249
-322
-391
-65
76
-286
-644
-617
-236
-9
-202
-221
117
511
423
82
224
647
831
555
187
92
180
80
-42
29
132
-43
-286
-427
-609
-814
-1080
-985
-682
-768
-1135
-1378
-1290
-984
-1019
-1225
-1234
-979
-567
-436
-406
-396
-449
-450
-361
-295
-214
-275
-255
12
120
177
208
294
433
414
302
502
772
897
737
424
427
419
452
367
255
193
77
6
7
142
159
124
-74
-339
-494
-249
278
528
272
-73
86
404
534
366
396
715
802
497
171
194
535
736
518
309
156
312
404
234
163
267
483
542
363
115
-4
-89
28
164
312
312
134
3
-97
-132
-193
-48
182
289
-37
-419
-428
-241
-108
-217
-285
-176
-62
-225
-243
74
468
566
326
48
-124
-149
-63
169
289
275
1
-230
-255
-51
172
178
162
139
252
243
91
-70
60
186
64
-152
-180
-73
-259
-521
-628
-341
-317
-564
-748
-721
-606
-909
-1156
-1074
-725
-659
-1019
-1174
-949
-741
-701
-829
-856
-628
-331
-110
-129
-123
-76
34
77
-6
57
343
664
737
588
411
403
500
620
705
657
594
523
425
375
378
526
504
304
125
-91
-69
86
157
144
-27
-233
-370
-440
-378
-174
111
211
71
-212
-295
-80
124
271
307
394
429
262
12
-40
249
581
540
262
179
200
176
145
293
484
505
253
76
93
129
189
253
421
368
128
-40
16
187
169
-2
19
224
241
-47
-314
-95
235
219
-81
-184
-59
73
37
-48
176
267
143
-25
-50
127
177
47
-17
35
60
-85
-246
-93
41
43
-84
-137
-41
-82
-158
-260
-243
-341
-456
-478
-394
-284
-393
-608
-777
-728
-595
-348
-193
-164
-399
-682
-756
-626
-361
-334
-383
-458
-469
-525
-395
-124
-11
-203
-428
-244
125
307
158
174
255
195
-88
-148
218
588
562
258
276
371
372
167
181
391
456
263
29
126
280
283
108
46
8
-32
-122
-89
126
254
155
-56
-222
-297
-204
-94
165
250
154
-9
-19
158
189
107
132
417
478
295
17
19
281
366
307
167
-3
-153
-91
142
338
224
-12
-81
3
73
-37
-59
42
124
68
43
128
131
18
-125
-35
126
254
273
145
-44
-120
66
313
363
110
24
192
392
427
298
304
392
310
122
133
259
323
212
-2
-72
15
54
-61
-231
-304
-207
-108
-108
-196
-339
-420
-468
-469
-500
-520
-472
-458
-614
-773
-734
-600
-468
-480
-503
-572
-552
-452
-437
-418
-387
-330
-284
-192
-126
-57
-28
-29
-94
-153
-163
72
438
501
327
95
158
176
67
93
306
458
334
152
128
243
247
135
59
173
296
368
240
175
272
270
123
-142
-134
-14
70
44
-4
29
89
25
-175
-319
-405
-233
67
205
83
-66
-110
-123
-86
-85
40
222
264
83
-110
-12
278
387
180
-35
-90
-13
-4
145
311
241
37
-60
111
227
158
77
180
266
313
200
123
226
221
96
-142
-74
279
468
246
26
97
300
323
159
157
301
426
282
122
207
416
426
234
63
60
176
264
214
38
-46
-151
-228
-312
-348
-381
-401
-421
-509
-572
-601
-567
-590
-586
-708
-649
-510
-486
-552
-679
-627
-574
-440
-357
-233
-148
-266
-437
-439
-238
-51
12
39
141
171
112
2
97
231
177
67
196
510
615
477
300
315
296
129
18
221
490
441
238
140
111
0
-113
-89
115
259
247
210
177
94
-6
-69
-116
-66
-16
-17
-41
-34
-41
-79
-112
-215
-336
-402
-249
-30
64
-21
-145
-148
-161
-210
-238
-53
177
150
-96
-237
-89
121
116
-88
-193
-106
-25
-25
-45
-19
59
52
44
113
220
233
180
182
213
295
281
214
207
235
265
205
202
351
460
402
260
258
435
464
269
191
369
468
331
168
115
236
250
152
114
149
196
42
-98
-170
-235
-217
-195
-174
-209
-282
-293
-308
-356
-442
-403
-259
-276
-384
-445
-332
-242
-276
-317
-312
-237
-192
-221
-288
-184
-31
-60
-224
-296
-115
64
10
-70
-25
17
-102
-226
-171
-16
124
115
102
72
-10
-80
-83
-54
-90
-88
-35
79
105
-19
-150
-152
-118
-161
-172
-33
179
212
31
-90
-79
-18
38
-3
29
71
73
98
96
89
41
-31
-74
-99
-82
-2
51
99
68
-38
-132
-130
-11
45
23
-22
33
91
53
61
81
61
21
-33
-7
67
134
154
112
100
130
196
221
250
256
193
171
219
337
383
332
251
200
234
214
195
236
263
279
151
34
72
247
279
111
49
101
171
70
-37
16
140
164
70
26
40
64
-18
-143
-188
-112
-19
-36
-141
-221
-199
-212
-319
-433
-314
-72
-53
-205
-293
-212
-160
-190
-256
-225
-103
-97
-151
-139
-96
-84
-123
-204
-225
-181
-60
19
35
-46
-189
-232
-200
-110
-9
9
-7
14
-53
-99
-123
-89
7
7
-88
-111
-45
0
-42
-166
-247
-287
-256
-236
-180
-106
-54
-50
-51
-9
-31
9
60
73
54
-1
22
120
123
45
-19
0
63
41
-9
-34
-24
35
48
1
19
28
22
16
-15
27
150
228
221
184
158
180
190
189
183
225
229
179
146
115
119
137
238
328
331
301
258
242
284
280
264
256
259
352
354
310
209
170
177
52
46
170
254
192
2
-120
-102
-92
-104
-168
-142
-34
-35
-54
-91
-76
-34
-35
-111
-154
-104
-75
-111
-197
-248
-275
-307
-358
-405
-328
-190
-151
-205
-291
-248
-179
-178
-162
-187
-111
-80
-178
-158
-38
-1
-23
-89
-119
-68
-53
-81
-107
-119
-120
-107
-117
-40
37
-6
-81
-98
-21
16
-18
12
138
180
73
-54
-46
-3
-20
-63
-88
-32
-9
-94
-152
-95
-1
33
-54
-82
-29
-10
-26
-23
77
130
107
53
11
17
13
6
37
87
97
22
-63
-61
-57
-41
-38
-64
-62
-29
15
58
139
154
157
136
96
117
124
203
270
273
265
247
154
114
145
152
213
222
193
147
165
179
152
150
177
196
201
217
222
266
237
205
160
116
89
65
77
33
-26
-37
-41
-56
-26
-54
-32
0
-33
-92
-127
-76
14
70
-5
-84
-152
-172
-176
-215
-198
-182
-217
-278
-337
-313
-234
-241
-314
-363
-332
-269
-193
-152
-102
-39
-47
-120
-230
-171
-41
1
-7
-61
-30
6
-56
-136
-161
-166
-165
-168
-113
22
72
76
13
-37
-35
-10
38
114
190
183
169
121
111
82
73
84
60
67
3
-18
6
66
84
63
7
-64
-30
-20
7
44
106
124
91
17
-81
-57
-15
-23
-88
-65
0
14
-28
-92
-88
-66
-76
-133
-136
-46
47
86
114
135
143
126
92
95
146
159
166
151
123
127
105
136
114
83
16
0
28
51
162
209
208
178
173
136
83
51
114
205
196
170
101
92
95
60
42
51
41
0
-39
-39
6
35
41
-34
-125
-150
-113
-54
-50
-34
2
10
-57
-124
-109
-133
-212
-250
-224
-158
-170
-176
-133
-182
-203
-239
-231
-122
-93
-92
-111
-95
-23
-13
-54
-79
-22
-11
-57
-67
-7
89
74
50
2
-34
-60
-115
-149
-109
-19
-25
6
32
9
-11
28
94
40
18
12
-12
22
19
40
91
65
-51
-124
-108
-96
-41
42
66
64
25
-41
-45
0
12
-16
3
66
73
49
38
91
122
59
4
-13
-26
-3
1
20
43
-2
-1
-29
-16
-6
5
84
118
136
108
137
175
145
112
76
57
47
29
56
72
60
42
11
-16
-58
-48
-6
9
-4
6
51
105
164
149
55
57
32
13
47
55
113
99
31
-57
-80
-67
-53
-29
-28
-9
-58
-89
-44
41
31
-16
-34
-64
-53
-68
-52
33
117
126
43
-9
-10
-31
-66
-42
16
49
3
-98
-136
-103
-44
-46
-44
-20
-24
-22
30
54
39
51
25
-6
-73
-92
-79
-47
-31
-53
-40
-70
-75
-92
-107
-129
-154
-126
-99
-45
9
-14
-54
-109
-127
-86
-70
-17
-15
-52
-114
-117
-61
-57
-72
-119
-103
-101
-85
-52
24
79
54
32
10
18
-14
-3
21
67
63
55
71
32
32
28
59
97
124
102
82
60
72
113
79
50
11
-28
-37
10
76
160
151
143
160
110
102
137
155
110
52
-9
19
79
76
42
17
38
13
-37
-12
46
79
85
31
-6
24
10
-23
18
32
-9
-43
3
68
85
72
-3
-45
-54
-75
-50
-20
14
6
-14
-3
-11
19
11
4
-21
-24
-50
-80
-61
-61
-5
9
16
-18
-32
-4
-6
46
69
67
74
-15
-64
-73
-94
-51
-39
-13
-32
-66
-75
-64
-23
-10
-20
-39
-10
-30
-23
16
1
-20
-114
-193
-146
-108
-75
-86
-113
-79
-82
-102
-125
-108
-123
-152
-108
-79
-58
-63
-79
-78
-83
-70
-45
-48
-62
-100
-66
-32
-23
30
-4
-35
-9
33
34
16
50
88
86
92
104
90
67
14
6
34
59
68
79
135
137
127
139
130
102
65
59
95
126
86
90
131
118
119
112
111
81
113
167
177
202
171
125
100
98
98
75
51
46
46
62
77
101
56
-22
-33
-16
-27
-76
-62
-42
-45
-63
-74
-58
-88
-92
-92
-127
-110
-99
-104
-97
-72
-30
-61
-44
-10
-17
-28
-51
-49
-73
-51
-43
-48
-53
-69
-95
-117
-58
-47
-13
17
0
4
0
0
-8
-16
-29
-65
-78
-22
7
-40
-69
-60
-96
-108
-73
-31
9
-1
-14
-14
-26
-1
-25
-51
-50
-87
-65
-22
-35
-59
-13
35
32
5
-29
-67
-19
42
50
78
57
22
-53
-57
-30
-10
-14
-38
-4
3
4
-5
-17
-12
-8
-18
1
33
46
29
50
52
42
30
-7
22
41
47
34
58
77
56
80
101
110
86
81
123
102
101
87
96
62
20
38
34
56
56
91
95
105
92
95
80
46
51
26
18
19
25
-12
-16
1
14
17
16
-16
-17
-7
-15
15
5
32
7
-22
-40
-76
-56
-65
-63
-33
-33
-31
-30
-45
-35
-27
-57
-59
-9
-5
-17
-24
-29
-31
-51
-50
-50
-74
-98
-72
-49
-47
-24
-31
-31
-39
-59
-48
-50
-44
-33
-15
-8
-22
-26
-28
-37
-39
-10
-19
-43
-7
-34
-15
-15
-52
-51
-85
-69
-64
-50
-40
-23
-7
-12
-27
-25
-38
-54
-18
-28
14
38
23
17
1
10
12
15
15
-14
-7
3
-23
-17
4
28
27
-4
-7
35
66
66
73
92
80
43
24
61
60
26
17
74
116
68
81
99
79
61
73
56
66
56
67
87
55
23
30
38
20
43
24
50
28
68
61
47
80
35
2
-55
-19
-31
-4
-12
-16
4
-19
-10
-22
-25
-15
-14
-30
12
21
31
16
16
-17
-42
-26
-13
4
-24
-10
-20
13
-24
-38
-26
-52
-81
-93
-54
-61
-31
-38
-22
-39
-41
-18
-18
1
-27
13
-3
-40
-72
-58
-25
-23
-22
-35
-15
-32
-43
-47
-29
-18
17
17
2
15
-17
-16
-3
5
-25
-9
-17
-19
-21
-74
-67
-49
-21
-49
-35
-37
-30
-29
-24
21
-13
3
-5
-4
-25
-25
16
-9
-31
-8
10
-42
-12
-1
4
13
4
33
17
31
3
10
4
-12
15
52
90
45
40
28
55
57
53
47
64
49
33
49
15
21
8
22
17
47
49
70
34
40
64
55
83
52
37
14
60
12
27
50
64
48
-9
-6
-9
11
-13
20
28
47
21
6
13
23
32
0
-6
-42
-11
-8
-2
-19
-46
-48
-12
3
-5
3
-29
-17
-21
3
0
18
17
23
39
36
45
21
32
36
69
25
5
-19
-58
-76
-91
-78
-82
-66
-76
-49
-70
-46
-45
-79
-84
-102
-59
-67
-59
-60
-64
-77
-72
-89
-92
-79
-86
-45
-61
-78
-91
-20
-28
-54
-32
-56
-27
-13
32
26
21
22
18
-4
-7
-30
-16
31
11
35
32
44
4
32
23
35
29
38
90
57
110
81
95
72
51
28
34
36
19
66
25
37
4
11
10
9
45
53
52
15
11
-1
23
3
-10
3
-7
-15
-32
-8
-13
9
-4
-9
7
7
23
12
42
33
49
63
66
91
94
70
26
12
17
44
21
20
16
48
48
0
-1
3
3
-3
32
51
28
3
35
35
41
4
-8
19
17
16
-19
3
1
-5
-39
-57
-82
-50
-10
-49
-54
-68
-72
-92
-107
-87
-90
-124
-111
-82
-77
-88
-72
-47
-53
-38
-22
-14
-18
-30
-34
-37
-53
-36
-4
-7
-12
-11
-15
-1
-9
-27
-6
1
-24
-49
-47
-14
-6
-24
-42
-20
15
2
7
-22
-19
-33
-47
-26
-3
22
-12
25
17
7
-23
-13
2
-15
44
39
73
41
70
93
75
105
92
108
75
60
26
43
38
34
48
23
20
19
39
53
92
83
81
104
106
68
75
22
-9
24
26
57
39
51
9
16
13
-7
-16
-36
-30
-45
-1
1
0
-22
2
-6
-26
-37
-44
-9
-13
-4
-7
23
8
-15
-12
-6
-34
-31
-7
9
35
7
-10
-43
-58
-76
-86
-74
-48
-35
-25
-41
-58
-46
-40
-23
-9
-7
-22
6
-6
-9
-16
-23
-4
-30
1
-15
-20
-12
-5
15
-6
22
21
15
-10
-7
-9
-20
-39
-38
15
4
-11
-12
3
-19
-31
-23
-7
12
21
38
0
-1
-3
-19
-12
-33
-7
19
-5
-38
-9
-13
-16
-15
-33
-25
-46
-10
-34
-32
-3
16
2
-7
14
3
19
-3
24
13
-3
3
-11
-20
-50
-38
-33
22
32
1
3
13
14
17
42
48
25
24
91
75
70
56
54
63
45
51
3
31
27
59
47
38
82
67
87
13
46
62
56
74
71
99
47
53
35
47
61
58
82
38
19
7
28
3
-44
-38
-72
-64
-59
-76
-76
-65
-36
-38
-38
-38
-75
-70
-76
-78
-54
-78
-84
-86
-45
-49
-58
-51
-77
-73
-80
-41
-46
-13
10
-2
7
-17
-30
-41
-22
-38
-9
7
34
9
-19
-11
-23
26
-27
-29
-20
6
7
-10
17
-31
-48
-37
-25
-1
16
-7
37
19
7
9
22
40
-8
28
27
19
-6
6
-8
0
10
-23
-14
-26
5
21
49
29
29
22
26
18
15
48
26
35
-6
3
33
39
32
51
47
0
14
23
12
4
42
29
5
-31
-41
-28
-24
4
17
49
63
50
58
77
54
58
50
35
29
25
54
22
19
-8
-34
-19
-43
-45
-38
-8
-29
-15
6
-2
5
1
25
-9
0
-22
14
24
-13
15
-6
19
13
6
1
20
29
6
-15
-11
5
-22
-39
-37
-7
-41
-53
-73
-51
-24
-34
-6
-42
-51
-74
-32
-25
-39
1
19
20
-30
-31
-62
-40
-3
-2
-20
-15
4
17
18
-6
6
-6
0
-28
-21
-16
-3
-9
10
17
-6
8
-24
-17
-40
-24
-6
6
-14
4
7
-30
-53
-67
-32
-38
-6
-33
-23
-6
0
14
8
11
38
75
49
19
-19
-1
3
29
25
17
17
-10
-3
-44
-2
17
10
23
55
81
81
95
81
111
79
63
80
71
61
43
98
86
26
33
22
15
1
-5
7
-29
-35
-48
-22
-1
4
12
-26
-7
-16
-15
-26
-52
-35
-42
-43
-44
-52
-38
-20
0
-8
-35
-28
-2
24
-20
-29
-28
-12
-8
0
18
-25
-8
-16
9
11
0
5
5
-10
-5
18
17
38
34
78
39
20
13
0
0
-22
4
-15
-8
-38
-25
-38
-13
12
-2
-29
-55
-27
-48
-9
-16
21
-12
-19
-34
-40
-29
-52
-13
-69
-53
-53
-9
-29
-44
-25
-3
7
-31
10
-22
-23
-18
13
1
-6
9
20
17
-22
-13
-29
-18
-44
11
34
30
25
16
51
39
41
45
66
48
74
63
52
33
16
31
15
36
15
22
-2
2
-19
-3
12
-15
-11
-56
-23
-12
-1
-12
5
17
5
5
5
39
17
23
3
-16
-21
-18
9
1
29
36
36
60
53
44
18
10
25
6
-16
-3
13
-14
-14
-8
12
13
19
5
10
32
1
34
2
-6
-7
-3
16
21
52
25
27
14
14
-5
-18
-3
-14
-47
-29
-3
0
-14
-34
6
-43
-61
-49
-35
-47
-51
-53
-82
-56
-64
-54
-45
-15
-10
14
12
16
18
-13
-11
-37
-1
-25
-47
-50
-16
-39
-52
-47
-45
-23
-75
-35
-14
22
-8
15
32
16
18
-22
28
23
52
10
-3
-9
-15
22
34
57
1
-12
-15
-30
-44
-26
1
25
18
31
60
47
22
16
53
47
41
16
30
11
13
-5
-13
21
-35
-24
-21
25
18
24
-5
-11
13
-26
2
-28
1
-12
26
35
34
34
19
60
32
36
4
14
0
6
32
43
61
38
36
48
59
46
59
68
79
43
32
51
44
19
16
21
3
9
20
39
20
16
9
7
-8
-25
-35
-54
-41
-38
-60
-63
-56
-66
-75
-69
-70
-86
-66
-57
-44
-60
-29
6
-20
-42
-44
-43
-80
-97
-66
-19
-33
-29
-37
-28
-56
-52
-9
0
14
-39
-8
4
25
13
-5
0
-12
2
-21
-40
-54
-42
-25
-3
-25
-26
-35
-23
16
16
41
70
87
60
55
46
16
13
16
31
40
14
10
-9
-15
-26
-21
14
32
34
20
16
2
32
26
31
8
29
28
-4
19
-9
25
17
45
51
50
19
19
41
30
45
30
92
51
52
44
23
1
-23
7
-14
2
-23
-4
6
7
19
36
12
6
33
22
24
14
22
28
45
34
29
0
19
3
4
28
-4
14
-10
36
-21
-9
-1
-52
-16
-36
-3
-31
-25
-54
-56
-43
-67
-63
-57
-21
-68
-43
-25
-27
-33
-53
-42
-51
-47
-73
-17
-12
-51
-51
-79
-75
-81
-71
-69
-37
-23
-40
-27
-25
-21
-34
-6
-4
-6
14
29
54
26
30
22
22
23
16
14
15
19
-5
-8
14
31
16
7
12
44
35
58
79
89
43
34
34
1
32
-1
37
-1
15
9
-16
-18
-45
-23
-16
54
51
41
-8
21
20
8
19
29
36
4
23
11
29
-36
-22
-14
-12
-1
24
28
1
41
29
33
-32
-3
6
15
9
-10
12
-2
15
-10
27
1
22
32
32
18
13
43
20
-1
-19
11
-3
-3
-53
-36
-45
-27
12
-22
-27
-51
-7
17
37
8
28
7
-15
-34
-54
-16
-15
-26
-66
-21
-17
-11
-37
-44
-56
-40
1
-23
11
-1
18
25
28
8
5
3
6
32
18
17
-9
-10
-17
-20
-26
-39
-31
-23
-9
8
-21
-34
-42
-41
-28
-12
28
10
9
10
-2
-40
-69
-32
-18
-22
-26
-18
-2
-6
-31
-51
-44
-10
0
6
25
28
22
21
48
49
28
35
41
38
15
34
67
36
39
58
72
29
-25
-16
-15
3
0
20
17
4
13
13
8
-6
16
28
30
10
34
22
-6
-14
-16
6
-14
1
0
-19
-19
15
1
-7
23
31
32
9
10
9
13
0
-7
-11
-11
-2
-10
-12
-12
1
28
9
-12
11
13
18
26
31
45
25
2
18
13
-8
-8
-11
-2
-7
-25
-17
-31
-60
-28
-38
-52
-18
-23
13
-1
-10
-1
-34
-32
-21
-4
8
6
-16
1
-1
-26
-13
6
-12
-31
-57
-44
-25
-31
-13
-31
-26
-24
9
-19
-25
-48
-78
-29
-24
19
-22
-32
-2
-4
-7
3
37
29
50
18
9
10
3
46
20
34
16
-2
-7
-33
-1
14
63
65
60
29
18
41
20
35
30
40
31
25
-9
-17
13
-13
-16
-25
-26
-8
-75
-61
-8
-22
-3
19
51
38
44
28
65
62
37
57
48
56
-5
5
12
-9
-6
-6
3
1
-17
-33
-28
-15
-8
-22
-18
-9
-16
-53
-17
5
-16
-16
17
33
23
14
1
16
-24
1
-15
-13
15
0
20
6
27
12
13
-12
-38
-35
-64
-27
-8
-13
2
21
40
-4
-37
-26
-44
-24
-6
-15
-12
-7
-19
-6
-29
-55
-14
10
22
-2
15
25
6
-14
-10
1
-3
-7
-3
43
24
28
52
24
-5
-18
-12
-26
-32
-25
-40
-28
-21
-11
-6
-32
1
-6
24
20
20
40
4
25
3
13
3
21
35
6
17
4
34
37
4
-4
-2
5
0
-26
-28
-13
-29
-38
-31
-5
19
16
-6
6
13
-15
-19
-24
1
0
-18
-7
10
37
48
44
-10
-33
-17
-4
-4
-13
2
4
20
42
60
44
53
19
11
37
2
12
-28
-15
-23
-22
-10
-7
41
51
43
13
16
-18
10
6
4
15
16
6
-4
9
-31
-20
-56
-27
-27
-36
-32
-33
-23
-41
-27
-47
-34
-66
-28
7
0
11
25
-3
-10
8
-22
8
-6
18
-8
-20
-13
19
47
32
59
51
59
32
39
19
43
25
23
38
29
33
-4
37
-2
15
8
-16
14
38
6
-45
-38
-28
9
-31
-1
-10
-33
-28
-22
-6
-47
-74
-72
-60
-90
-58
-45
-41
-38
-31
-22
-35
-15
-20
1
-10
-6
14
-12
-13
-5
21
26
-6
6
18
26
9
-16
13
8
18
-9
-13
5
1
32
31
50
47
57
20
6
15
35
38
19
48
4
18
20
32
17
22
18
8
29
-3
51
48
57
36
22
34
21
20
-5
-36
-38
6
-5
4
-18
-1
-10
-23
-2
33
46
22
34
0
28
-2
12
-10
-24
-7
-22
-35
-72
-39
-60
-19
-47
-67
-69
-69
-63
-75
-59
-68
-6
-2
6
7
-7
-22
-11
41
51
8
-9
-11
-12
19
21
29
11
54
19
-20
-29
-43
-7
-26
-7
-31
-7
7
26
41
31
39
32
22
-16
9
-12
-32
-45
-4
6
-1
5
3
30
-25
-6
1
21
12
21
51
51
19
-30
-12
-10
-4
-1
43
35
31
7
8
15
0
2
-10
13
-27
-41
-27
23
6
-7
22
28
21
0
15
-5
15
11
25
21
-22
-24
-59
-69
-56
-24
-16
-22
-2
-18
-22
-3
-7
-16
-14
-35
0
11
-21
5
14
27
5
33
37
6
11
5
32
19
25
28
20
2
19
11
0
14
29
58
28
37
28
35
-15
-40
-19
10
26
-12
-3
-21
-1
2
29
23
7
19
50
32
-7
29
-8
1
-15
-28
-38
-25
-8
-8
18
-35
-14
-14
-34
-38
-22
-37
-26
4
-42
-47
-53
-41
-51
-37
-37
-32
-22
-7
2
-6
0
-3
42
7
3
-4
-12
-1
-1
15
29
22
-16
-14
-16
-31
-28
-13
-28
-15
-13
-22
-6
5
3
14
-4
-13
-7
0
18
23
34
21
32
-7
19
3
-5
12
-1
37
9
42
15
30
18
34
63
51
94
58
48
-10
-2
3
18
20
3
-12
-31
15
21
54
35
62
45
5
39
46
39
7
13
7
22
2
-25
-25
-38
-35
-22
-33
-42
-19
-2
-3
-20
-25
-41
-46
-51
-22
-13
-7
10
8
25
-22
-21
-28
-41
-26
-7
16
-14
-3
-45
-51
-44
-65
-59
-56
-26
-45
-22
-8
23
23
26
34
0
24
-12
6
3
16
50
60
35
-1
19
4
8
-6
2
-1
-17
-41
-60
-55
-45
-31
-30
4
25
39
26
35
48
50
23
10
2
-19
-1
-28
-25
-28
2
7
-32
-32
1
28
-7
4
22
62
25
-17
3
-3
-21
-3
30
10
13
10
45
25
-2
-8
0
18
14
10
-2
24
-11
18
29
9
-9
-4
25
8
40
36
38
21
22
-6
-8
19
10
22
5
34
29
15
10
12
23
12
1
-21
-40
-41
-20
-7
7
-13
-9
-13
-15
-20
0
19
16
26
-22
-1
-39
-65
-63
-51
-35
-76
-32
-46
-41
-66
-54
-30
-42
-29
-38
-5
-13
2
1
24
41
40
44
21
20
16
6
36
57
29
43
22
20
-14
-18
-3
-11
25
11
13
-8
-13
-24
-4
-11
-43
-13
-12
3
-16
9
26
28
-3
-22
-19
-31
26
29
32
17
48
14
-9
13
1
-17
-35
16
-9
20
-9
0
28
3
7
-24
-4
-32
-41
-78
-32
-12
-39
-44
-73
-18
-19
10
10
15
31
64
64
41
38
24
81
29
4
24
45
37
4
-2
47
50
5
18
-16
14
-13
7
17
24
36
-18
-20
-27
-12
3
13
24
30
10
25
-13
-7
15
19
22
7
18
10
31
-28
-13
-37
-47
-35
-66
-17
-45
-38
-34
-28
-28
4
-7
-32
-19
-67
-28
-4
-3
-15
-29
-10
0
-25
-38
-10
-37
-8
-3
6
5
-7
17
-6
-5
-4
21
0
21
29
38
60
10
6
9
23
-2
3
10
9
12
4
6
4
40
10
-3
22
32
35
29
7
19
17
-10
-48
-77
-60
-47
-54
-53
-11
-22
-25
-28
-37
-25
-20
19
41
45
69
28
-34
-16
-10
-27
-11
-31
-40
-20
-22
6
32
44
41
58
49
37
48
28
54
55
54
50
19
12
-7
-3
-5
-2
-3
-21
25
16
7
16
-6
3
6
-3
-2
1
-4
9
46
46
25
14
-5
-16
-23
-23
-25
4
-21
-19
12
-31
-29
-46
-2
13
-14
-5
-41
-38
-40
-38
-28
-29
-46
-60
-56
-51
-25
-10
6
0
-4
29
22
-3
32
42
34
48
14
7
19
32
26
-10
-3
18
-7
-40
-23
-28
-22
-33
-53
-35
-31
-44
-37
-51
-46
-8
-10
9
3
11
29
42
67
77
63
44
29
15
15
8
21
58
79
34
6
0
12
-1
-17
4
-3
3
10
18
16
13
13
12
16
41
32
13
-1
-21
10
7
4
-7
-27
-44
-52
-44
-33
-12
-22
-23
-26
-23
-6
-52
-28
-11
-22
10
-33
-32
-34
-35
9
20
-20
-20
-22
-37
-35
-47
-14
19
38
52
42
-16
-15
17
3
5
25
4
8
14
39
63
40
66
61
45
21
30
44
51
44
25
8
-17
-12
-3
24
22
18
6
18
16
-17
-61
-57
-13
-38
-38
-41
-11
11
-12
7
0
-12
-28
-15
-26
-48
-24
-12
-4
-18
-9
-39
-47
-41
-24
-8
-39
-18
-18
-22
-12
-26
-12
-16
-17
24
23
41
36
16
30
23
28
6
-7
7
38
63
11
25
10
4
29
-18
5
-26
13
13
10
51
32
48
45
51
39
60
35
6
9
17
-4
-9
-13
-22
-17
-35
-28
-35
6
-13
4
9
2
-41
-97
-46
-49
-48
-45
0
-21
-58
-42
-38
-18
-12
-32
-45
-13
-28
-45
-11
-9
0
15
24
-9
-7
45
34
39
29
35
33
10
35
50
53
44
60
72
53
48
22
9
17
21
12
-1
0
-12
3
8
35
29
-19
-15
-50
-42
-12
-1
13
-18
-32
-15
3
-16
-23
7
-15
-33
-31
-18
-9
-55
-58
-41
-74
-72
-74
-21
-14
-18
23
-9
1
19
46
44
76
67
76
82
47
40
7
6
-6
25
-9
7
11
10
13
9
44
22
18
2
11
-28
-28
-11
-6
6
0
37
6
-4
15
9
14
6
12
13
-8
-11
-23
-26
-63
-82
-29
-45
-39
-20
-19
-18
-49
-21
-10
-29
-6
-10
-26
-25
-32
11
2
-7
24
-3
-1
-6
21
13
-26
-20
-9
-8
-6
3
-14
-16
-28
-14
5
16
-4
1
23
1
9
51
47
26
31
22
46
-6
2
38
20
13
-6
4
-9
3
22
34
9
32
29
-2
18
14
20
28
14
18
34
32
19
-25
-8
6
6
-13
-1
8
-10
-5
-11
19
9
10
-15
-9
10
4
12
-16
-7
-7
-19
23
69
52
8
-11
5
-25
-39
-14
-51
-59
-19
-16
2
-14
-21
-19
-21
-16
-38
-32
-33
-13
-20
-20
-17
16
22
19
11
-12
-10
-25
6
19
37
50
53
10
-25
-3
-44
-37
-23
-44
-31
-39
-18
-44
-56
-55
-23
-20
-45
13
-15
11
25
38
10
-10
18
0
9
-17
-23
-30
-22
7
14
21
1
-24
15
36
34
16
19
26
13
28
15
29
27
31
45
34
26
45
25
-12
15
25
29
25
39
47
6
-24
-19
16
-3
3
12
-7
11
16
19
20
42
34
43
72
31
10
-7
-13
-7
-19
-22
-31
-22
-39
-63
-52
-59
-69
-74
-23
27
-1
3
0
1
12
12
47
49
24
48
63
17
-3
9
-2
-6
-22
-39
-61
-71
-68
-98
-59
-22
-8
-28
-63
-36
-24
-48
-48
13
12
-28
-19
21
-8
-19
-31
-19
-12
-4
46
10
36
22
9
31
34
29
10
2
-37
-9
7
-3
6
3
-22
-53
-58
-47
-35
5
44
29
27
15
19
59
55
43
61
53
19
30
21
32
14
10
30
7
6
10
34
9
13
18
25
25
16
23
-19
-27
13
15
-16
-4
-9
-15
-42
-24
-27
-37
9
20
45
45
40
29
49
47
13
-9
-17
-40
-37
7
-19
-9
-13
-31
-27
-18
-25
-26
10
5
-15
-10
-13
-33
-22
-34
-40
-61
-66
-46
-39
-40
-32
-7
-24
-28
-22
25
38
7
14
47
82
62
51
20
8
22
3
45
31
23
25
-16
14
-2
-14
-36
-59
-60
-30
-29
-36
-27
-55
-15
0
8
5
8
3
8
26
23
0
-6
3
-25
15
14
8
16
22
15
4
15
-11
-25
-3
-9
-30
2
3
9
0
-15
-17
11
15
16
16
41
41
12
60
13
50
66
44
54
34
43
33
76
51
9
-2
8
4
-2
6
-4
-31
-38
-4
-28
-6
-8
-25
-18
-77
-53
-41
-78
-80
-35
-3
-19
-11
-4
-1
-14
-16
-29
-25
-61
-58
-40
-54
-45
-42
-18
-47
-13
-10
-11
-4
27
31
-9
12
13
54
41
41
5
-22
-12
-9
28
32
47
50
43
31
17
10
3
3
35
45
28
26
44
70
60
48
38
9
-4
-21
4
37
35
26
9
35
5
-45
-28
-9
-19
-32
-16
12
-17
-32
-22
-6
4
-7
10
1
-25
-44
-3
22
9
6
2
-12
-36
-40
-61
-32
-12
-21
-21
-17
-12
-32
-26
-29
14
9
-7
12
22
39
-2
15
19
-7
-4
-24
-23
-15
-26
-5
-24
-38
-62
-71
-38
-40
-3
-12
-2
-8
-16
-13
-3
1
-10
-5
13
34
7
28
16
11
22
9
19
46
41
31
70
79
60
54
51
72
75
50
62
16
10
-2
-34
14
-23
-24
-1
-8
11
-26
-6
22
17
23
1
25
29
6
13
13
30
-9
-30
-3
-28
-28
-51
-42
-60
-97
-52
-38
-16
-42
-70
-48
-35
-46
-41
-32
-29
-17
-47
-23
-16
-2
33
22
59
20
-12
5
-10
-10
-26
1
24
23
16
11
32
29
3
25
56
55
47
31
28
8
-13
-6
-3
-19
-18
-2
14
8
2
24
11
-2
11
20
-6
16
41
69
44
35
44
-4
38
9
-11
-29
-30
-1
-48
-26
-47
-70
-38
-24
8
-35
-70
-61
-64
-23
-2
4
-7
-9
-9
4
-12
-1
13
7
30
-2
8
-20
-42
-58
-43
-7
-22
-12
1
7
25
-1
-19
-16
-5
6
8
60
64
76
51
82
96
78
32
28
37
-37
-34
-22
18
-9
7
-7
-4
15
-15
-13
-18
15
1
-8
-2
-1
-13
-1
1
12
6
-1
3
-14
-20
-31
-11
-30
-19
-24
-36
-20
-44
-42
-6
28
35
4
-9
-8
4
35
49
37
28
6
-28
-7
-9
5
9
12
17
6
-11
11
53
25
20
17
54
24
7
44
41
-3
-12
26
-6
3
-23
-27
-30
-34
-26
-29
-29
-48
-31
-33
-51
-63
-25
-12
-6
-19
-28
-37
-29
-23
-52
-9
-30
-34
15
6
-26
-13
-17
-24
9
19
41
28
23
5
-13
7
-21
-47
-20
22
26
47
33
8
30
26
22
30
22
-13
-12
6
9
28
19
15
23
8
10
34
67
32
-4
34
13
9
13
2
-1
-11
0
11
31
27
-8
-6
37
7
34
45
42
56
34
41
24
0
-29
-8
14
-21
-28
3
-6
-37
-44
-10
-18
-23
-13
-34
-31
-50
-57
-53
-49
-35
2
2
-15
-7
4
28
16
13
6
-12
1
9
-8
-24
-33
-9
-11
-26
-23
-23
-25
-68
-17
-31
-39
-34
-49
-12
-38
7
-9
16
8
-25
-9
-12
11
-10
13
-12
15
15
-3
18
28
38
12
45
38
46
67
40
47
51
41
-1
-6
10
8
26
40
59
86
94
39
20
33
0
0
12
-23
-32
-31
-67
-58
-22
-32
-44
-38
-7
0
-19
-21
-67
-29
-15
-32
-12
-25
-19
-18
-3
-35
-22
-8
-32
-17
-11
-30
-28
3
0
-1
11
16
-20
-4
30
51
73
60
58
54
41
6
17
-6
-3
26
41
19
3
28
1
35
40
47
25
-3
7
25
27
16
30
26
37
8
18
9
10
33
16
2
-38
-44
-48
-44
-21
-13
-14
-35
-67
-47
-39
-54
-43
-60
-42
-41
-35
-49
-54
-17
-44
-34
-22
-10
-16
-23
-33
-54
-16
-7
-2
-31
-80
-68
-39
-17
7
11
34
30
16
7
-19
16
39
39
27
60
62
42
59
77
85
44
15
24
69
74
48
35
38
29
12
-4
-13
-2
25
3
13
35
7
31
16
21
12
21
26
15
3
-15
6
-38
-53
-79
-66
-34
-48
-28
-6
-12
-12
8
-1
-1
-5
-10
-16
-13
-6
-1
13
-27
-27
-5
4
-24
-34
-19
-27
-11
-16
-5
29
26
-5
35
45
31
21
8
10
-14
0
-26
0
3
-22
-22
3
37
14
60
32
-5
12
24
20
10
-4
-32
3
29
25
-4
-16
-44
-55
-34
-22
-3
-24
-38
-76
-51
-87
-66
-20
-65
-24
-15
-2
-36
10
20
3
26
9
8
10
44
12
5
3
19
3
-19
-10
-1
2
-14
4
14
12
-5
41
51
53
75
44
7
-5
23
18
31
44
45
16
0
11
23
10
11
46
42
40
38
44
-7
-2
9
18
32
28
37
-7
-6
-23
8
2
-9
-10
-19
12
-9
-3
-22
-28
-28
-37
-43
-63
-75
-55
-25
-9
-15
-37
-29
-59
-35
-39
-19
9
-10
6
-18
0
-5
-34
-31
-31
-41
-41
-38
-21
-42
-29
12
4
22
17
37
-2
-10
1
-6
4
-2
18
-9
-12
-38
-13
-21
-16
16
13
23
19
88
86
71
57
51
44
44
28
20
32
19
15
2
-6
-47
-12
-3
-8
-2
10
21
9
53
88
60
9
-2
10
11
-22
12
16
13
5
-5
2
-48
-28
-11
-19
-42
-25
-13
-7
5
12
41
19
28
-7
-11
-5
-9
2
-45
-28
-12
-2
-19
-32
-32
-12
-13
-16
-26
-43
-19
-37
10
19
32
12
-28
-51
-53
-16
1
10
-19
0
-18
0
12
16
15
14
25
44
31
-2
56
38
19
-20
9
2
-10
25
14
16
-28
15
-21
-19
-35
-55
-33
-79
-37
-39
-26
-6
-18
-2
30
24
-10
4
63
42
21
6
-17
0
-19
39
-2
-9
26
-7
-5
-48
-29
-33
-57
-45
-9
7
-12
0
-29
-41
-3
13
10
-2
16
53
34
57
64
61
57
27
54
40
41
21
33
42
20
44
26
25
35
26
41
49
26
19
43
26
37
57
1
-6
0
5
-20
-25
11
-41
-60
-25
-19
-41
-50
-43
-80
-69
-31
-68
3
-37
-43
27
-7
17
-21
-36
-36
-37
-28
-41
-41
-32
-58
-12
-18
-11
-40
-53
-8
-71
-12
-47
-20
-44
-46
5
-32
-10
-37
9
43
26
37
39
-2
18
24
45
61
36
79
55
30
58
13
24
44
-11
-23
21
29
-34
19
34
0
-9
14
8
3
43
21
59
20
-4
51
23
29
64
7
13
29
18
27
1
-15
-22
6
-33
-17
-7
-45
0
-16
13
-16
-25
-17
-52
-12
-10
6
-3
-35
-31
13
18
41
19
20
-22
-79
-45
-41
-49
-63
6
-21
-43
-13
4
-1
-35
-12
3
9
-3
-30
17
7
-33
-10
-42
1
23
33
15
45
38
19
71
5
28
6
19
-1
36
64
23
73
32
26
-9
15
13
17
-25
14
13
5
69
-35
47
12
19
35
29
22
3
-17
-53
5
-40
28
-12
-7
6
-55
-47
-63
-50
-28
-21
-35
-50
-64
-3
-73
-26
-11
-31
-11
-49
-24
-80
-56
-66
-67
-99
-69
-83
-89
-35
-41
-48
-62
44
0
34
25
52
67
38
58
35
74
9
76
72
62
80
91
75
66
107
54
30
55
35
26
99
75
17
-16
19
10
33
66
41
66
43
7
30
21
27
42
9
48
41
38
-28
-4
27
25
15
-10
22
-34
-20
-59
-42
-83
-104
-73
-87
-105
-103
-63
-104
-88
-101
-6
-87
-63
13
-46
18
-3
36
-22
-1
5
-35
-13
-64
-35
-28
-90
-60
-52
-64
-48
-12
8
-62
5
-6
44
68
63
71
41
83
-9
48
-3
-26
51
5
48
42
21
20
-2
22
22
19
62
23
48
9
47
53
27
59
54
90
-34
25
-11
42
3
-15
39
-93
40
-30
-14
9
26
27
-2
52
7
21
23
-11
-12
8
-24
-16
-39
30
