11
10
-3
12
25
20
6
26
33
13
13
15
19
10
24
10
4
5
12
23
12
19
3
0
-7
-3
13
23
23
19
25
15
23
28
30
33
23
15
15
-6
-17
-9
-3
-9
-6
3
-3
-8
-14
-4
-6
-7
10
5
1
-9
-6
-4
-13
-21
-19
-19
-16
-20
-31
-32
-29
-31
-25
-8
-18
-2
-10
-16
-2
-19
-25
-38
-34
-23
-17
-13
4
10
1
-12
-14
11
9
-3
-13
11
15
3
7
9
19
19
28
39
47
19
20
30
15
12
21
35
17
19
9
1
2
-2
4
-1
-6
-3
-1
-9
-4
6
6
3
4
11
2
-3
-3
-9
-9
0
-7
-20
-14
-28
-35
-19
-17
-22
-29
-16
-13
-15
-12
-13
-5
-9
-6
-9
-5
-2
-8
-9
-21
-16
-10
10
9
12
9
12
25
12
16
10
16
13
10
5
6
8
-1
9
21
32
28
28
16
13
18
21
17
28
13
11
28
-7
-10
-3
5
20
3
1
20
30
16
-7
7
2
-14
-7
0
4
-14
-2
3
-6
-13
-16
-15
-3
-4
-13
0
3
2
-4
0
-24
-40
-28
-33
-14
-14
-23
-16
-14
-9
-22
-29
-34
-45
-32
-43
-28
-22
-32
-17
-9
-12
-15
-7
-16
-13
-14
-3
9
3
-8
-15
-11
-13
-1
20
30
21
12
35
55
60
57
48
50
31
27
38
28
24
19
28
17
19
40
14
-4
6
8
-3
3
1
-17
-14
-13
-11
-2
0
8
14
-2
4
7
-9
-13
-16
-10
-9
-10
12
13
6
18
12
-4
-16
-9
-4
0
3
-4
-2
0
-10
-10
-16
-12
1
-3
5
-5
-14
-8
3
-4
-6
-9
-2
4
-20
-29
-15
-13
-30
-13
-12
-11
-10
-10
-15
-20
-13
-24
0
11
-3
5
8
-3
4
0
6
16
5
15
21
6
-3
9
15
23
10
16
28
18
34
21
16
14
-8
4
0
-3
-8
-27
-22
-17
-14
-20
-10
-9
-4
-10
-23
-23
-24
-25
-24
1
-16
-22
-19
-23
-16
-15
13
19
28
34
21
17
17
-8
3
20
23
48
54
47
17
19
27
20
13
12
25
26
32
8
-3
0
-8
-1
-5
1
5
-2
-2
-3
-19
-24
-28
-24
-16
-6
-10
-11
-19
-31
-10
-28
-17
-3
-13
-22
-22
-8
-18
-24
-21
-29
-25
-22
-27
-19
-16
-22
-25
3
10
7
22
14
9
22
9
19
30
1
26
34
28
32
22
14
12
22
19
24
23
25
17
3
16
22
17
12
15
9
-3
1
-1
-9
-14
0
-3
-4
3
-1
5
-16
-24
-12
1
-3
-9
-20
-21
-35
-41
-37
-40
-19
-18
2
-3
-14
-13
-7
4
-1
-1
0
17
9
-5
1
7
14
17
13
24
21
20
20
25
29
15
3
-1
-2
-2
-4
-19
-11
-12
-15
-20
-22
-13
-9
-11
-1
3
3
15
10
8
-13
-10
-5
-21
0
-2
-4
6
1
-11
-19
-6
-4
0
11
22
16
4
13
9
7
-1
-5
2
-9
-10
15
20
5
-6
-13
7
8
8
31
25
32
30
26
29
18
26
16
12
15
13
3
-13
-19
-26
-28
-31
-27
-16
-26
-19
-3
-1
-7
-13
2
-6
-18
-15
-6
5
-15
-19
-4
-9
-29
-20
3
-10
-16
9
27
26
3
9
10
-6
-5
-4
16
12
3
4
-17
-14
1
-15
-5
3
14
6
-6
11
9
1
-2
5
-4
-11
-13
-19
-15
1
3
6
7
3
6
15
15
12
18
18
8
1
23
33
23
27
24
14
4
10
-1
2
11
9
8
3
5
7
7
-19
-20
-11
-28
-19
-3
0
-6
-17
-15
-26
-22
-20
-15
-4
-14
-10
-18
-9
-23
-29
-29
-29
-16
-15
-15
-28
-11
-8
-2
1
-3
10
-6
4
9
2
6
15
35
18
24
37
6
0
11
12
12
23
4
1
0
-7
16
16
2
3
8
-12
-17
-19
-20
-3
4
10
15
19
8
11
25
6
-6
12
19
17
17
25
5
-1
11
3
-14
-22
-11
-2
-3
-3
0
0
-2
0
7
4
5
19
20
10
7
-11
-23
-12
-4
-13
-3
0
-4
-6
-19
-18
-19
-17
-13
-15
-27
-26
-37
-39
-23
-23
2
-1
-10
-15
-12
-1
-3
6
12
15
14
10
8
13
22
16
10
11
14
22
25
22
12
-3
-10
-11
-26
-3
7
-8
-3
-13
0
12
9
2
19
15
8
24
22
32
28
11
12
12
6
10
5
8
-3
2
1
-22
-15
-23
-35
-36
-31
-29
-21
-32
-26
-5
-22
-29
-15
-7
14
13
22
11
-7
4
-7
4
7
13
4
6
16
22
27
23
55
51
24
19
31
32
26
17
3
-12
-16
-23
-28
-23
-42
-42
-36
-29
-22
-35
-25
-10
-18
-23
-15
-15
-22
-5
4
-16
-25
-9
0
1
-4
-12
15
25
24
26
35
32
20
19
6
10
-6
6
18
0
3
0
5
20
34
33
34
36
28
13
6
9
4
14
9
-1
-6
-19
-13
-3
-7
-23
-25
-29
-24
-27
-34
-25
-21
-20
-26
-16
-5
-5
-22
-16
8
-1
2
10
5
13
10
10
13
-9
0
9
6
-4
-7
-1
-10
9
5
14
19
9
22
19
29
18
0
5
0
-3
7
10
-5
-22
-15
-8
-23
-13
-18
-24
-10
-5
-10
-6
-1
-13
-9
-5
-13
-19
-12
-15
-10
-10
-7
12
7
12
21
21
12
6
-5
-3
-6
-16
-3
4
7
10
31
36
40
44
45
42
31
20
18
27
14
6
13
18
0
1
1
-3
1
-6
-11
-14
-3
-18
-29
-27
-44
-61
-57
-34
-13
-12
-15
-5
-12
-29
-9
-5
-24
-10
1
-5
0
-3
-6
-9
-10
5
16
32
31
24
15
19
22
7
17
22
32
13
15
4
-4
0
-13
1
4
5
-6
15
23
12
-3
-4
-6
-16
3
-12
-3
-9
-14
-3
-5
3
-2
-2
0
1
4
-1
-10
-21
-46
-35
1
-2
-12
2
-4
-19
-18
-10
19
6
-2
8
11
6
-11
-2
2
-1
-11
-13
10
19
17
27
29
26
18
12
25
22
38
32
18
17
2
12
6
-1
5
-12
-4
4
-4
-1
-5
-12
-13
-3
-10
-3
-1
-12
-9
-3
-5
-17
-19
-14
-12
-22
-12
-3
-11
-22
-41
-32
-37
-42
-25
-15
-23
-25
-21
-18
-2
-7
3
7
7
28
23
28
22
15
16
16
11
21
25
26
19
14
16
10
20
12
19
6
4
16
-4
-3
-3
-3
10
-7
-7
4
0
1
6
22
15
17
7
2
0
0
4
-6
10
14
13
11
7
-9
-12
0
0
-4
-22
-12
-1
-6
-18
-7
-4
-14
-19
-4
-3
-35
-24
-31
-28
-20
-29
-14
-14
-24
-19
-7
-10
-16
-8
0
-5
3
2
2
12
17
17
12
16
9
5
16
26
36
32
23
22
12
9
10
16
17
4
0
0
1
-6
-6
1
-6
-13
-13
-5
10
-9
-13
-2
12
12
4
17
19
16
4
18
22
29
32
14
2
0
3
-8
-7
-6
2
0
-9
-25
-27
-22
-22
-13
-13
-21
-30
-28
-32
-26
-14
-8
-21
-32
-26
-22
-18
-13
-9
-12
-3
-6
-9
6
0
17
22
6
24
25
15
28
37
37
32
31
21
18
6
9
21
15
12
3
0
1
-10
-15
-4
-9
-5
-9
-26
-19
-22
-20
-18
-20
-18
-9
14
29
21
10
3
12
16
6
9
-2
3
-8
-19
-1
-8
4
12
12
13
-7
-4
-6
-18
1
14
2
-8
-6
-8
-10
-8
-4
16
0
-7
-3
-12
0
-8
-4
-5
11
20
12
16
13
21
16
8
10
7
5
6
7
18
7
-6
2
-7
-14
-13
4
2
3
12
4
-5
-24
-22
-24
-12
-6
-12
-11
-30
-25
-30
-37
-22
-12
-11
-12
-6
-4
-15
-14
7
-4
3
13
4
13
6
1
15
16
5
2
10
23
18
8
5
-2
0
1
6
9
9
10
19
15
-5
0
7
5
7
9
5
7
1
-2
3
-4
-4
3
1
-9
-28
-32
-25
-3
0
18
25
10
6
1
20
23
36
30
28
25
10
-1
-2
8
-8
-7
-21
-42
-26
-12
-22
-15
-11
-18
-35
-31
-23
-33
-32
-34
-18
-21
-4
3
-2
-1
-11
0
-8
9
17
11
2
2
18
15
10
1
15
14
2
13
17
8
3
16
25
13
15
20
22
5
3
9
13
27
12
28
23
3
18
21
5
3
0
0
7
-4
-1
1
3
-4
-8
-16
-15
-19
-31
-24
-19
-28
-30
-35
-28
-21
-35
-19
-11
1
-13
-22
6
-4
-5
-1
12
4
4
6
6
14
5
21
13
1
-6
-10
3
18
9
21
30
22
27
6
17
24
10
5
29
16
-21
-22
-7
6
-13
-24
-23
-13
-34
-28
-16
-26
-18
-26
-18
-10
-7
-15
8
10
1
1
1
12
6
15
11
15
16
9
-4
-11
-2
-17
-16
-5
-15
-23
-22
-7
-4
-9
0
6
11
2
-1
10
12
-2
-2
12
19
21
4
10
15
14
18
16
25
21
14
13
17
16
7
6
2
13
13
15
7
-3
3
2
16
7
-2
-7
3
-6
-10
4
-6
5
14
8
6
9
16
16
16
-6
-16
-10
-5
-11
-12
13
-6
-10
-16
-39
-17
-16
-11
-10
-12
-7
-17
-27
-10
-2
-22
-26
-27
-31
-31
-23
-28
-24
-18
-16
-12
-21
-4
-7
-19
-3
0
5
9
3
-7
-8
-7
-8
-3
7
6
-8
-17
2
13
18
33
19
31
12
20
39
17
29
14
4
12
14
22
23
19
10
-6
6
4
-7
5
21
28
11
0
-4
-1
-2
-1
12
30
10
7
34
44
26
15
40
42
28
17
21
10
1
-1
4
6
-17
-22
-10
-14
-28
-29
-31
-32
-40
-38
-35
-32
-15
-24
-30
-25
-31
-37
-22
-35
-41
-16
-28
-22
-15
-27
-6
-6
-21
-6
-1
0
-6
-15
-10
-1
1
2
10
15
20
10
4
9
-3
11
23
11
18
14
25
22
14
28
19
25
26
31
14
3
0
-4
16
28
20
1
4
7
-5
-2
25
28
15
-2
-3
11
-2
-7
1
-7
-15
-4
15
12
1
0
2
13
3
-12
-11
-8
-4
-4
2
-2
-9
-6
6
7
2
10
-7
-7
-9
2
13
1
1
-22
-8
-16
-32
-19
-10
-9
-42
-21
-25
-31
-40
-47
-24
-32
-23
-13
0
2
0
-7
-9
-7
-3
4
1
5
7
2
9
22
2
15
27
24
25
18
25
27
35
34
36
36
28
17
13
36
27
14
22
28
18
3
0
6
8
-9
15
16
-2
-12
-23
-2
-25
-38
-21
-18
-10
-13
-23
-32
-24
-35
-35
-23
-25
-9
-13
-13
-11
-21
-11
-6
0
-6
-29
-18
6
1
-6
0
5
8
15
19
28
25
8
15
13
9
16
20
21
15
18
29
21
7
18
8
6
10
5
9
10
12
16
6
-13
-4
13
2
-5
0
-8
-10
-21
-23
-25
-15
-15
-15
1
-3
-10
-12
3
-1
1
9
3
10
5
0
5
-8
-12
-6
-4
-6
-23
-21
-10
-12
-13
-3
-5
-7
-2
-10
-2
-5
-22
-20
-16
2
-6
-18
-12
-15
-19
-12
5
6
9
1
3
3
-19
16
20
3
5
8
11
12
25
20
19
9
0
13
18
26
24
5
30
51
37
34
23
28
28
40
39
24
38
28
17
20
-1
-6
-1
-6
-22
-27
-9
-12
-27
-38
-29
-23
-30
-33
-34
-32
-39
-32
-28
-18
-20
-19
-14
-11
9
-4
-8
-3
-20
-13
-2
-8
-4
-13
-10
-18
-16
-3
-12
-6
-10
-1
-7
-2
10
3
5
0
10
6
-3
3
10
14
16
15
9
7
10
3
22
29
26
28
17
19
9
1
1
9
7
-3
-8
-6
-22
-16
-3
-6
2
0
4
-5
-7
-9
0
-3
-1
1
-7
7
9
9
3
26
34
39
39
31
32
19
12
1
1
5
-3
-17
-13
-7
-3
8
-1
-7
-3
-8
7
1
-24
-26
-43
-37
-37
-29
-26
-31
-24
-19
10
-3
-3
-6
-4
7
-6
2
6
10
16
23
28
15
4
12
15
7
0
3
-1
-1
-1
-3
4
-3
-3
-19
-27
-12
-23
-26
-3
-6
-2
5
14
21
6
4
5
14
3
-9
-21
-14
-10
-21
-14
-5
3
-8
6
16
25
22
8
17
23
8
-9
6
12
-1
-7
11
17
1
-10
-7
-1
4
9
26
22
1
1
-6
1
-5
-11
4
-3
4
7
-3
-4
-6
9
12
10
17
21
10
-3
7
-3
-18
-17
-13
-25
-26
-19
-18
-16
-10
3
13
16
-10
-6
4
-12
-18
-9
3
-5
9
26
30
25
23
23
12
13
3
6
13
26
11
-5
-1
-9
-13
-14
-13
-20
-12
-14
-21
-40
-33
-32
-23
-6
-19
-9
-1
0
-7
0
-7
-1
5
4
10
23
38
23
19
10
6
3
13
6
-1
19
0
-16
-16
-3
-1
-7
2
3
4
-2
-13
-16
-13
-4
9
18
4
1
6
-3
3
21
21
21
23
19
17
15
12
-4
1
0
-3
2
-4
-1
-2
-3
-2
1
-4
-9
-9
0
-11
-27
-27
-29
-38
-43
-32
-34
-28
-25
-32
-20
-15
-15
-4
4
2
7
15
13
13
15
-2
6
16
9
19
41
30
19
32
41
44
41
45
44
41
24
-1
-6
2
-3
0
4
2
-3
-3
1
1
-9
-1
10
2
10
3
0
-5
-14
-11
-8
-4
-16
-23
-27
-23
-1
-15
-25
-15
-33
-22
-10
-9
-11
-16
-25
-23
-23
-23
-16
-22
-6
3
-6
-6
-3
-6
-15
-9
-5
-20
-18
-2
9
1
-4
9
5
3
6
19
10
9
15
13
30
27
28
31
37
36
36
43
39
33
30
20
10
15
27
12
3
3
-9
-3
-4
-20
-26
-26
-34
-32
-15
-26
-34
-17
-25
-13
10
0
3
-6
-10
-6
-7
4
12
9
9
-6
-6
6
0
3
-7
7
14
15
8
-3
10
0
-4
-5
-1
-4
-7
6
1
-3
-7
-8
4
-6
-16
4
2
-8
-16
-18
-9
-11
3
4
-1
15
-1
-10
-15
-3
-1
-10
-2
-8
0
2
1
3
1
0
-10
0
11
7
16
12
9
6
7
-2
-3
4
4
23
10
0
18
31
9
16
17
0
-3
-9
18
16
1
3
16
17
9
-1
-2
3
3
-7
3
1
-15
-12
-9
-1
-10
-7
-15
-27
-31
-36
-44
-25
-21
-51
-34
-40
-32
-19
-24
-5
-3
-1
-2
1
22
12
6
23
22
16
10
17
5
10
15
4
27
26
28
45
49
43
32
28
22
23
13
-1
5
2
3
6
1
3
-16
-10
-4
-7
5
-4
-9
-11
-1
-2
-12
-4
-3
0
-1
-11
-13
3
-9
-7
-6
-26
-31
-27
-3
-19
-29
-31
-28
-17
-21
-22
-31
-22
-13
-6
-14
-12
-16
-15
-4
-8
2
1
6
9
6
22
22
7
9
6
16
23
13
22
13
15
15
21
25
25
29
4
7
3
-6
3
3
4
4
3
6
3
3
12
13
22
10
6
10
-1
9
13
11
3
3
-2
-3
-4
0
-4
-6
3
-7
-9
-6
14
-3
-16
-20
-29
-11
-25
-9
-4
-10
-3
-8
-3
-12
0
-1
3
13
6
3
-3
9
10
4
1
-3
0
8
-2
-12
-7
-9
-31
-27
-20
-18
-22
-38
-19
-17
-2
-2
-13
3
-3
3
2
-6
4
7
31
24
29
24
6
9
6
9
10
13
-2
-6
-4
4
6
7
12
3
3
6
8
11
2
1
23
11
18
9
1
-4
-12
-6
-12
-16
-31
-25
-35
-44
-29
-19
-11
-12
-6
7
-8
-13
-11
-21
-16
-6
7
11
28
28
14
16
19
26
35
42
35
28
26
16
16
0
5
16
4
9
19
9
3
6
5
-2
0
-2
-13
3
-5
-2
-1
3
12
3
17
19
19
7
14
4
-9
-13
-13
-7
-25
-15
-11
-13
-12
-13
-26
-27
-17
-17
-20
-18
-28
-32
-26
-22
-12
-29
-23
-21
-12
-20
-28
-17
-28
-15
-9
14
9
-8
-4
2
-1
-10
6
12
7
-4
1
9
10
0
12
24
25
21
16
15
3
24
22
27
25
31
47
27
32
15
16
18
26
22
16
16
-7
6
-6
-4
3
-5
-9
-7
-2
-1
-6
-13
-3
3
12
0
-1
-6
-10
13
7
-9
3
-3
-15
-15
-22
-12
-20
-29
-17
-22
-40
-27
-13
-17
-22
-9
-18
-28
-17
-16
-17
-20
-9
-17
-13
-8
-12
-16
-16
1
9
20
22
32
19
11
22
13
20
23
32
29
19
17
21
38
39
31
26
42
35
16
24
6
0
10
17
12
-1
-9
-21
-21
-18
-7
1
-19
-19
-7
-10
-13
-11
-29
-18
-3
-9
-1
3
10
-1
9
-5
-17
-9
-18
-19
-12
-7
-13
-4
-9
-6
1
-3
-9
-14
-15
-19
-19
-28
-25
-10
-8
-19
-12
-9
-20
-18
3
-4
-1
3
-4
6
7
5
-7
-16
0
12
6
20
26
17
16
13
6
14
15
15
18
15
28
18
16
25
22
23
16
11
21
25
14
17
26
11
20
35
19
18
12
4
12
1
3
6
0
4
1
-4
-7
-7
-13
-9
-12
-15
-25
-25
-10
-24
-38
-34
-19
-6
-4
-18
-22
-19
-26
-25
-12
-21
-27
-20
-13
-16
-39
-14
-7
-18
-15
-21
-21
-20
-16
-15
-3
3
0
2
9
17
13
9
9
2
16
21
3
15
23
22
18
18
23
28
35
20
23
18
6
9
13
10
3
15
7
0
0
1
7
10
21
12
17
15
6
7
-5
-5
-10
-6
0
-8
-10
-9
-5
-7
-9
-23
-8
1
-5
4
-10
-13
-24
-22
-16
-4
-11
-7
7
-6
-3
1
-1
-6
-12
-11
-1
0
8
18
13
4
7
3
2
3
-1
-1
-3
2
-7
-11
-12
-21
-20
-14
-13
1
9
7
3
7
7
6
17
0
-3
-7
13
26
25
22
19
22
18
16
10
24
18
18
11
4
6
6
3
2
14
1
-4
-9
-13
-9
-21
-27
-25
-34
-31
-22
-7
-9
-35
-39
-32
-16
-16
0
-7
-23
-15
-6
-7
-16
-7
-21
-12
2
-6
-8
1
6
-3
3
3
6
6
-2
9
17
21
17
7
18
23
26
28
23
22
24
17
6
7
-4
-3
0
9
18
3
15
16
13
13
9
23
15
18
21
33
41
9
7
19
13
3
2
12
0
-7
4
10
16
-5
-6
10
-12
-13
-3
-1
-19
-26
-18
-44
-39
-42
-47
-39
-57
-29
-38
-36
-37
-59
-33
-61
-23
-20
-7
-13
-39
5
-18
22
-3
15
22
-1
42
10
35
19
26
12
0
37
-6
22
15
-7
20
19
22
4
28
36
8
24
19
2
4
-4
4
4
-12
-22
-1
0
-10
0
-7
12
13
16
29
22
-11
-29
0
-23
-12
-25
-18
6
-14
12
-11
-6
8
-3
17
-6
-9
19
26
57
21
22
9
22
27
-15
36
-41
26
24
-27
3
-59
18
-34
-26
-9
-50
29
-9
28
1
-8
39
-8
34
-23
15
41
16
21
-22
45
-13
-16
15
0
4
-35
-19
-23
9
-29
-49
-12
-34
-35
-73
-40
-53
-50
-2
10
31
14
15
7
45
9
-51
-29
-5
27
-10
-9
-9
0
10
-25
23
-29
-17
17
-11
17
-24
44
-4
-10
21
13
81
-23
39
34
-9
37
-1
6
-66
22
16
-7
38
-19
27
-42
-7
-4
-16
4
-6
75
35
71
7
-9
39
21
73
-14
55
5
-26
53
-27
20
-73
25
44
-40
49
-38
37
-8
-11
89
-61
-17
-43
-49
27
-136
43
-12
-24
84
-84
76
-110
-1
38
-133
100
-105
79
-25
-73
125
-193
98
-100
6
95
-159
137
-132
72
-27
-72
103
-185
96
-87
-4
13
-110
143
-124
73
-45
-49
48
-111
81
-75
81
24
34
76
-23
75
-58
43
37
10
35
11
83
28
21
33
-34
2
1
13
3
19
33
-11
63
20
39
-36
-5
53
3
7
-16
91
13
71
1
16
-9
-158
37
-94
-4
-46
-80
66
-85
60
-47
-66
-39
-102
76
-84
25
31
-63
107
-31
34
-9
-30
117
-40
6
19
-13
42
-107
25
-7
-129
28
-101
18
-37
-35
108
-114
89
-22
35
98
-93
156
-132
75
146
-100
173
-21
165
9
-82
155
-203
14
-136
-43
98
-139
211
-77
91
63
-85
135
-208
107
48
-58
112
-99
78
-94
-47
116
-114
-6
-101
70
-33
-129
100
-58
-25
-17
-34
19
-53
-60
18
-64
19
-18
-17
-24
17
129
-121
-73
79
-104
-53
-126
83
38
-199
231
-82
191
-52
51
222
-155
206
-100
213
-41
-101
189
-26
133
-68
-45
150
-45
46
-7
6
39
-29
0
-25
3
-91
88
-22
-3
-84
173
22
-112
87
-89
169
-195
10
139
-141
90
-88
42
25
-181
177
-145
128
-81
-61
204
-339
202
-142
-6
-66
-93
207
-230
126
-11
-104
82
-110
112
-44
-127
142
-130
149
-157
-4
137
-245
209
-170
100
13
-135
116
-189
176
-154
50
74
-197
169
-123
74
-164
-98
160
-60
0
-30
201
53
-96
108
80
-20
-4
45
170
-63
2
178
-28
6
17
122
-47
-48
100
-70
112
-17
26
77
-128
208
-10
-60
-70
71
167
-251
105
22
-13
47
-21
145
-72
-42
48
-131
-8
-146
-49
82
-344
204
-113
-50
19
-180
135
-323
124
-203
27
15
-173
175
-115
104
-39
-38
27
-14
-43
75
-20
121
-157
2
191
-140
14
-174
247
-36
-187
144
29
100
-125
53
180
-126
98
-60
27
21
-81
225
-38
118
28
87
151
-16
74
-43
5
155
-50
-20
13
14
31
-33
98
-69
113
-53
52
121
-94
77
-27
-31
0
-15
9
-138
-76
104
-88
-15
-156
61
-13
-132
68
-152
45
-56
-97
52
-118
5
-7
-98
74
-130
137
-151
-123
120
-212
63
-120
133
52
-124
203
-60
98
73
-165
207
-39
-17
158
-147
115
-165
123
161
-289
272
-182
126
-34
-152
283
-342
107
-58
44
38
-159
94
57
-55
16
16
59
-19
-123
317
-144
122
-65
42
172
-126
157
-80
96
-36
46
90
-47
-81
53
-8
12
-28
-162
114
-8
-2
-21
-57
-55
61
8
-115
52
-8
-20
64
52
-112
-34
76
-39
81
-109
-86
125
-87
37
-121
7
11
-169
310
-107
48
24
-28
206
-202
210
-200
104
78
-116
307
-257
296
-188
-33
227
-221
117
-270
181
-128
113
-10
-245
223
-144
59
21
-26
-161
232
-163
165
-122
-147
236
-391
482
-424
110
155
-366
343
-302
284
-190
-173
384
-311
271
-263
49
278
-396
439
-301
214
3
-327
440
-344
41
-54
221
-39
-277
259
-152
72
-88
-37
-42
102
-26
-20
33
-99
340
-194
218
-193
77
245
-270
332
-167
91
-51
236
65
-179
159
-90
246
-238
57
105
-115
68
-80
114
-133
70
-130
-65
32
-73
135
-217
15
-49
-10
57
-146
76
-77
44
-7
-5
-27
-190
285
-279
99
57
-61
56
-220
324
-202
56
-126
242
313
-281
-32
-85
224
-64
20
200
-50
-20
129
-77
-168
159
-232
-47
33
22
49
-135
95
-80
37
-241
129
28
-182
40
13
65
-10
-51
77
-14
-235
339
-159
76
-104
175
157
-67
209
-315
359
-120
35
-53
-172
288
-191
122
-208
58
82
-307
362
-117
240
-353
106
145
-332
455
-308
258
-201
-15
73
-67
-8
-145
-37
-122
96
321
-119
-182
333
-142
167
-401
301
27
-55
-69
3
192
-418
328
-202
239
-313
85
35
-10
273
-215
231
-318
157
15
-111
68
-290
384
-126
-153
299
-243
126
-342
302
-145
-194
376
-407
416
-268
32
187
-358
291
-259
188
82
-39
219
-357
382
-237
93
0
-430
603
-239
-60
222
158
149
-290
149
-169
202
61
-432
604
-674
386
6
-193
606
-1071
992
-660
-21
286
-553
790
-881
709
-364
-39
297
-628
766
-353
-25
-100
12
178
-232
45
93
39
-47
23
-103
93
-162
-3
61
6
-56
15
161
-21
-77
14
-62
-12
72
-244
322
-244
306
59
-124
274
-470
431
-277
42
-125
-153
602
-304
267
11
-137
446
-567
334
-143
-27
511
-993
899
-93
-8
154
-514
638
-671
192
-16
-119
435
-486
309
-49
-411
310
-308
141
10
-186
135
-555
521
-193
-215
94
-162
616
-450
173
-69
70
269
-368
326
-217
118
-44
-190
209
-52
248
-281
16
237
-207
17
-57
293
-212
-133
324
-272
217
-123
-71
330
-354
267
-172
29
52
-447
513
-316
364
-170
-237
303
-529
658
-752
456
24
-368
529
-608
744
-669
411
61
-304
414
-661
632
-256
53
162
-209
514
-379
55
32
-25
281
-486
254
93
-56
88
-169
527
-270
-41
140
-111
260
-517
368
-69
-19
51
-41
267
-592
411
-223
-45
-30
-136
211
-99
300
-186
-75
-29
-207
318
-250
-267
383
-136
6
-168
254
-49
-309
172
27
192
-108
-217
-126
-8
215
-28
-117
65
-102
157
-100
85
-169
-114
274
-91
323
-368
-4
347
-124
82
-204
373
-293
-241
429
-248
331
-183
110
-78
103
94
-238
616
-521
209
64
164
-65
-349
148
85
281
-300
72
-11
-101
-380
290
107
-50
-225
125
328
-126
89
-449
399
-107
24
44
-32
40
-198
205
-219
188
-142
-91
166
-64
65
-81
203
-211
-153
146
-108
332
-288
-57
143
-60
111
-506
205
65
40
-4
-126
143
-110
40
-149
-76
82
116
-237
88
-74
290
-146
-328
415
-70
259
-664
301
214
-177
374
-413
491
-254
-59
154
-9
336
-318
344
-315
-274
176
-88
243
-336
36
88
112
-154
-274
426
-237
123
191
-115
80
-186
306
111
-213
53
26
106
-164
-151
-72
-22
-72
-104
94
270
-273
-13
-57
-54
770
-708
259
7
121
99
-333
649
-395
427
-335
68
167
-145
158
-283
108
-149
-14
321
-256
137
81
-240
239
-291
326
-246
82
-132
83
295
-380
-19
-116
220
-229
11
-72
-27
99
-181
99
175
206
-76
-139
195
-408
144
-166
-30
324
-199
162
-200
-12
-446
220
155
-250
-61
-332
418
32
-207
43
-29
342
-171
-81
62
38
244
-302
179
-44
-7
-15
-2
239
-185
215
-33
28
147
52
184
-45
-52
-59
52
8
-120
-156
-17
115
98
-113
43
-93
-345
43
24
35
-176
-41
-97
360
610
-53
-32
428
42
85
91
-261
-227
32
529
-102
429
-790
-10
390
-257
-104
-861
222
-640
557
141
-362
485
-683
215
-85
15
-331
-463
453
-274
562
-11
227
147
-303
250
-50
43
-216
232
-79
485
-105
90
138
-170
144
-113
-172
-346
88
-137
105
-156
106
9
78
164
100
-265
-17
90
-145
30
-171
261
135
125
-209
153
-12
-115
-158
37
162
-139
-16
226
455
-358
54
99
116
337
-238
346
-48
-314
110
2
194
-464
96
-51
-118
-2
-399
284
-471
-3
48
-252
321
-472
-21
-71
-474
134
-291
336
-59
193
375
-126
335
-293
317
-29
66
3
0
399
-299
190
316
240
96
-147
167
-53
-391
-215
13
307
-147
-13
165
-70
-157
-108
-54
-319
-18
-131
387
249
-103
480
-46
255
77
-66
198
-253
111
-124
363
103
-227
181
-160
154
-351
-126
-148
-317
26
-186
267
79
-187
189
108
-138
-97
-186
-80
-449
-305
-211
-449
-39
-328
146
176
-118
-44
-157
50
-208
-135
87
152
434
159
299
374
8
427
114
272
64
-150
181
-87
141
-88
207
331
-20
80
-1
-44
-110
-372
-70
-107
135
61
-11
304
-284
157
-197
123
4
-321
65
-291
241
-146
316
451
167
482
-158
205
-84
-263
-9
-328
279
-433
111
77
-154
330
-600
221
-365
-91
-108
-296
372
-492
12
-385
-182
20
-481
324
-65
37
127
159
507
-11
165
128
25
-18
-26
4
134
-304
12
215
-109
230
-252
378
-143
-30
245
-233
311
-613
223
-65
-448
260
-508
312
-293
132
402
-197
592
-29
299
20
-179
-55
-375
-322
-394
-443
-419
-169
-75
242
-124
403
461
117
354
70
257
-14
-40
-22
19
213
174
347
356
119
259
165
169
-99
-339
157
-182
-54
-22
111
327
-19
-3
41
-101
-305
-383
-36
-310
-362
-239
-615
-54
-603
135
51
-128
325
-210
663
-260
375
132
-139
555
-394
594
-174
48
304
-356
322
-139
444
-32
-168
230
102
289
205
479
254
231
82
166
-144
-135
-308
-296
-39
-366
-194
-259
-325
-156
-47
-272
122
-152
84
-143
87
497
-33
309
-137
582
146
6
263
-222
273
-239
73
108
-407
-242
-677
-210
-471
-1084
-822
-1219
-950
-1549
-1301
-1540
-2037
-2243
-2667
-2579
-3675
-3655
-4295
-3160
-3053
-1342
1041
2617
5746
6083
9680
10060
11069
9969
6583
5215
1618
3112
682
260
-945
-1779
2314
1902
2791
-810
-2861
-4413
-6252
-5309
-7320
-6234
-6713
-5596
-2952
-693
2627
2119
3497
2862
1823
2368
177
0
-3030
-4443
-4860
-4838
-1829
-2198
1008
1702
1837
2824
1534
2859
1722
885
-907
-1879
-642
-420
-206
-648
-242
-38
-394
-278
-274
547
-124
-1436
-1320
-680
59
-317
685
784
544
246
-384
576
-65
-1025
-1170
-222
629
313
1142
2236
1860
1276
1239
2033
2095
786
92
439
205
-160
-134
-14
-328
-2155
-2704
-3481
-4639
-6366
-8002
-8016
-8991
-8756
-7939
-5112
-873
2843
6482
9705
13771
16897
19470
17666
12694
6740
3960
4543
3004
48
-5431
-3388
1223
6008
5538
-1209
-3418
-5871
-2632
-4424
-7532
-8901
-10787
-5113
-3264
2193
3701
1466
5870
4372
4640
1626
-1081
-429
-7279
-10813
-14778
-12561
-9370
-10442
-4544
-2502
25
3290
5844
9704
7479
4540
3322
1541
604
-1437
-1770
-1887
-3112
-1216
155
2101
2426
3161
3036
159
-85
-985
-208
-1025
-115
2216
1725
1778
1202
3415
1111
-2108
-2681
-4216
-2455
-4308
-4033
-1584
-1876
-64
974
3085
3012
1878
3208
2779
1958
1364
1315
2238
2143
789
1481
2153
590
-672
-1501
-1075
-2541
-2996
-1254
-1323
114
124
1108
2629
2024
3043
2605
1682
-16
-2013
-2385
-5216
-7535
-7692
-8726
-10487
-12268
-10773
-8035
-4936
459
7007
11987
14434
18758
23751
24400
19143
10931
6541
5583
2131
-93
-4398
-7606
-5914
-4
7636
1244
-5239
-8893
-7992
-1350
-6082
-9184
-10004
-6977
-1437
2049
7516
2765
1349
4356
3449
3688
-2932
-6209
-7479
-11367
-15424
-18623
-12628
-10589
-8928
-3444
-1260
3245
5931
9532
11686
8984
6513
4566
5284
4188
-899
-4039
-4274
-4052
-3456
-3671
-3145
-2145
-1029
213
247
1451
1034
361
2107
4583
4914
3205
2957
3041
3066
1789
232
72
-1061
-1679
-1654
-943
-633
-2410
-496
1351
1189
1785
2206
4319
3874
2484
2946
3803
4125
2831
1261
621
-432
-2061
-1856
-2356
-3061
-3213
-2617
-829
-122
1134
1978
1680
1881
2187
3189
2819
1272
662
-555
-2085
-3701
-4134
-4922
-8059
-10774
-11939
-11994
-12326
-11222
-7925
-4100
271
5707
12866
17742
19928
21680
23211
21549
14703
6503
640
-753
-3135
-6797
-10121
-9342
-4537
1089
6136
13
-6000
-8101
-6481
-1025
-5185
-9040
-9923
-4724
2177
5294
10681
5094
1180
3328
2763
3171
-4726
-11061
-13309
-15138
-15433
-16524
-10552
-6866
-3846
3145
5795
8820
11312
12919
12950
8598
3934
299
-435
-1435
-5304
-8175
-8262
-5105
-2874
-1532
410
2318
3222
1882
2861
5887
5649
2786
3108
6396
6283
2789
1489
1774
-511
-3957
-5068
-4169
-4116
-5223
-3516
-158
444
898
3979
6911
6399
4106
3399
4516
3354
-565
-2870
-3858
-4626
-4717
-4839
-3514
-3476
-4815
-2973
-611
1570
2215
3062
5787
5204
4717
4953
4150
3991
2227
3089
2976
-380
-817
-1583
-2219
-5101
-6996
-5849
-6972
-7402
-7681
-5389
-5316
-6745
-3783
-1119
697
954
5962
9411
10055
12536
13901
18686
15795
9388
3938
-2373
-3688
-4764
-3985
-8184
-11189
-5620
2075
9116
3992
-3096
-5664
-4418
220
-961
-3263
-9593
-9158
-1625
2573
7583
797
-4434
-740
682
1678
-3233
-6573
-9160
-11034
-9188
-9570
-6092
-5088
-3832
4280
6993
6220
7739
10664
11525
6525
1916
199
-732
-2133
-4655
-6508
-7591
-7925
-4992
-207
1087
1069
2396
4732
6413
6778
7456
6340
4904
4696
4155
2962
-486
-3394
-4851
-5671
-5153
-4774
-2605
-184
752
3061
5225
5166
4984
4662
3893
2455
-857
-2485
-2565
-4837
-7003
-7795
-5720
-3544
-3914
-2818
-1242
376
1207
2715
4659
5268
4972
4954
5844
4482
2687
1115
916
811
-446
-1427
-1713
-1338
-2215
-2713
-2692
-2809
-4060
-5406
-5474
-4669
-4797
-5519
-4323
-2954
-1434
-1573
-42
3601
6440
9488
10681
13103
15018
17218
15844
9427
1229
-4624
-2441
-2061
-2614
-9137
-9878
-1909
4503
11201
1361
-6794
-9481
-7242
1207
-2293
-6867
-13037
-8192
4756
9853
11550
-103
-4419
1100
1482
1292
-6372
-12523
-16174
-14356
-9625
-10082
-7198
-6541
505
9485
8484
8997
9788
10487
9091
3954
981
-3576
-5959
-4409
-6456
-10004
-11792
-8768
-2263
405
925
3521
5791
6085
7378
9661
8960
4909
2811
4887
4289
373
-1762
-1507
-1618
-2657
-1646
274
947
209
1299
4520
4351
1323
1076
1517
-187
-2634
-3948
-2180
-2582
-5329
-5636
-3399
-286
476
507
1687
1776
1929
3524
4984
4173
1871
664
1514
1678
-914
-1605
-1291
-1298
-426
766
2918
2986
1830
702
406
579
-1264
-1736
-2719
-3552
-3441
-4458
-3800
-4172
-3412
-3117
-4566
-3458
-2443
156
3560
5916
9120
12050
14303
15978
13479
7281
273
-2464
931
-70
-6639
-10366
-7800
-1178
5916
4614
-3480
-7922
-9185
-3690
1462
-3812
-11572
-9882
103
6606
8739
5307
-2097
-2303
-52
-567
-1393
-8338
-14901
-13265
-9311
-6569
-5656
-3521
207
5240
9348
9246
8666
8008
6525
3920
1046
-2937
-6468
-5392
-5241
-7775
-9514
-6841
-1409
0
-562
1862
5895
7049
6529
7400
8547
6246
2920
4828
6064
2431
-2487
-3933
-1697
-2388
-2582
-459
438
960
1191
4471
6381
2970
-92
-1130
-404
-1520
-3505
-2644
-2324
-4057
-4160
-739
2867
3878
2391
2332
3346
2355
2060
2076
1748
107
-1956
-258
871
-254
-443
422
1662
1810
2394
4092
4397
1976
-591
-1233
-2481
-4064
-4676
-3911
-4081
-5201
-4319
-3350
-2955
-4168
-4640
-5191
-7421
-7698
-5764
-1384
3501
7283
11083
14969
17436
19248
16708
8935
-502
-5510
-4047
-5372
-8149
-10666
-8842
-1868
5163
7663
1062
-6189
-9937
-6567
-2020
-4430
-7607
-7104
302
7522
11771
12003
3491
-1121
-41
-898
-4062
-11177
-16412
-16088
-11389
-7417
-5428
-1360
1905
7458
13358
13345
10575
8611
7542
5259
2009
-2694
-7182
-8670
-7966
-8312
-9547
-7883
-5261
-2443
1168
5229
9120
10163
9498
10274
10882
8734
5298
3103
1595
-2531
-6249
-5432
-4005
-4574
-4723
-1780
857
679
1638
2528
1641
-1669
-5022
-2692
497
68
-852
55
1451
917
1527
3994
3164
263
-1131
-739
-120
-1954
-2900
-633
-208
-1690
-504
2858
4234
3169
3044
4552
4866
2930
3154
3811
360
-4260
-6850
-6459
-6726
-6990
-4673
-3142
-2227
-738
2536
5234
2148
-1104
-1749
-3210
-5335
-7234
-4891
-1913
917
6485
10940
14350
15084
16289
15789
8363
-1391
-8829
-7728
-4558
-6572
-9115
-8243
-2865
5310
10323
5816
-4440
-11936
-10002
-2973
380
-3713
-8163
-1215
6284
9579
11234
4438
-2146
-4766
-6755
-7025
-9754
-13462
-13653
-9010
-4268
-1532
2474
6130
9345
11266
10276
7069
4121
3154
1611
-2316
-6984
-10591
-10515
-7382
-6750
-7961
-7785
-4419
653
4649
8863
12053
13101
12694
11972
11645
9552
5077
600
-1975
-4307
-6776
-6157
-4758
-4866
-3866
-1944
-61
803
111
218
245
-1923
-1795
942
3345
4561
3338
2558
2657
1928
313
-1679
-3183
-4292
-5054
-4177
-2939
-2014
-890
-587
952
2557
3358
4072
4906
5144
4328
4795
4461
2709
989
-337
-1871
-4558
-6458
-6249
-4249
-2870
-1839
544
2620
4502
4454
2406
-483
-4564
-5708
-6687
-8346
-8511
-8489
-4568
1101
6282
9843
11068
12969
14393
13513
9448
266
-7478
-6021
-1459
2037
-976
-4172
-158
5972
10042
2259
-8102
-17266
-19305
-8706
-2957
-3117
-4552
1014
9570
13598
14827
6124
-3067
-8782
-11066
-7339
-7773
-9957
-9786
-3893
1521
2512
5959
4395
2915
4023
2117
-917
-4232
-3136
-210
-441
-3041
-5206
-3864
-2447
-3980
-5384
-4485
-1554
1056
5272
10858
14024
15217
12087
7912
5167
1960
-1234
-4077
-4063
-4770
-5116
-2554
475
1761
102
-512
-1723
-3076
-4335
-4325
-878
-833
-1175
3379
8214
10142
7821
4147
3148
-76
-4519
-5239
-4324
-3551
-3936
-3143
-556
703
408
508
948
1309
1912
2885
5497
6674
4918
4078
2620
-127
-2095
-3909
-4462
-5302
-6198
-5138
-2504
1540
3494
4950
6605
5466
3477
1475
-322
-1694
-3008
-4612
-6800
-8763
-11124
-12534
-12506
-11946
-7353
-1216
4786
9256
13348
17923
18036
17496
11423
2532
-3914
-7625
-3248
-1356
-3558
-4023
-960
5310
7454
2016
-9776
-19060
-18572
-11237
-2347
-7
-703
5747
12817
18434
18827
7605
-3185
-7441
-7425
-6171
-6653
-5587
-3288
-929
200
-900
-2561
-7238
-9741
-7505
-7622
-9217
-6820
1216
8432
10940
11300
8955
5441
4011
2858
-221
-5276
-6575
-1681
3038
5440
7092
10024
9405
4479
1699
1100
-381
-3460
-2020
1322
859
-96
-236
-15
-2550
-6898
-8246
-7135
-6132
-4655
254
4968
6213
6753
7991
7679
2714
-2817
-5077
-5033
-4984
-5526
-3838
-840
1376
2292
2542
2192
764
205
791
2293
3701
4318
5005
4246
2159
-540
-1926
-2646
-3750
-3070
-2105
200
1776
2992
5064
4413
3347
986
-890
-2153
-4330
-4467
-4763
-6073
-8004
-8677
-8932
-10267
-10594
-9542
-6230
-1560
4134
10802
14972
15699
16847
17042
11993
908
-8650
-7165
-1038
4585
4287
491
1841
3288
7806
3211
-13751
-26760
-28290
-12776
61
5706
9329
12279
19660
20225
18227
7721
-9025
-15844
-15514
-9119
-6385
-4654
-53
2175
1322
-6351
-11699
-13705
-12613
-4650
-72
1327
4530
10370
17713
18943
12160
1634
-6018
-7258
-6563
-6261
-5386
-1904
2315
3999
5533
7828
8458
3263
-3109
-2458
645
2447
5617
9846
10094
2864
-5369
-9169
-11756
-15365
-16463
-12117
-6130
-440
6915
13852
14353
8513
3467
2031
114
-3452
-4638
-2193
741
425
1293
3075
2205
-1222
-5993
-6960
-6861
-5159
-1076
4150
7725
6497
6791
7347
5734
2171
-1253
-1714
-3668
-4050
-179
3180
3639
495
-1412
-1085
-1660
-1693
-135
973
-749
-936
1855
3665
1757
-1595
-2916
-5991
-9653
-12275
-12734
-10632
-11214
-9702
-3428
3963
9089
9798
11422
11781
11839
11942
8823
3156
-4076
-927
7901
13874
9265
-1057
-118
2016
2229
-6323
-19412
-25797
-22012
-2086
12661
15765
9628
5571
11098
9196
1507
-10758
-15853
-10292
-4154
5281
8923
7437
3605
-2421
-8004
-17177
-22043
-18273
-6844
5227
7586
7302
9007
9735
7852
2745
-5002
-11800
-11563
-4026
5249
7596
5596
6977
7679
4368
-1205
-2524
-120
-1386
-1876
2245
6448
6502
4832
4649
1573
-7627
-15051
-12208
-5808
-2366
-345
3216
6238
2949
87
105
-1628
-4402
-4884
1908
7710
7254
6954
7360
6195
-151
-5773
-6251
-6062
-4136
-1757
2443
5247
2935
1184
390
-950
-2809
-1413
2221
4362
4610
3917
5071
4042
507
-2159
-3004
-2933
-3860
-2823
354
3147
4984
5260
3454
935
-1373
-2987
-4345
-6159
-5933
-5345
-5568
-6986
-9342
-9747
-10833
-10809
-7768
-2759
4803
10439
13121
12849
10424
10640
9954
6640
-793
-7812
-3111
5815
13829
11606
4241
2783
2669
8032
1615
-11561
-22989
-23581
-1536
11436
13102
4322
-3175
934
-2622
-5338
-12261
-16160
-9359
-642
10854
11224
6939
4010
-51
-5100
-14270
-14195
-6098
4277
13444
12396
6113
-2512
-8057
-7649
-9133
-12626
-14252
-9171
1071
8593
10758
8778
5695
1554
-1715
-745
5125
11555
12281
11457
9665
5444
-423
-5846
-6858
-9317
-14001
-14983
-8985
-796
1862
2199
2877
1714
-1640
-1846
2594
6924
8540
9359
12815
12295
6615
2005
-946
-2969
-7739
-10535
-6999
-3460
-1219
-420
45
-39
-3538
-4527
-520
3674
6280
7112
8367
7590
1722
-3654
-5769
-5432
-5135
-3853
249
3166
3886
2586
1964
1433
-271
-416
-1040
-1214
-1406
-1505
-865
-2196
-3191
-4273
-4936
-5607
-8192
-8651
-9224
-9977
-9012
-6487
-1282
2876
7094
8059
5274
3379
2544
6978
8629
4548
1710
4388
12983
18671
19387
12320
2518
352
3762
2603
-7595
-16580
-15390
-3622
4819
4449
-1444
-10056
-13077
-12322
-9012
-9194
-9278
-15
9880
15193
13185
8641
5060
113
-4619
-8182
-6696
-1496
4864
7655
3186
-5162
-12764
-15034
-15192
-12392
-8167
-4822
1302
7085
11078
8995
2996
4
407
2944
6151
11599
15766
14229
7527
400
-5117
-10354
-11718
-8366
-2978
326
-353
-249
918
-323
-2514
-2731
-1373
-370
1789
5906
9726
8806
2920
-2077
-4207
-3613
-2764
-1166
377
-1761
-2843
-2188
-3
2573
1742
726
1
604
2044
1906
2290
1605
115
-1365
-2615
-1758
-37
834
413
363
470
-86
-568
-212
-21
-762
-600
1335
4107
3431
1418
1561
1880
715
-2643
-3314
-2140
-3970
-6767
-8275
-8347
-10270
-12263
-9408
-4921
-1824
-2214
-694
2684
1827
1973
4187
11491
16181
14634
11729
7250
10053
13644
17268
14473
4604
1824
4300
10933
4083
-10669
-19476
-17580
-5417
-3387
-4953
-10198
-14161
-12206
-10737
-3545
-3839
-4114
2312
8834
11786
4685
2556
3273
827
-3149
-5885
-1527
192
981
2302
-982
-7953
-13930
-11408
-5269
-1409
876
3210
4315
2203
-375
-2047
-1956
-196
3020
6052
8635
10969
8741
3850
-1237
-4557
-5240
-4510
977
7357
9390
4621
-3137
-6360
-7441
-5877
-2947
-115
2718
3412
4547
3274
188
-3596
-6563
-4366
-1675
1341
3736
4660
4770
949
-1789
-1412
140
2730
3511
3512
1654
-1457
-2081
-2461
-566
1161
1254
1465
1270
1299
-936
-2559
-4817
-4853
-1083
1454
3201
3873
4885
3320
1593
265
-1676
119
1138
2333
3362
-53
-5192
-6222
-1363
360
-1295
-3621
-7498
-8983
-8519
-5086
-3813
-6915
-8437
-5616
523
3750
3877
4615
8228
11231
12471
11332
10047
12651
15577
18990
15118
6484
1539
2259
5948
-787
-11846
-17678
-12028
-2210
-1699
-5160
-12673
-15738
-11850
-5733
-1861
-6546
-7732
-4232
215
1092
-3338
-2114
1405
1553
-1776
-3547
-57
3582
4380
2608
-802
-4388
-4679
-1518
3702
5852
3336
1777
699
-280
-2031
-2871
-394
2108
3686
3944
4873
5536
2649
-1919
-5042
-5010
-2934
957
6926
11344
8974
1357
-4966
-6450
-4681
-1838
1106
1732
192
-1499
-1172
109
-716
-2826
-2421
691
3068
3978
3781
2465
-1039
-4931
-5870
-2975
1469
4717
5681
3486
-43
-1785
124
3263
4718
5019
3653
880
-1304
-3111
-3325
-3422
-2807
1430
4471
5167
2901
-610
-2888
-5991
-6634
-4239
288
4246
4416
2666
-1090
-3898
-3572
-495
3539
2778
-788
-4584
-6869
-7655
-9173
-8510
-7391
-5516
-2035
3351
6707
4097
-261
-2509
2486
8477
10826
9501
5140
6116
11596
17706
15316
5066
-182
3185
10320
7294
-4068
-11938
-8356
1698
3573
-2086
-10721
-15286
-12765
-8158
-7282
-11455
-13079
-7763
-496
-1260
-6798
-7133
-2635
-1177
-4425
-4382
-1195
2771
5604
5855
2729
-2921
-2403
4093
9464
9593
7622
6956
4139
-256
-2581
-322
1694
2502
4147
3743
2533
518
-408
-2267
-6673
-6677
-1203
3588
3386
323
-3150
-7527
-11320
-8883
195
7718
9145
7644
6171
3961
1405
262
-12
-1462
-2184
1254
5181
4540
32
-4818
-6927
-6006
-3730
535
4838
4773
2026
-1774
-3216
-954
962
3059
4059
4511
4971
3349
2102
1854
1072
-223
-1050
-164
993
-1268
-4610
-5790
-5299
-4313
-2586
2198
6479
5276
219
-3116
-3509
-3916
-3523
104
4286
3266
-2163
-6307
-7065
-7337
-8166
-5725
-950
1410
671
122
-453
-3750
-5083
-286
9506
15646
12723
6965
4019
6763
10912
12029
7765
1323
2511
10228
13663
5401
-8708
-12860
-1822
8689
6728
-4511
-13770
-13837
-10206
-7040
-7641
-10865
-11775
-8157
-4131
-8123
-13528
-12304
-6675
-3915
-6599
-5261
1463
6550
6663
3559
1197
979
3396
7707
11018
9754
5515
2901
2754
4152
4939
4969
6157
6959
4762
918
-1756
-2190
-2701
-5381
-6392
-3832
-624
-1
-1299
-1766
-3429
-6475
-6477
-1340
4264
5167
3615
1999
-379
-2346
-1282
2456
3554
1022
1012
3858
4331
722
-2432
-1796
-1101
-1289
112
3217
4781
2871
668
-860
-1606
-394
1923
4165
4126
2464
1670
756
-1146
-3248
-4553
-4804
-3962
-1562
1707
2965
1325
-970
-2399
-1973
-98
2307
4274
3505
407
-2375
-3567
-3236
-1744
1364
3382
1604
-2706
-6688
-6951
-6151
-5555
-3308
-720
1320
1624
942
-959
-2908
-844
4677
7722
4473
-683
-263
5512
9134
6854
2356
3450
11297
18161
14896
2180
-7450
-4749
7245
14544
7418
-5446
-11808
-10234
-7515
-9725
-12633
-13390
-12701
-9925
-8397
-10039
-12435
-11365
-7005
-5289
-6710
-5047
1117
5030
1894
-2944
-3174
1099
5995
8838
11008
10242
5496
2751
4931
9214
9730
6265
6038
8316
6517
1544
22
2663
2662
-955
-2462
-207
147
-3267
-5451
-5910
-7033
-8695
-7007
-1888
424
-432
-1017
-1464
-3643
-5126
-1954
2863
3960
1929
1769
3593
2560
244
1048
3124
3616
2377
2572
4562
4247
2429
1452
1327
1576
1336
1945
2785
1258
-1093
-1993
-1839
-1628
-2125
-2295
-1393
-1362
-747
294
124
-962
-3241
-4158
-3134
-495
2702
3368
1659
-402
-1032
-717
-1392
-1768
-1068
-1099
-2160
-3739
-4812
-5591
-5274
-1439
3385
4909
3002
702
-252
-631
-604
164
567
-76
1073
7002
11959
8302
-117
-2542
5598
14581
13564
4944
-2405
-2746
2575
7879
7462
1095
-5114
-5931
-2537
-3416
-9277
-12007
-9420
-5084
-5946
-9729
-9656
-8600
-10110
-12845
-11844
-7234
-4031
-2660
-1701
-2446
-5596
-5903
-44
6197
8502
7764
5817
4084
3498
6532
10532
9706
7502
8984
11149
9308
5072
4437
6715
6052
3125
2135
1618
-1092
-3950
-4844
-4709
-5847
-6405
-3891
-2413
-5230
-8196
-7200
-4523
-4095
-5255
-3383
-173
776
1592
2389
1813
28
272
4108
6549
5228
3888
4932
5158
3142
1968
2338
2910
1479
-926
-1462
-939
272
1064
393
-851
-1945
-2488
-1896
-680
-478
-1871
-3448
-2391
-197
571
503
682
816
-905
-2710
-1965
-42
-267
-2534
-3460
-3047
-3019
-3137
-1684
570
-159
-2290
-1834
660
1748
506
411
1098
1293
1693
2709
3387
3060
5205
8954
8681
3152
-505
3255
10145
10907
3788
-2258
-990
5500
8967
4773
-1900
-4980
-4390
-2799
-2652
-5003
-7911
-8450
-6333
-5110
-7283
-8220
-5940
-6809
-11751
-13611
-8579
-3180
-2728
-3485
-2807
-3847
-6647
-5315
-518
2571
3393
3813
2856
-293
-27
5942
9524
6740
5752
10660
13292
9148
5857
7793
8278
3662
1571
5198
6177
2040
-1452
-2469
-3731
-4922
-2167
1496
-1246
-6730
-7434
-5186
-4843
-5812
-3914
-507
-438
-2141
-2053
-1849
-3270
-3925
-1363
2780
4858
5460
5746
3856
383
-567
2149
4625
4514
3306
2772
1470
-650
-187
2665
4190
2386
-1270
-3644
-4099
-3123
-814
200
-676
-1983
-2181
-1031
-676
-676
-731
-2073
-3561
-3945
-2546
-327
618
832
-454
-2787
-4006
-3105
-1179
-1087
-1818
-1399
-131
-416
-1755
-610
2160
3846
3911
3182
2197
1970
5584
10803
10037
2766
-1888
2977
11411
12775
6513
61
-1487
2276
6888
7422
2245
-4123
-5719
-3965
-2486
-3981
-5955
-5698
-5637
-7071
-10062
-10239
-6924
-6522
-10033
-12360
-9414
-4873
-3237
-3232
-3707
-5241
-7091
-5672
-1574
1163
3330
5025
3195
-1366
-1684
5122
9406
6182
4750
9601
11995
6616
2152
5605
9168
6431
3792
5761
6458
2921
1550
3674
2219
-3517
-4900
-518
813
-2935
-4833
-4141
-5433
-7483
-5667
-1768
-2151
-4809
-4775
-3804
-4912
-5323
-1497
3714
5508
3975
2768
2106
1813
2795
3776
3805
3393
4150
5464
4333
1407
-517
-434
-39
-1053
-1584
-720
-187
-1008
-1893
-703
1593
2177
268
-2321
-2748
-1391
-1130
-2168
-2878
-1722
-545
-1908
-3552
-3159
-1082
-523
-2212
-3320
-3651
-2992
-1798
-106
895
-170
-800
-211
978
1704
2461
3350
2683
1267
1803
5464
8488
7042
3031
2004
5651
9398
9285
5635
1653
581
3069
6712
6328
576
-4447
-4762
-3413
-4485
-6015
-4558
-2978
-4678
-7890
-8839
-7906
-7712
-8078
-8042
-7181
-5622
-3955
-3470
-4909
-5946
-5187
-4494
-4207
-2770
1208
4656
3059
-905
-1541
2156
5693
5619
4572
5671
6839
5973
4651
6079
8581
8094
6007
5338
5708
4386
2810
3248
3801
2281
279
-76
-624
-3014
-5002
-4511
-4147
-6142
-7469
-5911
-4179
-4327
-5073
-4966
-5356
-5790
-3286
952
3448
3365
2129
1540
1751
2810
5125
6415
5016
2293
789
1628
3232
3674
3103
1582
-724
-1934
-702
2057
3385
2064
415
200
-485
-2417
-3767
-2788
-899
-1058
-2094
-2309
-1622
-1034
-1730
-2721
-3001
-2355
-1421
-1495
-1975
-2187
-2157
-1910
-1522
-377
811
728
-529
-1472
-1020
146
1504
2323
2049
1306
1828
4468
6937
6612
3952
3093
6277
10000
8936
3423
-990
355
5886
8495
5129
-278
-2374
-2319
-3464
-4742
-4004
-1732
-1334
-3827
-7039
-9335
-9287
-7499
-6825
-8234
-9692
-7845
-4745
-4888
-6952
-7632
-6152
-4612
-3769
-2015
548
2887
2830
208
-949
1916
6884
8283
5718
4568
5560
6065
6052
8138
10697
8784
4218
3146
5671
6589
5563
5575
5563
2772
-1133
-1992
-1870
-3768
-5349
-4317
-3317
-5332
-7448
-7032
-5848
-5748
-5555
-4473
-4743
-5164
-2397
717
556
-1228
-326
2831
3360
2590
3633
4367
2817
1070
2356
5047
5496
5037
5131
3800
573
-1286
628
2735
2160
1171
1193
94
-3466
-6159
-4817
-1550
36
-415
-1553
-2925
-4736
-5425
-3943
-2014
-731
16
-71
-1524
-3074
-2308
-110
684
-570
-1812
-1259
-213
675
1149
602
-113
374
3029
4762
2913
505
1798
5840
7192
4735
3191
5326
7892
7005
3064
-139
230
3856
7141
5620
389
-2604
-1189
86
-2117
-4109
-2408
-854
-2969
-6457
-8158
-8089
-7615
-6965
-7044
-8488
-9123
-7015
-4806
-5880
-7839
-6893
-4372
-3332
-3447
-1973
654
1513
947
918
2482
5029
5990
5158
4794
5922
7433
7611
7393
8349
8614
6507
4110
4079
5721
6181
5253
3826
1556
-1103
-2430
-1827
-1676
-2720
-2878
-2379
-3381
-5696
-6465
-4931
-4137
-4947
-4837
-3498
-2707
-2649
-2469
-2323
-2431
-1503
1071
2565
1418
840
2204
2825
1705
1671
4616
6685
5262
3443
3219
3055
1709
788
1489
1944
1420
1098
350
-2373
-5445
-5241
-2441
-759
-911
-919
-1166
-3489
-5876
-4741
-948
1135
279
-1184
-2049
-2801
-2713
-1074
246
-550
-2030
-1830
-262
1216
1888
1417
-156
-1015
728
4035
5558
3743
1322
1576
4132
6229
6121
4958
4554
4537
4233
3238
2296
1994
2550
3910
3981
1890
-463
-849
-918
-3148
-5453
-4760
-1987
-1133
-3312
-6257
-8456
-8894
-7577
-6131
-5988
-6360
-5660
-5203
-6430
-7051
-4922
-2677
-2882
-3498
-2248
-316
369
1130
2887
3701
3293
3635
5398
6366
6174
6730
7274
6742
6009
6512
6810
4847
3157
3293
3526
2700
1804
1733
479
-1877
-2687
-2031
-1824
-2445
-2517
-2469
-3951
-5721
-5918
-5117
-4333
-3259
-1570
-1127
-2900
-4286
-3677
-2162
-682
856
2526
3156
2541
2329
2537
2632
3142
4147
4741
4290
3655
3318
2076
-5
-627
799
1941
1176
101
-142
-729
-2276
-3407
-2555
-774
263
111
-1163
-2611
-3101
-2595
-2127
-2379
-2321
-1256
-307
-485
-1538
-2605
-3490
-3817
-2687
-398
1533
1859
885
-237
-626
314
2060
3389
4063
4239
3825
2731
1687
2335
4116
5133
5341
5435
5267
3956
1907
675
746
1766
3150
3511
1607
-1415
-3097
-3334
-3505
-3413
-2427
-1952
-3817
-6430
-7008
-6127
-5810
-5696
-4627
-3688
-4204
-5306
-5757
-5507
-4774
-3324
-1604
-670
-405
74
380
139
773
2480
3968
3947
3138
3301
3662
4073
4913
5598
5790
5147
4702
4420
3259
2310
2485
3414
3721
2998
1685
-308
-2592
-3679
-2495
-714
-358
-1572
-2966
-4092
-5094
-5450
-4782
-3067
-1902
-2076
-2816
-3301
-2649
-1430
-554
10
477
1371
2569
3386
3362
2595
1737
1520
2256
3278
3637
2970
1795
1022
845
834
776
560
520
509
148
-502
-1342
-1765
-1722
-1440
-1248
-1157
-895
-826
-1293
-2096
-2320
-1511
-654
-404
-572
-1002
-1580
-2089
-1611
-420
216
78
198
907
1066
416
-31
191
539
1174
2371
3299
2985
2222
2169
2240
1749
1830
3372
4417
3328
1664
1771
3040
3043
1800
717
178
-294
-983
-1235
-1495
-2100
-2617
-3097
-3551
-4171
-4571
-4533
-4407
-4097
-3436
-2965
-3444
-4448
-4708
-3887
-2967
-2530
-2007
-987
-323
-504
-471
344
1261
1252
740
916
1502
2232
3103
3942
4015
3127
2810
3331
3787
3679
3496
3558
3076
2406
2188
2099
1097
-544
-1017
-394
110
48
-376
-1238
-2796
-4123
-3829
-2378
-1444
-1804
-2928
-3715
-3836
-3159
-1929
-882
-158
253
646
1059
1183
1401
1735
1890
2172
2588
2984
3036
2538
1984
1757
1660
1351
666
199
274
326
90
-614
-1080
-1148
-1198
-1048
-717
-350
-363
-894
-1821
-2387
-2102
-1073
-234
-474
-1310
-1586
-718
325
818
602
78
-221
-130
387
776
1034
1214
1116
911
563
607
846
871
1061
1290
1409
1079
672
927
1580
1905
2075
2210
2033
1135
-262
-808
-408
380
496
-439
-1649
-2591
-2642
-2290
-2179
-2262
-2188
-1895
-2170
-2683
-2434
-1549
-969
-1328
-1654
-1338
-1005
-945
-948
-835
-861
-819
-367
126
98
-126
67
386
485
774
1689
2496
2311
1506
930
998
1460
2013
2438
2356
1829
1272
826
419
190
105
260
388
259
37
-284
-454
-790
-1162
-1280
-1329
-1394
-1556
-1685
-1649
-1628
-1751
-1636
-1374
-1040
-769
-565
-124
341
816
1277
1738
2063
2101
1934
1777
1821
1943
1889
1524
1143
738
335
224
521
790
296
-668
-1118
-787
-312
-250
-596
-1231
-1928
-2144
-1621
-731
-306
-535
-1094
-1520
-1047
313
1413
1252
192
-440
-270
-92
25
359
1091
1536
1240
727
253
179
471
937
1360
1697
2197
2513
2156
1265
709
1031
1475
1511
1157
605
-35
-841
-1372
-1359
-1024
-1064
-1906
-2727
-2771
-2342
-2157
-2438
-2477
-2208
-2089
-2094
-1969
-1571
-1486
-1666
-1627
-1394
-1195
-1095
-905
-619
-314
71
647
1024
1234
1587
2060
2357
2313
2480
2761
2909
2630
2024
1583
1388
1536
1561
1340
798
48
-497
-899
-1043
-961
-539
-46
-94
-707
-1448
-1656
-1558
-1410
-1132
-781
-809
-1478
-1826
-1558
-1166
-1255
-1345
-784
-161
-57
-379
-155
647
1347
1628
1644
1628
1428
1166
883
804
1122
1642
1797
1208
398
91
414
736
785
551
242
-151
-721
-1007
-769
61
316
-531
-1670
-2138
-1412
-510
88
-4
-427
-641
-542
-117
-34
71
484
1158
1202
597
305
525
968
1008
1063
974
803
672
786
967
695
875
1252
1434
978
436
626
697
412
-128
-186
95
98
-182
-936
-1456
-1509
-1324
-1359
-1754
-1723
-1318
-1225
-1730
-2240
-2429
-2210
-1772
-1396
-1276
-1605
-1817
-1928
-1944
-1976
-1551
-739
-463
-325
46
677
741
645
1098
1672
2110
2240
2478
2362
1992
1984
2308
2496
2375
2298
1859
992
254
530
1237
1299
936
409
-11
-495
-888
-945
-948
-818
-728
-1024
-1628
-1760
-1239
-927
-1206
-1556
-1091
-610
-717
-785
-582
-326
-313
-190
161
348
347
439
304
-110
-280
152
524
462
543
788
634
-132
-514
-96
502
660
566
350
-104
-355
-173
96
-199
-502
-263
-126
-556
-852
-591
-258
-199
-197
92
195
-36
-166
249
881
1321
1394
1084
762
589
905
1330
1665
1608
1243
1134
1208
1355
1203
1110
1079
881
165
-408
-209
133
214
-176
-219
-224
-465
-771
-1052
-1257
-1522
-1246
-812
-576
-852
-1250
-1407
-1863
-2150
-2082
-1839
-1765
-1751
-1525
-1574
-1910
-2026
-1688
-1187
-1065
-922
-533
-261
-57
200
707
889
851
854
1120
1480
1612
1716
1414
1358
1587
1982
2074
1819
1721
1386
995
769
1148
1442
1242
841
480
119
-499
-592
-247
73
-12
-430
-775
-942
-778
-429
-430
-836
-991
-864
-622
-531
-383
-266
-449
-560
-395
-115
-59
74
184
120
-262
-423
-69
264
437
248
-45
-509
-747
-556
-296
-95
54
0
-575
-957
-822
-411
-423
-765
-670
-507
-466
-376
0
182
-164
-272
120
477
381
359
705
879
714
589
901
1135
973
1119
1495
1728
1578
1473
1501
1201
1323
1627
1914
1607
745
366
221
369
348
379
91
-338
-396
-549
-713
-1077
-1029
-999
-1059
-999
-992
-1075
-1477
-1609
-1498
-1358
-1477
-1538
-1339
-1258
-1284
-1366
-1153
-873
-740
-745
-777
-621
-364
-137
-5
84
146
103
-103
-241
-178
260
709
806
643
687
923
924
919
898
1102
1123
946
794
733
904
917
919
638
353
242
341
352
82
-144
-386
-147
106
196
-7
-266
-377
-646
-757
-695
-314
47
31
-317
-510
-560
-479
-268
-86
136
285
333
237
304
295
264
150
157
49
-149
38
76
88
-210
-464
-679
-551
-294
-549
-789
-990
-658
-352
-256
-246
-160
-104
-591
-793
-468
-39
167
303
262
63
56
226
480
644
695
714
919
1072
1182
1365
1293
1263
1438
1515
1251
957
950
889
723
636
587
375
-30
-298
-256
-135
-234
-628
-1011
-1318
-1230
-807
-665
-907
-1255
-1200
-1205
-1369
-1338
-1012
-764
-831
-774
-606
-318
-285
-188
80
17
-269
-445
63
600
670
440
152
-90
-152
137
339
582
510
224
185
258
452
611
593
181
-181
-58
268
540
552
323
108
19
59
57
137
96
-76
-12
10
86
143
112
-100
-448
-497
-459
-327
-323
-463
-365
-192
-282
-448
-281
-136
78
260
204
66
90
397
564
551
273
33
-54
-94
23
299
411
-16
-443
-669
-726
-400
57
174
-200
-606
-576
-351
-98
39
72
-42
-447
-436
-88
117
164
348
508
193
1
163
491
372
166
506
956
1201
942
812
768
670
739
930
919
691
732
811
696
228
95
108
-156
-373
-356
-75
-28
-370
-1001
-1303
-1304
-1142
-846
-812
-1009
-1276
-1331
-1338
-1239
-952
-685
-500
-385
-304
-234
-80
76
250
364
402
519
812
973
878
773
619
470
411
605
694
629
446
152
14
21
206
221
242
41
-211
-219
-78
198
217
31
-325
-287
-44
34
-38
-108
-120
-247
-314
-329
-200
-142
-228
-451
-481
-478
-424
-209
-175
-89
-108
-126
-216
-112
82
70
199
174
129
66
15
125
183
99
-174
-226
-124
-146
-24
92
-8
-243
-417
-451
-411
-297
-157
-28
-51
-319
-357
-136
-41
-17
70
248
308
460
607
566
379
268
537
757
717
587
554
456
377
505
673
651
464
455
599
568
374
344
376
307
319
491
550
380
134
-57
-189
-276
-160
5
-106
-544
-1002
-1186
-1239
-1247
-1215
-1214
-1231
-1208
-1239
-1300
-1256
-1094
-899
-818
-686
-400
-114
-38
-48
95
449
749
799
836
874
888
817
800
885
942
983
960
852
642
532
538
544
485
355
331
335
297
283
232
44
-148
-209
-163
-118
-104
-141
-227
-385
-537
-502
-507
-470
-409
-416
-432
-433
-280
-206
-265
-385
-358
-297
-300
-146
-22
19
-7
-28
-76
-155
-195
-78
54
39
-106
-311
-206
-101
-109
-186
-291
-303
-271
-150
-208
-371
-518
-539
-386
-217
-101
-22
13
-49
-82
0
198
524
827
861
621
379
425
701
927
851
733
683
602
556
431
404
405
410
402
422
470
355
183
70
108
130
73
48
74
114
76
-51
-186
-335
-364
-256
-208
-354
-523
-527
-542
-574
-628
-597
-587
-629
-709
-876
-914
-824
-666
-530
-401
-321
-218
-118
-143
-75
100
264
308
303
340
424
525
532
468
440
455
469
512
487
404
431
508
544
465
361
281
238
257
197
149
131
126
76
14
-40
-130
-216
-280
-292
-297
-200
-129
-116
-213
-349
-312
-253
-200
-268
-338
-287
-263
-219
-136
-18
-14
-168
-310
-415
-388
-187
90
199
118
63
97
146
26
-134
-215
-237
-227
-180
-133
-269
-440
-583
-640
-589
-502
-309
-165
-105
-152
-135
-22
164
346
350
307
232
355
486
487
490
548
696
721
623
568
552
566
575
585
527
363
331
336
328
196
44
-19
-124
-178
-97
116
162
-22
-324
-475
-361
-143
41
-19
-166
-294
-333
-323
-373
-325
-335
-407
-466
-494
-429
-258
-115
-156
-227
-199
-13
27
-102
-202
-124
39
169
389
450
324
76
-4
44
54
111
230
380
310
142
44
85
95
177
294
239
139
55
119
102
53
56
104
83
-42
-84
-66
50
117
194
215
87
-76
-202
-300
-296
-230
-245
-294
-386
-404
-452
-497
-396
-263
-191
-155
-114
-106
-101
-42
129
193
125
16
-28
-25
-70
-98
-139
-130
-138
-20
46
-98
-278
-366
-373
-341
-175
38
228
179
24
-92
-140
-58
56
246
298
187
168
271
392
466
563
518
389
339
358
526
633
587
436
220
72
48
32
19
-30
-219
-421
-497
-322
-40
41
-95
-237
-300
-289
-169
-32
-3
-85
-168
-173
-183
-218
-156
-63
-22
-54
-50
48
41
-25
-50
-35
17
-7
-43
-20
-6
12
108
212
199
159
200
214
112
51
139
237
262
297
257
181
114
20
22
67
128
160
144
106
-38
-115
-55
22
31
-37
-62
-98
-93
-111
-159
-127
-108
-117
-184
-300
-407
-431
-374
-239
-111
-62
-116
-236
-339
-350
-237
-55
59
-8
-169
-294
-228
-67
89
44
-169
-284
-197
-22
58
131
71
-9
-6
67
154
206
198
118
28
-34
12
90
134
19
-130
-201
-174
-61
43
130
181
230
291
329
309
333
432
465
431
450
468
499
442
227
91
29
36
107
148
55
-127
-195
-212
-272
-319
-243
-161
-211
-308
-383
-408
-399
-313
-266
-185
-80
-120
-170
-239
-225
-85
47
135
104
38
9
-24
0
68
115
75
5
0
21
53
38
4
16
66
76
30
34
22
58
208
300
291
234
245
233
164
190
262
304
304
249
160
152
186
155
21
-85
-100
-82
-32
-79
-179
-278
-283
-221
-152
-73
-107
-184
-228
-186
-138
-72
-38
-116
-237
-370
-370
-242
-97
-46
-107
-157
-150
-171
-194
-158
-111
-99
-121
-92
-8
44
48
99
99
74
108
206
286
190
60
-28
-34
-5
5
9
-71
-126
-129
-117
-76
-18
32
72
116
157
126
88
72
82
214
285
293
303
272
193
88
88
182
264
253
98
-81
-145
-148
-173
-174
-186
-179
-158
-227
-253
-206
-126
-108
-101
-117
-98
-76
-52
23
-11
19
56
101
129
109
89
98
88
97
104
80
107
91
82
55
32
7
44
60
81
86
59
58
-3
-1
47
164
177
90
26
27
116
176
163
66
27
22
32
24
-9
-27
-37
-12
-70
-104
-93
-73
-53
-88
-116
-164
-158
-148
-81
-73
-129
-142
-203
-212
-213
-155
-130
-192
-240
-233
-165
-117
-78
-86
-111
-166
-166
-86
6
71
121
113
55
34
65
157
171
133
66
70
108
130
134
98
101
35
35
50
21
1
-15
-12
-64
-40
29
92
69
-36
-42
19
101
154
169
107
72
78
82
114
100
114
136
94
26
6
-6
-67
-106
-107
-71
-56
-96
-137
-164
-137
-96
-66
-95
-144
-136
-102
-82
-85
7
55
18
-12
-11
33
48
53
62
88
86
69
76
79
63
28
46
113
80
30
47
89
49
42
50
44
87
60
97
90
44
14
63
103
51
34
64
107
53
17
36
5
-22
-23
-50
-19
7
20
2
-59
-85
-66
-79
-77
-48
-34
-67
-183
-183
-208
-202
-183
-190
-191
-279
-301
-263
-172
-112
-99
-111
-160
-145
-82
-48
-11
18
22
40
8
9
86
141
148
55
35
123
161
221
208
174
158
101
95
63
49
83
91
86
76
91
123
100
45
-2
48
161
200
158
116
98
79
79
87
135
130
63
22
-16
-29
-44
-34
-69
-89
-58
-50
-88
-147
-186
-215
-160
-150
-130
-145
-189
-212
-218
-130
-88
-76
-100
-130
-141
-114
-58
-24
-34
-54
-37
-5
-21
-23
15
48
83
86
116
118
75
33
67
95
124
152
150
163
48
8
107
142
155
134
84
85
73
102
136
104
81
111
120
64
50
64
79
35
-34
-22
-20
-40
-73
-138
-155
-168
-171
-167
-205
-202
-170
-152
-149
-149
-169
-196
-181
-156
-99
-57
-109
-130
-120
-95
-49
-1
55
73
54
49
49
66
124
171
196
133
127
140
114
165
192
202
186
173
145
111
94
56
45
139
227
161
28
-51
-15
13
64
101
79
60
1
-66
-126
-151
-145
-101
-71
-92
-174
-173
-148
-186
-202
-195
-136
-130
-136
-180
-152
-121
-152
-86
-69
-67
-55
-62
-76
-79
-43
18
49
54
70
55
57
93
74
93
89
50
91
73
61
56
85
110
83
64
76
98
20
3
-3
1
0
-39
-29
-48
-41
-15
30
57
32
37
73
94
56
70
138
162
121
56
43
62
77
57
52
35
-15
-38
-34
-53
-69
-36
-36
-72
-127
-124
-107
-94
-70
-53
-28
-37
-51
-76
-46
-32
-9
23
31
26
-34
-14
42
89
120
101
96
82
36
36
81
70
39
34
3
16
18
-16
-50
-115
-91
-56
-78
-54
-42
-54
-56
-48
-9
12
-5
0
-3
-18
-16
-7
-13
-38
-89
-91
-46
-37
-3
-22
-54
-72
-83
-31
0
37
35
9
-33
-84
-91
-47
2
3
19
-37
-94
-91
-58
11
42
76
81
45
18
22
66
75
99
123
77
54
46
34
26
36
78
75
35
10
7
26
58
31
0
7
3
6
-31
-41
-41
-42
-10
13
29
28
12
-15
5
50
57
50
56
41
-6
-4
62
81
79
57
6
-1
-18
-2
24
16
-29
-57
-60
-82
-64
-28
-23
-15
-44
-99
-71
-53
-51
-34
13
25
-4
-16
-8
-10
-3
24
3
24
6
-8
-6
-8
16
33
52
34
32
5
-25
-45
-45
-23
-42
-35
-29
-33
-34
-42
-24
0
20
12
27
-10
-28
2
7
29
49
53
14
15
-13
-2
29
3
4
-10
-38
-55
-39
-29
-10
-29
-32
-48
-50
-51
-98
-71
-65
-57
-56
-54
-21
9
10
-2
5
19
41
26
39
42
51
69
77
92
55
42
78
57
41
50
44
33
-9
-7
-40
-17
18
-24
-18
-29
-22
-31
-23
-26
-1
27
0
25
31
24
2
17
63
43
26
59
27
26
99
120
121
88
45
41
41
-2
-6
3
-3
-29
-58
-60
-80
-71
-55
-54
-35
-25
-40
-51
-65
-79
-79
-72
-47
-34
-39
-39
-15
12
13
33
29
12
31
48
57
37
28
7
10
9
-9
-6
-12
-3
-14
-17
-24
1
-19
-45
-18
-35
-12
-14
-28
-17
-3
9
-2
-2
19
23
-3
18
27
27
38
61
55
30
22
-8
-5
-29
-63
-67
-67
-65
-50
-44
-67
-63
-53
-33
-27
-36
-23
-13
-30
-26
-11
-2
6
14
44
28
33
50
50
64
39
44
65
62
45
63
63
41
60
39
58
40
22
39
9
0
-6
-26
-30
-26
-64
-54
-55
-81
-60
-31
-16
-10
-10
-18
22
26
18
33
33
52
41
31
41
39
59
65
53
41
-4
1
5
-10
-9
-45
-50
-57
-23
-10
-51
-52
-69
-41
-16
-21
-9
-35
-25
6
-10
1
35
56
47
12
44
60
54
51
47
70
65
60
57
19
-18
-21
-13
-4
-4
-4
-9
-25
-56
-73
-54
-35
-39
-40
-64
-33
-26
-50
-21
-54
-20
-3
2
8
0
13
-19
-1
-7
-17
-6
-10
-20
-36
-25
-6
-13
-26
-47
-73
-67
-50
-43
-32
-57
-79
-82
-69
-28
-7
5
17
25
19
42
34
22
54
63
59
65
60
61
50
63
95
71
82
73
56
43
28
20
23
19
4
16
-5
-11
-22
-11
-3
-19
-4
16
4
-11
-16
-15
6
-4
14
24
44
58
59
85
65
65
70
48
33
50
35
-6
-19
-20
-10
-24
-38
-33
-41
-57
-54
-62
-82
-81
-77
-74
-89
-87
-53
-5
-5
-30
6
-3
-3
9
28
37
3
4
14
30
29
44
38
20
9
-10
-1
-27
-39
-30
-34
-45
-37
-42
-42
-54
-72
-40
-48
-51
-34
-26
-25
-44
-22
30
32
24
53
40
30
57
46
51
31
9
35
39
8
-3
28
-11
-12
-2
-27
-16
-19
-14
-18
-12
-24
-34
-22
18
10
16
53
25
25
19
33
44
49
56
82
82
51
77
54
55
51
26
34
18
10
13
0
-13
-23
-36
-52
-63
-74
-70
-53
-37
10
-17
-57
-69
-72
-55
-63
-41
-16
-10
-13
7
22
21
35
35
26
31
27
12
22
9
2
10
8
-16
-39
-48
-41
-52
-63
-25
-19
-20
-28
-47
-28
-15
-10
9
7
6
17
32
22
26
26
22
47
19
42
55
60
55
48
54
38
80
51
32
42
24
37
34
31
19
8
-5
-26
-38
-26
-16
-56
-48
-38
-50
-45
-29
-21
-8
-17
-22
7
7
-4
-15
18
16
-2
-22
-14
-8
-12
11
-5
-31
-38
-26
-39
-23
-41
-51
-44
-16
-16
-66
-25
-50
-48
-25
-38
-11
-4
-9
-3
0
-13
-3
28
57
41
18
16
27
24
22
37
33
28
14
26
15
10
-7
-16
21
13
9
0
9
4
-17
15
37
42
43
34
55
40
22
57
37
44
46
15
14
16
18
6
-7
-4
-6
-9
-3
-14
-18
-40
-64
-59
-52
-51
-54
-42
-35
-28
4
-2
5
11
-7
19
19
9
11
2
-3
0
4
18
25
17
21
42
25
19
25
2
19
-9
-13
-6
-8
-28
-47
-4
-15
-10
-38
-44
-29
-44
-31
-33
-15
-16
-10
5
1
23
40
21
-1
22
26
33
27
13
0
-27
-9
-15
-14
-12
-13
-11
-10
-8
-15
-17
-31
-39
-24
11
-9
-16
-7
9
-6
-13
10
5
6
3
1
-13
2
14
51
50
16
12
22
38
28
49
44
18
13
7
4
18
6
-12
-10
-10
13
5
-19
-35
-25
-16
-11
19
25
38
48
5
12
7
6
35
29
21
-8
-11
-9
-6
-12
-2
24
-3
-35
-50
-48
-28
-15
-28
-39
-41
-44
-50
-31
-15
-31
-31
3
25
18
4
-7
21
33
23
26
29
22
20
8
4
7
-13
12
16
-12
-14
-6
-1
-9
-17
-5
11
-7
2
7
-10
-20
-25
-3
-10
6
1
-12
0
16
27
11
30
21
33
30
21
28
21
14
7
21
7
3
-8
-9
-3
-13
-23
-21
-31
-19
-24
-34
-28
-37
-17
-2
25
-22
-32
2
-7
5
25
56
44
33
45
24
13
13
-3
12
5
-11
-7
0
-1
5
-10
-16
9
-9
-14
-31
-8
10
-21
-12
0
-6
-23
-19
-14
0
-7
8
20
-3
16
-5
-29
-3
2
0
8
6
4
12
1
14
25
-6
-20
-16
-8
-21
-20
-1
-5
-9
-4
-29
-39
-14
-11
-22
-26
-23
-7
-7
-30
-10
-6
-11
-10
6
38
41
50
47
25
-7
12
27
25
28
34
43
4
7
31
13
-2
38
46
7
22
42
27
7
-2
4
7
-5
-7
-3
3
-13
-21
-41
-46
-27
-22
-2
3
-2
-5
18
19
-3
22
24
-2
-5
5
2
-26
-13
-11
-22
-3
-5
11
4
-16
-12
1
8
-9
7
24
9
6
9
-3
7
-23
-38
-12
-22
-20
-18
-16
-22
-32
-20
-22
-22
-22
-21
-35
-36
-22
-32
1
3
-3
10
9
14
8
-14
-9
10
-9
-4
-3
26
52
24
24
39
29
38
41
27
30
10
15
19
22
24
12
13
24
34
22
-9
-22
-19
-7
-3
-16
-27
-33
-26
-28
-23
-8
19
-2
-7
8
-7
-9
-29
-19
-9
-11
-18
-8
16
16
10
23
27
3
-3
-7
9
23
-2
3
11
0
0
-14
-6
3
-12
-16
-7
8
15
15
-21
-18
-13
-15
11
5
28
18
5
19
21
26
19
2
19
29
31
25
-1
3
-3
9
10
4
5
3
23
13
-22
-19
-12
-31
-32
-22
-4
-21
-45
-36
-16
-13
-35
-40
-16
-11
-31
-13
-11
-18
-41
-43
-13
-12
22
20
18
13
-7
-6
7
16
4
-5
-9
-11
9
12
5
16
0
19
30
20
18
10
15
51
55
28
36
22
21
17
18
12
9
-10
-13
18
-5
-20
-29
-26
-12
-26
-32
-22
-28
-26
-25
-20
-16
-27
-15
-6
3
6
4
-13
-16
3
-9
3
14
35
52
21
41
28
2
9
22
29
5
0
4
4
-17
-25
-28
-34
-29
-36
-15
12
-6
-9
11
2
5
21
29
25
22
18
10
17
18
15
13
28
42
6
0
13
4
3
1
9
6
-9
-2
11
21
14
0
-2
-24
-43
-25
-26
-38
-35
-36
-44
-40
-12
-9
-25
-18
-3
4
0
-4
-2
7
15
-5
-10
-35
-64
-38
-15
-11
-6
24
20
-6
-7
2
-7
-18
10
10
3
2
-5
-7
-15
-3
15
10
4
18
28
25
39
25
17
19
17
28
25
38
21
7
18
4
3
28
14
-16
-7
-4
-13
-13
9
18
6
2
8
17
4
-21
-3
-2
-5
-1
3
7
-9
3
6
-6
-16
-23
-37
-21
-32
-42
-17
-22
-22
-47
-37
-43
-40
-7
-16
-7
0
-1
4
13
25
22
22
34
20
19
25
16
1
-3
11
10
28
24
13
14
21
28
44
41
28
26
13
1
-9
-7
-5
-4
-12
5
5
-3
4
-3
-6
8
15
15
26
3
-9
-11
-28
-6
3
-12
-3
-20
-41
-39
-35
-20
-13
-6
-2
-1
-4
1
-10
-16
3
-1
-15
-8
-12
-29
-16
0
12
16
10
3
13
20
4
4
-11
-21
0
0
-3
-13
-25
-17
-6
-13
-11
0
-6
-11
-1
10
0
-13
8
10
-17
-10
-6
-27
-34
-21
-19
-28
-31
-48
-22
-3
-29
-4
10
17
12
22
53
47
33
11
30
44
47
35
48
50
44
61
56
35
35
57
37
37
18
15
28
12
-13
-9
-3
-22
-27
-15
8
6
3
-29
-13
-3
-25
-9
1
15
1
-7
-12
3
1
-13
-23
-15
9
-22
-33
-18
2
3
6
6
9
-9
-15
-9
-28
-28
-26
-10
-41
-44
-18
-19
-6
-14
-13
-13
-16
-26
-37
-29
-23
-16
-31
-24
-32
-40
-4
3
-11
-4
5
7
25
31
39
24
37
35
-4
18
40
45
22
4
2
5
-3
-21
-12
-12
-10
1
-2
-26
-19
4
17
8
15
13
-8
9
-4
-28
-5
14
9
23
21
13
7
0
13
6
-8
3
6
18
34
25
31
41
34
14
3
4
9
18
20
20
15
17
-9
-30
-22
-14
6
10
15
13
-25
-26
-5
-8
-23
-14
11
-1
-4
-23
-13
-17
-22
7
13
2
-25
0
-3
-9
-19
-18
17
-3
-6
1
-1
3
0
1
1
-4
7
2
8
10
0
12
9
-7
-26
-19
-24
-21
-26
-36
-37
-38
-62
-58
-36
-19
16
17
9
1
3
14
31
28
13
22
22
9
3
5
11
6
9
10
-3
9
2
-5
-6
-24
-27
-17
-19
-14
-14
-8
11
7
13
14
2
9
29
29
15
-2
6
7
2
5
13
24
31
28
22
39
35
41
49
46
18
3
11
12
31
15
15
12
-18
-23
-27
-18
-18
-27
-30
-19
-10
-28
-20
-15
-2
2
-4
10
-2
-5
-25
-33
-23
-26
-21
-18
-7
-11
-28
-27
-7
-28
-31
-10
-30
-37
-27
0
4
5
1
-12
-10
-9
8
2
2
6
-10
-13
-16
-6
22
30
8
8
13
18
37
44
53
35
24
39
28
13
7
7
4
-3
-7
1
-1
5
10
-4
23
20
6
12
17
6
-3
8
1
13
4
8
16
-2
-6
-4
8
-1
-20
-25
-19
-10
-24
-22
-26
-24
-27
-35
6
8
-4
-6
10
12
-13
-15
-5
4
5
23
20
6
7
-6
-12
-14
1
15
6
-7
-15
2
-9
-4
1
-24
-8
-20
-8
-8
-27
14
16
8
16
9
16
12
4
3
3
-12
-9
12
-9
-35
-38
-7
-16
-29
-9
-18
-12
-10
-22
-12
0
-11
7
16
7
33
31
15
36
31
25
25
5
-8
-16
0
0
-10
-22
-15
-1
-5
-6
1
20
17
12
18
14
1
-8
-3
4
2
-6
-3
9
0
0
0
-7
9
6
-4
9
12
10
10
6
25
16
10
24
5
12
25
22
22
-2
7
33
9
3
9
6
-7
-6
-3
-5
8
-3
2
-6
-11
-6
3
5
7
6
-15
-21
-25
-22
-13
-11
-27
-15
-18
-53
-47
-46
-31
-28
-39
-19
-23
-17
-18
-23
-13
-19
-7
-20
-20
2
0
5
12
-6
13
31
33
23
9
38
16
10
34
25
2
0
5
4
18
19
19
19
22
19
10
15
20
13
-1
-5
6
6
1
-11
-3
5
-11
-11
-7
-9
-22
-29
-25
-5
-6
-32
-28
-4
-12
-28
-27
-9
0
5
17
20
24
0
4
6
-4
9
7
0
-5
5
4
8
6
3
16
16
27
35
32
41
39
29
15
11
23
25
24
13
0
-8
2
-4
-13
-13
-16
-12
-6
0
-9
-4
-5
-3
0
3
5
-10
-17
-15
3
-10
-12
-22
-17
-23
-40
-35
-26
-2
-19
-28
-9
9
-7
0
2
-4
4
3
16
-3
-6
-13
-14
-5
3
5
3
-6
-13
5
-2
1
9
18
0
-1
3
-8
-6
-23
-12
-4
3
10
25
-12
-25
-13
-46
-26
-24
-17
-17
-22
-6
-5
15
22
22
10
19
28
4
18
28
32
38
38
39
26
38
21
16
24
11
9
15
26
19
27
16
-3
6
-5
0
1
-6
1
15
-1
-3
3
-9
-10
-31
-10
-16
-12
-10
-33
-31
-32
-17
-21
-9
1
-9
-33
-31
-7
6
-5
-8
11
12
-1
-23
-9
-9
-32
-24
0
-16
-23
-1
-2
-4
-18
-12
-2
-7
-3
8
10
5
1
1
0
12
10
6
25
29
19
28
37
22
38
45
19
9
17
17
13
19
22
6
-6
-6
0
1
-3
8
-3
-7
-15
-13
-16
-11
-7
-19
-10
-17
-20
-26
-23
-17
-27
-18
4
-1
-14
-28
-6
4
0
15
20
37
29
19
19
37
20
0
15
16
-4
0
6
-3
-13
-7
-1
0
0
-24
-17
-9
3
-5
-1
-6
-25
-33
-46
-40
-42
-26
-22
-12
-12
-12
-23
-21
-3
-15
-11
3
-3
4
3
2
9
-8
14
24
19
24
21
17
24
14
10
32
33
28
19
28
26
12
18
20
34
29
10
1
1
9
13
24
7
3
6
18
26
4
-10
-21
8
-9
-24
-15
-15
-26
-34
-8
-23
-31
-36
-21
2
0
-15
-17
-7
-10
-23
-12
-18
-10
6
-10
22
38
43
19
23
37
22
26
34
31
8
12
8
6
-8
-16
1
-6
-15
-8
-16
-10
-10
-20
-19
-22
-17
-33
-28
-26
-29
-18
-16
-14
-12
-2
-12
-31
-10
-10
-29
-20
0
6
-2
-6
9
10
-11
6
16
18
9
3
10
1
12
29
19
17
25
10
5
9
4
15
32
24
19
13
4
4
-4
-6
-3
-7
-12
-4
-4
-11
-13
-9
-17
-20
-15
-12
-3
4
-1
-18
-19
-2
-9
-8
3
5
12
9
39
30
17
27
32
33
23
30
23
31
28
24
19
9
22
9
6
32
20
19
6
-21
-6
-4
-24
-16
-7
-17
-8
-22
-13
-5
-18
-16
-28
-26
-23
-37
-45
-43
-44
-44
-44
-44
-37
-41
-35
-14
-19
-16
-6
-25
-12
-16
-18
3
17
25
14
18
20
21
0
22
28
20
38
30
40
22
36
47
50
50
40
40
33
27
38
37
30
13
-18
9
-6
-6
-7
0
0
-21
-22
-12
-12
-47
-40
-49
-25
-30
-43
-53
-51
-55
-65
-30
-37
-42
-40
-33
-32
-32
-24
3
-24
-8
25
32
50
34
50
30
38
49
42
51
41
51
48
35
55
57
41
32
41
54
33
21
4
-6
-14
4
12
-14
-11
-6
-25
-16
-21
-34
-36
-38
-45
-66
-51
-41
-27
-38
-35
-23
-23
-15
-29
-14
-2
-9
-13
0
0
-5
-2
3
10
11
24
25
25
14
13
22
29
18
4
14
6
21
48
41
18
35
48
22
22
26
17
6
12
-1
-13
7
-8
-9
-4
-27
-36
-30
-35
-41
-22
-12
-28
-15
-22
-51
-47
-60
-39
-48
-59
-35
-23
-6
-15
-18
-3
-9
-16
12
8
17
20
28
36
-2
10
22
9
6
36
28
9
23
25
31
25
13
8
7
10
7
19
23
10
12
39
14
-5
8
-3
3
0
6
16
22
28
29
24
12
2
10
9
27
21
3
12
-8
-4
-26
-32
-20
-31
-38
-31
-19
-8
-35
-38
-17
-28
1
-4
-18
-15
-10
-7
-3
7
1
-1
-3
3
-3
-3
2
10
-10
-10
3
-6
-10
-15
2
-12
-16
15
29
25
9
11
23
17
-10
1
27
26
19
-10
-15
-9
3
-2
-4
11
-1
-1
-4
-10
-30
-35
-32
-30
-16
-22
-32
-10
-14
-55
-57
-52
-25
5
-5
-8
9
3
22
51
50
60
41
25
32
63
90
80
70
44
13
22
32
26
23
20
9
20
16
-1
8
-11
2
-10
-26
-57
-60
-36
-39
-29
-63
-41
-28
-27
-9
-28
-30
-25
-16
-26
-41
-24
-6
10
-5
-25
-15
-4
37
50
44
26
-17
1
27
-12
-15
0
-16
-4
-37
-28
-11
12
27
5
24
9
22
60
62
26
15
12
21
10
-3
-4
-14
6
-19
-6
2
-3
3
-3
0
-26
-53
-33
-12
-25
3
6
-8
-34
-45
-7
1
28
13
-31
-16
6
47
74
35
9
48
71
68
78
34
1
24
28
38
31
-32
-47
-54
-31
-9
-35
-35
-68
-77
-22
19
3
10
-28
-31
26
41
34
-38
-74
-60
8
37
40
-10
-49
-25
-7
19
-13
-51
-61
-47
-35
21
9
-10
-15
3
25
20
34
-3
-21
-25
30
53
25
-3
-19
-24
26
61
28
-1
-26
-10
22
49
19
-9
-25
-1
67
67
21
-13
-27
-32
18
63
31
14
-22
-10
12
7
6
7
-7
-14
20
-10
-8
-35
-51
-60
-41
-3
-16
-20
-29
6
0
-7
10
-12
1
26
21
66
25
30
23
-21
2
-7
16
10
16
-43
-31
10
-10
23
10
-14
-15
-6
22
41
-18
-64
-26
-9
16
31
-12
-27
-53
-16
23
-22
-59
-19
18
0
10
38
28
-10
12
13
32
44
77
46
-32
7
10
33
9
-72
-67
-1
32
0
-15
-54
-28
47
15
33
26
-38
24
55
57
32
6
26
32
-36
-20
45
-24
-78
-76
-11
0
10
8
-41
-42
0
33
-52
-66
-49
-84
-44
-61
-92
-63
-24
-63
-37
26
-18
42
1
-8
65
91
111
30
-25
-21
-6
22
36
-23
-12
43
64
51
36
43
19
52
101
47
32
62
58
7
9
56
18
22
-22
-11
-16
-17
3
-84
-35
-53
-36
13
-71
-57
-35
-20
-42
-49
-82
-69
13
-17
-22
-60
-3
36
9
-7
1
17
26
58
-15
-46
-41
40
73
14
20
36
57
85
50
26
54
70
25
23
82
26
36
32
-25
-20
8
-5
-3
-29
-67
30
-13
-40
-7
-35
-30
-52
-43
-15
-57
-75
-53
-44
-36
-71
-17
-57
-65
-11
-9
60
-24
-30
-20
21
41
-34
16
6
18
48
107
72
0
98
82
41
38
28
50
-35
-42
9
24
37
-6
4
-47
-36
6
-29
-25
-53
-43
-42
9
6
-29
-50
-48
12
-46
-44
-41
2
-10
-44
8
-11
-4
-19
22
-2
-7
38
10
5
-32
-19
25
40
18
16
53
9
68
38
-12
31
-23
13
35
64
13
-20
49
44
43
53
-3
-16
26
-5
44
-15
-47
1
-10
3
-28
-41
-18
-25
-4
-13
-91
-23
-13
-2
37
-9
-4
6
28
25
9
-2
53
58
49
61
9
20
10
7
-7
-17
61
54
0
-22
9
47
20
-34
-47
10
0
3
19
-72
-98
-37
25
-31
-114
-35
-32
-19
-24
-86
-52
-39
-6
-14
-50
-54
-23
-19
-34
-48
-23
16
-17
-9
-19
-50
-28
-26
-44
-1
-13
-10
77
83
32
9
6
43
10
-61
28
53
21
19
49
75
5
26
77
54
41
28
54
50
-15
10
69
2
3
78
64
28
30
63
27
35
25
-11
4
-15
-15
16
