28
10
18
6
16
20
-1
3
-24
-7
6
-6
3
-15
-16
-19
-10
2
4
-28
-18
6
15
10
-17
20
18
6
1
-4
2
-16
-16
-3
-10
-16
4
-18
-29
3
-4
-15
1
-10
-13
16
22
10
12
-15
-22
3
-2
-19
-28
0
-10
-16
4
-3
-3
-22
-4
-10
-35
-9
21
8
-18
-6
-6
-21
-11
21
16
-4
3
15
-12
-9
24
16
-3
-6
-10
-39
-13
-25
-40
-6
-1
-16
-18
-13
1
4
0
-1
11
18
1
34
25
10
-8
-3
7
5
18
-6
3
-3
-11
11
38
35
60
60
22
32
3
-23
-23
-3
-10
-2
8
-9
0
5
26
-9
-14
16
5
10
6
-12
-10
-10
4
25
6
26
28
-1
21
41
22
21
38
9
9
19
6
17
12
2
12
9
3
-19
-37
-31
-42
-35
-37
-19
-12
-31
-14
-19
-26
-48
-49
-25
-26
-34
-38
-28
-34
-27
-25
-37
-34
-42
-36
-4
4
-7
-6
6
6
15
18
-8
-8
-1
-5
-3
-9
19
32
11
23
6
32
55
31
38
17
44
27
9
43
38
36
19
22
35
50
19
-2
27
12
6
13
16
25
37
25
-6
5
11
4
7
-3
5
-13
-13
-8
-32
-47
-47
-23
-30
-33
-43
-47
-45
-56
-34
-10
7
-27
-25
-29
-50
-35
-36
-12
1
-9
-20
-9
-44
-36
15
18
14
1
27
22
-20
-6
9
5
28
30
32
15
-11
12
46
34
25
26
55
67
39
45
47
56
36
40
41
57
57
22
34
25
46
20
-4
3
-9
-3
-14
-29
-28
-26
-43
-22
-48
-35
-16
-41
-16
-24
-14
-25
-35
-31
-59
-56
-37
-53
-66
-54
-48
-53
-58
-47
-50
-42
-28
-57
-60
-25
-24
-28
10
33
25
31
16
19
23
36
24
6
28
38
53
29
27
26
21
23
4
38
59
53
51
28
17
15
21
19
15
35
40
28
38
49
38
28
15
20
20
28
46
47
24
15
15
-7
3
-19
-24
-1
-29
-17
-28
-64
-49
-40
-37
-54
-44
-19
-41
-23
3
-15
-8
-16
-34
-19
-24
-51
-57
-38
-12
-22
0
-3
-6
8
-16
-17
-10
15
9
12
14
-3
4
4
-16
-12
-3
-9
-20
-47
-31
-7
-5
-12
-7
3
15
17
49
57
29
35
38
27
10
45
36
24
45
43
12
20
-7
-34
12
-1
6
8
7
2
10
-6
-4
15
8
11
7
17
6
-10
-15
-3
4
12
4
-6
-5
-9
-14
17
15
-12
10
1
-6
-18
-29
-29
-46
-41
-23
-13
-4
-12
-5
16
-16
-42
-3
11
10
22
21
27
6
22
25
16
10
-13
3
-1
-6
-11
-27
-19
-22
-25
-20
-4
7
-7
-26
-5
10
9
-10
-14
-12
-25
-5
-15
11
23
4
-1
-1
3
-4
7
6
-10
-19
7
23
34
26
13
14
5
18
32
19
-12
10
42
24
10
11
-2
2
0
2
22
5
0
4
-8
4
-17
-40
-15
-14
4
-41
-46
12
-16
-37
-34
-16
-31
-15
-18
-19
13
7
-5
-16
31
17
4
25
18
11
9
0
6
10
7
21
13
13
3
1
10
17
13
24
5
19
51
13
38
32
26
19
-14
-1
-4
11
-3
-4
-15
-52
-18
-28
-20
-15
-23
-19
-19
-6
-38
-29
-30
-24
-7
-29
-19
-16
-28
-31
-50
-31
-6
-15
-12
-13
4
-9
-22
-15
-17
-18
-6
17
26
32
19
34
41
24
35
50
62
72
72
63
41
39
30
38
39
27
15
-11
-5
8
13
-21
6
-1
-15
-12
-18
-6
-37
-6
-16
-25
-14
-33
-36
7
11
-11
8
-3
-23
-9
-3
-32
-20
-12
-23
-27
-16
-36
-44
-41
-41
-2
3
10
9
-4
-6
15
16
-3
-3
13
1
-6
3
18
29
12
-7
-1
15
16
11
-6
12
7
5
-2
10
42
27
37
18
2
0
-3
29
20
-9
9
-3
-8
15
13
-5
-26
-7
-2
1
10
-15
-8
-15
-9
5
6
17
-12
-22
-20
-23
-26
-18
-15
-36
-56
-30
-5
-10
-3
-19
0
9
26
12
-8
15
21
33
-10
12
32
7
37
37
14
5
22
9
-23
-16
20
6
1
16
13
32
15
29
17
3
11
-3
5
20
28
6
7
-8
-27
-24
-19
-20
-44
-36
-40
-27
-34
-63
-45
-39
-23
-19
-36
-9
18
9
2
10
-3
-1
22
38
18
3
26
19
5
-8
3
4
-1
4
-14
3
-3
-3
-7
-22
-10
-20
8
9
0
12
-9
-4
-13
1
26
19
7
-12
-10
-15
-7
2
19
28
32
42
14
11
14
31
15
1
28
43
49
31
9
-17
4
-8
-7
-30
-61
-24
-20
-17
-35
8
20
-3
-10
-17
-7
-31
7
6
-6
7
5
18
16
9
-3
-2
-10
-4
10
-7
-9
5
-5
-15
-29
-13
13
17
21
30
41
28
22
4
-6
5
2
-3
-4
-4
-10
-5
-6
-7
-7
-15
-19
-25
-45
-26
-26
-27
-5
-6
-6
-22
-22
-42
-26
-9
-14
-13
-41
-6
-14
-18
-6
-2
0
-8
21
-8
4
3
-6
10
14
38
37
8
-4
32
39
24
27
41
29
42
16
22
27
1
19
2
7
16
18
1
32
25
-11
7
21
54
50
53
44
29
2
-2
7
-15
-8
-17
-10
0
2
7
-5
-8
-16
-22
-18
5
-18
-16
-6
-40
-26
-23
-22
-23
-43
-22
-43
-47
-28
-35
-19
-39
-24
4
3
3
-9
-15
-3
-2
-15
-16
7
-3
-10
-4
-4
-16
-42
-5
-7
19
-4
-2
15
-16
9
-7
-4
-17
8
5
-1
12
-5
2
29
33
23
22
-15
13
35
35
13
22
47
35
21
16
26
3
19
36
41
36
27
22
22
25
31
41
2
9
20
13
-2
-12
-4
-12
-11
-6
19
10
15
1
-44
-8
6
15
3
-15
-21
-37
-38
-37
-28
-47
-36
-38
-39
-38
-57
-26
-19
-12
-35
-44
-38
-50
-34
-41
-19
-16
-15
-15
-25
-3
-3
-2
4
7
-2
21
17
23
48
30
18
24
37
19
-1
5
16
7
-5
44
54
51
62
40
63
63
70
45
16
14
28
48
19
21
20
15
5
-9
-7
-9
-22
-24
-23
-22
-13
-13
-18
-22
-10
-41
-37
-36
-71
-47
-19
-22
-44
-51
-51
-15
4
-26
-16
8
25
16
9
13
-13
-13
2
-19
-25
-17
0
-7
0
53
16
0
-9
-22
0
-2
-10
-12
31
25
0
3
30
45
-5
17
13
-6
2
-8
13
-10
0
0
3
-3
-20
11
3
27
26
16
11
31
35
-5
12
19
51
35
16
-1
6
12
-26
4
15
29
29
14
1
-19
9
-4
-16
0
-9
-17
-4
-4
-26
-22
-37
-25
-33
-34
-38
-55
-20
-26
-33
-17
8
12
-1
7
5
-17
-3
10
-17
-1
19
-9
-13
8
1
-9
0
-2
-10
-5
-10
-9
-22
-11
-18
-10
6
3
12
13
9
9
15
6
19
26
56
54
43
34
15
12
14
36
41
33
17
37
28
14
6
-16
-13
1
-2
-6
9
-3
-17
-23
-24
-17
-35
-39
-10
-14
-16
-12
-9
-2
-10
-19
-1
9
-11
-12
-16
-9
-15
-39
-25
-18
-16
-11
-22
-12
0
6
6
6
3
0
-11
-6
-3
-6
35
25
41
56
18
4
1
12
10
10
14
4
-10
-7
-13
18
12
-18
3
31
16
-1
10
-14
0
-2
26
14
8
26
-13
-2
-15
17
4
-12
10
-3
-1
-9
3
0
-9
-22
-20
-10
-39
-47
-45
-39
-32
-32
0
11
3
0
5
13
14
31
34
21
-7
-26
-7
-22
-19
16
-7
-3
3
10
-6
-9
10
4
20
-10
6
12
6
14
3
-2
-3
15
22
7
-8
2
-12
-6
24
26
0
-3
25
41
46
38
25
13
41
31
-10
0
11
17
31
23
-7
-7
-16
-30
-40
-69
-59
-72
-36
-21
-47
-38
-34
-15
-35
-32
-12
-6
-19
-24
-7
-28
-30
3
-3
-3
4
-9
-10
-18
-5
9
21
38
34
25
31
48
36
27
48
41
18
15
43
47
21
17
19
5
-11
-7
-23
10
23
5
16
14
23
-12
-34
-24
-12
-10
-14
-28
-32
-31
-41
-12
-9
-4
3
16
23
7
3
-4
26
29
31
19
35
17
-31
15
10
3
-1
-12
-6
-16
-22
-27
-15
-12
10
-6
-13
4
-15
-3
-21
-18
-17
-12
-27
-44
-6
-19
-17
-19
1
10
2
-10
-9
5
-13
0
-1
-2
5
5
-13
3
3
-13
-8
7
33
13
12
15
26
5
3
10
3
26
26
29
16
3
-1
12
32
40
9
18
22
3
34
-3
-7
15
5
6
1
13
1
0
6
-4
-22
-4
5
-26
-11
0
-6
-24
-18
-22
-10
5
-16
-6
14
14
-13
-1
4
-31
-44
-36
-46
-36
-26
-26
-10
-1
-2
-9
2
-4
-10
-18
2
20
23
19
-11
17
1
-14
-2
3
9
4
17
-6
-3
-9
2
0
1
30
15
13
-11
19
10
6
29
22
34
13
44
41
36
27
13
16
16
16
-13
-9
-11
-9
-1
-3
35
16
-24
-16
-19
-29
-16
-18
-20
-6
-19
-9
-37
-18
9
-4
0
-17
18
8
-6
7
-18
-12
-6
-3
10
-16
2
3
-18
-25
-21
9
-8
6
8
5
12
12
-3
5
16
-20
-16
-22
-21
-29
-16
-25
-30
-16
-29
-13
-25
-26
-16
-7
-13
10
1
-2
31
15
18
-9
3
17
25
28
25
62
66
70
52
53
59
56
73
25
-13
-7
5
16
-7
5
4
3
0
-21
-8
1
10
2
0
-3
5
12
7
13
16
3
-6
-8
-12
-10
-29
-34
-15
-23
-41
-13
-31
-44
-36
-37
-36
-60
-12
3
-10
-11
-18
-37
-48
-33
-19
-15
-8
10
22
30
-1
-9
-18
-3
-13
-18
11
-21
-29
-7
-8
-22
-3
16
22
18
5
11
11
41
50
18
12
26
28
15
12
16
21
17
33
37
2
4
28
35
45
29
19
10
-3
12
-17
-27
-14
0
-11
-1
2
-7
7
-4
-9
-18
-3
-10
-29
-32
-19
-3
-8
-14
-12
-13
-21
-22
-18
8
19
15
16
18
-7
-9
22
21
-10
-22
13
2
-3
10
13
-4
-37
5
16
-15
-13
-26
-26
-5
13
15
45
31
23
28
2
7
3
27
35
18
10
-5
-9
-17
-26
-21
-6
0
-23
-15
-7
-18
-22
-16
-2
-24
-1
10
3
-13
-28
-17
-10
6
4
3
-7
-6
-5
-19
-31
6
28
-15
-13
-6
-13
-21
-29
-6
-22
-35
-30
-13
5
-2
11
12
24
15
19
26
-6
-3
-9
2
4
14
35
38
35
43
48
45
65
24
31
41
5
20
16
35
17
0
25
14
41
13
-14
7
-10
-5
1
0
15
20
-7
-16
-19
-32
-32
-12
-18
-22
-13
-22
-14
-23
-31
-41
-31
-38
-35
-21
-14
-24
-45
-38
-46
-20
-13
-12
-13
-11
-8
-33
-1
9
-9
1
3
6
2
-12
7
22
10
28
24
4
35
3
-30
-16
-5
-6
-19
27
17
10
16
7
35
41
45
28
42
28
15
39
9
32
41
22
20
15
42
30
3
0
3
-4
-16
-6
16
-7
-22
-26
-18
19
10
-23
-25
10
4
5
6
3
0
-13
-9
-14
-13
-5
-26
-33
2
-2
-12
-18
-16
-27
-3
21
-3
-1
-13
-22
-25
-30
-63
-50
-32
-50
-41
-32
-7
-13
-24
-13
-37
-28
7
12
10
7
3
10
-2
12
17
8
22
29
42
29
47
47
26
14
21
47
36
21
41
39
32
19
13
47
10
-13
3
16
-14
1
20
3
8
-2
-2
-12
-10
-41
-12
10
6
-18
-21
-19
-23
-2
-12
5
-30
-1
4
-9
1
-15
-6
-30
-15
-7
-40
-39
-12
-16
-35
-28
0
10
18
4
-22
-22
3
-6
-35
-40
-19
15
2
15
6
7
-3
16
35
7
53
38
39
35
29
24
18
26
-1
23
17
56
32
20
27
-6
12
7
-6
-19
12
13
1
-3
-20
-35
-18
-35
-39
-33
-29
-13
-43
-19
-45
-25
-6
-10
6
-17
-10
3
12
19
9
9
-3
-27
-11
-18
-22
-5
23
12
7
13
-21
-26
-10
7
-6
-22
-14
8
20
9
-12
2
17
21
16
22
22
24
29
19
38
25
46
24
13
19
17
49
33
40
2
-6
7
8
0
-31
-20
-19
-1
-1
-3
2
-8
-21
-47
-28
-12
-2
10
-7
-19
-31
-26
-22
-28
-25
-30
-37
-36
-29
-25
-3
15
10
3
-2
-3
20
13
5
6
10
33
-2
2
16
0
5
6
-5
-12
-18
-30
-20
-11
28
16
13
8
0
20
1
10
-4
-7
-6
-7
0
1
10
-3
2
6
26
14
1
-7
-15
-3
4
1
9
40
38
19
19
28
4
6
3
-15
-39
-43
-9
-2
3
-1
9
34
19
29
34
13
27
-16
0
10
-27
-7
-28
-11
10
9
-22
-9
16
-13
-10
-9
14
-2
-22
-3
-16
-42
-42
-37
-35
-28
-30
-19
-27
-23
-28
-13
3
7
10
-4
4
8
36
16
3
1
13
24
12
15
-2
-3
3
-3
0
27
19
14
14
9
-1
22
27
-15
20
12
-12
3
25
31
3
2
26
16
-16
2
32
28
19
35
36
0
-7
-11
-12
-14
-50
-35
-16
-29
-38
-25
-26
-45
-38
-14
4
3
-4
-5
-12
-7
5
9
4
-7
-7
-12
0
-9
-10
-18
-11
0
0
18
0
16
18
7
-9
-24
-16
-3
25
31
0
5
17
4
9
8
14
3
11
9
-1
10
18
2
-13
1
4
13
13
7
18
17
20
30
26
52
48
37
29
13
7
-11
-3
-10
4
14
13
-2
-19
-14
-20
19
10
6
-26
-37
-13
-41
-35
-44
-12
-22
-35
-15
-18
-29
-25
-31
-56
-41
-35
-29
-45
-16
-17
-46
-10
3
-9
-34
-25
10
-20
-21
7
-12
-8
1
-3
6
44
52
40
31
28
39
41
22
19
42
15
28
28
58
67
33
53
45
50
31
22
38
26
4
31
12
-15
-2
-14
9
2
-8
1
-9
-15
-6
-29
-29
-33
-48
-10
-11
-29
-15
-17
-32
-13
-37
-36
-35
-29
-5
-15
-33
-19
22
10
9
-20
-27
-15
-3
7
-12
-6
5
-7
-13
4
-12
-4
5
14
21
18
22
3
7
24
9
9
29
13
14
7
8
6
-26
-13
-2
-4
-7
1
-1
-2
-6
-20
0
16
23
14
23
15
2
34
38
3
-12
-12
-20
-3
-2
-5
-19
-10
-17
-35
-11
-9
-18
-20
-3
-4
-13
6
32
10
-5
12
16
13
4
6
19
36
-5
-8
4
-23
-19
-41
-17
6
-9
3
6
13
29
34
17
0
2
-7
-14
-7
3
0
6
5
-4
23
3
-3
-2
-10
20
-6
9
15
6
16
-25
-6
32
9
13
45
26
-6
-19
-9
3
5
14
6
13
-3
-14
-1
-25
-22
-13
-16
3
-1
3
-18
-7
-7
-12
0
-15
-28
-36
-16
-30
-10
-26
-22
-4
-9
3
7
21
-9
3
-22
-17
1
-27
-10
-7
2
-7
-22
-2
-25
-22
6
-2
3
-22
-12
-1
-17
-19
-11
14
41
40
27
27
23
19
2
15
29
20
39
46
43
51
31
13
22
68
59
26
57
23
4
6
16
41
5
-2
21
16
-12
-30
9
41
29
13
16
9
6
-12
-35
-38
-29
-35
-55
-25
-52
-62
-52
-62
-47
-42
-41
-51
-47
-60
-54
-57
-31
-24
-43
-20
7
-3
-15
3
-5
13
23
30
9
18
31
9
13
16
22
15
23
2
8
7
-9
6
22
3
-13
-1
3
1
-16
-9
14
37
32
27
22
-3
7
4
-22
-6
6
3
14
7
21
18
18
35
39
42
17
25
19
8
32
28
12
7
38
28
12
18
0
-7
-4
-6
-19
-24
-15
-6
-12
8
-19
-15
-6
-10
-19
-39
-8
-22
-7
-7
-8
-15
-34
-16
-24
-32
-16
-23
-29
7
-2
-6
-13
7
26
5
-7
-9
-19
-19
-1
-2
-10
-21
-27
-34
-22
-40
-12
5
9
15
-2
3
-8
5
0
34
22
11
19
3
23
22
26
39
47
13
5
2
-14
-42
3
30
-18
1
13
36
10
-17
-11
-30
0
19
-6
-6
0
-6
0
-11
7
33
42
25
-1
10
1
2
16
13
14
13
19
18
29
22
5
9
-15
-12
-28
-57
-33
-45
-40
-31
-37
0
20
-3
-12
-12
1
3
-6
3
3
1
-14
6
35
20
19
38
36
10
12
22
18
-9
-9
-5
-18
10
-12
-21
-7
-12
5
0
2
0
-1
9
11
13
13
5
-16
-20
-9
-9
-35
-32
-31
-24
-29
-41
-24
-20
-6
-3
0
-10
0
0
-3
-11
-9
-20
-23
-18
-32
10
-10
8
13
-6
-6
-11
19
-1
-5
23
39
23
23
20
-5
2
12
21
17
11
18
11
-4
-3
-1
-4
9
-12
6
12
3
42
36
29
4
29
30
16
9
13
49
28
44
48
47
38
29
28
4
-10
-25
-25
-9
-2
-7
-22
-22
3
-3
-19
-12
25
29
-1
-12
-18
-20
-41
-49
-31
-24
-27
-32
-56
-51
-27
-29
-42
-49
-25
-10
-15
-12
9
-17
-41
-13
-3
-2
-6
-17
-22
-11
-43
-18
20
-3
15
16
13
2
1
-3
24
35
15
20
19
25
22
29
16
40
35
15
13
-15
9
45
38
26
9
7
-7
-13
-7
-11
3
-9
-10
-4
4
-7
-12
3
8
17
3
7
12
4
8
2
-4
7
2
23
40
5
6
3
3
4
-6
-16
-25
-11
3
12
-24
-11
6
-5
-15
-19
21
7
-9
-3
-12
-2
3
2
-1
-26
-6
-14
-32
-16
-28
-14
-3
-8
-8
7
1
-6
-9
-9
3
-8
13
16
7
8
25
23
28
35
33
31
0
-6
-6
-8
-7
18
5
-18
12
19
-10
-18
18
-8
-3
28
3
-6
-37
-10
-24
-36
18
-13
-11
-4
-11
-38
-54
-26
-51
-45
-21
-22
-20
-5
5
-1
-9
-19
-13
-14
-14
-1
-3
-6
-25
3
25
38
35
22
21
0
21
16
28
8
12
50
44
38
29
50
36
40
40
30
58
52
30
31
35
37
19
14
27
17
5
-4
-17
-51
-44
-41
-52
-46
-32
-38
-40
-23
-28
-39
-41
-45
-41
-16
-40
-32
-38
-38
-12
-15
11
4
0
4
0
1
0
-4
-2
-3
8
6
9
25
14
17
0
-4
16
12
31
33
32
23
21
23
0
-9
-16
19
24
19
-1
-22
-3
0
-3
-9
15
19
-21
-16
23
7
-1
13
3
-8
-4
-16
-15
-7
-14
-9
-13
2
6
11
-7
-16
-20
-34
-18
-20
-4
-11
-6
-11
-12
8
-1
-5
-4
-3
3
-10
-9
29
20
12
38
45
32
44
39
31
12
10
31
-4
7
5
6
-13
-10
2
-30
-32
-28
-12
-16
-19
7
27
-7
-10
-9
4
16
4
27
12
4
-8
9
9
-9
4
5
-19
-29
3
-5
-19
-5
3
-20
-30
-5
-8
-22
-1
1
4
15
12
-3
-2
-7
2
6
-28
-8
-20
-18
-25
-31
-7
-22
3
6
8
3
-19
-1
8
-10
-20
-22
-2
26
13
12
9
9
28
28
22
43
43
45
69
55
35
10
2
15
4
-15
-2
-18
-9
15
3
1
17
34
-4
-7
-1
5
12
-17
-25
-32
-39
-53
-28
4
-13
9
-15
-31
-16
-23
12
-9
-8
-10
2
13
-10
-9
-34
-4
18
8
0
15
23
-19
-18
-29
-37
-23
-18
4
-23
-26
-3
-8
-25
-58
-19
9
-15
-9
12
-3
-3
-5
-3
26
18
17
25
58
77
65
34
27
19
-3
46
37
10
0
3
-4
7
14
8
47
50
27
-12
13
10
-14
-13
4
5
6
7
-11
-3
-19
6
-16
-1
5
-4
-3
-10
3
-15
-8
1
4
-5
2
-9
-4
-12
6
6
-15
-29
-26
-23
-43
-33
-33
1
-31
-40
-28
-22
-9
-31
-25
-21
-15
-47
-45
-27
-47
-26
-19
-21
-11
-5
5
-12
-1
-2
-1
38
67
44
23
31
27
28
17
42
45
34
32
20
26
15
-6
16
57
41
14
33
28
-18
-10
-10
13
12
-1
3
-6
9
-3
17
16
23
0
-7
7
-14
-8
-1
34
16
13
22
15
10
14
0
-11
-6
-24
-14
-25
-17
-22
-3
12
-6
4
-3
3
-6
-31
-18
3
-15
-31
-22
-10
-6
-2
-16
-28
-18
-29
-31
-16
-4
-25
-26
6
8
6
0
6
-7
-9
1
-28
-41
-31
-26
-26
-2
-13
-9
9
-7
-1
-15
-14
-6
-8
-2
-8
-6
2
-13
6
15
23
34
54
48
18
37
32
35
22
16
22
11
24
21
31
30
11
6
15
32
21
4
18
24
3
-10
-9
-9
-11
-20
-15
0
-7
-9
-7
-24
8
21
-3
-4
-6
-3
-9
-2
8
1
-12
-18
-7
-13
13
-8
-34
-16
-5
-1
-13
6
-7
-13
-30
-26
0
-26
-16
-6
-7
0
-7
6
-4
-4
10
-3
-4
-3
-18
-16
6
-28
-25
15
13
33
39
45
50
34
41
26
-3
19
25
5
10
-1
-1
7
5
-2
1
17
-4
-11
-16
0
-3
-32
-19
-25
-37
-32
-18
-30
-38
-28
-38
-28
-15
-23
-7
8
-3
-4
-2
10
7
-6
-25
-29
-7
9
2
-9
7
6
-5
2
1
3
18
31
29
24
51
41
10
14
8
-4
-3
20
19
1
-13
-5
4
-6
-20
-19
-3
-9
0
16
12
17
12
-7
8
36
6
2
32
33
27
11
31
28
2
25
23
-5
9
44
17
-13
7
6
-16
3
3
12
25
9
-11
-21
10
3
-5
0
-7
-20
-36
-42
-26
-7
-24
-48
-65
-39
-30
-38
-41
-18
-26
-37
-13
-16
-28
-41
-28
-22
-25
-41
-3
7
-13
-2
-18
4
-4
-10
-19
-27
6
9
21
9
-3
7
3
19
23
36
31
8
16
3
-8
3
19
21
44
72
53
54
46
24
12
16
50
51
47
23
28
13
-25
5
7
22
28
13
14
3
-4
-7
-4
11
5
-1
6
16
35
2
-3
-8
-42
-43
-22
-20
-31
-26
-37
-36
-62
-51
-40
-47
-35
-40
-9
-21
-46
-41
-27
-23
-2
36
7
7
-4
-12
3
-25
-34
-18
14
13
22
10
3
7
7
30
35
22
21
33
29
25
16
2
-8
22
34
24
12
32
28
6
16
16
8
-5
4
-12
3
5
-19
-28
-22
-16
-41
-35
-3
-14
-2
-3
-2
9
-2
-5
-13
16
-10
10
-3
-13
-12
-29
7
-18
-19
-16
-13
-15
14
2
-4
0
-19
15
8
15
3
-4
2
-11
-6
16
18
-6
0
1
-14
-23
-4
9
9
7
3
10
15
26
14
9
20
20
36
57
61
38
46
26
10
2
13
19
-30
10
14
13
15
-3
21
-6
-20
-8
-8
-24
-42
-26
-4
-33
-36
-18
-15
-30
-18
8
-1
-18
-25
14
-15
-26
-2
-12
-31
-41
-37
-18
0
-24
-17
-13
-19
-35
-14
-8
-14
-9
-4
27
-10
0
-6
-6
16
11
56
34
6
12
27
26
29
42
33
19
6
3
-12
4
0
9
6
-10
14
7
-7
-5
-5
-4
11
14
0
-6
-2
-9
-9
-16
-18
-23
-21
-2
-4
-15
-18
9
3
22
36
46
28
15
43
17
29
29
30
15
4
12
6
4
-5
3
2
-20
-40
-9
-8
-48
-44
-11
0
-23
-13
-3
-26
-30
-44
1
-15
-60
2
13
13
-11
23
25
3
12
17
17
-1
9
-2
12
4
3
18
28
10
11
21
22
-10
-12
37
33
-1
-19
16
-3
0
3
7
3
-4
6
-8
-27
-44
-42
-26
1
6
5
-7
-2
-26
-30
-5
-1
-52
-40
-1
-32
10
-2
-8
-25
-50
-9
-5
-12
-16
-4
-2
-8
10
21
25
12
-12
-3
-6
-8
4
15
18
30
35
45
32
23
47
37
38
31
40
24
7
22
7
-1
-9
7
18
10
23
30
12
-3
-16
4
-2
0
-7
2
12
-19
0
3
0
-1
2
3
11
8
-13
-28
-33
-29
-15
-7
-7
-8
-31
-10
-22
-40
-10
5
-5
9
27
13
9
-20
-9
3
-30
-46
-37
-41
-60
-45
-33
-8
-13
-24
-10
-12
-18
-24
-3
-14
-13
2
3
5
-1
20
-4
9
15
9
8
13
45
13
34
21
37
48
39
72
42
40
17
28
20
19
31
19
20
7
21
25
17
10
34
23
-21
-20
-14
3
-4
-22
-7
-31
-43
-21
-19
-5
-28
-26
-6
-25
-7
-15
-17
-1
-5
14
18
6
-3
-19
-2
-5
-23
-12
-7
-11
-32
-9
11
2
-12
-6
3
-10
-15
-26
-29
-17
-17
-4
7
-12
-6
17
18
7
3
10
25
-4
6
-3
-4
1
-11
15
4
1
10
38
2
-15
-2
0
-5
-26
-18
-26
-21
-2
19
18
5
-3
-3
-4
2
10
25
2
13
35
33
44
24
38
39
43
30
17
29
43
24
33
66
8
38
35
22
24
-22
-9
-28
-32
-48
-49
-3
-28
-47
-53
-54
-44
-70
-57
-34
-58
-47
-22
5
-9
-35
-29
-16
9
-28
-41
-25
-28
-46
-44
-6
-3
-19
-5
7
6
21
6
13
27
19
14
22
32
21
19
37
92
59
21
64
58
34
22
38
47
41
19
-2
9
6
15
-10
-11
-4
-10
-16
-12
6
-9
-20
-16
44
15
-15
3
-8
-5
-12
22
9
-3
17
19
-16
-12
-3
-20
-20
-15
-29
-31
-4
-45
-30
-15
-19
-27
-28
-10
-28
-52
-40
-12
-39
-7
0
-9
-15
-22
11
23
11
-21
-27
23
28
-16
7
47
56
6
4
26
-15
-18
3
15
-2
-6
24
43
18
15
57
71
31
2
26
43
32
-3
16
31
4
0
13
32
-1
-12
15
16
-29
-56
-1
0
-39
-71
-37
21
-27
-39
-16
-7
-35
-80
-44
-24
-61
-37
19
-11
-63
-29
3
0
-3
21
46
14
-19
-22
-1
-13
3
7
6
-1
-26
44
53
4
-9
18
19
4
21
25
54
48
26
50
67
48
43
70
61
25
-10
-6
26
6
-6
5
17
0
-3
23
37
25
3
33
-9
-35
-19
-9
-31
-56
-17
-18
-50
-82
-17
16
-29
-45
-23
-7
-32
-16
6
3
-27
-44
-22
-45
-118
-85
-70
-82
-57
-48
-20
-31
-19
15
29
14
21
34
33
25
35
40
7
8
15
35
39
56
59
43
52
40
25
39
41
18
-7
3
22
27
19
-2
16
8
-8
-9
-15
-18
1
2
14
-3
-20
10
8
18
16
38
6
0
15
-23
-21
-21
-14
5
-1
3
16
2
2
1
2
-21
-14
-10
-34
-29
-19
-22
-50
-42
-14
-20
-50
-19
2
-34
-44
-26
-3
-18
-25
-16
-27
-58
-48
1
-15
-65
-34
3
-3
-4
36
72
45
9
35
65
31
22
38
34
21
45
94
93
60
82
77
76
62
52
79
45
30
9
5
5
-16
-15
1
-8
-32
-30
-6
-7
-37
-37
-17
-3
4
7
-16
-22
-68
-82
-66
-91
-121
-108
-83
-88
-66
-50
-20
-25
-28
-15
-34
-28
-29
-36
-10
-21
-24
13
2
5
29
32
27
0
4
19
10
13
-1
15
22
14
45
46
44
78
79
44
35
85
91
57
82
107
94
44
66
73
28
9
12
2
-32
-10
31
43
-1
9
31
14
3
22
16
-27
-28
-32
-57
-77
-77
-56
-30
-54
-58
-32
-34
-64
-97
-75
-55
-84
-104
-88
-76
-84
-67
-56
-39
-6
-22
-44
-20
7
-64
-66
41
63
-14
-16
77
63
13
15
80
77
19
47
87
50
-8
41
102
57
-3
19
68
42
-14
16
60
46
4
41
81
41
22
41
73
59
19
10
28
11
-32
3
51
22
-6
12
56
60
-39
-28
25
-24
-60
-68
-9
-31
-83
-53
-6
-13
-50
-38
-6
-22
-98
-78
-15
-37
-110
-104
-61
-83
-108
-86
-34
-38
-42
3
32
-16
-40
1
38
29
-21
9
49
13
-13
20
84
70
5
33
94
69
-3
25
73
42
3
16
70
42
-21
9
59
16
-39
35
87
45
19
46
68
25
19
26
7
9
3
-3
6
-13
-4
-1
-38
-24
-23
-51
-53
-9
-13
-16
15
3
-24
-64
-58
-49
-91
-101
-45
-63
-117
-70
-15
-35
-80
-40
-3
-41
-37
9
25
6
-28
-10
45
31
32
30
46
94
78
74
82
98
82
63
59
84
114
40
42
112
88
13
-7
47
16
-97
-88
7
-15
-83
-19
42
-19
-95
-59
7
-32
-65
-14
47
-25
-100
7
61
16
-29
47
142
93
66
113
155
62
-45
30
111
21
-46
23
63
-5
-61
7
35
-98
-135
-27
-18
-116
-144
-63
-56
-163
-183
-91
-125
-270
-270
-168
-160
-220
-198
-117
-156
-221
-155
-36
-13
-73
-45
34
46
31
44
71
12
-42
11
72
73
8
15
87
111
70
127
163
59
3
25
113
57
-23
21
70
82
88
146
177
113
101
214
212
155
191
243
183
151
297
384
298
205
294
388
284
211
255
277
190
206
363
361
237
209
333
322
196
193
196
45
-94
-38
-31
-212
-399
-351
-291
-385
-402
-388
-514
-661
-621
-526
-603
-755
-723
-662
-698
-625
-416
-329
-468
-448
-233
-121
-224
-242
-112
-155
-214
-111
85
48
-116
-47
95
56
-48
42
104
-28
-119
-15
47
-79
-175
-69
29
-27
-1
177
260
185
180
288
308
203
209
348
353
245
275
366
255
-8
-70
-19
-248
-640
-786
-702
-770
-900
-713
-319
-106
-48
184
518
712
877
1060
1070
864
896
1477
1932
1787
1639
1958
2287
2291
2241
2229
1939
1392
1118
1129
1034
830
585
148
-401
-640
-567
-783
-1405
-1904
-2146
-2333
-2327
-2021
-1943
-2374
-2542
-1997
-1496
-1607
-1667
-1268
-1152
-1474
-1429
-971
-818
-884
-527
-44
-6
58
553
799
498
467
865
707
54
86
710
705
89
60
426
180
-128
302
596
-95
-781
-502
-150
-486
-714
-322
-281
-896
-793
91
325
-334
-516
149
350
-4
189
779
725
180
281
1030
1196
802
782
1055
978
683
786
1022
800
433
556
754
537
280
326
193
-361
-695
-645
-865
-1580
-1882
-1549
-1498
-1882
-1685
-831
-422
-530
-215
589
883
815
1150
1474
1158
1067
2065
2961
2570
2025
2802
3867
3741
3222
3292
3172
2299
1726
2109
2258
1527
752
398
-166
-828
-876
-1015
-1951
-3190
-3626
-3281
-3022
-3089
-3366
-3762
-3973
-3592
-2948
-2666
-2651
-2548
-2497
-2562
-2547
-2234
-1710
-1275
-1102
-1189
-1090
-268
587
551
345
785
1247
725
334
1243
1990
1351
503
829
1125
528
644
1647
1483
-14
-391
761
951
-32
-68
655
-13
-1283
-560
1007
627
-820
-627
550
431
-209
554
1426
563
-465
218
1375
1152
490
847
1324
897
620
1348
1727
982
451
880
1269
820
507
917
1018
459
172
483
459
-193
-515
-274
-400
-1085
-1319
-1022
-1256
-1906
-1916
-1454
-1610
-2008
-1492
-504
-313
-620
-208
493
640
663
1000
1068
657
911
2017
2492
1805
1649
2710
3214
2613
2242
2559
2355
1418
1120
1570
1609
802
44
-242
-746
-1238
-1300
-1453
-2407
-3718
-3878
-3018
-2573
-3073
-3595
-3429
-3135
-3029
-2707
-1936
-1683
-2257
-2520
-2036
-1664
-1749
-1270
-451
-524
-1176
-603
1015
1382
559
662
1713
1526
531
1078
2414
2108
752
858
1801
1319
681
1695
2424
1107
-143
820
1864
834
-271
477
891
-546
-1236
137
998
-255
-1239
-331
340
-408
-438
876
1105
-242
-578
751
1347
424
49
857
937
-114
-287
835
1066
-56
-639
42
447
-158
-247
426
344
-503
-527
354
490
-171
-300
115
-57
-618
-388
68
-352
-1157
-1240
-910
-1029
-1214
-934
-631
-695
-530
109
476
434
713
1281
1331
1026
1039
1279
1364
1486
1859
1880
1615
1830
2431
2548
1984
1731
1829
1442
855
879
1210
748
-214
-615
-614
-930
-1693
-2009
-2104
-2833
-3616
-3445
-2673
-2817
-3628
-3652
-2742
-2255
-2453
-2166
-1413
-1345
-1888
-1644
-843
-783
-1250
-926
-63
-201
-677
45
1104
933
310
770
1462
1075
555
1215
1937
1354
756
1284
1708
1201
1007
1660
1638
518
78
824
1079
334
29
295
65
-389
-35
767
613
-194
-255
225
135
-60
248
382
-171
-732
-332
330
256
-211
-307
-218
-368
-344
-7
94
-272
-610
-473
-154
-74
-59
51
148
145
163
353
511
479
409
466
634
788
814
769
751
771
713
546
406
375
318
-19
-190
-111
-283
-658
-649
-252
-139
-338
-245
204
268
-1
184
659
457
-34
183
902
1031
633
1019
1757
1625
1016
1233
1807
1507
815
752
1040
626
-134
-223
-108
-718
-1499
-1470
-1236
-1827
-2664
-2585
-1946
-2061
-2560
-2378
-1900
-1940
-2200
-1831
-1253
-1392
-1954
-1905
-1465
-1419
-1402
-870
-372
-619
-905
-328
394
326
-63
106
424
149
13
523
903
465
-52
214
694
694
629
1025
1128
642
440
924
1303
977
628
733
795
454
420
848
903
445
72
296
575
442
345
559
629
155
29
380
609
502
189
240
136
-40
127
503
638
243
200
467
760
797
774
918
758
563
590
968
1136
987
785
675
763
877
1094
1062
786
525
454
540
523
392
61
-358
-694
-979
-1132
-1264
-1410
-1542
-1711
-1737
-1549
-1346
-1266
-1281
-1289
-1111
-1177
-1174
-824
-583
-484
-459
-155
254
596
773
1114
1403
1167
1195
1466
1564
1175
681
626
532
-120
-680
-655
-817
-1411
-1909
-1651
-1367
-1629
-1610
-1160
-1189
-1817
-1818
-1138
-901
-1432
-1571
-1037
-981
-1264
-972
-205
-95
-732
-685
61
158
-224
82
672
441
-105
239
1122
1099
609
895
1424
1252
931
1417
2033
1702
965
1111
1587
1364
912
976
1189
614
32
298
708
360
-216
-89
186
-99
-352
44
231
-411
-892
-505
-82
-329
-612
-179
82
-202
-199
335
765
420
281
828
1024
805
868
1133
1171
703
677
1056
1007
699
435
750
692
568
656
605
619
180
227
334
124
12
-253
-289
-628
-933
-957
-1123
-1340
-1752
-1849
-1747
-1734
-1761
-1747
-1607
-1668
-1549
-1264
-1077
-940
-928
-787
-561
-407
-264
79
264
348
716
1032
1210
1200
1245
1398
1307
1021
1006
960
651
368
105
-54
-334
-673
-723
-737
-1067
-1165
-988
-823
-840
-1072
-956
-833
-916
-908
-767
-712
-786
-806
-631
-372
-483
-407
-92
-49
20
134
546
761
600
555
651
798
643
783
1000
1032
920
924
1396
1481
1355
1344
1257
1078
897
818
998
652
183
222
95
33
-311
-166
-128
-450
-698
-797
-485
-779
-778
-739
-558
-664
-721
-220
-102
-71
-360
28
184
110
450
509
844
478
405
834
595
840
466
598
529
115
693
367
676
250
52
496
-58
350
274
234
354
-193
127
85
-87
-69
-598
-439
-928
-1060
-746
-1172
-1017
-1561
-1340
-1147
-1527
-1038
-1229
-956
-984
-960
-218
-410
-293
21
202
524
467
808
1115
1022
1191
1267
1439
1395
1299
1509
1234
893
792
651
473
-20
-403
-457
-895
-1039
-1045
-1165
-1120
-1406
-1095
-1017
-1227
-1124
-1103
-932
-1189
-1181
-994
-947
-898
-874
-588
-419
-531
-285
-45
26
81
-41
348
312
373
571
655
728
558
983
989
1284
1180
1143
1499
1084
1348
1109
1204
1003
662
752
377
381
21
91
-189
-255
-387
-483
-296
-411
-195
-372
-263
-354
-187
-117
-200
-193
-354
-139
-21
-53
392
227
186
440
234
965
386
661
747
296
844
97
802
463
195
703
-36
602
214
402
711
-109
427
-61
133
287
-441
109
-665
-572
-366
-908
-405
-1464
-1191
-1402
-1850
-1319
-2030
-1439
-1831
-1762
-1239
-1404
-747
-730
-570
-256
-239
243
567
568
993
885
1077
1412
1472
1869
1725
1803
1943
1823
1924
1732
1386
1127
473
176
-171
-621
-754
-1182
-1101
-1400
-1399
-1205
-1303
-1070
-1405
-1260
-1099
-1151
-997
-938
-987
-931
-957
-910
-602
-723
-359
-380
-83
97
86
608
245
590
148
303
587
251
769
317
651
499
470
962
616
847
728
884
1012
718
951
678
505
225
-99
78
-206
-171
-77
-34
-194
-230
137
-21
67
-157
-3
52
-131
329
112
441
-49
277
699
224
939
311
996
642
207
1098
-145
459
131
-377
517
-709
204
208
-330
625
-616
553
-77
-350
479
-693
555
-563
-85
179
-707
181
-1068
-393
-751
-1517
-843
-1803
-1567
-1728
-2095
-1311
-1815
-1626
-1187
-1238
-346
-484
-33
446
98
908
845
1287
1544
961
1975
1699
2059
2446
1953
2780
1997
2252
2283
1382
1578
674
601
77
-898
-1014
-1509
-1414
-2003
-2143
-1878
-2297
-1882
-1858
-1739
-1721
-1949
-1464
-1120
-1176
-816
-947
-592
-374
-706
149
-224
177
17
105
747
198
800
355
668
719
341
951
650
751
545
689
1054
755
778
770
1082
816
774
729
733
439
30
365
-96
-95
-574
-17
-88
-500
-82
-513
558
-546
38
319
-360
775
-855
971
-219
-241
566
-758
1338
-1118
758
137
-85
1067
-745
1600
-606
638
179
-235
969
-1035
900
-654
169
266
-695
964
-900
524
148
-123
665
-565
718
-330
184
-16
-603
-117
-1368
-566
-1763
-1547
-2011
-2404
-1765
-2858
-1727
-2199
-1262
-1024
-749
485
-91
1093
688
1542
2121
1559
2349
1736
2396
2374
2510
3086
2218
2506
2434
2895
2949
2152
2088
1265
868
165
-560
-1057
-2397
-2417
-2588
-2935
-2861
-3036
-2339
-2480
-2587
-2334
-2229
-1901
-1796
-1279
-1140
-1108
-1009
-541
-215
-268
-286
-123
-135
-195
249
290
643
422
580
662
492
915
917
890
606
956
1250
1054
1022
1321
1322
977
893
1000
999
552
350
544
286
-240
-580
-155
-90
-643
-542
-342
116
-363
-246
186
-73
-472
-955
-208
-107
-656
-749
-195
54
-398
-91
314
320
75
-23
577
555
57
219
707
414
95
78
547
480
-85
685
386
480
336
750
934
93
587
305
795
-130
23
285
-801
-1161
-1736
-1346
-2669
-3218
-3168
-2997
-2973
-2904
-1938
-1294
-766
-271
1161
1804
1568
1550
2927
3595
3491
2888
3362
3926
3898
4541
4043
4329
3237
3614
4368
3748
2522
907
916
-65
-1344
-2862
-3868
-4391
-5319
-5728
-5609
-5737
-5456
-4781
-3961
-3873
-4034
-2974
-2157
-1376
-1683
-1333
-1005
-862
-46
-186
436
181
414
782
1043
1723
1671
2306
1878
1948
1489
1158
1756
1049
905
56
282
884
641
987
1182
1494
929
749
1165
1187
648
-221
-81
-298
-1176
-1228
-711
-316
-1408
-1345
-110
283
164
-269
884
528
-120
-301
399
654
-608
-258
-7
632
-238
274
1164
914
507
229
1558
1214
742
504
915
639
54
398
758
418
-53
317
827
621
155
969
353
372
-227
213
155
-975
-784
-1685
-1456
-3317
-2779
-3199
-3948
-4198
-4436
-2290
-3214
-1787
-1078
682
1802
1635
3946
3387
3696
3903
4418
5805
3437
3740
4733
4943
5764
3726
4562
3546
3213
3453
2113
1458
-2194
-2506
-2999
-4503
-5910
-8185
-7917
-7935
-8352
-7821
-7257
-6337
-5097
-4255
-2862
-2150
-1419
211
1065
1679
1253
1407
2317
2176
2234
1885
2146
2600
2217
2503
2664
2507
2251
1760
1267
522
-392
-247
-229
-900
-1426
-1201
0
99
434
1305
2011
2013
1466
1958
2194
1327
395
122
-229
-1102
-1543
-592
-292
-1063
-1421
-479
411
-108
-403
-3
6
-903
-1388
-939
-523
-1354
-1344
-571
-24
50
121
1530
1474
1161
1117
1740
2069
1003
1082
891
707
113
121
1057
403
211
342
988
1148
381
880
779
549
-153
-87
-172
-1327
-1877
-2751
-3202
-5078
-5746
-6043
-6167
-5896
-5330
-2926
-2029
86
1858
4905
6459
6226
6371
5768
7298
6928
7420
5092
3855
5056
6881
9202
5780
4093
3079
4254
4676
1443
-1100
-5276
-6555
-7305
-9240
-10577
-14616
-13815
-11114
-10833
-9423
-9494
-4667
-1211
-1042
278
1186
4107
4485
5440
6046
3955
3223
2942
4079
3470
437
1163
2291
1335
495
-112
923
-207
-2861
-3490
-4175
-4630
-4563
-3283
-2922
-3701
-1779
1123
3509
3856
4704
6599
6184
5060
5129
5503
3201
1041
151
-231
-1423
-2599
-969
-798
-2661
-3304
-1654
-474
-2156
-3310
-2323
-2567
-3913
-3877
-1788
-586
-1676
-818
1757
2888
2824
3388
4760
4294
2476
2840
3555
2607
924
721
1388
183
-345
701
1464
203
-1002
125
567
-534
-966
71
106
-896
-996
685
21
-1860
-1841
-1802
-2783
-5895
-5106
-4536
-5146
-5890
-4019
249
-154
1930
3599
7852
7800
6018
7913
5410
6650
4944
6327
5214
730
3329
5748
8881
4337
867
2190
1818
2405
-1314
-4032
-7392
-11453
-10018
-10340
-11632
-15104
-14071
-8369
-7684
-6221
-5401
212
4072
2173
3880
5227
6052
5459
5370
6355
3379
225
1005
2675
1539
-2793
-2025
378
-2191
-4245
-4111
-2142
-3879
-7498
-6364
-4476
-5033
-4608
-924
1329
614
1805
6719
10278
8175
7598
10005
9692
6326
4215
5467
3340
-841
-2306
-1343
-1772
-5167
-4408
-2350
-4406
-6319
-5756
-2543
-3016
-5681
-3763
-1923
-1235
-1913
512
4155
2969
2601
4232
6539
6171
3730
4441
4334
2189
1277
1216
2154
304
-992
295
-643
-964
-901
-52
-329
-2388
-1346
362
12
-280
427
1849
1242
346
1944
1050
-1004
-2895
-3277
-4239
-7902
-8288
-6713
-5935
-5666
-3219
1133
3754
4860
8695
10891
9312
4987
4156
7418
5305
3759
-197
1383
3122
5320
9989
5105
2279
-1711
2357
4171
-3734
-8620
-12412
-10470
-12631
-14783
-12332
-14082
-11654
-7967
-3121
317
-2287
3936
8715
7257
2987
1866
7678
6309
3118
1842
2503
2460
-787
1094
2346
-1704
-3687
-3462
-2803
-5263
-9266
-7444
-5608
-7900
-8993
-6181
-952
1855
2506
4543
6653
8665
9418
10212
10980
8929
7122
5771
5442
5720
2785
964
371
-572
-2181
-4491
-3442
-4491
-7747
-10577
-8657
-5841
-7275
-6209
-3486
369
-227
492
5176
6708
6053
3742
5783
6412
3219
3611
4466
3857
665
-283
3420
2760
-230
-1200
473
165
-3903
-3775
-1297
-1527
-4046
-3677
669
1720
-54
1668
4297
4292
904
786
2693
-702
-4515
-5673
-4734
-7661
-10930
-8740
-4038
-2731
-2579
1776
6233
8860
9527
11438
11087
4200
1441
4564
6202
3370
-3407
-444
4487
8050
8792
4671
2350
-4338
-1000
288
-5475
-13374
-18368
-11000
-10871
-11914
-11883
-9572
-2099
-2260
1995
4584
2282
6459
5894
6125
1283
-2813
2645
4049
4725
504
910
5349
3017
1361
-1989
-3516
-4124
-9544
-11057
-9967
-10485
-9843
-7227
-3123
-1175
-271
4583
11392
11536
6213
5697
9233
7592
3306
2956
6713
6316
1895
4468
9177
7954
1831
352
1521
-3878
-10384
-10397
-7437
-11756
-16200
-10336
-2333
-1267
-3447
2220
9057
5735
1669
3847
7977
4002
-1630
2151
4881
2899
1072
5054
8367
2484
-983
1414
1996
-3257
-7744
-4552
-2700
-5437
-4532
229
3569
2151
1927
6308
6578
3339
2352
3020
2236
-1618
-3256
-2035
-4386
-6314
-6839
-5760
-6556
-9201
-5928
-2540
333
1367
4357
8082
10235
11788
10206
6634
2260
4598
7742
6129
-752
-930
3979
7930
9305
1846
-3222
-10027
-8101
-4200
-10086
-16391
-21021
-11894
-6109
-6136
-3118
-4478
1761
5352
5712
7484
2407
4356
5447
1883
-1479
-2288
2683
4418
5974
3737
972
2914
2693
-753
-8556
-13997
-11446
-10724
-15353
-13573
-7487
-4045
-1671
2364
7209
6567
5191
9859
12271
4134
-1723
3074
7665
3595
776
7502
11961
8300
4873
9442
8259
-826
-6094
-5618
-6523
-13877
-12773
-6745
-5503
-9033
-6280
3804
4896
782
146
5064
4529
-763
-380
4175
5513
1637
4251
9502
8709
4637
3129
4423
-363
-7081
-7446
-5121
-6765
-9730
-5045
1654
2290
2392
6156
8327
4941
587
2809
4021
-1627
-3526
-790
1935
-129
-1450
1578
21
-5654
-7825
-6837
-8478
-12625
-11959
-4088
-1384
429
6035
13708
18703
15658
14871
10134
4155
3153
4408
5004
-5004
-8229
-342
7590
9744
486
-3537
-8131
-9627
-6735
-11599
-15982
-22532
-16229
-5840
-2903
-159
351
7764
11540
9699
7679
4849
5913
3661
-2061
-5193
-3855
71
2521
5185
5219
1986
1187
1855
-1279
-10092
-15718
-12442
-10075
-14346
-12748
-2540
2876
3084
4369
8131
7759
2436
3673
6843
908
-5052
-32
7033
7633
5954
11184
15978
9732
3995
3826
3626
-5181
-12840
-11460
-10261
-10675
-9755
-2489
377
-3023
-2814
2071
5149
-918
-4133
-335
1323
12
48
7121
11982
8230
7072
9144
9364
3864
-1745
-1640
-5041
-9946
-8298
-2931
-311
-2363
-1345
4935
5890
3359
2419
1661
-138
-3669
-1557
1193
896
1596
2738
4898
2748
919
221
-3153
-8300
-12095
-11689
-11991
-10850
-8471
-3290
2245
7096
12078
14957
15443
15291
14455
7966
-422
-6537
-1178
1539
437
-3204
-3018
6903
8856
11013
1573
-8928
-16925
-17097
-8886
-14420
-18179
-16472
-3235
6072
5049
7589
7968
7686
4093
1247
-366
-5999
-3668
1168
339
-2534
-667
9142
11001
6216
1282
-355
-1913
-7475
-10832
-12885
-12524
-7954
-2987
-2166
804
4759
6365
5600
532
-2270
-4717
-5597
-528
2318
1635
3518
9837
14013
12445
11105
11974
8110
-1101
-5241
-3542
-2948
-7982
-9207
-4786
-3162
-2484
-2151
-68
-2217
-8388
-7355
-2573
-1015
-3523
-1964
6189
7996
5214
5942
11167
10565
1424
78
3397
2426
-2830
-2695
3131
767
-3091
-268
3385
999
-5358
-3115
1372
-2366
-3731
-622
3171
2104
-554
3529
4618
871
-465
403
327
-3196
-3731
-705
-2481
-6015
-6717
-4133
-4810
-6589
-5842
-2015
810
3087
8252
9860
11305
10520
13498
9536
1002
-6308
-5051
3464
501
-2735
-6903
2359
8497
8434
4753
-5690
-12283
-16131
-5879
-5440
-12087
-14857
-4022
9253
5193
2762
2970
3975
242
-4551
-2662
-5077
-5255
1150
3120
2146
142
6942
10861
4158
-396
-2495
-1087
-4286
-8275
-9271
-8628
-3141
1949
508
-2010
583
2965
649
-4391
-4794
-3376
-3720
131
7307
10074
7228
8838
13075
10423
5489
4755
6054
903
-5422
-3069
2346
-833
-6583
-5681
-2973
-3274
-8669
-7707
-5394
-7130
-6890
-3499
3282
2188
-346
4299
7695
4337
77
3400
8425
3923
-442
5288
8839
3947
-1819
2039
4472
-2770
-5940
-3282
-299
-4077
-4732
3089
2983
-283
-594
2037
2563
-3848
-3243
-532
-2019
-2477
-604
4126
2776
1261
2941
630
-3656
-7362
-6169
-6925
-10178
-8616
-3743
676
2390
8145
12269
11752
9448
9272
9349
1745
-7712
-9316
-132
2310
1355
-1565
2195
9699
8688
9525
-940
-11078
-17704
-12167
-1999
-6840
-9084
-4058
8442
9771
2614
-267
-3311
-5666
-8349
-5975
-4904
-4993
2646
9444
9398
4396
4190
6846
1884
-3880
-5430
-2244
-1416
-4625
-5739
-4628
-803
2581
1310
-4518
-5569
-4089
-4102
-3326
-3674
-802
205
2569
10236
12724
8949
6329
7293
5046
1204
1468
6321
5440
-1970
-1961
2778
2494
-5095
-8323
-6518
-7839
-9952
-9665
-4080
-2365
-4016
-1541
1525
2574
162
784
4688
4266
2164
3372
8583
9429
4135
3869
6248
4084
-2013
-3732
443
-389
-3470
-2235
451
-54
-2366
156
2034
-1624
-3256
-1492
276
-2114
-2221
2012
902
-1411
-408
4071
4185
894
2098
1933
-2648
-7085
-4045
-2578
-7734
-11332
-7388
-1811
-2244
448
7568
11452
6790
4433
7632
8470
1350
-6527
-6020
-3390
570
5079
8188
4960
3161
5878
12628
6829
-10153
-16435
-13227
-2564
-2407
-3315
1035
3766
4800
-92
-812
-4661
-11572
-8763
-4731
-3074
-3531
1318
13797
12890
2815
-1043
1606
-429
-6943
-6266
-1429
285
-2575
-2551
945
107
-1269
797
-2715
-7151
-6806
-3624
303
-864
193
4170
4792
5484
7836
9841
6802
3238
1712
1589
3849
3956
4022
804
-2095
-1910
-1611
-3920
-7518
-7294
-7470
-5947
-5923
-4112
-151
-673
-1853
-2725
-388
2825
2178
4003
6145
6310
5732
4748
6535
2839
-80
1232
1016
-623
-2313
1520
4088
1325
-140
-462
-2032
-2817
-2813
-630
-2305
-2986
1876
2212
963
-563
1768
2030
-3965
-2866
1869
4781
2474
-570
2977
648
-2156
-1809
-2074
-3377
-9332
-6371
-2318
-3060
-4206
-2387
3489
2282
287
2461
4905
5636
1718
1071
2025
-1823
102
2786
7115
3459
-1456
5120
10331
9896
-3491
-7903
-4901
-2905
-2655
-4563
-248
-881
-2081
-1549
-1614
-4368
-9044
-5181
842
-1023
-3772
471
9765
8653
-2088
-5716
-3204
-3983
-5462
-1375
4516
4388
742
3137
2829
-3371
-6525
-1996
-982
-8697
-8728
20
6504
3930
1688
4983
3506
-719
2005
7735
4085
-1492
539
6185
5861
-12
2755
4938
90
-5956
-3996
-1041
-6500
-7664
-4751
-456
-5278
-7592
209
2261
-1122
-3740
2812
7269
3916
3648
6538
5496
-443
-2314
2853
3402
-323
1837
5799
6200
2446
1981
2985
-2665
-7479
-7056
-4351
-3335
-2058
2973
4918
1188
127
2038
801
-3067
-5022
-1683
-161
317
3758
5992
4728
838
1457
1611
-2485
-6305
-5423
-3194
-5859
-7698
-4910
-1753
-4407
-4868
-1251
3471
2367
1871
7004
6554
4970
944
1408
-638
-1715
3641
6760
4342
-753
3651
9403
8470
-1075
-7042
-7250
-3049
-350
-1871
-723
184
1080
-1648
-3093
-2732
-5393
-6135
-1451
-172
-4413
-4630
5499
8624
-1744
-8119
-3639
1444
-2618
-715
6611
5838
-1135
-1358
3545
-877
-8608
-5793
1182
-1563
-4641
1455
7299
2968
-3253
1262
2624
-3032
-3848
2812
8008
3426
1594
4416
6788
1696
-2053
1287
-350
-5163
-5995
-1660
-630
-1896
-3733
-2782
-3283
-5075
-3226
281
2163
594
3176
7131
6672
2085
-1005
-85
1159
314
1952
3948
5136
5828
4621
4053
-660
-5043
-5286
-5206
-4899
-4117
-982
4045
4752
2990
1413
-680
-1302
-1619
-1276
-834
-304
2959
5354
4333
2169
520
411
-969
-3559
-3501
-2015
-3122
-4055
-4874
-4864
-5844
-7517
-5464
-5040
-3664
-860
5199
8189
7317
6709
7098
5946
-634
-4126
-5089
3
3269
6279
4291
2562
6539
9672
9198
-4274
-10275
-8881
-150
3877
-872
149
1865
3385
-477
-5571
-7545
-11302
-9601
-1853
548
-1400
-3192
4938
7844
-697
-7611
-6129
-957
-690
3229
8577
9418
3321
-406
-1735
-4565
-7948
-6458
-917
-340
1728
4519
5518
3174
-1678
-2841
-4080
-6457
-2943
2366
5543
6063
5407
5798
3615
-125
-520
-1232
-3559
-4179
-1609
1537
-331
-666
-710
-1503
-4445
-6022
-2106
-951
20
2738
6319
6523
2822
843
118
-612
-256
229
1045
1556
4357
7783
5159
871
-1812
-4711
-7268
-7364
-3832
415
307
1763
4756
4784
2177
-1538
-901
-1519
-3233
-1518
3485
7382
5383
2436
2303
1581
-2628
-4740
-4728
-3978
-4577
-3706
1034
796
-2580
-4588
-3974
-4593
-7731
-6348
-1198
2139
3167
5101
7370
5974
2904
1348
1117
-2863
-5355
33
7259
10200
3551
3139
7970
9725
4989
-3918
-3643
-3804
-876
2773
3220
1376
-3976
-1996
-855
-6542
-12973
-14112
-5960
-819
154
780
784
2917
2190
1965
-1679
-5897
-5260
-1022
5804
7076
5255
2414
-238
-2096
-3483
-2087
-391
-1480
-2654
-92
3027
1432
-2384
-3174
-1888
-3789
-5742
-697
4927
5183
2553
3820
6515
1570
-3137
-1399
2014
350
-3403
14
2209
-367
-1726
74
1003
-5103
-6776
45
4259
2879
1039
4079
4304
-904
-2071
1065
2673
-648
-894
4322
5909
3734
1084
55
-2748
-7792
-7728
-3466
-295
1107
2139
5027
5827
2687
69
-1908
-2282
-2189
-306
3811
6083
5760
3573
1465
-1064
-3947
-6316
-5910
-3752
-2013
321
1791
2047
56
-2726
-4870
-6097
-6373
-6170
-4370
-2250
1162
4759
7096
7616
5061
3151
1577
-712
-3060
-4055
-871
3681
6308
4992
3527
5114
8844
9189
3338
-2308
-5273
-1381
2766
2057
-349
-3979
-3591
-3472
-4001
-4506
-8673
-9170
-4646
2154
3560
-1599
-2731
-1668
-1461
-3927
-4632
-2697
-2797
956
8462
12107
6027
-2866
-3538
-1789
-3286
-4014
-2741
-683
-493
2407
6279
2185
-4277
-4978
-1930
-2268
-3907
-408
4030
3105
1819
4862
5236
-298
-3841
-697
1912
-1729
-2545
1116
2191
80
-1090
1705
-179
-4254
-1911
2049
2996
438
1840
5522
3344
245
-581
1019
170
-1337
799
1147
511
-326
-227
-1127
-4361
-4903
-2879
-701
815
2650
4507
4733
4147
3380
2029
-757
-1987
-105
1589
1727
1290
2842
2707
-432
-2072
-1941
-1861
-3740
-3409
791
2185
-533
-2396
-478
965
-1345
-2463
-478
-143
-1564
-559
2754
3332
-400
-2283
-1498
-2719
-5474
-6544
-4597
-3825
-4247
-1399
2593
3391
687
1183
4933
6016
4341
2510
2776
3103
3419
5266
5751
2932
-151
684
3322
2510
-1051
-2403
-1368
-1586
-2356
-1839
-1672
-3543
-3855
-861
979
-1420
-4369
-2933
-1132
-1743
-2500
-1673
-1464
-3527
-2321
1310
1391
-2355
-4489
-2217
-981
-1143
956
2633
1077
-1258
417
3372
1329
-2590
-2628
-11
805
414
1616
3381
2409
865
1235
1156
-235
-1955
-1308
483
881
1859
3809
4979
4395
2378
1231
-574
-2275
-2786
-2821
-1957
-1641
-109
265
-939
-1432
-2042
-2371
-2976
-2261
290
1905
2963
4180
4851
4497
3155
2271
1745
636
-48
188
813
1206
1196
1428
55
-2194
-3130
-2776
-1924
-2574
-2312
47
1727
1570
225
426
1379
861
-257
-579
-156
-250
-181
337
142
-1005
-2234
-3132
-4072
-5032
-5062
-4326
-4043
-3740
-1973
776
2511
2148
1152
2139
4456
6864
7811
6104
3798
3479
5564
7119
5881
3415
1607
1060
1116
1014
509
-1398
-3315
-3291
-1978
-2065
-4579
-6191
-5494
-3904
-2931
-3277
-3460
-3918
-3853
-2287
-1395
-1349
-2557
-3269
-1735
-50
614
-347
-1650
-1231
37
1635
1866
-127
-2002
-2608
-1147
-285
-1150
-1250
-444
1070
1389
1626
3341
3700
2597
1646
2041
2169
1236
1084
2696
3892
3320
3364
3649
2727
-13
-1369
-1081
-1811
-2886
-2907
-1531
-1156
-1286
-529
-702
-1899
-2358
-1478
-663
-1311
-200
2819
4850
4174
2465
2479
2388
1187
-22
75
-245
-881
-654
1047
1878
147
-1194
-1875
-1770
-2329
-2575
-1626
-1389
-648
1406
3287
3183
1065
-126
841
1356
1202
453
-68
-230
-451
3
-434
-1215
-1717
-2579
-3760
-4876
-5011
-3710
-2261
-1377
-787
-537
113
1127
2249
2719
2889
4027
5360
6095
5769
4980
4317
4086
4356
3989
2892
1119
-284
-640
-409
-368
-1426
-2484
-2927
-3157
-3045
-3031
-3065
-3390
-4785
-4824
-3562
-2671
-2733
-3019
-1532
-459
-173
-189
-613
-1756
-2835
-1830
-58
-767
-2870
-2724
-1398
-494
-1484
-2164
-2219
-2742
-1761
-47
1117
989
784
2181
3328
3151
3329
3021
2163
1715
3037
4833
4363
2796
2269
2812
2939
2288
764
-915
-2390
-2098
-593
-462
-995
-1428
-910
-825
-1322
-1065
-1777
-2552
-1919
448
2347
1996
1693
2395
2726
1546
104
-448
-470
-407
347
1217
1262
813
840
1188
299
-1156
-1901
-1690
-1259
-557
675
2053
2317
1930
2009
1416
422
-471
-256
29
-510
-457
138
33
-940
-1156
-1075
-2122
-4229
-5130
-4383
-3709
-3117
-1934
-449
-47
-667
-1065
-346
1093
2633
3527
3655
3637
4280
5610
6022
4998
2911
1669
2023
2425
1724
947
632
328
356
521
464
-1428
-3686
-4095
-3330
-3396
-4364
-4031
-2972
-2432
-2116
-1131
-287
-797
-1630
-1661
-1506
-2044
-2692
-2890
-2651
-1780
-490
43
-1288
-2812
-2737
-1953
-1609
-2165
-2444
-1510
-218
1399
2269
2240
1909
1390
1861
2265
2391
2625
2533
2980
4086
4697
4312
2797
2005
1718
104
-944
-1262
-825
-478
-736
-7
-85
-1054
-1436
-1356
-1126
-1717
-2344
-1651
-316
888
1574
1637
1592
1103
1068
1298
601
-154
-408
812
2377
2329
1634
1354
781
24
-318
302
510
-593
-409
677
1626
1715
1301
1109
30
-449
65
89
-490
-634
396
1097
89
-1098
-1750
-2227
-2852
-3939
-4245
-4231
-3715
-2532
-1671
-862
-306
129
82
-643
-953
-112
1228
2495
3257
3360
3509
3858
4495
4523
3285
1455
501
1085
1869
1995
1497
618
222
776
829
-438
-2483
-3598
-3229
-2682
-1859
-1072
-979
-1450
-1869
-1900
-2103
-2385
-2595
-2947
-3064
-2797
-2064
-1894
-2501
-2161
-1275
-1135
-1976
-2886
-2745
-1760
-635
176
199
-393
-431
118
845
1232
1460
1848
2201
2777
3462
4458
4620
3670
2470
2082
2209
1686
1024
640
777
615
485
588
138
-447
-897
-1365
-1839
-2371
-2317
-2072
-1964
-1370
-680
-2
415
899
1486
1496
816
535
986
1237
935
730
1156
1535
1630
1634
1609
1245
577
298
369
29
-334
-327
12
566
797
1050
912
105
-193
343
823
260
-672
-685
-288
-524
-1203
-1609
-1765
-2302
-2541
-2069
-1703
-1611
-1709
-1145
-299
-332
-892
-1221
-1008
-43
1254
2128
2152
1770
2511
3854
4112
2813
927
181
812
1652
2181
1936
945
529
814
1410
920
-879
-2225
-2966
-2626
-2175
-2233
-1995
-1821
-1418
-1455
-2299
-2956
-3497
-3602
-3336
-3075
-2648
-2815
-2981
-2034
-423
430
-394
-1845
-2132
-1491
-656
103
220
-118
-472
250
1555
1634
1251
1339
1841
2303
2667
3672
3867
2710
1982
2144
2291
1697
1142
1562
1637
1366
1646
1735
1075
-227
-969
-1092
-1713
-2246
-2094
-1735
-1359
-756
124
352
154
520
853
273
-511
-228
941
1331
822
758
1101
1146
861
702
680
297
-365
-327
-18
90
-193
-430
-55
367
783
773
602
548
382
339
214
-3
-56
8
-26
-375
-780
-851
-800
-1052
-1637
-2048
-1798
-1379
-1302
-1309
-1061
-723
-612
-757
-820
-645
-44
706
1099
1411
1641
2090
2706
3072
2780
1467
423
948
2036
2181
1596
1035
881
970
1307
1435
-68
-1771
-2068
-1232
-1014
-2172
-2435
-1762
-1345
-1515
-2115
-2710
-3418
-3699
-2968
-2603
-2533
-2286
-2282
-2143
-1691
-659
-322
-1422
-2150
-1669
-953
-466
-220
120
64
44
840
1168
899
792
1530
2377
2324
2383
2580
2157
1928
2102
2053
1478
825
1711
2553
2008
1198
749
1088
772
117
-326
-1125
-1348
-805
31
326
15
108
223
191
359
309
-90
-657
-395
612
1111
974
553
158
86
363
548
259
-126
-96
159
180
79
-214
-534
-482
-31
466
392
269
451
554
399
25
-533
-1310
-1765
-1310
-782
-704
-828
-958
-945
-850
-475
-569
-1264
-1714
-1487
-785
-432
-551
-605
-4
844
1356
1305
1035
1330
1580
1720
1911
1906
1727
1382
1614
2172
1968
1494
1166
1019
910
642
657
161
-574
-766
-853
-1172
-1622
-1673
-1515
-1683
-1628
-1356
-1697
-2454
-2798
-2651
-2907
-3236
-2873
-2232
-1800
-1323
-739
-785
-1246
-1089
-522
-763
-1547
-1444
-606
171
684
1417
1821
1290
896
1034
1517
1575
1229
1047
993
1250
1668
1762
1311
954
1143
1396
1018
559
539
326
17
48
199
-18
-437
-185
511
639
533
599
805
892
908
1066
626
-228
-496
103
834
894
549
327
241
310
405
277
-306
-869
-784
-320
72
61
96
266
193
347
687
740
115
-613
-404
9
-275
-811
-889
-815
-915
-991
-719
-538
-797
-839
-696
-698
-1109
-1345
-1069
-941
-966
-878
-612
-315
137
951
1240
894
740
937
1152
1089
1321
1616
1402
1279
1476
1783
1750
1205
848
602
434
467
443
317
19
-38
-36
-424
-992
-1363
-1527
-1533
-1460
-1403
-1481
-1655
-1573
-1706
-2051
-2177
-2143
-2148
-2139
-1751
-1284
-1260
-1071
-402
-79
-379
-666
-420
-351
-361
251
931
1028
725
911
1340
1128
932
1102
889
506
745
1441
1370
487
151
512
585
207
-15
28
-93
-177
449
952
491
162
677
1131
624
170
786
1262
1162
1073
1093
842
309
341
486
140
-228
-173
118
31
-199
-189
-209
-389
-399
-197
76
184
196
249
102
7
66
285
173
-461
-654
-236
-50
-336
-442
-212
-339
-1005
-1087
-674
-700
-861
-685
-265
-374
-650
-321
-40
-338
-774
-635
44
568
856
1185
1427
1412
1188
1131
893
253
-94
85
771
1280
969
479
470
783
487
-347
-693
-837
-956
-568
55
218
-326
-487
-249
-564
-1271
-1650
-1349
-1142
-1175
-980
-737
-1107
-1654
-1385
-735
-700
-1370
-1602
-1108
-657
-432
-225
-154
-572
-883
-248
467
401
305
577
663
501
852
1453
1032
171
114
659
816
500
530
588
377
211
349
549
202
-256
-206
186
379
353
680
1208
1348
1161
1010
833
680
845
1124
1060
662
419
445
474
310
54
7
26
-164
-205
81
237
-121
-501
-364
-103
-104
-290
-231
-12
11
11
99
43
-246
-472
-586
-848
-1004
-724
-449
-486
-636
-609
-494
-562
-715
-769
-687
-653
-504
-206
-199
-412
-135
415
519
415
487
651
635
867
1217
1042
627
513
708
649
325
136
205
443
509
282
-55
-213
-273
-328
-213
-230
-387
-500
-194
153
6
-258
-539
-717
-897
-903
-653
-563
-501
-585
-687
-518
-364
-341
-791
-1259
-1241
-1086
-870
-595
-282
-165
-229
-109
68
-2
-95
-22
49
-47
-9
302
541
537
608
760
692
374
83
97
115
93
23
-33
102
394
586
468
204
174
431
770
1146
1272
1159
1088
1139
1194
994
748
685
514
432
419
436
528
370
132
-226
-260
-41
-151
-375
-473
-258
-94
-181
-174
-121
-256
-514
-696
-593
-505
-583
-526
-446
-417
-430
-451
-566
-842
-864
-536
-309
-301
-312
-115
87
15
-68
-192
-181
46
233
366
297
328
581
716
654
480
397
375
331
294
305
289
195
121
19
-154
-445
-515
-366
-360
-437
-385
-81
-9
-284
-383
-356
-442
-550
-356
32
124
15
50
163
220
300
206
-51
-164
68
286
145
31
3
-66
-316
-543
-575
-612
-526
-297
-197
-282
-351
-234
-170
-335
-444
-434
-348
-361
-303
-65
48
26
9
28
-79
-158
-61
59
-33
-82
239
629
743
523
328
297
351
644
1018
1143
1064
861
894
972
775
506
278
236
191
320
568
532
176
-99
-40
-7
-127
-249
-222
-180
-130
91
369
414
126
-257
-556
-644
-478
-353
-318
-320
-205
71
123
-10
-315
-508
-476
-439
-250
30
154
119
249
389
214
-90
-177
-148
-215
-153
38
132
30
-25
41
-108
-344
-483
-455
-417
-527
-461
-347
-379
-494
-464
-334
-361
-245
-116
-237
-240
58
342
129
-249
-157
7
-70
-54
157
406
483
536
694
708
644
550
397
275
161
190
194
60
3
-78
-182
-367
-456
-409
-578
-660
-592
-517
-504
-492
-356
-410
-505
-435
-378
-360
-252
-38
138
232
285
218
65
55
111
58
-38
86
376
430
429
543
562
516
521
619
699
768
962
1073
865
531
420
460
354
226
148
55
-42
43
353
372
7
-212
-107
-101
-260
-262
-138
-118
-66
104
96
-162
-416
-401
-369
-401
-403
-303
-102
-22
-2
10
-105
-353
-387
-189
-62
-145
-151
110
307
357
312
47
-366
-493
-269
-75
-100
-194
-301
-383
-401
-384
-383
-534
-707
-798
-734
-578
-571
-540
-431
-404
-418
-373
-86
134
70
40
192
375
366
315
401
396
324
504
862
1132
1028
862
855
745
678
686
621
367
158
276
329
101
-42
-107
-318
-580
-596
-534
-702
-764
-583
-454
-467
-511
-568
-599
-575
-480
-473
-413
-233
-109
65
174
86
-154
-302
-242
-149
-120
-104
-105
-15
190
372
496
455
268
227
391
474
487
668
886
778
529
502
537
410
258
227
223
141
111
247
373
317
134
47
133
139
67
107
138
131
175
233
223
74
-116
-181
-171
-81
119
250
223
77
19
17
-111
-251
-310
-358
-347
-175
38
114
14
-136
-294
-427
-508
-512
-488
-569
-640
-663
-612
-622
-789
-932
-998
-1017
-1041
-1050
-965
-790
-657
-514
-404
-322
-316
-247
-10
67
131
343
695
886
829
830
904
934
923
962
1054
1104
998
871
771
710
599
410
206
-58
-114
-6
82
25
-157
-254
-341
-375
-402
-413
-383
-454
-472
-293
-136
-158
-237
-242
-217
-240
-166
-79
-103
-195
-209
-148
-268
-400
-443
-308
-155
-142
-16
152
228
204
310
399
281
138
174
419
596
672
692
712
686
616
551
507
411
270
277
398
388
316
375
330
164
101
205
243
181
180
237
255
168
113
76
11
-91
-171
-110
7
18
-72
-174
-198
-254
-438
-620
-714
-645
-534
-456
-375
-360
-425
-444
-470
-635
-747
-753
-704
-672
-670
-581
-565
-628
-679
-738
-755
-744
-698
-715
-715
-633
-546
-473
-389
-251
-183
-134
-30
183
375
439
557
779
913
823
735
783
839
834
871
958
938
747
660
748
698
466
240
150
54
29
164
224
189
156
186
147
16
-18
34
30
-55
-23
139
217
210
214
209
88
-47
-121
-222
-326
-419
-382
-366
-453
-490
-459
-325
-243
-212
-164
-129
-150
-133
16
161
194
162
219
414
604
625
558
553
647
610
450
394
410
338
219
215
208
151
58
3
-17
-69
-79
-5
-20
-142
-167
-54
-32
-252
-313
-118
-105
-304
-242
-22
-120
-394
-464
-330
-366
-629
-756
-720
-724
-650
-453
-413
-632
-736
-559
-471
-658
-774
-629
-494
-508
-426
-202
-181
-274
-354
-354
-384
-426
-260
-129
-136
-137
0
81
19
32
179
284
303
349
458
627
707
755
784
695
644
678
723
791
891
934
844
697
648
717
653
452
305
298
358
321
284
330
358
273
206
136
82
47
2
-23
-112
-118
-53
-4
-68
-212
-331
-348
-349
-486
-616
-648
-609
-650
-637
-505
-436
-519
-572
-380
-208
-161
-182
-166
-45
43
219
389
413
410
440
616
743
643
506
486
534
502
477
457
347
207
127
169
145
-12
-140
-195
-224
-209
-158
-177
-281
-438
-428
-411
-520
-572
-520
-450
-441
-347
-297
-446
-655
-618
-505
-544
-620
-639
-647
-666
-490
-229
-202
-435
-514
-374
-260
-314
-300
-189
-175
-98
70
239
153
-36
-10
83
103
69
134
221
201
218
237
274
278
268
372
423
472
558
654
682
641
650
697
685
651
662
685
755
817
820
706
578
550
561
496
362
312
275
233
218
192
161
116
47
-41
-178
-280
-328
-379
-379
-356
-347
-390
-450
-492
-569
-663
-700
-698
-672
-666
-653
-618
-616
-550
-467
-426
-435
-418
-275
-130
-48
-5
61
135
208
299
336
368
391
410
476
466
384
358
378
361
306
265
246
149
60
30
-47
-66
-76
-110
-163
-256
-248
-227
-285
-323
-265
-237
-296
-335
-290
-207
-207
-189
-128
-89
-178
-253
-168
-122
-165
-177
-52
-9
-82
-50
66
45
-95
-120
-84
-136
-180
-152
-104
-37
-3
35
36
-36
-112
-101
-89
-127
-76
28
63
36
93
174
172
148
196
260
239
268
328
334
394
489
562
536
460
484
516
498
458
484
541
562
522
476
483
412
337
308
233
129
126
160
92
-10
-25
-31
-183
-343
-393
-394
-467
-536
-499
-450
-460
-524
-587
-577
-551
-532
-490
-484
-475
-444
-325
-221
-198
-208
-222
-158
-100
-28
39
94
88
100
197
232
218
178
171
151
144
166
177
139
86
93
112
73
-32
-56
-79
-136
-177
-160
-123
-125
-86
-107
-132
-113
-111
-116
-85
-26
22
9
-37
-29
-17
15
22
73
103
71
60
72
97
50
9
-7
-21
6
45
46
14
-10
10
15
-12
-53
-88
-60
-18
-15
-38
-44
-68
-107
-83
-40
-27
-21
38
76
109
133
99
143
164
183
231
292
288
265
353
377
377
374
360
377
330
280
264
284
326
324
300
256
221
199
142
79
22
-20
-56
-114
-116
-122
-200
-254
-313
-402
-432
-453
-465
-430
-433
-388
-353
-346
-376
-395
-369
-376
-348
-307
-205
-151
-129
-76
-30
1
-16
-8
3
72
150
176
153
97
151
177
162
91
21
50
43
78
48
35
22
-40
-49
-90
-106
-159
-209
-187
-121
-99
-100
-79
-72
-67
-47
-38
-77
-95
-19
70
66
107
115
85
89
137
136
88
91
123
152
111
105
114
128
45
-20
60
109
133
115
96
98
53
22
-16
-84
-89
-32
41
21
9
16
39
62
9
28
76
56
73
147
164
137
111
158
217
214
191
195
207
195
235
277
259
212
215
214
176
138
131
174
170
143
88
42
50
-28
-141
-193
-217
-236
-237
-232
-258
-288
-311
-328
-367
-433
-473
-458
-448
-456
-397
-334
-341
-356
-316
-284
-272
-284
-228
-144
-139
-109
-54
9
0
7
46
48
53
109
165
180
156
116
136
140
127
95
72
89
91
74
43
5
-14
9
9
-59
-110
-44
17
18
50
94
75
-2
41
113
85
57
87
177
194
171
182
219
195
138
145
202
214
183
242
257
214
181
194
161
78
22
21
38
9
32
13
-56
-137
-114
-86
-144
-149
-102
-26
-28
-41
-33
-13
-11
-66
-34
-1
-55
-51
54
105
47
32
72
74
26
25
55
16
1
57
89
44
16
47
88
47
49
85
67
25
26
65
-3
-67
-97
-49
-66
-155
-111
-38
-58
-114
-108
-110
-190
-263
-198
-213
-249
-236
-202
-171
-215
-238
-220
-228
-300
-253
-198
-170
-157
-92
-19
-36
-61
-63
-1
-55
-58
47
106
98
66
64
67
45
5
-4
-36
-55
-34
-1
-13
-43
-36
0
2
-44
-55
-45
-25
17
68
149
149
133
157
160
179
141
168
214
199
223
252
261
239
214
206
237
236
222
259
297
288
265
240
185
144
118
87
75
76
50
49
39
-25
-30
-52
-121
-124
-102
-74
-71
-82
-50
-25
-10
-14
-35
-40
-39
-41
-25
-31
-24
-25
-2
7
-72
-113
-97
-68
-95
-76
-25
-50
-72
-81
-90
-95
-115
-78
-53
-72
-53
-76
-86
-118
-122
-118
-124
-132
-158
-129
-100
-89
-91
-88
-109
-118
-133
-140
-155
-165
-148
-158
-146
-159
-181
-169
-165
-182
-186
-175
-153
-124
-79
-50
-38
-34
-11
12
-11
35
69
98
114
117
136
131
130
110
116
79
89
138
119
115
115
104
98
95
95
110
125
126
137
173
200
212
196
163
149
129
126
107
116
164
158
193
213
179
167
142
143
171
194
190
173
186
199
147
115
118
113
63
26
65
39
-1
-24
-52
-74
-120
-129
-121
-129
-104
-108
-111
-89
-116
-139
-123
-134
-176
-173
-176
-174
-133
-138
-141
-155
-179
-161
-158
-149
-162
-155
-116
-104
-118
-125
-87
-112
-140
-102
-60
-30
-31
-19
-19
-28
-27
-44
-19
-5
4
8
14
48
49
40
41
26
3
-7
-32
-47
-14
3
-40
-78
-88
-98
-107
-136
-126
-105
-114
-115
-113
-86
-79
-61
-47
-33
-44
-55
-35
-44
-10
29
53
36
53
71
47
41
23
55
115
129
126
161
169
173
158
168
175
160
172
167
169
148
184
170
147
187
159
165
174
161
156
183
207
213
222
215
220
176
163
193
155
133
141
107
97
107
83
36
-13
-40
-32
-26
-79
-82
-89
-139
-158
-152
-152
-192
-175
-166
-173
-176
-206
-209
-196
-206
-196
-172
-172
-176
-199
-189
-192
-183
-156
-169
-165
-151
-130
-116
-117
-93
-95
-61
-73
-97
-41
-47
-35
-16
6
21
17
33
30
32
26
35
51
39
22
5
23
31
1
6
8
-10
-50
-67
-36
-37
-37
-32
-25
-39
-45
-44
-67
-77
-69
-56
-56
-58
-59
-60
-17
-1
-33
-14
8
10
13
29
69
85
79
82
103
114
106
130
160
152
157
143
142
159
159
136
130
146
151
164
166
182
176
173
178
200
199
207
189
172
180
169
196
172
164
143
100
91
89
76
69
54
41
35
20
8
-1
2
-2
1
-32
-26
-29
-85
-108
-121
-136
-168
-205
-195
-209
-228
-196
-223
-234
-274
-299
-286
-279
-256
-258
-246
-233
-227
-250
-243
-195
-185
-177
-158
-179
-193
-164
-126
-111
-106
-95
-102
-110
-81
-45
-32
3
24
46
70
59
57
81
91
94
76
92
89
67
92
95
133
114
98
114
97
107
120
130
139
129
136
139
115
124
95
80
96
86
42
35
31
3
5
13
43
29
18
14
33
51
41
48
63
77
54
37
66
81
79
67
50
66
35
43
73
60
57
81
89
66
70
60
85
92
53
63
97
84
54
36
25
29
17
19
29
12
1
3
9
-12
-21
-24
-44
-46
-65
-43
-38
-44
-53
-75
-84
-103
-93
-107
-110
-134
-136
-125
-170
-161
-155
-174
-159
-135
-123
-137
-132
-131
-132
-114
-106
-89
-84
-88
-92
-56
-55
-78
-56
-63
-75
-73
-47
-52
-56
-8
-19
-17
1
-4
2
19
37
15
13
37
47
21
9
23
30
38
69
73
37
28
26
16
31
62
44
33
60
72
60
36
30
47
51
60
86
96
92
77
85
69
66
85
72
99
151
137
103
108
111
92
128
137
92
117
124
72
41
88
79
69
105
85
47
13
18
47
47
28
25
26
23
9
7
-2
5
3
-12
-3
-35
-58
-69
-64
-67
-59
-73
-98
-86
-79
-85
-82
-70
-62
-57
-85
-57
-70
-78
-51
-72
-67
-74
-65
-98
-108
-85
-86
-86
-101
-75
-118
-138
-124
-140
-114
-116
-123
-122
-113
-108
-102
-110
-101
-69
-78
-52
-43
-50
-19
-24
-31
-12
5
13
6
29
35
35
57
52
60
68
78
61
56
66
57
66
47
51
57
47
67
60
71
87
65
84
75
65
67
82
99
70
66
68
65
69
82
94
71
55
65
73
59
65
73
57
82
69
54
65
68
47
19
37
41
40
32
41
51
37
28
0
-2
9
-3
8
17
19
16
34
35
38
43
28
13
-4
19
9
7
-7
-10
6
-6
-35
-61
-48
-60
-73
-73
-115
-100
-83
-111
-95
-94
-86
-97
-109
-88
-99
-136
-125
-120
-98
-95
-105
-65
-80
-88
-91
-85
-91
-72
-68
-92
-114
-116
-110
-119
-102
-97
-59
-60
-40
-22
-23
-28
-33
-7
-24
-27
-24
-5
5
17
38
38
34
48
35
17
49
58
53
65
53
76
98
83
92
83
80
81
97
106
112
125
108
139
140
121
106
125
129
114
126
101
99
98
85
70
81
81
67
66
55
29
44
82
59
67
77
28
26
38
37
41
19
9
-19
-9
3
-30
-27
-25
-39
-33
0
10
3
-25
-29
-11
-13
-37
-56
-38
-27
-28
-53
-60
-71
-88
-57
-57
-76
-88
-102
-68
-74
-114
-89
-85
-103
-91
-101
-110
-108
-66
-60
-98
-88
-103
-110
-117
-108
-72
-78
-97
-79
-89
-119
-70
-60
-63
-31
-29
-42
-53
-44
-20
-38
-27
0
-18
-27
-6
13
24
31
13
24
23
41
41
30
35
19
44
48
69
59
62
67
46
74
89
97
96
117
112
70
55
80
96
91
86
94
116
110
105
104
115
120
111
108
100
88
84
85
78
68
89
89
56
74
70
39
35
44
68
39
24
24
10
16
31
24
13
32
18
18
-21
-27
-35
-59
-57
-71
-42
-59
-72
-55
-63
-92
-86
-89
-95
-82
-102
-98
-103
-131
-142
-102
-82
-79
-88
-95
-92
-112
-107
-101
-99
-98
-80
-91
-89
-86
-70
-60
-79
-78
-88
-82
-82
-86
-52
-27
-31
-20
-13
-7
-32
-16
-3
-13
9
-15
3
3
6
22
15
43
43
37
62
67
39
49
61
66
64
51
53
48
71
88
60
69
91
66
56
82
89
94
82
62
83
73
29
10
44
65
69
73
90
71
60
48
41
71
43
46
30
29
54
41
31
22
29
12
12
9
9
0
-4
10
0
4
8
15
20
22
4
0
17
8
-12
-19
-37
-32
-35
-45
-22
-17
-3
-18
-34
-56
-41
-35
-43
-43
-53
-31
-53
-77
-40
-28
-67
-69
-48
-22
-39
-23
-16
-33
-30
-66
-49
-49
-45
-14
-27
-53
-40
-58
-63
-35
-40
-72
-95
-84
-96
-73
-80
-69
-38
-35
-25
-64
-52
-15
-23
-19
-15
-29
-22
-12
-21
-22
-19
3
1
-20
20
41
39
20
41
44
25
54
50
86
64
43
42
57
76
38
57
66
46
58
83
67
63
66
60
70
76
74
69
67
89
87
69
89
63
61
58
41
64
55
49
36
37
49
44
37
24
46
33
28
32
38
37
33
24
-18
0
-8
-24
-34
-37
-25
-22
-23
-26
-40
-60
-68
-51
-45
-72
-91
-85
-51
-65
-67
-82
-93
-80
-86
-89
-104
-79
-65
-76
-91
-78
-78
-53
-25
-20
-16
-47
-31
-26
-33
-32
-29
-25
-29
-27
-17
-7
-13
2
14
17
12
31
21
4
31
10
9
15
0
1
9
17
11
7
26
22
13
29
26
26
29
21
6
10
29
26
1
25
25
12
28
34
46
22
38
32
-9
15
50
17
-13
10
2
2
19
7
-9
-6
-11
15
28
27
23
7
12
-11
-7
4
4
-13
-6
-5
-3
13
3
13
3
23
18
-1
17
26
38
45
36
28
34
30
19
22
30
32
25
19
34
32
15
17
24
28
22
16
37
10
-14
0
2
-12
-29
-20
-15
-7
3
-29
-14
15
-21
-37
-66
-54
-45
-31
-32
-39
-17
-13
-7
-18
-8
-25
-11
-17
-18
-25
-27
-38
-78
-66
-86
-66
-44
-5
-10
-39
-37
-27
-34
-63
-49
-43
-44
-76
-75
-68
-58
-36
-45
-29
-13
-40
-40
-30
-14
-2
-3
-10
-13
13
-8
-4
26
53
51
32
53
25
-6
23
36
74
81
59
62
54
72
60
61
60
74
79
61
65
80
86
73
54
40
67
37
48
66
56
67
54
35
5
16
25
-9
-5
0
2
12
-7
-1
3
13
4
21
8
-28
-15
-18
4
-6
-12
5
6
9
19
26
19
-6
-6
-23
-31
-16
-29
-6
-1
11
10
-24
-35
-29
-16
-41
-55
-48
-66
-46
-54
-60
-43
-77
-87
-52
-53
-51
-31
-37
-46
-76
-52
-53
-68
-57
-71
-46
-37
-48
-50
-44
-58
-40
-26
-38
-38
-39
-38
-45
-32
-17
-10
-22
-12
13
-1
-12
1
60
38
11
40
22
14
0
22
35
46
70
70
92
89
73
75
85
71
61
78
69
53
47
63
62
37
82
87
58
62
64
58
41
57
50
36
30
-6
0
9
16
22
10
0
-13
6
-7
-18
-12
-10
-20
-39
-21
-35
-45
-22
15
7
-14
3
-15
5
-4
-14
4
-23
-28
-38
-41
-41
-28
-7
-13
-12
2
-15
-30
-21
-10
-19
-3
11
-18
-16
-2
-2
-26
-17
-2
-11
-23
-6
-9
-36
-19
-53
-58
-44
-39
-51
-57
-52
-66
-60
-45
-24
-62
-70
-28
-11
-37
-29
-38
-50
-24
-37
-21
7
10
-22
-15
19
3
-19
-18
-7
-15
-22
2
28
27
41
47
34
39
26
21
40
39
62
66
51
53
74
80
77
87
92
93
89
68
42
50
45
54
64
51
40
35
21
38
43
27
27
21
36
20
3
-9
20
28
-15
-28
-26
-15
-4
7
-22
-34
-50
-79
-63
-63
-28
-25
-48
-28
-52
-39
-48
-59
-39
-18
-29
-21
-10
-46
-17
-42
-59
-41
-37
-29
-40
-20
18
25
18
8
1
20
24
13
12
33
15
19
15
22
12
-3
37
39
21
-10
2
-11
-10
-9
-1
18
6
-11
-41
-41
-43
-19
-41
-38
-41
-32
-3
-32
-26
-34
-25
-27
-14
-28
-25
-7
-24
-3
-22
-40
-6
-1
-19
-8
-28
-29
-13
-3
25
37
23
7
17
27
38
35
47
46
39
28
35
26
3
26
10
10
50
73
43
53
66
50
36
10
15
15
16
14
33
38
52
34
22
27
11
29
26
27
21
13
-6
6
8
-14
-23
-12
-7
-16
-2
-6
-5
-12
-29
-18
1
-13
-20
-17
-16
-14
-15
-11
-11
6
-9
-22
-19
-25
-17
-18
-17
-5
4
-11
-37
-22
-16
-16
-6
-33
-19
-31
-41
-25
-27
-20
-21
-23
-40
-27
-32
-26
-25
-31
-20
-11
-31
-28
-15
-15
2
-32
9
-4
0
9
-10
12
-15
6
-7
-4
-3
-9
-16
-7
4
-16
12
32
36
19
12
26
37
12
-8
0
37
37
24
38
26
27
15
12
29
26
27
19
4
27
41
9
4
15
13
21
38
30
20
13
44
43
-3
12
-13
-16
7
2
-13
6
24
-9
-7
-17
12
29
22
12
-1
10
16
26
11
12
12
15
-9
-21
-6
-16
-35
-9
-8
-37
-13
-14
-25
-10
10
9
10
-10
2
9
-16
20
13
3
1
-29
-25
-13
-13
-31
-35
3
3
-8
-8
-1
-19
-28
-16
-17
-6
-3
-17
-8
4
2
5
1
-35
-60
-8
-12
-34
-22
-7
-10
-43
-48
-38
-29
-43
-39
-45
-34
-36
-63
-58
-46
-23
-13
7
-11
5
17
10
15
2
14
34
18
-18
-14
-2
-12
-2
22
25
34
44
25
34
40
29
56
51
47
59
28
34
58
48
38
25
28
43
35
45
32
31
18
3
32
17
33
19
36
53
4
29
41
69
70
25
24
35
27
18
20
7
-26
-20
3
-15
-19
-11
-15
-26
-22
-6
-19
-48
-48
-25
-27
-38
-25
-28
-35
-20
-22
-42
-37
-37
-64
-39
-44
-43
-36
-29
-7
-9
-7
-6
7
-30
-42
-47
-31
-9
-16
-33
-31
-4
-7
2
-13
-15
-22
-17
-23
-8
2
-28
-15
-5
-13
-18
-4
-1
14
-9
3
3
5
23
2
19
12
3
3
2
-9
-29
-35
-22
-2
0
10
-2
-8
22
6
-2
2
3
7
-2
14
14
-4
10
13
33
38
9
-6
-20
1
17
21
34
43
36
42
49
73
85
63
44
31
35
38
52
37
70
65
46
38
37
60
54
47
60
70
32
42
10
9
-2
5
42
43
42
0
15
-22
-28
-22
-53
-42
-43
-56
-85
-75
-66
-76
-84
-84
-83
-87
-71
-79
-88
-77
-41
-13
-36
-36
-28
-13
-17
-44
-22
-9
-25
-32
-31
-38
-41
1
24
-6
-3
-1
-9
-17
-34
-32
-6
13
30
22
12
24
9
10
5
-25
-3
1
-15
-15
0
-9
-29
-3
-2
-4
-6
16
1
-10
14
17
34
35
56
37
20
41
47
42
28
28
48
63
25
29
37
9
6
10
18
25
-6
-12
16
11
-7
-12
16
19
15
22
25
17
19
33
26
16
-5
15
6
0
12
12
-1
8
12
-22
9
24
26
7
10
15
-13
1
18
3
1
25
10
-1
25
41
-9
7
6
-1
13
-12
3
-32
-22
-12
-26
-15
-7
-22
-60
-49
-54
-40
-29
-42
-36
-29
3
-10
-31
-32
-26
-15
-37
-22
-41
-59
-42
-25
-13
-24
-10
-32
-36
-23
-18
-15
-10
-9
-12
3
-15
-17
-22
-29
-31
-30
-7
-19
-10
5
-19
-32
-27
-7
-18
-2
14
5
6
0
15
2
11
38
44
37
32
47
38
16
14
43
40
51
32
32
65
39
21
12
32
40
57
47
70
76
43
60
60
83
56
50
54
33
39
12
12
27
13
13
18
11
0
-11
7
-22
-31
0
-13
-28
-28
-30
-10
-10
-25
-11
-43
-51
-44
-47
-44
-46
-22
-16
-10
-17
-27
-10
-29
-19
-32
-36
-38
-63
-60
-60
-52
-38
-16
-38
-40
-20
-20
-38
-30
-6
-16
-36
-40
-20
-19
-10
-26
-16
-12
-26
-6
10
10
26
28
21
25
7
25
-3
16
47
44
51
54
67
38
16
33
44
41
46
18
18
-10
0
-3
-25
16
-11
0
4
10
28
-7
9
12
-6
2
-11
-1
-23
-27
0
4
11
4
-32
-25
7
-17
-21
-18
-8
-8
4
3
0
4
1
27
35
33
17
7
1
15
13
13
3
25
40
23
31
4
9
-10
0
1
0
-11
-31
10
23
19
8
16
9
7
1
6
10
16
6
-6
2
-16
-1
3
19
10
-11
-22
-35
-11
-13
-10
-13
-43
-23
-18
-31
11
4
-11
-21
-21
-7
-19
-15
-12
-16
-12
7
-8
-16
4
-8
-26
-31
-32
-27
-15
-6
4
-6
-10
-10
-6
10
-4
-32
-13
8
-7
-14
-21
-15
0
-20
-44
-24
-12
-28
-51
-40
-8
3
19
25
15
10
-10
-25
2
7
11
5
9
20
20
34
23
26
52
66
62
47
45
65
55
44
58
47
30
16
28
34
21
31
25
16
-2
26
46
16
42
41
24
-13
9
35
-26
-11
7
-16
-17
-3
0
-15
-26
-36
-12
3
-10
-23
-22
0
-7
-32
-43
-32
-19
-16
-23
-41
-45
-38
-51
-58
-33
-74
-76
-55
-43
-30
-48
-22
-8
0
-13
-13
4
-13
5
6
10
16
6
26
24
18
7
12
2
-15
6
12
23
9
28
42
-1
10
12
-10
3
12
-4
-2
40
25
2
22
24
21
9
-6
9
6
-14
10
23
5
-16
-6
0
-3
9
-3
-22
-8
-25
-40
-4
-16
4
13
-3
-13
-31
-10
-23
-26
-3
12
-4
10
33
7
-1
-8
2
8
19
14
-13
0
1
-13
15
32
38
46
49
50
27
12
4
9
34
33
25
15
7
0
-8
1
8
0
-6
19
30
12
3
26
27
19
12
-1
10
-13
-16
-15
-34
-28
0
-4
-28
-25
-13
-18
-31
-22
-30
-22
-23
-19
-34
-38
-7
-15
0
0
7
-3
-23
-50
-36
-10
-28
-36
-29
-16
-14
-4
-25
-8
12
18
43
32
3
-10
-12
-12
-10
-6
-1
15
19
-20
-10
-3
-2
10
1
5
-3
6
12
0
-23
-16
-4
-10
1
10
6
3
7
-13
7
0
-11
25
25
10
-12
-7
-10
-3
-10
6
7
3
18
21
53
29
33
39
39
48
32
51
37
21
0
-3
25
26
11
16
20
-14
3
1
-8
13
-2
1
16
21
-18
-22
-2
-26
-10
19
13
8
22
20
3
-14
-32
-36
-31
-2
10
-1
-24
-17
-4
-18
1
0
-7
11
4
7
11
2
9
4
10
-3
-15
3
-23
-12
-6
4
-13
-41
20
12
-18
-27
-33
-14
-9
-12
-35
-38
-22
-29
-18
-9
-49
-60
-48
-51
-35
-39
-42
-11
-12
-22
0
-13
-26
-2
8
4
-15
-28
-22
-19
-11
6
7
5
2
5
3
-2
16
29
34
23
24
43
70
61
47
54
57
53
58
53
52
56
48
53
31
44
37
30
32
34
36
-9
30
44
5
-5
2
-2
-3
-9
-12
-10
-10
-11
-40
-16
-3
-19
-11
-8
-28
-50
-28
-13
-27
-2
-9
-19
-1
-12
-23
-46
-14
-5
-30
-30
-16
5
-25
-28
13
9
-11
0
-5
-31
-25
-3
-12
10
16
16
26
1
-8
-14
-7
-4
-14
-6
9
-7
-22
-21
-18
-40
-32
-15
-54
-28
-18
-28
-5
11
29
9
0
7
-8
-9
-5
-1
-2
-2
3
9
6
14
44
46
35
16
35
39
19
6
10
25
8
-1
0
-10
-28
-9
-9
7
35
30
34
6
10
4
-10
-9
8
16
9
29
12
11
21
13
3
-20
-11
2
-6
-13
-21
-16
-26
-34
-18
16
-2
-27
-7
10
12
10
69
63
32
26
11
13
10
17
13
34
24
-11
-2
-8
-19
-44
-36
4
-13
-7
-6
-7
1
-3
0
-13
-23
-16
-27
-24
-15
-10
1
-8
-11
4
3
-31
-18
-15
9
0
-26
4
-22
-18
-22
-15
4
3
9
16
0
-16
-27
-18
-2
-1
19
14
-25
-26
-12
-18
4
1
21
10
3
15
4
2
11
37
25
48
25
26
29
21
10
-27
-6
-19
-13
-37
-31
-17
-30
-30
-43
5
4
-22
-7
-9
11
28
23
44
29
14
7
1
17
22
21
41
35
21
22
11
13
0
28
32
0
0
10
8
-4
-1
2
5
-5
-16
-15
-3
-22
-8
-10
3
15
-4
22
23
6
-19
-7
-8
-20
-23
-19
-16
-12
-22
-35
-25
-39
-34
-33
3
-4
-20
-6
-1
16
-19
-5
11
10
21
-3
3
18
20
25
33
9
3
3
-13
-4
3
13
-3
13
24
22
6
5
19
22
22
7
22
25
23
20
17
-4
11
-10
-22
-3
-16
-24
-24
-3
-45
-32
-44
-70
-53
-45
-36
-48
-34
-35
-25
-29
-14
-13
-6
22
29
26
-14
-12
7
0
6
23
25
15
4
24
28
-14
15
32
-6
6
34
39
-8
6
12
-10
15
16
15
23
13
-2
0
-4
6
9
-5
5
32
6
-1
-7
-13
10
3
-7
-5
13
-3
24
51
56
17
3
13
-15
-22
4
34
8
12
-7
-4
-6
0
13
13
24
14
19
1
-10
-15
-11
-48
-34
-5
-6
-10
-36
-30
-16
-14
-16
-3
-8
8
14
12
-9
-19
3
-15
-16
-10
-11
1
10
1
-2
0
-7
-16
13
3
-16
-6
3
-17
-22
-1
-15
9
0
1
-4
-24
-38
-31
-11
-28
-18
-20
-13
4
-15
-24
-19
-18
9
2
-5
10
11
4
-2
41
24
40
52
16
16
6
7
-20
1
28
14
-28
-25
1
-18
-14
-16
-12
-8
6
7
9
4
19
37
28
32
32
21
-9
30
62
40
29
35
36
20
10
4
-9
1
-13
-31
2
-26
-17
-10
-24
-16
-7
18
19
9
4
-10
-19
14
4
4
26
2
9
9
6
26
42
19
-1
21
20
12
-9
-23
-33
-3
3
-16
-16
-6
-7
-9
0
-12
-5
-11
0
-10
-12
-29
-47
-33
-36
-42
-53
-33
-28
-15
-18
3
7
-19
-26
-12
3
-23
-10
9
3
-17
-15
-5
-21
-16
-3
-18
-5
13
20
5
-9
-11
-19
-4
-1
-10
7
-3
-23
-3
-4
0
-4
9
31
-4
6
12
37
66
39
40
30
32
21
11
22
25
43
44
46
40
36
12
-13
9
39
23
14
31
51
39
9
31
15
-11
-9
-28
-54
-50
-39
-35
-1
1
-14
-7
-8
3
7
-15
-23
-6
-8
-8
-6
-13
5
22
18
-1
10
-2
-11
11
1
3
-9
-29
-16
9
16
0
-14
-8
-10
-12
-22
-9
-2
-8
-12
-15
-11
-23
-15
-12
2
2
-13
-17
-6
-22
-39
-15
9
10
3
-1
-4
-11
-13
0
-26
-23
-18
7
-9
-9
19
-38
-19
-1
-10
-5
-12
-5
-7
-12
16
34
24
5
-6
4
13
15
10
22
15
14
32
56
27
20
54
27
13
16
21
1
-32
-27
-28
-9
13
-9
-12
-10
-15
-27
-20
-16
-10
12
6
32
9
16
47
29
21
35
54
28
33
25
4
12
27
21
16
14
-5
10
10
6
-6
-2
22
-6
-16
-22
-16
-11
-26
-4
-6
-32
-35
-17
3
-7
-13
15
0
-22
-23
-26
5
11
-20
-27
-15
-10
-12
-27
-25
-27
-34
-21
-29
-19
-27
-42
-28
-22
-13
7
4
1
-28
-37
-7
-24
3
25
-10
-16
19
14
9
-3
7
18
5
13
0
8
-15
0
17
-1
-5
-5
-10
-33
0
6
4
3
3
13
15
26
37
56
59
57
66
73
57
41
46
53
21
6
34
21
9
6
2
22
-10
-4
22
6
24
22
16
10
-18
-16
-17
-26
-24
-20
10
-19
-47
-50
-58
-48
-48
-44
-44
-39
-28
-36
-32
-26
-50
-33
-29
-18
-37
-25
-4
-51
-1
10
19
25
35
34
0
-7
-19
-16
-21
7
6
-10
5
15
16
32
36
37
46
22
12
16
7
-1
21
14
22
20
-4
17
37
32
21
10
7
32
25
7
12
25
8
-15
9
2
-18
-25
-22
-4
-7
7
10
-2
-2
0
-10
-12
-31
-31
-9
-29
-22
-13
2
-14
-11
-3
-19
-16
-14
-5
-9
-1
-20
-25
-15
-12
-13
-29
-15
10
13
-7
-4
-11
-6
19
42
52
4
-9
4
-4
-16
-3
2
-2
-6
-25
-8
2
5
-12
9
18
10
1
-32
-12
-31
-45
-25
-10
12
28
10
-12
3
29
19
42
63
28
30
24
26
25
24
28
28
29
31
37
12
21
33
23
6
24
36
26
35
3
-7
-10
-34
-12
8
-15
-28
-24
7
0
-26
-26
-30
-16
-10
1
-22
-20
11
-16
-41
-40
-30
-36
-51
-25
-25
-45
-51
-48
-32
-50
-44
-1
3
-13
-9
-5
-9
-8
2
-6
9
27
18
17
25
8
-15
16
-6
6
33
6
14
-4
11
3
10
12
-3
39
28
32
41
44
19
31
19
-3
7
-3
2
16
40
0
-6
16
22
3
18
28
-2
13
-1
-17
-12
-1
3
-1
13
0
-8
0
-15
-16
-10
-16
-3
12
20
19
-2
-10
-19
-16
-17
-27
2
-25
-39
-8
-30
-23
-25
-8
13
0
-7
-27
-11
-6
-4
-16
-18
-9
13
14
-22
12
4
-10
-20
1
31
31
20
24
41
15
12
-10
9
28
39
28
39
40
7
16
-14
-4
3
-7
-8
-9
-9
-31
-15
0
-21
-5
9
-12
1
-18
-35
3
-16
-30
-13
-6
-22
-3
17
-4
1
-3
21
3
5
12
5
-5
-48
-31
-17
-29
-32
10
-1
-4
0
4
25
25
21
-6
-17
-15
-10
-15
-3
-22
1
6
3
35
15
23
22
26
25
23
1
22
61
41
18
24
26
-6
-2
10
13
-13
-16
-7
4
-4
-12
16
10
-7
-15
-34
-41
-28
-15
2
-19
-30
-32
-14
-16
-6
9
-9
-15
-22
-23
-43
-29
-10
2
-11
-1
7
2
10
22
31
25
35
45
61
28
41
35
45
47
22
28
16
15
-1
9
-2
3
10
6
8
4
-15
-22
-18
-37
-38
-39
-15
-33
-47
-41
-32
-16
-21
-16
10
22
7
-2
0
-6
-3
-16
-39
-9
-8
-8
15
7
-18
-28
-18
-23
2
17
-1
-15
-10
2
-15
0
3
-2
18
19
29
25
18
10
17
16
16
28
36
53
13
-10
-20
-12
7
-3
-12
-23
-12
-40
-40
-6
-8
-35
-43
-18
-20
3
-3
-5
30
28
6
9
18
25
15
9
34
6
0
38
69
49
25
31
24
46
36
23
15
16
23
21
16
29
37
26
19
-11
2
1
-3
-9
-37
-9
2
-26
-32
-29
-49
-56
-45
-31
-54
-57
-47
-41
-25
-16
-7
-36
-32
-16
-22
-39
-16
2
-19
-11
-15
-13
-32
-28
-35
-36
-3
13
9
-6
18
21
22
0
0
12
25
34
-10
0
11
10
4
16
9
-1
31
57
58
11
42
31
-6
19
25
25
44
58
33
40
38
24
7
15
2
-6
7
-4
-9
-9
3
-25
-23
-4
-23
-37
-26
-16
-3
-17
-15
2
1
6
-19
-3
0
0
7
-10
4
2
3
0
6
3
-25
-12
-19
-20
0
-19
-44
-41
-17
-35
-26
-2
17
29
18
23
3
-15
-17
-7
13
9
0
-17
-19
-3
-9
3
17
18
36
11
-13
-4
-1
8
3
25
30
9
9
15
20
32
20
10
24
16
25
1
-9
6
-12
-22
-12
-13
-14
-7
-16
-12
-24
-27
-21
4
-5
-43
-22
-25
-22
13
2
-16
-9
-7
-19
1
13
9
14
-35
-9
35
10
7
-9
-22
-12
-29
-41
-9
15
13
16
30
23
25
19
10
-6
-9
-7
-4
-6
-6
3
-9
-3
5
9
15
48
40
4
10
45
37
41
50
31
31
2
19
22
27
27
16
18
-6
0
1
-3
-15
-25
-22
-2
6
1
2
-9
-26
-23
-29
-30
-28
-13
-25
-41
8
-1
1
2
-19
-27
-11
-11
-37
-32
-28
-18
-6
-22
-56
-21
-9
-10
-15
-29
-23
-8
12
0
9
11
-1
-5
13
1
-9
-13
-14
3
-10
3
7
-3
2
12
17
0
6
34
43
42
28
19
6
21
33
22
9
14
22
3
13
21
20
26
7
-11
-3
6
19
-4
-34
-15
-2
-3
0
15
29
32
19
6
22
21
6
7
7
-16
-28
1
-16
-31
2
0
22
16
-19
-28
-9
12
-5
-2
-15
-28
-6
-4
-6
-20
-9
-43
-72
-26
-40
-41
-55
-24
-4
-32
-12
-16
-6
4
15
12
-13
0
32
9
-2
26
34
35
13
31
28
23
24
32
44
28
39
29
29
34
27
12
18
25
13
0
7
-10
-50
-17
-9
-7
6
6
0
-1
1
-14
-15
-4
-2
-31
-25
-22
-29
-14
2
11
-16
-15
-20
-50
-27
-29
-48
-32
-19
-11
-23
-29
-14
-10
-6
2
6
4
-12
-16
-7
-12
-14
0
2
31
28
22
14
-2
20
0
18
7
25
59
34
39
42
41
13
16
29
16
5
8
6
10
-1
9
10
-2
18
23
23
6
31
37
14
19
21
16
25
16
8
-13
-30
-35
-30
-15
-32
-25
-20
-3
-32
-60
-38
-51
-34
-29
-13
2
-5
-25
-38
-24
-31
13
14
0
-4
-13
-16
-15
1
-12
4
-9
-20
-20
-21
-23
-29
-8
-25
-32
-21
-9
-1
20
34
17
-8
2
18
27
19
10
57
37
33
50
58
31
-2
26
13
21
24
30
32
19
32
38
43
40
19
16
9
6
20
4
2
2
-6
-21
-24
-9
-16
-18
6
-11
-25
-29
-37
-29
-23
-25
-55
-42
-25
-29
-29
-53
-42
-5
-38
-8
-13
-35
-15
-21
1
-15
12
-1
-12
-4
-18
-15
0
13
-11
-19
-27
9
-1
0
19
45
57
46
44
43
72
38
18
19
22
29
34
31
16
0
17
22
8
32
8
8
-3
6
-8
-22
9
-12
10
8
-4
0
3
-7
-19
-1
0
3
-39
-42
-9
-23
-18
-10
-25
-38
-26
-23
-19
-24
-41
-39
-27
-12
-15
-9
1
-2
12
12
10
31
19
16
-7
-12
2
-18
-10
7
30
1
-7
10
-19
-33
-16
0
3
3
30
34
7
13
8
-22
-2
5
-4
16
4
0
13
24
10
23
28
21
32
35
13
1
16
16
25
9
34
6
-8
13
11
31
4
2
1
21
12
6
11
-35
-37
-11
-11
-34
-32
-21
-10
-31
-29
0
-6
-3
-4
-9
-47
-33
5
-33
-39
-33
-5
-2
-31
-38
-24
-30
-47
-27
-44
-41
-14
-7
-5
27
35
39
23
14
15
-6
2
16
17
-5
21
28
22
46
53
37
32
38
-7
-11
23
-1
-26
0
2
-2
7
7
19
29
36
21
20
54
40
9
25
47
45
35
35
38
10
-7
-12
-26
-6
-13
-15
9
-21
-51
-66
-54
-35
-45
-30
-35
-47
-25
-23
-12
-13
-9
12
6
-10
-10
-8
-28
-17
-4
4
1
-17
-30
-24
-18
-22
-23
-5
20
-22
-25
-22
-12
7
-15
-13
7
54
32
25
76
40
0
10
21
35
0
-2
27
1
-1
3
22
10
-15
-2
0
6
10
-2
4
12
-3
8
3
-3
18
23
32
19
9
41
29
12
14
-7
-21
2
-2
-3
-13
-44
-26
-30
-15
-30
-37
-13
-19
-13
-1
4
-2
-6
0
1
7
35
19
4
-11
-3
-4
-9
25
-2
-4
11
13
0
-10
-3
-7
5
5
15
20
10
9
-2
-8
-10
0
18
18
9
1
1
-2
-5
-6
0
4
-3
-9
1
1
-9
-7
-4
-7
-9
7
14
1
-2
-9
1
3
11
3
-3
-10
-31
-14
0
