-17
3
-32
-55
-25
-67
-58
-41
-17
-7
-25
-13
-25
0
5
-6
11
13
6
29
53
57
44
43
79
67
81
72
58
39
30
54
28
40
26
26
29
41
51
41
18
9
11
21
46
12
22
26
-10
-26
-13
-43
-25
-6
-17
-14
-46
-25
-37
-55
-47
-28
-36
-30
-30
-54
-28
-44
-33
3
22
36
30
9
-14
-34
-24
-7
-22
-54
-41
-18
-32
7
-7
-6
-2
-35
-30
-24
-19
-25
-24
-18
8
-5
11
24
44
59
18
-1
-15
-13
-3
-7
-10
-25
-22
26
31
43
-7
-25
1
10
26
-9
9
23
12
-5
15
34
37
25
35
48
17
26
28
39
44
53
39
16
11
-6
24
8
-16
8
10
3
4
-10
-9
8
27
34
14
29
25
25
-17
-51
-16
-23
-41
-28
-20
-35
-29
-38
-50
-56
-44
-35
-35
-41
-37
-52
-49
-42
-57
-9
-15
-25
-37
-48
-37
15
33
15
35
29
35
32
15
35
16
-30
3
-7
40
26
3
40
36
48
25
38
28
49
45
28
13
-14
-16
3
-11
-33
-5
-19
19
18
6
-3
-2
3
-12
-16
1
11
-26
-39
-46
-11
1
-6
0
-7
-10
12
13
15
-21
-31
13
18
5
-6
22
4
-5
-13
-23
20
47
35
54
38
15
8
-16
6
-8
-4
6
-3
1
1
-39
-13
13
-9
-11
-45
-44
-43
-49
-33
-23
-9
0
5
20
3
33
26
36
29
17
37
-13
19
-1
3
16
24
51
19
3
3
-9
-3
7
10
2
-13
-11
-32
-25
-42
-18
-16
-33
-9
-12
-61
-87
-49
-26
-47
-46
-22
-24
6
13
19
6
-5
3
-3
12
29
54
63
35
33
48
0
8
20
23
-2
-11
3
-22
-14
9
14
13
16
-2
37
45
38
31
13
31
18
-7
-2
10
7
-3
8
24
-8
9
-9
-9
15
-1
-6
-9
6
-1
-7
-8
-9
-31
-21
-18
-9
-10
-29
20
18
12
25
20
23
18
7
9
11
-20
-24
-7
9
26
15
-23
-26
-16
-42
-31
-20
-5
-9
-31
-4
-3
-3
-28
-70
-58
-59
-53
-39
-11
-26
-46
-3
-16
-16
-14
8
16
-8
14
0
-8
28
37
38
37
-3
19
21
13
21
0
3
-19
-10
-15
-13
1
-4
33
26
29
54
40
49
42
48
40
27
38
19
10
-5
37
54
74
87
44
37
16
18
16
11
42
6
-34
-32
-26
-35
-46
-20
-38
-55
-49
-14
-9
-70
-25
5
-10
1
0
16
-23
-50
-53
-44
-35
-44
-42
-76
-47
-59
-45
-5
-31
6
-12
-26
-15
9
26
-13
14
23
6
2
12
7
-24
-5
-12
-10
-18
-7
41
32
42
29
38
64
29
32
26
53
45
16
39
34
15
11
46
61
84
48
33
51
31
-6
-32
-14
-7
-26
-16
-1
-45
-44
-32
-23
-35
-55
-28
-19
-10
-15
-21
-10
-20
-40
-19
-24
-39
-14
-44
-24
10
-10
-3
-32
-24
-6
-17
-10
5
14
15
22
10
15
-2
-13
-7
-25
-29
3
13
-6
-9
-18
-7
16
16
13
38
46
22
19
9
8
23
52
34
20
40
20
28
38
53
29
28
31
43
57
5
13
-15
2
3
14
28
-16
-9
-22
5
-11
-8
-10
-22
7
-38
-55
-26
-15
-29
-28
-29
-45
-41
-13
-29
-42
-50
-48
-10
-35
-16
-8
-20
-10
-2
25
28
35
16
-5
-23
-11
-25
-8
29
25
25
-12
8
7
-3
24
27
20
25
4
-11
9
-13
-25
-24
3
-6
1
7
-12
1
-16
-13
-42
-14
6
-26
-15
-1
6
-10
-18
-17
-10
-22
41
59
29
38
1
16
3
7
26
18
34
45
43
26
29
16
12
12
28
27
42
49
53
63
47
10
-6
0
-3
23
-4
-13
-18
-39
-39
-25
-11
6
3
3
1
-19
-22
-24
-41
-40
-35
-41
-21
-66
-69
-62
-47
-40
-32
38
27
21
44
40
25
0
8
1
-24
-29
-41
-22
-66
-57
-36
-54
-23
-24
1
-20
-48
-22
9
12
38
37
19
3
-6
29
17
6
16
9
30
42
27
23
22
41
7
4
35
16
-6
-12
24
28
7
29
26
15
34
7
-8
4
27
4
-2
20
26
31
26
28
14
9
-23
-19
-3
7
-18
-35
3
10
-10
-54
-66
-28
-32
-25
-7
-32
-16
-20
-19
-39
-12
-8
-24
25
11
27
19
37
41
27
39
40
56
22
-6
9
0
10
22
4
5
-49
-26
-1
-2
-2
-18
-1
-30
-21
-16
-33
-15
-14
-6
-1
-15
10
-22
-15
5
2
16
-6
-7
-27
-12
-27
-22
-21
-38
-4
-8
-43
-60
-42
-27
-33
-29
-17
-11
15
15
21
28
15
12
54
58
35
53
26
4
-7
-3
14
39
23
5
9
7
22
22
25
4
12
17
48
49
29
25
-9
7
-18
-10
15
-27
-3
35
30
35
6
16
25
24
34
0
19
22
49
34
31
23
-24
12
-9
1
0
-7
-12
-51
-30
-22
-25
-51
-79
-82
-78
-84
-89
-51
-33
-53
-12
10
-15
-31
-36
13
-18
-31
-13
-35
-22
-31
-20
7
12
-10
4
9
16
3
-2
-10
-13
9
14
31
33
28
8
51
28
35
45
31
44
27
10
-18
8
11
12
24
50
12
16
24
15
22
45
41
14
42
16
22
7
19
15
-5
6
3
-3
0
-13
-7
25
-16
-17
-37
-31
-32
-39
-10
6
2
-37
-29
-57
-53
-8
19
11
0
21
11
23
38
35
12
17
9
19
35
0
-22
-47
-19
-18
-32
-70
-51
-27
-30
-18
-50
-39
-34
-28
-47
-48
-47
-31
-7
-1
36
40
-1
2
19
4
19
14
44
31
4
21
-4
0
6
1
4
-10
13
17
6
19
-11
1
10
1
22
40
56
39
31
51
65
64
47
28
10
1
20
25
18
13
22
30
6
3
-11
-3
2
-18
-24
-48
-25
-1
-3
-12
-54
-48
-48
-54
-52
-66
-39
-48
-39
-27
-46
-41
-9
8
4
9
20
17
7
3
19
47
26
43
16
-26
-14
13
34
31
9
13
0
-37
-17
-24
-48
-22
1
-16
-31
-48
-22
-29
-15
26
23
31
24
37
35
37
25
0
-2
15
41
34
41
56
16
5
13
-19
-20
-46
-64
-35
-32
-21
-28
-26
18
-16
-3
29
1
12
26
28
13
1
-21
-26
14
15
0
25
29
39
32
21
22
-6
9
-5
-39
-22
-8
-5
-2
-9
-5
5
10
18
4
16
8
-4
-9
-18
20
5
6
2
8
16
-7
6
-6
-9
9
22
26
10
-13
6
5
-15
-17
-5
-3
-15
-4
0
-1
-15
-27
-46
-19
-39
-67
-31
-7
-17
-27
-9
-28
-9
7
11
34
40
20
6
21
20
4
0
26
10
-26
-29
-17
-23
-38
-22
-13
-19
-36
-30
-41
-58
-40
-46
-4
42
12
25
19
13
38
22
50
63
54
57
60
44
31
21
42
35
50
66
38
37
22
37
-32
-38
-6
-33
-26
-48
-32
-35
-57
-48
-56
-22
24
-3
-15
20
7
-2
8
20
31
-17
-13
-3
-12
-1
20
54
39
20
3
8
13
-9
-10
-3
4
25
-18
-38
-15
-34
-50
-32
11
-9
-22
-20
-10
-11
-17
15
4
21
4
-12
25
7
-6
-10
11
-4
-37
-27
-7
17
10
18
11
17
24
-6
4
6
0
-10
8
23
-12
-18
-26
-8
-22
-60
-7
0
0
-13
-23
-16
-55
-21
9
4
16
6
36
53
32
19
27
27
9
24
10
38
11
-2
28
-25
-20
-26
-9
6
29
22
12
16
-21
-29
-47
-19
-38
-30
-13
-26
-6
-43
-3
28
13
18
6
28
-5
-16
18
6
-13
-24
-22
-3
6
18
23
10
10
-10
0
10
15
18
7
16
29
54
69
76
57
35
25
24
12
36
26
3
-2
-48
-33
-18
-33
-41
-29
-12
4
26
22
14
-4
-4
9
17
31
17
12
-14
-32
-62
-66
-46
-56
-26
-38
-16
-25
-47
-47
-77
-41
-47
-48
-33
-32
-12
-24
-14
-22
-26
-14
-8
20
-9
-5
4
-13
-10
7
33
46
19
0
9
2
11
-4
-3
-4
-11
15
39
20
16
30
29
32
11
22
11
-1
23
52
76
72
57
40
38
43
29
18
38
38
-1
13
34
19
20
10
9
48
14
-29
6
8
-10
-24
-4
-26
-26
-3
-16
4
-10
-12
-18
-1
-17
-17
-17
-40
-53
-35
18
-1
9
-26
-15
-6
-5
-6
-31
0
-35
15
10
-16
-5
-25
-48
-72
-39
-34
-35
-47
-36
-27
-60
-55
-45
-34
-27
-5
18
-12
-14
29
13
6
37
39
27
18
31
37
23
13
36
16
-5
2
-34
2
29
20
26
19
3
-5
18
18
-4
-19
-24
15
37
17
7
-19
4
-2
9
8
-18
-6
4
18
-9
13
-5
-4
9
25
43
30
63
42
31
42
56
54
47
43
14
2
22
21
5
-15
-20
-3
-14
-5
4
4
-6
-7
3
-2
15
-13
-32
-25
-26
-43
-65
-36
-47
-34
-19
-15
-51
-75
-16
-2
-7
-35
-40
-37
-16
-6
-3
-3
-3
2
-10
10
10
-19
-7
25
18
20
-21
-32
-30
-11
-4
3
35
-5
26
13
8
-1
-26
-31
-28
-15
-41
-31
-33
-44
-71
-40
-6
2
9
-1
12
25
34
44
63
40
32
63
84
54
28
56
60
47
34
44
58
38
23
25
10
-6
7
1
6
0
21
31
-3
11
-3
15
6
-18
19
4
8
2
-6
24
28
30
19
-7
-28
-32
-51
-70
-44
-62
-63
-40
-29
-10
-41
-48
-55
-50
-44
-43
-13
-34
-27
-18
1
17
-10
7
8
-2
-10
-31
-31
-14
-15
-16
-20
7
34
45
67
36
28
11
21
22
9
-10
-23
-4
-47
-23
-12
-29
-19
-26
1
-18
1
20
5
25
7
40
43
57
68
50
61
50
44
24
34
40
12
-9
15
-29
-42
-12
-16
-23
-16
16
-17
0
-31
-42
-17
-38
-24
1
10
9
-5
-3
11
-3
19
34
26
24
13
-12
0
28
46
36
12
19
7
-6
-12
-18
4
0
-1
-13
-19
24
-15
-9
2
-15
-10
-12
10
9
34
27
-35
-35
-4
-6
-2
-48
-42
-31
-33
-22
-41
-17
-46
-38
-31
-35
-51
-51
-16
-33
-37
-19
17
38
33
18
-17
1
36
25
28
28
35
12
-10
18
19
-1
-18
-9
-11
-10
-4
-7
-8
-21
-43
-22
10
-17
-11
30
15
3
41
59
48
83
55
34
53
21
27
33
58
22
12
30
7
34
28
0
-18
7
-3
-7
7
17
41
20
12
0
-29
-20
7
-33
-21
13
3
0
2
6
-19
-22
-10
-17
-54
-51
-30
-26
-24
0
-7
-43
-46
-38
-13
-41
-38
-33
-42
-37
-14
-24
-32
-39
-59
-5
-34
-39
-20
0
3
-19
16
-7
-11
8
23
33
34
40
22
25
21
40
37
28
38
39
63
31
55
63
25
13
-7
3
-18
-14
-7
-35
-36
-30
-20
-8
6
-9
-13
-23
-32
-31
-20
-22
-23
19
14
41
37
11
22
23
9
-6
20
32
16
6
9
-4
-10
6
20
44
58
32
28
22
16
20
32
25
10
22
-12
-23
-13
0
-8
-16
13
16
26
-21
-55
-19
-10
-7
-1
-1
-32
-74
-46
-28
-45
-39
-49
-33
-19
-41
-48
-39
-28
-22
0
-14
-36
-12
6
13
29
30
38
28
45
65
44
35
17
7
7
-11
-8
-35
-57
-23
-19
-1
-4
6
-11
-40
-11
-11
18
2
0
19
24
16
3
10
-13
-4
-27
-33
-22
-24
0
-16
-13
-11
4
43
60
57
36
22
28
52
7
-4
15
9
14
7
14
16
-17
-1
11
-9
7
-6
-13
6
10
21
10
-9
16
0
18
48
18
13
11
-3
-16
-29
-62
-32
5
18
31
29
15
2
15
64
50
-9
17
20
4
5
21
-7
-15
8
-13
-23
-34
-32
-47
-44
-47
-53
-53
-35
-7
-21
-13
-14
-35
-13
-18
-44
-41
-32
-34
-35
-7
-6
-15
-34
-31
-14
-22
-38
-44
16
16
2
10
0
-5
-6
16
35
-12
-16
19
20
12
19
23
7
46
28
50
58
44
65
53
74
54
39
25
-9
-25
10
1
-6
24
15
24
17
4
-2
-18
7
39
19
-12
-21
-9
-28
-20
7
22
13
10
10
1
34
53
29
18
30
-29
3
9
-7
21
-26
-15
-19
0
-11
-45
-21
-41
-37
-28
-50
-65
-75
-63
-41
-12
-13
-19
-35
-32
0
1
-3
-3
10
-11
39
44
31
60
51
72
50
34
13
-1
4
1
-26
-16
-18
-29
-9
-28
-39
-32
-23
-10
-17
-37
-29
-31
-24
-35
-11
-21
-29
-11
-7
27
12
-14
-13
4
4
27
41
39
45
29
-6
-1
8
12
10
2
46
18
-13
7
6
-17
-25
-9
-10
13
-3
22
41
21
62
41
64
71
38
32
21
37
22
31
36
39
7
-9
-1
-15
-11
-47
-48
-41
-38
-20
-8
3
4
0
-10
-7
19
-11
-32
-28
-34
-27
-29
-10
4
13
-8
-9
8
22
35
33
-16
-33
-15
1
-1
-16
-4
-14
22
-18
-11
-38
-63
-21
-35
-10
-28
-23
-26
-34
-24
-26
-3
-9
-36
-25
2
25
30
45
36
6
2
-2
22
37
21
9
-1
-28
4
4
1
20
9
21
-23
-41
-21
7
13
3
17
22
39
42
57
47
19
28
35
35
45
27
4
9
-6
-12
-5
5
3
-12
-7
9
23
1
-10
3
-10
-18
0
25
19
-25
-12
-5
-22
-23
-27
-4
2
-15
-35
-30
-17
-12
-19
14
-1
-11
-9
-38
-9
-12
3
-21
-17
4
-14
-3
-42
-42
-22
-23
23
24
9
31
35
38
7
12
12
0
-1
-7
-5
-12
-20
-3
-25
-56
-33
-20
9
25
35
8
-10
24
22
-6
-2
11
7
31
-5
19
41
25
42
1
41
28
3
33
11
10
7
23
-6
-11
-2
-15
-18
-43
-25
-15
-1
13
6
20
-1
-3
33
10
18
51
6
3
22
-17
-37
-44
4
12
-8
-10
-38
-23
-44
-25
-22
-29
-29
-44
-31
-21
-29
-36
-19
-44
-40
-11
-6
-18
1
19
10
6
1
3
3
-12
-20
-28
-18
6
-4
14
-5
23
31
-1
24
46
56
29
39
37
40
72
63
43
17
38
55
14
12
4
6
40
50
64
50
36
51
34
37
26
-9
-4
-30
-29
-22
-31
-36
-33
-44
-48
-13
-46
-40
-50
-86
-49
-38
-21
-24
-34
-24
-24
-38
-44
-22
-15
-18
-35
-41
-30
-35
-48
-27
1
26
17
-22
26
14
-24
-29
-60
-25
3
-3
-3
17
15
32
47
46
42
37
93
91
46
42
37
21
14
23
23
9
-4
6
27
37
13
-9
-13
9
-7
-6
13
-22
27
32
28
37
20
38
17
21
24
7
-6
0
-10
-39
-24
10
-23
-17
-28
-43
-29
-60
-33
-21
-19
-54
-41
-47
-32
0
-25
-22
-31
-22
-24
-5
8
-1
-24
-26
-12
9
-10
21
44
28
16
-28
13
1
-4
14
27
16
-23
7
25
59
77
44
34
19
-16
-6
3
3
-12
-14
-3
-19
-1
3
12
13
1
4
-10
-3
15
-12
-22
-40
-58
-22
-28
4
22
12
19
2
17
23
-6
-8
3
-10
20
16
13
11
-2
17
15
11
24
28
39
46
29
19
5
15
-15
4
12
-3
14
-13
-2
-5
5
-33
-42
-13
9
19
5
14
-17
-18
-19
-24
-47
-50
-78
-79
-28
-54
-43
-57
-40
2
-27
0
-6
-18
-5
-12
3
-12
-11
-28
-32
-22
-29
8
1
2
7
9
29
6
44
68
51
46
9
37
36
56
55
31
57
48
58
31
36
37
20
32
19
47
51
7
13
25
39
45
44
28
-6
9
-7
-26
-52
-45
-8
-22
-24
-23
-22
-36
-22
-29
-66
-52
-49
-45
-44
-49
-40
-31
-42
-22
6
-10
-21
-62
-40
-39
-22
28
6
-1
-3
7
6
5
8
-1
16
25
18
28
35
35
2
14
15
-2
-19
-47
15
3
9
3
-3
16
1
8
3
13
6
25
19
8
-3
3
9
3
-11
-1
-3
-19
3
-18
3
-3
21
35
26
22
-15
-6
-20
-9
-35
-30
-1
-10
8
-4
-8
-3
-2
-3
13
39
44
10
-1
0
-29
-35
-15
21
7
18
8
-37
-17
-27
7
0
-11
23
14
44
37
50
44
23
59
40
46
25
39
38
4
41
0
-5
24
0
-2
-19
-33
-22
0
23
-23
-29
-35
-42
-25
-8
-15
-60
-35
-43
-31
-37
-28
7
-18
-40
-47
-47
-59
-31
1
-21
-24
-3
34
51
2
0
-2
-26
-25
-38
-32
-25
-19
2
1
-23
-18
-9
-13
-1
15
4
14
-2
4
7
-22
11
0
11
35
47
58
64
56
50
67
36
52
30
12
14
12
8
-22
1
3
-11
-11
19
35
-9
-8
-5
5
24
29
66
51
70
47
17
34
24
34
22
36
6
3
-15
-54
-43
-22
6
-6
-13
-33
-35
-34
-31
-20
-10
17
0
-15
-36
-66
-44
-6
-2
-29
-26
-34
-57
-57
-42
22
16
-2
-3
-54
-34
-9
-7
22
14
-14
-17
-20
-41
-29
14
50
2
-44
-32
-47
-31
-1
15
-9
-22
-37
-79
-62
-26
25
15
7
29
-6
-1
-38
-20
46
41
59
51
53
31
8
39
54
57
31
51
20
-15
24
41
64
38
34
19
25
27
-12
33
55
50
30
-3
16
15
31
30
0
12
-13
3
19
0
5
14
34
35
37
6
-20
-24
-58
-19
6
-9
-8
-11
-15
-41
-25
-24
-14
-40
-61
-70
-77
-61
-84
-44
-42
-55
-49
-39
-29
-14
-32
-53
-22
8
1
-9
2
0
-2
-25
15
0
6
14
-21
-3
-7
22
23
12
-13
-8
7
-9
10
36
67
76
56
17
-19
-22
7
40
48
19
0
-29
-52
-23
16
59
60
41
-6
-40
-24
-25
41
72
61
45
-13
-42
-46
11
62
60
16
-34
-44
-59
-36
41
59
77
33
-28
-25
-50
0
28
60
70
3
-47
-69
-41
-18
35
30
12
9
-19
-25
-30
9
29
31
29
-28
-42
-19
2
31
48
27
-47
-66
-50
-42
19
34
57
44
-13
3
-9
17
22
33
24
-45
-48
-46
-44
-11
-4
-18
-22
-54
-82
-56
8
-19
-35
-43
-44
-73
-89
-7
16
56
23
-8
-29
-22
-8
3
54
9
-22
-50
-68
-31
2
53
85
65
35
-15
23
72
113
146
103
35
-17
-27
-30
36
88
91
40
0
-62
-85
3
38
82
83
16
-41
-99
-63
12
81
132
38
-13
-92
-141
-82
-13
71
68
5
-103
-123
-94
-27
44
61
66
-26
-97
-106
-95
-6
55
74
42
-45
-90
-102
-35
56
85
89
20
-44
-58
-71
-18
55
124
88
11
-59
-67
12
45
105
104
46
-16
-58
-48
-7
37
65
23
-30
-51
-66
-40
1
51
45
-3
-73
-72
-65
-44
-10
41
63
22
8
-42
-5
22
25
19
22
7
-31
-39
-35
6
28
14
-2
-35
-57
-1
8
68
63
26
21
-20
29
53
94
81
35
-18
-39
0
-3
21
30
-10
-70
-81
-71
-22
26
16
18
-23
-89
-124
-88
-35
-12
7
-16
-57
-52
-28
-19
20
54
33
-22
-68
-63
-12
22
45
74
59
9
-3
-3
14
54
71
48
10
-31
-46
9
45
63
77
63
46
19
19
29
26
61
54
19
-19
-29
-7
26
44
54
11
-46
-56
-75
-30
-12
20
16
-22
-47
-89
-81
-38
3
16
27
5
-20
-22
-15
-16
27
37
-11
-25
-35
-3
13
8
32
20
-13
-51
-30
3
-32
-38
12
-4
-46
-18
-24
-13
-19
3
31
7
-29
-22
17
-13
-4
-23
-29
-41
-25
1
-17
-13
0
-4
7
47
31
24
20
19
3
31
44
52
90
64
51
21
12
14
19
51
59
58
19
-22
-21
-39
-9
7
19
41
6
-10
-21
-17
-16
-1
0
-10
-39
-55
-22
9
7
8
21
3
-17
-35
-13
-12
-24
-9
-7
-29
-23
13
-2
-13
49
48
26
24
2
7
-15
17
64
19
-24
-29
-37
-29
-15
-13
-25
-37
-67
-70
-63
-65
-37
-1
25
-9
-25
-22
-28
2
28
22
31
23
7
-8
-35
-29
4
-3
-34
-23
-19
-8
13
21
22
9
-15
-10
-22
0
48
57
28
3
-9
-10
33
28
82
82
50
41
0
15
25
44
54
56
25
34
22
-1
32
9
3
-1
-34
-26
-17
-9
24
36
-21
-32
-21
-21
12
16
42
31
-26
-44
-54
-28
34
37
36
0
-62
-60
-26
7
35
49
-7
-64
-85
-84
-45
-15
-4
-19
-41
-23
-28
-6
16
4
6
-32
-56
-74
-76
-55
-15
22
-1
-23
-21
-7
1
12
73
98
57
26
-30
-22
22
60
67
44
23
9
-5
10
64
39
37
6
-17
-52
-50
9
27
17
-49
-61
-64
-36
14
21
36
9
-19
-28
-48
-6
8
51
57
12
-1
-24
21
29
37
33
-6
-1
-3
-22
29
35
8
8
-3
-7
-38
-14
59
50
32
14
-44
-34
-27
15
38
38
41
20
-17
-23
14
20
57
36
13
-20
-29
1
38
62
38
25
-26
-29
-34
-43
-20
-6
-25
-42
-64
-67
-41
-33
-11
-29
-23
-42
-51
-42
-32
3
-19
-1
-26
-30
-24
-70
-47
-57
-40
15
-34
-37
-16
-10
13
13
17
6
11
0
19
30
26
20
3
2
7
40
60
41
27
31
30
51
24
39
67
57
31
18
39
44
67
75
66
28
11
8
-17
1
46
37
35
5
12
6
-31
-3
4
31
-25
-16
-7
-43
-14
-15
1
-32
-45
-21
-42
-46
-50
-34
-19
-19
-7
-13
6
-8
-22
-31
4
20
22
8
-31
-15
-50
-27
2
22
27
4
-24
-16
-31
-58
-22
-41
-60
-85
-46
-34
-71
-32
-3
-25
-47
-50
-27
-16
11
82
53
34
-11
-29
-9
18
53
55
98
63
48
3
24
38
23
57
24
28
-6
-17
-13
22
31
38
41
5
-6
-14
24
57
36
14
26
-13
3
6
31
34
19
11
-50
-47
-28
34
28
47
38
-16
-22
-20
-9
11
3
-37
-51
-81
-38
-27
-6
12
21
24
-16
-10
-8
19
37
53
39
-19
-46
-32
24
59
58
51
23
5
0
26
61
61
55
19
-36
-69
-76
-47
-19
-14
-43
-82
-115
-140
-108
-88
-48
-75
-88
-112
-124
-49
-42
-13
3
6
-12
-22
-23
15
45
47
56
46
48
40
59
66
70
80
54
-6
-11
25
85
66
25
40
19
12
-16
30
35
21
17
-12
3
-13
31
29
14
6
-26
-29
-47
4
23
29
16
3
26
18
27
18
36
27
-13
-22
-13
-24
-15
17
19
35
19
1
10
-3
-13
-9
10
7
-22
-32
-33
-22
-37
-19
-10
2
6
-4
9
17
31
-4
13
25
11
10
15
13
-11
-19
-46
-62
-37
-41
-30
-38
-59
-63
-51
-18
-33
-38
-47
-23
-17
-58
-41
1
7
-5
-9
12
11
11
13
-12
0
-15
-6
-10
12
20
9
42
5
12
4
-10
28
3
20
47
40
28
41
54
72
60
41
66
24
14
14
29
27
42
41
-3
-7
-9
3
-18
9
28
9
-1
2
14
24
3
-20
-43
-68
-67
-50
-42
-50
-48
-31
-16
-53
-12
3
7
12
-7
3
-26
-41
-18
-20
-12
-8
-4
12
-28
16
-5
19
23
36
50
11
36
34
61
11
18
12
19
-2
5
19
7
15
2
26
-9
-23
-14
9
-9
11
-26
-28
-17
-32
-54
-48
-19
-56
1
-6
-15
-17
-10
-7
4
10
9
28
15
11
18
25
5
14
1
39
51
33
22
1
0
2
14
33
37
25
27
0
-19
-23
-48
-62
-56
-37
-64
-85
-40
-36
3
-6
-12
-1
-3
-17
-34
33
38
40
30
30
-8
-12
-12
13
47
4
-7
-16
-5
-10
9
9
-4
-22
-6
-19
-39
-10
-6
1
-6
-16
-15
12
21
50
38
39
49
21
51
55
54
39
23
-12
1
7
-4
20
22
32
-19
7
11
10
21
19
25
-32
-16
-21
-11
5
-13
-15
-59
-50
-38
-40
-18
-23
9
26
12
-3
6
58
38
44
-21
-58
-20
-7
44
43
64
11
-31
-41
-25
-32
-47
-35
-82
-75
-85
-73
-59
-26
-3
-33
-71
-75
-51
-22
16
12
-5
-5
4
10
26
38
83
70
52
64
56
79
73
44
19
13
12
22
18
17
48
43
44
12
-8
-25
-21
11
-6
2
-20
-38
-15
12
15
9
19
-8
-54
-45
-20
27
55
57
12
-38
-10
-13
31
51
24
5
-23
-31
-12
10
18
16
-1
-24
-56
-49
-48
-20
-19
-22
-19
-35
-8
-4
23
-9
-26
-39
-59
-25
1
26
9
24
11
17
-2
9
34
2
-3
-12
-22
-50
-34
-25
8
-5
-12
-14
-2
15
31
68
11
8
6
-1
-5
-5
34
36
-9
17
51
70
44
31
72
46
11
-40
-25
-22
-3
6
3
-9
-53
-53
-47
-30
16
3
-16
-14
-12
37
49
59
19
6
-46
-53
-17
-43
-25
-10
0
-29
-20
22
56
46
19
-5
-10
1
6
38
46
48
42
17
10
19
23
6
5
-16
-37
-32
-41
-21
-46
-45
-77
-73
-36
-35
-1
-16
-13
-27
-35
-25
-23
-28
-20
-1
-9
-45
-10
24
41
28
23
22
-31
12
47
71
43
15
-29
-47
-20
22
60
70
47
-18
-76
-110
-32
-5
37
60
54
18
-14
12
35
47
57
94
62
33
-13
37
73
70
39
5
-13
-8
51
41
81
19
-43
-56
-58
8
37
39
-5
-79
-120
-132
-103
-44
-11
-11
-31
-28
-42
-15
7
-22
-46
-80
-56
-33
-5
41
53
22
-22
-1
-18
-14
38
63
60
23
-8
-51
-72
-47
0
-3
-10
-2
-9
-22
-32
-13
1
2
5
-5
-15
-18
-22
-3
32
28
38
66
47
54
69
90
42
-3
17
35
79
82
87
22
-13
-36
-69
-49
-41
-9
-41
-47
-16
-10
-40
-82
-103
-102
-91
-58
3
16
36
7
15
20
19
74
53
86
88
89
79
67
78
71
67
14
3
-3
30
50
0
-11
-32
-67
-59
-60
-16
-3
-35
-51
-88
-67
-31
4
4
5
-25
-24
-34
-40
15
-8
8
13
15
61
51
48
46
11
29
4
-19
-42
-41
-22
-23
8
-12
-46
-70
-45
-57
-16
9
-13
-80
-91
-61
-54
14
25
30
-36
-71
-51
6
46
21
-3
-17
-20
40
64
94
69
-11
-16
-53
-19
32
70
45
27
33
18
-14
2
29
24
64
23
-28
-15
-11
8
2
3
21
-1
36
43
69
71
66
26
-5
37
34
78
72
69
70
48
10
2
31
31
13
0
-25
-36
-56
-31
-21
-42
-32
-101
-107
-97
-48
-22
-28
-54
-89
-86
-81
-32
15
49
15
-24
-51
-48
-16
54
78
59
7
-34
-5
19
51
63
56
-42
-98
-84
-55
-8
-3
13
-20
-97
-113
-78
-24
0
-13
-26
-65
-69
-48
-13
35
44
39
13
-23
-21
3
27
72
90
76
45
32
24
2
50
66
87
65
4
24
45
89
112
101
66
23
-37
-25
4
-6
27
30
3
-41
-45
-26
9
33
56
55
37
20
-30
-24
31
47
59
69
16
-20
-44
-61
-42
-19
-5
-33
-61
-79
-126
-115
-77
-22
-36
-88
-73
-83
-63
-21
17
32
7
-53
-93
-82
-10
74
74
35
19
-16
-10
24
43
56
34
28
-4
-12
0
37
88
91
43
11
3
-47
13
70
52
37
12
4
-36
-43
4
6
13
-11
-20
-23
-6
38
50
54
-11
-44
-72
-73
-48
-9
22
-26
-38
-51
-79
-62
-46
-24
-29
-38
-67
-100
-61
-10
81
63
9
-23
-58
0
29
78
107
63
31
10
47
74
92
115
56
21
-21
-15
11
53
88
34
33
23
26
20
27
48
32
25
22
34
6
-42
-27
-10
-24
6
17
-45
-96
-84
-75
16
59
38
26
-26
-51
-55
-14
11
26
-13
-28
-59
-53
-18
-48
-31
-38
-47
-86
-78
-65
-57
-40
-41
-25
-51
-54
-65
-63
-22
-8
16
50
51
32
-3
-11
-9
17
58
86
64
4
-25
-38
40
70
80
50
-14
12
8
70
120
106
57
20
2
7
79
60
13
-40
-46
-42
-32
21
-7
-11
-25
-34
-48
-42
3
-14
10
17
46
88
82
64
27
41
90
86
46
30
2
-13
-33
-37
-38
-56
-78
-108
-117
-66
-38
-27
-19
-37
-51
-100
-57
-41
-6
14
-1
9
-10
23
54
102
82
34
-14
-13
0
8
40
53
29
-15
9
-16
-44
-43
-31
-29
-19
-31
-44
-33
-40
-48
-52
-9
-6
-32
-55
-62
-48
-27
-29
7
4
-36
-26
-8
49
67
88
80
25
-9
12
36
49
75
54
27
17
-7
10
65
52
17
2
9
18
-13
4
10
13
13
-1
0
-19
-16
-13
-2
-20
-4
15
-3
13
29
23
47
71
53
28
-10
20
11
10
23
22
35
-6
-1
-10
-22
-40
-4
21
-33
-51
-66
-56
-32
-25
-6
-16
-44
-50
-42
-7
4
7
25
26
1
-6
14
34
20
-6
3
-17
-17
-28
-56
-46
-40
-32
-25
-5
29
-9
-19
24
-9
-7
-11
-16
6
-16
6
19
5
-9
-60
-91
-54
3
11
13
8
-6
-4
-15
-1
14
34
44
5
-12
4
2
11
31
9
-31
-35
9
9
13
37
40
16
-9
2
-8
-6
12
-4
3
17
14
6
-3
13
22
26
30
35
26
37
19
-6
25
30
26
23
39
32
50
60
92
107
63
63
29
5
6
1
-21
-10
-28
-9
2
-24
-8
-22
10
-20
-26
-24
-26
11
-38
-36
-24
-42
-39
-46
-35
-51
-38
-38
-30
-23
-34
-49
-81
-63
-60
-48
-53
-35
-52
-50
-44
-51
-20
-34
-36
-54
-30
-21
-7
-15
-1
-4
-18
12
13
31
32
59
55
53
41
39
71
67
57
40
35
45
78
70
43
-9
-16
-16
-15
44
19
4
2
14
21
33
32
16
-9
-27
22
23
-3
-18
18
5
-9
-16
-4
13
-7
14
0
12
17
23
4
12
-3
-9
2
12
41
-3
31
28
-6
15
9
3
-4
-13
-33
-27
-7
-26
-7
-19
-56
-41
-36
-4
-32
-21
-15
-28
25
7
-18
-6
34
10
1
3
4
27
0
-14
-47
-24
-32
-44
-7
-36
-25
-32
-40
-44
-35
1
1
9
6
-1
8
20
-1
10
8
0
-23
-41
-12
-15
-3
13
24
8
-9
-21
-6
-13
-12
4
-4
-6
-12
2
-11
3
23
27
12
10
32
36
44
28
27
10
-7
11
19
56
59
30
26
31
28
44
53
35
47
28
36
25
25
43
7
24
25
-5
-11
-6
-8
-5
27
25
-6
-7
-30
-15
-32
-44
-33
-34
-17
-50
-40
-48
-24
0
-19
1
-32
-63
-71
-66
-47
-35
-29
-21
-15
-46
-35
-10
-19
10
21
3
-1
-32
-15
17
-9
22
29
15
25
17
9
0
12
-5
-19
10
23
-3
9
31
24
18
40
37
3
-4
17
18
-18
24
28
12
9
-15
-21
-29
-18
-16
-41
-72
-55
-18
-22
4
35
19
16
2
38
41
38
25
10
13
-9
35
-12
-29
-2
15
38
7
-1
0
22
28
-4
6
34
22
31
31
35
11
6
1
5
35
-10
16
30
11
29
11
9
-1
-5
7
-3
4
0
-13
-23
-6
-11
-4
-19
-38
12
0
-44
-37
-32
-51
-52
-46
-47
-63
-51
-51
-44
-47
-61
-9
9
12
3
6
24
13
16
10
-8
-22
-60
-52
-17
-8
-4
19
42
24
35
31
33
8
-12
16
26
35
28
2
29
25
-22
-22
-48
-35
-9
-5
-17
-7
4
-3
18
20
17
-16
-2
-6
9
22
18
19
13
45
51
68
32
49
46
53
79
67
67
28
46
26
3
6
29
30
-17
-21
-10
-16
-20
0
21
12
-5
-41
-3
-16
-42
12
-24
-16
-50
-53
-24
-23
-5
-28
-26
-36
-36
-38
-28
-31
-34
-18
-63
-79
-40
-66
-76
-42
-31
-15
-35
-44
-47
-64
-33
-29
-34
-16
12
33
44
29
21
30
17
50
41
40
64
53
47
68
39
27
67
68
70
44
39
13
2
-2
3
9
3
42
1
13
13
-20
12
14
21
-10
-6
1
-14
8
-1
23
12
-11
-14
-34
-7
1
-10
-3
0
-12
-21
-38
-44
-18
-22
-10
-3
2
18
22
6
-5
-26
-11
4
-13
14
-13
-17
-12
-34
-20
-14
0
-17
-37
-3
7
3
0
7
27
17
16
44
42
31
13
3
15
-16
-9
-16
-24
-18
-10
-30
-36
-29
-43
-42
-25
-2
-31
-17
-24
-1
-9
1
52
26
14
12
28
16
10
9
21
17
11
9
-1
18
16
18
35
24
25
26
51
67
22
0
9
38
25
-2
-7
-28
-19
-50
-54
-21
-36
-24
-54
-55
-18
-28
-37
-39
-11
-31
-40
9
-2
23
21
18
38
28
28
16
3
-13
29
54
46
41
13
3
-22
-34
-15
-4
3
-5
-26
-43
-42
-3
-2
-1
24
31
28
32
38
16
29
34
16
-9
-12
7
-7
-2
-9
-23
-48
-52
-20
-16
-17
-29
-50
-31
-29
-33
-13
-10
-2
40
44
19
23
8
25
28
34
48
39
23
-1
15
2
0
10
13
19
-1
12
-16
-28
-3
-38
-19
-31
-21
3
-30
-41
-12
-5
-56
-45
-44
-42
-34
-14
-2
11
2
-19
-4
11
21
22
37
32
46
48
55
29
39
6
-19
14
-34
18
35
26
32
-3
16
34
7
13
31
19
15
0
-12
5
2
-18
13
-9
-27
-19
-7
9
-16
-4
0
15
10
12
30
31
2
-22
-4
22
0
-29
-29
-45
1
-33
-41
-21
-13
4
-23
-20
-34
-46
-43
-18
-27
-23
-23
-28
-33
-48
-16
-25
-35
-24
-5
-4
-12
6
-10
3
3
-10
17
-31
-41
-9
6
19
29
72
35
15
39
44
41
22
72
63
29
5
-13
9
18
59
46
21
19
-6
29
38
9
23
32
30
3
34
50
22
17
13
18
-6
0
-4
-31
-32
-12
17
-12
-29
-27
-38
-29
-9
16
16
31
34
3
-12
-13
0
-16
-16
-12
-5
-26
-23
-22
-49
-45
-49
-15
-29
-38
-39
4
16
0
31
2
-11
-33
-39
-31
-34
-48
-29
-12
-24
0
4
-38
-64
-57
-15
-33
-62
-20
-29
3
-9
-7
16
-15
53
58
22
32
59
33
4
60
54
78
35
-10
31
-25
-10
25
14
-7
0
55
19
-23
-11
22
-12
-7
26
5
22
21
57
31
40
37
22
50
22
70
35
78
80
31
2
4
50
-29
-36
-35
49
-8
-26
24
-4
-18
-40
24
-28
-103
-116
-30
-17
-40
-47
-35
-51
-76
-72
-60
-32
1
-4
-66
-27
9
39
-11
35
76
60
2
20
94
10
-17
-21
59
-24
-58
-10
-10
-53
-91
56
13
-71
-92
-3
13
-70
-15
-24
-19
-39
65
51
-21
21
6
47
-9
75
89
26
-11
45
76
5
14
17
37
-34
-17
-69
-52
-23
-2
-25
-74
-20
-58
30
-6
-57
-59
-53
10
30
69
157
68
52
-21
126
125
95
25
-119
51
-6
365
-79
-96
-242
117
167
-92
78
-258
32
-275
348
-93
-152
-217
73
-4
-243
312
-15
-94
-420
379
98
-22
45
318
-47
-237
443
369
-156
-386
331
140
-205
-66
498
-119
-427
-12
419
-109
-394
191
12
-357
-311
461
-30
-493
-164
358
-175
-470
168
348
-349
-493
448
251
-237
-367
465
97
-424
-8
550
133
-649
51
425
255
-359
168
337
-102
-290
140
385
-233
-235
53
243
-248
-213
66
-43
-251
-71
275
58
-189
-25
170
-3
-97
51
108
-92
-90
131
168
10
-8
224
182
-14
32
183
146
-82
-29
142
99
-127
-22
130
43
-249
-207
142
91
-84
-148
141
46
-136
-98
98
-85
-401
-74
262
230
-159
-2
224
108
-138
17
281
23
-175
-84
143
66
-163
-63
39
-13
-2
-9
70
-261
-312
-54
339
203
-332
-179
56
235
-99
46
149
25
-32
-30
56
-201
-74
-36
-95
-154
13
-11
-243
-131
-78
-129
-64
85
-218
-661
-298
197
-87
-391
83
544
-22
-379
210
468
209
226
584
124
-368
697
1416
652
-654
-76
931
768
345
-61
-295
-890
125
739
37
-993
-794
-57
-538
-373
3
61
-921
-908
67
345
177
-147
-357
-585
-80
779
604
-168
-247
359
536
164
401
349
78
-252
84
470
191
49
-403
-561
-560
288
675
-185
-890
-674
101
-188
-311
112
-48
-542
-300
708
295
-808
-386
756
860
-55
315
602
-197
-475
348
1195
137
-212
354
488
-202
-355
805
605
-223
-623
142
357
-319
-161
35
-3
-516
-96
305
-453
-643
-325
244
-418
-458
120
-256
-656
-556
886
206
-710
-534
236
79
-749
355
713
247
-657
79
439
-219
-324
339
656
-311
-353
227
441
-322
-213
464
744
117
-141
153
197
95
235
819
568
12
-364
229
568
162
50
532
786
164
-334
128
162
-293
-530
129
215
-693
-696
-730
-518
-1038
-305
153
-653
-1372
-1213
29
-322
-495
-663
-184
-162
-232
363
-20
-180
-9
1170
1227
294
313
644
1323
807
1335
1399
601
524
343
907
-378
63
56
-148
-945
-1694
-1292
-2500
-1738
-1673
-792
-1630
-1685
-1194
-1446
-635
-568
469
124
965
1360
1227
1318
2060
3653
3282
2587
2295
3078
3628
2805
1551
962
1557
2357
2175
760
-1105
-1642
-1178
-815
-1373
-2367
-2590
-3188
-3469
-3169
-2388
-2474
-3300
-3812
-3634
-2424
-1409
-698
-1120
-1129
-175
301
118
410
1179
1226
1264
2120
2712
1828
724
961
1609
1514
2060
2327
1197
-383
-850
-185
253
291
827
548
-767
-1089
-562
-355
-1686
-1631
-674
2
-1528
-2831
-2593
-2968
-2767
-2401
-167
-77
-864
-1287
-295
383
618
2158
2214
1856
1045
3451
5495
5234
4241
4141
4897
4873
5199
4574
2254
144
1357
3784
3404
1141
-530
-2472
-3910
-3539
-1353
-2031
-5427
-6736
-5856
-5257
-5581
-4730
-5028
-6676
-7126
-4322
-1562
-1208
-700
-96
-267
12
2308
3999
3576
3720
5403
6136
5543
5719
5706
3258
1810
3662
5117
3686
1630
1279
-437
-3006
-2719
-1028
-1652
-3577
-2666
-1982
-4353
-6736
-5631
-3444
-3981
-3707
-1840
-976
-3217
-4643
-3139
-1281
-288
810
2984
2584
645
-342
1398
3270
3712
3849
4381
4002
2476
1643
1671
2182
1477
1410
1470
1239
-1419
-3353
-3454
-2781
-2750
-4413
-3980
-3830
-2871
-1995
-1004
-2202
-3804
-1134
3051
3664
-1671
-2900
2776
9999
11297
5995
1071
1032
7535
12687
10708
3503
16
3508
6819
6307
3070
946
-170
-1934
-3416
-3793
-3059
-4190
-8131
-10327
-7635
-3688
-5268
-10805
-13717
-11338
-6153
-1432
571
-2004
-4817
-4250
-1617
138
2948
7971
8901
4631
1956
5453
7176
4682
4460
7698
8905
4426
1965
2238
1125
-787
-214
1647
594
-1503
-2749
-4249
-7066
-6874
-2984
-1615
-4054
-5589
-4811
-4992
-6369
-4187
-57
-254
-3481
-2633
1169
1432
-478
114
3691
3541
1906
3043
4295
3231
550
1683
3503
2933
646
-786
-1124
-2683
-2982
-2880
-2611
-3580
-4484
-3323
-2464
-1556
-2247
-2031
-386
2158
3244
182
-1571
1812
11492
15300
9114
1183
2737
13374
17060
10873
1208
-97
7251
14668
13048
2014
-5396
-2459
2357
-883
-5126
-2616
-1460
-9458
-16284
-11809
-4304
-5945
-13077
-16686
-14778
-9233
-4035
-4719
-9826
-9285
-2189
1179
-2469
-1564
5451
6914
2394
2369
10100
12999
8325
4121
3274
5826
9484
11813
6664
391
1512
2737
-2265
-5722
923
3937
-4411
-8826
-3077
-1948
-10957
-12847
-3665
475
-3831
-4783
-1847
-5073
-9924
-5821
3419
6613
3216
201
-728
-148
832
3569
6321
7793
6876
3001
1894
2580
3291
1933
1992
4417
3604
527
-1646
-1364
-3524
-5025
-1666
710
-3925
-9880
-8010
-4180
-5629
-6861
-2222
233
-3196
-5368
-2968
-667
1383
8930
11581
2611
-6123
1216
18452
22598
13536
2840
3432
12575
19759
15657
916
-4351
6519
20349
13968
-5447
-12670
-4969
-762
-6988
-7801
-1661
-4320
-18865
-24362
-15451
-6716
-6162
-9853
-14321
-19430
-14585
-2026
34
-9515
-9458
6051
10797
-817
-3891
7671
12939
3649
3816
16989
20347
9052
-476
2459
6538
9238
12051
9324
2383
-2477
-2647
-6061
-8429
-1162
4135
-2213
-10887
-10325
-7712
-11244
-11806
-5110
-1407
-3967
-4716
-3441
-5615
-9169
-5638
2511
6912
7320
4341
627
-1725
1034
6301
7973
9034
9186
6898
1895
84
4138
5448
4188
3132
2897
479
-2544
-403
167
-2801
-5067
-3796
-4561
-9066
-7858
-3024
-2738
-7916
-9196
-4437
-1886
-2228
-3307
-1800
1944
7769
9435
2206
-4068
-421
15816
25810
21757
7759
-1263
7064
19743
22232
7019
-3436
4371
18421
15736
-4286
-14307
-7129
1697
-2150
-7521
-5722
-8085
-19509
-25558
-17205
-6761
-3926
-7281
-15361
-25625
-23572
-4622
5903
-4012
-11807
224
9222
-3168
-10376
4092
17330
9888
2714
12270
17948
8110
-932
1804
7464
10805
16050
14044
852
-7644
-4498
-346
-3755
-109
7917
2493
-11163
-16040
-8816
-6739
-7953
-3926
-119
-3047
-7362
-6246
-6474
-7377
-4168
3356
7357
6267
3768
-1277
-3627
241
8691
10795
8464
8463
6396
1744
-1690
4480
9809
7667
5155
3581
573
-4523
-2119
3884
2720
-1966
-2020
-1082
-7926
-12657
-6245
461
-3211
-10214
-8756
-6083
-9801
-12267
-5969
3678
5571
37
-4748
-1907
4390
6797
4348
5051
16263
23629
18079
3440
-2878
8633
24107
29579
14191
-5838
-9423
6503
18014
6038
-9485
-6688
5397
-976
-19441
-21882
-8103
-4739
-15829
-18585
-7875
-3622
-15872
-27791
-26376
-12962
2717
7803
-1599
-14771
-13160
-897
2776
1042
6914
18791
16824
987
-2924
8279
19024
14107
4698
7206
15288
16449
2500
-6967
-1426
8365
6924
-2748
-2426
-1121
-7286
-13733
-8269
577
-2526
-9056
-8989
-6691
-8528
-5877
712
694
-5307
-6213
1314
2191
-972
1644
7235
6572
-726
1543
8050
8734
2960
1528
8460
10103
6371
0
-894
1493
2652
3577
2552
2100
-796
-4928
-7670
-5994
-1906
-518
-3116
-7169
-8144
-6508
-6107
-8781
-9419
-5305
-663
-2684
-5286
-2219
2197
1078
-2268
2156
9188
12123
7768
4214
1901
6636
17935
23129
15465
425
4970
20232
24325
6052
-11412
-4752
13394
21554
7400
-8710
-14187
-9241
-6520
-8832
-8524
-6481
-7521
-15821
-22766
-21416
-10918
-4292
-12416
-25150
-22092
-1454
7115
-7526
-19153
-9293
6006
4267
-640
6475
12815
6960
-651
6220
16927
19273
13925
6496
2801
6487
16918
17372
5722
-1412
3284
5824
-2694
-5348
1918
3709
-5185
-10505
-6920
-6037
-9835
-10826
-7406
-5192
-2968
-1891
-6268
-11657
-10681
-2587
3584
5768
5668
1976
-2637
-3097
2513
8411
11752
12109
7540
1985
538
3929
5206
3977
6775
9219
4576
-4164
-5979
-1976
-1659
-2919
142
2872
-3382
-12234
-12465
-6300
-2604
-3635
-4084
-4524
-7420
-9922
-10402
-6383
-828
3769
3447
-634
-2142
-158
3724
6381
10873
11554
8256
4945
9951
18382
17695
11007
6338
12491
18510
19323
8306
-7044
-10575
4089
22378
14560
-10060
-21927
-11248
-4235
-11989
-15367
-5721
-3059
-17359
-27876
-21843
-9858
-6963
-11842
-18058
-17399
-5886
4541
-2354
-16562
-11558
9265
15863
4934
59
8833
12556
5047
5717
16737
24523
17727
3988
-1585
3880
16125
17143
5736
-2213
911
3299
-6839
-11176
-3156
2513
-5033
-12141
-7963
-6994
-12739
-14657
-7451
-3245
-3423
-1951
-3055
-10929
-14326
-1924
9084
6212
-103
2580
5305
-1087
-926
9736
15821
8934
916
3880
6999
6988
6491
6353
4448
1301
2499
2058
290
469
2053
-717
-5723
-4701
-1714
-3606
-7004
-3714
950
-2284
-8130
-7798
-6103
-9139
-9805
-2239
4091
-1086
-9463
-8160
-2167
1425
1356
5254
10853
11381
5934
-1869
-2159
8110
24884
29785
18713
1171
-1863
9778
18998
13629
-735
-1815
9012
17526
4078
-16500
-21370
-8697
1968
-2023
-7087
-9188
-14559
-25040
-26628
-15977
-2509
2216
-3843
-18228
-28610
-18706
691
6806
-3027
-4920
5948
7010
-4673
-8232
4862
16987
14765
10313
10716
12480
9541
2259
-831
4529
17819
21871
9264
-5553
-8245
-3102
-3194
-3023
3147
4605
-4050
-12294
-12471
-10638
-10888
-6124
226
-1189
-5612
-5166
-4092
-8884
-10849
-1532
7968
8197
4699
2909
-402
-4798
124
11333
15963
11496
5843
4539
2923
2063
5741
9343
9261
4934
1165
-732
-1691
-378
-368
-2441
-3763
-2427
-2849
-7151
-9368
-6215
-3128
-4588
-6837
-5647
-4744
-6178
-7380
-5632
-1781
-1401
-3290
-5971
-4351
1058
5445
5536
2739
3323
6301
9955
8478
5713
4270
9678
21189
23994
13336
-3376
-2792
12486
21952
13723
-1148
-5814
-2182
4358
3546
-3367
-9197
-6020
-1781
-9016
-18530
-14803
-4062
-6602
-17864
-18969
-6683
-1134
-10730
-22318
-22387
-9049
3743
3877
-4635
-8555
-4267
-3266
-5758
912
14405
18660
8511
461
2818
8850
11763
11803
10309
9375
11422
10795
2174
-4312
2358
9295
3910
-6423
-2910
2596
-4313
-12783
-10898
-2145
-3130
-5339
-4532
-5719
-10010
-9513
-1595
873
-2082
-2952
1061
1631
-625
1268
5865
6733
4364
4935
5979
5349
4678
7376
9129
6136
4305
4443
3481
-749
-2555
1506
3898
1288
-4030
-6664
-6432
-6044
-5550
-5001
-2400
142
-1425
-6769
-9720
-4548
1478
91
-4484
-2732
3652
2520
-5479
-8771
-3350
2222
3768
6136
9067
5324
-3214
-5288
2398
12024
14166
10701
4193
2263
7546
13218
10132
654
3252
15346
20579
6100
-12403
-14320
467
15068
10722
-4851
-13016
-7038
-5352
-14487
-18466
-6546
3774
-4582
-18728
-21945
-13877
-8785
-10477
-15745
-15263
-4318
3595
-3594
-16685
-11976
6094
9929
48
-784
12703
17120
4417
-2824
5773
19648
21452
11442
1775
1281
9440
12406
6326
3522
8096
7129
-5976
-13118
-2012
7942
3281
-8126
-10242
-6659
-7343
-7534
-7580
-6067
-3400
196
-1714
-10369
-11628
-2526
3968
1493
1540
8057
8476
-2638
-7939
1281
12847
14575
8834
5674
3097
804
-437
804
5593
9153
7867
-1604
-9303
-6359
-407
-183
-4260
-2970
-67
-3202
-6682
-5436
-2274
-3027
-3916
-118
1005
-2254
-4146
-2170
-58
-1486
-966
1586
427
-3109
-3705
735
4116
4426
4892
3413
1172
746
6312
11397
8834
2252
18
7882
14726
12473
716
-2766
7384
16782
9768
-7413
-11595
-3177
8318
7905
246
-8320
-11823
-9584
-9981
-12070
-11058
-3088
-1576
-11505
-22255
-18374
-5236
-2005
-11780
-18499
-7931
5730
3491
-8973
-10407
2046
7790
2630
2031
10369
14910
6880
485
3673
12631
18639
15164
5297
-1958
4494
13596
10087
-384
-395
6348
1695
-9543
-8415
2946
3597
-5408
-10090
-7891
-9142
-11519
-5471
118
-1005
-5775
-5521
-4387
-6250
-3436
2932
7371
6342
4484
2745
-983
-648
5711
11218
10845
7079
4811
1697
-1059
141
3599
5727
4321
1108
-4572
-8009
-5741
-1186
-2281
-5228
-2330
318
-4933
-12037
-7100
2104
2775
-2945
-2527
1855
-321
-4622
-2470
4700
6379
2988
650
-192
-2668
-2983
1261
5893
5964
3348
3515
2187
-1059
-1663
5504
12533
8217
-2358
-6063
4037
13738
11577
-396
-5732
2904
12224
8985
-6649
-13824
-5857
8254
10329
-1195
-10622
-9729
-4163
-7723
-12374
-7487
3201
2375
-11547
-19113
-11011
844
726
-9005
-12834
-3660
5096
1629
-7857
-6026
4508
5430
-2952
-3037
8748
13809
4128
-4157
-106
9237
12795
7910
1011
-1066
5795
10281
3174
-4671
255
8165
899
-10016
-4543
7497
4316
-7757
-8242
-586
-1389
-5139
-2283
1306
-1722
-4672
-1064
-304
-2845
-1171
3166
1833
-1819
725
3811
503
-2250
2500
6662
4000
423
1409
1229
-1847
-1221
3086
4864
1293
-1932
-3706
-5026
-2839
1156
3249
618
-2220
-3360
-5921
-5331
1137
8671
7685
-419
-4712
-3201
-513
1282
4270
6969
5585
756
-3875
-5683
-4397
-588
3335
4211
1805
-459
-1619
-3466
-5560
-3487
5622
13529
10808
-2019
-12827
-9283
5202
16555
13797
2270
-1922
2050
5190
502
-4581
-799
7310
13172
7349
-4763
-11074
-6099
-14
-2876
-4797
1298
4410
-6438
-18788
-16454
-4674
614
-2233
-8486
-11928
-10020
-6038
-5340
-8363
-4820
2351
941
-6066
-5039
4159
5868
-744
-714
6547
12191
10332
5233
1550
1643
8990
12483
7244
3576
8299
9953
-1817
-7881
2817
11750
4740
-5135
-3195
-2407
-8613
-8463
-337
1395
-6184
-7413
-2341
-3610
-9369
-7539
-1189
67
-406
2196
2606
-3062
-4255
1401
5074
3673
3848
7084
4260
-1133
-264
5699
7614
2813
22
270
1527
2540
2068
123
-2314
-852
203
-1771
-2115
2076
4535
-1241
-6770
-4151
2030
2704
-406
-496
1450
817
-2443
-4123
-2900
-563
1108
1305
-112
-2570
-3205
-907
1647
1113
-175
2287
7119
6870
-606
-7412
-5847
5930
16529
16441
3846
-6815
-3510
7008
11350
2942
-4051
-1909
7416
9264
-645
-9832
-7214
533
-2706
-9214
-5864
3123
-2226
-16818
-20075
-8757
363
-1641
-8349
-15199
-15219
-8551
-1589
-3171
-6338
-1017
3362
-1945
-7456
-373
10046
9450
3584
4278
10587
13115
8797
3182
3163
10973
16632
10539
1630
3145
7635
1097
-7757
-1452
9494
5645
-6617
-9147
-5971
-9993
-11368
-2865
3237
-3591
-9824
-6219
-3832
-7468
-6219
2957
5819
1746
264
2630
1134
-826
4386
10147
8913
4930
5545
5213
1534
791
4644
6891
3675
406
-935
-1712
-1270
-731
-1773
-3887
-2534
-664
-4138
-7053
-3626
1734
-723
-5960
-4066
744
766
-2214
14
3081
1537
-1202
-782
1076
-245
-751
1221
2148
-83
-2140
-1551
-245
142
-809
617
3380
5793
2170
-5777
-8433
-1061
12231
15819
8447
-2825
-4951
1971
8411
8181
2186
-167
2448
7176
4066
-3436
-6247
-1083
510
-5850
-7523
-1343
1106
-9761
-17485
-12688
-4255
-2680
-6380
-10286
-13938
-12393
-5097
-1762
-4982
-3400
4456
4280
-6080
-6910
5983
13692
7643
3122
9630
15110
10120
2488
2370
9222
15213
12233
3348
-606
3916
4116
-5261
-8912
1176
8686
-282
-11662
-10970
-6608
-7952
-8047
-2874
-252
-3320
-4169
-3251
-6036
-6034
1936
9209
5461
506
3807
6144
1399
-1251
6345
12067
7351
1242
1318
2776
956
868
2963
2485
-1486
-3106
-2849
-3751
-4497
-3062
-1169
-3022
-4902
-5531
-4681
-2751
-628
-53
-2409
-2322
1472
3403
327
-1705
2236
6720
5863
2315
561
-44
-933
35
2678
3067
1066
-944
-2559
-3742
-2308
1789
3559
1461
1
809
-385
-4115
-5002
1923
11570
13690
4151
-7967
-6774
4915
12337
5766
-2869
-1851
3666
4601
-1730
-5540
-3598
650
-577
-5518
-6036
-2446
-3460
-10913
-13521
-6423
1640
926
-6611
-14740
-15002
-5998
3376
3338
-1220
825
3227
-4286
-11103
-242
16502
15969
3538
886
6864
6322
912
4024
11329
11155
5829
1325
-816
-1477
1285
1978
-2693
-3975
2036
3826
-5477
-11466
-5347
244
-3568
-5462
293
3383
-2603
-6847
-3015
1536
2554
2742
4083
2794
1377
1194
1048
1417
4316
7214
2936
-3249
-2198
3375
2717
-2291
-2021
1560
154
-4945
-5367
-2714
-1662
-2046
-1703
-2567
-4908
-3462
-862
-1062
-2454
370
4213
1990
-825
1708
5492
2962
115
4655
9127
5755
-689
-111
2473
-255
-2399
1762
6304
941
-7108
-8025
-2877
381
144
1188
1373
-13
-3581
-5930
-6093
-1183
8964
13841
7228
-5317
-7052
1733
9322
7945
2362
1057
2677
4919
1901
-3690
-4932
949
4146
-1442
-5271
-2304
-1456
-9946
-14205
-6389
1463
-363
-6355
-10761
-14718
-13104
-2870
4749
1053
-3815
-1274
-1326
-7922
-5167
9526
15995
6697
-660
3358
6391
2928
2629
7696
9263
6775
4363
859
-2645
-438
4047
1255
-3948
-545
5145
-485
-9252
-6529
1422
721
-3693
-1074
2577
-262
-4305
-2267
720
830
2160
4555
2887
-1422
-1713
1475
3314
2852
3026
2302
-446
-2478
-1775
166
908
798
-1082
-3819
-4816
-2982
-1323
-1887
-1992
-557
-411
-2747
-3310
-1227
-24
-412
1630
5966
6675
1953
-1535
565
3118
3476
4491
7997
7778
804
-5463
-5052
-852
988
2319
3506
360
-7125
-10757
-5365
446
971
212
3268
3898
-3446
-10728
-8889
2023
11226
13324
7389
-1836
-5955
-1238
6996
7480
3048
1954
6705
7616
-657
-8149
-5729
2569
3309
-2509
-4387
-333
-2129
-12576
-16957
-8548
2153
2446
-4968
-11564
-13145
-9764
-4292
-849
-136
2315
4104
-804
-7591
-3995
8140
12917
6692
2537
7019
9799
4062
-1260
2118
9530
11528
5929
-146
-643
2155
1104
-4496
-5702
1292
6717
1758
-6708
-8860
-6178
-4218
-2625
919
2808
174
-3466
-4988
-4437
-1133
4502
6927
3540
-479
63
2066
1171
745
3517
5661
3064
-653
-1446
-583
-359
-754
-378
-822
-2364
-3686
-3943
-3181
-2240
-1511
-2225
-3070
-2434
-1472
-1315
-946
2084
5061
3606
-186
-273
3424
4848
2898
2486
5901
6720
1390
-4023
-3151
1632
3435
1913
83
-764
-2752
-4734
-4509
-2141
1683
4597
4341
-1578
-8440
-9338
-1558
8157
10907
5981
-958
-3013
-605
3061
3640
1970
1014
3635
7286
4033
-4620
-8677
-2712
2313
-982
-4852
-1193
1924
-6131
-15917
-13962
-2465
4432
424
-7862
-11742
-8702
-3787
-2324
-2442
1467
6341
3157
-4599
-4664
3962
9633
6968
4055
6438
9675
7211
699
-2702
2149
10706
10675
1755
-3897
-6
2298
-3857
-7623
-999
6705
3022
-5064
-7833
-6078
-4452
-2751
525
1367
377
114
-197
-3626
-5331
785
7988
8156
2673
293
1287
370
-1411
292
5141
6612
3286
-2389
-5496
-4025
-720
1024
-1056
-2801
-3243
-3985
-5643
-5165
-1335
103
-1469
-3192
-2084
-386
555
2427
3393
2536
1242
3292
5810
4556
1810
1925
5339
6455
3648
106
-852
-33
226
-180
4
1378
710
-2975
-6761
-6070
-704
4055
3348
-2252
-7209
-7120
-1536
4390
5615
2136
-596
570
2886
2368
-666
-2219
207
6314
9895
5372
-4464
-8806
-4041
524
-1144
-3142
968
3261
-4185
-14103
-13911
-4100
2778
595
-5616
-7733
-4743
-1504
-2321
-4824
-2240
4337
6759
1898
-2232
779
5269
4721
2785
6093
10935
8922
1330
-2846
868
6658
8110
5404
1703
-994
-3212
-3738
-1716
839
1517
275
-824
-3184
-7065
-8098
-2723
3330
2331
-1872
-1613
1630
-513
-5291
-3482
4592
9061
5440
363
-2001
-2044
-1614
241
2976
3907
2637
-783
-3669
-4820
-3780
-1945
-1200
-815
-1503
-3366
-5282
-4700
-2405
-1756
-2348
-1704
381
1291
1261
1660
1569
723
1602
5378
7909
6124
2768
1914
3281
4143
4030
3764
3249
1817
88
-756
-733
-166
234
-399
-1994
-3635
-3124
-669
1024
-720
-4592
-5787
-2928
1264
2365
533
-1474
-1707
-82
1053
213
-2270
-1837
3322
7620
4593
-3484
-6893
-3241
1528
2120
499
-143
-753
-2363
-4351
-4906
-4309
-2530
-343
252
-1447
-4065
-4843
-3838
-2148
-91
1788
2065
578
-605
-303
457
788
2447
6149
8093
4594
-1293
-2718
1918
6478
6016
3394
2270
1551
-1072
-3119
-974
3057
4121
1707
-728
-1991
-3243
-3712
-1766
1231
2466
1441
-100
-1450
-2926
-3412
-1727
1524
3990
3850
1065
-2600
-4530
-3710
-935
1571
2309
951
-2006
-4370
-4725
-3610
-2569
-2204
-1876
-1532
-1611
-2206
-2873
-3053
-2208
-337
1306
1734
1931
3164
4066
2637
431
1403
5816
9075
7842
4304
2725
3393
3933
3565
3656
4561
4313
2174
-676
-1936
-1237
-602
-1518
-3374
-3877
-3072
-2911
-4385
-5833
-6040
-5665
-5341
-4632
-3073
-2230
-3017
-4292
-3724
-1290
451
-195
-1198
524
3612
3952
897
-1009
735
3237
3943
4220
4791
3268
-183
-1232
1475
3502
1907
-103
458
1589
624
-1461
-2899
-3227
-1837
1105
2995
1146
-2060
-3089
-2391
-1871
-441
3214
5291
2118
-3317
-4498
-629
2749
2353
218
-472
225
-153
-2011
-2751
-800
1605
1406
-642
-1093
150
292
-983
-861
1623
3472
2729
731
-57
474
1114
1564
1830
2336
2246
707
-1503
-2489
-1215
454
263
-1666
-3293
-3358
-2705
-2678
-3456
-3975
-3325
-2063
-1478
-1899
-2793
-3186
-2322
-354
1492
1723
1263
1878
2952
2306
941
2440
6539
8512
5647
2245
2611
4710
4467
2564
2781
4789
4479
953
-1740
-1420
-148
-483
-1743
-1983
-1851
-2588
-4205
-5283
-5007
-3898
-3085
-3527
-4328
-4184
-3245
-2972
-3556
-3485
-2067
-780
-790
-1056
-412
505
425
-334
-319
1090
2474
2601
1859
1402
1584
1622
1514
1898
2514
2349
1192
454
1171
2405
2463
1042
-168
-1
1209
2213
2198
1430
339
-44
519
1361
1936
2097
1841
701
-702
-836
360
1000
72
-915
-696
-719
-2011
-3040
-2511
-1262
-951
-1364
-1709
-1987
-2327
-2521
-1739
-130
1084
673
-751
-1104
54
1178
971
550
1099
1537
812
-216
-224
358
243
-549
-1121
-715
150
22
-1645
-3279
-2679
-814
-299
-1390
-1844
-1129
-1170
-2125
-1804
193
1345
611
26
918
1819
1533
1353
2682
4225
3903
2358
2097
3470
4104
2631
1205
1974
3106
2016
-221
-452
1005
776
-1622
-3062
-2074
-1034
-1739
-2889
-2791
-2270
-2896
-4149
-4288
-2788
-1217
-1047
-2027
-2588
-2088
-1376
-1291
-1134
159
1879
2185
543
-1069
-600
1438
2544
2168
1897
2295
2062
552
-310
844
2433
2456
1276
590
762
884
678
623
897
1119
1126
1132
1219
862
224
267
1110
1759
1523
1204
1082
333
-880
-886
482
1007
-176
-1297
-1211
-1314
-2503
-2982
-1492
-90
-798
-2742
-3457
-2307
-1084
-932
-1190
-656
22
-432
-1369
-1131
492
1583
1126
310
313
709
445
-212
-161
771
1322
518
-719
-902
-370
-674
-1655
-1566
-96
593
-856
-2746
-3013
-1960
-1017
-559
-11
345
-346
-1610
-1826
-331
1484
2335
2566
2592
1767
376
640
3195
5073
3930
1929
1988
2990
2194
386
505
2327
2895
1141
-847
-1376
-1226
-1490
-1834
-1348
-410
-525
-2094
-3843
-4157
-2770
-1046
-310
-763
-1543
-1721
-1380
-1273
-1191
-128
1775
2443
732
-1187
-727
1326
2042
1186
903
1702
1546
-177
-1122
170
1818
1352
-296
-684
474
1157
287
-653
-281
767
1016
399
381
1238
1549
561
-429
197
1758
2252
1229
132
-137
-129
-518
-737
-184
569
236
-1316
-2569
-2440
-1341
-682
-979
-1517
-1471
-1102
-1158
-1547
-1462
-602
186
83
-381
-204
185
24
-382
-93
773
1068
487
-143
-133
73
-204
-630
-358
411
351
-734
-1487
-1080
-316
-530
-1135
-990
-417
-335
-629
-491
-255
-368
-321
445
1204
1003
744
1371
2112
1799
1000
1515
2817
3018
1919
1246
1833
2067
969
-71
558
1875
1708
32
-1264
-1371
-1316
-1643
-1431
-400
-124
-1477
-3042
-3192
-2208
-1428
-1047
-664
-507
-926
-1559
-1528
-808
14
698
1283
1493
881
-54
-191
805
1966
2076
1389
1087
1232
711
-620
-898
781
2254
1265
-860
-1272
-37
442
-384
-615
400
921
-171
-1367
-912
642
1280
420
-599
-445
555
959
488
-17
15
240
91
-107
28
392
448
-38
-582
-663
-78
376
8
-669
-573
98
-54
-1052
-1382
-470
362
36
-802
-1002
-662
-478
-527
-471
-295
-299
-545
-840
-937
-693
-375
-287
-295
-365
-531
-647
-470
-152
-179
-424
-331
143
328
79
23
353
515
323
488
1145
1485
1180
810
910
1155
1101
1152
1584
1834
1437
810
739
990
802
211
19
466
620
-17
-871
-1260
-1345
-1490
-1424
-979
-786
-1452
-2361
-2453
-1671
-977
-1032
-1238
-969
-521
-450
-585
-257
429
851
834
924
1177
1164
847
698
1144
1582
1662
1355
888
498
78
-76
193
776
849
-49
-1018
-1079
-517
-349
-504
-215
186
-236
-1099
-1040
109
758
420
-16
14
367
701
1139
1187
723
498
837
1190
989
764
1113
1481
1097
279
-32
337
696
615
375
335
135
-578
-1169
-900
-308
-356
-906
-1157
-1219
-1734
-2302
-1990
-1069
-972
-1801
-2169
-1700
-1512
-1954
-1988
-1125
-378
-637
-1240
-1191
-552
-151
-297
-456
-9
774
1132
849
384
337
576
861
1301
1848
2138
1795
1044
510
663
1492
2319
2447
1666
705
453
724
846
587
578
910
734
-211
-1136
-1087
-571
-631
-1068
-1019
-604
-921
-1954
-2419
-1689
-774
-765
-1151
-982
-518
-688
-1298
-1177
-42
1008
1022
489
249
284
337
663
1466
2047
1654
840
572
868
929
592
544
878
1039
632
-15
-426
-538
-502
-402
-158
83
-22
-652
-1285
-1168
-322
402
373
-146
-409
-141
310
561
456
341
491
828
895
700
656
774
717
410
427
740
771
390
121
240
289
-69
-407
-321
-35
-21
-349
-754
-1030
-1013
-860
-890
-1045
-969
-857
-1140
-1657
-1830
-1486
-1083
-958
-1004
-1058
-1145
-1195
-1170
-1057
-797
-376
-70
-107
-183
-74
85
6
9
523
1155
1445
1275
1004
841
779
946
1306
1707
1935
1814
1280
615
287
637
1282
1465
1076
386
-188
-490
-435
-210
-151
-308
-615
-783
-997
-1309
-1459
-1323
-935
-717
-808
-969
-896
-686
-687
-798
-538
316
913
635
52
-15
438
735
851
1115
1385
1317
912
499
378
559
996
1300
934
297
147
362
85
-528
-317
563
708
-242
-1128
-962
-293
-14
-163
-293
-382
-510
-517
-407
-146
123
100
-166
-167
114
268
116
-10
215
423
441
406
284
23
-117
148
496
457
104
-113
-161
-188
-51
106
-27
-398
-573
-618
-635
-527
-270
-312
-990
-1443
-1106
-500
-403
-621
-652
-656
-845
-946
-676
-220
41
-128
-553
-580
-36
440
318
-149
-2
547
786
635
581
812
846
710
771
1043
1105
985
904
861
620
326
384
643
690
265
-242
-441
-358
-326
-454
-397
-364
-731
-1307
-1472
-949
-493
-576
-896
-1078
-1109
-970
-436
118
17
-557
-610
158
836
710
315
424
838
814
589
846
1578
1828
988
77
306
1345
1671
909
202
412
815
423
-287
-154
580
560
-398
-1015
-543
133
109
-529
-949
-839
-497
-172
-62
-170
-442
-671
-676
-353
162
464
189
-411
-612
-211
282
423
380
329
158
-180
-339
-65
368
539
292
-121
-299
-215
-139
-55
138
137
-237
-546
-340
24
-184
-767
-840
-246
102
-278
-743
-641
-360
-515
-771
-581
-7
142
-445
-896
-552
166
287
-234
-437
57
544
376
-84
-38
501
780
492
206
378
691
713
448
312
495
669
600
326
105
20
34
139
151
34
-107
-284
-542
-707
-537
-99
50
-297
-727
-867
-683
-439
-82
218
123
-366
-726
-366
399
731
339
37
291
516
289
152
701
1330
1028
122
5
859
1246
590
-40
272
937
748
-4
-119
432
558
-161
-744
-317
481
543
-173
-799
-737
-270
65
140
-7
-252
-467
-643
-603
-278
180
375
-76
-787
-770
-61
345
8
-340
-53
242
-127
-679
-451
306
543
-44
-561
-339
53
-20
-184
-16
90
-137
-301
-10
259
-44
-521
-454
-49
142
10
-145
-236
-475
-614
-363
141
361
1
-493
-662
-511
-187
42
70
-68
-172
-208
-188
-120
-46
269
569
545
276
133
385
659
524
312
508
893
798
182
-271
-59
444
602
347
-64
-324
-438
-475
-446
-176
115
-5
-526
-1074
-983
-362
106
96
-193
-444
-538
-411
-17
386
580
501
230
59
129
411
720
897
753
368
145
376
713
686
439
420
653
557
43
-107
457
866
451
-241
-256
334
518
36
-302
-159
64
-31
-296
-305
-273
-335
-470
-537
-436
-366
-396
-583
-768
-771
-559
-420
-546
-744
-753
-489
-380
-549
-590
-344
-27
-32
-255
-237
41
210
143
114
304
431
337
229
291
422
408
339
300
364
529
520
184
-126
-75
242
419
204
-44
-120
-166
-292
-360
-128
247
284
-160
-648
-688
-286
89
69
-21
35
-66
-435
-576
-107
390
381
32
-110
-6
-86
-291
-183
272
492
217
-173
-261
-178
-180
-88
147
370
217
-281
-501
-258
136
258
262
336
253
-80
-282
-11
476
732
620
356
180
110
99
278
517
624
458
120
-66
9
133
143
185
326
306
1
-275
-180
211
340
114
-140
-47
212
172
-126
-286
9
330
276
-63
-202
-112
-95
-161
-202
-127
-108
-237
-458
-564
-426
-274
-365
-584
-664
-505
-353
-464
-673
-612
-349
-219
-296
-360
-266
-183
-177
-219
-84
158
308
234
1
-104
9
329
445
343
295
331
299
78
-43
179
493
577
288
-63
-85
25
51
69
303
452
131
-388
-448
-43
221
178
52
94
72
-140
-241
-88
200
259
104
-117
-219
-143
-117
-143
-117
119
240
-49
-446
-439
-82
90
24
-43
-11
-22
-153
-183
37
284
354
200
57
31
67
163
263
398
453
399
140
-60
6
242
457
381
139
-57
-3
104
37
-6
152
307
168
-126
-200
-2
158
145
109
142
111
-51
-86
64
180
220
193
122
-61
-208
-131
44
63
6
-44
-120
-227
-424
-496
-412
-262
-268
-430
-606
-693
-655
-597
-530
-457
-347
-338
-404
-452
-446
-322
-170
-79
-89
-135
-10
188
202
40
62
348
577
482
285
276
268
224
171
346
577
524
234
-4
5
114
130
48
111
176
32
-322
-423
-111
190
171
-46
-112
-93
-90
-200
-258
-43
282
379
128
-217
-204
93
154
31
78
345
363
-29
-356
-186
184
264
162
23
8
-47
-249
-262
-50
215
301
60
-206
-179
-36
70
116
229
318
170
-65
-95
130
282
266
158
168
303
281
46
-24
235
432
297
44
101
291
234
-47
-88
224
356
107
-142
-66
159
127
-139
-228
-85
42
-77
-253
-249
-164
-195
-356
-351
-209
-176
-353
-568
-530
-435
-468
-527
-509
-394
-460
-616
-585
-373
-230
-302
-395
-311
-110
-73
-195
-236
-60
201
265
85
-9
139
319
281
99
182
417
408
155
28
245
447
283
46
150
398
334
34
-52
115
231
182
85
80
130
146
9
3
192
255
207
70
73
127
164
138
83
171
202
139
-3
-113
-88
40
57
-55
-174
-224
-206
-189
-205
-228
-255
-265
-186
-113
-75
-50
-67
-141
-91
133
322
298
158
160
294
308
240
378
584
495
181
89
272
392
323
275
315
306
147
-57
-48
133
200
76
-94
-191
-219
-241
-211
-90
48
-6
-188
-327
-332
-245
-168
-108
-94
-142
-267
-398
-439
-340
-158
-72
-274
-463
-512
-458
-404
-464
-392
-284
-310
-463
-524
-432
-367
-396
-371
-212
-65
-116
-296
-305
-47
220
272
217
193
244
196
165
286
490
542
347
170
174
293
245
176
208
247
193
77
38
89
99
28
54
117
145
97
38
79
224
316
274
192
143
230
315
330
351
316
296
300
211
150
154
139
129
104
14
-80
-200
-242
-183
-110
-130
-276
-314
-272
-208
-255
-245
-75
-1
-13
-44
38
228
252
114
5
73
309
347
182
26
-3
151
231
137
14
-18
-2
-71
-148
-94
23
-28
-206
-257
-206
-151
-155
-158
-141
-114
-91
-129
-152
-57
48
79
96
50
17
19
2
-23
-50
-48
-8
-56
-203
-345
-368
-318
-299
-299
-341
-394
-501
-556
-513
-408
-324
-319
-297
-286
-299
-297
-219
-112
81
208
194
140
67
84
192
349
416
426
344
151
28
72
277
436
406
231
39
-13
100
203
212
187
155
139
69
-44
-68
82
306
373
214
102
145
183
253
289
300
317
308
237
170
167
189
201
150
108
66
-1
-94
-155
-167
-127
-117
-136
-204
-244
-210
-214
-190
-186
-96
-46
-27
-19
-16
61
73
110
171
264
300
212
98
63
138
243
274
191
60
-8
-28
-70
-34
9
-46
-200
-289
-278
-242
-240
-292
-277
-264
-277
-300
-317
-284
-193
-135
-156
-167
-181
-145
-113
-143
-105
-56
-27
-54
-130
-187
-216
-143
-79
-91
-158
-209
-222
-275
-281
-240
-198
-162
-149
-135
-202
-206
-120
-63
38
148
199
109
70
47
136
342
446
471
369
261
187
195
303
454
442
294
137
29
57
122
171
169
105
46
-9
-48
-35
-22
103
199
153
46
-7
30
105
197
246
247
203
124
85
154
152
160
186
181
129
36
25
1
-40
-50
-39
-70
-107
-113
-137
-186
-218
-192
-128
-48
-32
-87
-106
-88
-64
-28
9
76
85
54
29
67
120
95
84
71
90
50
-23
-64
-98
-41
-7
-28
-86
-95
-136
-189
-199
-224
-158
-127
-202
-244
-217
-206
-203
-222
-198
-126
-129
-162
-180
-144
-116
-123
-108
-37
-12
-101
-199
-207
-119
-110
-134
-162
-139
-111
-155
-146
-116
-62
-71
-93
-82
-51
-29
0
53
91
85
50
115
197
276
287
281
272
281
304
271
255
300
379
318
164
116
170
197
163
145
186
161
69
-59
-40
95
158
155
66
24
19
-1
1
97
205
208
79
-1
42
76
95
130
146
72
16
-57
-78
-22
0
32
7
-82
-113
-124
-176
-194
-99
-20
-53
-86
-78
-49
-104
-152
-102
-5
78
113
57
-60
-67
-16
88
58
41
65
-28
-77
-130
-104
-70
-97
-110
-82
-145
-221
-195
-195
-201
-161
-86
-52
-102
-190
-219
-214
-149
-55
-63
-121
-111
-112
-143
-161
-131
-36
-3
-19
-43
-79
-110
-79
-19
14
-12
-49
-59
-70
-52
-15
26
34
25
6
-25
-16
38
47
10
75
156
154
144
163
234
253
230
230
236
268
269
255
216
212
210
158
103
98
154
115
80
143
193
123
-45
-82
-15
97
109
14
-3
-14
3
19
61
117
141
59
-91
-102
-4
59
37
34
-26
-72
-73
-91
-92
-85
-45
-65
-116
-132
-131
-105
-63
-41
-45
-20
10
-41
-108
-138
-132
-22
56
12
-9
-40
-65
-72
10
122
98
37
-1
-3
-48
-41
1
16
21
-17
-88
-184
-155
-75
-73
-106
-151
-162
-158
-165
-115
-110
-116
-120
-98
-76
-120
-116
-113
-96
-103
-67
-23
-56
-97
-76
-21
-30
-40
-33
12
-6
-28
-34
-37
-12
48
98
105
88
41
89
150
236
229
158
141
187
229
160
87
108
226
253
182
137
116
97
79
82
167
202
131
23
-76
-35
67
145
110
81
66
-42
-117
-111
-3
69
24
-34
-47
-95
-119
-68
15
59
-2
-52
-111
-94
-56
-18
3
7
51
43
-4
-58
-32
-35
-8
63
67
4
-73
-96
-50
-45
-45
10
38
-13
-127
-127
-101
-40
-30
-36
-35
-69
-119
-150
-91
23
135
99
23
-51
-40
-19
3
25
38
7
-76
-68
-47
-41
-58
-18
-9
-56
-95
-92
-106
-95
-82
-52
-49
-114
-98
-141
-120
-65
-35
-25
-24
-4
4
4
-33
-29
26
45
69
76
-7
12
18
66
107
66
98
106
136
140
74
-9
-20
71
174
181
64
-43
-40
15
101
142
124
85
33
-33
-32
54
98
106
79
30
-32
-14
38
83
88
50
20
-21
-21
18
32
31
33
23
-25
-65
-1
-2
-13
7
2
44
33
-62
-103
-63
33
94
22
-25
-26
9
9
-16
-4
14
25
9
9
1
57
54
-24
-31
-25
-24
-57
-82
-75
-39
-45
-71
-64
-51
-41
-80
-51
-19
-10
-10
-43
-27
18
41
5
-33
-40
-3
-48
-87
-72
-60
-66
-129
-126
-129
-106
-75
-68
-44
-32
-29
-72
-85
-66
-44
-35
-45
-28
-19
-54
-50
-34
22
39
4
17
11
35
42
51
73
94
63
-9
11
47
75
66
50
55
25
26
67
88
68
44
76
104
68
67
89
89
89
78
67
74
51
-1
7
48
63
49
44
68
95
63
-9
-24
26
59
-7
-52
10
73
96
25
-15
24
67
78
25
21
32
-4
-25
20
40
81
34
-26
26
35
16
-9
9
-20
-4
-1
-46
-66
-60
-32
-63
-97
-130
-113
-108
-122
-139
-135
-115
-90
-66
-75
-72
-84
-106
-113
-90
-60
-25
-52
-78
-24
29
-9
-84
-86
-21
23
-10
-29
-39
-6
19
5
12
29
42
-11
-26
-21
-21
-38
-54
-16
-10
4
-16
-35
-3
13
12
16
14
-9
-41
-30
0
12
6
4
18
1
0
7
29
63
85
61
53
38
46
72
20
82
92
69
67
38
73
100
90
97
102
76
94
81
79
95
113
108
54
19
8
53
66
6
-24
-10
32
16
-23
5
53
79
5
-14
19
20
36
9
-6
21
39
-5
-23
-1
51
77
32
15
3
-18
-41
-40
-39
-35
-35
-66
-97
-139
-123
-88
-91
-74
-57
-52
-66
-88
-93
-69
-50
-52
-61
-64
-51
-72
-94
-88
-89
-57
-49
-65
-53
-50
-58
-70
-60
-63
-29
2
-63
-94
-53
-1
-16
-25
-35
-35
-18
-25
-31
-27
13
-3
5
-29
-38
-24
-59
-31
-23
-1
5
48
64
50
68
67
80
87
92
77
79
91
68
44
117
123
86
95
71
78
82
88
81
82
79
63
60
62
99
83
77
94
60
83
72
36
73
86
66
76
69
64
75
61
52
46
51
-4
-15
-37
-48
-33
-54
-54
-91
-79
-91
-44
-15
-22
-26
-54
-19
-55
-60
-32
-23
7
-9
-38
-31
-28
-13
-6
-22
-24
-59
-91
-100
-108
-87
-76
-74
-63
-85
-105
-121
-148
-136
-86
-79
-69
-64
-73
-85
-148
-134
-60
-23
1
-6
-41
-58
-50
-15
-3
-2
-19
-23
12
-10
-34
31
105
88
16
12
47
51
56
65
100
85
57
66
64
45
44
61
77
111
87
76
63
67
47
31
42
39
22
-6
-5
5
40
29
35
32
39
20
10
48
70
79
4
-6
19
37
26
15
22
59
92
79
50
11
53
57
34
13
2
6
-33
-61
-37
-18
10
-15
-35
8
-31
-50
-61
-14
19
-19
-50
-63
-1
3
16
44
18
-12
-44
-42
-48
-79
-54
-6
1
-58
-73
-6
6
2
17
42
43
12
-30
-70
-74
-69
-72
-69
-87
-90
-88
-86
-75
-77
-108
-107
-65
-27
-72
-145
-139
-91
-21
-9
20
42
33
81
108
111
100
54
51
82
77
73
29
9
44
62
46
-28
-90
-22
8
-28
-35
-31
-69
-114
-85
-78
-10
-8
-10
3
11
28
26
37
29
85
99
95
60
119
165
125
119
69
134
185
158
118
51
40
23
23
12
-8
4
-35
-37
-5
23
-6
-54
-58
-46
-2
9
31
-12
-24
-14
-46
-76
-76
30
15
-1
29
40
18
-61
-66
-46
34
40
6
-5
-5
2
-25
20
32
3
-32
-81
-71
-31
-36
-101
-115
-41
-45
-92
-85
-29
19
-50
-129
-131
-53
-29
-86
-104
-100
-13
74
72
-12
-99
-18
110
127
62
33
56
30
-16
-39
-19
7
-13
-27
9
28
26
13
33
66
69
82
59
73
61
44
19
31
3
-41
-19
-19
36
7
-23
-27
-9
-25
-90
-103
-24
60
16
-92
-99
9
51
57
4
1
41
73
97
53
52
70
11
-25
6
25
53
-1
-32
1
63
18
-40
-58
-47
25
-22
5
14
76
131
92
57
38
58
33
84
135
121
-29
-198
-193
-121
-49
-28
-160
-189
-102
-75
-129
-301
-423
-425
-308
-216
-133
-123
-163
-192
-86
231
601
770
572
385
428
972
1244
888
18
-555
100
1171
1400
-2
-1334
-1370
206
1321
-84
-2277
-2880
-797
1314
1141
-1273
-2795
-1420
691
1512
-185
-1712
-776
1129
1896
638
-767
-762
531
1286
668
227
338
1159
1348
284
-382
-299
202
397
32
-335
-4
161
-377
-1088
-1504
-1008
-118
128
-192
-305
-378
-7
-85
-796
-700
-98
676
1055
892
493
302
68
-342
-179
260
980
1288
671
203
-241
-560
-632
-566
-11
660
852
121
-554
-840
-760
-470
-490
-59
572
786
301
-468
-861
-594
-59
141
422
645
780
631
-43
-611
-606
-224
257
726
805
611
277
-354
-843
-820
-486
84
514
587
461
-93
-822
-1211
-979
-139
727
964
644
267
-219
-562
-522
-330
314
894
926
457
-374
-892
-970
-632
-98
389
565
414
170
-360
-683
-612
-282
391
767
716
381
-165
-527
-669
-446
40
475
701
443
-72
-556
-703
-387
32
419
585
538
299
-126
-427
-480
-159
259
520
492
113
-206
-404
-414
-319
-206
7
179
407
306
-104
-480
-561
-209
112
308
284
199
135
26
-201
-464
-275
195
591
603
262
-114
-313
-301
-241
-113
146
512
609
213
-391
-712
-570
-67
347
375
230
-25
-189
-333
-405
-259
63
387
405
192
-54
-170
-190
-120
101
335
438
318
81
-89
-186
-133
-35
82
160
193
159
-133
-344
-387
-189
126
247
182
-7
-110
-101
-52
-93
-73
22
85
152
25
-115
-156
-117
-13
65
70
52
66
29
22
-59
-102
-64
-23
70
84
25
-12
-36
-77
-64
-133
-158
-58
17
87
96
5
-141
-220
-154
-51
82
204
219
135
-63
-269
-352
-189
63
224
281
158
-57
-170
-205
-118
37
134
218
163
38
-133
-232
-184
-37
121
212
240
103
-22
-132
-165
-74
110
291
280
121
-105
-195
-125
32
146
144
117
41
-60
-95
-67
-29
83
155
110
13
-101
-78
-36
-94
-137
-55
131
240
123
-108
-215
-140
53
233
272
159
20
-10
-48
-63
0
100
176
69
-100
-233
-202
-77
10
32
-39
-102
-185
-170
-200
-234
-94
0
74
72
-83
-134
-95
-18
130
185
215
300
177
-72
-136
-118
55
258
170
-13
-56
-37
-26
-94
-246
-139
53
108
78
-174
-281
-139
-50
-25
-72
-72
132
311
159
-51
-186
-210
97
232
211
204
30
-73
-75
-84
-12
128
92
46
-16
-127
-140
-156
-105
-11
-13
0
12
-63
-28
10
23
59
76
58
84
98
51
104
114
109
83
54
44
57
27
-10
20
5
-1
-42
-112
-129
-98
-51
28
-6
-89
-100
-78
-38
29
50
1
69
117
63
23
-2
51
146
158
114
-16
-88
-38
20
34
40
15
-31
-19
-82
-129
-171
-149
1
72
29
-75
-208
-202
-105
-42
-14
29
56
20
-57
-195
-150
35
193
205
68
-71
-95
1
105
107
69
96
70
23
-60
-107
-76
4
15
23
62
6
-28
-46
-31
-16
37
94
76
-18
-92
-70
-15
8
-10
28
37
36
-3
-28
-23
-2
76
44
39
21
-15
8
-18
34
76
85
45
-33
-42
-10
0
-28
-26
-48
-53
-19
-7
-35
-2
56
29
-41
-47
13
64
85
23
-17
53
93
18
-33
-51
0
89
89
21
-69
-98
-82
-88
-88
-68
-91
-88
-111
-135
-109
-85
-9
45
97
144
124
90
42
57
106
153
159
71
74
115
109
68
39
55
89
89
7
-51
-46
-4
-33
-126
-208
-187
-124
-119
-170
-196
-130
-98
-110
-166
-133
-18
59
37
-57
-48
44
130
123
84
86
174
254
183
46
-37
-15
30
74
67
-19
-98
-114
-86
-102
-105
-84
-80
-41
-46
-50
-59
-72
-33
-8
10
-3
38
113
160
142
81
40
51
129
194
211
167
58
-22
-41
-74
-34
22
32
-9
-123
-176
-127
-46
-23
-22
-19
-46
-25
-22
-35
-25
-43
46
91
98
120
103
115
117
121
89
82
53
6
-30
-55
-60
-152
-170
-140
-147
-168
-193
-177
-152
-99
-95
-117
-110
-76
-6
39
87
113
99
110
120
133
188
193
182
137
79
47
12
6
23
21
-24
-76
-132
-145
-128
-97
-107
-123
-122
-123
-105
-86
-98
-76
21
59
108
112
122
127
104
108
129
173
149
110
45
36
22
50
41
13
-15
-73
-32
-63
-63
-101
-99
-74
-88
-75
-59
-38
-76
-31
-3
27
56
45
73
103
97
82
75
59
59
83
128
77
16
-3
-6
9
-11
-28
-56
-35
-19
-34
-68
-111
-116
-89
-44
-64
-82
-73
-55
-32
-40
-68
-70
-7
33
25
32
8
-3
26
7
15
-20
-27
-9
-12
-18
-56
-51
-50
-29
-45
-35
-15
-36
-34
-57
-48
-5
12
14
23
19
43
66
86
124
131
127
96
77
76
51
42
64
72
85
92
39
9
-23
-16
54
97
37
-25
-19
-33
-24
-15
-25
-24
17
20
6
-4
2
21
43
53
19
-2
-8
-14
-15
25
6
-20
-35
-64
-63
-41
-38
-85
-113
-121
-108
-103
-105
-69
-50
-35
-30
-4
14
14
48
54
41
6
-14
3
18
5
-26
4
13
13
15
-10
-15
-38
-32
-21
-31
-37
-13
-23
-53
-27
-6
26
10
-6
-3
-7
56
53
-18
-25
-10
23
76
57
6
-22
9
16
-7
-9
-10
-20
-6
41
14
18
46
79
80
22
-6
22
33
48
89
39
32
10
6
11
12
25
10
41
39
50
21
-16
-25
24
44
25
-4
-45
2
63
65
-3
-34
-44
1
3
-6
-54
-47
-1
-44
-13
-42
-79
-45
-12
-9
-10
-53
-57
-53
-44
-10
2
12
-6
-24
-40
-4
-5
25
6
-10
9
11
22
-25
-11
8
-1
-16
2
15
-15
2
40
36
22
39
38
-6
-44
-39
-23
-19
-12
-18
-19
-1
-34
-68
-64
-47
-15
-8
-27
-44
-31
-10
4
-5
-14
-20
-38
-44
-32
7
-3
23
54
13
0
37
46
33
76
61
57
66
36
31
22
28
35
41
20
-6
-9
19
31
23
43
31
27
17
-7
15
35
39
29
13
2
-12
-28
-39
-12
22
13
3
-1
-5
13
19
16
21
0
26
47
0
2
-6
9
35
7
-3
-12
-47
-44
1
0
-13
-26
-26
-4
-8
-11
-20
-26
-13
-30
-46
-61
-56
-50
-20
2
-32
-37
-62
-29
19
46
28
-15
-13
-23
-3
-9
-47
-55
-22
-2
-23
-47
-74
-57
-17
-5
0
-31
-44
3
-10
-7
-4
-28
7
20
-3
-18
-10
-42
-34
25
46
65
54
31
33
50
83
88
66
42
29
38
41
47
12
20
31
18
22
10
33
18
32
70
97
80
28
3
4
21
-2
-1
10
20
-15
-12
2
-34
-46
3
51
0
-23
-47
-56
-85
-69
-56
-44
-9
-39
-46
-61
-50
-72
-58
-12
-6
24
23
10
29
13
9
25
3
23
25
26
17
37
26
-1
31
26
21
7
46
25
7
-1
-33
-19
-28
-16
-29
-13
-21
-26
-31
-63
-17
-19
-41
-23
-40
-31
-25
-32
-1
21
53
45
41
59
25
-9
-13
-18
-17
11
0
-15
-2
7
7
34
31
-2
7
-12
7
3
-15
-5
-32
-29
-52
-50
-44
-39
3
18
3
-7
40
44
44
36
25
-11
-33
-22
-28
0
-12
-3
-6
5
32
47
52
24
35
45
36
12
8
10
22
20
-7
-1
5
8
1
-6
18
42
51
34
23
3
-3
7
-1
38
46
-2
-12
-25
-31
4
-15
-3
-11
-35
-9
-8
-5
-27
-41
-39
-53
-34
-19
-26
-16
-15
-9
-29
-16
-34
-44
0
5
21
-3
6
21
34
35
37
42
22
7
-6
-1
-53
-45
-41
-50
-40
-27
-7
-42
-17
7
22
32
12
8
4
11
35
38
6
1
7
10
6
23
39
44
30
20
35
1
14
11
6
10
-18
-28
-46
-20
-15
-36
-31
-32
-53
-37
-40
-29
-21
-25
14
-10
-9
-3
15
8
10
33
-2
32
32
38
61
37
37
35
19
-7
-2
3
3
0
-25
-4
10
4
-4
-19
5
17
9
-4
6
18
28
42
28
33
47
52
45
43
50
12
0
16
-4
-1
14
0
-19
-31
-28
-40
-38
-30
-85
-47
-21
-79
-69
-76
-70
-35
-12
-17
-36
-25
-28
-45
-12
9
6
6
-2
-3
-9
-13
-19
-28
-8
-21
9
21
-4
5
-4
57
59
51
44
37
63
31
5
7
13
16
32
39
40
35
44
6
2
15
3
0
-27
-16
-21
18
44
28
22
0
8
-6
11
7
13
2
-60
-59
-78
-66
-50
-14
-13
-11
-19
-44
3
-22
-11
2
-15
-21
-9
-15
9
18
-18
-5
4
27
25
34
25
53
22
-4
22
-22
42
63
35
26
4
6
6
7
0
-12
-7
4
-15
-3
10
-10
-12
-17
0
9
3
12
6
-3
-18
-42
-53
-37
-5
-13
-16
-15
-7
10
-4
26
11
4
14
30
43
40
36
-2
2
6
-3
-11
-2
-7
-14
-24
-35
-17
-19
-15
-33
-23
9
-12
-32
-17
13
-8
-21
4
-27
-14
8
33
32
-3
16
17
-2
-14
3
3
-7
-22
0
5
-12
-3
7
27
20
25
16
14
9
25
27
2
1
10
45
39
13
-3
-3
-19
-7
4
-10
0
-14
4
-1
-33
-41
-64
-74
-61
-33
-28
-12
-21
-50
-39
-49
-19
-16
-10
17
-14
9
10
16
32
3
28
63
26
1
25
16
24
15
18
48
58
86
92
81
32
54
66
28
75
47
23
10
-24
-26
-25
-1
-4
-15
-8
19
5
-10
16
5
5
-15
-50
-63
-70
-39
-4
22
-4
-47
-35
-29
-44
-60
-35
-32
-54
-38
-40
-38
-12
-20
-29
-42
-42
-31
-46
-22
-33
-33
9
11
-9
-14
-24
6
24
-11
3
-1
3
-2
2
2
-15
-5
-9
18
22
6
3
42
95
61
52
54
29
39
42
37
44
13
-4
32
35
59
51
19
40
31
19
9
16
10
-15
-25
-32
-31
-57
-70
-40
-35
-22
-24
-20
-16
-22
14
9
39
31
5
20
13
8
9
25
6
13
30
-8
-10
-6
1
29
37
57
19
2
2
-3
8
-21
-23
-13
5
-15
-19
-9
-9
-1
7
13
-2
-14
-27
-35
-17
-13
-22
-15
-54
-34
-38
-37
-4
-14
3
-9
-15
-31
-56
-33
-4
-13
28
42
16
11
-23
-29
-9
23
13
18
21
17
2
-23
10
-2
-9
3
-6
-6
-13
-4
21
5
6
4
-9
4
-1
18
14
1
-3
0
12
10
-5
-15
-10
4
0
2
-2
-28
12
-9
-16
7
1
-10
-21
15
4
11
33
39
34
29
44
35
27
37
21
6
26
11
4
-2
16
14
6
17
-9
21
33
21
15
20
4
-10
-2
-3
9
14
5
-2
4
-14
-22
-17
-6
-7
3
10
16
12
0
-8
-13
4
-21
-31
-37
-41
-31
-38
-8
0
-6
25
-10
-47
-22
1
-10
-37
-20
-35
-63
-75
-55
-1
-32
-45
-30
-47
-34
-31
-38
-30
-41
-44
-6
9
16
39
14
11
11
8
42
36
4
3
12
25
29
28
61
75
48
56
40
31
67
50
63
32
11
22
15
13
20
34
29
32
-2
16
-17
-45
-19
-19
-34
-60
-29
-21
-37
-60
-9
10
-19
-11
-13
9
25
17
15
40
-15
-15
15
-14
-1
-15
-26
-35
-29
-3
-4
13
15
-7
10
19
-8
-17
17
16
-24
-15
-25
-35
-25
-1
13
-3
11
19
27
34
0
2
12
3
-3
-15
-17
-1
16
7
16
19
-7
-12
4
-12
-16
-1
8
9
8
-19
-21
17
38
48
-12
-10
-25
-13
35
20
42
44
52
21
30
35
4
-5
-34
-22
-28
-37
-35
-79
-66
-60
-73
-41
-68
-55
-50
-60
-37
-28
-17
-23
-16
-11
0
1
-2
-3
34
49
34
28
41
23
-10
1
6
24
16
30
43
45
65
70
47
64
63
20
34
23
-1
-2
-7
-16
3
-4
-3
15
0
-4
-15
-19
-22
-32
-23
-18
8
1
-2
28
12
15
-23
-10
6
18
10
-21
4
5
-1
-26
15
-6
0
-3
-54
-18
-19
-20
-12
22
28
-1
-12
7
3
7
16
-3
5
-18
-9
5
-9
-7
-3
14
16
32
24
8
10
14
20
27
28
33
25
-8
-25
-46
-33
-31
-25
-7
-15
-10
1
-16
-46
-55
-69
-66
-60
-52
-50
-19
-32
-15
-10
-10
29
7
5
5
25
-9
-3
2
-23
-42
-41
17
10
29
22
6
20
56
68
58
72
35
40
69
64
36
12
28
39
28
28
1
1
19
-4
-1
-17
-42
-29
-6
-24
-29
-22
-21
-16
-30
-33
-25
-1
25
23
12
40
10
-7
20
1
13
-1
6
23
9
2
-1
7
-7
-3
0
7
12
10
2
-6
-18
-45
-35
-19
-12
-46
-50
-41
-89
-55
-24
-15
-10
-28
-9
-19
-7
4
16
6
-36
-42
-10
47
10
7
10
-10
4
6
25
40
31
26
35
47
56
32
20
20
26
16
44
33
13
31
23
31
-4
15
35
9
-13
-3
-21
-33
-25
-30
-28
-28
-14
-34
6
-32
-44
-19
-23
10
-15
-5
-13
-31
26
13
-5
14
-9
27
51
50
35
28
24
-7
-16
-9
4
-24
-31
4
1
8
-4
-13
10
-8
-3
-16
-27
-43
-66
-66
-23
2
-17
-9
-63
-68
-27
-41
-27
-9
4
9
-5
13
16
13
39
26
14
40
10
-13
-12
-39
-4
44
38
14
4
17
56
61
64
57
50
27
28
62
47
28
2
6
4
21
16
9
14
-18
-11
-22
-25
-4
-10
10
19
-3
-2
11
26
20
-9
-28
-18
-1
31
13
7
16
1
6
-20
-38
-44
-28
-23
-53
-105
-72
-15
-9
14
9
-5
-15
-9
-12
-12
-5
-31
-37
-27
-6
-12
-16
3
-12
-11
-15
-8
-3
-4
-4
7
17
8
25
-4
-9
10
-14
-9
-25
-26
-18
-23
-10
-10
13
2
16
21
28
43
12
31
35
6
-5
18
9
-18
-21
-14
28
19
27
34
10
3
-8
3
12
25
2
0
31
44
37
36
44
17
32
50
31
42
40
4
-1
-17
-20
-16
-8
13
19
23
17
8
-10
4
6
13
16
-17
18
22
-7
10
0
-28
-18
-12
-26
-3
-3
-31
-49
-50
-73
-89
-53
-38
-38
-36
-38
-62
-40
-18
-8
-11
-36
-13
-16
-34
-25
-26
-46
-20
-3
-15
-6
5
25
19
9
35
-4
0
57
54
48
13
-7
19
33
11
9
7
25
38
29
38
10
7
3
16
18
19
19
-12
15
15
5
13
5
16
18
12
5
-16
-28
-13
-20
-31
-39
-36
-20
-20
-5
-5
-3
-13
-17
13
15
-1
18
37
22
40
40
33
35
20
4
18
27
13
-5
-9
-18
-9
25
13
31
28
7
28
23
41
28
-18
-9
-30
-9
0
-16
8
-16
-16
-21
13
16
0
22
-12
7
4
-5
-3
-21
-57
-103
-82
-57
-41
-51
-48
-16
-41
-60
-64
-37
-47
-62
-23
-51
-51
-21
-19
-8
9
25
11
-20
-17
5
27
28
25
9
29
41
13
37
9
9
38
53
25
15
39
48
43
33
70
44
46
46
68
77
69
69
15
40
46
22
16
46
41
6
4
-22
-19
-41
-35
-28
-67
-58
-40
-32
-19
-12
-19
6
-10
-47
-27
-5
10
-29
-46
-48
-73
-46
-30
-20
17
-10
-9
15
2
32
19
16
44
25
13
31
19
4
-22
-35
-8
-7
2
-16
-36
-40
-13
13
8
0
2
22
5
15
25
8
-2
-23
-39
-7
4
-12
-8
6
23
-4
0
-6
-10
-9
-35
-12
-5
4
19
-9
-34
-32
0
-10
-18
14
-7
-8
4
-7
9
28
-1
-9
18
-12
1
29
12
11
6
-3
0
8
15
40
35
8
18
53
65
25
32
25
2
16
12
17
16
38
4
-5
24
28
53
22
22
39
41
22
5
-3
-26
-41
-35
-7
-31
-35
-25
-59
-75
-87
-62
-56
-60
-32
-3
-6
-5
-1
-16
12
-12
-48
-51
-13
8
-1
-4
5
29
13
0
-25
14
6
-1
18
-15
7
-13
-38
-54
-42
-19
-16
0
-19
-23
6
0
-6
4
16
41
33
7
12
26
3
28
26
24
24
-6
7
14
52
43
43
50
41
22
17
6
-13
5
-1
9
-5
-26
-16
-7
-15
-9
10
18
-17
-16
17
14
12
7
24
36
58
53
27
58
65
40
12
-7
4
-10
-20
-38
-31
-7
4
-6
-18
-8
-25
-35
-53
-60
-48
-10
-27
-35
-34
-15
-12
-22
-10
-11
-1
-63
-43
-31
-30
-8
-23
-29
-23
22
28
23
9
12
27
22
11
22
20
3
13
21
4
-5
-22
-20
-17
-24
7
-13
-9
-12
-21
-17
-16
-4
-3
16
-7
-6
-6
-12
-12
6
38
28
46
42
4
-19
22
21
13
42
-11
-11
-3
4
19
21
42
5
-8
1
1
22
45
27
35
13
-16
10
0
19
-8
3
8
-23
16
21
23
2
-6
25
45
56
37
-1
0
1
-5
-9
-29
-8
-29
-51
-37
-21
-49
-42
-16
-56
-27
0
-17
-47
-34
-10
-20
-12
-2
19
25
0
-22
-20
22
22
-13
4
-4
-3
24
16
16
32
39
70
75
29
50
45
10
1
-7
-12
-29
-5
1
-29
-22
-23
-60
-48
-54
-59
-18
-6
-14
-12
-34
-51
-19
-32
-49
-30
-13
-12
14
-5
-26
-28
-42
-3
-3
-3
-6
8
12
4
19
41
47
26
16
-9
13
13
19
28
9
57
74
74
89
82
67
53
54
31
13
27
32
32
26
10
23
0
-15
31
12
-19
-21
-42
-31
-33
-34
-31
-43
-22
-46
-72
-51
-29
-51
-41
-22
-44
-3
6
-4
-3
-10
10
-19
-18
36
33
15
-5
14
22
-2
-16
-13
39
-4
-19
-33
-54
-36
-34
16
14
14
22
3
-6
-31
-28
-1
-26
-23
-1
-4
15
21
38
26
6
-3
16
36
5
35
18
-20
7
22
13
-20
-18
1
2
16
13
16
17
14
-14
-34
-14
-18
-2
4
-7
-8
13
10
38
55
17
20
7
26
40
15
7
6
12
10
-18
-6
-12
-27
-13
1
9
-22
-14
-18
-26
-38
-36
-14
-16
-12
-13
-33
-17
-26
-38
0
-13
-2
12
20
22
32
33
18
49
48
35
51
44
9
7
-3
-16
-27
-28
-30
-48
-30
-16
-8
-23
-24
-14
-12
-13
-6
-12
-24
-10
-26
2
12
9
-3
-42
-50
-26
9
5
29
1
-31
-12
-1
5
24
35
45
38
43
66
62
60
35
7
3
47
21
-2
4
5
13
-9
3
16
19
0
-19
-28
7
5
-16
9
32
4
-28
-35
-32
-14
-35
9
3
-27
19
7
15
13
-2
12
-17
-36
-34
-20
-4
-10
-6
-15
-18
-32
-43
-20
-27
-8
3
5
25
25
24
4
7
41
48
32
51
22
12
40
6
35
32
23
30
-16
-25
-42
-55
-70
-87
-64
-60
-65
-56
-66
-47
-34
-13
-20
-27
-8
-16
-4
-32
-22
0
-5
-12
-7
-1
-32
-31
-27
7
38
13
14
13
38
48
20
50
50
81
86
58
60
69
60
40
37
49
61
54
55
4
6
32
22
3
24
19
2
18
-1
-16
-11
3
-28
-30
12
3
-9
0
8
-3
-25
0
-7
-14
-18
12
30
3
-3
-16
4
-30
-23
-7
-12
-33
-64
-48
-57
-19
-29
-54
-40
-47
-46
-49
-23
-37
-42
-10
-29
-15
-38
-62
-7
9
0
6
-6
-7
-6
-23
-6
1
10
29
2
26
39
30
32
39
39
20
20
12
4
-13
-15
-8
3
26
13
21
39
6
9
41
39
18
1
-13
-49
-16
-18
-22
17
29
51
4
9
-6
-23
-13
-13
32
41
15
-9
13
19
15
25
29
30
10
-12
-7
9
-7
-7
0
-6
-14
0
21
-17
-25
3
-1
23
15
2
50
45
28
5
-16
-16
-31
-18
-26
-12
-31
-56
-11
25
29
4
0
7
3
4
11
11
8
-10
-9
0
-22
-13
10
0
6
8
-24
-20
-35
-50
-28
-22
-41
-39
-48
-51
-26
-38
-33
-4
-9
10
-1
-27
24
13
16
29
28
17
-10
21
16
9
18
25
9
1
4
8
-10
-9
11
30
31
0
12
3
-11
-26
-2
21
6
11
16
16
-2
28
28
15
1
-29
-44
-42
-11
-19
-25
-30
-15
-22
-41
22
31
29
31
48
51
39
47
41
58
25
26
23
37
35
-16
-22
-42
-19
-3
-37
-41
-38
-34
-27
-46
-20
-6
-13
16
12
1
5
54
61
32
60
54
7
12
40
23
10
3
-5
-48
-63
-39
-57
-45
-54
-44
-32
-35
2
-32
-51
-41
-48
0
17
10
49
41
39
51
33
15
-6
22
29
15
7
-1
-13
-31
-13
0
-18
-23
-14
-31
-38
-54
-25
-1
-16
-6
23
20
-4
20
2
0
-20
-34
10
-18
-19
-7
21
35
-22
-16
7
17
6
33
44
24
6
-10
26
10
29
38
20
-10
-11
-9
-13
5
-24
22
9
5
33
10
18
18
14
10
19
22
17
27
30
13
16
10
5
-3
17
-3
-16
2
-31
-28
-4
12
-4
-16
-22
-24
-24
-36
-10
0
-28
-4
-32
-46
-43
-39
8
-26
-9
0
-33
-36
-10
13
2
-11
-25
-30
-32
-31
-9
16
2
5
-10
-16
-4
-15
28
32
33
68
40
22
22
25
32
23
12
23
-5
7
20
17
38
1
-1
-29
-28
-28
-13
-5
-22
44
43
29
12
28
20
-7
3
9
29
34
57
26
-15
-8
-30
-1
17
6
32
13
15
28
8
-7
-12
-10
13
-3
-25
-5
-21
-38
-37
-13
1
-6
-2
-9
-18
-3
-35
-25
-10
-35
-34
-31
-8
-38
-48
-54
-63
-70
-82
-74
-46
-41
-42
-2
-2
5
1
16
37
19
-4
17
-4
-3
21
22
24
19
33
14
50
7
-9
22
14
1
-8
8
0
19
54
69
70
81
26
51
74
72
49
17
40
44
47
7
15
5
-10
0
-6
-10
-7
-14
-6
-22
-16
0
1
30
1
-16
-16
-4
-3
-19
-10
-1
-9
4
17
29
33
3
15
-10
-34
-38
-12
-31
-40
-18
-31
-13
-30
-10
4
1
-22
-33
-48
-32
-11
-21
-28
-66
-30
-21
-31
-57
-41
-38
-44
13
-8
-15
-18
-20
-45
-41
-18
-27
9
-5
-25
-13
-7
0
-7
-8
6
6
-3
10
19
45
29
34
48
53
63
43
49
61
60
49
56
60
79
73
22
-6
35
48
54
37
4
7
-15
-4
-3
-16
-21
-8
-7
-6
-13
-9
-12
-17
-7
-7
2
29
17
-18
8
-13
-11
-13
-9
-9
1
-26
-15
-7
-35
7
-29
-7
-33
-50
-14
6
34
29
16
8
9
-18
1
17
7
-10
-8
-26
-45
-40
-32
-22
-12
-16
-15
8
-4
-26
-3
35
23
15
-15
-44
-55
-54
-34
-9
-1
-5
-4
4
16
-7
9
6
0
-5
-16
6
21
3
-10
12
-2
-16
7
38
1
-1
17
25
26
1
3
8
18
6
5
-12
8
29
19
26
13
11
38
34
-13
-14
14
24
10
5
-21
-13
-25
-18
-36
-39
-7
-52
-16
-6
-32
-18
15
13
43
65
64
45
34
62
32
29
29
21
32
40
0
3
39
6
-12
9
16
8
-20
-14
1
-37
-23
4
-13
-16
-57
-76
-42
-38
-32
-35
-28
-40
-45
-9
-13
-14
-8
4
12
2
11
-1
8
3
-9
6
-11
-3
2
17
10
21
25
-10
-16
-21
-27
-31
-7
7
-42
-38
-32
-63
-58
-63
-7
0
5
12
-10
15
22
31
25
52
48
46
47
29
9
14
54
31
9
-6
15
25
-7
0
41
32
5
0
1
4
-15
-23
-34
-44
-16
0
-9
-2
-9
27
47
42
47
36
24
19
36
19
-4
-3
18
14
-14
-2
-28
-47
-27
-22
11
18
26
4
-24
-15
-51
-19
-4
-47
-34
-18
-12
-8
-9
20
32
17
12
28
17
3
13
2
32
65
70
47
28
7
-3
-16
-24
-37
-61
-29
-44
-41
-33
-10
-14
-41
-32
-62
-33
-29
-26
-9
-26
-13
-6
-20
-25
-26
-36
-23
-25
-47
-22
-17
-31
-18
7
-7
-4
0
11
30
-22
13
24
10
23
22
38
27
50
41
34
82
87
41
17
13
14
14
25
23
13
20
-3
22
35
23
20
25
2
-41
-22
-15
31
29
35
48
11
19
-9
14
5
-11
24
-3
-4
2
-4
-15
-3
1
5
19
13
4
9
24
3
3
11
-4
-1
-21
-43
-20
-9
-3
1
-24
-21
-9
-35
-56
-66
-71
-63
-21
-9
-24
-48
-70
-66
-60
-47
-71
-50
-16
-25
-14
-17
-3
22
-2
16
33
13
28
24
49
48
41
11
-12
12
-7
-14
-50
-12
-1
-7
-8
-44
-31
-16
29
38
39
14
2
19
39
44
30
18
9
20
32
37
37
39
0
-5
14
34
39
22
45
41
16
26
39
42
41
39
16
-2
18
26
16
-9
-6
-11
-1
-12
-15
12
7
-7
-14
-10
-29
-10
-23
-33
-20
-19
-32
-26
-13
-13
1
-1
7
-30
-2
16
3
12
37
40
3
-1
-16
-22
-15
-3
-54
-47
-49
-27
-28
-33
-7
-85
-56
-48
-41
-31
-38
-56
-49
-26
-34
15
0
5
8
13
38
-10
-8
4
-7
-7
-25
-31
-32
7
2
3
43
42
41
10
28
37
56
70
36
37
44
38
32
39
29
32
35
28
32
37
50
18
-19
-6
-8
-20
-29
-5
4
4
11
-3
29
29
13
12
4
-21
-5
0
-19
-9
-22
-18
-16
14
-11
-14
1
-13
-1
-6
6
-29
-29
30
16
3
16
-3
-10
-32
-4
9
-4
31
-13
-16
-30
-28
9
0
12
-4
-7
-35
-30
-9
-1
10
15
40
28
14
-4
15
15
16
27
25
20
-30
-30
-25
-53
-37
-57
-59
-41
-65
-32
-32
-51
-33
-47
-55
-33
-33
-20
2
-10
-9
12
37
37
44
25
31
49
47
64
41
4
7
21
45
52
23
31
34
19
-37
-22
6
-20
-34
-38
6
-25
-19
21
14
20
16
26
28
35
22
9
41
31
25
20
36
45
40
23
-10
22
-4
-19
-31
-24
5
-18
12
8
13
-3
-15
35
6
-12
-19
-32
-12
-22
-16
-16
-44
-17
-10
-14
-25
-6
3
-29
-27
-56
-54
-56
-35
-30
-37
-40
-28
-7
-33
-20
-2
-18
-43
-38
-25
-29
-18
7
28
81
77
36
29
42
55
57
69
45
12
-3
5
24
26
-6
-10
11
-6
7
19
12
28
41
35
32
13
-5
13
24
29
19
-12
-20
0
-4
3
25
-14
-32
-38
-51
-54
-41
-33
-25
-29
-47
-20
-6
6
14
44
33
-4
-19
-7
-4
-31
-4
-16
-6
-6
-7
25
-13
-24
-16
-11
-6
-24
-9
-23
-12
10
15
6
30
51
-8
10
-7
-18
-3
-3
16
-10
13
34
27
26
38
53
32
16
6
-7
0
-13
-17
-10
3
-14
-32
-12
-10
-16
-15
-2
-18
21
41
25
38
11
1
7
17
5
-4
-15
-38
-35
-31
12
29
18
45
18
11
16
14
44
39
24
-10
-18
8
1
-19
-5
29
-9
-3
38
16
2
0
15
-10
-19
-1
-48
-31
-35
-62
-44
-61
-45
-41
-47
-69
-69
-31
-21
-34
-20
-18
-21
5
5
30
57
63
22
13
23
24
26
25
33
40
33
10
-1
2
2
-5
-13
-25
-32
-25
9
-4
32
51
18
6
-16
0
-28
-22
-19
-3
-9
-40
3
13
4
10
39
31
19
13
36
41
19
22
16
0
-4
9
12
16
-12
-8
0
13
3
-25
-25
-50
-45
-26
-10
-7
-31
-29
-3
4
31
10
-12
9
35
41
-7
9
40
4
12
16
8
19
24
43
-5
-26
-21
-16
7
15
-4
-22
-23
-22
-18
-28
-7
-12
-23
-39
7
22
9
23
30
22
-21
11
6
4
-24
-13
-1
-26
10
1
-23
-37
-27
-22
-7
4
-23
-21
-9
1
7
40
53
-1
25
12
-16
10
29
38
10
7
-6
-23
-31
-21
-27
-38
-30
-19
-35
-53
-57
-73
-54
-59
-49
9
29
20
1
0
24
45
41
58
50
36
53
63
86
66
41
24
25
11
-1
5
21
15
6
16
5
3
-9
15
4
-2
22
36
18
12
31
25
32
-2
-16
-29
-42
-34
-52
-46
-49
-25
-22
-57
-34
-48
-54
-54
-45
-31
-42
-20
-18
-3
15
9
-9
-12
-12
8
14
-7
4
11
32
25
-7
-5
0
12
5
3
2
-10
-8
-11
19
23
40
26
19
44
35
73
58
25
13
26
46
3
54
56
6
29
12
25
26
-19
-13
-25
-56
-40
-29
-35
-42
-29
-25
-41
-22
-13
-32
-27
-2
-18
-2
6
-9
-7
-16
-27
-37
-30
-46
-28
-21
-46
-32
-26
-13
-20
-29
-10
-30
-18
17
22
74
82
51
47
18
26
20
46
57
33
21
6
51
13
-16
-6
-5
-6
2
28
29
20
7
19
-6
18
27
21
36
25
-1
-32
16
2
-26
-23
7
5
-42
-41
-50
-6
1
-9
10
16
-15
-47
-3
-18
-25
-40
-51
-33
-51
-46
-10
-10
-16
5
-3
-4
-16
11
54
21
22
53
35
42
47
39
24
26
20
-7
-26
-51
-20
-7
-7
-13
-24
-12
-7
-22
4
11
-1
31
19
29
38
28
23
16
6
34
27
-4
-10
-19
13
-3
-1
-4
-39
-35
-47
-20
-17
-20
-16
-19
16
4
19
19
-1
-2
-14
4
11
28
18
1
-8
6
-13
-12
22
-3
-2
-14
-10
-25
-38
-27
2
14
-9
15
24
28
6
-20
3
15
30
54
18
38
28
0
-6
-4
6
-22
-31
-19
18
2
-23
-38
-34
-39
-40
-22
-27
-46
-47
-26
-38
-15
-2
6
23
5
-5
-25
-7
15
-8
8
-3
-12
-29
-28
8
-18
12
5
-30
20
44
44
37
59
41
7
66
67
58
59
56
59
66
69
28
34
31
34
23
-10
-7
7
0
-23
