-18
25
26
17
9
3
13
6
20
34
-2
14
18
-16
38
35
31
34
25
9
2
28
-3
-2
7
25
42
22
22
7
13
26
12
43
36
13
-15
-12
17
5
14
12
19
26
25
-19
-10
27
5
0
-4
-17
-34
-14
-10
0
27
27
28
21
5
-16
-26
-16
-30
-44
-41
-40
-58
-58
-51
-68
-51
-30
-35
-31
3
-5
-16
-2
12
0
-10
22
-3
-28
0
-3
-15
-28
-26
-6
-2
0
-24
-18
0
0
-18
-21
18
-4
-18
27
50
18
14
38
21
12
-13
-8
34
38
45
51
63
30
19
40
9
18
26
25
22
10
41
43
35
26
21
23
16
26
0
-10
9
0
-16
-11
-14
-2
10
3
4
-23
-16
-30
-47
-28
-48
-52
-29
-30
-38
-29
-22
-3
5
7
-16
-23
-3
-33
-26
6
23
19
18
12
-12
-10
-2
22
9
1
-12
-19
-10
-22
-25
-44
-26
20
16
-14
-3
7
7
9
2
12
35
31
3
19
21
-12
-19
-11
-10
-43
-37
-2
-18
-22
1
25
24
19
29
29
21
-3
4
2
14
16
19
34
16
16
-3
26
35
19
28
12
33
-1
-22
9
2
0
-31
4
19
14
-3
-43
-56
-52
10
-17
-13
-23
-44
-10
-10
-14
-18
-12
-13
-1
-32
-29
-9
5
3
-6
-6
-10
0
-12
-17
3
14
-11
14
3
3
9
-7
-1
16
43
22
20
24
-1
8
28
55
56
31
66
47
24
32
63
49
29
31
-7
-11
-27
-20
-45
-46
-58
-60
-38
-33
-29
-51
-30
-32
-31
-14
-20
-18
-13
-41
-14
-18
-18
-4
-18
-9
-5
-6
-4
15
9
-7
-12
9
18
45
36
41
41
39
45
10
41
35
12
23
34
-10
-10
-4
-6
-10
-13
22
3
24
9
4
10
4
-9
-33
-6
-17
-37
-35
-26
-32
-30
1
3
-27
-14
-19
-55
-30
3
3
-12
-7
22
17
18
-3
-15
6
-2
15
25
26
10
4
40
36
26
34
32
16
26
29
-1
16
0
-15
4
-13
-14
-40
-42
-28
-19
-17
-6
-3
-41
-19
-7
-19
8
22
17
12
20
15
-9
19
0
0
20
-3
34
9
-13
-8
8
10
-6
24
10
-4
7
13
-32
-35
0
-9
-16
-5
13
6
0
-5
-5
-3
-20
-32
-10
9
19
11
15
20
10
-4
-14
1
9
16
-12
-6
-17
-3
-19
-47
-8
-42
-32
-18
-15
-14
-29
-20
5
33
6
31
41
-2
10
10
22
13
-3
14
22
39
29
39
10
5
6
-2
1
-20
16
-7
-7
25
39
22
-2
42
41
23
6
15
12
4
-1
12
9
-4
-17
-52
-16
-35
-39
-29
-54
-48
-17
-12
-50
-38
-19
10
-8
-7
5
-12
-5
-17
-22
-31
-13
2
7
4
-13
16
22
31
26
9
67
54
23
26
26
21
-9
12
22
-15
-44
-5
-18
-26
6
-8
-4
-21
-36
-13
16
10
14
25
21
-6
-10
7
31
34
18
-4
-15
-2
-44
-40
-26
-19
-29
-17
9
-16
-19
3
10
-7
6
6
3
20
12
23
37
18
13
16
10
-1
-7
2
19
8
32
35
13
40
7
12
8
-23
-34
-45
-23
-10
-12
-18
0
-3
-10
0
6
9
25
41
25
8
13
-14
1
34
6
6
6
-12
-31
-27
-12
-44
-54
-32
-51
-42
-51
-33
-4
-30
1
-6
-26
-22
4
-11
-28
10
-4
29
13
7
13
-13
2
-10
7
24
40
48
30
44
28
17
17
11
32
10
19
52
28
13
16
26
43
48
33
15
-6
7
25
34
24
-5
-9
-6
-6
-25
-23
-22
-3
-10
-13
19
-3
-27
-39
-11
-10
0
-14
-26
-26
-40
-19
-47
-29
-26
-58
-53
-41
-64
-66
-34
-32
-26
-34
-2
-6
-17
5
-15
0
-15
-9
-5
11
17
-11
42
66
34
46
79
64
49
27
26
32
25
28
16
19
23
-6
-12
-4
-6
25
18
32
31
7
-16
1
32
-12
6
3
0
11
7
4
-3
-3
-1
-16
-24
6
-21
-7
13
4
1
-28
-15
0
-37
-47
-19
-15
-22
-12
3
3
3
-13
-9
0
-12
-19
-6
10
-9
-9
3
5
-6
-1
3
23
28
-3
23
32
29
25
10
2
-24
-38
-38
-4
-11
-22
-7
-4
2
-3
3
18
29
12
19
4
12
41
15
11
12
3
-7
-22
-26
7
-22
-21
5
-2
10
-5
-20
-44
-23
-21
-13
10
-6
24
17
13
21
14
15
0
13
-9
-25
-9
-16
-34
-11
19
-6
-12
-9
-19
-20
-40
-15
23
-27
-15
-29
-16
-3
-13
12
24
13
-21
9
-4
10
-5
13
44
20
25
18
27
32
32
24
31
41
60
13
5
21
0
7
10
-6
0
0
-22
0
-5
10
-2
5
11
0
3
-27
-30
-37
-35
-35
-5
12
-1
-32
-3
-23
-42
-16
-5
13
-18
9
25
40
19
26
42
47
60
31
31
0
-15
-4
3
-16
-13
-10
-22
-16
-13
-1
-19
-19
-8
-33
-35
-50
-21
-21
-57
-23
-32
-12
-5
-13
-7
-12
3
-10
2
-13
-31
-10
5
12
-9
-3
5
3
6
-6
23
23
7
28
-14
-13
13
-22
11
22
13
40
37
34
6
45
57
36
45
17
4
19
34
17
19
20
25
-10
-24
-12
-3
-19
-22
-10
-38
-10
2
-16
-34
-22
-5
3
5
6
-3
-9
0
-18
-19
-3
18
-6
3
7
6
19
28
42
22
17
-14
-2
7
19
20
10
27
-12
-6
-19
-16
-2
-13
-34
-45
-9
-26
-11
2
-5
-21
-43
11
2
-38
-47
-30
-14
-13
-4
-10
5
-16
-10
1
-2
-3
-62
-48
-21
-26
-36
12
6
-17
9
-3
-2
2
42
40
46
67
63
41
39
52
27
22
-1
18
16
3
7
10
17
-7
11
23
19
5
-11
-5
-9
-18
-5
14
7
16
2
20
47
18
22
12
23
33
26
21
-12
-61
-45
-11
-33
-39
-42
-49
-28
-5
-29
-17
-33
-47
-35
-29
-11
-53
-33
-16
-29
-3
-15
-36
-4
-7
-9
-16
-37
10
9
13
31
25
29
38
47
42
33
38
36
22
15
23
39
43
57
28
22
27
-7
-13
-2
1
-21
-50
-49
-20
-12
-11
-29
0
-4
-13
8
-7
-6
-28
-5
-9
6
20
-18
0
18
9
12
22
30
15
-6
19
14
12
2
-1
9
-4
-9
-12
3
-13
-1
28
18
28
-2
-31
-16
-33
-18
7
17
-18
-32
-6
-40
-55
-55
-35
-24
-6
-6
-25
-21
-21
-5
-10
-14
-4
4
-6
-19
4
-1
-4
-6
-18
13
8
22
24
8
12
13
27
31
28
23
40
28
33
29
14
6
3
10
22
25
9
45
39
25
29
0
-5
2
-14
21
29
1
22
10
7
-8
-23
-16
-9
5
-19
-17
-1
-3
-7
-20
-7
-12
1
13
9
4
-15
-9
-21
-24
-26
-18
-27
-29
-5
-32
-55
-60
-51
-44
-17
-38
-32
-4
-33
10
31
39
14
9
54
29
22
30
23
-7
-14
0
11
-14
-9
6
4
28
-16
-27
-21
-7
4
0
-7
-8
16
32
18
1
14
1
19
4
19
21
-12
13
-12
0
5
-9
-1
3
11
15
32
28
14
25
8
17
28
34
51
12
16
12
-33
-12
23
0
-2
-2
-31
-32
-23
-35
-71
-63
-35
-28
-20
-15
-18
-22
-20
-19
-32
-31
-2
3
1
10
11
-19
-23
31
37
16
26
12
6
4
17
46
28
16
0
-9
6
10
-10
9
27
4
18
36
-6
-28
15
31
37
35
19
11
16
20
-12
-7
12
4
2
-3
9
-11
15
46
0
-17
-3
1
-12
-13
-31
-46
-29
-41
-41
-14
-23
-31
-31
7
3
3
12
-18
-7
-22
3
-3
-13
-1
-28
-19
-1
-23
-7
8
-9
-6
-19
-21
-11
1
-5
9
-3
-3
9
-12
21
55
48
6
32
40
31
42
29
7
-9
-9
-34
-6
-31
-49
6
-6
-28
-13
-17
-23
-13
-2
6
13
26
10
11
-6
-2
13
-9
-10
-26
0
4
-4
18
16
-1
-3
0
-3
22
0
42
69
24
28
45
64
60
53
51
70
33
14
20
10
6
-3
8
4
-2
-28
-16
-6
-10
-26
-26
-13
-31
-48
-42
-28
-37
-16
-21
-20
-25
-44
-58
-23
0
-31
-18
-16
-22
-24
-31
-36
-36
-24
0
-9
-18
3
-15
-4
1
10
19
-23
-20
-13
-12
6
9
6
14
32
22
22
17
14
37
0
11
16
-7
4
-7
-3
-16
3
3
-7
-18
-30
-20
-19
21
37
44
34
29
44
37
18
3
4
-7
19
32
3
4
16
24
35
13
2
-3
3
-15
-26
16
6
22
25
10
4
19
22
11
-5
4
28
7
-3
-12
19
18
32
20
25
19
-1
21
-6
-38
-54
6
2
-13
-29
-35
-22
-48
-15
-10
-26
-29
-24
-23
-21
-2
-23
-15
-2
-38
-32
-27
-20
-22
-35
-4
-3
-16
0
-5
2
3
-13
-25
-16
-12
-41
-34
-41
-28
-8
10
14
16
15
4
10
18
18
1
12
-9
3
6
14
26
-7
-26
-24
6
19
11
3
26
25
22
16
34
28
7
54
51
52
46
34
44
63
54
54
39
4
5
16
37
22
25
15
12
17
-21
-9
11
-9
-14
9
-9
-29
-16
-39
-34
-23
-26
-13
-47
-30
-11
-55
-44
2
-5
-16
8
-9
-45
-31
-16
-59
-59
-16
-26
-44
-39
-16
5
5
10
-11
0
11
-21
6
0
25
37
3
13
2
19
18
-5
-16
-3
16
-3
-5
-10
-2
26
2
26
49
28
28
25
21
-21
-12
22
19
20
15
-3
-15
-4
-25
-17
-11
-14
-18
-39
11
13
-12
10
15
0
-12
4
1
2
1
3
16
16
9
-23
-24
-6
-19
-19
6
-7
-7
-9
-2
-9
-18
13
-17
-8
8
1
9
-9
-3
20
29
8
3
11
13
29
38
37
20
29
19
-7
17
16
7
20
3
12
18
17
35
26
26
-2
-2
10
13
16
-40
-53
-32
-31
-40
-34
-23
-11
-15
-31
-13
-28
-33
-3
-15
-33
-18
-12
-28
-9
-5
-22
-1
-4
-10
-5
0
5
-8
-13
-19
6
19
52
53
48
53
29
34
41
75
38
-3
-3
-14
-37
-28
-17
-40
0
-13
-13
-21
-27
-16
-25
-8
-32
-29
-18
-13
-12
-22
-10
-26
-43
-29
-10
-12
9
9
-16
30
35
18
-1
8
47
33
18
41
56
56
46
53
50
16
15
23
22
5
17
7
-4
-29
-38
0
-15
-4
-7
-6
7
8
-5
-4
-13
-23
-26
-35
-21
-14
-14
-24
-13
-6
11
13
-4
10
-12
-31
-31
-21
-33
-18
3
-16
-16
-8
35
29
3
6
-4
2
-2
-15
-32
-25
-13
-23
-9
24
25
11
6
17
-15
-15
10
20
37
-24
-7
12
9
-3
-9
10
-6
10
24
54
40
35
33
9
28
25
1
16
42
26
9
0
-15
-7
-3
-13
0
-4
2
2
10
4
6
7
17
29
22
26
-3
-11
-31
-23
-10
-8
-26
-25
-12
-61
-42
-26
-37
-51
-11
-19
-69
-14
-25
-55
-22
-9
-12
-3
-9
-15
-6
-9
16
12
-23
-29
-28
-20
-1
-9
-10
33
32
11
-8
-10
4
-2
25
0
0
28
39
29
29
60
34
25
44
38
16
25
27
28
28
23
13
39
44
4
31
42
27
-3
-5
10
3
-9
-6
2
-5
-5
-27
-25
-7
6
22
21
-3
-32
-16
13
-6
-4
-19
-30
-22
-44
-57
-20
-1
-34
-20
-20
-27
-22
-19
-14
-11
-16
7
14
26
21
-18
9
0
-3
7
25
23
-13
-22
-15
-8
-24
-13
-18
-38
-42
-40
-55
-26
-16
-13
-12
-26
-6
-16
-3
3
-3
-23
-5
16
29
11
13
44
17
28
39
31
30
19
18
27
22
27
13
19
39
31
31
40
52
33
34
43
49
34
15
12
12
33
16
-19
-4
-16
-35
-2
-15
-5
-13
-46
-36
-42
-18
-14
-26
-18
3
1
-16
-13
12
10
-13
-7
-19
-1
-24
-22
-9
-8
-3
-16
7
4
1
-28
-8
14
-25
-28
-18
1
-6
-16
-4
-4
-3
-5
-1
-3
-13
-3
-16
-28
-41
-35
-27
-38
-25
-18
-3
-34
-44
3
16
5
6
13
9
15
8
6
32
29
35
32
38
48
23
9
27
38
19
28
10
8
16
16
24
45
63
40
46
44
29
18
-3
0
-4
-9
11
13
39
6
4
18
-3
11
-12
-7
-27
-20
-15
10
10
-14
-23
-9
-2
-42
-31
-50
-45
-63
-35
-32
-69
-43
-68
-37
-9
-31
-21
-46
-36
10
-12
-10
-14
0
6
-20
-18
-12
-19
-10
21
-4
0
9
19
19
1
19
17
31
49
62
54
41
36
12
20
4
24
34
-16
16
19
14
3
13
3
-30
18
46
47
19
22
-5
-12
-6
-6
-3
-26
-11
-57
-18
19
-19
10
-5
-13
-15
-22
-19
-22
-9
2
14
-26
-11
-18
-50
-2
-16
-16
-9
14
10
-7
34
37
19
-2
-11
-19
-11
-9
-24
8
26
14
6
26
19
-11
9
-3
-1
3
4
10
-3
31
16
-1
21
13
17
21
9
-10
-16
-13
-6
0
-10
-10
-19
-12
-18
-28
-31
-12
13
-15
-34
-23
3
26
11
-13
-3
-19
-17
18
6
-7
11
15
9
18
33
2
-13
7
-4
-6
-7
3
-12
-8
-2
-13
-15
-21
-3
9
29
11
-5
13
29
42
30
15
14
-2
7
15
10
10
27
13
-16
2
-13
-8
-6
-2
7
21
42
20
16
10
19
10
-14
-10
-12
-15
-26
-32
-34
-31
-6
-18
-31
-25
-37
-51
-35
-25
-49
-20
-13
1
-13
-18
4
-19
18
39
34
17
1
-6
14
10
-7
16
16
6
11
35
16
16
16
32
54
37
60
46
28
32
6
0
22
17
6
25
-3
-7
-8
-23
-22
-20
-8
-32
-45
-44
-30
-28
-29
-19
-45
-77
-58
-12
-32
-38
-28
-21
-1
-3
19
17
32
21
4
40
20
-9
-12
2
10
9
39
46
-8
-1
10
2
13
6
21
23
39
16
7
7
20
37
3
18
22
8
6
-5
-19
-22
-16
11
-7
-13
0
-10
-6
-15
-19
-24
-10
-31
-20
-9
-28
-36
-9
5
-14
3
11
32
-5
-6
16
14
31
9
25
20
-16
-16
-26
-4
-1
41
72
25
48
44
67
22
7
44
0
11
-7
-1
-5
-9
-32
-51
-30
-32
-22
-41
-41
-11
-35
-51
-47
-50
-48
-55
-44
-55
-33
-32
-10
-22
-32
3
-34
-24
-14
14
25
31
49
61
35
9
26
9
24
27
9
3
25
20
20
10
16
29
35
37
9
26
27
50
27
38
25
5
15
-1
33
6
25
30
27
5
-11
-4
-10
-3
1
15
15
15
-26
-35
-42
-10
-41
-55
1
-12
-13
-28
-18
-9
-12
-15
-3
-9
10
-9
-11
31
-8
-4
-4
19
-1
-17
-7
-12
9
-18
-20
-31
-11
-26
-61
-32
-26
-25
-34
-7
-16
-22
-16
1
2
-14
16
16
45
2
7
2
15
2
-17
13
-12
25
-3
9
-12
15
20
15
54
7
22
0
21
32
12
22
13
20
26
13
5
9
14
-4
3
18
9
-3
-18
-14
-35
-29
-13
16
8
10
17
26
26
10
35
24
15
-22
4
-3
-34
-13
40
35
-5
12
3
7
-7
12
12
20
18
3
-2
-17
-23
-53
-34
-6
-14
-12
-13
-20
-6
-16
5
-16
-42
-31
-32
-16
-21
-19
-17
-7
-9
0
-10
-6
-15
1
6
-6
-10
-41
-29
-74
-66
-32
-10
-5
6
18
-11
6
-5
13
15
16
15
13
2
1
31
30
58
41
40
32
31
25
16
35
19
25
23
40
11
6
13
19
46
19
30
33
29
6
2
-13
-31
-30
-27
-10
-31
-25
-4
-15
-12
5
-18
-25
-31
-21
-44
-44
-7
-9
-16
-35
2
16
12
-3
9
23
12
26
35
35
0
18
22
4
-7
-14
16
-4
32
31
7
10
-22
6
9
-3
-15
-3
-37
-66
-48
-21
-10
-35
-2
-10
-13
-11
-3
-13
-5
8
13
12
-6
-4
-24
-3
-31
-22
-32
-32
-8
-14
-2
-15
-9
-4
26
19
17
7
28
14
4
3
-9
19
19
19
10
72
58
23
40
61
22
-3
11
6
22
22
26
5
34
25
25
13
1
-4
-12
11
6
18
-5
-4
-22
-40
-40
-30
-44
-31
-41
-51
-14
-51
-60
-59
-31
-29
-24
-19
-22
-29
-15
-13
-25
14
1
19
15
2
14
53
55
46
36
19
30
5
8
-4
6
-2
-17
-15
-3
-11
-25
3
6
13
1
-10
-16
9
6
19
41
13
20
8
9
-9
5
19
17
14
-25
-3
-27
-23
4
-14
-3
17
-16
-10
0
4
26
16
32
-12
-3
10
-10
-22
-8
0
0
20
3
6
-13
26
12
-19
-13
-7
11
1
12
3
32
34
26
-7
3
19
-7
-29
-34
1
-9
2
-21
-7
-21
-13
14
-2
3
-6
7
-8
-14
-1
-9
-38
-19
-20
13
26
15
-4
-41
-9
13
12
-16
6
-1
6
0
1
11
-10
-3
0
-2
3
20
-9
4
-9
10
25
-2
3
-7
-2
-9
-5
-17
-19
-32
-7
-9
-34
-23
-27
-49
-53
-2
-9
12
6
4
24
11
19
17
15
-6
4
3
11
-1
0
17
32
37
19
39
38
35
44
44
50
48
13
10
4
-8
-4
-8
-3
-14
-9
-11
-12
-2
12
0
-14
-19
-21
-22
-29
-25
-50
-47
-24
-17
-33
-4
22
12
13
12
10
4
28
34
31
35
44
25
15
6
16
-4
-21
16
-4
4
-14
12
-6
-20
10
-17
-10
-31
9
-12
-22
-39
-40
-22
-51
17
4
-14
-38
-57
-55
-47
-35
-34
-12
-15
13
4
-13
-32
0
18
29
21
-2
33
16
22
15
28
7
26
66
19
6
13
41
20
6
9
12
6
25
45
6
3
-8
-10
-9
-28
-48
-38
-60
-53
-18
-14
0
-3
15
6
-8
27
54
24
34
60
48
25
22
36
17
3
-4
24
16
4
-11
-11
-9
-16
-25
-19
13
-13
-4
-16
-9
-17
-47
-31
-22
-27
-38
-21
-10
-10
-31
2
-5
-7
19
3
19
17
25
4
16
48
16
3
4
-10
-2
-9
-16
13
18
7
-26
-21
-7
-24
-21
-13
-31
-7
25
13
22
0
2
30
32
33
17
38
28
6
37
46
27
20
29
-15
-31
-22
-3
-13
-9
12
-15
-14
-9
7
-51
-47
-21
-48
-33
-18
-30
-41
-9
-12
-21
-7
-7
-35
-20
-1
-38
-29
-4
1
-8
-10
17
9
22
32
17
21
25
27
3
-17
-4
19
22
18
-2
5
18
12
-27
-10
-16
-27
-4
-5
27
13
29
13
6
24
23
22
6
9
13
23
34
22
33
65
41
53
45
29
7
7
16
-17
-5
-19
-24
-22
-18
-19
-11
-18
-27
-46
-71
-29
-14
-9
3
4
-7
-16
-1
16
23
10
32
18
9
-4
-22
-11
-44
-34
-34
-25
-24
-36
-30
-15
-5
-13
8
22
3
-14
-13
-21
-18
-24
-24
-16
-10
-34
-35
-39
-21
-8
4
16
10
11
-6
23
26
36
-2
17
37
15
28
40
52
16
9
16
41
10
33
13
12
49
0
17
17
17
-1
15
10
-9
0
-16
15
8
-1
20
21
-8
-12
-1
11
18
-20
-16
-5
2
-6
-21
-10
9
0
-24
-19
-21
6
-3
-7
-12
-30
-12
-2
6
-27
-16
-32
-41
-22
-36
3
-14
-16
-4
-11
-16
11
36
17
-3
-4
-1
-30
7
23
3
18
23
29
40
28
19
29
44
26
-6
5
15
13
-22
-22
-4
5
-4
-15
-2
-22
-28
-6
-4
-32
-36
-37
-6
-31
-45
-3
-15
10
10
20
26
25
20
-11
9
3
-11
-17
-10
1
-9
-13
-25
-7
-12
-16
-10
0
-4
-26
6
27
38
13
28
8
-5
5
-8
20
20
30
28
13
10
36
13
5
3
-12
-14
-8
15
-2
21
38
16
3
17
-18
-18
-15
-21
-7
-13
20
-2
-5
3
4
27
13
0
6
0
-23
-10
19
18
6
10
1
6
6
4
30
17
9
25
17
18
15
7
-3
-22
-47
-42
-7
-19
-21
-38
-43
-44
-64
-45
-31
-21
-41
-56
-37
6
-19
-29
-19
-25
-1
-41
-13
14
16
3
4
32
13
33
3
19
23
34
24
1
31
-15
-4
-5
12
7
44
79
16
9
-13
12
9
22
34
-3
6
-5
-1
-3
14
8
-4
24
13
12
6
-2
12
0
3
17
9
17
16
3
3
0
3
14
4
-17
-23
-21
-16
-9
-9
-5
-22
-4
-16
-20
-10
-22
-26
-23
-5
-38
0
-3
-9
9
4
12
-33
-12
-29
-26
-9
-7
1
-38
-4
-2
-13
-9
-3
23
15
20
34
23
-4
4
-3
-10
-12
-28
-1
11
-7
-8
18
18
21
13
-2
15
3
-7
16
3
16
41
20
8
22
24
12
23
37
34
-3
28
29
-3
11
-7
16
22
16
7
13
-7
3
-1
-3
28
4
16
-2
0
-48
-70
-52
-56
-66
-88
-48
-47
-35
-44
-54
-25
-18
-3
-5
-14
-7
-13
-12
-36
-4
11
-22
27
10
-15
-23
-10
12
-4
-4
-12
-6
14
42
64
70
51
57
57
75
69
53
44
23
41
32
26
-4
1
17
15
5
-4
-16
-11
-8
-22
-10
-27
-20
-49
-15
-25
-19
-8
-5
13
-37
-6
-30
-24
-46
-16
7
-13
-26
-38
4
-12
-20
-12
15
-5
13
15
22
1
-18
5
-19
22
39
19
14
6
-4
10
9
27
22
13
10
9
10
3
12
-15
-12
-21
-21
-33
-13
-11
-19
-12
-15
-11
-28
10
4
-5
4
29
6
-2
6
-11
-7
-27
9
-5
-22
-23
-9
-6
7
1
-9
9
-5
6
-5
24
7
4
30
51
65
39
36
36
52
16
26
22
0
14
-1
8
-9
-16
8
33
17
-2
21
-13
-1
20
10
-1
-21
-20
-34
-28
-36
-10
-31
-34
-48
-37
-15
-69
-54
-51
-38
-41
-35
-23
-7
-13
-26
-16
-19
-18
-8
2
16
31
10
18
32
56
18
19
29
12
34
37
48
35
16
7
39
9
-23
-13
-15
-18
0
15
17
28
-7
-12
-9
-3
-30
3
3
-13
29
2
29
4
-1
-3
-7
2
-8
-1
11
18
-19
-16
12
16
-8
7
13
-20
-32
-20
8
4
6
-2
12
0
-11
20
6
8
7
13
4
-22
-21
-6
-5
6
29
19
12
10
9
7
13
-20
-19
-10
-25
-25
-6
23
11
14
-3
-12
-9
-1
3
-17
-33
0
12
-10
9
6
11
-2
-19
-11
12
6
-6
-12
-13
-35
-49
-1
4
-26
-21
10
-4
-11
-15
-3
3
-29
-16
-6
-10
-33
-33
-5
22
-4
10
41
19
42
40
54
27
43
24
7
23
6
27
10
22
-17
-6
6
1
5
13
11
8
25
12
34
-18
5
-2
-32
-37
-16
15
-17
1
9
14
3
8
-2
12
25
29
13
-27
-28
-21
-11
-25
-2
-12
-17
-11
-16
0
-7
-18
-22
11
4
-5
6
-18
-36
-27
-9
-19
-16
-7
-14
-10
-19
-19
-10
14
26
9
3
-7
2
-31
-26
-3
-16
9
5
9
5
6
23
11
29
13
10
15
-13
2
19
41
20
17
44
17
27
37
28
28
-6
-17
-24
-5
-2
-27
0
-24
-36
-31
-29
-27
-19
11
4
3
41
35
5
19
26
16
-3
11
30
31
10
20
15
10
17
6
44
11
31
24
4
6
-40
6
6
-1
-12
-16
-5
-35
-21
-24
-13
-38
-54
-32
-53
-38
-36
-12
-35
-24
-7
-30
-14
-41
-32
-32
-23
-31
-30
19
28
41
34
33
28
12
28
5
-22
-7
-2
-21
-34
-13
-4
-15
-15
-13
-7
17
29
27
11
20
18
5
13
30
25
28
37
13
9
10
55
62
29
17
21
0
-22
-22
-20
-15
0
-17
-38
0
-16
1
-10
11
3
-3
12
-12
1
-26
-4
7
12
12
25
26
40
26
-8
6
23
34
9
-15
-12
0
-41
-18
-24
-33
-3
0
-35
-39
-9
-21
1
1
12
-9
-13
-3
8
12
32
37
13
37
25
6
-15
-4
8
-8
-27
-16
13
-6
-16
-6
15
0
-17
-15
-23
-20
-44
-33
-21
-5
2
-15
-10
-19
-8
-20
12
9
-2
28
9
-19
-38
-29
-43
-37
-37
-22
-10
12
2
-9
31
21
31
14
34
22
16
31
35
58
33
36
19
35
24
29
33
17
21
-14
11
3
-15
-9
5
-18
-19
0
4
12
3
21
-4
-8
-14
7
-19
-49
-21
-22
2
-7
35
7
15
27
-15
16
-3
-12
-29
-5
-9
-24
-8
-14
2
-5
-18
-19
-2
7
2
-4
3
-9
-26
4
11
-18
-19
5
19
2
-4
-12
-34
-33
-19
-13
-13
6
1
3
-19
-12
-7
0
15
-1
-5
-15
-11
-35
-4
18
0
13
12
-6
-7
11
11
24
20
8
22
11
6
-11
-19
36
28
9
22
19
6
32
34
9
51
29
8
26
21
26
31
-10
-9
-4
-26
-20
-17
-5
-31
-19
24
37
16
2
3
-10
0
-7
16
22
29
10
-3
26
-8
-32
-32
9
5
3
27
-1
12
-18
-34
-3
-18
-6
0
-4
12
-3
-3
-19
-38
-17
-43
-58
-47
-70
-54
-42
-45
-37
-33
-22
-50
-15
-32
-32
11
-13
2
-15
6
-19
-44
-21
6
-3
-3
12
5
45
33
21
21
51
43
26
41
44
35
18
25
30
43
35
36
43
53
32
32
23
22
22
9
13
12
19
9
27
13
16
-10
-35
-21
-24
-4
4
-3
-31
-26
-33
-18
-3
-25
-13
-15
0
-3
-10
9
26
46
29
35
52
42
18
18
25
0
12
3
3
-16
-38
-21
-35
-37
-32
-24
-29
-30
-67
-58
-32
-18
-29
-14
-6
-31
-26
-53
-27
-34
2
0
4
1
-22
-16
-21
18
-34
-13
3
13
-2
0
7
0
12
-2
28
-7
-3
7
29
28
28
36
31
32
7
16
3
22
3
10
16
2
-8
-43
-35
-17
5
-3
25
30
32
31
2
17
-1
9
23
29
3
1
26
25
22
-16
-2
-8
8
-14
-25
0
-8
-4
-16
5
-15
-16
-20
-19
-15
18
16
-6
20
13
-1
-12
-13
-6
5
-3
22
18
25
13
8
-5
-35
-29
2
17
-33
0
3
9
4
6
4
7
29
20
13
4
48
19
-13
-14
12
-3
-24
-31
-6
14
-16
-11
-15
6
-16
-18
-26
-34
-39
-16
-2
-33
-31
-35
-8
-16
-28
5
18
-13
-25
-42
-25
6
-8
-9
-19
-2
-17
0
13
7
14
11
23
-6
12
4
7
15
7
13
31
66
27
22
11
21
7
-10
16
15
8
-3
-4
-6
9
-5
-6
-28
-25
-32
-30
-3
-5
6
25
11
6
16
12
22
2
41
14
20
39
29
38
5
5
17
25
22
42
2
-4
-3
-10
0
7
36
15
28
29
0
0
29
10
5
20
2
-21
-7
3
-12
-14
-44
-44
-61
-56
-34
-48
-56
-67
-76
-60
-34
-36
0
-13
-42
-27
2
-9
-27
14
-8
-6
1
16
4
0
-6
-14
9
-32
-12
25
25
-19
10
10
40
43
8
33
-11
29
19
46
19
44
28
8
8
-32
37
-13
24
-20
-32
-38
-44
-54
-31
8
-68
18
35
65
42
34
22
3
26
49
71
16
55
71
66
61
64
57
42
-23
-12
17
-13
-8
-40
-5
-35
-34
-36
-44
-82
-61
9
-21
-40
-58
-13
-26
5
-47
-36
-4
-25
9
-11
44
-30
-27
4
38
27
15
41
-3
-35
-56
24
-28
-2
-5
6
132
135
33
-32
40
-50
-108
-26
11
-31
-10
7
-34
-29
-26
-4
13
63
-6
-49
31
42
-40
-109
-54
40
69
75
42
13
53
22
-31
-44
-4
16
104
120
-56
-62
-26
-22
-24
-57
-89
-64
-16
47
-84
-158
-17
-77
-66
-55
12
10
21
67
55
120
-22
76
140
59
73
80
123
63
79
101
9
-113
-98
18
-55
-50
69
60
-14
-35
-72
-125
-105
-38
-66
-132
16
55
76
-8
-106
-34
0
40
-1
-13
-26
14
54
42
-38
-73
48
97
60
54
8
71
135
63
49
80
61
-57
-3
-82
-68
-57
-89
24
6
23
-59
-81
-68
33
7
16
56
33
19
-6
88
-17
-76
12
41
-22
37
20
-66
-126
-43
-3
-95
37
58
-49
-36
16
-27
-80
-18
46
-34
49
111
41
73
85
79
-25
-86
-105
-141
-36
-37
-95
-59
51
97
100
62
8
34
-42
-36
-65
51
47
-44
-28
23
34
-101
-34
6
50
-91
-166
-117
-29
-105
-1
143
112
551
591
497
-450
162
554
-458
-138
-685
-953
-80
2238
127
-1473
658
114
-57
-263
-726
-2124
-1158
1721
1086
-882
-252
2484
873
-1526
894
79
-1550
1020
969
-1372
-631
1339
1857
-1103
-2484
656
2050
-914
-245
1441
-2809
-211
1589
26
-2387
-1058
2607
507
-233
327
513
-2176
191
426
-940
-17
190
705
352
-300
-216
1214
-1916
-132
1144
-435
1587
-1179
-1333
2587
-261
-217
1485
1195
236
1692
430
-3394
-375
-1477
1626
-1340
245
1617
-1303
1487
-1732
378
-2185
-2084
1208
2237
-1146
-414
2083
-555
-2089
-99
754
-65
1197
-1557
2465
669
-1337
-845
-1009
-1798
-64
1959
1391
541
116
104
-410
782
-1431
370
381
-105
703
4394
-3939
932
906
-2427
1546
-2872
-148
-62
-427
-2655
7450
-5152
-434
2848
-1827
2973
-3324
2467
-1888
2374
-470
139
-818
-1316
2930
-2595
71
2786
-2489
1783
2046
-1975
745
-4077
1704
324
-536
-1071
1702
-664
-1225
3662
-4209
2370
-1939
-2311
3274
-1875
2513
-168
-2567
5049
-3050
-1235
2653
-2363
709
2270
-229
-408
3429
-4060
2192
-461
-3042
3520
-1879
-259
2698
-1131
-1554
1121
-1846
-1033
1881
-996
1139
5774
-7214
1608
169
-3610
860
-844
3567
-3366
2393
337
399
-3628
1484
1338
-3662
4034
-969
4312
-2228
-934
3863
-3852
-1285
3171
-1910
4
2110
-3874
5237
-3523
-3141
5662
-2453
-1402
923
821
-1251
508
70
1179
-2626
415
4635
-2806
-325
-1287
-684
93
3057
2764
-3970
-1679
2185
-1164
-2797
839
-281
1596
974
2286
-824
-2549
835
1288
-476
-86
2520
-1263
-358
-1630
328
500
454
1524
-813
-2125
571
-367
-203
741
-2770
2154
332
319
387
-1311
-3319
783
1402
-765
4293
-1741
-774
367
-2748
2452
-402
-3305
5131
375
-330
2051
-1951
-514
174
-1523
3100
2089
-4259
2868
-15
638
-1710
-1079
1510
-1746
-739
2130
-467
-3036
3433
-2722
-2147
-162
2646
-1102
-221
830
-960
932
-1149
1567
-2654
397
1483
1757
-353
1023
-737
-1708
2696
84
-1235
-2100
3539
1247
-939
-354
-201
-1670
735
203
-604
2595
-4020
1481
1362
-546
-1783
-1278
2137
-589
-225
-1713
3774
-1319
-228
-165
-1102
2526
-2493
2822
-857
1752
-828
-968
2166
-3966
2136
-810
1706
2645
-1670
-2065
647
166
-2891
1744
-929
3245
7
-2028
3094
-4535
-1133
2664
-1341
1283
-176
-674
3044
-3201
-177
108
-3991
3516
1127
-1091
1559
-188
-2246
391
-278
294
50
-2891
3760
304
-1040
1992
-1933
-163
1113
-1828
1798
769
-1719
3731
-58
-1371
-18
-2218
1359
2142
-3228
4321
262
-2331
2901
-4221
-297
219
-731
1038
1279
-815
776
-631
-1283
563
-2797
222
2397
-450
1702
131
-2580
2744
-2756
-33
2333
-864
-1271
673
1976
-968
312
386
-196
-1630
1447
651
295
-1263
1060
-154
-668
1164
-1229
-661
-1493
1544
-317
1149
-1333
1538
-405
-1926
2853
-1124
-711
-590
814
324
1078
-1132
-121
-772
120
2963
-1226
-301
195
-1705
475
190
-1292
1084
-1668
883
862
-1684
279
-1072
-404
864
1457
974
-576
-946
-884
-566
-173
-1016
173
572
263
879
114
-592
-230
-1036
251
1656
846
1750
388
-993
-988
191
931
475
-177
1399
1959
22
1952
-159
-2035
401
-464
755
450
-433
1020
-1024
-129
821
-1407
-1233
662
-439
-256
1472
-670
242
-373
-2565
-574
-1058
-985
729
-351
254
353
-813
603
-1083
-3283
286
567
694
2061
-971
177
-85
-1332
496
-187
-1573
1187
1170
557
616
-1121
790
-1166
404
356
-844
1741
146
98
753
-370
644
1097
-1601
429
391
837
1415
-946
-56
-1124
-493
250
-1969
-1906
-2231
-2535
-280
-1503
-1777
-710
-837
216
992
806
2111
1149
438
-81
-1088
2229
3221
4460
3630
5694
2902
2972
3502
745
2860
1243
5280
2770
2611
2720
1143
-2575
-2740
819
-3680
-286
-865
-1622
-3077
-2689
-3481
-7088
-5187
-5376
-3869
-3365
-2530
-2155
-1754
-3610
-3063
-1082
-3432
-1078
803
-632
2254
2535
775
2064
-1449
-341
1672
207
2324
2535
2184
2322
82
14
469
-1631
-592
923
1297
1014
728
-263
-591
-1063
-3016
-972
541
956
1484
1117
929
943
-243
-610
1179
1257
984
1196
2445
1262
564
-299
-318
528
-1374
-8
1089
-332
-1936
-2068
-3453
-4142
-3816
-2913
-2626
-433
621
-495
-180
-1027
1813
2113
1060
627
2244
4481
6177
6032
5462
6117
7036
9481
7735
7035
2785
1356
4783
4915
5555
4492
3202
614
-2753
-3114
-3991
-4755
-5197
-5537
-4296
-4156
-5007
-8290
-11978
-11056
-9013
-8051
-4507
-2685
-2158
-3249
-4530
-2763
-2471
-3065
-2858
1287
4467
4895
4471
3091
1898
-1662
-1110
1581
2057
2259
2576
4340
172
-1477
-1761
-3843
-3442
-2953
1912
1718
1584
-854
-3538
-2997
-4941
-1556
-906
1978
2471
1525
3275
113
-137
-435
-471
1421
3371
3416
4343
3349
2482
1340
-940
1423
1283
3313
3405
3830
2459
473
406
-1628
1126
-343
1654
695
2670
4195
-2540
-925
-1971
290
-96
191
1854
-2208
-3024
-2851
-1443
-2141
-2070
-1714
-568
1684
690
50
1827
795
451
-759
1348
4991
4519
4962
4046
4963
5061
6652
5116
3498
1920
-557
2799
3609
4953
3086
692
460
-4573
-6057
-4739
-4268
-3664
-4508
-3832
-4819
-5464
-6379
-10348
-11172
-9599
-6945
-4459
-1669
-1615
-2340
-4505
-6190
-4432
-5451
-2857
263
2932
5115
2953
2315
515
-2217
-974
483
2244
4205
4151
3768
1764
850
-403
-2951
-2687
-1321
2062
4267
2962
336
-1451
-970
-2875
-1743
450
1377
3902
2853
1680
827
-137
1064
1940
1796
1951
2607
3505
5467
4527
1341
-254
-881
2080
4111
4569
3226
2617
937
-671
522
582
1191
182
1589
1633
2019
359
-1457
-437
-1715
155
1534
573
-740
-769
-294
-412
-995
-339
524
578
138
-435
-260
-376
-1084
-1796
-288
274
622
-1069
-2506
-2237
-1953
348
-1359
-1190
-1159
-653
246
-2463
-1522
-1825
-1182
-1283
-2575
-484
643
709
307
-701
-190
-78
-1153
-746
-946
-529
-200
254
946
424
-976
-1852
-2020
-1801
-637
-879
126
-110
-1138
-835
-1603
-1204
-1439
-1750
-163
-306
7
486
-874
-616
-784
-1237
-516
183
45
-47
-1894
-288
1053
-125
1521
-1233
-565
-68
276
1814
464
1090
1516
1480
1090
1621
52
1770
2264
1562
2418
1671
3343
2342
1957
1593
1288
1724
2506
2867
1825
2934
737
466
286
-234
547
646
1074
-790
-59
65
153
-1847
-1225
-719
-1437
-156
-283
809
-2335
-1512
-758
-1532
-973
-44
1264
-973
380
31
-505
167
-54
1969
-123
322
1738
319
635
370
2226
425
59
1563
-1123
416
-410
-457
-1785
-3034
-1744
-3982
-2704
-3005
-3142
-4223
-2383
-1687
-3417
-3828
-3915
-1316
-3260
-1607
-2180
-1258
256
1030
3220
484
1420
3238
4950
3710
2714
2643
3517
5195
5285
6275
4573
3076
2902
1290
883
1419
1304
-157
-1628
594
141
-2582
-5533
-6416
-4525
-4385
-3241
-2434
-2719
-3528
-3890
-3379
-3230
-3532
-3143
-1482
352
2766
3180
1643
-371
-1767
812
2435
2462
3859
4467
3743
2957
3257
1865
13
629
1620
2548
3232
1604
1097
299
-2005
-2149
-2457
-2050
-697
701
1098
-2747
-5489
-2949
-1976
-1790
-2763
-3221
-1227
-1048
-811
-705
250
-1961
-2391
-374
2407
3071
1432
2572
-1180
1401
1627
2795
3537
687
5887
2674
1590
2180
3464
-85
-610
5252
2627
515
-247
2367
-610
-1805
-947
651
-314
-3148
69
-2521
-4308
-4009
-3603
-3743
-3359
45
1039
-2672
-3026
-1561
-188
-538
-222
711
-1290
2805
5196
6568
4207
1884
2017
5160
7842
4780
3653
2670
5666
4663
6017
6718
1018
-1334
-2791
-129
1214
-1594
-2677
-4432
-5893
-5401
-5627
-7457
-10524
-11774
-8684
-4648
-4757
-5428
-6255
-6959
-6272
-6588
-4618
-4047
-2362
642
905
2334
1100
257
-735
-638
3107
4629
5608
5652
3850
4944
3917
1719
2025
1419
5186
5124
4852
5569
2470
1408
-1544
-1309
1383
1502
1118
1789
2322
855
-2943
-3255
-338
-1336
-867
-458
259
2001
-1552
-1515
-1404
-2778
-374
-472
422
1486
1336
2189
69
-2269
-2202
160
3337
2485
3127
1999
-554
914
2195
2292
160
1156
3528
4131
2152
491
961
-510
-914
870
3866
3141
-103
-550
-1145
-1715
-1780
-566
1886
720
-2100
-2423
-493
-1527
-4840
-3741
-356
863
-349
-1510
-796
-2764
-3728
-850
-651
-2448
-2420
195
997
1604
-618
-1040
-914
315
2982
334
86
-1495
559
1139
1086
1860
658
-1081
-3865
-1371
-1261
-560
-996
-1751
-1876
-2588
-1087
-1705
-3744
-5326
-3003
177
-827
-1415
-367
-631
-1504
-3586
-1494
-429
-1218
556
436
1675
639
-821
-699
-947
-225
1121
2811
2858
1923
1436
1754
2144
2108
1374
3294
3578
2868
4456
3946
3482
1122
1555
3526
3196
3484
2141
2889
2194
413
373
1443
2801
591
-502
-40
1134
-2123
-2278
1223
-1627
-1678
-1615
-118
-428
-2429
-1963
-1237
-651
-2669
43
340
205
230
-1438
939
-397
-1339
-1107
606
1004
236
1796
-502
-1395
-1523
-1786
469
2014
-26
34
399
-1710
-855
-1134
-2071
-2799
-312
-449
-2580
-2425
-2584
-3073
-5999
-2764
132
-1662
-3152
-4320
-2586
-2352
-2315
-1691
-2812
-1623
2524
5220
1442
-928
-731
2819
7452
6200
5521
2207
3265
7915
7883
6417
5244
4551
4490
3502
3248
4868
1640
-568
-492
180
388
-2406
-5068
-6315
-6454
-4885
-3482
-5000
-6482
-6428
-5692
-7338
-7828
-6580
-4322
-2389
-1908
-1101
-3285
-4334
-2425
993
2535
2346
3760
5466
4782
4455
4975
4488
3811
3952
8052
8655
6578
4034
2868
2942
775
1690
2440
2572
1620
-767
-947
-2398
-5338
-4990
-3418
-1451
-2046
-4208
-4136
-6174
-5792
-4641
-2639
-1871
-3129
-1151
-1065
-784
-1336
-606
98
693
2391
1973
3026
3512
2449
1438
2316
2001
3525
4980
3977
3751
1846
652
-157
2758
3787
825
-118
512
1585
-381
-2584
-2550
-2892
-4659
-3181
-1447
-1438
-2857
-4749
-3937
-3870
-3761
-3944
-1729
748
-229
-3160
-5063
-1255
3804
5228
2575
1077
1620
4590
7572
7119
4583
786
4154
12058
13323
6465
1007
1546
3071
2629
4005
5169
2260
-1581
-3253
-2268
-3536
-6241
-7602
-7012
-6955
-5474
-5001
-7961
-10440
-11395
-7662
-6783
-8520
-6732
-5096
-3610
-4482
-5577
-2899
-2076
-1509
848
2214
2555
2899
4963
5608
4679
5287
7190
7167
6682
7865
8496
7565
5385
5032
5607
5442
4145
3203
2857
1310
771
-382
-3144
-4146
-3727
-2090
-3103
-4911
-4728
-7428
-8200
-6594
-4654
-3857
-4431
-4517
-4903
-4683
-3037
-1263
-1339
287
1937
1305
1700
2739
3660
3345
2160
5556
7064
5767
5912
4400
4735
4618
5811
5047
3103
3761
2716
2652
1260
1921
1758
-1451
-3315
-3870
-1946
-1985
-1964
-3728
-4584
-4329
-5161
-3003
-3217
-2582
-3881
-2897
365
-69
-2641
-5006
-423
3182
6104
5474
1264
504
1447
5243
7606
4397
2264
4481
7093
8049
3200
-929
343
2474
3150
2260
-49
-2838
-3799
-3842
-4600
-4890
-4532
-4974
-7261
-9986
-7854
-5398
-6729
-9462
-8020
-3821
-4757
-9060
-9087
-4822
-3058
-2202
-1111
-97
-1489
-2984
-887
1289
2615
3413
6137
6866
3558
3117
4913
6553
6262
6334
8793
8624
7312
5727
4344
3458
3290
5181
6303
5129
3008
1491
-1439
-3065
-1283
347
-165
-2629
-3125
-2474
-4786
-5913
-4490
-3623
-3025
-3672
-3128
-2110
-2626
-3392
-2421
-1918
-1196
-97
870
2329
1236
2898
1115
662
2496
3308
3705
2052
4443
5016
2634
4
2213
1843
356
1765
2808
3019
236
-1881
-3327
-2742
-2220
-1186
-1231
-1445
-2115
-4624
-5843
-3429
-1221
-2673
-1179
-44
-654
-2970
-5256
-4177
-848
3700
5961
4431
-1847
-3346
1128
6356
7393
2456
294
3886
9340
7155
535
-2131
1388
6348
6287
3755
912
-2943
-3690
-1134
262
-45
-2035
-3679
-6018
-8209
-5853
-2653
-4083
-6886
-6744
-3584
-4164
-8733
-9299
-6238
-2524
-1198
-1392
-1609
-4135
-5337
-3799
-1587
1660
4543
5371
2746
-739
495
4055
5579
5721
6056
7697
7558
7494
6542
4063
3283
4856
8956
9029
6543
3644
1375
-772
-1259
2949
3938
1297
-2487
-3539
-3372
-5991
-5216
-3861
-3227
-3831
-5634
-4397
-5428
-6041
-5593
-5153
-2769
-1836
-1138
-1960
-2699
-1590
252
997
1204
2482
2273
2372
1799
3169
5202
3717
2877
2552
3127
3272
2438
3223
4129
2416
-196
-1667
-831
697
68
-30
-235
-1858
-4486
-5165
-2919
-318
-722
-3148
-3048
-2567
-1977
-3321
-4910
-3152
177
3570
3886
-33
-3646
-2380
3029
7294
4794
1342
2107
6067
7181
2226
137
3301
7292
7488
3315
-130
-510
1211
2900
2161
256
-1138
-2902
-4567
-5679
-5016
-2179
-1419
-4406
-7101
-6630
-5220
-6459
-7704
-5560
-2866
-1563
-2552
-4223
-4401
-4470
-3298
-1090
1372
2964
2004
509
-910
594
3656
4890
5030
4051
4712
5224
4973
4271
3690
4019
5047
6594
5438
3362
1320
1232
1873
1325
2065
1606
-697
-3357
-3314
-1807
-3139
-3849
-3480
-3634
-4632
-6127
-5222
-5057
-5206
-4393
-3441
-2417
-3482
-4161
-4548
-3321
-362
1813
1538
-564
29
1311
2271
2825
3585
5207
4827
3937
4083
4258
4657
4675
4913
6148
5240
2914
1408
1425
2716
2802
1871
1104
470
-1884
-3654
-3778
-620
1720
-763
-2585
-4790
-4262
-3536
-2537
-1880
-3421
-1259
1035
1782
-2559
-6186
-1855
4654
7969
3016
-2336
-2323
2641
7755
4413
709
1219
5071
6030
1034
-1745
-953
3044
4696
2302
-1473
-4300
-2748
-2235
-4118
-4348
-1156
182
-4696
-8620
-7767
-4119
-3277
-5077
-4414
-3796
-3334
-3416
-4489
-5088
-5014
-1496
737
-785
-1763
-525
-20
-2358
-532
4223
4842
1804
808
3793
4878
3467
3928
4965
4481
3976
4719
5706
4046
2334
3027
3626
2900
2226
2407
911
-811
-735
-549
-823
-2446
-2252
-1468
-3083
-3505
-3553
-3321
-3742
-3284
-1799
-2422
-3735
-3948
-2482
-1762
-622
729
1197
-748
-2125
1219
3240
2254
1533
3682
5502
3135
1543
2635
3749
3230
3148
5720
5819
1849
-877
314
2897
3518
2146
1252
146
-1565
-2175
-2088
-135
689
308
-1461
-3597
-2995
-2804
-1649
-2307
-3082
-3351
-785
2211
-726
-5238
-6635
123
5780
4880
-2349
-6432
-1980
4367
6659
356
-3373
464
5427
4032
-2111
-3404
892
4357
3278
-380
-2556
-1906
-4
-608
-3327
-2975
1001
1186
-4881
-7313
-2820
1793
-1041
-6038
-5013
-2222
-980
-1857
-3263
-3837
-3188
-843
-189
-2683
-2984
90
1399
-530
-1477
1669
2389
2
965
3401
4188
2648
3039
4761
2485
1716
4418
6601
4717
2135
3480
4347
3076
2104
2876
2413
1248
1392
1539
-14
-1919
-549
26
-1678
-2469
-2013
-1526
-2698
-3105
-2709
-3361
-3158
-2199
-1821
-2372
-2771
-1700
-1504
-2329
-1037
736
1148
19
-114
1848
2120
772
896
2795
3609
2793
2358
3532
2989
627
1233
3845
5023
2622
600
958
1131
294
-1398
-777
802
1318
-581
-2798
-3590
-4026
-3112
-2376
-1096
-2059
-4496
-5682
-4138
-1463
-1749
-3989
-5594
-1488
2860
2243
-3231
-6754
-2739
3821
7927
3279
-3050
-2808
3108
7176
2725
-1358
1368
5981
5087
625
-337
2435
4028
1597
-779
-362
2401
2779
-1242
-3290
-1399
2259
1321
-3587
-4820
-3162
-949
-1331
-2992
-3637
-3324
-2082
-2789
-4358
-4332
-1679
680
-129
-2086
-2466
-1906
-757
1568
3433
2905
964
1028
3885
4530
2189
2455
4397
6155
4868
3800
3490
1520
1882
2763
3810
2669
1390
997
-1475
-2537
-1693
-197
-767
-2203
-2387
-3332
-4076
-4692
-5114
-4015
-2315
-1443
-3435
-5579
-4547
-2469
-1870
-2522
-791
825
-305
-1429
-270
2346
2560
990
1663
3989
3822
2590
2604
4298
5547
4485
3005
2883
3959
4044
2935
2307
3130
2366
787
-1203
-1021
268
-893
-796
-2159
-2383
-4202
-5800
-4132
-3035
-1874
-4527
-5743
-5954
-5065
-1865
-1058
-1523
-4898
-4068
586
3422
2262
-3337
-2126
2938
7808
6321
-609
-867
3840
9613
6751
1282
1465
4796
7216
2875
889
2264
4642
4730
157
-1762
-472
2757
1266
-3299
-3407
-1007
3
-3646
-6292
-4681
-2965
-2383
-4200
-6118
-6315
-4959
-2672
-3945
-5811
-5217
-2696
-927
-2696
-2464
-1870
-753
229
1047
3025
1629
1834
2533
4368
4349
2254
4150
4641
4775
2863
2713
4244
2778
3006
1867
1301
514
391
1217
-1317
-1203
-417
-938
-3792
-4580
-1362
-1488
-2607
-3986
-3196
-2930
-2970
-914
-1620
-2278
-1703
518
375
-1533
220
2068
1767
310
1810
3832
2393
1468
2888
4728
3716
2706
3913
3785
2338
2108
4286
4654
2370
1659
1747
1327
560
785
1246
-324
-1456
-1585
-2138
-2650
-3231
-3142
-3353
-4252
-3401
-3691
-5181
-5478
-4595
-2444
-2947
-4114
-4423
-3505
-1278
-361
-385
-1829
-551
2324
3098
1154
-615
2303
6743
7782
2998
-213
2832
7194
7223
3114
2164
3844
4747
3668
1552
1038
1198
2386
1527
-1123
-2015
-1204
-746
-3564
-4941
-2774
-1130
-3397
-7026
-6864
-4783
-3725
-4196
-5168
-5878
-5238
-3516
-3198
-4443
-4391
-2214
-1067
-1747
-1491
633
778
-467
150
2300
3651
2705
2674
3443
3168
3651
5135
4967
2771
2446
4812
5736
3927
2348
2552
2448
1544
1418
1556
1116
745
381
-268
-1579
-1801
-634
-808
-1635
-2135
-788
-506
-3036
-3576
-1447
432
361
-726
-1091
-1055
-943
215
856
1057
1728
2233
1849
65
156
2278
3178
2398
2060
3221
2717
394
-355
1000
2348
2480
1868
466
-1617
-2189
-1314
-425
-596
-1909
-2053
-2837
-3992
-4626
-5239
-3505
-2482
-2683
-3901
-5556
-4703
-4658
-3973
-3105
-1487
-246
-2683
-3623
-2518
1234
2075
-26
684
3147
5053
3626
2516
2509
3488
5734
7741
6713
2699
2239
5757
7444
4040
1419
3397
4490
3371
1615
912
581
-153
160
-971
-2132
-1678
-1357
-3391
-5992
-4124
-1820
-3051
-6229
-6813
-4841
-4128
-3682
-4123
-5656
-6291
-3641
-1183
-3321
-4918
-2736
-338
-1399
-2594
44
1681
288
-864
1763
3653
2599
3283
4246
3731
1517
3930
6826
5142
2796
2685
5781
4480
3087
3164
2701
3174
2900
3250
321
-436
2093
1572
-567
-2234
133
222
-1871
-2019
-1938
-1726
-2849
-1966
-1771
-2006
-1680
-1856
-2048
-3324
-1851
-155
-178
-1242
-1452
1
-102
-205
-346
138
932
787
999
421
560
882
418
452
840
1290
537
-350
125
657
-224
-1655
-737
771
-88
-1766
-2298
-1139
-1423
-2373
-2262
-1201
-658
-2278
-2741
-2250
-1305
-990
-1339
-264
219
-140
-1086
-584
862
1188
2063
2780
3053
1398
1409
3752
4636
4219
2850
3676
4130
4176
4405
3094
2557
2743
3894
3054
1194
1174
1324
951
-494
-462
-871
-2238
-1863
-1759
-2731
-4100
-3791
-3634
-5018
-4928
-3913
-3966
-5913
-6121
-4301
-4546
-5364
-4786
-3221
-3856
-4588
-2455
-1366
-2779
-3394
-623
1215
-311
-890
944
2471
1804
2076
3775
3972
3395
3666
5383
5042
4554
5216
5138
4453
3575
4965
5107
4229
3498
2668
1988
1020
1667
1501
427
208
338
-1115
-3595
-2636
-777
-1441
-3116
-2960
-2003
-3446
-4197
-3232
-2069
-2205
-2392
-1475
-1849
-2058
-1497
-424
-81
-494
500
963
922
1205
1532
1590
1098
1904
2677
2307
1900
1782
1922
1221
1045
1767
1642
657
-206
304
235
-469
-977
-1129
-817
-957
-1108
-2226
-2841
-2475
-1619
-1342
-2252
-2206
-1912
-1771
-2001
-1498
-533
-546
-151
-85
82
38
201
887
1124
2340
2666
2213
1021
1287
3043
2917
2694
2032
2130
1846
1604
2240
1141
525
835
1368
136
-1654
-1268
-624
-804
-1877
-2381
-2817
-3240
-2861
-3017
-3346
-3253
-2467
-3119
-4508
-3425
-1888
-1885
-2991
-2186
-1181
-2018
-1687
-306
577
-203
98
1642
1300
560
1463
2967
2528
1616
2531
3500
2687
1988
2810
3209
3014
2471
2321
2083
1797
2463
1793
927
822
1580
1651
-206
-604
99
255
-592
-1037
-429
-486
-1047
-1533
-1475
-1590
-1423
-865
-708
-937
-1122
-403
-632
-1145
-588
325
491
-96
632
1090
345
-117
584
1233
938
1161
1605
985
-269
194
1014
354
-291
374
1157
-410
-1727
-775
70
-600
-1669
-1015
-206
-1061
-1511
-1262
-933
-1000
-963
-122
-236
-798
-627
-201
-280
-439
104
786
470
158
235
26
25
300
861
224
-392
222
519
-295
-774
-63
-165
-1147
-1262
-143
-73
-1253
-1392
-880
-800
-824
-543
-348
-1165
-1008
-113
-158
-62
82
701
539
177
747
601
492
1072
1856
1725
769
1081
1945
1496
1054
1434
2062
1802
712
1296
1509
582
441
511
991
10
-509
206
-539
-1202
-1514
-788
-702
-1906
-1957
-1968
-2351
-2370
-1757
-1026
-1851
-2945
-2377
-1400
-921
-1341
-1454
-660
-200
-348
-626
-152
735
885
655
1291
2117
2005
1172
1213
2348
2712
2460
2385
2158
1918
1724
2056
2203
1627
1359
1085
929
599
408
415
-69
-271
-368
-662
-867
-979
-1002
-1136
-1227
-1284
-1488
-1246
-637
-351
-1336
-1811
-707
170
-216
-1202
-206
881
583
78
-38
893
840
787
1261
1206
1397
874
637
652
871
1256
791
509
261
-66
-890
-534
-37
-384
-1409
-1942
-1058
-2015
-2449
-2847
-2092
-1552
-2955
-2991
-3372
-2435
-2474
-3024
-2301
-2145
-1547
-2069
-1549
-847
-1074
-273
615
1315
496
1139
2542
2637
2647
2878
3917
3355
3545
4396
4002
3661
3893
4649
3453
2562
3194
3006
1907
1321
1979
1209
-156
-267
-429
-1567
-2174
-1111
-1535
-3420
-3932
-3238
-3191
-4233
-3952
-3229
-4163
-4328
-3778
-3583
-4052
-3544
-1661
-1999
-2579
-1987
-1028
-991
-1022
899
2023
1403
537
1299
2447
2750
3111
3605
3774
3301
3297
3054
3098
3553
3990
3745
2293
2426
2459
1845
1296
1160
1889
885
31
-224
-851
-934
-907
-286
-1000
-2229
-1735
-1382
-1602
-2102
-1578
-636
-1078
-1470
-1255
-864
-427
-220
328
162
-162
214
614
1111
758
773
887
997
806
360
765
995
869
92
-147
-75
-493
-738
-637
-508
-978
-1729
-2186
-2249
-1961
-1867
-2153
-2435
-2400
-2665
-3159
-3138
-2354
-1605
-2018
-2129
-2342
-1993
-1259
-915
-607
-764
-180
428
517
793
836
901
1905
2576
2715
1700
1747
3466
3332
2824
2717
3430
3380
2295
2933
3202
3019
2749
2046
1697
1214
1998
1891
469
-27
179
285
-598
-995
-1048
-1448
-2000
-1471
-1619
-2479
-2485
-2249
-2081
-3106
-2226
-1461
-2194
-2378
-2405
-1495
-1632
-1500
-636
-1036
-1102
-653
76
83
-460
182
899
805
765
909
823
1145
1286
1410
1044
1020
1870
1297
462
335
1277
1657
679
458
645
486
426
382
256
33
445
827
-116
-540
84
719
118
-212
581
602
-150
-389
696
924
234
462
509
336
252
695
1109
180
331
633
459
93
-89
526
-154
-361
-148
-152
-579
-1252
-749
-667
-1124
-1369
-1486
-1368
-1679
-1816
-1524
-1715
-1829
-2067
-2213
-1642
-1499
-1407
-1637
-2003
-1199
-1241
-1249
-1009
-698
-245
-679
-327
102
179
142
262
676
1122
1266
1155
1156
993
1335
1518
1600
1988
1850
1731
1367
1235
1688
1688
1795
1473
1226
1380
1129
940
952
911
892
700
743
959
322
39
30
219
262
247
340
-173
-381
-426
-377
-406
-380
-188
-453
-873
-853
-1097
-1254
-1027
-749
-687
-1337
-1285
-1118
-1674
-1616
-1275
-939
-901
-1426
-1276
-1395
-1479
-1108
-881
-471
-702
-775
-633
-533
-263
-50
80
345
571
490
536
465
1013
1432
1074
1209
1508
1580
1361
1150
1821
1994
1523
1552
1246
1372
1428
1400
1478
904
1055
1055
601
404
419
839
320
-277
-72
-227
-358
-561
-432
-436
-944
-973
-1126
-1380
-1085
-823
-853
-1278
-1514
-1016
-1440
-1362
-798
-590
-631
-1410
-1056
-931
-779
-304
-457
-385
-651
-381
-194
-346
-56
44
126
-105
59
144
-2
178
223
391
-8
33
320
38
-16
166
327
109
-267
-4
228
-150
-46
282
517
129
-184
184
347
516
500
559
652
597
529
450
768
1172
1261
853
572
671
802
1037
1150
1075
646
665
482
251
319
424
857
76
-186
-307
-513
-360
-766
-494
-669
-706
-778
-1581
-1696
-1246
-896
-1112
-1523
-1251
-1130
-1564
-1448
-1226
-932
-499
-702
-773
-941
-631
-14
-83
516
145
-141
366
847
1174
722
1327
1478
1025
1028
1516
1707
1227
1517
1472
1245
1262
1095
946
678
959
1059
380
-1
-142
22
-115
-249
-131
-595
-767
-1039
-1129
-612
-616
-564
-966
-1319
-824
-812
-531
-762
-376
37
-751
-409
-415
55
245
48
572
113
173
346
408
660
465
424
418
481
424
268
92
280
278
-15
-32
-331
-113
-281
-647
-442
-400
-523
-1004
-1006
-771
-673
-843
-881
-769
-966
-749
-633
-494
-465
-424
-157
-267
20
-34
331
518
36
665
445
783
848
957
1324
310
1096
991
930
1156
818
1139
130
441
815
393
230
161
200
-658
-409
-142
-166
-569
-816
-431
-1119
-760
-678
-799
-816
-894
-292
-780
-908
-551
-219
-181
-29
218
91
117
59
613
412
616
1123
775
787
394
955
1054
780
1178
888
754
406
616
854
337
111
295
48
-310
-371
-283
-244
-814
-671
-759
-852
-827
-1007
-769
-1072
-828
-979
-1160
-875
-756
-392
-804
-679
-374
-205
20
-95
503
505
455
581
525
930
977
1290
1332
979
1189
1193
999
1161
1409
1568
1183
720
824
676
705
674
578
401
7
-69
-311
-405
-548
-296
-437
-1002
-1139
-1178
-932
-1122
-1124
-1273
-1390
-1280
-1499
-1340
-1331
-1114
-1024
-1283
-1003
-996
-1133
-949
-635
-363
-328
-322
-418
-545
-290
71
199
227
91
145
114
147
405
510
549
386
325
251
368
438
474
503
445
537
166
140
437
600
671
421
305
382
428
672
705
514
537
538
849
655
470
926
976
983
756
745
929
774
879
882
823
748
485
228
157
319
387
94
-77
-56
-458
-513
-523
-520
-381
-719
-791
-1212
-1162
-966
-1088
-880
-1319
-1107
-1132
-1258
-1082
-1106
-707
-916
-789
-643
-687
-439
-440
-53
-53
-167
135
74
340
442
586
847
572
790
768
796
1050
915
1209
1012
961
1167
785
961
886
867
946
643
860
582
355
541
448
323
-133
-127
-5
-160
-62
-308
-439
-757
-885
-567
-737
-701
-901
-884
-895
-1204
-947
-1048
-1144
-985
-816
-996
-1169
-1163
-980
-775
-893
-602
-827
-911
-844
-833
-553
-573
-462
-424
-343
-446
-353
-415
-127
270
155
226
-77
207
420
418
659
751
938
674
705
911
1099
1230
1254
1572
1291
1335
1123
1305
1714
1264
1533
1234
1340
1186
979
1210
709
875
674
702
666
287
310
-84
-107
-79
-139
-104
-648
-569
-441
-749
-702
-952
-847
-794
-893
-645
-1003
-1137
-964
-977
-746
-687
-532
-670
-983
-781
-548
-420
-462
-227
-112
-306
-344
-300
-205
-257
-138
197
216
-98
-81
-94
-23
117
323
502
13
134
168
302
372
106
509
384
264
310
339
500
236
311
463
343
484
317
283
237
362
299
55
169
173
367
58
-39
15
-36
-92
-190
-67
7
-303
-386
-328
-534
-363
-495
-284
-427
-724
-495
-706
-702
-547
-627
-508
-732
-668
-509
-824
-557
-613
-302
-504
-619
-244
-466
-186
-204
155
138
-263
146
265
487
484
336
710
474
537
690
809
1003
704
837
883
805
680
725
732
906
948
531
470
343
556
468
370
526
187
160
7
15
114
-111
42
19
-105
-385
-513
-113
-187
-189
-359
-234
-331
-634
-260
-412
-3
-287
-352
-145
-558
22
-198
-42
75
-283
208
-178
64
236
-110
271
-135
261
295
0
238
-71
260
280
146
143
-35
-49
59
0
-74
-89
-162
-77
-217
-214
-183
-343
-327
-474
-404
-293
-356
-318
-654
-554
-550
-359
-218
-432
-181
-454
-223
-285
-299
80
-131
214
-29
-78
45
-157
374
180
399
282
-33
290
-43
326
251
320
396
5
130
-98
123
228
81
106
-3
-64
-131
-169
-119
41
117
129
-103
-165
-158
-107
97
53
193
41
-81
62
-42
165
141
185
324
48
170
73
108
217
161
398
129
126
226
-9
186
110
92
224
84
157
-28
-30
37
28
77
-53
37
57
-2
-153
-91
13
-14
-20
-12
86
-102
-134
-93
-130
64
133
49
57
31
-42
25
0
134
306
120
289
98
-3
111
48
491
240
166
153
55
113
-47
238
187
244
35
-183
63
-93
-65
-197
-105
51
-244
-209
-503
-482
-263
-416
-307
-432
-447
-496
-569
-587
-417
-302
-440
-304
-566
-444
-379
-383
-98
-389
-179
-230
-302
-37
-259
41
24
-4
211
-20
142
185
240
271
267
265
341
316
148
471
268
360
395
301
450
184
277
246
374
283
124
263
205
200
48
112
155
151
175
-104
-66
41
-26
64
-43
2
21
-122
-19
-66
46
20
-37
120
-28
21
-38
-73
-74
-76
42
40
-27
-236
-136
-200
-80
69
-64
-6
-224
-74
-165
-236
5
-82
129
-171
-67
-112
-229
-23
-97
197
-42
39
-90
-92
58
9
199
96
246
121
72
134
81
276
306
253
292
198
58
78
125
152
167
134
102
-30
-5
-130
-38
4
-234
12
-140
-123
-155
-310
-186
-317
-53
-138
-213
-138
-373
-164
-198
-222
-59
-141
-72
-123
-75
-81
-180
11
12
76
-86
7
39
-83
150
-94
180
154
21
190
-39
116
-9
83
187
35
177
20
69
33
53
112
111
113
-53
115
-19
110
146
-3
59
-9
18
90
14
30
-5
-206
71
-155
-53
-79
-186
117
-248
-89
-196
-131
-13
-240
-21
-109
-173
-166
-157
-139
-5
-92
-207
-155
-232
-41
-29
-105
-54
-67
4
73
-65
43
41
143
269
55
220
128
117
278
230
385
275
165
227
189
402
344
388
199
186
260
113
350
112
229
33
34
128
-94
56
-31
10
-61
-81
-118
-192
-210
-157
-70
-217
-234
-205
-361
-157
-215
-127
-108
-343
-31
-384
-239
-97
-222
39
-116
21
-6
-193
-46
25
112
161
32
-62
-66
49
109
190
103
128
54
36
227
-16
169
105
73
291
-15
155
190
-7
191
8
70
189
13
54
-84
95
73
-78
-23
24
-42
-65
-76
-212
15
-280
6
66
-220
-22
-335
-61
-143
-161
-34
-276
-126
-237
-182
-101
-278
-150
-141
-195
-77
-290
-288
-279
-214
-47
-142
-29
-164
-162
-188
-61
218
15
85
-49
96
80
67
277
86
370
201
271
228
175
381
285
358
307
390
90
345
302
198
442
131
307
67
140
146
-17
380
-69
71
58
-191
65
-239
-21
-53
-143
-173
-213
-264
-355
25
-162
-28
-207
-224
-29
-287
124
-171
-128
11
-65
113
-179
57
28
38
288
-56
195
89
0
228
-50
340
-171
225
105
-193
313
-276
392
-164
18
110
-287
217
-251
128
-158
-120
77
-318
17
-173
-14
-39
-154
35
-232
92
11
-26
-38
-114
100
-86
21
-55
57
102
-33
125
-33
80
16
-67
228
-82
4
-8
-215
38
-238
-37
-98
-267
-98
-262
-98
-315
-87
-160
-288
-110
-388
-43
-284
-98
-106
-201
31
-183
116
-174
133
53
28
155
-52
312
13
229
94
189
289
167
291
51
373
180
279
368
99
257
166
155
202
223
190
71
57
37
-49
-22
12
-76
-119
-127
-101
-140
-164
-177
-78
-85
-188
-7
-140
-33
-200
-70
65
-45
238
-268
143
44
62
185
-35
306
82
264
-27
96
293
230
213
108
113
201
119
123
130
-73
210
18
-23
-119
-33
-64
-66
-98
-193
-18
-123
-157
-244
-145
-115
10
-99
-229
-202
-85
-105
-121
-144
3
-52
-164
-155
-169
96
-143
55
-58
-54
111
-78
44
32
95
77
-21
97
2
132
30
-31
182
-182
166
-222
-37
-83
-318
159
-342
102
-280
-138
11
-373
172
-289
73
-54
-336
283
-457
133
-44
-162
281
-349
367
-289
176
123
-145
367
-206
305
-22
122
111
60
309
99
174
191
0
225
44
-34
208
-159
270
-283
34
-82
-163
110
-426
217
-240
81
-72
-224
132
-264
85
-12
-86
37
-86
44
-89
102
131
7
329
-131
341
119
132
420
13
487
27
392
310
105
595
53
320
201
79
506
-141
335
89
-105
355
-281
312
-82
-42
-19
-240
89
-306
-13
-321
-213
-308
-239
-204
-363
-173
-524
-101
-456
-210
-181
-473
108
-533
-60
-247
-285
271
-428
173
-287
-7
192
-255
356
-249
243
31
-72
347
-215
248
40
-33
201
-124
203
76
14
52
-7
146
1
79
-49
62
5
55
-104
-79
91
-186
119
-331
-48
-44
-206
169
-303
137
-179
10
105
-260
215
-237
177
-120
-31
95
-160
269
-198
138
-103
110
26
-39
153
-178
251
-203
263
-89
14
176
-187
410
-291
265
4
-30
175
-180
339
-113
130
54
14
114
-4
95
127
93
71
122
-61
250
-13
186
222
-69
299
-34
230
209
34
332
-70
333
-21
-16
434
-222
432
-88
48
286
-290
315
-276
118
34
-169
196
-392
148
-177
-98
14
-229
-13
-321
34
-453
25
-303
-205
87
-589
234
-601
153
-164
-306
251
-555
353
-438
1
6
-370
262
-498
121
-92
-129
192
-318
76
-181
82
48
-87
210
-147
176
-84
-4
164
-80
137
62
-23
18
-57
-29
108
-57
122
-98
-14
96
-268
165
-44
34
186
-266
143
-152
-56
138
-266
291
-141
-58
192
-327
89
0
-31
147
-235
114
-65
-91
206
-217
360
-144
46
253
-270
387
-107
285
110
-14
283
-66
249
-36
234
96
112
255
26
149
111
210
124
128
119
100
62
159
100
54
210
-10
-1
150
-94
162
65
-104
169
-85
-14
-78
22
-60
-87
-4
-149
14
-143
-57
-229
-19
-111
-258
144
-361
23
-228
-162
55
-355
126
-302
27
-124
-187
5
-100
48
-109
132
-252
101
-63
-61
172
-165
160
-99
37
41
-84
173
-44
59
39
-23
48
-62
27
18
36
-14
14
-31
-93
-88
29
112
-97
-27
-37
-37
-2
-160
13
-59
-69
-82
-176
-40
-261
138
-157
-122
21
-315
55
-214
-58
-22
-31
-28
-117
-52
-69
39
104
14
-78
160
6
97
25
93
156
-1
245
-89
292
154
81
386
-97
336
69
171
258
-4
341
-24
278
234
32
215
77
173
102
110
171
53
131
27
50
183
-84
114
18
-63
-2
-12
-12
-131
-11
-49
-36
-198
43
-84
-33
-79
-238
129
-359
41
-89
-257
47
-385
140
-171
-251
63
-333
14
-220
-81
30
-219
61
-274
-22
-110
-104
146
-261
143
-204
48
31
-169
240
-175
261
-110
208
44
-114
425
-203
214
-15
151
119
-112
268
-86
226
-8
-27
196
-175
190
-54
28
132
-187
268
-229
-5
134
-269
201
-273
-63
17
-335
91
-270
-117
-72
-295
85
-243
-133
-134
-205
-4
-220
8
-185
-93
62
-149
65
-139
106
55
-122
268
-177
110
125
-86
287
-68
222
160
28
312
2
265
189
24
331
139
215
185
168
182
133
239
108
257
145
76
209
23
179
68
52
159
-170
219
-48
-5
109
-241
266
-215
25
35
-230
147
-313
-72
-112
-196
-11
-220
-63
-186
-179
-54
-292
-130
-158
-140
-72
-273
-11
-182
-152
-67
-216
74
-224
-37
-4
-231
71
-163
-19
-38
-92
10
-124
66
-38
13
83
37
154
21
144
37
63
186
-8
217
71
160
171
-33
236
77
94
125
-20
164
17
-1
94
11
106
39
-9
68
-52
-39
5
-62
5
-100
-35
-103
-32
-100
-156
-36
-114
22
-112
-89
-94
-27
-112
-140
-5
-44
-10
-71
-38
3
-16
-45
17
3
14
-44
-7
49
-16
74
-26
64
107
-50
92
-25
81
69
18
134
-46
144
2
25
134
63
121
6
151
121
35
178
23
78
155
-50
152
41
91
56
-108
202
-54
12
-17
-82
101
-112
-7
-20
-6
-3
-95
37
-82
-69
-49
-121
-9
-88
-58
-104
-8
-22
-167
76
-180
-73
-21
-154
-15
-156
57
-157
-152
83
-159
6
-67
-137
72
-85
-51
24
-44
25
-86
28
-62
-41
117
-74
83
-23
66
2
7
118
-50
131
-53
120
116
79
126
-62
177
63
-48
148
61
-81
96
15
-3
66
32
65
57
214
-21
-20
237
-59
164
39
-9
205
-146
144
-167
104
-9
-261
278
-321
140
-52
-221
162
-209
75
-186
0
69
-242
97
-148
-52
42
-113
-44
-59
8
-161
-98
7
-2
-155
-50
20
-106
-12
-137
55
32
42
-45
-51
149
-166
19
23
14
105
-73
86
16
23
-18
-30
73
-19
95
18
70
51
76
10
-42
179
-113
82
13
-10
182
-87
121
-1
139
-17
-91
208
-241
65
0
-14
91
-75
51
-73
125
-45
27
35
-22
87
-102
1
-19
-12
83
-60
-23
91
-90
48
-21
-30
48
-169
174
-85
-50
172
-258
150
-98
-31
148
-226
170
-107
44
31
-99
166
-91
46
-4
11
-12
-49
25
5
27
-149
3
71
-121
72
-69
-69
79
-151
90
-83
21
11
-161
91
-107
170
-109
-18
251
-110
113
-45
148
17
-75
201
-193
151
-32
-181
258
-206
53
-7
-81
203
-169
176
-193
25
166
-297
150
-60
30
-55
-117
97
-68
29
-119
43
79
-181
129
-88
16
32
-132
140
-170
50
-81
-36
84
-222
143
-101
-1
64
-97
29
-119
161
-33
-85
91
-90
69
-34
-4
103
-120
113
2
-17
61
-123
64
-40
45
-112
99
27
-106
138
-139
225
-122
32
141
-141
282
-81
66
67
3
193
-86
103
110
115
-25
136
80
-72
278
-175
294
-44
-57
312
-272
339
-210
109
215
-235
307
-213
115
55
-166
122
-124
39
-83
-100
-25
-63
-11
-173
-11
-151
-78
-35
-146
-11
-252
-14
-140
-120
-59
-283
36
-70
-66
-99
-48
7
-26
20
-115
199
-86
31
176
-171
207
-132
104
24
-133
296
-224
180
17
-67
220
-231
229
-76
-29
253
-113
262
-108
51
119
-102
241
-185
108
32
-117
92
-133
105
-140
34
64
-151
151
-169
70
14
-99
76
-188
92
-148
-32
35
-143
158
-194
54
13
-126
99
-224
111
-41
4
38
-153
230
-167
142
1
-38
123
-202
275
-209
58
72
-118
249
-221
240
-54
-12
210
-183
255
-42
36
112
-15
32
23
181
-65
110
92
48
116
54
157
-22
135
119
12
179
0
86
62
-17
100
51
55
-47
54
-51
-6
60
-95
13
-66
-20
-67
-73
-116
-116
-31
-120
-155
-126
-82
-139
-71
-159
-108
-89
-218
-9
-186
-116
0
-225
-4
-181
-73
1
-173
-62
-134
55
-110
-53
28
-140
70
-1
16
12
-36
161
-7
77
89
-5
189
-12
116
78
-15
131
103
82
65
193
70
94
82
25
162
-38
51
132
-10
93
14
39
54
-32
27
36
60
4
-13
57
28
38
3
-53
41
-47
-42
-85
3
24
-152
64
-89
-10
1
-114
8
-104
-18
-117
-39
-82
-74
19
-48
31
-169
32
-14
-56
117
-213
95
34
-142
120
-88
108
-3
13
126
16
119
27
86
57
145
-42
133
84
-32
122
-8
192
-44
77
65
61
80
-48
19
7
74
-102
93
-30
-37
98
-80
-5
-4
3
-64
-28
-33
-128
-6
-153
-102
-49
-121
-42
-141
1
-104
-32
-17
-106
-50
-59
-28
-124
29
-119
27
-6
-88
131
-133
-11
-44
-32
100
-116
39
-1
-51
75
7
10
-16
65
-10
-10
61
37
43
16
9
10
110
-16
41
62
94
54
-9
111
-28
108
-56
8
50
-41
81
-2
45
-50
107
-84
15
38
-102
156
-160
91
1
-82
148
-135
94
-30
-39
27
-92
97
-56
7
-41
0
30
-58
-47
-47
88
-19
5
-20
44
-55
21
-4
-31
57
-117
117
-112
65
58
-110
42
-88
147
-21
12
11
-14
142
-35
128
-7
53
82
4
167
-65
113
-8
-22
119
-44
79
4
-20
14
32
-43
-2
-43
-70
36
-77
4
-93
-68
52
-105
13
-33
-64
-18
-53
-11
-71
-14
3
5
-25
-30
-38
31
-19
-124
42
-53
-18
-52
-115
52
-16
41
-90
-40
55
-81
83
-49
42
19
-47
32
-75
17
-83
-13
-43
-76
-4
-74
10
-13
-44
24
-1
64
-60
-17
143
-105
59
-9
-3
55
-81
130
-55
41
-16
-33
122
-64
57
-67
48
60
-14
98
-59
15
35
21
60
93
59
96
83
63
128
44
87
77
53
121
-21
94
71
9
188
-9
139
26
28
126
-19
119
-49
4
-11
-11
-25
-97
-16
-67
-22
-41
-120
-17
-99
-90
-8
-182
-25
-150
-125
-9
-142
-44
-152
-76
-58
-145
-32
-100
-65
-11
-125
-2
-35
-73
23
-99
37
-16
-77
55
-53
50
-10
-20
130
12
48
41
55
59
72
142
13
117
88
67
90
31
73
57
109
-14
116
19
22
110
-28
126
-69
44
34
-32
77
-98
46
-54
-48
-4
-89
28
-171
-5
-21
-101
32
-158
9
-65
-73
-69
-94
13
-124
-17
-50
-24
-34
-86
-82
-83
41
-43
-14
-35
-15
-26
-5
123
-66
49
150
-8
89
47
-16
157
63
75
120
43
107
50
123
69
17
100
51
53
95
13
56
82
-21
117
42
66
28
-16
136
-64
55
9
-86
76
-113
-2
-22
-19
26
-140
81
-165
-41
-37
-247
47
-297
-50
-59
-209
0
-236
15
-80
-152
-38
-85
3
-77
3
-72
-47
-5
-124
65
-39
8
33
-39
116
32
81
57
70
77
13
9
92
78
67
75
28
175
14
112
67
4
159
-12
103
43
11
77
-19
110
3
10
61
-26
101
-29
-39
-26
7
-10
-37
-19
-54
-4
-129
66
-49
-56
65
-158
59
-77
-117
64
-192
7
-44
-107
55
-189
13
-93
-114
4
-152
45
-93
-73
17
-64
37
-53
9
59
-57
27
23
-76
66
20
23
114
-11
78
19
72
78
-9
172
6
135
73
-2
174
-82
165
0
94
161
-101
220
-110
122
19
-29
126
-187
166
-138
38
41
-136
80
-157
96
-76
-56
0
-117
19
-123
-22
-74
-95
-15
-73
-38
6
-56
-19
-12
-13
59
-41
34
26
16
62
-14
22
7
26
0
41
50
-81
50
-39
0
75
-118
42
-71
-7
26
-99
61
-120
54
-32
-63
100
-108
81
-90
57
22
-92
167
-132
135
-16
-45
114
-152
103
-108
20
6
-119
77
-41
59
-39
16
-31
33
39
-32
138
-77
58
0
-7
84
-59
46
-41
75
85
24
79
-20
25
-13
19
-6
-36
2
-40
6
-12
7
3
37
-22
8
32
-41
39
-54
35
-14
-18
71
-107
56
-10
-56
69
-103
25
-15
-49
50
-128
27
-56
-60
73
-120
58
-86
-38
41
-66
105
-99
85
6
-5
113
-93
118
-71
54
-10
-79
131
-168
105
-30
-5
66
-87
132
-119
38
1
-7
57
-57
23
-40
58
-19
82
22
35
106
54
90
6
115
-60
73
25
-28
71
-88
104
-105
-16
-19
-90
62
-143
39
-101
-22
-14
-88
61
-148
87
-119
-3
13
-143
91
-161
73
-117
-14
80
-131
76
-130
44
-42
-31
61
-102
68
-41
29
41
-41
86
16
42
60
15
86
89
83
109
37
57
107
0
125
27
28
102
-85
94
-45
76
29
-67
83
-116
87
-55
-1
-8
-92
38
-130
15
-144
-63
17
-115
2
-112
-10
-86
-57
-31
-108
38
-136
33
-83
-54
4
-180
142
-155
76
-37
-130
157
-166
155
-72
33
29
-69
164
-124
119
-5
73
84
1
143
-45
144
10
-13
73
44
43
1
73
-14
126
-4
78
68
13
141
-119
170
-53
-7
85
-114
136
-127
12
-56
-77
28
-97
36
-81
0
-21
-41
-6
-29
13
-76
60
-90
-47
16
-105
64
-88
75
4
-37
113
-112
125
-12
-34
55
-76
99
-31
45
68
-51
104
-37
-16
41
-83
99
-18
61
37
-21
96
-149
59
-80
-30
-30
-85
13
-132
74
-125
51
-51
-76
83
-102
46
-107
71
-53
28
28
-93
165
-143
105
-51
-34
68
-123
150
-158
50
71
-54
67
-69
64
-27
44
-44
13
66
-60
98
-112
114
-20
4
102
-131
179
-94
114
-16
-79
82
-149
135
-161
72
-5
-115
116
-207
92
-102
-23
70
-159
168
-157
4
-4
-132
162
-135
91
-33
13
106
-90
132
-49
43
-11
21
75
-25
110
-20
71
28
31
112
-20
87
-17
64
73
-14
157
-17
121
19
5
92
-50
151
-33
87
18
-66
65
-110
35
-43
-32
-23
-72
7
-89
1
-20
-71
-8
-46
9
-56
-26
-12
-85
-16
-92
-39
-63
-41
-44
-79
-27
-101
-11
-57
-74
-57
-53
10
-51
18
48
3
63
-9
7
35
-29
57
6
28
51
-29
47
-18
11
39
-5
75
-22
35
-12
-14
36
-78
34
-29
45
63
-42
51
-22
-4
-6
-44
35
-41
-25
53
-38
22
-9
-59
54
-23
28
28
72
102
-31
97
-1
-2
25
10
68
-16
40
-28
53
21
-32
22
-44
14
-23
11
-16
-22
11
-45
-38
-24
-69
-41
36
-53
-12
5
-45
29
-35
-27
-1
-32
21
-39
14
12
24
31
30
43
34
103
-40
100
23
23
108
-33
110
-75
59
80
-22
170
-95
63
-11
-62
68
-114
105
-81
63
18
-56
97
-110
73
-66
7
-12
-44
65
-102
74
-51
-78
-7
-154
-14
-109
-47
-33
-148
23
-95
-52
-53
-66
-31
-82
9
-54
0
-21
-41
-16
-52
-29
-76
5
3
-17
10
-9
71
-22
3
63
-10
97
41
45
76
7
81
33
42
76
28
95
81
56
71
3
60
25
4
49
-16
50
34
12
33
5
19
7
26
0
-34
-20
-42
6
-23
-5
28
-59
22
-19
-3
14
-44
-17
-12
13
-59
8
-31
-20
-31
-66
-12
-99
15
-61
-22
-34
-59
19
-94
66
-29
3
34
-10
79
-60
56
0
17
52
-29
58
-37
22
19
38
61
1
97
25
28
15
13
47
-30
62
27
14
56
7
30
6
-1
-13
-19
-12
-20
-37
-19
-41
-60
-40
-76
-15
-40
-46
-12
-71
-25
-30
-48
-27
-34
-19
-50
2
-37
-49
10
-34
61
-10
37
50
-23
69
-13
69
16
-25
76
-6
50
29
44
47
-12
38
-23
20
-12
-44
84
-29
-1
15
-59
22
-63
24
-29
-76
54
-72
-18
-16
-19
7
-60
-9
-4
3
-24
-10
-18
-19
49
-13
51
45
-60
40
-2
21
12
-4
96
-1
41
12
36
38
-34
45
-17
13
33
28
39
12
1
64
44
11
55
-21
43
10
8
42
-32
26
-6
-19
-9
-38
16
-35
-20
-10
-47
-3
-65
-24
-42
-26
23
-34
14
-24
-29
17
7
-3
-4
10
-18
-24
-51
-43
4
-4
-19
-60
-22
-41
-34
-47
-53
-5
-66
23
-38
14
37
-21
52
-5
65
18
63
60
38
32
-7
72
-39
30
-4
-11
60
-60
73
27
-25
65
-60
22
-6
-39
1
-54
55
-66
-13
52
39
49
-7
70
-3
66
-1
38
22
-81
78
-72
63
-4
-64
73
-122
3
-32
-19
38
-79
9
-50
6
12
-66
23
-21
-42
-31
-7
-18
-44
-33
-44
43
-67
-21
43
-60
66
-62
10
31
-31
73
-9
81
24
-32
-11
-2
-3
0
54
13
9
12
16
-3
7
-4
-9
49
23
23
58
53
75
41
50
70
16
1
39
40
-27
3
3
-4
-28
-18
-1
-27
1
-31
2
-49
-29
-22
-69
8
-35
0
-22
0
-2
-37
14
-21
41
-37
-15
-7
-18
-49
-91
-24
-114
2
-80
-82
-4
-79
35
-19
-4
44
-5
41
128
31
20
63
10
66
-16
51
58
-4
60
-35
43
37
3
49
-23
31
7
22
35
16
19
-20
35
-61
-25
-20
-60
-9
-102
1
-16
-63
13
-51
30
16
-36
41
-45
-44
-10
-42
-19
-17
3
76
69
8
38
0
51
4
-31
31
-34
27
-3
35
48
-43
1
-3
-29
-13
7
-15
-13
13
24
29
25
32
34
16
32
35
-3
22
15
-18
-41
-31
1
-56
-70
-72
-1
-44
-36
71
-43
33
-31
-68
37
-61
-22
5
27
89
44
23
59
28
-28
-34
-10
-3
-56
-19
54
-4
-32
3
2
35
-37
44
5
-29
60
-103
74
-63
22
82
-37
107
-65
71
-71
50
-3
-121
118
-33
55
-2
141
-31
-125
208
-92
-48
-10
4
20
-70
122
-28
-42
-15
19
-105
-44
91
-65
-1
-37
116
-91
-155
57
-16
20
-86
59
11
-114
19
-111
-21
-39
23
70
-13
108
-81
28
-2
0
-6
-118
89
-67
-29
-33
-12
88
-19
77
-6
7
92
-29
-7
53
113
30
-30
88
123
15
-37
33
28
21
-28
61
-38
-40
30
-72
18
-120
-10
-81
-62
69
-124
26
-21
67
3
-110
112
-25
28
3
-39
42
-78
54
7
19
50
4
103
-16
61
-16
-48
64
-40
-2
-15
68
29
-59
66
45
7
-9
-6
22
24
-45
-7
23
-42
40
-37
31
54
-44
46
-16
33
-44
-80
48
-51
-79
-65
8
-82
-111
-2
-70
-8
-84
-30
0
-69
78
-15
51
61
-25
69
-11
-24
8
6
10
-16
-35
-25
-53
-36
-32
-70
39
-16
-24
-8
-32
15
-40
48
54
38
0
12
48
-58
-28
9
127
12
-4
101
41
81
-44
79
47
13
86
-14
104
-3
47
75
53
89
-15
74
-10
16
-16
-33
57
-56
-17
-31
3
3
-62
-15
4
1
-23
-30
-23
7
-53
-42
0
-52
-56
-28
24
-4
-73
-73
36
-12
-91
-6
-17
38
-44
-56
26
-42
13
-31
7
23
-60
2
-3
29
-10
-6
42
4
39
-45
39
-22
-35
45
-47
84
-50
4
26
-54
47
-70
42
48
-6
29
-31
66
-13
3
37
-2
49
-29
63
-33
10
31
-18
139
-6
81
59
4
48
-57
80
11
-10
32
-68
22
-25
-22
12
-9
-21
-39
0
-20
-5
-57
-3
-7
-61
-2
-28
-26
-42
-61
-13
-38
-67
-39
-41
-11
-41
-39
-11
-8
-48
-29
23
-19
17
52
73
53
34
48
30
40
-5
24
43
-37
41
16
36
58
-6
81
-2
32
3
-44
27
-11
38
15
55
21
9
88
18
15
4
-7
0
7
1
4
6
-44
-11
-36
-17
23
-18
-32
-26
-23
-33
-37
-71
-19
-89
-41
-43
-104
7
-73
10
-26
-22
18
-39
39
-25
24
8
27
35
-31
34
5
39
5
51
89
19
97
-7
66
31
-64
56
-71
32
-8
-38
83
-39
24
-26
1
28
-47
12
-31
1
-21
9
-9
-42
5
-25
36
-6
-5
4
-31
37
-4
-2
25
-57
26
-41
-67
13
-92
0
-13
-10
11
-46
22
-29
-21
-28
-14
0
-16
53
0
26
20
44
68
-15
37
15
-13
31
31
18
44
26
59
45
51
78
33
62
25
25
-9
4
40
-14
44
33
5
26
-18
-20
-33
-24
-26
-69
-17
-24
-31
-10
-37
-37
-71
-47
3
-30
-42
-49
-25
-7
4
-35
-32
-3
-37
-10
-64
-42
-28
-42
17
-41
-41
13
-35
-35
-24
-13
13
-19
-4
-7
12
25
18
25
15
20
5
-2
-20
-2
7
-3
20
40
53
76
94
78
51
35
65
20
-12
25
4
41
44
4
38
-16
12
-8
-37
54
8
50
12
18
26
-19
48
-3
24
47
12
3
-7
-12
-13
-31
-43
-69
-42
-25
-13
-5
-38
29
9
-20
-15
-3
11
-16
-10
12
23
-6
-16
3
-29
-15
-39
-38
7
-74
-20
-9
-39
1
-54
-27
-15
-41
-8
-10
-16
12
-3
12
44
16
23
-10
-12
-6
-9
2
-18
5
0
-29
-17
38
-9
5
4
7
9
-29
16
-16
-8
-22
-14
8
-11
8
34
26
28
7
2
47
-4
4
5
-4
3
1
20
6
0
29
18
-19
16
7
5
31
31
21
6
-24
-9
12
19
9
-5
28
0
31
30
54
31
25
52
-21
0
-19
-27
-45
-2
-30
-61
-10
-24
-9
-67
-27
-17
-16
23
-5
1
-5
0
8
-9
3
25
19
11
2
-42
-59
9
-7
35
39
12
69
28
64
42
40
77
10
81
50
-11
34
-45
-2
-26
-44
-14
-60
-13
-41
13
-16
-30
-4
-47
20
-35
-26
-15
-21
-26
-67
-3
-47
-80
-41
-22
3
-21
-30
-53
-68
-26
-57
-8
-41
-94
6
10
44
0
13
62
31
7
-6
56
33
32
54
26
35
35
-1
7
-21
-8
-21
-13
19
-6
38
-45
43
4
-32
50
-15
86
1
-10
26
-6
17
-12
12
-7
-12
-13
49
70
33
7
22
52
21
22
-1
-3
5
10
-47
-12
32
-22
18
3
40
11
-6
40
-2
38
-11
11
31
-8
18
-31
21
-19
-54
56
-27
-19
-11
-65
22
-50
9
18
-26
60
6
31
5
32
40
-10
10
-31
-7
-79
-56
-35
-59
-19
-75
10
-12
-44
-28
-40
6
-86
-45
-22
-109
-49
-72
-24
-29
-58
13
-18
34
35
51
26
63
88
51
41
-3
12
-9
2
-31
-11
-14
31
6
4
47
-12
67
34
66
48
41
39
-33
9
-33
-8
6
-39
-10
-10
3
-5
-45
29
-23
13
41
-12
64
-23
6
-28
-6
5
-43
29
-37
-13
-48
37
28
-19
51
50
69
-3
21
60
34
36
1
-1
-13
-66
-22
-77
-25
-13
-8
44
-15
40
-6
3
11
26
-8
-15
-4
-18
-10
-21
28
-28
6
16
12
12
-1
9
11
12
3
1
-4
-3
-18
-18
-34
-35
-44
4
-54
16
10
-20
66
-40
19
-18
7
17
-10
13
-54
-4
-29
-29
-20
-15
-15
-17
-1
-20
1
-3
38
30
-52
-19
-33
-30
-7
-36
17
-9
-12
6
19
28
0
54
27
60
41
6
64
-3
45
41
22
47
6
32
10
-18
-13
-4
-15
32
12
29
30
11
41
-5
46
12
-31
-21
-28
-61
-22
-18
-42
-39
-46
18
-19
-3
-40
-19
-3
-53
16
26
-10
-2
2
-9
-20
-28
-17
-49
-24
-2
-2
0
0
3
36
10
-36
-10
-18
3
-17
-14
22
31
5
9
25
16
35
38
44
29
56
17
-36
21
-22
-24
34
10
21
-7
14
-8
-10
44
-38
5
48
7
32
3
-23
12
-10
-16
6
-31
-60
-25
-38
-20
-47
-25
25
-20
22
-13
-5
4
-29
3
9
-1
28
8
-4
3
-7
9
-8
-1
34
75
45
29
56
50
6
44
7
6
-13
-79
-2
-25
13
-31
17
-13
-31
24
-34
66
-37
-1
7
-73
18
-29
-21
-17
-12
-32
-12
36
-36
-6
-11
36
-62
-8
42
-78
32
-65
-19
-43
-60
3
-67
-10
-3
-25
-27
-11
-24
18
27
24
0
3
32
-1
6
13
28
68
63
63
60
57
66
9
34
47
56
-2
9
39
-18
