2
-19
-12
0
0
-12
-23
-16
0
-23
-16
-19
-7
-10
-25
-6
7
11
7
10
7
12
-8
3
11
9
-15
-13
1
-14
2
-2
9
3
6
-4
-9
-23
-34
-22
-17
-19
-19
2
-1
2
-10
-22
-20
-1
-2
7
14
13
2
-9
6
1
20
3
9
-2
3
8
3
11
-5
-1
-10
1
-12
6
11
6
3
6
7
6
10
6
16
0
22
28
34
28
38
31
19
25
3
16
19
24
19
26
16
6
17
6
-10
-5
10
-10
-4
-6
-9
-18
-20
-25
-34
-30
-44
-47
-48
-26
-45
-36
-36
-29
-10
-10
-2
-14
-10
-18
-4
-1
19
1
-3
8
7
12
5
24
-2
0
7
15
13
12
17
3
11
14
-5
-10
-15
-12
0
-10
-17
-3
22
3
-4
1
10
5
-9
6
0
14
25
22
31
18
15
38
44
45
38
40
42
31
35
19
1
7
15
-9
-3
7
-3
0
-3
-13
-43
-45
-38
-42
-35
-26
-32
-45
-38
-47
-58
-53
-45
-47
-48
-37
-31
-31
-20
-15
-24
-22
-5
-7
-3
1
-6
4
8
21
20
22
22
17
32
35
35
16
28
44
14
12
47
43
22
2
19
22
6
15
12
28
9
15
38
38
30
19
18
20
26
15
11
0
5
4
-3
-4
-7
-10
-1
-3
-10
9
-14
-24
-22
-18
-22
-26
-16
-22
-27
-23
-28
-32
-28
-19
-5
-11
-7
-21
-23
-23
-5
5
4
3
-19
5
-13
-18
-4
5
7
-14
2
-10
-12
-22
-10
-6
-16
-9
-13
-4
-2
13
10
6
2
3
15
8
8
4
2
-3
2
6
16
12
5
16
10
12
11
6
3
2
3
-13
-1
9
4
16
7
6
16
28
28
8
22
35
22
27
29
9
6
5
27
14
11
12
-2
-1
-8
0
5
3
-25
-20
-19
-18
-7
-25
-24
-22
-25
-34
-28
-6
3
0
1
0
4
4
-11
-4
12
2
-4
-4
13
9
-3
3
-15
-19
-16
-14
-20
-14
-33
-31
-6
-22
-35
-47
-26
-37
-24
-14
-21
-12
-1
5
-5
6
3
17
11
6
7
28
19
22
36
23
35
13
49
53
44
43
38
38
17
29
26
37
33
41
25
9
0
-9
-8
-14
-7
-13
-5
-9
-1
-16
-26
-24
-4
-15
-20
-10
-28
-19
-13
-11
-23
6
20
3
-7
-13
-24
-28
-34
-27
-20
-16
-21
-32
-1
-17
-6
5
5
8
-6
-5
-6
15
5
9
22
9
13
6
9
7
-9
-4
-7
-6
-23
-28
-22
-12
-8
-9
-2
-14
-13
-4
-4
-1
5
19
15
16
13
-1
24
17
22
33
23
22
20
21
19
28
22
8
-3
3
4
-6
-4
1
3
-2
0
-6
-6
10
5
13
6
-7
12
4
-7
-10
6
3
-13
-10
-1
1
17
14
3
22
15
10
-3
8
6
-5
-14
-6
4
-8
-3
-11
-6
-16
-11
-8
-6
-14
-12
-19
-22
-9
-31
-17
-19
-25
-35
-17
-12
-32
-19
-10
10
16
13
18
9
16
10
7
6
2
15
4
12
16
13
12
10
-7
-10
-5
-4
-2
-15
-11
-19
-32
-38
-24
-23
-9
6
20
10
16
15
2
22
10
14
1
13
23
19
19
18
21
18
21
4
-1
-9
-7
-20
-8
-8
-25
-14
-19
-27
-24
-3
4
1
1
6
1
10
12
32
29
22
38
31
40
26
43
47
25
15
15
19
18
3
-6
-3
-14
-16
-23
-22
-34
-38
-41
-31
-9
-15
-5
-12
-29
-32
-28
-17
-17
-19
-3
6
-1
10
13
10
-11
1
-2
-9
0
-7
-6
-22
-16
-16
3
5
-9
-12
-5
0
-3
6
3
13
16
16
-9
11
25
0
12
17
0
1
6
4
23
21
27
13
23
15
-10
11
4
9
-9
0
10
-3
8
-18
-9
6
-4
-2
-8
1
-6
-18
-15
-13
-16
-20
-20
-18
-16
-16
-13
-11
-9
-13
-9
1
3
-13
-6
13
1
-3
-4
6
12
14
5
2
6
8
3
3
7
-4
9
6
3
-2
14
23
10
11
13
23
3
-9
-4
3
11
18
7
6
16
4
17
15
3
-10
3
13
-8
-3
-9
-3
-6
-4
-1
6
19
-12
4
3
6
15
1
3
-1
13
16
6
11
22
25
22
10
11
-7
-5
-9
-29
-23
-19
-19
-32
-19
-13
-20
-28
-31
-34
-42
-42
-35
-28
-30
-31
-9
-18
-37
-26
-28
-14
-6
-9
-21
-12
0
-12
0
1
-3
-2
3
8
17
33
26
18
18
26
29
27
32
29
19
24
43
45
26
4
16
19
15
23
10
28
29
12
6
6
24
34
37
26
9
5
-3
1
3
16
12
-2
14
3
-5
0
14
31
18
21
13
-3
-1
0
-13
-33
-15
-7
-25
-7
-18
-34
-37
-31
-31
-60
-45
-49
-59
-49
-54
-50
-61
-41
-15
-23
-30
-31
-23
-32
-11
6
-6
20
6
-6
10
12
12
15
41
19
-3
3
11
30
16
14
2
17
32
13
38
28
21
16
14
34
8
3
5
-3
-1
-7
8
10
9
22
10
-2
2
7
3
20
23
8
28
25
13
29
29
11
16
13
19
14
3
14
15
9
-7
4
12
-6
-21
-13
-21
-30
-34
-29
-32
-48
-28
-34
-38
-26
-13
-19
-23
-25
-25
-17
-18
-13
-2
-4
-9
1
10
18
-6
0
3
1
6
-9
15
9
1
15
21
22
9
-2
4
-5
-6
5
-3
2
2
8
15
7
7
6
11
18
-1
4
-1
-7
-6
-20
-3
-9
-15
-10
-10
-18
-16
-4
6
0
0
3
0
7
1
7
21
32
23
21
23
10
11
10
7
26
26
14
28
34
28
5
9
8
-10
-9
-22
-16
-28
-44
-24
-13
-4
-9
-21
-12
-9
-8
-9
-15
-10
-10
-10
-10
-5
-2
-4
-14
-26
-15
-1
-13
-14
-6
8
6
-3
10
10
6
-1
9
8
-14
3
15
6
5
0
8
19
6
-5
-2
-6
-1
-8
-25
-18
-12
-10
-11
-24
-31
-15
3
4
0
9
14
20
13
25
32
25
25
17
35
30
20
11
13
28
14
13
3
-3
-17
-19
-7
-19
-24
-19
-25
-23
-19
-16
-10
-1
-9
4
6
2
10
-10
4
7
17
18
11
19
-1
0
20
35
41
44
7
-6
11
6
15
22
6
-5
-1
-6
-13
-5
3
-15
-21
-4
0
-11
-9
-6
-8
-10
-11
2
-5
-4
-14
-9
-9
-6
-13
-14
0
-14
-4
-29
-19
-13
-22
-16
-22
-18
-26
-39
-37
-31
-29
-22
-22
-3
-16
-4
6
-14
-16
-7
3
-9
7
3
-9
4
8
3
5
13
16
9
36
45
14
15
23
29
22
17
13
24
26
22
32
32
10
26
35
23
38
37
42
37
45
32
25
33
14
17
9
19
13
4
18
0
-6
-10
-26
-32
-46
-33
-24
-36
-16
-19
-32
-21
-10
-9
-36
-47
-32
-30
-22
-26
-22
-7
-1
-3
-3
23
15
-17
-11
-7
-12
-7
-9
-5
-9
-13
-8
-4
-3
-3
-10
-12
0
8
3
2
11
-6
4
3
-3
15
15
13
9
-6
-3
0
-12
-13
-1
3
-12
1
2
-4
1
-4
0
-3
7
-3
0
10
5
15
8
-4
4
17
20
12
10
16
10
10
-1
-5
-4
0
15
3
-9
-17
-10
-19
-13
-4
-16
-2
6
-1
1
-3
-14
5
19
9
8
23
31
31
29
24
19
15
18
6
11
22
4
9
9
-3
10
18
9
3
11
22
15
0
9
10
16
31
16
16
8
-4
-20
-41
-23
-44
-45
-29
-46
-38
-32
-37
-54
-35
-37
-35
-25
-31
-19
-30
-26
-26
-16
-6
3
16
5
8
1
16
23
9
4
14
17
4
3
-2
4
3
-3
4
9
-4
4
-4
-17
-8
-15
-8
-4
2
-16
-27
0
3
10
24
32
27
33
30
28
22
27
37
28
45
42
41
50
24
7
15
18
-3
-5
10
7
-2
5
0
-5
-3
-11
-3
-13
-15
-16
-21
-21
-29
-28
-35
-15
-12
-13
-16
-15
-15
-20
-15
-15
3
-7
-11
-18
-3
-6
-25
-15
-7
-12
-26
-6
-6
-4
-9
-6
-25
-23
8
-6
0
0
-2
6
15
28
38
35
12
-6
13
22
14
29
21
28
28
17
24
18
22
23
9
17
26
6
4
20
18
7
17
34
19
3
-13
-19
3
-2
-16
-10
-11
-13
-17
-11
-5
-12
-24
-28
-16
-21
-13
-28
-35
-22
-32
-13
-7
-12
-16
-9
-6
-10
-10
-17
-8
-5
-16
-22
-25
-37
-26
-19
-31
-34
-6
9
-1
12
1
7
12
23
-1
-7
20
4
24
26
25
16
19
30
25
21
12
15
3
15
20
22
25
29
28
3
17
28
9
3
15
18
16
25
16
6
22
23
25
13
5
8
-7
1
0
-8
-3
-20
-26
-3
-2
-17
-28
-23
-21
-34
-10
-19
-31
-17
-25
-17
-13
-12
1
-9
-14
-3
-1
-3
-4
-19
-26
-3
-13
-6
2
-2
-11
-38
-25
-26
-20
-11
-21
-10
-14
-8
3
-2
-2
-1
-4
13
13
3
1
9
11
13
26
15
11
2
9
9
-5
3
0
19
27
16
19
30
40
34
29
37
34
42
47
17
18
21
21
35
25
15
17
-1
-4
-11
-25
-31
-45
-13
-24
-31
-25
-32
-20
-38
-34
-38
-35
-22
-22
-22
-22
-12
-8
-9
0
6
14
21
13
20
17
0
9
25
13
4
7
16
3
-6
1
-6
-2
-11
-9
4
-2
-3
-6
-1
0
4
11
7
3
-14
-37
-22
-7
-22
0
-6
-8
9
1
-2
-14
14
20
18
15
10
27
8
22
36
32
28
20
19
13
9
0
4
5
1
0
-20
-10
-3
-19
-20
-28
-21
-27
-29
-23
-41
-48
-43
-29
-28
-11
4
-16
-32
-20
-13
-7
-5
2
6
6
19
29
30
22
44
33
29
35
24
34
18
14
24
7
0
5
-9
6
6
19
9
-1
7
6
6
3
-2
-19
-6
-21
-12
0
-10
-7
0
2
-3
0
-8
-4
-6
12
13
-10
-1
8
15
6
-1
14
7
2
3
-8
-10
-4
5
-17
-11
0
-9
-9
-6
-9
-9
6
-10
-16
-14
-21
-23
-25
-17
-14
-2
3
-3
3
-9
-12
-9
-3
-2
-4
9
2
10
27
28
24
15
29
10
6
11
-4
13
13
12
-5
0
23
20
12
1
7
-8
-9
-6
-22
-5
-3
-4
-9
-19
-13
-15
-9
-1
-10
-27
-23
-6
-4
-2
-1
8
21
22
21
19
21
26
12
7
16
15
26
12
-6
1
-12
-1
32
1
-13
-2
-13
-27
-25
-15
-16
-11
-6
-3
-28
-23
-18
-32
-35
-29
-35
-28
-13
-27
-3
-1
13
16
20
21
17
35
19
16
10
9
32
39
31
22
13
25
32
26
23
19
16
16
11
-3
1
4
14
12
-5
-10
5
6
12
16
-2
-2
0
-3
-7
-3
-15
-19
-4
-3
-25
-23
-17
-21
-26
-41
-39
-37
-33
-40
-41
-43
-39
-38
-19
-13
-34
-28
-37
-23
-6
6
0
6
16
2
3
12
23
33
32
23
27
27
24
16
20
37
47
53
46
19
19
28
10
2
-15
-6
-5
5
-3
-43
-16
-7
20
28
2
13
-10
7
0
-4
23
15
16
-4
-2
3
-6
-14
-39
-38
-12
9
6
15
12
-4
23
47
60
45
19
9
-7
-19
-30
-21
-12
-5
-17
-33
-29
-30
-35
-19
4
7
7
-29
-57
-77
-72
-41
-26
-14
-23
-30
-29
-15
-12
-2
10
24
24
23
18
8
24
53
56
71
76
44
30
1
-9
5
30
22
27
35
13
2
-16
-13
-6
22
39
45
18
-13
-28
-24
-6
-7
6
-14
-42
-47
-42
-48
-35
-23
-25
-7
1
3
-18
-35
-12
30
58
49
19
6
-4
-9
-3
-1
-1
7
-12
-28
-3
-24
-20
-13
3
8
15
18
-31
-45
-46
-18
9
23
3
-35
-32
-27
-22
4
22
28
42
41
49
60
54
34
24
5
8
34
28
14
-13
-6
21
15
5
4
-1
-9
4
-6
-25
-22
-17
13
0
-12
-36
-41
-25
-15
4
0
4
-22
-9
7
23
35
27
18
6
9
-3
-4
-15
-26
-35
-4
13
19
39
31
24
16
0
-26
-28
-6
0
2
14
-13
-36
-43
-54
-59
-37
-7
-22
-22
-15
-21
-20
-19
-11
20
40
46
19
-36
-38
-35
-12
5
12
17
-18
-18
-19
3
35
65
85
51
30
12
0
28
47
35
47
39
-3
-46
-72
-63
-25
26
47
34
6
-14
-13
-1
3
21
38
30
13
0
-13
-35
-31
-17
1
19
6
-21
-44
-56
-42
10
52
68
59
29
32
22
13
7
-9
-7
-22
-46
-51
-60
-83
-60
-29
6
45
39
29
41
43
45
74
69
31
18
0
-57
-91
-116
-142
-101
-50
-32
-28
-40
-49
-38
1
30
66
102
83
29
-18
-30
-43
-32
-14
-18
-10
-11
-12
-19
-37
-31
29
66
95
103
68
51
39
52
56
80
86
66
30
-25
-55
-67
-41
-41
-33
-33
-44
-38
-37
5
50
100
142
107
44
3
-24
-31
-12
-7
-19
-32
-54
-82
-75
-50
-22
26
54
59
48
45
6
-38
-42
-13
18
22
3
-46
-85
-116
-106
-83
-27
8
-27
-48
-49
-37
-13
28
50
48
12
5
6
17
26
11
-9
-21
-12
-22
-16
-2
32
16
13
33
38
81
85
59
15
-13
-36
-34
1
0
-13
-30
-76
-92
-61
0
58
84
75
50
54
64
83
70
23
0
-15
-32
-30
-22
-31
-51
-46
-23
7
34
34
44
35
40
52
59
53
12
5
0
28
31
10
-7
-43
-73
-88
-77
-84
-91
-78
-69
-47
-9
28
58
38
1
-7
-16
-16
-4
24
47
28
0
-48
-88
-61
-9
29
38
40
47
30
33
45
44
53
60
42
-3
-43
-92
-81
-82
-102
-60
0
48
28
6
-30
-28
17
47
67
61
26
-30
-72
-117
-85
21
58
34
-39
-108
-78
-14
44
80
95
86
51
7
-35
-20
57
86
46
13
-46
-66
-39
-24
1
24
45
11
-27
-28
3
29
22
10
-5
17
33
24
8
-5
-11
6
60
69
38
47
25
5
18
39
87
92
32
-7
-19
-73
-79
-26
-10
-36
-31
-92
-147
-98
-55
31
7
-70
-62
-40
-16
0
41
22
-42
-64
-44
-1
45
57
22
-1
-32
-52
7
37
43
48
-55
-130
-69
-2
47
100
72
-40
-78
-22
53
159
179
129
55
-40
-75
-50
13
75
77
-51
-133
-155
-112
7
38
12
-21
-32
-75
-48
61
128
143
63
23
43
72
113
83
57
35
1
-4
3
4
-34
-72
-60
-64
-111
-56
38
26
-38
-83
-114
-71
0
82
114
44
-42
-121
-149
-56
118
165
65
-58
-115
-91
-63
27
84
60
17
-91
-139
-115
-19
103
156
79
-52
-58
-46
1
74
116
105
54
-11
-63
-57
14
97
33
-53
-92
-89
-66
-56
-37
-6
-23
-67
-85
-82
-8
47
91
45
-21
26
76
165
159
109
70
13
24
31
65
50
68
64
-6
-20
-3
38
6
24
-4
-44
-64
-93
-19
-3
-3
-7
-9
-25
-37
8
34
25
-11
-41
-39
-41
-6
6
-47
-107
-154
-86
-26
10
-41
-115
-109
-69
1
45
97
50
26
-5
-66
-52
12
99
105
64
-11
-105
-140
-92
6
77
35
-60
-127
-147
-107
27
120
100
53
40
25
29
71
115
150
110
81
19
-37
-12
31
49
44
38
78
100
60
55
62
78
59
85
54
10
7
-6
-55
-124
-83
-13
50
16
-17
-66
-85
-60
-6
56
21
-42
-121
-161
-150
-45
36
17
-75
-132
-160
-121
7
84
53
-24
-78
-152
-126
-36
43
62
21
-49
-102
-105
-45
105
184
164
77
-40
-101
-51
57
138
103
-23
-111
-124
-63
24
97
114
51
-19
-34
23
142
205
186
120
54
35
63
101
125
85
7
-64
-108
-87
-44
13
29
-3
-88
-183
-149
-18
72
130
105
1
-50
-41
-11
2
41
20
-92
-166
-158
-133
-110
-48
-35
-70
-99
-97
-58
7
88
93
92
92
102
123
124
117
98
81
12
-29
-32
-47
-28
-22
-71
-100
-115
-54
32
60
82
24
-8
-20
38
87
117
111
8
-64
-120
-66
-28
-23
-18
-44
-88
-117
-124
-80
3
70
116
50
-58
-87
-48
1
112
171
66
-103
-185
-88
60
143
158
69
-88
-144
-98
-59
-25
14
32
-3
-35
-77
-54
98
174
202
129
9
-5
27
69
80
82
51
-18
-88
-80
-30
30
79
101
24
-54
-26
50
116
133
101
-7
-48
-53
-10
-20
-66
-61
-90
-108
-124
-91
-56
-6
10
-27
-92
-94
-48
9
73
48
-22
-101
-109
-32
89
115
39
-26
-111
-191
-139
-1
33
-9
-18
-16
-21
-16
40
94
142
218
180
80
-27
-68
-43
16
109
109
0
-106
-135
-125
-16
79
127
89
-31
-68
-68
-9
87
142
128
57
28
57
59
25
-13
-3
-7
1
10
-18
-80
-159
-130
-96
-68
-24
-1
-19
-34
-56
-119
-135
-43
75
114
95
40
21
73
141
131
70
-53
-126
-39
42
44
-75
-218
-272
-126
98
218
188
21
-127
-158
3
173
217
161
25
-36
-79
-108
-42
51
115
119
13
-145
-227
-205
-69
73
125
70
-40
-86
-55
12
50
23
-51
-47
12
47
60
11
-29
-30
41
130
146
129
79
11
-33
-117
-129
-8
88
122
50
-120
-242
-153
54
230
242
77
-123
-222
-146
11
158
234
160
3
-101
-110
3
106
123
48
-101
-210
-237
-163
-78
-23
-15
-46
-57
-43
67
140
117
20
-82
-49
54
146
120
41
-72
-129
-95
-13
43
-8
-75
-104
-59
19
37
-1
-2
6
78
129
98
-25
-135
-151
-72
53
63
12
-113
-190
-146
12
173
243
200
54
-16
-19
48
82
92
105
46
-10
-47
-63
-19
57
94
22
-68
-127
-122
4
84
69
-13
-51
1
89
148
111
42
-48
-58
-26
-16
-26
-88
-84
-48
-32
-48
-69
-88
-64
57
97
-12
-82
-115
-114
28
163
164
69
34
45
115
186
165
81
-43
-92
-131
-138
-119
-103
-60
-48
-49
-66
-54
-10
0
-3
13
38
51
69
68
21
-66
-88
-6
44
51
6
-109
-113
3
50
-9
-138
-188
-133
34
218
218
72
-147
-174
-62
74
174
130
47
-16
29
51
28
62
109
85
-20
-161
-248
-246
-86
76
43
-43
-129
-2
224
352
315
143
16
-60
-16
-12
-64
-123
-143
-126
-119
-82
-35
26
85
173
212
126
39
17
34
161
255
206
6
-160
-122
-16
8
-85
-164
-228
-211
-126
-113
-150
-96
6
96
107
73
78
111
193
169
55
-82
-142
-90
31
80
-39
-168
-248
-227
-85
19
19
-30
-88
-48
34
114
102
76
101
135
189
96
-53
-153
-140
-36
49
26
-94
-192
-162
24
192
224
105
-31
-39
41
115
96
16
-72
-98
-55
-15
-4
-9
29
54
68
17
-35
-36
13
96
104
88
-8
-45
22
164
203
88
-27
-134
-128
-66
-25
-110
-200
-197
-86
28
37
18
-19
-25
-44
-31
-48
-48
-32
1
30
-40
-63
-88
26
142
216
237
75
-4
-47
20
-35
-120
-155
-276
-195
-59
62
25
39
127
177
230
156
65
43
63
183
208
13
-79
-89
-20
-25
-57
-147
-258
-198
-79
-27
-108
-146
-113
50
250
410
324
112
-7
-26
93
139
106
17
-102
-197
-160
-76
-66
-67
-53
-24
-38
-16
-24
33
98
41
22
-82
-35
155
176
149
-7
-87
-142
-161
-18
11
-69
-204
-189
-84
77
241
220
70
-63
-130
-38
68
125
113
-9
-121
-219
-208
-171
20
132
57
-40
-164
-54
138
225
206
3
-128
-178
-57
59
20
-95
-248
-177
-96
111
192
113
12
-23
158
247
255
118
73
0
-16
31
-66
-177
-278
-226
-169
-74
28
99
91
72
158
255
294
324
258
117
-7
-155
-175
-170
-88
-121
-263
-372
-395
-167
79
220
205
109
64
79
254
374
248
151
7
-135
-179
-170
-107
-170
-216
-176
-149
-16
16
14
-22
61
213
174
191
65
-13
-32
-16
-15
-26
-55
-82
-88
-112
-17
30
100
56
3
-93
-133
-72
-41
100
59
-126
-165
-121
7
192
248
269
161
-47
-119
-108
3
31
13
-4
-92
-60
-135
-165
-123
-9
228
85
16
-93
-142
97
174
274
64
-103
-182
-281
-76
7
111
146
55
97
-93
-149
-67
29
228
54
-67
-220
-221
-54
14
129
-20
-182
-134
103
324
260
87
-29
-29
129
190
164
-14
-209
-291
-220
-76
33
47
-46
-54
-1
81
90
172
194
273
216
47
-86
-92
102
185
115
-126
-369
-410
-106
109
225
104
-2
-20
-28
48
6
54
108
91
-27
-153
-223
-69
65
252
260
43
-110
-231
-108
42
148
65
-159
-303
-324
-212
-99
53
118
121
98
-19
-39
-8
166
325
360
158
-176
-288
-214
-90
-31
-198
-489
-475
-368
-123
146
233
300
112
58
225
350
397
176
-5
-194
-289
-338
-323
-195
-163
-150
-195
-73
73
285
340
334
359
264
191
19
-90
-180
-158
-69
-61
-32
-41
44
84
100
159
185
293
288
201
57
-117
-173
-60
32
38
-159
-335
-307
-125
53
148
231
98
113
120
232
250
53
-87
-184
-85
-58
-56
-155
-206
-142
-61
102
118
136
154
263
282
93
-127
-305
-205
-97
33
-66
-236
-294
-267
18
168
99
14
-35
-36
-43
-89
5
33
-13
-134
-196
-221
-218
-120
25
145
143
39
-68
8
8
109
100
38
12
-81
-112
-78
103
157
66
-103
-176
-91
43
156
164
174
146
85
46
4
58
75
-9
-19
-94
-234
-243
-133
68
199
170
109
56
54
-7
23
120
72
34
-48
-72
-67
-30
-28
-25
-20
35
177
99
37
-44
-24
10
0
64
0
63
11
-95
-43
36
158
125
16
-132
-206
-125
55
170
56
-120
-217
-93
68
187
149
13
-160
-260
-105
78
142
91
64
-28
-16
38
157
255
110
-103
-348
-360
-246
-33
132
121
46
-25
7
5
19
40
51
26
-13
-57
-134
-80
6
53
66
51
61
-26
-54
-82
-104
-82
-68
-87
-160
-140
-131
-15
58
48
95
101
130
179
242
173
-46
-151
-168
-66
66
87
65
-111
-241
-320
-232
-16
86
96
-44
-144
-38
109
270
307
237
184
28
-29
-40
57
84
-2
-110
-285
-288
-201
-99
-82
-29
115
227
292
296
224
120
98
197
269
131
-123
-281
-269
-82
44
-47
-186
-266
-162
4
211
380
324
151
-30
-41
43
98
121
1
-181
-273
-338
-198
37
194
212
25
-54
-1
256
409
286
25
-347
-499
-441
-135
102
-7
-220
-306
-142
104
309
331
172
9
-41
-25
-1
10
-37
-75
-163
-245
-246
-192
-50
18
-61
-141
-131
-2
102
146
138
-20
-63
17
176
309
228
139
-37
-151
-97
-27
10
-157
-259
-256
-214
-17
67
137
161
228
301
204
66
-87
-79
28
116
133
16
-154
-210
-191
-101
-10
20
10
38
116
129
154
175
220
171
9
-138
-165
-120
-81
-70
-22
63
145
166
187
203
116
31
-31
-52
-125
-88
-159
-154
-137
-275
-260
-227
6
164
286
392
349
265
49
-64
17
117
157
-41
-363
-432
-265
6
83
19
-64
-117
41
256
375
259
-16
-182
-165
-56
-35
-74
-173
-271
-156
-24
74
122
111
10
-53
-84
-55
34
49
92
60
-31
-243
-373
-362
-173
101
289
211
-53
-131
21
211
262
232
43
-116
-191
-167
-177
-115
0
54
25
-49
-68
-56
26
55
177
207
211
99
-4
-31
-6
50
-8
-95
-227
-193
-113
41
92
31
-3
-13
-9
-48
-33
-8
-27
54
150
183
176
133
105
96
154
165
141
87
25
-37
-35
-110
-157
-167
-214
-176
-96
57
167
256
208
122
70
185
265
204
70
-82
-132
-250
-273
-232
-187
-128
-61
4
37
67
138
123
47
-41
-10
-37
-100
-142
-201
-61
69
124
10
-68
-43
32
-7
-76
-131
-75
42
28
6
-105
-98
-77
-55
-35
12
121
169
107
24
-72
-104
-84
-88
-13
-52
-179
-224
-74
61
110
108
104
21
-63
-66
-98
-29
-22
52
143
93
89
19
-14
12
67
170
117
24
-52
20
126
120
-40
-116
-121
-79
106
146
129
-15
5
32
45
10
-56
-57
-50
56
-6
-39
-37
51
134
189
174
57
-72
-83
-71
-77
11
12
-1
-138
-178
-64
9
139
277
246
170
-59
-229
-162
-49
107
48
-37
-178
-282
-254
-73
118
174
120
-8
50
73
232
243
116
3
-141
-89
-129
-97
-107
-57
-3
-74
-97
-146
-141
-89
66
67
58
50
32
85
67
138
15
-47
-105
-111
44
90
83
-136
-244
-196
53
199
130
55
-62
-33
-16
-14
-70
-121
-138
-152
-99
-61
54
160
165
58
-35
-24
-3
114
104
87
25
-112
-150
-150
-38
-5
20
2
37
105
142
167
94
17
-69
-65
-18
-30
5
-2
-18
-13
-91
-9
36
77
53
-6
-16
-13
142
159
52
-173
-342
-325
-63
157
246
243
118
57
33
170
212
154
42
-57
10
-11
-65
-122
-133
-41
-39
-39
-117
-71
129
174
156
93
74
48
29
6
5
-7
-48
-132
-121
22
43
-8
-95
-82
-21
108
204
168
83
-42
-117
-137
-95
-105
-205
-245
-218
-158
-144
-164
-135
-110
-4
36
87
95
51
12
-31
0
67
107
4
-80
-128
-42
-37
-48
-18
27
37
-86
-52
36
151
171
87
51
39
78
159
227
248
146
66
6
35
93
-6
-121
-240
-215
-85
14
42
14
31
127
160
145
124
100
-1
-112
-159
-246
-246
-216
-119
-53
-26
-27
-9
131
215
169
49
108
213
251
151
-58
-224
-354
-268
-149
-57
10
-33
-21
83
208
236
114
20
100
193
169
82
-28
-66
-10
33
-53
-167
-159
-130
-6
101
98
-16
-139
-76
56
192
98
-129
-173
-73
91
182
143
16
-173
-306
-254
-172
-91
-77
-97
-63
-129
-139
-104
3
111
94
-23
-149
-135
-44
89
128
38
-68
-96
-9
82
134
193
132
132
180
281
261
83
-43
-111
8
44
74
20
3
-22
-60
8
18
91
152
206
203
103
-58
-108
-85
-74
-61
-88
-150
-182
-107
-47
-21
12
-26
-12
-16
-18
25
-10
-10
-64
-67
-94
-105
-105
-186
-228
-205
-42
111
212
202
155
106
85
114
72
-7
-105
-95
-68
-63
-15
35
86
46
12
1
9
36
102
206
209
165
25
-66
-45
-20
15
-11
-78
-201
-184
-77
46
107
-6
-71
-109
-48
63
177
201
24
-54
-71
-53
57
82
40
-36
-85
-94
-75
-42
-11
28
32
23
-21
43
150
208
143
17
-12
-82
-63
-48
-89
-128
-181
-140
-136
-114
-50
64
148
106
41
42
27
55
65
-21
-73
-203
-202
-145
-57
-54
-126
-95
-115
4
136
147
54
-62
-70
31
121
104
98
62
-8
-54
-46
53
85
98
73
20
62
126
233
320
262
121
44
-15
-3
74
128
46
-152
-255
-201
-29
-7
-65
-58
-54
52
81
63
1
-90
3
50
92
-29
-214
-256
-202
-108
-76
-51
-104
-116
-50
39
30
-9
-79
-60
40
118
101
-48
-86
-91
19
132
119
14
-34
-2
-29
19
80
109
94
34
-22
-30
-30
-13
34
46
0
-55
-59
20
145
158
121
71
19
-60
-82
-8
35
107
121
9
-113
-99
2
51
18
-49
-71
-66
-114
-110
-18
13
-36
-60
19
94
57
-69
-92
-103
-72
68
110
64
-107
-142
-15
118
168
113
135
68
-38
-67
-52
29
10
-87
-123
-193
-176
-97
61
150
64
52
50
67
99
186
205
118
-16
-53
34
45
-44
-126
-101
-72
-72
-98
-35
-32
-53
9
26
-13
-36
37
45
-2
-59
-33
20
23
-15
-36
54
119
107
108
103
42
26
19
50
19
-44
-107
-151
-164
-164
-51
-2
-12
-25
35
73
101
75
63
94
89
107
51
-20
-179
-238
-154
-78
-44
-72
-82
-139
-224
-189
-44
77
107
88
77
106
165
152
188
173
92
42
48
75
-16
-66
-22
32
-29
-2
130
149
76
33
11
23
100
92
59
-68
-176
-220
-161
-9
9
-13
-39
-144
-220
-121
91
176
43
-90
-137
-112
-137
-97
-114
-198
-206
-189
-137
-88
18
59
75
48
-1
18
126
194
231
209
217
157
24
100
155
191
152
104
-10
-23
113
117
12
-52
-53
-37
28
41
23
1
38
26
25
23
25
-49
-193
-236
-225
-110
45
109
20
-66
-117
-97
-73
-6
53
-5
-96
-249
-306
-219
-95
-84
-172
-199
-127
14
117
156
177
94
112
193
230
291
244
163
60
45
41
-1
-43
-69
-62
-104
-97
3
113
152
95
49
59
42
113
167
234
108
-122
-129
-146
-91
-49
-117
-210
-268
-151
-6
12
-38
-116
-77
-65
-73
-99
-118
-99
-152
-107
-15
57
-7
-41
19
74
76
47
88
174
175
85
58
27
-3
16
129
91
-43
-104
51
257
244
162
71
61
60
147
212
171
-22
-113
-50
-42
-85
-133
-25
-17
-23
-32
-6
-73
-167
-129
-72
-54
-131
-117
-99
-24
-75
-133
-174
-192
-60
61
51
-176
-213
-114
38
119
118
46
-85
-64
49
173
142
82
44
61
87
82
104
10
-94
-38
78
144
95
79
130
80
27
76
145
108
50
92
102
-50
-125
-103
-91
-96
-133
-23
31
41
36
-24
-36
-82
-6
98
33
-59
-138
-178
-200
-149
-12
-7
-94
-152
-91
33
124
148
57
-63
-120
-69
0
22
1
-39
-54
-29
6
152
202
95
37
72
219
212
186
100
-60
-136
-140
-51
-7
-19
-32
-19
-72
-83
-62
-13
36
89
127
45
27
29
68
62
-10
-23
-8
-56
-167
-204
-221
-200
-202
-120
57
77
8
4
40
51
113
118
5
-85
-51
84
145
80
35
38
-12
-4
111
251
285
150
67
22
-50
-8
68
88
-26
-183
-127
13
132
70
-2
19
-93
-40
104
179
121
-6
-30
-118
-174
-173
-139
-82
-82
-58
-35
-41
-76
-45
86
72
-53
-136
-151
-94
-105
-164
-218
-299
-364
-301
-104
26
1
-43
-83
-104
-50
83
135
113
128
96
89
87
72
58
6
-13
37
41
-9
-75
-1
114
159
225
268
284
198
88
24
36
73
115
36
-34
-67
-14
106
51
107
123
153
70
69
140
110
135
51
134
115
164
187
104
45
-28
123
169
91
29
36
35
-16
21
148
96
26
96
136
88
-69
-111
-151
-183
-148
-80
-15
-161
-303
-224
-117
-134
-225
-195
-165
-298
-350
-290
-246
-319
-347
-224
-241
-324
-310
-233
-322
-433
-319
-216
-282
-423
-278
-101
-157
-281
-198
12
29
-44
-42
-27
-90
16
187
283
243
190
230
234
295
363
426
351
213
259
309
312
164
-5
-18
-101
-168
-180
-135
-209
-333
-402
-451
-430
-327
-145
-19
82
224
365
443
634
852
1041
989
974
1101
1131
1207
1246
1366
1362
1300
1413
1520
1291
954
847
771
469
250
230
-24
-469
-716
-623
-680
-887
-1088
-1198
-1364
-1616
-1583
-1471
-1606
-1846
-1672
-1376
-1333
-1292
-952
-637
-774
-919
-748
-501
-508
-543
-400
-291
-347
-337
-62
133
97
69
176
122
12
218
419
369
205
182
241
112
32
203
320
165
-17
22
5
-116
-53
117
119
-16
103
407
512
412
441
536
474
357
525
822
779
641
540
602
660
732
912
847
609
432
449
407
252
13
-197
-468
-760
-799
-838
-979
-1176
-1209
-1114
-1123
-1028
-776
-599
-498
-326
48
370
461
528
712
1017
1267
1603
1992
2161
2201
2292
2470
2562
2436
2257
2049
1706
1338
1093
973
727
306
-188
-646
-902
-1063
-1366
-1685
-1906
-2161
-2515
-2631
-2413
-2388
-2523
-2588
-2434
-2174
-2053
-1793
-1420
-1315
-1473
-1443
-1036
-585
-362
-257
-25
28
-18
204
555
686
604
467
361
431
539
752
729
551
389
249
162
136
207
150
-54
-323
-312
-208
-147
-230
-308
-351
-397
-285
7
202
123
20
20
256
340
520
793
947
761
527
785
1122
1167
956
967
1129
1042
891
1078
1417
1463
1086
857
949
1004
836
658
634
437
209
137
147
107
32
-101
-138
-56
-30
-25
-9
120
106
-149
-341
-375
-463
-769
-1079
-1145
-1212
-1520
-1736
-1557
-1343
-1440
-1408
-968
-562
-583
-552
-207
-167
-457
-391
92
304
107
177
860
1373
1476
1583
1796
1621
1138
1169
1511
1413
913
666
431
-83
-520
-400
-345
-893
-1469
-1550
-1403
-1470
-1336
-1147
-1403
-1886
-1829
-1475
-1362
-1457
-1312
-1089
-1313
-1423
-912
-276
-189
-237
-75
147
314
504
698
684
436
341
275
244
573
973
1071
781
753
1082
1180
977
1010
1128
694
137
256
774
620
80
90
317
21
-312
207
661
205
-237
111
497
169
-96
270
462
-43
-422
45
677
368
-6
358
578
162
-80
513
802
351
62
281
455
89
-2
378
359
88
-86
82
205
-63
-36
132
-49
-223
-203
-115
-279
-600
-492
-458
-727
-1048
-1070
-900
-1122
-1079
-722
-558
-513
-568
-359
-218
-354
-193
45
146
21
107
576
786
883
1276
1619
1699
1587
1435
1658
1626
1323
1184
1080
739
106
-105
-96
-307
-733
-1017
-1019
-1313
-1781
-1648
-1395
-1533
-1880
-2106
-1807
-1887
-1959
-1636
-1360
-1402
-1630
-1336
-1061
-954
-847
-437
-56
-209
-262
124
470
532
619
773
761
464
512
1041
1283
1126
974
922
996
889
1090
1501
1323
946
698
934
1068
786
707
767
532
99
-10
228
189
-217
-321
-177
-188
-409
-343
-110
-131
-226
-223
-57
-24
-80
-28
183
201
-22
109
264
241
147
163
355
276
221
272
410
606
521
411
363
425
501
454
405
254
134
172
227
227
152
24
-117
-156
-77
-115
-289
-558
-730
-842
-1107
-1115
-1041
-1265
-1489
-1544
-1350
-1233
-1327
-1132
-921
-836
-797
-647
-294
-257
-20
369
526
685
856
1362
1733
1784
1910
1955
1936
1767
1658
1585
1278
952
585
385
38
-304
-294
-354
-531
-898
-1028
-982
-1105
-1181
-1434
-1528
-1613
-1753
-1598
-1555
-1439
-1345
-1313
-1258
-1157
-979
-794
-755
-684
-567
-408
-72
33
106
96
113
307
415
670
873
809
912
886
923
1084
1244
1357
1223
1252
948
968
1190
1048
919
607
559
451
220
201
148
137
-130
-340
-256
-469
-641
-564
-536
-558
-616
-644
-388
-161
-72
-56
34
188
224
511
585
567
630
542
641
520
558
883
827
727
634
804
814
843
925
670
750
482
445
487
175
269
-39
-135
-174
-337
-145
-520
-644
-798
-1075
-1037
-1253
-1199
-1430
-1722
-1717
-1822
-1594
-1559
-1563
-1269
-1245
-1064
-899
-716
-316
-216
7
270
547
854
1030
1400
1548
1481
1527
1637
1709
1490
1285
1215
1046
833
437
242
28
-301
-483
-725
-836
-1059
-1145
-1177
-1308
-1388
-1489
-1401
-1274
-1221
-1166
-1011
-906
-947
-993
-903
-708
-682
-703
-567
-377
-88
38
107
323
387
576
690
930
1120
960
1207
1222
1268
1385
1245
1367
1199
1104
1181
1062
1012
681
677
619
349
317
13
54
-139
-276
-210
-355
-362
-514
-591
-466
-440
-337
-271
-224
-205
-230
177
146
177
295
168
365
357
359
606
538
343
379
511
567
485
457
411
322
223
287
247
310
206
167
252
-16
177
39
31
92
-225
-147
-397
-454
-620
-824
-609
-984
-1078
-1391
-1631
-1307
-1632
-1631
-1734
-1758
-1651
-1662
-1103
-1105
-895
-679
-711
-79
94
277
805
739
964
1273
1583
1795
1646
1867
1673
1946
1946
1487
1705
1339
1188
1063
481
392
21
-351
-415
-636
-806
-1099
-1126
-1106
-1213
-1346
-1408
-1225
-1172
-1129
-988
-991
-947
-846
-819
-698
-677
-667
-470
-370
-292
18
31
169
438
349
532
527
705
983
743
820
1024
1003
924
906
917
957
837
579
586
582
195
148
39
-165
-55
-370
-361
-490
-668
-588
-417
-447
-453
-371
-664
-108
-45
-83
137
-43
144
170
328
440
517
501
418
568
550
573
745
670
533
694
495
702
750
492
639
368
414
423
293
369
440
407
273
216
139
265
208
-246
-264
-557
-877
-831
-1226
-1136
-1386
-1837
-1719
-1875
-1890
-1827
-1856
-1688
-1521
-1483
-1315
-865
-651
-414
-95
-104
368
614
770
1252
1224
1369
1684
1925
2105
2114
2126
2183
2227
1862
1657
1620
1082
809
242
-258
-309
-746
-905
-979
-1185
-1334
-1351
-1307
-1259
-1400
-1654
-1514
-1531
-1543
-1357
-1490
-1177
-989
-1063
-632
-475
-297
-206
-405
-250
68
38
120
338
140
199
353
501
863
882
916
981
1060
1135
1188
1308
1207
1148
894
797
666
541
496
51
-37
-243
-235
-215
-502
-368
-543
-368
-351
-409
-170
-318
-123
-253
-199
-214
-185
-29
-68
292
-23
84
274
401
682
584
554
632
606
482
782
427
632
537
301
584
141
552
313
380
364
114
498
33
552
114
80
274
-358
113
-579
-298
-501
-1020
-785
-1501
-1202
-1567
-1671
-1661
-2059
-1721
-1909
-1373
-1433
-1069
-616
-651
140
-191
354
485
645
1082
1092
1385
1243
1798
1855
2159
2127
2040
2376
2094
2066
1831
1610
1142
728
324
-302
-691
-1167
-1258
-1479
-1617
-1724
-1903
-1592
-1728
-1808
-1727
-1876
-1687
-1731
-1716
-1549
-1523
-1270
-1276
-926
-891
-733
-487
-472
-163
-114
161
267
593
491
707
719
814
1085
1070
1397
992
1466
1412
1638
1740
1359
1525
1278
1292
970
1071
666
440
251
-111
-24
-353
-437
-430
-385
-599
-463
-681
-449
-456
-513
-520
-735
-426
-866
-147
-663
-280
-162
-144
508
14
854
241
945
794
494
947
275
883
500
498
612
308
614
349
518
261
355
486
175
552
57
372
78
-84
-128
-640
-432
-645
-619
-960
-939
-1045
-1519
-1711
-1930
-2226
-2245
-2359
-2203
-1707
-1824
-1234
-858
-190
317
446
1083
826
1935
1951
2172
2661
1968
3011
2569
3018
2881
2480
3022
2467
3031
2129
1969
1657
732
517
-786
-1001
-1879
-2199
-2461
-3123
-3091
-3523
-2866
-2896
-2642
-2822
-2874
-2309
-2632
-1859
-2114
-1477
-1269
-1388
-745
-1015
-294
-515
18
-78
194
702
533
1133
635
1300
1023
1202
1414
1225
1820
1363
1833
1802
1721
1615
1205
1703
1161
1004
871
560
833
200
293
208
-124
-324
-522
-569
-684
-729
-767
-670
-1099
-912
-903
-612
-638
-1055
-290
-593
-106
-103
34
639
-117
852
397
894
554
232
1024
195
1073
404
1000
1047
616
1068
622
841
600
632
441
181
505
606
434
552
89
251
362
-224
-157
-540
-830
-1046
-1639
-1864
-2606
-2831
-3664
-3562
-3410
-4079
-2829
-2938
-1751
-1107
-305
1273
1451
2489
2300
3603
3905
3861
4619
3649
4657
4321
4827
5315
4171
4398
3640
4174
3150
2128
1244
18
-282
-2792
-3325
-4693
-5676
-5864
-6872
-6392
-7187
-6420
-5605
-4950
-4702
-4936
-3434
-2979
-2170
-1933
-1231
-362
-766
113
526
1210
1576
1716
2745
2726
3049
3505
3923
3682
2759
2574
1974
1604
1106
984
1065
313
242
524
864
785
830
1142
910
539
303
496
165
-672
-893
-996
-969
-1517
-1259
-762
-789
-520
-849
431
-75
175
363
-314
-131
-1630
-616
-939
-628
-534
-696
672
-115
860
1379
1431
1789
1082
1562
1433
818
997
594
841
274
499
1071
751
1249
950
1482
1090
797
1117
763
436
-267
-393
-467
-801
-1454
-1611
-2128
-3078
-3958
-4566
-4890
-5740
-5862
-5357
-4495
-3522
-2647
-520
1302
3091
4288
4804
5155
4793
6374
6677
6980
4962
4807
6685
6989
8560
5646
6087
4552
4157
4345
699
356
-4191
-4281
-6422
-9536
-9495
-12785
-10133
-11167
-11350
-9816
-10487
-5426
-4939
-3207
-2726
-2673
1209
1027
3246
2712
3361
4525
3381
4397
3737
4922
5122
4374
3738
3097
3594
2979
2316
499
-743
-1922
-3003
-2092
-2490
-2458
-3144
-2782
-976
-735
674
1706
3160
2991
1326
2119
2398
2178
1260
-292
526
-509
-983
376
224
888
-976
-758
26
-1058
-516
-1399
-875
-2302
-3671
-2197
-1936
-839
-1046
-239
1227
730
2068
2738
3394
3092
1988
2598
1880
1987
1781
1591
1280
590
1192
1625
1610
941
1816
1196
610
-245
-361
525
-1112
-880
-1107
-664
-1121
-1929
-743
-1850
-2806
-4689
-5109
-4884
-7215
-6975
-7696
-6013
-5114
-4205
-633
223
3831
5156
7568
7931
6114
7496
7959
8899
7106
4608
5824
6748
9166
9273
6157
5519
2323
4446
1836
-2344
-4749
-9571
-7829
-12575
-13724
-14468
-16018
-11817
-13122
-9769
-8411
-6818
16
532
2797
1206
2160
6798
5613
6519
3876
4934
5604
2861
3671
2431
3676
2994
1027
555
-217
-310
-1071
-1962
-4296
-5296
-6111
-4887
-2547
-2025
-610
-315
2163
4394
5487
7360
7573
8114
5601
3128
3545
2153
1377
-1116
-3394
-2430
-3924
-3062
-1984
-2936
-2113
-4297
-3554
-3080
-3991
-2288
-3870
-3368
-4291
-3635
95
317
2451
2930
4336
5949
5051
6815
6291
5524
4179
2384
2559
1120
812
112
-483
-1100
-1113
-183
263
610
79
1005
-261
-151
269
74
717
-1940
-1078
-2420
-3637
-3771
-5840
-4522
-7740
-7667
-6498
-5805
-2499
-2736
1159
2607
4230
8672
8190
9526
5133
4752
8438
6038
7053
1153
4552
6633
7832
11103
3958
6144
94
3235
2005
-5958
-6426
-14192
-8865
-13849
-16137
-14369
-16866
-7710
-11034
-6840
-4738
-4958
5260
2400
5932
2454
1735
8178
5020
8243
3557
4819
6046
1699
3509
-107
2010
1354
-2784
-3910
-6189
-4901
-5156
-5889
-7765
-7815
-6898
-5066
-245
738
2619
2613
4968
7578
7384
9593
8933
10160
6630
3668
6190
4437
4315
728
-1552
-510
-4775
-4509
-4685
-6168
-6907
-10139
-7409
-6531
-6174
-3172
-2281
211
-1116
927
5796
5794
6296
4743
6334
7013
3903
4760
4788
4472
2426
547
2079
2123
1439
628
-344
-1101
-2304
-2491
-2090
-3012
-3263
-3276
-3434
-2460
-2543
-1803
-2317
-4119
-3877
-5149
-6054
-6984
-5593
-3173
-1717
416
2811
7904
10076
13908
13882
12440
7751
5206
9522
6597
6685
-2316
585
4716
5357
9156
-1349
1270
-5152
-2852
-1815
-11899
-10364
-18905
-11709
-12513
-16272
-11042
-13772
-2023
-4047
-2319
1174
-359
10254
5071
6185
2148
369
7773
5071
7931
2947
4897
6635
2081
1880
-2707
159
-2776
-9522
-11894
-12618
-9428
-9784
-9174
-8765
-5969
-3693
593
7932
7610
7484
5807
7905
9037
5237
5922
5460
7297
3257
2364
7459
6155
7372
3095
3195
3253
-2636
-2190
-5224
-6165
-10124
-12688
-9371
-9080
-5109
-3360
-593
1641
1036
5016
6833
7172
5497
4038
4659
3499
3138
2625
3009
1442
-459
-1058
-889
-322
-1535
-1964
-4183
-3983
-2855
-1064
322
-1164
679
1041
1573
1466
1449
1874
-756
-3061
-5103
-5502
-6777
-7046
-6225
-5439
-3882
-325
3822
7254
8421
10940
14787
12310
9321
3997
7144
7772
5481
3148
-226
5987
6109
12128
6894
-403
-4366
-8129
-1772
-11930
-16903
-21926
-20683
-13808
-18729
-11772
-11290
-5253
1138
-1160
6717
3030
8733
11647
6036
5439
-2394
5528
8673
8005
7771
3445
9481
6006
2652
107
-4354
-4833
-12752
-17091
-16522
-15269
-11915
-10107
-8248
-5438
-1614
3159
9691
11603
8788
5726
4753
5345
3459
4144
3731
4896
4630
3758
9323
9240
8388
5555
1519
-249
-5230
-6897
-7367
-8682
-10525
-10643
-7442
-3416
953
3462
4930
3938
3101
3344
4226
4348
1292
1393
1160
2725
4622
4154
6323
4240
1650
-988
-3423
-3648
-5771
-6667
-8139
-7449
-4219
-1465
2690
3838
4481
5708
3738
3173
1496
-832
-3481
-7251
-7947
-8719
-7866
-7147
-3487
-954
1468
5027
6700
10417
10246
13084
10278
6985
1084
1708
8671
6852
5489
-2098
6041
11807
15613
11465
-1607
-3982
-11975
-6016
-10965
-18531
-21522
-23758
-11202
-12038
-7955
-5521
-3214
5155
-1462
2346
110
1236
8703
960
1012
-3829
3382
12254
9887
11548
6633
10372
7698
1216
-394
-8632
-10087
-11958
-15533
-14012
-11691
-4696
1785
287
22
4353
5945
5988
3611
1403
-1081
-4799
-2535
-385
2081
2641
5552
10880
6941
6001
7449
5854
1356
-6159
-6496
-4184
-7102
-6927
-3641
-1729
-617
-917
2712
3227
1070
2510
1139
181
-2965
-560
4607
2040
2621
3759
6815
5847
994
1637
-1055
-5078
-7463
-6940
-4542
-5494
-3845
1091
3292
5298
7046
8843
7678
2766
2466
1174
-3113
-5444
-5177
-2959
-5138
-6792
-3711
-3613
-6828
-7306
-2506
-196
-1712
-2011
5244
9643
10116
11689
12591
12084
6071
11522
13317
10545
709
-510
10957
8519
6279
-6072
-7402
-8690
-12131
-7792
-14016
-16857
-20141
-12438
-6041
-8100
-7408
-6168
2346
540
-2857
236
1840
7783
2797
-167
755
2271
7053
5132
7683
4345
2042
3304
-361
-2716
-9601
-9065
-2916
-7091
-11028
-5190
3397
5529
765
1786
8508
5846
1028
4356
6341
54
-5434
741
5636
955
-1301
4142
8519
524
-4788
2279
1447
-6186
-10386
-5588
625
-4968
-2698
3172
3126
750
-829
5337
1811
-3010
1041
3176
1446
-2890
3293
10295
4211
455
3450
6015
-345
-7588
-4273
-5014
-11319
-13216
-6786
-1070
-3196
-1384
5584
8091
6095
6866
9675
8211
2240
1994
3448
455
-2681
-2433
-302
-4170
-6692
-6983
-7606
-10722
-10410
-2856
-1410
-1249
2592
12120
19447
13783
10904
8801
9229
10554
7996
8220
-1370
883
8001
15095
11876
-5954
-7182
-9551
-5095
-12397
-20723
-17122
-19624
-11143
-10718
-3665
-121
-5210
4424
4568
3872
-2765
-3354
8799
952
-7767
-8028
3345
8540
101
2525
5742
5250
-1288
-5026
-4320
-11394
-13239
-5561
-3556
-6773
-2859
6851
12962
6779
3210
8971
6143
1811
2121
4155
1415
-3866
1401
6438
5211
2364
4102
6899
-1107
-7007
-5000
-5813
-7705
-10457
-7843
-2137
-2179
2836
6282
4378
2505
1128
4185
1266
-1031
2033
2528
2412
1173
6817
10183
4941
2948
2831
1625
-4420
-8378
-5433
-7171
-11583
-11298
-6054
-1837
-3161
-1270
2832
2221
1420
3163
6154
6014
2769
5988
8073
5740
3564
1501
303
-5769
-8481
-8103
-9220
-11369
-7427
971
3482
4840
7691
17460
17395
10472
4275
-88
5265
3485
6542
540
-1476
8807
13463
20972
3378
-6678
-10182
-11717
-7307
-22629
-21577
-17770
-9440
-1247
-4462
5434
3529
2034
4170
-420
-1646
-11789
-6096
2017
-4873
-7197
-3745
9643
8326
93
2929
4232
1225
-7659
-10941
-9250
-11421
-6252
572
-246
1015
4337
11056
10518
1160
1142
334
-2146
-606
2088
7617
4937
6218
11123
9965
8237
3364
4520
-1144
-10011
-10283
-9860
-7736
-7534
-6137
-1961
-565
1628
6165
3964
641
-462
172
1393
-718
3955
8071
6937
6328
5591
8178
4938
370
814
-2851
-4501
-5787
-4356
-1674
-7568
-8065
-5318
-3552
-3937
-8579
-4623
-1213
-990
-795
978
7199
7255
6488
7516
7378
4714
433
-1350
-2861
-7648
-11183
-8397
-8291
-5825
-1192
4898
8788
7404
11971
16720
14722
8207
1799
290
5122
6083
8341
1143
1986
10698
12972
12678
-7969
-12081
-16496
-13731
-11424
-21251
-12972
-11876
1503
2680
865
6776
-1630
57
-3643
-3980
-6152
-11737
-428
3177
-731
-2468
2036
9106
633
-4918
-670
-77
-4309
-11111
-9063
-4397
-3920
2104
5868
3797
2736
1827
4533
916
-4249
-1230
-2422
-1630
1654
8581
13071
7988
7505
7449
6132
1633
-2552
106
-2934
-6761
-4826
-2270
748
-1197
-3462
-740
-3510
-3266
-664
-1928
22
-1298
4347
7888
5739
8961
6547
8397
4738
1513
3060
-2649
68
223
-437
-1065
-4269
166
-1806
-6843
-7056
-6203
-4768
-8987
-9181
-2510
-371
882
927
2742
4435
2092
4884
6505
1550
-2730
-5010
-2229
-3040
-7465
-5580
-6346
-5268
-3086
3614
9734
7405
9327
15287
18231
10604
1413
970
8396
7777
6724
1982
3155
11641
13264
17574
-2668
-14005
-17857
-13408
-6725
-21927
-16380
-10275
1253
2143
-5097
5497
988
-3774
-7856
-7281
-2201
-8867
-3047
4148
825
-1100
805
7933
1281
-9497
-3934
2409
365
-9385
-12053
-2411
-133
697
1338
437
4498
2431
1470
-987
-4899
271
733
306
1972
6075
12898
8730
4013
3204
2758
4386
-134
-1242
-595
-3377
970
-476
-2226
-2609
-6512
-1067
-3867
-5219
-1883
-2233
2809
208
3774
7735
6062
7453
5118
8223
6104
3419
5238
1999
1275
6
636
1224
-3744
-3959
-3414
-6564
-5727
-4388
-2414
-5361
-8793
-716
2931
896
-1256
1117
7078
1982
-1121
2061
4078
1118
-6668
-5793
-5437
-7343
-9584
-9107
-7888
-8448
-1853
6463
10435
7469
11141
16970
17973
8043
2525
3499
4537
9543
7646
8485
3639
9539
17625
13552
-3329
-18805
-16526
-12379
-11959
-18913
-12333
-3061
3511
3603
-872
3296
-1900
-7384
-10215
-10710
-7506
-7903
705
7722
2319
-1145
1703
7962
33
-12611
-7641
2155
3782
-4753
-8465
-910
1072
1001
-524
-3835
-3335
-2944
711
-1405
-4566
2157
7875
7336
1332
2977
10541
7270
1410
-1951
551
2831
797
4354
4057
846
-1397
-827
-118
-5566
-9133
-5360
-781
-1968
-1500
1093
4712
3408
791
3944
4190
3419
2004
5563
8676
5922
3914
2744
4799
2575
-1927
-2532
-2099
-1548
-4157
-6721
-3875
-1443
-1727
-3706
-4788
244
1819
1858
982
1878
5556
2372
2064
-422
-543
-2927
-7691
-7774
-10042
-8052
-8792
-7417
-6356
-4274
2942
6089
7787
9142
12601
17572
10569
3912
820
6125
13469
7897
7052
2113
10080
12606
10169
2404
-14184
-14608
-14664
-6587
-11267
-13593
-3441
4527
5454
-5600
-5814
-205
-3589
-9118
-10488
-5925
-1520
125
7050
3789
-4175
-5266
-214
1087
-9142
-9788
1285
8008
3994
-4746
-3493
-315
-2427
-3659
-6924
-3986
-2693
-698
2058
291
3043
3849
3665
2042
972
4043
4369
2349
1473
2057
4418
4036
3319
2590
149
-2235
-3658
-3996
-2002
-1060
-878
1167
574
4793
4566
2424
321
-2848
1507
1158
1274
2059
3320
6022
3422
2984
2618
1379
784
-1945
-1206
-623
372
1440
-2168
-2049
-796
-73
-2050
-6253
-2167
2934
2696
647
55
4914
3549
-1907
-1188
-515
249
-5821
-7656
-5691
-9192
-8546
-9119
-6445
-6198
-4485
5909
8659
9037
9669
15442
18157
5875
-593
-761
8253
9578
5718
5988
5881
12469
10600
9063
-6171
-16566
-17084
-11651
-4159
-12612
-6068
1906
9005
3788
-8352
-3359
-4475
-6888
-6279
-4711
-802
-4166
2950
11221
1407
-9399
-11570
-2288
-2325
-9789
-3491
5999
7634
1059
-4773
-2603
-6376
-8569
-4834
-4090
-946
-2042
2779
5981
1716
2747
481
-63
-1615
-694
7275
6696
5253
4187
5237
7153
2080
246
-1827
-5259
-5177
-3692
23
819
-661
3149
3776
2510
395
-1859
492
-779
1275
4142
4055
5320
5006
7174
3417
-2533
-1632
-641
752
-2910
-2077
3303
3268
1170
-3766
-3617
-1175
-1297
-2359
-4086
-2089
3408
3620
1766
311
1877
3675
-896
-513
795
2537
66
-3170
-2544
-5700
-8630
-8980
-6967
-7448
-8609
-5184
3307
6177
6442
7532
9962
11292
7760
7159
5667
2001
2519
7374
11187
7026
-1267
4454
7327
3622
-9069
-15307
-7068
-8356
-4624
-5610
-411
2676
408
3484
-2823
-5692
-7778
-5654
-537
-3535
-2756
629
3991
5028
-4661
-6673
-6904
-8056
-7887
-6899
3411
6250
3906
2930
-1088
-5134
-7894
-4679
660
-4690
-4269
3743
7197
2464
-5362
445
2188
-5952
-7272
-25
8898
5708
2623
9384
8202
2528
-3645
-945
3190
-3216
-1045
2059
3688
978
-534
6751
2975
-2468
-2518
1751
4148
-712
1335
6224
5069
823
135
3145
1732
-4631
-3887
291
173
-764
-284
5165
3711
-3541
-4521
-2416
135
-3516
-5160
1617
3217
2412
840
1122
2173
-1338
738
2745
936
1275
2245
4377
-196
-4602
-1015
-2066
-4457
-9137
-7400
-4788
-7881
-5121
-3580
1160
1034
4553
9131
7342
7809
8840
12774
4459
-1492
-3774
1727
5205
1334
4107
437
5962
4213
3400
-972
-9555
-6631
-5650
547
-2457
-2177
2953
3757
483
-8124
-7042
-5981
-9442
-6306
-1885
2872
-2519
-5014
-83
-5019
-7909
-11456
-4950
-397
1253
8041
7586
6176
1208
-1610
-4713
-8891
-5249
-141
2215
3406
5479
8229
3292
-3284
-4362
-4098
-6706
-5119
3715
9241
5667
2624
4440
3127
276
-4745
-3225
-11
781
3208
4760
5786
3857
2466
3233
100
-1524
314
727
3820
2093
2926
3939
2578
238
-3748
-1483
-2474
-3659
-1369
2698
2975
-632
292
2517
-52
-5076
-5392
-1497
1528
2483
2540
2325
1701
2207
1532
-786
-1694
-204
3371
1149
-2401
-2489
78
702
-2914
-1271
203
-931
-2303
-3086
-2274
-4745
-5870
-4295
-4131
-3544
-2496
1329
3834
1617
3167
4301
4070
1022
1592
5021
987
-1707
-2760
7885
9843
6044
2418
1715
9914
4615
5848
-1148
-3796
-4418
-4636
4916
-2208
-2673
-2147
379
-3215
-15895
-10663
-7880
-8669
-7998
-5483
4419
-2074
-3728
-279
-2321
-2713
-8426
517
2980
2545
7385
7784
8391
-1098
-4551
-3023
-3652
-1756
-2045
1915
5793
4367
1306
-3738
-3741
-3261
-6380
-6831
-1455
6308
6465
2173
1657
3501
2177
323
-34
2335
6013
8966
11149
6133
1338
538
344
-1488
-5199
-2251
3305
3748
1654
297
2802
2328
-3027
-4510
-3332
-766
-2601
-2344
2336
2725
854
-2382
-587
-154
-3432
-1804
941
1953
823
1562
4255
755
-2020
-471
122
-1367
-2738
2092
3819
-632
-1997
-32
583
-3720
-4987
548
1059
-1019
-628
1893
1450
-4977
-4914
-5172
-6919
-7203
-4041
2259
2144
2274
4302
6519
5102
3031
3591
3750
-756
-2981
4702
10953
9556
815
2054
8247
6625
-22
-5925
-2742
-4348
-6240
-3644
-1607
-1043
-5431
-3354
-1873
-6041
-7666
-10288
-7695
-6493
-3904
1412
-902
250
-736
470
1044
-1773
1396
1227
4665
6773
4209
2061
-1897
-418
-795
-1060
1863
-467
-969
564
4141
1459
-7738
-6598
-2760
-3121
-5877
-565
10175
7180
335
1492
7151
4922
-2568
1207
6510
4591
-399
2458
7114
2467
-1323
-892
1932
-698
-1028
3874
3130
-392
-3210
90
-325
-5637
-3752
16
1897
-1574
-2046
3473
2600
-667
-3577
-1786
-901
-4574
-2962
490
3247
2029
1650
4002
1599
-2202
-3654
-1846
-515
-852
1247
3956
4061
2584
1610
1646
1325
-1324
-2052
-2409
-2424
-445
-243
538
-1030
-637
-201
-2376
-1843
-1215
943
506
-1135
492
828
775
85
-1029
-1589
-3100
-605
1884
356
-1814
-1892
566
-283
-2994
-2102
-149
-286
-989
495
3698
2828
-28
-1500
-108
2342
1288
-774
-927
1203
1823
-559
-1767
46
1063
-725
-2446
-1051
-661
-2006
-2093
-596
-177
-2204
-2542
-2413
-2761
-2650
-593
193
-2905
-4425
-1126
2171
640
-1671
-339
1952
1474
1601
3737
4432
2274
818
2540
4040
3402
3650
5208
5416
4225
3192
3865
2956
1128
252
631
676
-819
-1032
-1200
-1357
-2110
-2103
-2337
-2948
-2089
-1022
-1222
-2421
-1908
-649
305
17
-460
-544
-564
-288
-85
-36
366
-51
-328
-824
-770
1482
1806
1527
320
662
1267
-948
-1850
-1145
-496
-1368
-1571
384
674
-1253
-1157
158
-54
-3065
-3336
-568
-528
-1585
-1058
2490
3267
1065
1626
2954
2995
400
-1209
951
1658
1105
870
2003
3084
1838
1744
1533
-1377
-4035
-3121
95
12
-3099
-2822
-342
729
-254
-96
1222
263
-880
-389
914
-279
-2510
-2990
-2856
-2165
-1206
-370
-799
-2152
-1077
511
81
-2433
-4278
-2840
-1055
-646
-1365
-981
679
1145
821
869
880
-83
-2141
-1597
378
375
-738
-952
1961
4575
5335
5267
4304
3812
3576
2970
2201
669
288
1808
2949
3136
2756
3168
3346
1193
-862
-2000
-2935
-3611
-3346
-794
458
-39
-1176
-1514
-1158
-1791
-2055
-1901
-1479
-1360
-588
90
759
587
606
543
-15
420
300
364
-297
205
962
740
-873
-1960
-1482
-593
-747
-2186
-1034
-518
-241
-1317
-1753
-1406
-2491
-1802
-989
117
404
753
939
489
950
2270
2794
1130
-93
1075
2692
2175
1200
2080
3653
3636
3315
3212
2146
-60
-713
776
524
-1361
-3033
-2846
-1698
-719
319
-526
-2129
-2654
-2394
-2507
-3809
-3515
-2810
-2476
-1388
-42
365
-1622
-1490
331
341
-1971
-3590
-2415
-1383
-172
1836
2656
1115
332
1595
1780
-1191
-3073
-3073
-3363
-3326
-1669
1843
2188
1106
1715
3480
3309
1099
740
1900
2492
2302
3170
4073
3999
3764
3739
2147
71
-198
528
5
-761
638
2415
1802
540
1379
1552
-466
-3041
-2651
-1391
-1529
-1098
-496
-193
-1232
-995
-381
-1264
-1934
-1523
-24
-406
-685
327
1535
1979
657
190
-631
-1474
-2135
-2181
-913
-749
-384
-559
-1073
-1407
-1398
-834
-1556
-2138
-1461
-193
320
475
1202
2570
2629
1218
477
-4
-142
-914
-428
833
979
2064
2947
2881
1189
572
2030
1650
500
615
1347
1186
816
1728
2309
694
-1048
-2258
-2713
-2103
-1645
-1569
-2809
-3308
-2245
-1644
-2416
-3892
-3536
-2151
-2205
-2824
-2204
-489
293
224
381
1005
866
349
847
1946
2909
1252
-954
-1445
-357
292
-809
-1264
-1050
-842
-624
559
1712
1548
603
20
567
1871
2962
3024
2641
3489
4670
3678
1831
1020
1537
689
-940
-745
700
2039
1638
1383
1202
131
-1038
-1707
-1134
-1015
-1542
-1837
-2164
-1624
-716
38
-1001
-3475
-3934
-2178
-517
-436
-147
1375
2666
1936
948
-228
-1349
-1477
-1210
13
196
486
1158
1127
1171
385
-911
-2032
-2844
-1814
-804
-410
360
1101
2239
1666
669
-440
-1538
-1635
-1279
-503
-484
492
2298
2764
1316
-51
-342
-627
-296
971
1929
1285
1007
2709
4049
2993
548
-840
-414
-635
-711
-182
495
-9
-1947
-1326
-121
-171
-1936
-2724
-2020
-2266
-2687
-3223
-3316
-3310
-1852
-694
-703
-1400
-1221
672
846
561
-84
-426
-653
-1028
1151
2411
1581
274
271
1673
862
30
-202
-643
-872
-370
1979
2642
1921
1333
1701
2067
1019
469
458
1016
803
679
1015
1094
1545
1900
2113
1356
18
378
986
574
132
123
783
-193
-1070
-1052
-1476
-1981
-3094
-3130
-2250
-1623
-1173
-1273
-1462
-850
128
732
-31
-1204
-695
319
593
-10
-277
703
854
510
1098
1503
1324
-163
-640
429
922
1047
-69
-54
344
72
-521
-1440
-980
-396
-83
-496
-856
-322
466
409
-150
60
671
718
25
-235
35
-99
72
1004
1618
1168
200
1022
1850
1717
864
-30
-209
-733
-268
212
475
75
-516
-50
147
-8
-819
-1019
-986
-1485
-1313
-1534
-1881
-3039
-3254
-1709
-1817
-2456
-2971
-1851
-360
-607
-273
-383
-755
-829
514
2654
1872
157
254
1498
1449
889
1699
2221
1086
172
1739
2648
1570
0
-13
991
402
811
1404
1575
1160
590
1667
1100
415
657
1198
1628
481
929
1419
567
162
-176
307
-668
-2029
-1835
-1195
-723
-1359
-1653
-1905
-1909
-1308
-849
-1499
-2652
-2071
-1120
-808
-906
-655
20
-451
-847
-489
-69
88
-38
940
1672
1350
1194
1792
2437
1833
756
659
913
740
704
643
132
-817
-948
-370
-454
-1186
-1563
-1402
-838
-391
-319
-446
-888
-126
493
333
128
290
1376
1455
1294
1190
947
1010
779
805
1058
940
182
-519
-457
363
566
199
25
-166
200
200
-244
-763
-1364
-1283
-1110
-1210
-1931
-2819
-2563
-2034
-1925
-1959
-1446
-816
-569
-103
213
-255
-846
-295
467
819
845
1073
1388
1380
1489
1545
1512
654
-592
-722
214
667
122
-7
1100
1446
866
805
1431
1682
539
155
757
1314
1242
912
956
736
764
651
196
-420
-651
-68
84
-343
-995
-861
-353
-633
-1317
-1721
-1333
-1384
-1509
-1053
-520
-491
-1124
-1400
-1121
-891
-658
-324
-218
-164
-24
727
1073
387
330
1185
1577
610
196
1584
2373
1422
519
582
711
250
74
466
-431
-1324
-920
-827
-1659
-2416
-1299
-512
-1279
-1536
-574
413
225
-124
582
1248
1180
1110
731
724
1074
1819
2451
2127
1870
1232
809
833
538
474
36
-430
-698
-841
-243
-526
-1722
-2262
-2176
-2319
-3540
-3358
-1810
-1478
-1667
-1627
-391
-588
-1719
-1568
-933
-47
-96
761
1621
1972
2705
2659
1869
284
-322
133
158
241
408
726
737
755
1473
1380
671
253
374
602
770
1292
1711
1561
1223
1175
636
-405
-763
118
651
-177
-880
-436
275
407
-148
-376
-610
-1151
-1032
-625
45
-276
-893
-898
-790
-481
-945
-1160
-1137
-1270
-1001
-1062
-1016
-1271
-1347
-595
24
249
-100
-368
-309
-34
482
703
74
-141
693
1223
1102
938
1459
1360
465
662
1357
1080
-281
-662
221
162
-620
-917
-573
-346
-196
525
847
111
-58
614
1012
617
433
1320
1498
1061
1129
1839
2130
1075
465
701
571
-167
-816
-757
-1020
-1682
-1590
-1392
-1770
-2387
-2312
-1551
-1696
-2095
-1986
-1936
-2309
-2527
-1579
-870
-1129
-994
210
1189
1191
1093
1429
1321
929
1052
1131
838
635
1079
1132
583
439
893
930
255
-34
294
457
527
912
1225
1153
881
896
795
391
-86
-174
282
502
66
-112
379
887
780
193
84
-332
-663
-516
-299
-323
-636
-144
216
65
-525
-776
-590
-935
-1245
-1200
-885
-896
-1088
-1008
-914
-831
-749
-946
-1133
-1054
-502
-256
-473
-162
184
49
-262
142
789
554
382
1208
1802
1352
695
1023
1247
233
-205
372
829
443
215
878
901
328
-161
-233
-175
-280
324
1024
1037
852
1094
1525
1434
1111
1118
1009
616
362
345
128
-536
-1058
-1206
-1298
-1460
-2008
-2397
-2023
-1723
-1671
-2109
-2216
-2041
-2219
-1838
-1480
-1159
-1199
-1067
-129
346
533
410
323
430
558
1224
1524
1441
1269
1221
1473
1336
1119
1019
696
415
690
1076
1066
852
884
673
167
256
417
331
-101
-250
17
-271
-425
-346
-71
211
83
94
38
-66
-111
-36
247
281
239
362
397
546
580
326
195
260
139
-176
-244
-173
-553
-1224
-1157
-789
-669
-1089
-1414
-1364
-1686
-1847
-1750
-1569
-1495
-1207
-680
-575
-627
-246
359
520
250
342
667
742
813
1171
1534
1356
1103
1120
1491
1545
996
626
789
1055
637
291
206
439
746
684
749
772
841
840
892
948
831
705
381
-268
-501
-345
-613
-1349
-1700
-1132
-1222
-2000
-1901
-1368
-1601
-2229
-2092
-1504
-1603
-1589
-1070
-672
-659
-696
-360
-412
-518
-49
537
423
143
601
1177
1129
1004
1146
1050
830
920
1373
1389
1063
1164
1400
1083
613
526
467
59
-360
-264
-396
-705
-750
-262
206
-139
-370
-164
165
79
-28
108
30
-132
101
785
963
574
325
602
872
671
483
425
417
520
483
148
-328
-359
-204
-582
-825
-578
-312
-901
-1631
-1436
-1043
-1222
-1925
-2015
-1446
-937
-785
-748
-529
-205
116
307
178
-176
-81
499
968
792
680
918
1097
975
769
863
878
814
793
937
963
830
670
625
503
216
51
79
441
573
462
399
400
248
-185
-445
-383
-500
-801
-742
-453
-522
-687
-395
-193
-689
-1405
-1445
-1263
-1383
-1490
-1114
-701
-855
-946
-648
-502
-696
-607
-188
27
-125
-60
241
270
58
252
700
619
386
681
1224
1139
934
1207
1473
1207
783
803
721
238
-103
90
341
288
183
64
-158
-376
-300
-122
-22
60
213
399
512
639
565
366
257
308
448
553
613
569
522
602
540
79
-320
-297
-29
-132
-506
-517
-468
-621
-981
-1151
-1158
-1444
-1592
-1514
-1285
-987
-776
-602
-537
-535
-540
-586
-432
-200
-28
255
546
711
571
346
228
177
235
401
520
510
741
1240
1315
868
722
1012
1088
926
952
1188
1253
1061
818
619
354
137
-80
-495
-780
-719
-542
-786
-1028
-1036
-1031
-1273
-1657
-1374
-1000
-1095
-1353
-1188
-757
-778
-941
-957
-1025
-935
-688
-423
-250
-22
453
482
140
-20
221
304
-37
26
353
364
154
363
925
969
706
725
1041
1075
874
980
1049
871
618
612
741
598
310
131
113
194
158
75
-33
-185
-238
-140
41
219
358
444
499
390
283
283
375
301
220
301
359
363
370
464
414
176
-138
-246
-286
-450
-820
-1102
-1172
-1270
-1258
-1289
-1368
-1335
-1067
-593
-465
-622
-462
-137
11
-170
-89
226
312
337
323
397
436
492
542
371
23
-95
83
262
341
467
570
439
325
473
768
672
511
556
678
601
324
254
157
-25
-325
-522
-572
-641
-585
-594
-728
-738
-605
-510
-833
-1196
-1047
-845
-841
-963
-779
-486
-505
-543
-506
-457
-533
-467
-158
176
322
268
159
123
142
143
93
23
77
159
288
518
672
598
344
251
461
543
444
534
873
1154
1151
1018
960
767
472
209
35
112
314
466
323
329
579
618
275
-22
132
339
292
246
479
633
478
240
178
167
126
164
271
212
87
25
-100
-299
-578
-691
-833
-1070
-1067
-808
-644
-799
-884
-730
-713
-909
-1041
-973
-781
-572
-225
48
32
-39
18
194
114
-70
-11
211
343
265
292
445
542
566
593
518
386
401
413
340
306
319
260
185
140
50
-136
-243
-205
-190
-287
-388
-440
-523
-578
-539
-430
-498
-610
-525
-375
-391
-573
-676
-699
-724
-712
-681
-682
-723
-660
-425
-247
-161
-75
-29
-134
-230
-131
126
176
59
209
444
589
553
515
486
451
484
619
652
476
492
715
907
834
732
716
709
635
606
702
651
541
543
626
530
356
475
723
632
470
551
647
581
407
384
386
262
211
344
394
98
-67
100
174
-62
-377
-419
-405
-476
-516
-583
-737
-836
-752
-757
-916
-883
-620
-531
-795
-1001
-824
-576
-590
-762
-605
-326
-369
-524
-457
-153
-79
-203
-198
-75
35
113
233
296
324
295
158
85
151
283
294
217
201
301
232
-101
-298
-302
-254
-369
-379
-219
-174
-130
-82
-72
-145
-246
-328
-458
-415
-131
2
-145
-338
-284
-198
-329
-429
-385
-332
-361
-335
-184
-92
-164
-262
-215
-83
-19
92
311
429
470
627
730
599
443
508
699
721
716
819
920
890
841
913
842
694
624
684
720
577
521
584
566
444
369
405
342
142
69
139
73
-65
-50
38
28
-95
-83
60
125
42
-21
27
18
-66
-203
-290
-301
-335
-354
-383
-427
-470
-479
-505
-585
-600
-615
-607
-606
-553
-521
-474
-395
-418
-427
-494
-498
-516
-461
-429
-514
-437
-322
-268
-322
-304
-180
-86
-107
-127
16
122
190
279
295
236
256
365
362
220
134
122
65
-65
-168
-86
-38
-97
-72
27
101
35
-12
-96
-274
-292
-223
-171
-250
-268
-133
-130
-191
-180
-98
-113
-248
-339
-243
-88
-82
-92
-38
9
-7
-23
-9
85
241
369
510
537
531
567
577
595
503
498
605
738
852
788
728
660
496
363
297
336
383
291
287
501
716
611
389
302
331
374
347
394
443
542
496
357
225
110
107
20
-152
-249
-221
-241
-342
-388
-380
-464
-565
-616
-571
-624
-702
-672
-649
-691
-709
-563
-553
-619
-636
-607
-570
-546
-516
-540
-655
-678
-584
-582
-593
-602
-524
-418
-363
-262
-196
-236
-287
-218
-82
-5
127
317
432
400
337
387
426
405
349
283
217
240
323
364
330
317
330
322
300
225
114
-41
-157
-101
30
-24
-145
-121
26
26
-131
-164
-117
-132
-224
-287
-218
-87
-3
8
-15
34
116
160
132
88
180
247
212
179
261
378
338
294
300
353
376
393
470
480
496
455
366
309
329
357
305
269
287
385
432
345
290
260
251
249
206
212
287
391
420
400
370
329
251
64
-161
-291
-306
-273
-343
-438
-464
-486
-546
-621
-633
-677
-706
-794
-779
-556
-408
-398
-458
-447
-374
-342
-410
-514
-535
-477
-403
-446
-518
-429
-276
-299
-441
-445
-299
-241
-296
-252
-173
-79
-19
35
119
236
378
415
444
457
464
404
363
350
366
352
326
421
431
362
315
285
238
176
13
-97
-129
-88
-30
-83
-102
-130
-109
-133
-240
-303
-298
-297
-336
-319
-244
-195
-148
-64
-18
-109
-154
31
268
365
262
224
325
373
313
288
310
314
324
346
371
370
359
317
260
153
199
269
246
262
302
358
294
339
491
482
375
305
336
402
369
342
335
336
284
187
97
0
25
21
-2
-56
-63
-28
-124
-172
-221
-306
-379
-354
-313
-426
-565
-522
-338
-338
-510
-576
-503
-434
-445
-556
-587
-555
-613
-701
-771
-719
-630
-563
-514
-479
-461
-426
-364
-367
-305
-208
-184
-203
-150
17
76
16
7
80
60
2
85
202
263
283
331
411
404
411
465
458
404
413
590
613
451
361
382
394
200
34
6
-11
-23
-16
55
16
-127
-220
-283
-265
-236
-157
-80
-60
-18
24
60
60
124
144
82
107
249
349
306
242
286
332
269
192
190
229
228
265
262
259
259
198
147
161
167
159
177
261
413
430
384
326
327
315
211
127
123
168
163
141
177
170
54
-110
-181
-126
-120
-176
-169
-62
-41
-126
-242
-277
-297
-355
-409
-476
-464
-435
-455
-545
-576
-568
-608
-730
-736
-639
-542
-477
-471
-462
-473
-481
-479
-434
-429
-425
-397
-355
-316
-247
-184
-181
-148
-98
-74
-61
-54
13
84
97
133
124
111
136
270
332
350
464
536
597
576
528
543
534
451
416
394
347
339
348
316
184
114
132
105
39
-27
-19
-29
-99
-116
-72
-55
-60
9
12
-48
-41
91
176
103
57
88
140
84
66
134
161
124
121
233
304
317
304
281
278
305
322
290
267
260
243
236
218
170
113
110
107
95
151
175
113
0
25
76
29
-7
-19
-35
-40
-12
-9
-6
-72
-99
-157
-170
-196
-274
-275
-287
-311
-375
-417
-498
-493
-504
-575
-598
-579
-594
-675
-651
-569
-513
-537
-536
-499
-444
-401
-344
-277
-322
-363
-303
-254
-237
-211
-167
-162
-132
-42
-7
16
-31
-7
43
73
79
96
173
250
340
345
394
468
517
509
520
519
491
461
495
542
456
435
436
425
369
296
245
205
169
148
152
75
44
57
44
28
-19
25
54
23
-15
-33
32
-24
-79
-91
-37
-45
-94
-22
45
60
4
2
55
86
51
75
88
101
163
225
197
171
200
198
213
168
149
175
148
44
12
50
54
-31
-53
-35
-34
-30
-30
-8
-22
40
75
78
49
-5
-11
72
57
-55
-60
-61
-41
-103
-163
-214
-259
-319
-391
-408
-470
-520
-529
-553
-600
-594
-548
-547
-557
-496
-458
-427
-387
-347
-319
-320
-281
-241
-202
-206
-165
-103
-105
-107
-85
-99
-80
-31
-2
-19
-5
110
110
131
195
247
243
226
293
398
418
353
368
399
429
405
388
352
343
357
341
315
297
276
274
273
214
212
161
154
115
54
50
57
66
28
9
33
34
-5
-38
-31
13
-22
-7
-19
20
86
104
115
92
168
215
193
167
238
290
277
266
233
230
237
183
158
140
115
105
67
31
-22
-20
-72
-95
-90
-92
-135
-158
-140
-146
-129
-139
-78
-136
-186
-201
-161
-126
-148
-146
-138
-125
-197
-224
-283
-288
-328
-337
-340
-392
-396
-406
-426
-450
-393
-391
-400
-431
-404
-375
-397
-389
-386
-351
-315
-267
-249
-200
-166
-114
-38
-35
-22
29
104
130
105
107
139
180
224
230
240
251
271
309
294
305
283
281
279
264
284
270
281
259
277
336
340
287
287
335
341
344
316
268
265
253
204
115
77
103
97
54
8
25
-9
-35
-56
-60
-83
-122
-92
-126
-112
-39
-22
-46
-52
-6
34
29
28
33
41
94
111
66
33
115
135
79
66
21
6
23
29
8
47
46
29
18
-19
-10
-45
-79
-67
-59
-50
-30
-59
-74
-71
-47
-51
-53
-27
-54
-73
-60
-31
-63
-98
-69
-75
-104
-122
-148
-120
-162
-211
-245
-291
-291
-318
-312
-345
-374
-367
-374
-372
-369
-352
-326
-316
-320
-272
-196
-180
-186
-150
-108
-51
-27
-27
-35
-14
47
70
73
73
90
112
155
176
156
165
192
203
208
242
231
244
284
298
325
341
347
327
313
328
312
285
254
254
275
243
209
169
184
173
139
139
87
95
75
19
-13
-29
-25
-12
3
-17
4
21
-17
-26
24
28
7
1
-16
28
36
1
17
24
18
3
8
24
2
8
45
57
42
-14
-70
-70
-66
-41
-80
-85
-57
-49
-9
-41
-42
-40
-32
-47
-79
-82
-78
-82
-78
-87
-107
-96
-114
-110
-126
-113
-132
-164
-170
-159
-141
-134
-143
-213
-186
-176
-190
-212
-211
-195
-225
-259
-284
-236
-192
-206
-208
-183
-155
-126
-110
-89
-78
-39
-48
-47
0
28
72
71
67
92
137
164
161
132
133
123
145
186
177
207
203
158
166
200
193
175
151
157
158
149
152
150
150
133
155
130
118
106
94
122
80
82
81
94
80
16
22
32
53
22
-10
5
5
-5
-15
-6
-10
6
18
23
39
23
37
30
5
10
21
5
13
55
60
57
43
60
38
66
28
-34
53
50
67
35
52
91
57
43
25
47
13
54
26
6
17
11
24
-39
-49
-71
-97
-117
-148
-144
-142
-192
-213
-222
-211
-225
-257
-221
-234
-230
-244
-251
-237
-226
-204
-243
-258
-237
-214
-200
-212
-187
-184
-178
-139
-135
-136
-144
-118
-92
-113
-99
-37
-15
-16
-19
19
85
67
68
94
131
146
126
154
180
188
217
209
199
206
195
198
168
157
189
193
178
173
187
168
140
157
161
141
167
161
132
142
142
122
105
143
123
78
61
54
54
37
31
4
-5
-15
7
19
31
13
9
56
54
41
18
54
73
76
88
79
28
27
61
35
43
45
31
19
7
-8
10
-19
-14
6
-31
-49
-48
-7
-51
-43
-64
-78
-63
-89
-64
-88
-71
-88
-98
-102
-124
-126
-145
-157
-182
-189
-186
-226
-277
-246
-232
-202
-198
-203
-189
-217
-209
-229
-226
-196
-169
-150
-129
-127
-101
-111
-115
-76
-119
-114
-117
-108
-94
-68
-43
-31
0
-25
12
29
30
46
96
125
98
104
97
104
146
190
198
175
201
203
183
196
187
176
162
166
154
139
160
152
127
174
171
181
186
177
190
168
188
178
192
167
179
151
135
130
91
83
82
89
47
54
15
9
12
46
60
58
69
65
53
48
63
1
9
-21
-5
12
1
-8
-13
-3
-44
-29
-53
-51
-78
-114
-105
-111
-113
-125
-127
-119
-105
-121
-126
-107
-99
-125
-155
-170
-131
-136
-156
-157
-150
-156
-202
-198
-202
-205
-195
-162
-196
-196
-193
-199
-188
-176
-142
-147
-109
-122
-111
-115
-121
-120
-91
-82
-103
-99
-88
-86
-87
-57
-72
-23
-47
-2
41
39
48
39
76
97
106
96
125
121
151
161
189
187
202
218
209
226
218
226
197
223
232
252
248
221
201
199
188
171
169
148
142
126
133
133
126
107
117
107
81
82
75
91
91
70
48
55
73
31
8
21
2
-4
-4
-25
-40
-17
-38
-81
-74
-79
-92
-110
-110
-91
-96
-117
-87
-60
-82
-65
-72
-63
-65
-65
-79
-82
-57
-88
-73
-94
-94
-85
-87
-129
-132
-86
-102
-125
-116
-102
-90
-58
-49
-39
-59
-41
-72
-83
-69
-89
-98
-87
-54
-77
-79
-113
-91
-85
-66
-79
-120
-125
-121
-92
-93
-38
-60
-72
-84
-51
-45
-56
-36
-28
-10
-54
-39
-41
-11
-19
-4
0
9
27
35
65
54
90
58
83
115
119
135
182
196
184
239
246
224
222
239
209
188
175
176
161
159
181
152
138
139
113
102
113
81
51
40
49
56
36
35
36
-5
4
12
6
22
13
5
-15
-19
-16
-6
-16
-3
-20
-46
-41
-31
-32
-66
-51
-57
-48
-41
-45
-55
-23
-27
-64
-54
-66
-52
-20
-41
-77
-50
-78
-64
-62
-32
-8
-38
-31
-58
-71
-91
-66
-42
-44
-57
-36
-51
-53
-30
-62
-82
-94
-114
-134
-114
-133
-135
-146
-148
-141
-136
-87
-66
-78
-81
-73
-110
-109
-102
-79
-79
-73
-79
-79
-64
-69
-46
-64
-32
-15
-1
-7
9
13
-10
8
42
69
60
58
44
88
105
105
120
162
141
136
146
150
168
167
185
152
175
133
122
136
150
143
114
119
114
124
101
132
118
128
88
73
81
78
79
50
49
14
28
19
18
13
11
-2
2
20
14
29
32
18
-10
2
-2
0
-1
-13
-22
-4
10
10
1
-3
7
-6
-17
-26
-1
-13
-22
-24
-51
-83
-78
-59
-56
-73
-76
-64
-107
-104
-97
-96
-86
-70
-77
-69
-96
-98
-68
-91
-99
-132
-91
-101
-97
-117
-139
-139
-144
-133
-147
-110
-129
-154
-172
-152
-145
-129
-117
-119
-101
-91
-79
-84
-63
-95
-67
-48
-55
-21
-13
-6
5
20
28
24
7
25
47
50
42
72
85
111
123
111
136
101
113
139
165
192
175
210
208
189
201
177
173
172
145
155
142
148
149
139
150
139
136
111
118
121
129
111
74
119
117
102
98
94
113
98
79
90
67
50
28
11
10
4
2
-34
-32
-24
-37
-52
-60
-67
-87
-105
-122
-107
-109
-114
-90
-95
-110
-114
-101
-111
-129
-111
-142
-156
-167
-148
-120
-123
-101
-114
-119
-120
-133
-134
-124
-135
-119
-140
-148
-124
-134
-110
-119
-119
-130
-92
-72
-74
-94
-94
-28
-65
-60
-35
-45
-45
-13
5
-38
-25
-16
-32
-19
-6
-8
-12
26
54
29
23
66
73
68
82
85
86
60
67
78
92
74
68
72
89
128
112
149
145
155
160
179
168
122
122
121
121
111
126
87
83
74
88
81
82
59
36
46
38
46
30
63
32
44
32
50
50
20
26
32
66
24
55
42
32
45
60
56
31
21
9
9
-12
4
-7
-9
-18
-8
3
-25
-50
-44
-15
-18
-29
-32
-38
-54
-71
-104
-99
-103
-109
-102
-127
-104
-94
-107
-101
-110
-97
-108
-109
-94
-95
-59
-99
-116
-113
-117
-113
-108
-81
-121
-106
-113
-101
-102
-129
-98
-103
-80
-88
-63
-53
-69
-54
-66
-74
-64
-64
-66
-38
-27
-16
-23
-5
-17
3
24
12
25
40
63
47
47
53
72
73
65
60
79
94
88
107
160
148
117
147
148
180
156
133
133
134
143
109
104
117
132
135
126
120
118
108
101
124
153
122
113
84
99
94
54
64
15
31
22
8
41
42
25
4
12
35
24
8
10
15
26
6
-38
-70
-54
-66
-64
-66
-62
-72
-83
-79
-117
-83
-110
-105
-97
-113
-111
-140
-104
-134
-117
-127
-115
-71
-86
-64
-73
-37
-73
-88
-101
-87
-52
-81
-56
-71
-66
-95
-101
-102
-95
-29
-41
-20
-29
-22
-9
-46
-17
-23
-20
-31
-25
0
-12
-26
-55
-39
-53
-27
-24
-12
-21
-23
20
-19
3
8
5
-2
-6
-15
-10
1
-20
-32
-38
-9
-17
5
18
13
41
45
72
88
92
94
108
130
113
141
142
123
111
111
140
141
161
149
163
181
166
158
181
187
180
168
143
148
98
96
100
92
88
69
53
34
26
38
61
21
27
27
14
-14
7
-16
-51
-26
-50
-56
-94
-104
-123
-116
-111
-99
-117
-135
-119
-114
-100
-123
-92
-82
-89
-114
-126
-121
-111
-119
-120
-95
-69
-72
-95
-61
-78
-67
-70
-66
-47
-39
-32
-60
-76
-69
-50
-80
-58
-53
-76
-66
-37
-47
-53
-28
-35
-36
-46
-36
-58
-47
-64
-70
-64
-55
-20
-35
-27
-37
-8
-14
-7
-3
-26
0
-7
3
6
16
30
25
37
66
67
63
75
86
78
83
120
127
113
148
152
170
195
151
151
167
190
165
127
146
149
110
124
133
141
138
129
126
104
126
82
74
74
55
41
64
57
17
24
0
-1
-16
3
-4
-25
-55
-72
-57
-64
-84
-82
-70
-82
-79
-96
-105
-119
-118
-114
-101
-55
-51
-53
-39
-47
-63
-74
-42
-32
-52
-49
-63
-53
-59
-67
-61
-30
-32
-35
-32
-31
-34
-82
-58
-36
-35
-57
-69
-58
-65
-88
-101
-99
-88
-82
-104
-91
-69
-89
-123
-117
-129
-96
-92
-76
-60
-57
-33
-69
-37
-38
-37
-29
-6
-4
-8
25
31
39
33
43
47
47
84
102
81
95
105
122
113
131
139
146
174
155
174
139
136
121
101
117
108
113
86
90
93
91
99
91
73
72
67
75
64
49
92
54
34
26
24
21
19
45
12
15
19
22
10
-7
0
-13
3
2
2
8
-6
-8
-17
-8
-18
-21
-4
-13
-18
-38
-35
-40
-31
-32
-57
-57
-82
-95
-103
-87
-78
-93
-89
-92
-104
-101
-85
-78
-110
-101
-60
-69
-53
-54
-45
-47
-48
-70
-102
-110
-129
-129
-123
-94
-111
-113
-112
-98
-61
-63
-38
-38
-13
-15
-32
-11
-12
6
7
5
26
31
21
45
44
39
45
43
52
31
25
4
26
19
31
50
39
46
50
59
47
71
60
75
69
56
53
69
73
86
89
69
78
77
100
84
97
74
75
64
62
82
47
68
71
47
41
65
82
85
47
53
58
54
61
47
60
33
52
42
32
34
28
49
22
36
38
34
-1
-16
10
-16
-21
-41
-49
-57
-60
-76
-93
-111
-100
-91
-107
-91
-113
-112
-116
-102
-94
-104
-92
-65
-53
-57
-51
-67
-54
-48
-46
-76
-66
-36
-48
-57
-53
-41
-37
-34
-37
-38
-49
-37
-34
-14
-14
-22
-37
-30
-9
-13
0
-13
-14
-27
0
7
15
19
11
-7
4
31
29
40
20
24
12
17
1
2
-6
-4
0
-16
3
1
0
-8
-2
-16
-22
17
53
38
44
55
49
40
47
62
76
95
88
82
73
81
63
57
52
81
70
51
56
27
46
21
34
45
40
35
26
28
26
31
26
28
21
39
46
53
46
66
54
29
43
34
49
16
12
21
4
-14
-12
10
-5
-4
-12
-30
-30
-32
-29
-25
-21
-21
-54
-29
-2
-29
-44
-45
-51
-57
-64
-78
-72
-54
-60
-96
-85
-80
-84
-64
-59
-49
-54
-37
-44
-76
-75
-73
-78
-78
-68
-59
-66
-66
-79
-99
-73
-52
-63
-47
-25
-37
-26
-8
11
13
13
33
25
31
21
35
40
28
35
20
22
22
31
8
15
28
23
25
3
24
10
-2
22
30
39
48
39
65
75
25
31
42
39
59
62
68
56
53
56
45
51
44
50
44
45
22
25
25
17
31
38
57
28
49
47
37
45
53
56
27
41
40
48
36
21
29
13
22
16
3
13
-7
-3
-2
5
9
4
7
1
15
-3
-6
-19
-29
-58
-66
-37
-47
-36
-37
-47
-46
-54
-54
-34
-46
-49
-64
-60
-42
-47
-38
-41
-49
-78
-57
-65
-73
-63
-55
-50
-59
-52
-45
-37
-47
-44
-24
-19
-53
-52
-31
-11
-25
-47
-38
-41
-29
-36
-31
-31
-41
-46
-38
-27
-22
-17
-16
-18
-6
14
12
19
21
12
10
37
33
46
30
10
14
1
27
20
40
31
62
69
40
70
65
86
71
52
65
72
54
68
67
45
42
62
93
83
86
83
79
70
69
53
44
46
67
53
41
51
37
57
28
19
1
11
13
5
30
3
3
-12
-3
3
-8
-4
7
6
17
16
-16
-21
-18
7
-9
-6
-6
-37
-10
-19
-43
-60
-63
-37
-53
-59
-54
-51
-51
-70
-61
-71
-83
-103
-92
-81
-108
-103
-104
-112
-101
-90
-84
-67
-73
-75
-71
-71
-65
-56
-56
-51
-46
-54
-20
-10
-7
-18
2
0
12
28
9
29
12
-9
-5
22
31
19
13
29
34
22
14
10
-1
17
41
38
37
31
27
17
39
35
41
38
44
54
54
54
45
57
61
72
57
72
80
83
82
81
83
86
91
78
91
79
97
76
71
70
63
63
29
35
14
15
12
6
12
1
-1
-7
-6
5
-2
-12
1
-6
4
3
0
-6
-27
-23
-11
-27
-41
-48
-51
-35
-33
-38
-35
-27
-34
-41
-56
-67
-85
-68
-66
-85
-62
-62
-54
-60
-48
-50
-86
-86
-83
-73
-67
-56
-53
-49
-33
-63
-61
-37
-27
-15
-44
-44
-30
-39
-54
-54
-44
-45
-37
-39
-30
-13
-15
-1
4
13
30
16
16
13
3
28
22
23
37
28
49
44
31
36
44
45
32
41
39
36
26
25
35
31
37
12
13
32
39
38
35
48
48
66
56
45
54
84
104
72
75
61
61
69
57
67
61
63
54
42
50
38
20
28
27
35
18
12
35
18
22
16
20
3
-15
-23
-25
-13
-24
-9
-20
-15
-30
-46
-21
-22
-37
-62
-50
-54
-67
-61
-71
-40
-55
-42
-23
-47
-26
-38
-47
-53
-46
-46
-73
-79
-60
-32
-35
-52
-60
-70
-38
-35
-43
-21
-48
-52
-55
-41
-32
-38
-31
-37
-26
-10
-22
-32
-28
-15
9
-6
-4
12
22
25
28
41
13
14
7
4
22
13
28
11
0
-2
-18
2
10
22
16
26
28
19
22
15
35
50
60
51
32
29
35
56
65
37
20
13
6
9
32
58
28
18
28
15
12
18
40
51
51
55
48
29
32
31
29
48
35
30
20
2
3
0
3
9
6
13
13
7
2
16
9
-25
-16
-6
15
19
33
17
-1
0
-9
0
-1
16
-7
-36
-24
-22
-35
-20
-6
-17
-25
-35
-28
-35
-53
-47
-47
-50
-43
-55
-41
-46
-53
-35
-33
-28
-47
-54
-40
-48
-56
-53
-73
-67
-66
-56
-45
-48
-11
-18
-29
-31
-28
-21
-45
-22
0
-1
7
4
13
9
6
9
27
31
17
13
3
18
19
16
26
23
4
16
35
32
43
41
24
15
17
29
38
28
31
37
32
13
26
34
32
32
18
22
30
17
3
18
22
17
1
12
41
40
29
32
33
16
-3
-11
18
27
10
13
15
10
20
21
35
44
38
50
45
33
38
19
10
20
12
8
8
-1
-10
8
8
-1
-9
-14
-15
-18
0
-9
-3
-13
-27
-27
-27
-19
-45
-53
-47
-48
-40
-35
-29
-35
-47
-47
-43
-31
-48
-39
-33
-57
-44
-41
-29
-29
-35
-37
-32
-16
-30
-51
-66
-46
-36
-34
-4
-27
-29
-16
-16
-22
-36
-20
-18
-4
-4
0
6
-4
22
16
9
4
13
24
10
13
10
9
7
19
21
20
32
45
24
21
40
29
40
37
32
33
41
30
16
12
20
26
33
38
31
34
13
29
17
2
5
20
42
26
24
24
29
32
44
48
38
43
40
29
48
35
40
56
38
43
23
10
7
3
20
-4
-26
-22
-29
-26
-9
3
-11
-13
-34
-23
-11
-38
-29
-36
-38
-41
-29
-35
-61
-63
-76
-50
-30
-22
-16
-42
-28
-34
-22
-16
-32
-6
-15
1
-17
-5
22
-9
-11
-17
-2
1
-6
1
-3
-9
-14
-3
-22
-21
-11
-40
-9
-13
-16
-6
-22
-19
-44
-18
-34
-35
-6
-39
-44
-36
-7
-17
-14
11
4
0
19
22
17
18
-2
-2
1
21
40
24
3
-10
-2
6
12
41
44
43
40
19
12
6
18
25
16
11
7
22
43
45
50
33
44
52
47
46
24
38
35
32
37
45
41
20
42
50
49
25
25
31
5
3
21
12
-12
4
19
31
15
24
18
0
21
-11
-13
-6
-22
-35
-34
-25
-29
-47
-34
-42
-53
-30
-43
-31
-34
-24
-42
-45
-38
-38
-22
-31
-14
-24
-23
-27
-12
-16
-15
0
-29
-37
-38
-25
-20
-38
-16
-11
-32
-23
-25
-33
-25
-29
-40
-28
-28
-22
-8
-16
-20
-27
-17
-20
-35
-38
-19
-19
-7
9
0
-6
-6
22
22
9
3
13
20
16
11
15
35
35
29
33
32
20
31
32
29
48
62
55
33
34
53
44
39
51
54
44
35
43
32
22
18
27
23
9
3
2
7
-10
9
2
4
17
-4
0
-12
-7
7
6
15
16
25
23
16
31
37
16
8
21
12
23
27
18
20
11
-14
-16
0
-7
-3
-21
-20
-18
-18
-25
-39
-32
-30
-37
-57
-40
-10
-15
-37
-56
-57
-36
-34
-41
-36
-28
-42
-35
-33
-27
-23
-47
-42
-44
-24
-25
-37
-34
-25
-16
-15
-4
-13
-12
-2
6
2
3
-1
-8
-25
-26
-16
-26
-14
7
-9
-17
4
-7
-19
-15
18
21
7
-6
0
29
10
28
32
39
57
31
26
23
16
8
9
10
41
56
31
44
29
22
29
26
37
31
17
28
30
23
42
39
29
23
20
5
13
32
24
18
17
27
22
19
6
-7
4
0
10
12
12
5
21
36
28
19
23
15
-11
4
0
-3
-3
-6
-5
-22
-26
-29
-10
-15
-23
-9
-27
-22
-24
-20
0
-12
-15
-35
-25
-10
-22
-10
3
-11
-32
-33
-26
-32
-35
-28
-40
-25
-16
-32
-50
-41
-23
-34
-15
-11
-5
-11
-17
-8
-1
-6
-19
-7
-6
-5
-27
-10
-2
-23
-1
-19
-25
0
0
-12
-16
-27
-38
-46
-28
-16
-19
3
-1
0
6
6
-7
-5
12
12
17
-1
5
4
-13
2
1
0
10
26
26
18
22
27
33
54
64
63
60
68
85
63
50
63
54
47
48
40
30
40
48
34
40
54
51
34
24
40
22
21
43
34
35
36
7
-4
14
1
-3
0
-9
-19
-34
-41
-36
-29
-13
-12
-20
-28
-44
-35
-40
-39
-43
-50
-40
-28
-29
-32
-7
-3
-16
-22
-29
-41
-39
-44
-36
-31
-37
-25
-30
-35
-50
-24
-12
-21
-29
-42
-32
-49
-35
-7
-19
-28
-30
-29
-40
-46
-38
-28
-12
-10
-6
10
-6
-28
-19
7
3
4
15
12
9
13
1
-6
3
14
50
52
23
23
50
40
14
41
31
4
6
24
30
22
27
28
30
30
17
15
48
41
51
44
33
29
20
37
38
43
8
2
4
24
38
20
3
0
23
15
22
19
2
-14
12
16
25
33
-2
6
16
26
8
-4
0
-10
-4
-6
-18
-9
-11
-9
-16
-5
-4
-5
37
18
5
-2
-2
-22
-22
-26
-28
-27
-45
-30
-28
-25
-41
-37
-50
-57
-45
-44
-40
-48
-27
-19
-26
-37
-20
-7
-16
-25
-24
5
-11
-26
-11
-27
-5
3
-16
-24
-22
-6
-15
-11
-6
-29
-27
-16
-12
5
15
16
10
32
16
-1
15
0
-9
-21
-19
-14
-4
13
-4
-10
32
20
-14
-11
6
10
15
26
25
38
31
41
45
47
45
34
42
55
45
31
31
0
23
50
45
41
32
35
29
15
25
21
12
8
2
7
7
16
18
19
10
23
5
-3
1
-30
-36
-39
-24
-22
-6
-13
-19
-3
-4
-6
-15
0
-2
-10
-7
-9
-10
-5
16
20
2
-16
-18
-28
-39
-32
-33
-21
-14
-34
-23
-14
-17
-9
-28
-25
-13
-1
10
-7
0
7
-3
-2
-13
-6
-7
-30
-14
0
-1
-8
-4
7
13
3
-18
0
3
-9
-3
-23
-11
0
-1
6
-2
-6
-24
-18
4
-7
-17
-16
-26
-12
-5
-10
-3
-3
0
7
-8
-25
-22
2
-7
-34
-3
16
21
-1
19
19
-6
19
15
22
20
32
7
14
28
7
6
13
45
19
9
17
19
22
40
30
26
41
12
20
27
28
18
5
15
2
4
6
19
16
11
26
9
29
39
34
19
1
10
4
13
0
-3
3
-18
-9
5
21
13
6
6
5
2
9
5
4
-10
-31
-26
-28
-35
-41
-40
-45
-22
-41
-35
-22
-19
-10
-39
-19
-29
-7
-28
-14
-7
-38
-18
-41
-22
-43
-29
-16
-23
-2
-18
-35
-23
-15
-30
-7
-24
-34
-29
-10
-12
-18
2
-12
-18
0
16
-7
0
10
9
0
3
0
-2
12
-7
-5
-2
32
41
27
19
17
53
32
21
26
22
28
16
25
30
15
13
22
28
19
18
14
-6
5
22
14
18
37
29
23
7
14
31
12
2
-1
13
15
32
12
12
6
-15
7
-1
5
-3
19
18
11
10
3
-4
-9
6
-2
10
1
6
0
-19
-10
-9
-8
-10
3
-15
-30
-21
-8
-10
-9
-9
-30
-34
-14
10
-6
-5
-3
-12
2
-22
-24
-4
-6
3
-4
-4
-6
0
7
-10
7
0
0
0
-10
-12
-4
-16
-15
-10
-19
-11
-31
-25
-32
-31
-22
-8
-11
-14
-2
-31
-16
-7
-28
-42
-6
1
-16
-16
-12
6
-6
-3
-2
-1
5
-15
-6
-1
-22
-12
10
8
8
12
0
3
6
8
4
15
23
16
29
32
32
34
39
14
28
37
39
40
13
22
39
41
27
5
-4
5
-10
10
34
48
42
17
12
14
36
14
9
23
20
7
24
22
27
29
6
15
20
31
13
17
12
19
-5
-3
0
-9
3
-19
-11
-35
-25
-34
-28
-17
-43
-45
-37
-32
-38
-38
-41
-43
-43
-29
-34
-32
-32
-25
-38
-53
-35
-22
4
0
-4
-19
-26
-15
-23
-18
-10
-18
-12
-17
6
14
0
6
-16
2
7
-8
8
8
19
15
12
26
27
29
10
20
-4
-15
4
-4
2
-3
14
16
10
17
19
1
0
5
-2
-13
-24
-7
-9
-17
-6
5
1
2
-13
-18
-10
-14
0
-4
-3
10
0
-8
7
13
29
19
16
28
34
26
16
46
31
12
37
57
42
27
47
61
41
38
62
55
45
19
15
42
40
25
13
5
-3
-9
-7
-18
-9
-3
-26
-18
-19
-16
-5
-31
-51
-37
-27
-38
-30
-34
-57
-55
-34
-31
-44
-49
-53
-39
-22
-34
-20
-26
-41
-27
-32
-25
-25
-7
12
9
2
