17
21
17
21
2
6
10
14
25
13
3
-21
1
0
-3
3
-1
7
-6
-6
-15
9
13
4
16
11
7
16
19
25
34
41
37
26
13
-2
29
36
19
24
19
0
-4
14
24
25
19
9
2
9
10
13
11
6
25
17
13
8
-4
4
3
-18
-19
0
1
-13
-10
-16
-32
-42
-52
-33
-35
-47
-30
-30
-37
-38
-31
-35
-9
6
-12
-7
-15
-4
-20
-21
4
-11
-1
1
3
-10
-4
3
-20
-15
-30
-16
-18
-9
-1
-12
12
-2
3
-10
6
30
25
42
13
3
16
16
28
16
18
24
26
44
23
25
31
18
9
9
27
28
19
4
16
30
10
1
8
0
-5
-12
2
-3
-6
0
-21
-16
-16
-1
2
-12
-10
6
14
0
-3
1
0
-30
-6
-1
-3
29
2
-7
-13
-26
-14
-21
-34
-21
-15
-37
-36
-15
-24
-22
-16
-20
-12
6
-1
-9
0
9
8
19
9
-14
11
-3
-6
10
12
13
20
11
7
-1
-10
3
15
27
17
19
1
-7
3
3
4
8
18
7
2
16
19
10
3
-4
-10
-12
22
18
1
1
1
0
-12
3
4
9
6
-13
-7
4
19
6
-16
-4
6
-3
0
6
-17
-10
-6
-20
1
4
-1
-12
-18
-12
-4
-3
-20
-13
-19
-24
-17
-7
-9
-4
-4
-29
-14
-2
-11
-24
-16
-2
8
19
13
32
29
-3
13
35
40
41
34
36
27
37
37
19
13
2
-4
-19
-18
-31
-31
-18
-9
-3
0
-6
-16
-10
-31
-10
-4
-20
-10
-21
-22
-18
5
-3
-18
-14
-18
-9
6
8
-1
4
4
-2
-6
-9
1
5
-4
-3
2
0
-7
3
-1
-7
18
21
34
46
36
27
25
25
30
31
25
20
10
28
34
17
6
-12
-15
-12
-16
-3
-2
-17
-17
-1
3
12
28
7
-8
0
-3
-16
-16
-9
-10
-14
-16
-8
-18
-9
-8
-34
-28
-16
-14
-26
-9
-19
-20
-9
-6
-5
-19
0
0
10
-9
13
22
-17
3
7
24
35
11
5
8
-9
0
9
-7
3
5
5
-3
-15
3
-9
-4
5
-4
0
-6
-6
-23
6
29
-7
-1
6
18
18
0
15
13
39
23
-1
32
11
-6
-23
-22
-6
-16
-9
-19
-27
-18
-25
-22
-48
-43
-16
-6
6
-16
-8
11
10
4
25
23
22
19
25
35
19
32
29
37
32
9
31
40
34
38
20
6
0
1
-4
-17
-15
-15
0
-1
-7
-22
-29
-13
-34
-31
-26
-29
-13
-6
-11
-19
12
19
-11
-7
-10
-8
12
23
20
13
28
24
19
10
0
16
0
-16
-8
-7
-8
-25
-23
-15
-11
-16
-27
-29
-21
-22
-34
-35
-23
-8
-12
-7
-7
3
13
-3
-2
17
5
-9
7
-7
-17
-13
3
0
-8
1
-9
10
17
24
24
-6
-3
26
22
24
32
23
34
19
13
30
34
1
17
28
6
25
26
28
-4
6
26
8
5
-3
4
3
-12
-10
-22
-28
-21
-28
-26
-13
-10
-36
-24
-28
-34
-15
-9
-10
-23
-13
-6
-8
-12
-3
-9
9
19
13
14
14
19
6
4
16
28
-3
-3
4
6
2
0
15
13
24
13
0
-12
-2
7
11
10
18
18
-2
-7
-10
2
-13
-10
3
2
-7
3
1
0
5
-12
-22
-24
-31
-41
-29
-35
-27
-28
-19
-22
-31
-6
3
-14
-24
-7
-19
-3
21
29
14
11
7
11
38
38
46
32
33
33
31
20
17
17
20
29
28
15
0
10
-4
10
0
5
9
-13
-4
1
-1
-24
-14
-17
-40
-45
-15
-20
-35
-5
-26
-35
-28
-31
-40
-24
1
-10
-6
1
10
7
-13
9
19
22
23
24
42
26
35
29
22
22
26
13
-6
-6
-13
4
0
9
6
4
-10
-33
-25
-22
-10
9
12
15
29
6
-6
-3
0
4
19
10
5
-3
-26
-35
-11
7
-12
6
-6
-22
-29
-25
-19
-12
-5
-30
-26
-13
-19
-25
-15
-15
-32
-38
-13
-16
-11
-1
9
15
7
24
16
15
19
13
28
29
19
22
34
36
34
38
51
53
48
40
19
1
-7
4
13
25
31
10
-4
1
-3
-10
-9
-1
-8
-19
-28
-44
-29
-31
-21
-13
-10
-2
-19
-4
-13
-7
0
-22
-22
-9
-12
-6
-11
-14
5
-4
-5
-10
0
-6
-2
4
12
19
4
6
13
31
22
7
-10
-3
-12
-6
-5
-10
-1
-16
-7
-23
-26
-20
-18
-25
-22
-1
-12
-25
-25
-22
-15
-27
-18
1
7
2
6
28
28
28
29
18
29
37
42
52
19
42
35
12
36
35
22
1
11
3
-8
0
1
-3
-8
-10
5
-7
-4
23
7
-3
1
6
1
-7
1
5
4
11
-7
-8
-7
-31
-16
7
4
-7
-5
-8
-19
-13
-8
-20
-26
-23
-16
-40
-23
-9
-16
-3
-16
-4
-10
-11
0
-1
-12
-3
6
3
5
-6
7
11
13
16
19
4
-12
17
21
1
3
18
10
0
15
9
-29
-12
9
-13
16
-2
2
12
-3
13
-13
-9
-5
0
-9
-46
-28
-18
-42
-6
6
-16
-6
-6
3
3
9
17
13
4
14
13
28
28
-3
13
9
8
2
-7
-6
2
3
-15
13
9
-6
7
10
10
-10
-6
10
27
28
18
35
44
41
39
28
14
1
12
-7
-7
15
-2
-3
-18
-21
-32
-34
-33
-49
-38
-35
-32
-34
-24
-20
-1
4
4
-3
-36
-28
-16
-3
-1
-2
26
25
-3
-3
-10
-7
13
31
31
16
19
14
12
-3
18
8
-9
-1
-14
-7
-14
-17
-25
-15
-7
-8
-9
-18
-10
-2
2
3
12
0
10
6
13
3
-17
0
-6
9
7
9
-20
2
16
-12
6
-1
-4
-6
5
1
1
6
-6
5
16
11
25
14
-17
7
9
6
4
12
14
-2
-6
7
12
-6
-6
7
5
21
31
19
32
28
26
13
0
12
10
4
2
15
4
-22
-15
-20
-29
-10
-21
-30
-34
-31
-5
-10
-23
-27
-20
-6
-4
-9
3
16
20
17
19
27
17
9
19
22
6
1
-6
-3
-3
-13
1
1
-4
-10
-18
-37
-27
-22
-42
-25
-2
-23
-43
-22
-28
-30
-3
-7
-9
6
-1
-3
2
-4
0
7
6
9
14
25
-3
-30
-17
-33
-10
2
4
-6
-7
6
0
20
11
13
-1
0
9
9
33
38
39
41
34
22
37
48
46
61
40
27
23
22
44
26
28
14
18
24
9
16
-1
7
-12
-11
-3
-1
-6
-26
-29
-24
-1
-1
-18
-24
-22
-31
-28
-38
-29
-35
-31
-31
-39
-19
-32
-49
-53
-33
-25
-22
-42
-23
-13
-32
-9
-22
-8
-9
-24
-15
-1
7
8
12
9
1
9
25
21
16
5
28
8
-12
10
10
28
20
29
31
3
8
2
1
32
14
19
29
-2
3
6
11
10
9
29
25
15
22
23
12
7
-1
-5
-11
-13
5
6
12
12
13
-4
16
29
-6
21
16
17
19
11
3
8
5
-25
-22
-39
-32
-21
-22
-25
-32
-21
-17
-27
-49
-35
-23
-28
-21
-23
-32
-26
-11
-23
-22
-17
-12
-12
-24
-27
6
13
-2
21
0
2
22
38
12
18
30
24
30
21
42
19
15
13
19
13
6
10
15
30
11
4
19
19
-14
3
-6
3
22
38
22
-1
6
-4
10
-9
-13
-23
-12
-20
-32
-21
-7
-13
-25
-14
-29
-16
-15
-13
-2
-2
-9
-13
-16
-27
-23
-9
16
6
0
-1
4
22
1
-1
9
-1
0
31
35
9
7
4
10
-13
-7
20
3
-15
-22
-1
6
14
23
12
10
9
3
-3
0
1
0
-3
-3
4
-6
-13
-28
-42
-19
-9
-6
-3
-13
-20
-22
-15
-22
-11
-11
-26
-6
6
-1
3
9
10
-1
5
18
18
41
33
41
35
27
33
23
14
6
22
-3
0
10
11
12
21
8
-19
-4
-5
9
15
12
-2
8
-2
-1
15
10
-13
-36
-33
-42
-9
-13
-18
-13
-17
-8
-19
-26
-29
-25
-4
-3
-14
9
-18
-22
-13
-9
-2
-2
27
10
6
16
21
8
0
21
-2
-16
7
1
2
11
-4
11
6
4
-1
-6
-19
-19
5
-2
13
13
4
6
-3
1
1
-8
7
16
9
2
20
21
25
31
13
8
-6
5
9
19
19
7
-10
-28
-28
-6
3
-21
-18
-24
-14
-18
-19
-15
-2
11
-6
6
11
1
9
0
2
3
-7
-5
-15
7
1
2
-2
-13
-7
0
-7
-37
-35
-33
-15
-4
3
6
-3
0
-1
7
22
25
18
27
36
38
41
28
31
28
10
8
14
2
-12
-13
-16
-17
-31
-33
-32
-20
-21
-24
-10
-22
-15
22
10
-10
9
8
14
-4
10
22
22
25
22
32
28
39
28
32
6
2
27
14
16
11
-14
-13
-2
-8
-29
-22
-24
-42
-15
-22
-23
-28
-33
-52
-53
-52
-51
-9
-24
-10
-16
-21
-5
-8
-8
-16
0
-9
3
15
-1
15
30
29
14
25
34
14
39
57
46
13
35
48
25
26
0
29
13
-16
4
0
4
-3
7
-25
-37
-8
-14
-27
-20
11
9
-3
-2
-15
-18
-14
-17
-5
3
-3
4
14
-10
-12
-9
-7
10
1
-19
-16
13
6
14
-7
-10
7
-3
12
2
-9
-10
-7
-13
0
-8
-2
-6
-12
5
-5
11
13
7
18
22
10
7
13
13
-1
0
13
24
29
19
22
20
26
3
-10
0
-24
-24
2
19
7
0
-3
-10
-11
-1
-14
-24
-12
-21
-24
-16
-9
-25
-15
-13
-24
-12
-23
-18
-2
13
7
-8
-12
-19
-9
-1
6
-8
6
25
8
-17
-18
-6
-12
-8
-6
-16
-7
12
6
-1
7
9
3
19
23
17
28
37
27
35
38
19
24
22
16
23
37
27
22
10
3
-1
-2
-4
-22
-17
-22
-26
-29
-6
1
-16
-6
-15
-26
-32
-17
7
-9
-22
-19
-26
-20
8
17
-6
1
-9
-5
16
21
41
23
7
-9
-12
-19
-21
-17
-18
-6
4
12
-24
-6
-18
-24
-10
-11
14
1
18
16
9
13
7
-7
-1
10
15
28
25
33
30
48
29
16
15
6
16
5
-8
-6
-4
-26
-27
-23
-44
-50
-30
-43
-38
0
-26
-28
4
-9
-9
-7
-19
3
16
33
38
33
28
19
44
36
27
25
7
0
7
36
26
12
-1
-16
-7
-29
-18
-12
-8
7
2
-7
-35
-41
-37
-25
-20
-6
-38
-44
-4
-13
9
1
2
7
-13
5
6
6
19
4
12
12
1
5
5
-4
-8
3
14
9
-3
10
8
6
-9
-6
-4
-12
4
3
13
7
17
11
18
14
-13
0
14
11
7
3
-5
0
-12
-12
-23
-20
-10
2
13
2
7
-9
-5
9
9
16
25
29
34
25
3
17
15
5
9
9
15
6
7
0
4
3
9
17
-14
-23
-9
-21
-46
-28
-20
-22
-32
-25
-32
-34
-26
-63
-39
-51
-50
-25
-29
-15
-26
-15
-14
-19
7
25
25
25
28
32
30
20
38
59
30
21
34
22
23
38
30
27
25
3
-6
-3
5
7
15
12
-4
3
-4
-10
-5
-16
-32
-6
13
-15
-16
11
19
-11
4
2
-19
0
-7
-4
-12
-3
-4
-15
-6
-3
-3
3
-1
-7
3
-3
-5
6
-6
-17
-8
12
20
0
19
16
22
23
-2
2
0
-4
-11
-13
-8
3
-9
-14
-7
-9
-16
4
-8
-17
-10
-9
13
-4
4
11
0
-6
1
3
2
6
-9
-15
-26
-11
-10
-16
-20
-22
-2
-20
-40
-8
9
6
15
12
0
-28
-23
1
18
21
4
-1
0
7
3
16
19
28
22
9
25
19
36
35
33
29
17
8
7
23
10
24
14
16
22
16
19
23
3
-19
11
-7
-14
-19
-18
-32
-44
-33
-38
-20
-22
-37
-17
-20
-31
-32
-9
6
-11
-16
-23
-6
-17
-6
7
-9
-9
-15
-8
9
10
3
18
20
21
12
-7
1
1
7
17
-10
0
7
0
8
5
18
25
22
25
26
25
18
8
18
12
29
21
6
6
-13
5
-4
-10
3
20
3
-13
-1
-10
-3
-2
-8
-7
-18
-1
0
-31
-25
-34
-34
-19
-19
-26
-31
-28
-28
-28
-22
-16
-18
-35
-32
-14
-20
1
-13
-3
37
30
28
15
8
12
15
5
14
20
25
7
7
6
4
12
-18
-16
-2
24
10
9
25
9
16
10
10
23
32
42
40
43
39
35
29
17
37
38
24
17
23
32
13
12
12
-7
-6
-19
-6
-15
-24
-12
-32
-12
-33
-44
-43
-58
-39
-40
-28
-27
-24
-14
-25
-32
-40
-38
-15
7
-7
-2
1
-9
-12
-3
6
-17
-13
-17
0
-6
3
11
0
12
-3
3
-12
4
9
2
4
-11
-6
-3
18
2
5
0
-19
3
4
13
13
5
1
9
34
16
13
12
3
9
3
25
35
6
4
16
16
-22
-26
4
-12
17
32
40
34
22
24
6
-1
-1
8
3
13
15
16
16
-9
-17
-4
-34
-26
1
9
9
-10
3
-15
-16
-5
-6
2
-13
-3
24
19
29
-1
-7
-20
-17
13
-17
9
-13
-9
10
-1
-6
0
13
-34
-37
-23
-42
-35
-13
-19
1
-9
-6
-23
-23
-7
3
52
12
34
29
12
16
-30
-29
5
-4
-14
18
10
22
15
10
-7
0
1
-6
6
-3
10
4
2
-7
-9
-25
-41
-29
-13
-36
-24
10
-8
9
-20
-5
-3
-22
-9
-47
1
6
12
39
-22
4
-1
-5
13
-4
44
3
32
55
7
56
18
31
-6
-10
31
-12
39
8
19
19
4
32
-16
25
14
8
19
-5
36
-7
10
22
-17
0
-7
19
14
18
30
-15
-3
-9
7
-4
-18
5
-41
6
-2
-3
-10
-38
-13
-22
4
-35
-14
0
-13
9
-9
-6
-23
-22
-32
-32
-5
-19
-16
0
3
-16
-22
-7
-9
5
-3
-13
-6
-19
-23
-16
-2
0
-6
-22
-53
-41
-26
-40
-30
-31
-31
-35
-9
-23
-20
11
-9
28
35
50
50
11
51
33
19
38
10
37
12
11
54
66
61
41
60
25
25
12
16
51
-9
14
17
20
26
-13
26
3
19
29
17
54
41
41
41
54
19
-23
-10
-12
-34
-47
-20
-16
-24
-14
-19
4
-10
-13
-15
-20
-6
-48
-42
-50
-25
-44
-45
3
-51
-9
-39
-34
-34
-64
-1
-69
-33
-51
-82
-18
-56
-22
-52
-36
-6
-26
41
-19
13
19
-15
32
-22
49
27
9
28
-8
61
27
54
45
25
38
18
50
-7
33
13
-7
42
-10
38
30
51
47
21
58
8
80
29
-2
48
-13
34
-16
16
-13
-45
19
-51
18
-29
-15
20
-45
10
-70
-11
-7
-48
25
-50
0
-35
13
57
-25
41
-38
-14
-9
-24
32
-16
36
24
22
31
-16
30
-2
13
19
20
26
-30
-6
-34
-20
-36
-34
-20
-58
-12
-24
-24
-19
-27
-21
-40
4
-10
-29
-5
-51
-15
-1
-15
-18
6
40
-12
24
28
5
10
-4
1
-16
6
1
8
31
13
30
8
0
1
-4
12
10
19
10
23
7
38
45
0
32
4
24
3
16
34
-44
16
-10
-31
-19
-9
33
-59
6
24
-28
30
-16
18
-3
32
59
-25
62
13
28
25
-19
63
-29
24
-17
-46
44
-49
23
-39
-32
13
-85
12
-44
-21
-5
-42
30
-47
11
-22
-65
2
-92
6
-19
-37
25
-66
34
-55
-18
31
-48
86
13
63
36
-8
48
-50
39
-28
-7
51
-21
52
-23
45
-1
-37
34
-41
52
-6
-3
24
-32
22
-32
3
7
-24
18
-46
19
9
0
12
-56
31
-28
3
3
1
60
-29
60
51
19
35
0
35
-9
1
-9
-22
22
-12
7
-19
0
17
-36
4
-27
8
13
-12
-18
-43
32
4
16
22
10
11
-28
37
-14
6
49
15
41
-19
57
13
-21
46
-15
35
-37
-14
-16
-82
3
-84
0
-37
-80
22
-104
-25
-79
-73
-1
-68
18
-72
-27
10
-35
22
-20
15
7
0
32
29
63
7
17
67
38
38
5
7
15
11
-15
-8
30
0
19
13
25
19
3
46
27
60
12
39
39
-15
70
-17
15
-14
-17
57
-71
29
-12
-54
1
-81
-2
-61
-18
-10
-76
54
-19
22
2
3
49
-63
24
-29
-5
30
-32
29
-53
27
24
-18
35
-33
13
-15
6
4
-44
17
-20
-6
-3
12
30
34
82
31
17
-6
-3
12
11
44
0
33
-3
-21
0
-42
-22
-67
-29
-15
-51
-6
-16
0
-22
-19
0
-41
4
-20
-16
0
-9
39
-3
22
25
28
51
4
16
30
16
-14
-16
-15
-16
6
15
17
-31
-55
-32
-20
3
-6
-2
-16
5
37
-7
7
-3
20
-7
-10
21
-42
-28
-76
-4
-6
-36
17
-28
42
28
25
39
-25
9
0
2
19
-20
27
-4
-4
5
-23
-33
-86
-21
-57
-25
-19
-72
-19
-90
-40
-41
-48
-20
-54
23
-38
-12
19
-19
4
-28
78
20
1
46
15
69
22
112
96
52
98
70
124
45
88
106
55
137
102
159
131
126
153
92
155
106
145
157
142
216
110
164
170
166
157
44
145
16
25
56
-47
-12
-119
-29
-103
-144
-58
-165
-139
-195
-162
-233
-272
-177
-293
-235
-248
-240
-228
-268
-130
-208
-216
-240
-301
-239
-250
-205
-256
-199
-173
-201
-145
-145
-88
-145
-131
-121
-119
-63
-99
-54
-63
-61
-68
-89
-21
-50
0
-7
-27
68
42
127
88
62
165
172
244
206
291
298
251
359
292
284
215
250
287
180
240
126
61
56
23
70
-66
-92
-162
-208
-102
-194
-212
-235
-173
-95
-59
114
129
234
413
524
572
578
665
763
948
1154
1228
1173
1223
1322
1397
1462
1292
1012
733
648
705
591
402
42
-279
-494
-583
-609
-949
-1258
-1567
-1710
-1721
-1786
-1780
-1984
-2084
-2055
-1944
-1775
-1694
-1516
-1321
-1115
-973
-895
-730
-580
-307
-15
82
103
249
594
764
860
847
634
510
554
790
746
637
571
307
301
410
420
121
-165
-57
-186
-224
-112
-205
-352
-447
-228
-322
-424
-143
-59
45
123
317
335
247
509
607
705
670
683
924
1040
1277
1215
1072
994
883
1016
923
775
585
507
569
391
305
99
-197
-384
-450
-482
-687
-894
-1105
-1138
-1103
-1172
-1356
-1463
-1201
-1084
-881
-679
-522
-390
-288
300
424
452
524
862
1510
1756
2238
2094
2040
2377
2629
2969
2510
2077
1584
1533
1983
1737
1405
579
-4
-366
-543
-282
-1045
-1878
-2602
-2612
-2226
-2478
-2660
-3380
-3598
-3472
-3264
-2918
-3133
-2828
-2680
-2508
-2147
-2042
-1666
-1667
-1378
-850
-512
-130
-105
359
960
1223
1319
919
929
1293
1749
2021
1687
1713
1715
1744
1948
1789
1546
1028
788
819
756
902
538
85
-200
-164
66
-382
-557
-539
-395
-221
-241
-53
-176
-119
77
65
132
252
599
710
828
1212
1187
1040
955
1026
1067
851
798
751
736
855
830
632
310
193
254
89
-35
-142
-276
-354
-397
-274
-436
-745
-864
-965
-899
-911
-948
-1100
-1297
-1230
-1361
-1375
-1387
-1478
-1511
-1523
-1163
-835
-704
-552
-260
37
-14
243
625
532
673
1169
1842
2026
1955
2210
2317
2380
2299
2310
2107
1554
1533
1573
1572
1405
809
326
-305
-374
-401
-771
-1040
-1756
-1894
-1862
-1640
-1665
-2548
-2756
-2845
-2646
-2508
-2510
-1994
-2207
-2229
-1966
-1682
-1502
-1907
-1642
-1370
-1071
-588
-426
-127
-69
241
689
609
646
837
1265
1660
1680
2011
1973
1907
2066
1918
2149
2007
1760
1571
1347
1658
1211
835
549
224
235
-354
-107
-277
-544
-239
-428
-227
-735
-565
-355
-674
-328
-440
53
-1
-66
424
335
611
236
120
399
343
520
166
346
499
162
296
205
298
224
59
289
228
341
399
235
466
219
105
292
117
171
-71
183
21
-310
-224
-731
-435
-690
-1120
-1182
-1281
-1142
-1492
-1280
-1169
-1354
-1306
-1418
-1054
-764
-804
-690
-616
-402
104
568
857
1038
1175
1366
1637
2321
2341
1887
1929
1755
2026
2022
2049
1923
1202
1123
712
1077
860
10
-287
-916
-685
-1013
-1137
-1210
-2051
-2166
-2552
-2148
-2014
-2632
-2417
-2706
-2408
-2397
-2618
-2213
-2616
-2323
-2132
-1819
-1230
-1434
-950
-667
-420
19
-52
343
539
1067
1758
1871
2195
2203
2405
2530
2747
2717
2449
2430
2143
2249
1960
1741
1250
750
637
-39
172
-99
-504
-575
-1081
-724
-1280
-1410
-1408
-1683
-1031
-1361
-783
-538
-466
-28
-459
320
238
144
591
621
1089
1042
1310
1244
1294
1493
968
1106
1439
992
1169
1493
1005
855
847
732
429
662
456
152
687
336
37
414
31
-627
-457
-517
-997
-720
-719
-1289
-1025
-1119
-1550
-1574
-1432
-2219
-2106
-1545
-2608
-1878
-1757
-1931
-1827
-1622
-1239
-1708
-795
-1098
-852
-62
-600
576
960
652
1101
1388
2095
1533
2048
2424
1916
2572
2034
2599
2550
1807
2035
1315
1383
962
723
855
-102
127
-333
-549
-464
-1564
-1648
-2230
-2254
-2249
-2541
-2010
-2504
-2532
-2459
-2707
-2584
-2875
-2602
-2308
-2199
-1651
-1386
-942
-680
-561
-147
17
311
777
1260
1759
2331
2527
2582
2730
2590
2648
2446
2575
2548
2349
2469
2001
2007
1456
659
608
17
-189
-377
-508
-312
-911
-751
-745
-1275
-1115
-1102
-1100
-883
-342
-322
-145
563
516
-310
918
820
-234
1541
771
973
1340
1352
827
680
2089
-427
600
1664
-330
1379
567
236
647
-579
721
-980
480
-307
-1274
1391
-1481
173
-384
-1423
243
-2245
-289
-613
-1968
-104
-2084
-377
-1666
-1533
-430
-3409
157
-1981
-2070
-446
-2038
-1057
-2082
-1124
-1424
-1820
-768
-1929
-833
-399
-1439
-371
-780
-504
-316
-4
439
724
973
785
1604
1915
1712
1480
2101
2157
2288
2236
2738
2606
2090
2193
2071
2164
1438
1712
1321
877
1075
724
495
-187
-379
-669
-1315
-1078
-1092
-1469
-1619
-1667
-1764
-1849
-2072
-2222
-2131
-2094
-1912
-1852
-1344
-1226
-1256
-1231
-1036
-565
-594
-347
25
713
596
610
1305
1229
1073
824
1206
1527
915
1326
1400
1495
1053
471
1196
219
613
-2
186
791
41
939
-477
829
-162
-686
691
-839
762
-381
356
804
-71
867
-834
1028
-213
-815
1721
-269
383
691
783
130
50
1235
-1253
855
1082
-1056
1482
782
-173
-243
740
-238
-1509
1152
-1265
-681
859
-1017
-921
-27
-804
-1889
-710
98
-2198
-309
597
-2178
408
-681
-486
-1190
-741
-8
-1530
527
-918
-869
348
-1703
-914
-760
-1436
-735
-2269
-247
-1153
-1297
-576
-1643
-219
-1571
-1019
-123
-853
229
244
206
966
755
1341
1245
1642
1415
1703
2482
2173
2373
2660
2565
2062
2408
2392
1949
1971
1854
1464
2004
1305
1322
769
459
538
-785
-150
-637
-1052
-827
-1359
-1277
-1413
-2040
-1757
-2457
-2257
-1947
-2590
-1876
-1880
-2017
-1739
-1839
-1498
-1683
-1842
-771
-1013
-468
-240
-188
16
160
502
179
266
945
991
439
1464
1557
1026
817
1605
813
940
1275
642
1651
838
746
857
1165
436
-6
1466
200
-420
1472
206
28
953
-293
15
85
998
-644
-148
862
-647
573
-257
-180
-59
49
-701
331
130
-757
233
-524
-217
-270
397
-1284
166
837
-1092
55
705
-310
-324
-61
630
-227
-56
424
-487
1039
-1569
825
-203
-1013
53
-979
320
-2030
47
-832
-1604
-857
-1719
-514
-1836
-1726
-656
-1648
-1434
-1761
-1092
-793
-1463
-1008
-881
-391
-694
-807
-203
933
46
13
1294
1166
1211
1183
2246
1733
944
2813
2484
1983
2736
2461
2762
1929
1760
2701
1740
1420
1530
1418
1920
237
428
794
-277
-423
-1333
-638
-856
-1564
-1275
-1416
-1566
-1840
-2382
-1949
-2026
-2175
-1805
-2030
-1603
-1462
-1667
-1385
-1143
-1703
-1640
-625
-809
-1076
-13
-422
-353
-274
502
-433
-38
984
-927
1658
348
276
1696
667
1075
-59
1338
1608
255
1057
1604
1372
126
1052
1981
106
1071
218
926
928
839
671
342
1920
-1181
994
1568
-929
410
1466
-306
542
505
596
-383
215
954
-1244
1879
-1233
407
861
-1089
1211
-1205
950
-385
-1476
2377
-1982
1359
-1453
-480
2059
-4102
3292
-2555
33
787
-2957
2131
-2944
688
-1853
-1772
1945
-4351
1172
-1576
-2343
342
-3326
517
-3694
226
-1621
-3480
1511
-3105
-489
-2124
-1376
392
-3210
967
-1342
-232
1356
-2876
2485
-259
697
1358
-173
3839
234
2746
2118
1410
3906
441
2887
3124
2267
3244
1024
3341
1900
979
2243
511
1912
55
927
1557
-879
551
-855
-913
-683
-2114
-471
-1378
-1529
-959
-2396
-785
-2625
-1965
-1730
-2389
-996
-2640
-932
-1339
-1195
-2333
-596
-1533
-2167
-324
-1072
-435
-480
579
-1388
739
-2
-404
-270
830
627
6
1329
749
738
1749
-61
98
3211
-1394
2846
-296
2618
1336
-915
4239
-2635
3979
2
-142
3312
-898
3280
-415
1595
2282
-1582
3545
-1635
2338
1738
-1976
3748
-2053
2381
-208
55
478
-1347
3049
-3027
1231
453
-1413
597
-1620
1059
-1566
-678
-502
-1092
396
-1909
-67
-1939
-1025
215
-2841
267
-2052
-1875
388
-2785
-322
-1661
-1279
-1631
-1729
332
-2335
-843
-488
-2215
-160
-682
-1972
322
-1115
-575
-825
68
83
-1184
-294
416
-73
-488
294
468
1431
-1346
1118
1535
-194
468
1523
1326
1160
1697
871
2170
1765
1595
950
2108
1639
1391
1965
1594
1277
1483
944
422
1483
492
259
216
840
-223
-281
-158
-497
-783
-1040
-566
-1528
-475
-1188
-1422
-555
-1703
-1115
-1677
-1193
-1056
-1566
-481
-1893
-492
-897
-990
-618
-1647
-6
-1308
115
-272
-690
750
320
-513
8
1437
-437
-90
1094
1422
-350
1992
733
145
2736
-761
1202
1881
564
1118
1162
2727
-171
1053
2658
-1368
2927
155
816
1893
-522
2649
-622
1400
633
-463
940
-940
1485
-719
-409
1357
-2133
1045
-949
-896
-286
-1112
65
-2364
1151
-1886
-1508
628
-2353
-507
-1041
-1205
-1386
-1350
65
-2536
278
-1364
-2551
546
-1360
-1030
-1464
-245
-950
-1134
-877
340
-1399
-436
-75
-1146
979
-954
-923
760
-975
330
-173
-66
1046
-2684
3346
-2399
333
1627
-3123
2944
-1866
525
1154
-833
1273
-1741
2087
773
-2434
4076
-1787
1838
1554
-773
3254
-677
2741
122
1848
2843
-447
2854
1628
312
3218
1138
1154
1408
1242
1963
-316
2134
-282
1034
627
-927
1620
-1038
437
-840
-986
-432
-1609
-433
-1254
-1148
-776
-1517
-1379
-672
-2270
-1226
-537
-2297
-703
-957
-697
-1444
-988
-31
-1930
345
-801
-942
776
-1668
1307
-604
-954
1442
-1740
2717
-1843
1427
883
-1705
3194
-2393
2948
-809
206
2209
-760
1488
524
852
851
-645
1783
656
-261
1655
-904
2802
-1114
846
689
262
538
332
90
756
-168
-294
1659
-1938
2676
-3141
2576
-1929
-95
1462
-2720
2497
-3589
2114
-1573
-1070
294
-2563
1374
-3282
412
902
-4822
2916
-4040
1096
-1396
-2285
1339
-4613
3767
-5188
2108
-49
-2915
996
-1870
1740
-2538
1315
463
-2168
2127
-1182
782
-34
-765
2060
-1789
2255
-1988
1509
881
-1334
1334
-82
1539
-1303
1207
1095
-355
340
1212
-387
1392
-84
1337
1730
-202
2289
134
1579
1188
345
2712
954
1041
1626
345
3236
-274
771
2556
-586
1317
63
1118
765
-660
784
-904
376
-252
-1656
68
-825
-1010
-1743
-996
77
-2414
-1086
-916
-2078
-406
-2116
-976
-1745
-1065
-677
-2448
-114
-1629
-1128
-1341
-707
-690
-1177
1299
-2722
637
402
-1566
1700
-2264
1521
-291
-114
1921
-1088
2126
574
-28
1162
1117
1684
-224
1549
2174
-807
2176
2181
61
-42
2493
834
-21
2020
260
1083
804
-234
1030
582
648
-1441
474
2435
-3796
2478
-1526
-1469
945
-1404
-141
-1935
2109
-4196
-428
1644
-3699
-105
-725
-2565
653
-1855
-131
-1725
-436
-389
-4000
3804
-3751
100
936
-3319
2652
-1517
-453
440
-597
1162
-2219
3044
-515
-2481
4321
-2899
2070
-1431
1161
1240
-2554
3639
-2476
2648
-1513
-491
3003
-2829
2218
-678
677
1495
-2296
3534
-644
-849
3024
-690
900
766
2132
183
-434
4305
-1003
379
3294
-668
2607
1019
935
1348
1331
1909
-1228
2719
1560
-1330
1056
681
753
-42
-959
601
-1102
-158
-1317
-700
419
-3421
-740
-1353
-1505
-1671
-2465
-639
-2861
-1713
-1052
-2319
-1466
-2474
-678
-2302
-1792
756
-3455
-277
-340
-2147
34
-1821
1309
-1560
-299
1459
-1860
2858
-1862
1091
1709
-1754
2380
1041
1521
-491
1885
2669
-2390
3852
1776
-820
2806
416
3004
-48
2046
1198
-73
3000
-1159
1528
2379
-711
1221
45
1065
347
-950
2747
-2616
1871
-338
-1178
642
-1756
1416
-2913
595
395
-1949
717
-1933
-770
982
-1993
700
-3332
1927
-948
-2430
3144
-4295
1478
-3261
370
1767
-3171
1705
-1568
-147
782
-2067
1486
-1543
-597
712
-2274
2924
-2921
-280
1181
-1534
1139
-1116
175
-99
319
-419
-766
1888
-2086
-768
2588
-748
-167
678
421
-158
282
278
847
1589
210
-498
3145
628
-1008
2539
82
1038
1306
1914
1454
726
2025
292
1251
1714
-109
2237
857
22
1367
224
342
-1346
185
-193
-742
-1082
-715
4
-1815
-1984
-2195
-361
-2192
-1728
-628
-1725
-1593
-2579
-815
-2203
-736
-1781
-2518
1222
-1580
-1316
-1160
775
-2056
-1933
1776
-865
779
-422
713
-455
716
926
-1374
2876
-120
627
2496
1323
573
430
3243
-1286
2186
1632
-517
2900
51
1378
203
2892
-38
-1011
2855
1702
-609
584
1274
-287
1717
-792
-186
1525
107
-1270
769
1442
-1080
-1136
946
-1327
362
-198
-1778
-183
-315
-1444
-1182
561
-2539
155
-2008
-308
-231
-1837
674
-2157
2
-820
-1427
543
-2254
1123
-482
-1977
1913
-2721
638
56
-1454
1177
-785
-335
-730
419
478
-1152
1231
-1383
-752
1135
905
-1218
-481
1795
-2216
1218
-48
522
-184
-58
1642
-1049
1239
-20
-650
2311
-473
1484
1965
-496
2577
2
2972
1722
-327
3211
1006
1100
2422
284
3250
-40
361
1748
-168
2432
-1739
2096
-881
-1646
782
-2315
361
-850
-2007
-548
-2029
-1246
-1818
-1420
-697
-2704
-1194
-1709
-1281
-1605
-944
-1465
-1281
-1139
-1394
-792
-377
-1167
-583
-343
-1569
810
-1275
490
445
-223
726
-944
866
160
382
2715
-161
1389
173
198
2715
-872
1804
218
1286
874
893
1858
-473
1439
102
96
2014
673
-1333
1877
363
866
-110
-637
235
493
2600
-2143
2033
310
-2323
1457
583
331
-1219
327
137
-1381
1843
-1518
-1503
1497
-2297
852
53
240
-1284
-609
1368
-3242
1886
-510
-1947
1848
-1373
-980
181
-1
-158
-3112
1815
117
-3126
1893
-1716
420
-1293
-1710
-524
-1310
38
-2360
-658
-604
-682
-1934
-1217
547
-812
-1378
-581
-383
277
-800
-375
607
1898
1700
-631
1930
1973
1804
2604
2832
1424
2896
1811
1527
3927
3098
3346
325
1625
2793
1280
2180
604
686
1074
-1352
344
-72
-238
-495
-2525
-1210
-1576
-1977
-2096
-1090
-2049
-2609
-2797
-2225
-1181
-2970
-2775
-163
-1928
-2189
-848
-2278
681
-1634
-1616
-400
-334
997
-1531
1392
-106
-1390
2900
-213
1048
640
-1011
2345
132
2187
-612
855
2252
-1901
2446
1046
101
565
-601
1002
382
100
223
-95
1157
-740
649
-212
-329
1293
-1288
197
1500
1058
-1958
1125
103
-152
1874
562
-73
-1008
3058
-1059
2411
825
-1007
1769
-1816
2330
1067
848
-1797
-116
3744
-3060
773
2206
-2406
1110
-1485
498
-94
-1754
-519
-1222
833
-2011
-637
69
-1555
-1974
411
-3444
-1203
-1432
-2570
-580
-5564
1052
-1819
-2695
-1859
-2027
1341
-4282
-1551
671
-1587
-802
-2272
2597
3080
300
1136
1650
3584
2343
4118
3454
3290
3014
5100
5023
3296
5128
2188
1974
1849
4236
4607
654
-307
1267
891
-898
-1787
-876
567
-3268
-4532
-1841
-1264
-2813
-5027
-3849
-3521
-4750
-3037
-3180
-3672
-3184
-3544
-3378
-2159
-2200
-1493
-2142
-1227
297
-1219
1254
511
961
1637
1225
2412
3319
3085
1195
3516
4445
3560
1904
1263
4007
2080
1126
2305
424
1845
-490
-321
-399
-854
-176
-2960
-1701
-1328
-1112
-2231
-2426
-2885
-1030
-2250
-1386
-459
-679
-453
-2063
161
-968
1553
-790
1094
1527
-462
2532
1755
843
1183
2154
2072
908
2261
3782
-2214
2726
1932
-54
3192
-80
1429
-755
1106
2151
-1480
460
-985
236
-164
-2160
1559
-2131
-2114
-1160
-1494
-1486
-4042
-149
-2419
-4211
-1563
-4021
-1390
-3396
-1838
-306
-4549
-859
-1116
-2099
-2342
-1578
1247
146
3060
3088
-2127
2218
3270
5459
3749
1694
4883
2405
6165
6367
6331
2922
-77
3802
3031
4313
5015
583
-380
-582
881
617
-2867
331
-2107
-3965
-3477
-4500
-977
-3296
-5049
-5006
-6518
-2793
-3557
-5325
-5173
-3871
-2191
-4679
-4286
-2917
-2549
-2981
-874
302
-902
5
1100
1645
1743
1671
3994
3762
3182
4172
3749
6265
5147
3829
3490
4044
5515
3337
1957
3033
3841
1647
-660
-806
307
202
-1917
-1419
-2360
-2704
-1889
-4557
-4262
-3279
-1517
-2731
-5292
-2711
-1018
-3143
-3210
-1283
-946
-246
-1549
-1169
1113
2059
1074
623
1799
1890
2198
2657
3598
2345
2616
2955
2240
3625
2886
3745
1357
390
3594
2571
301
-270
1136
922
642
-689
-2383
-555
-870
-2781
-1882
-1466
-3055
-5237
-3341
-3119
-3359
-3435
-5485
-2641
-1702
-2936
-5786
-2726
-198
-1981
-2090
-1427
-553
1347
3567
241
2341
2895
1589
4773
7200
5585
2598
3165
5853
6913
6361
4445
2929
3670
2458
4429
4278
829
-1365
-617
1321
-18
-2352
-2487
-2714
-3844
-5102
-5899
-3564
-3333
-4928
-6921
-6995
-4795
-4585
-7156
-6738
-4020
-3256
-4085
-4782
-4759
-3878
-1320
-1182
-822
577
1543
1412
1648
2975
3632
3823
5332
5023
4876
6223
7088
7442
4951
4170
5774
7432
5156
3415
3390
4671
3465
329
815
503
692
-1512
-3182
-1743
-1863
-2703
-4447
-6558
-3977
-2824
-3808
-5129
-5761
-2472
-3086
-4681
-4021
-1863
-437
-2097
-2371
-83
533
331
692
1456
3060
2953
2165
2629
3179
4355
3759
2545
4488
3762
3538
3413
2119
2526
2722
1585
-62
875
1914
619
-734
-1528
-907
-1403
-4023
-3821
-1697
-1305
-5599
-5295
-3766
-5219
-4274
-3862
-4413
-3310
-2249
-5865
-5028
51
-669
-3758
-3223
-1166
3579
3490
302
1977
2474
1731
3978
9700
8017
3177
2767
4787
8905
9679
5926
3576
3568
4051
4302
5077
3710
-498
-1024
87
1266
-1162
-4202
-3330
-2815
-4187
-7057
-7227
-4029
-4335
-7327
-8080
-7258
-5526
-7080
-8374
-6676
-3688
-2055
-6518
-8290
-3926
-1324
-765
-677
302
769
-288
2120
2983
3505
5851
5872
4417
4001
7822
8602
7947
5937
5633
6775
6938
7971
3641
3059
4711
4781
3594
161
-662
-136
-808
-1508
-2729
-1978
-1824
-4656
-6868
-6145
-1773
-2804
-6263
-6587
-3192
-1693
-4560
-5023
-2024
15
-2086
-2546
-275
832
262
1063
1974
3483
2163
1528
3143
3161
4497
4183
4118
3463
2923
4406
4417
2203
2305
1611
1605
2748
453
-712
674
473
-2787
-2909
-1531
-3020
-5110
-3538
-3425
-3979
-5340
-7971
-5284
-3234
-3923
-4894
-3584
-4667
-5489
-2600
-1633
-1342
-2321
-1540
909
4010
3080
-758
2234
6484
8175
5371
3284
6455
6236
6570
7176
8744
8662
2718
2683
4937
6595
4754
32
222
491
666
-451
-2312
-3185
-4272
-4395
-5335
-6426
-5795
-5094
-5425
-6494
-9195
-8772
-6159
-5836
-7231
-7552
-3982
-3433
-7017
-6860
-3009
-515
-1358
-2758
-175
1990
2257
2521
3486
4316
3846
5913
7509
6856
6227
7516
9627
9063
5330
3782
7149
7819
5121
4221
4749
5143
-298
-2016
958
657
17
-4347
-3185
-1884
-3922
-5722
-7022
-3631
-3655
-5054
-5347
-4492
-2470
-4310
-4941
-2362
-1511
-1010
-2263
281
2496
354
494
395
2951
4330
3571
4371
3863
3772
3899
2492
4038
5463
6055
3400
227
2373
3585
2607
-768
398
1531
432
-2775
-3855
-1536
-2424
-4723
-5800
-3856
-5768
-5939
-6330
-6096
-4038
-4793
-5975
-7146
-4611
-2313
-2596
-2781
-4643
-3403
666
1478
2906
2347
2487
2392
4197
8442
7314
5008
3399
6150
9357
10233
7878
4458
3080
3994
6214
5948
3989
594
-332
4
1288
-1360
-4636
-2921
-2242
-3556
-7032
-7465
-5761
-4835
-5079
-7211
-7934
-6361
-7319
-8486
-6214
-3497
-2382
-5812
-7062
-4958
-2399
271
-740
-1163
-292
1267
3823
2958
2573
4463
5891
6145
5761
6894
8576
8923
6674
5493
6105
7747
6917
4454
4961
5538
5262
722
-1865
-207
583
909
-2105
-4344
-4108
-3642
-4363
-8135
-7045
-2914
-3072
-6355
-8350
-4015
-2070
-4996
-6007
-2491
1273
-1163
-3177
-893
2428
2710
620
1308
3697
5101
3708
2778
4935
6335
5345
3093
3986
6964
6518
3122
1756
4057
5442
2252
-870
831
2715
258
-3626
-3383
-953
-2401
-5700
-6751
-4587
-4791
-7763
-6712
-5364
-3014
-6376
-7753
-8175
-5374
-305
-4221
-4232
-4073
1491
1151
-949
1356
3384
5510
4245
5051
6739
4952
3739
6482
9389
11304
6858
3446
1900
5723
7039
4718
1960
478
1573
1504
-707
-4355
-3223
-2695
-2075
-6406
-7167
-6009
-4649
-5537
-8994
-8363
-7173
-5846
-7866
-6868
-4926
-4179
-6153
-6973
-4697
-1815
-173
-385
-915
-1173
246
3109
5482
4070
3752
5676
8496
7519
4259
6594
11577
11406
6264
3687
7734
9806
4674
2891
5538
7195
2779
-2692
-1304
1162
813
-2747
-5768
-4360
-2868
-4260
-7443
-8906
-5421
-4240
-6308
-7777
-6163
-2459
-4579
-6538
-5217
-2182
89
-1453
-1287
759
2389
1673
-727
1657
6624
7288
4191
2073
5538
7624
4703
3179
6298
9208
5334
459
2642
6876
4981
489
-407
2773
2268
-1683
-3956
-1624
-718
-4585
-5959
-5380
-3868
-6701
-7473
-6194
-4096
-4139
-7881
-8099
-5466
-1509
-4424
-6160
-3676
2120
3302
-1164
-1974
1981
6338
5498
5170
6262
5938
3687
5259
8478
10949
7174
2832
2332
5203
7099
4173
945
-1565
1057
2033
-597
-5510
-5002
-1907
-2502
-7669
-9907
-6379
-4206
-5479
-9537
-8422
-7399
-7758
-8740
-6856
-3592
-3540
-5932
-7714
-5175
-1262
626
-756
-653
923
1872
3125
4697
5058
4922
6623
9916
9250
6001
6584
11950
13064
6852
4272
8454
11007
6303
2504
4843
7838
3424
-2091
-798
2207
-91
-5663
-6137
-2481
-1854
-6314
-9884
-8301
-4766
-6171
-9264
-8733
-4779
-3678
-7078
-7514
-4334
-2017
-3589
-3907
-251
2429
782
-992
438
3942
5232
3134
3636
5976
7503
5722
2841
4946
8026
7636
4186
3917
6576
5182
1889
1114
4569
4690
416
-2517
-1630
1000
-2155
-5022
-5285
-3197
-3862
-7252
-5989
-5324
-4071
-6987
-7599
-5148
-4024
-3418
-6766
-5939
-2215
1683
1834
-2368
-1335
3376
6622
5634
1935
4670
5981
6051
6257
8650
10527
5344
2387
3220
7008
6377
3516
683
855
2011
1364
-2147
-5665
-3362
-1835
-2939
-8006
-9461
-6468
-4922
-6798
-9580
-9765
-8436
-8909
-8765
-6684
-5568
-5688
-7971
-7428
-5097
-2545
-737
-1609
-1330
240
1790
3786
4023
5397
5667
7021
10147
9220
7709
8179
12810
13321
8583
5895
9018
11664
7924
4509
5764
7870
4029
-1152
-648
917
-208
-3453
-4976
-2966
-4907
-6822
-8593
-7919
-6358
-8128
-7006
-6961
-6529
-6846
-7217
-5537
-4550
-3962
-2946
-1742
-419
-602
-1044
1105
2647
3825
3296
3875
5305
5374
5760
5275
5607
6300
6607
6458
5593
4642
4929
4304
3778
3280
2042
1817
-243
-184
-1423
-2068
-2641
-5256
-4618
-5936
-4352
-5977
-5781
-5449
-6390
-5296
-7631
-4504
-5071
-3548
-4303
-4181
-462
19
1837
-146
725
4532
5778
5433
3206
4376
7236
7077
7937
6345
7987
5176
3264
4170
5537
6074
1317
695
244
1448
-934
-3244
-4706
-3517
-3429
-6079
-8099
-8021
-5031
-6533
-9078
-10555
-8198
-7222
-8531
-8840
-5600
-4579
-6721
-8401
-5913
-1241
-1932
-1893
-691
1751
2020
1519
3785
5614
6768
6688
7438
9088
9113
8684
9277
11716
10879
7771
6373
8399
9777
6373
4723
3974
4550
1814
-1339
-315
-552
-1574
-4559
-4927
-3937
-6641
-7538
-7409
-5996
-6072
-8394
-6731
-5891
-5690
-7083
-6434
-2928
-2733
-3618
-2922
339
1134
-1071
-713
2818
4429
3685
3060
4852
6112
4391
4397
5589
7272
6570
4729
6044
5334
4141
2582
3754
4854
2407
348
-1102
-95
-1172
-1432
-3579
-3617
-4900
-4926
-4828
-5391
-4309
-7566
-5772
-5972
-3263
-5421
-6775
-4455
-2707
462
-665
806
-320
-953
2040
6171
7668
4056
1954
5884
6968
7605
5922
6382
6271
3875
5104
4307
5351
2245
759
469
1227
-357
-3972
-4560
-3014
-2148
-6215
-8751
-8200
-5231
-6022
-8767
-9745
-8281
-7884
-8478
-8102
-5997
-4742
-6513
-7052
-6316
-3242
-1065
-491
-136
-276
1774
3440
3402
4060
5637
8613
8311
7896
8335
9718
9439
8925
10133
9553
8881
6309
6906
6719
5558
4453
1759
1036
130
262
90
-3860
-5705
-5005
-3638
-4844
-9007
-7527
-5149
-5459
-8252
-8995
-5018
-3595
-5866
-6194
-3370
-1178
-2798
-4182
-744
2409
2521
125
785
3905
4507
3081
2986
5926
6922
4622
3426
5094
6940
5516
3457
4009
5300
4732
2031
1002
1542
1367
-935
-1320
-1312
-1562
-2898
-4482
-3917
-4442
-2836
-4672
-5606
-5796
-4400
-2073
-4317
-5277
-5003
-520
1185
-93
-161
448
1574
3350
5319
5970
3483
3128
5932
7793
8513
4886
2950
2575
4817
6229
4043
831
-484
481
682
-1598
-4498
-4341
-4016
-3602
-6365
-8420
-8096
-7155
-6455
-7599
-8725
-8626
-8363
-8208
-7609
-5926
-3542
-4871
-6409
-6186
-2865
179
-441
-457
566
2636
4039
4112
4052
4587
6768
9041
8476
6720
8236
10589
10064
7701
6998
9419
8138
5724
5172
5697
5297
1287
153
-248
-195
-976
-2749
-3907
-4928
-4464
-5290
-6747
-7973
-5876
-4734
-5861
-6793
-6297
-3728
-4459
-4919
-4041
-2296
-584
-1226
-943
603
2095
2150
474
1230
4800
5453
3364
2045
4478
5912
3600
2196
3891
7054
4355
701
575
3942
4329
229
-4
469
1032
-2130
-4190
-1770
-1640
-1544
-4230
-3959
-1959
-3997
-3408
-5233
-1309
251
-2006
-3614
-5856
1254
2939
3586
1575
555
3612
2886
6181
6856
5191
3627
2544
7437
8651
6328
4129
1379
2848
2051
2464
1263
-1249
-1520
-2014
-3080
-5508
-6182
-5500
-5676
-8391
-9360
-9500
-8403
-7819
-8055
-7907
-9332
-9400
-8148
-7613
-5836
-3700
-2309
-2681
-5274
-3123
-28
2216
2482
2175
5117
5419
5146
4851
6147
8724
9480
9272
6919
7203
9512
10523
7470
4802
6879
7088
5285
2386
3840
4957
426
-2185
-3244
-935
-1535
-4724
-3912
-5222
-4744
-5701
-6067
-5147
-6542
-4695
-4437
-4232
-3162
-2499
-1950
-2773
-2645
-514
-182
533
1666
2465
2904
538
1180
2520
3343
3568
2741
3406
3333
2042
1863
1457
2663
3094
1537
1094
-284
974
163
-440
-537
-1202
-2047
-3328
-2226
-1871
-2098
-4057
-2508
-2249
-1448
-2600
-2531
-640
-1356
681
88
797
-963
-57
3501
5849
5840
3578
3150
5205
6737
7140
5546
4441
5218
5351
7460
5205
3889
37
-162
1321
1231
381
-4220
-4506
-4663
-4018
-6500
-8802
-8133
-6803
-7453
-10154
-11330
-8880
-6528
-7481
-9221
-8862
-5568
-5267
-7201
-5916
-1074
1067
-1482
-3784
-175
3155
3915
2955
3479
6273
6495
6170
5670
6631
7555
7564
6942
6750
6391
7313
6593
4702
3477
2763
4242
2618
81
-829
199
1069
-2411
-5416
-4396
-2895
-2333
-5149
-4873
-2500
-3165
-4414
-5963
-2569
-1202
-1664
-1475
-406
2162
668
-640
99
2245
2729
1474
2281
4188
3455
1600
1175
1830
2268
940
1892
2629
1804
-172
-1633
74
323
84
64
547
201
-1413
-2195
-1061
-550
-1253
-1789
-2191
-658
-2030
-3014
-2891
-1786
-741
-1806
-1327
-317
88
-84
-770
721
1752
544
-22
182
4005
4245
5297
4325
2585
3339
4209
8516
5652
2230
786
2908
6866
5101
3322
1221
-1014
-1654
-2696
-834
-1324
-3883
-4329
-5127
-4804
-7027
-8110
-6954
-6641
-6943
-8184
-7804
-4762
-3718
-4359
-6527
-7434
-4888
-3508
-1639
-44
1704
1906
-970
-2145
-94
3045
5047
4290
4340
4532
4008
4350
4993
5613
4874
3688
3868
5163
5189
5037
2914
2396
1924
332
126
-552
1166
768
-1504
-2242
-3336
-3017
-3980
-3989
-1588
-2357
-1873
-2121
-1285
-1610
-4265
-2054
-193
1613
1662
1825
3409
868
-739
28
1764
3014
1622
2611
3906
2640
-342
-2255
96
1861
738
369
1507
2052
-122
-3161
-1975
66
1295
794
209
1090
355
-885
-1356
-619
468
421
-5
283
-1585
-1477
-1500
-1284
-1435
-2734
-926
-489
703
-1109
-1132
-111
-743
-1161
-1833
36
-246
726
1778
3183
3656
1529
1683
2719
4276
4395
2733
3355
2270
3064
4276
3987
3939
-462
-467
-1176
231
845
-1918
-1761
-3776
-2810
-3191
-4171
-4170
-5294
-5445
-5916
-6389
-4030
-2156
-2142
-4328
-7562
-6328
-4782
-2821
-1258
-451
1148
-777
-3656
-3586
-1244
1711
1566
1594
2697
3123
3604
2444
2401
2721
2895
3241
4382
5331
5265
5549
4215
2370
790
936
2526
3095
2885
1695
1338
726
-1942
-2264
-1757
-853
135
-386
-109
-1284
-2258
-2812
-3446
-1455
-1432
-1363
123
-751
-222
-1877
-2114
-2296
-2651
434
-450
1275
911
45
1013
-912
95
-228
1319
2739
2429
4735
2808
2152
2157
914
2605
1935
3658
3216
3095
4158
1398
1309
-687
-630
265
576
1179
-408
-662
-969
-1891
-1983
-3227
-3398
-2189
-1795
-1182
-2851
-2904
-3585
-4354
-4331
-4742
-2686
-2050
-2228
-2248
-2775
-2490
-2042
-1907
-1377
-1284
626
959
-123
341
1563
3824
2656
1210
2604
4219
4514
2949
3286
5341
4624
2877
2169
3366
4017
2109
1266
1355
1758
709
-858
-1023
-1380
-1297
-1828
-2056
-2725
-3600
-3494
-4263
-4178
-4262
-3409
-2491
-3112
-3415
-3850
-3480
-2763
-2053
-1576
-1146
-302
371
-114
-368
879
1941
1911
1273
1458
2793
3201
2807
2348
1966
2710
2287
2085
2848
3019
2307
1296
1022
902
602
630
1374
679
-298
-1055
-974
-541
-1352
-1080
-352
-539
-1031
-1431
-462
1
-826
-674
-192
729
446
330
665
467
771
1121
1676
1214
594
654
654
291
11
569
1722
884
-967
-1329
-599
11
-1258
-1356
-270
-170
-1101
-2456
-1610
-869
-1185
-1572
-1627
-1083
-1021
-830
-995
-1697
-1663
-643
-109
-543
-1133
-391
494
558
91
326
1151
1002
750
483
1160
1470
1276
1149
1434
1526
1123
1207
1739
1671
713
561
860
1348
776
533
395
-130
-165
282
706
-149
-850
-1098
-525
-691
-1492
-1442
-820
-389
-1168
-1330
-1183
-1381
-1303
-1597
-1618
-1039
-410
-522
-624
-658
-574
-314
-275
-362
-235
960
711
695
501
746
900
724
657
-310
1482
1285
914
326
-235
837
546
629
-389
-304
196
-710
23
-241
-42
243
-795
-1115
-1485
-8
-188
-774
-351
-92
587
233
-821
-237
297
538
244
-441
1041
840
1613
419
-1006
1227
558
1362
1051
-787
376
-165
1479
97
4
1201
-1329
129
-1440
-464
868
-409
-210
-1139
233
-530
-1758
-159
-839
-178
-319
-1400
-828
-703
668
-433
-1318
388
36
-468
1008
315
204
32
1734
1974
1146
1916
-419
2038
2155
810
2588
2215
2183
1057
2603
2358
-689
419
-1216
1757
2589
333
208
-1311
-179
-1730
-1747
-1453
-2934
-2022
-1291
-1708
-823
-2401
-2594
-3781
-4146
-1387
-2123
-1888
-2393
-1546
-549
-2086
-1427
-126
-499
-409
-1472
-454
1006
1209
1844
1373
2237
1569
498
488
937
1670
2746
1957
1898
2646
1510
1422
309
798
1276
195
285
383
2127
2224
-152
-560
-908
-58
-542
-1436
306
285
-434
-636
-135
-204
-868
-1420
-1604
-909
-593
-1173
-808
-371
-463
-676
-808
-1572
-2927
-1692
-583
-177
-1123
-1484
-298
350
217
-1558
-1090
181
157
-795
-120
1353
2002
2581
594
1032
964
728
470
136
3258
2459
2233
1786
1793
1899
-1264
-1421
396
2022
915
-533
1807
2044
-418
-252
201
-31
-1187
-909
834
2155
1103
-790
-152
750
1090
729
655
-512
34
811
-974
-22
757
-412
-401
-648
-561
-2199
-1979
-2226
-2736
-1848
-3612
-2974
-2408
-2131
-2479
-1575
-2003
-1684
-796
-1587
-1095
-1334
-1179
-1537
136
2239
2892
3369
3024
2482
3956
2701
2349
1665
1946
2483
1740
3806
3214
4235
1975
706
-48
-761
-851
-2868
-2217
-1129
1114
765
-1096
-2272
-1747
-2246
-4418
-4434
-1409
878
-393
-1349
131
817
-1313
-2940
-1925
584
769
-84
84
1615
2463
976
-90
-289
-294
-172
76
275
426
575
-78
-607
-913
-980
-1188
-2174
-2169
-1886
-595
-420
-1611
-1779
-1694
-967
-651
-813
-400
-125
146
96
50
1260
2113
2579
1651
747
1530
1826
1407
1053
1891
2241
1650
1379
1682
2534
1576
100
-121
321
585
-339
536
1716
1826
1975
709
1061
1335
134
273
270
1263
1844
1583
2160
1383
1273
915
39
280
-1005
-907
-592
-1693
-1413
-1544
-1465
-3095
-4178
-3904
-4469
-2838
-2841
-2101
-1612
-2282
-2030
-1666
-473
-1788
-2321
-1436
-206
1852
2603
2656
2207
2612
4821
5439
4860
1480
-357
387
1164
2099
1508
2319
1309
420
-300
-1016
-2275
-4440
-4748
-3351
-2561
-3411
-3473
-2699
-348
-708
-2782
-3153
-1997
-661
-1009
-1258
31
1192
1627
1734
1746
2914
2367
662
176
663
1460
385
-1109
-375
958
1504
-5
-908
360
486
-749
-2598
-2586
-1564
-1189
-904
-486
483
569
-118
-643
-316
152
-78
608
1557
1992
1336
1092
1969
2355
2279
1618
2177
2000
1004
425
280
1210
884
674
943
864
409
-581
-563
-597
-1154
-1646
-1180
-338
-218
-112
-15
615
846
242
70
755
1321
1751
2040
2237
1903
2040
2913
2833
2915
2367
1585
668
-212
-101
683
760
-310
-1151
-1583
-1747
-3711
-5037
-5302
-5950
-5870
-6724
-5269
-4677
-4281
-3492
-2523
-198
-1047
-1019
-1559
-592
-756
-1060
1063
3740
5810
5249
5639
7875
9492
7727
4896
2887
2666
1097
685
795
2292
2125
115
-601
-1029
-1464
-4333
-5705
-6808
-6573
-7769
-8091
-6573
-4051
-1902
-2933
-4003
-3376
-795
-289
-1253
-1667
20
902
337
255
2268
4531
4254
3233
3025
3649
2541
736
496
1350
632
-796
-542
1576
2640
1778
940
1407
1276
-357
-1408
-625
478
-585
-1291
-1003
857
1824
1914
2348
2234
1814
85
-305
430
382
134
242
654
1021
337
443
1012
939
505
-755
-941
-939
-868
-294
-190
-395
-669
-377
440
422
431
847
866
540
-149
158
768
1316
1179
796
1023
1176
1568
1536
1947
1960
1155
508
-279
-599
-636
-764
-843
-1180
-1752
-2185
-2486
-2463
-3026
-4079
-4395
-4804
-5129
-5729
-5599
-5046
-5219
-5089
-4761
-3191
-1952
-1095
298
1876
2824
2675
2833
4082
5021
5536
5749
6150
6882
7414
8695
9720
10353
8915
6628
4898
3316
1983
303
-596
-1489
-3226
-4450
-5269
-4763
-4469
-6220
-7679
-9073
-8927
-8794
-9426
-8505
-7517
-6639
-6187
-6004
-3556
-996
488
1221
438
1921
2423
2119
2999
3386
5393
4827
3910
4907
5502
6820
5031
3247
3612
2331
1790
699
1035
1932
-141
-807
-1211
-829
-284
-1062
-549
-723
-1839
-2131
-2243
-1214
-1012
-1270
-432
-917
-756
-319
1172
2573
1891
1116
1053
1721
1944
1245
926
1491
1057
580
728
2200
2849
2278
1554
799
591
-450
-118
412
166
-468
-1137
-378
300
65
71
-81
35
-632
-1510
-837
-862
-590
-838
-928
-541
-1008
-887
-864
-840
-1091
-1765
-1811
-1550
-1725
-2223
-2540
-2431
-2200
-2226
-2210
-1593
-1482
-2146
-2927
-3011
-2362
-2745
-2861
-2701
-2043
-1250
-371
1297
2155
3282
3620
4193
4706
4290
4158
3982
4593
5070
5239
6002
6305
6253
6550
5717
4798
2991
1365
928
-814
-2499
-4073
-4701
-4730
-6317
-6773
-6203
-6237
-6338
-7279
-6493
-5315
-5558
-5396
-5268
-3757
-3415
-3279
-1347
193
1884
2040
2798
4579
5232
5262
4746
4980
5085
3863
3495
3559
3355
3090
1806
1435
1207
943
928
156
-272
-919
-1610
-1747
-2687
-3079
-3151
-3218
-2948
-2817
-1978
-1704
-1087
-272
379
713
686
1057
1351
1384
1163
1259
2168
2424
2271
2759
3152
3706
2979
2539
2642
2163
1161
289
380
469
-226
-772
-261
-381
-479
-912
-887
-745
-1514
-1748
-1584
-1417
-1699
-2117
-1754
-1299
-1488
-1346
-1175
-601
-303
-781
-582
-80
165
-12
-155
172
-136
-735
-753
-557
-422
-573
-762
-460
-195
-362
-514
-401
-343
-1098
-1956
-2084
-1992
-2430
-2581
-2670
-2388
-2193
-1843
-829
-318
602
957
1874
2749
3055
3428
3326
3377
3619
3937
4094
3822
3914
4514
4675
4837
4142
3804
2857
1354
515
-600
-1083
-2054
-3259
-3705
-4585
-4527
-4567
-4776
-3970
-4250
-3488
-3597
-3490
-2415
-2419
-1736
-2231
-1960
-833
-575
322
526
1186
2475
2689
3602
3449
3300
3530
2352
1929
790
140
273
-524
-394
-912
-732
136
-32
283
-520
-1194
-1380
-1917
-2039
-2097
-1745
-1119
-1518
-1268
-487
209
671
372
1372
1822
1740
1589
1974
2633
2048
1645
1745
2030
2280
1917
2166
2031
1404
1329
650
686
-10
-473
-568
-1218
-1384
-1528
-1402
-1264
-1591
-1399
-911
-1228
-1074
-1105
-617
-349
-590
-130
62
382
678
697
955
1014
1141
1524
1383
1403
1050
1064
990
594
250
-145
-134
-865
-1220
-1407
-1403
-1854
-2418
-2923
-2961
-3003
-3222
-3272
-3549
-3277
-3830
-3555
-3567
-2938
-2393
-1927
-1072
-152
1083
2120
3197
3649
4416
4655
5084
4749
5042
5092
4830
3715
3349
4289
4520
4352
3128
3055
2590
1584
584
-307
-1287
-2203
-3749
-4178
-4811
-5176
-4770
-5241
-4394
-4642
-4021
-3493
-3272
-2438
-2602
-2349
-1682
-1010
-105
-82
145
1222
1269
1539
1463
2525
3226
2334
2090
2005
2435
2095
993
497
-49
-616
-791
-1180
-932
-994
-810
-590
-695
-365
-326
-108
-437
-341
-193
30
63
114
645
771
1055
1265
1372
1602
1548
1580
1800
1310
1471
1297
1133
519
-256
-75
-466
-707
-899
-821
-662
-577
-561
-235
-305
-252
-382
-512
-383
-331
326
559
882
731
803
1078
1472
1773
1703
1840
1760
1381
1003
1036
1260
1148
742
515
350
99
-602
-581
-535
-867
-1675
-2188
-2082
-2722
-3582
-4147
-3919
-3702
-3747
-3806
-3549
-3602
-3530
-3119
-2543
-2067
-1910
-1370
-1028
-579
397
1564
2302
2708
3155
4002
4277
4229
4396
4700
4900
4435
4406
4527
4106
3241
2372
1912
1621
992
302
-409
-925
-1410
-2182
-2629
-2894
-3058
-3581
-4526
-4703
-4369
-4222
-4148
-3770
-2844
-2384
-2262
-1730
-644
-70
-146
-53
602
1424
1511
1685
2092
2274
2036
1682
1780
2173
1881
1533
1215
1211
1326
551
139
-238
-369
-804
-1605
-1397
-1050
-1015
-1166
-1127
-447
-498
-692
-364
-74
134
-282
102
783
889
920
968
1450
1558
1261
1451
1471
1422
1125
812
1111
1111
1042
781
706
890
743
469
422
409
514
517
449
585
588
586
447
479
436
582
671
763
760
764
939
596
333
154
86
-119
-490
-814
-845
-1098
-1329
-1389
-1502
-1580
-2034
-2024
-2089
-2485
-2602
-2632
-2705
-3074
-3327
-3160
-3059
-3040
-2856
-2506
-2079
-1940
-1680
-1187
-956
-538
-139
331
363
557
1340
1794
1995
2135
2911
3697
3600
3470
3776
3862
3599
3045
3191
3040
2382
1882
1525
1360
917
438
106
-305
-722
-921
-1232
-1204
-1606
-1988
-2475
-2772
-2784
-2992
-2926
-2744
-2181
-1925
-1816
-1317
-505
166
367
287
748
1111
1276
1248
1208
1420
1338
1230
982
1073
1147
814
295
183
45
-300
-697
-780
-720
-1202
-1678
-1664
-1119
-1305
-1675
-1491
-838
-659
-742
-151
546
610
358
832
1581
1651
1326
1820
2354
2270
1798
2126
2650
2426
1879
1720
1853
1507
1075
827
984
734
457
137
184
96
-179
-315
-400
-253
-656
-780
-778
-588
-578
-727
-528
-224
-270
-423
-411
-211
-188
-506
-408
-421
-304
-442
-719
-836
-1045
-1073
-1088
-1020
-1056
-1286
-1476
-1479
-1562
-1851
-2181
-2135
-2086
-2432
-2587
-2442
-1853
-1750
-1820
-1301
-964
-633
-855
-410
144
102
221
249
951
1136
1208
1714
2219
2610
2593
2800
3196
3028
3022
2984
2936
2579
1843
2126
1961
1646
1003
728
882
310
188
129
-49
-568
-1238
-1128
-1166
-1804
-2167
-2210
-1831
-2420
-2820
-2186
-1770
-1647
-2030
-1338
-642
-759
-678
-361
293
104
-215
159
192
213
93
310
589
304
487
663
690
535
444
683
635
354
387
392
536
576
608
798
784
1086
1046
1143
1096
1159
1216
1008
1070
1029
1026
794
625
645
630
540
294
-215
-253
-240
-150
-412
-768
-645
-683
-460
-701
-546
-321
-329
-267
-286
-50
-21
-99
-84
53
125
144
-4
188
405
552
482
398
682
574
339
81
-22
-24
-271
-623
-800
-934
-1001
-1187
-1294
-1280
-1417
-1597
-1971
-1999
-1778
-1755
-1967
-2196
-2000
-1731
-1779
-1744
-1418
-1000
-894
-867
-571
-329
-155
-7
389
618
427
576
759
1057
1090
1262
1765
1816
1961
2060
2450
2588
2321
2265
2268
2275
1961
1427
1465
1595
1375
749
334
823
731
144
-470
-327
-247
-993
-1478
-1494
-1544
-1858
-2018
-2038
-1919
-2005
-1672
-1511
-1474
-1132
-619
-339
-593
-363
320
540
114
240
917
1209
589
498
1151
1319
838
680
1392
1560
905
606
1001
1003
484
268
668
573
94
46
331
234
-285
-201
165
-60
-680
-781
-533
-590
-1019
-942
-511
-352
-509
-526
-242
-173
-333
-427
-358
-333
-351
-298
-66
-48
91
465
781
736
622
850
1037
928
624
727
925
777
480
271
324
359
213
151
74
83
16
-258
-498
-555
-536
-798
-1136
-1178
-1123
-1273
-1404
-1272
-1075
-1255
-1296
-1021
-774
-892
-1032
-773
-633
-735
-837
-682
-518
-570
-667
-340
-128
-234
-252
7
352
232
201
426
663
615
402
647
962
933
808
866
1157
1153
1074
1055
1095
1043
887
911
810
756
717
805
879
597
392
422
318
78
-172
-16
60
-239
-440
-347
-101
-387
-616
-414
-146
-313
-674
-460
-144
-465
-795
-540
-112
-261
-684
-420
34
-13
-221
87
523
419
47
275
611
389
-1
98
419
131
-88
91
364
142
-188
58
215
-162
-521
-331
-122
-434
-672
-383
-224
-468
-628
-377
-259
-354
-300
0
200
79
190
405
391
292
324
504
497
409
477
657
786
778
902
954
961
856
724
717
524
296
66
-25
-40
-128
-221
-308
-439
-483
-515
-622
-804
-860
-804
-932
-934
-838
-761
-819
-845
-644
-601
-769
-749
-546
-398
-459
-600
-477
-370
-357
-371
-241
-96
-117
-168
-138
-30
-71
-180
-183
-30
-51
-120
-97
-70
-140
-37
278
326
214
301
602
513
241
216
439
307
-17
138
473
517
301
438
831
1076
1011
1007
1090
1088
950
842
854
794
670
531
587
534
420
377
439
378
225
187
134
-181
-572
-562
-543
-706
-973
-1031
-995
-935
-882
-853
-797
-613
-378
-433
-459
-337
-118
-199
-324
-161
82
86
-53
-12
104
160
62
81
77
107
69
-58
-139
-227
-199
-259
-348
-331
-243
-121
-49
-123
-100
28
113
114
168
362
396
383
447
604
662
667
722
737
681
709
773
599
491
509
633
492
187
142
151
-3
-141
-131
-116
-247
-376
-334
-422
-477
-428
-383
-503
-579
-586
-558
-589
-651
-529
-390
-316
-478
-507
-416
-314
-472
-601
-444
-305
-402
-592
-462
-269
-196
-344
-260
-109
-97
-122
-103
-19
-38
32
118
111
107
285
441
418
285
332
494
416
177
76
177
131
-103
-155
48
83
-87
-68
257
491
448
474
668
777
763
750
729
618
453
536
643
516
350
329
429
268
114
169
229
37
-227
-276
-354
-522
-763
-876
-859
-755
-766
-838
-830
-656
-447
-415
-443
-362
-60
85
-55
-159
109
306
231
85
171
412
357
78
-6
158
222
141
-30
53
137
124
-16
-44
95
67
-49
-102
62
197
189
156
382
490
480
483
587
650
511
571
616
542
412
446
515
371
210
251
304
164
-7
-16
94
32
-162
-236
-219
-287
-441
-530
-540
-618
-662
-692
-726
-748
-778
-664
-540
-597
-625
-556
-507
-538
-607
-577
-525
-582
-618
-636
-587
-520
-584
-478
-350
-222
-145
-83
19
42
27
79
195
216
247
266
384
428
422
405
478
546
500
472
454
406
339
363
221
115
73
152
43
-99
3
166
233
92
145
343
490
361
299
396
544
465
393
384
346
362
245
301
241
239
218
148
41
6
28
-3
-54
-158
-94
-112
-156
-202
-80
-59
-110
-110
-42
18
-14
41
48
91
41
-7
-116
-179
-217
-253
-348
-435
-450
-426
-379
-502
-446
-392
-316
-288
-228
-180
-177
-114
-89
-4
37
108
91
209
278
350
456
574
666
694
806
839
855
793
794
642
570
461
341
223
152
102
-68
-98
-168
-230
-329
-280
-379
-441
-536
-597
-622
-721
-773
-843
-787
-865
-883
-845
-680
-671
-605
-488
-421
-370
-357
-282
-372
-383
-282
-196
-299
-284
-254
-131
-93
-146
3
140
205
86
163
290
290
187
180
220
162
107
111
102
63
107
109
126
57
138
192
142
127
126
198
192
134
217
389
363
344
380
499
574
555
607
666
653
576
526
547
502
358
369
340
284
221
250
294
211
145
128
164
101
-10
-70
4
-25
-85
-94
-70
-49
-88
-73
-29
31
51
69
79
78
29
-1
-52
-104
-163
-208
-275
-407
-463
-473
-500
-558
-574
-535
-476
-500
-498
-465
-439
-378
-384
-342
-297
-291
-231
-203
-158
-85
5
155
235
331
438
512
546
515
503
487
452
362
242
110
11
-70
-99
-124
-171
-202
-209
-177
-232
-257
-277
-296
-317
-382
-433
-468
-465
-455
-461
-449
-398
-338
-269
-225
-120
-48
32
72
89
129
126
160
130
85
38
47
84
72
53
95
107
102
141
139
161
159
150
117
73
49
28
43
67
47
38
41
52
85
95
96
117
174
203
221
192
239
325
324
303
310
359
382
370
333
326
316
304
265
222
183
175
171
139
98
70
98
87
31
-6
29
10
-46
-72
-89
-60
-73
-100
-82
-38
-9
16
87
108
107
165
200
233
204
167
132
87
25
-86
-85
-120
-244
-370
-396
-409
-467
-475
-486
-493
-505
-470
-427
-420
-414
-383
-363
-353
-344
-324
-254
-170
-127
-54
44
69
139
242
317
322
304
316
303
234
155
57
-38
-140
-288
-344
-344
-333
-358
-363
-326
-297
-250
-224
-177
-132
-129
-121
-103
-99
-84
-48
15
47
83
145
216
298
350
389
413
417
391
393
334
253
228
182
96
-6
-46
-37
-54
-99
-96
-86
-63
-48
-58
-31
-29
-54
-46
-35
-13
9
34
69
76
84
89
120
124
132
163
202
230
227
215
190
196
195
216
227
215
172
142
129
73
65
58
63
54
87
133
119
141
138
193
226
160
120
100
85
17
-10
-28
-70
-91
-87
-45
-48
-39
-36
-6
31
30
50
41
11
-18
-41
-73
-107
-145
-164
-195
-240
-275
-274
-276
-282
-284
-297
-291
-341
-377
-378
-371
-332
-339
-349
-326
-328
-309
-275
-218
-151
-142
-84
-18
21
72
88
118
136
140
138
115
97
54
62
47
-6
-49
-71
-47
-102
-132
-102
-61
-54
-80
-28
-28
-35
0
7
-2
-37
-24
-12
-18
2
28
94
163
185
257
338
335
302
309
329
302
269
220
187
143
95
85
63
50
73
86
66
96
124
101
63
57
89
94
86
46
6
-1
18
22
11
41
107
146
99
104
136
124
127
114
123
82
41
11
-53
-40
-62
-101
-131
-134
-106
-123
-111
-127
-111
-62
-69
-45
18
27
32
32
-3
2
-7
-6
-17
-21
-36
-75
-54
-33
-24
7
34
-6
-31
-29
-12
-35
-71
-85
-96
-114
-149
-146
-163
-120
-91
-79
-85
-100
-50
-51
-71
-84
-97
-86
-112
-179
-159
-181
-171
-152
-129
-93
-87
-35
-48
-41
-28
-1
-9
-20
9
9
-11
-13
6
16
24
-4
-12
-16
-5
-25
-23
25
29
38
19
18
19
44
72
80
79
38
69
66
54
64
48
42
47
104
121
143
174
195
203
161
173
186
157
155
149
131
83
12
2
-28
-48
-69
-72
-57
-41
-25
-40
-20
-12
-4
16
34
37
25
26
16
3
24
58
63
56
56
74
91
95
86
70
86
64
33
23
-15
-41
-66
-59
-69
-87
-97
-106
-89
-102
-96
-88
-72
-44
-25
6
34
35
47
56
63
70
44
67
49
35
41
15
10
-28
-52
-51
-61
-85
-86
-63
-95
-115
-118
-148
-164
-156
-168
-146
-118
-111
-82
-69
-59
-45
-16
17
17
43
43
42
66
43
25
17
28
39
32
18
4
-7
-11
-19
-1
15
-10
7
24
38
17
-17
1
-6
7
5
-19
-17
-61
-64
-47
-66
-89
-97
-58
-57
-43
-14
5
42
17
-6
-8
-5
4
4
10
-23
-10
-14
-12
2
14
46
44
85
58
57
63
70
72
71
101
72
50
19
22
-7
7
-3
1
38
41
38
10
38
42
36
25
55
65
42
28
40
86
108
116
114
114
102
134
128
120
101
91
82
31
28
0
-13
-31
-64
-52
-56
-80
-95
-121
-110
-92
-89
-67
-44
-35
4
21
-14
33
54
23
-3
-1
-10
-22
-46
-78
-69
-80
-44
-32
-38
-4
16
18
16
26
34
9
-3
-12
-66
-79
-66
-68
-44
-33
-25
-29
-41
-41
-70
-86
-81
-76
-73
-92
-89
-66
-66
-74
-65
-54
-52
-29
-26
-41
-15
-7
-6
-9
13
6
-15
10
-3
1
5
3
1
5
12
0
10
-4
4
14
3
7
18
32
12
7
32
51
28
8
12
0
-15
-7
34
35
53
81
89
75
71
98
101
99
85
79
50
44
25
22
5
-26
-11
-25
0
-7
9
-19
-40
-3
-9
3
-7
-10
5
2
0
9
10
2
-6
20
34
42
42
37
32
29
28
21
18
32
71
78
79
89
75
50
41
29
31
28
41
18
-13
4
-3
4
-3
3
3
2
-13
-28
-21
-32
-32
-50
-66
-69
-75
-44
-34
-28
-13
-11
23
19
41
48
18
-4
-2
6
-35
-48
-60
-70
-69
-74
-72
-64
-49
-23
-35
-36
-46
-69
-67
-69
-77
-72
-66
-78
-51
-58
-38
-40
-45
-24
-22
-14
-6
-26
-44
1
-16
5
-13
-25
-15
-40
-13
-35
-26
-40
-63
-30
-30
-39
-49
-54
-40
-35
-3
-6
-22
-4
0
16
4
26
16
-19
-10
-18
-22
-12
-10
-3
25
46
80
92
88
85
109
112
99
93
90
104
57
80
95
74
80
76
92
72
92
94
103
93
78
103
95
91
57
67
71
94
111
78
70
76
71
54
59
49
49
41
42
34
45
47
29
32
19
16
10
5
-9
11
16
-15
-18
-22
-12
-25
-35
-48
-66
-65
-107
-110
-115
-108
-106
-114
-101
-118
-114
-129
-121
-126
-114
-94
-87
-63
-104
-105
-117
-116
-108
-139
-131
-124
-129
-145
-132
-142
-120
-105
-118
-91
-104
-71
-83
-88
-44
-50
-40
-54
-21
4
3
22
26
52
50
57
61
74
65
53
53
35
74
59
35
46
55
83
57
67
89
110
104
60
85
60
46
69
66
73
99
107
72
72
67
61
72
91
92
89
90
78
73
76
72
56
67
86
71
55
58
39
4
11
28
19
-1
-3
18
19
15
-1
6
4
1
6
-22
-6
12
24
33
23
12
6
9
15
12
7
-6
-2
-2
4
15
7
6
-18
-31
-45
-50
-71
-48
-20
-50
-47
-40
-21
-51
-53
-34
-31
-38
-46
-35
-57
-58
-75
-84
-91
-86
-75
-75
-70
-77
-77
-86
-77
-49
-39
-38
-40
-41
-44
-51
-51
-69
-60
-66
-63
-69
-89
-78
-99
-94
-80
-77
-72
-75
-76
-45
-48
-41
-11
-15
-21
-18
0
16
21
25
47
47
47
69
65
45
58
74
78
73
71
67
54
75
67
83
99
100
94
84
108
94
84
85
106
110
101
104
102
111
115
103
85
89
89
100
77
61
71
53
37
37
42
34
45
32
30
16
12
-1
-34
-16
-14
-11
-25
-35
-34
-35
-39
-53
-48
-49
-61
-61
-42
-50
-89
-79
-61
-67
-66
-82
-63
-65
-73
-57
-59
-47
-29
-13
-14
-7
-10
-20
-37
-26
-2
-8
-10
-6
22
23
2
-24
-23
-12
-14
3
5
-16
-23
-25
-51
-54
-35
-41
-71
-53
-41
-44
-23
-25
-17
-15
-30
-18
-26
-41
-29
-22
-5
-8
9
6
-15
-9
-11
4
-18
-32
-21
-35
-44
-43
-21
-13
-39
-18
-13
-20
-26
-38
4
11
32
45
19
38
39
32
41
55
77
79
87
69
70
52
25
39
41
53
33
23
34
43
16
6
45
25
22
44
58
72
79
72
50
49
58
38
23
45
60
54
44
48
58
85
66
64
82
50
65
69
61
59
35
25
-7
1
5
-45
-34
-44
-38
-53
-83
-54
-66
-60
-51
-56
-75
-92
-86
-69
-86
-97
-93
-111
-100
-92
-73
-76
-86
-83
-82
-59
-28
-25
-13
-13
-7
-2
-25
-5
-1
2
6
15
1
-9
2
15
6
0
2
-5
9
11
29
-2
-1
-2
-16
-3
-22
-1
-12
-25
7
-4
-15
-1
-13
-10
-18
-12
-21
-12
18
3
-9
1
32
30
40
30
22
36
20
4
-7
3
11
-1
10
0
-7
3
-6
10
20
22
9
20
20
14
20
15
36
26
21
31
29
20
34
38
51
53
34
37
24
21
26
32
31
46
41
49
33
17
24
6
20
11
2
-21
-19
-21
10
26
23
3
-27
-11
-34
-41
-28
-16
-25
-18
-18
-3
4
-8
-5
0
13
22
38
-6
-16
6
-20
-21
7
9
-13
-18
-37
-30
0
-1
-2
3
16
7
8
20
-4
-17
6
3
-19
-2
9
3
-10
2
0
-8
-20
-29
-41
-47
-51
-63
-57
-59
-58
-66
-37
-45
-54
-53
-57
-42
-34
-17
-32
-17
-29
-36
-34
-15
3
-15
-9
10
10
-24
-27
-5
2
-12
-17
-12
3
-4
0
13
17
47
57
38
22
53
60
61
51
53
61
41
59
60
68
75
61
38
24
4
13
-1
-24
6
-1
-2
-10
0
3
-3
12
29
50
33
21
10
3
25
21
22
52
54
49
38
42
14
4
14
-3
3
-5
-12
-26
-14
-19
-44
-60
-44
-35
-53
-45
-54
-47
-44
-37
-34
-29
-5
7
24
27
20
35
38
14
17
39
35
29
47
38
38
34
6
10
6
-7
-2
-13
-21
-39
-41
-35
-44
-28
-50
-67
-61
-48
-55
-45
-22
-28
-32
-15
-7
-32
-27
-41
-20
-7
-13
-2
-30
-28
-25
-28
-4
10
-5
-12
-15
-19
-22
-20
-18
-26
2
15
9
19
14
25
37
45
28
10
28
34
42
44
41
50
51
25
22
34
31
33
35
60
30
13
26
-1
-5
-3
-5
-8
13
10
-4
-6
-12
-26
-29
-12
-12
3
10
-7
-13
14
9
-12
4
4
-6
-15
-19
-22
-15
-28
-37
-23
-1
0
-2
-5
-19
-18
-31
-32
-33
-27
-19
-9
-19
-15
16
-16
3
26
22
39
28
26
22
45
39
19
37
41
38
34
36
22
17
-2
-10
1
-5
-9
1
38
11
-19
-3
-1
3
7
12
16
29
30
30
27
2
8
13
-6
-9
-18
-7
0
-16
-2
-8
-27
-26
-18
-10
-16
-20
-3
-5
-13
-28
-28
-12
-18
-25
-37
-25
-32
-23
-9
-13
-9
-26
-19
-21
-14
-1
10
-12
-26
-17
-34
-25
-10
0
12
9
-9
-9
7
-7
-28
-29
-25
-12
-21
-31
6
16
30
35
34
50
39
45
29
35
23
21
35
22
20
11
-6
-32
-12
-22
-17
-14
-10
-19
-41
-18
-16
0
-4
-16
-20
-13
-24
-34
7
2
-10
12
7
18
50
53
54
60
47
44
35
21
28
43
50
26
20
24
2
-9
0
-2
-2
1
-7
-13
-8
-4
-3
-7
7
34
18
9
7
3
-10
-11
1
-10
0
0
-12
-35
-46
-45
-50
-50
-35
-15
-28
-13
-6
-8
3
0
1
-13
14
32
21
25
24
18
17
48
45
31
43
31
16
14
-3
4
19
0
10
0
-16
-27
-18
13
9
-10
-5
3
-5
4
4
-15
-23
10
-16
-37
-31
-34
-18
-44
-34
-19
-23
-30
-35
-57
-54
-37
-37
-16
-38
-22
1
-1
-3
-22
0
-4
-13
3
-4
-13
-12
-14
-7
-7
12
30
14
8
-2
9
6
17
25
18
22
-5
19
-2
-12
16
10
4
-3
4
-11
-20
-11
4
-6
-6
-1
-8
-18
-18
5
3
4
13
26
17
25
27
19
14
20
34
13
20
14
9
16
45
45
34
34
33
28
32
42
22
35
10
28
28
38
63
40
62
47
27
33
19
8
7
-3
8
2
2
1
0
0
-5
4
1
6
-12
-17
-19
-33
-29
-13
-22
-28
-18
-29
-42
-35
-18
-48
-38
-41
-68
-55
-56
-51
-40
-25
-13
-17
-6
-13
-29
-17
-32
-14
-6
-5
0
-1
7
-9
-22
-29
-12
-22
-16
-1
-23
-57
-49
-55
-43
-35
-43
-29
-34
-20
-20
-10
-27
-12
-17
-29
-29
-38
1
-20
-25
-22
3
16
-3
5
-3
9
38
28
7
28
44
53
44
35
35
26
40
43
48
64
68
66
82
69
38
40
36
37
48
59
68
63
53
79
59
43
47
32
56
48
35
26
35
31
27
13
2
13
3
13
14
-17
-24
-16
-26
-18
-18
-29
-39
-15
-20
-45
-30
-32
-19
-32
-39
-35
-28
-20
-17
-19
-29
-19
-26
-24
-27
-33
-35
-18
-9
-31
-34
-46
-53
-50
-12
6
-3
-8
-32
-31
-38
-23
-2
-3
11
0
-6
-2
-6
-3
-17
-22
-16
6
-8
-20
-8
-35
-28
-7
-14
-19
9
4
5
5
-3
17
9
12
0
10
3
-4
8
4
-3
-3
9
10
7
2
-7
-16
4
11
17
1
13
6
-10
-2
-14
2
-17
-25
-9
2
0
0
3
-1
6
4
-13
-12
5
-6
13
6
7
13
6
14
35
49
38
41
33
39
48
58
39
49
55
41
54
35
37
34
34
44
31
24
39
34
29
17
29
29
13
27
5
6
14
-1
-5
-3
9
14
-6
4
7
-11
-14
-14
-4
-6
-8
-8
-12
-53
-55
-27
-37
-63
-56
-38
-48
-34
-17
-30
-34
-19
-35
-36
-5
-24
-47
-42
-50
-39
-41
-48
-18
-22
-32
-35
-49
-28
-10
-19
-38
-40
-27
-15
-18
-22
-13
-4
-1
-9
6
5
-3
6
6
2
13
34
27
14
11
10
14
7
12
2
-17
-1
-19
-34
2
15
-7
4
4
6
28
20
3
-6
0
17
15
17
44
43
33
26
24
30
30
43
59
44
35
38
23
34
33
22
15
20
30
27
29
21
21
47
36
29
2
16
48
17
23
4
6
4
4
6
-4
0
-21
-18
-10
-10
-29
-29
-27
-25
-12
-13
-18
-50
-22
-16
-32
-15
-5
2
-5
11
-17
-14
-13
-29
-6
-9
-15
-20
-24
-24
-16
-16
-24
-12
8
-9
-28
-26
-11
-6
-27
-26
-12
-7
-18
-1
8
11
21
-3
-23
-25
3
3
6
7
-5
-15
-12
-4
-19
-19
-28
-6
6
-2
5
-1
-16
-24
-26
-7
-3
-12
3
-17
-19
-7
3
-13
-6
2
4
10
-14
-16
-3
6
10
26
29
37
15
9
25
22
26
10
18
38
51
44
33
3
4
33
22
18
6
3
-4
1
6
19
35
15
20
-3
16
32
-7
22
3
-7
5
-3
3
-3
20
16
32
34
3
14
12
0
-6
7
3
-1
-4
-13
-6
-5
-3
-10
-12
-15
-13
-18
-19
-3
-6
-14
-20
-26
-19
-17
-16
-9
-9
-12
-41
-24
-17
-10
10
-12
-22
-18
-20
-31
-30
-14
-4
-8
21
3
-3
7
-1
10
12
6
4
9
10
9
9
11
-22
11
14
-1
13
-9
-2
-2
6
6
21
9
7
12
12
18
13
32
26
7
-1
0
-14
-3
-4
-13
-17
-16
-14
-13
-23
-49
-15
-30
-45
-38
-45
-18
-29
-47
-20
-1
-13
-15
-19
-29
-33
-19
-28
-18
11
-13
-20
-4
6
0
9
23
13
20
21
13
39
44
24
51
44
50
73
65
60
53
82
71
52
51
28
27
34
34
25
20
7
-11
-10
-11
-10
-13
-18
3
14
10
13
19
0
-3
10
9
-1
-21
-36
-25
-12
-47
-33
-19
-16
-14
-20
-5
-37
-41
-33
-29
-38
-21
-7
-31
-35
-17
9
-3
-26
-6
-6
-35
-20
-12
-26
-27
-23
-12
-10
-18
-20
-23
-4
2
-13
-6
-2
-12
-25
-10
-20
-25
-20
-37
-7
17
15
20
10
23
13
31
47
33
46
49
52
26
35
32
23
21
4
10
2
20
20
15
6
-7
19
21
22
12
8
24
3
15
20
-9
-13
-14
-11
0
2
-1
-1
-9
-19
-28
-28
-19
-22
-15
-9
-20
-4
-10
-7
-11
10
29
7
10
-6
-5
-8
-13
13
11
-8
-2
-16
-26
-28
-20
-13
-24
-36
-22
9
8
12
3
9
3
18
31
31
31
18
21
3
13
3
8
12
2
-7
-8
-2
1
18
-4
8
3
-26
6
-3
-13
0
-14
-13
-22
-6
-5
-9
3
9
27
13
14
22
-8
-32
-6
-3
-16
-21
-16
-8
-34
-8
-12
-31
-11
-14
9
18
-1
9
-4
-16
-3
8
-4
-2
3
-3
8
13
9
-7
4
13
16
34
32
12
2
-13
-34
-21
9
6
-2
3
3
7
-1
17
39
35
30
26
9
5
24
17
28
35
31
29
35
41
16
8
12
-4
-15
3
-18
-11
-13
-25
-26
-42
-31
-19
-19
-32
-37
-38
-28
-25
-14
-22
-33
-39
-35
-29
-18
-11
-33
8
-8
-12
-7
-18
10
-24
-37
-34
-21
-12
-22
6
-1
-32
-12
-33
-48
-25
0
10
0
3
16
32
35
38
35
37
53
57
45
50
58
48
23
14
34
12
0
12
25
25
19
33
10
18
28
10
11
18
21
13
34
32
32
39
10
12
13
16
17
16
4
-12
2
-13
-13
-8
-2
-16
-35
-40
-47
-31
-37
-35
-48
-44
-23
-21
-22
-26
4
-10
-31
-20
-37
-19
12
-13
-11
-5
-7
-13
-20
-6
-13
-6
-12
-15
-15
-18
-6
-19
-34
-6
-1
-26
-33
-32
-6
3
3
12
15
9
36
37
9
6
14
28
22
9
10
29
7
18
23
2
18
29
45
32
29
16
-9
0
8
-4
-2
-10
-11
-12
-11
-6
-1
-6
-22
-15
-13
-15
-28
-15
-7
-9
3
8
5
-8
8
12
14
11
-3
2
0
-3
1
10
-4
-7
3
1
13
10
-15
-18
2
-1
-6
-16
-14
-15
-19
-7
-2
2
3
5
26
42
32
41
49
28
20
13
1
20
0
-12
8
10
13
0
3
4
24
32
25
18
6
1
-15
12
9
13
32
13
-3
17
22
10
25
5
-3
-12
-21
-21
-7
-10
-26
-13
-40
-25
-20
-51
-16
-13
-25
-43
-33
-20
-26
-5
-19
2
12
-14
-13
-14
-22
-31
-24
-11
-29
-34
-4
0
-9
-22
-24
-20
-20
-8
-22
-44
-35
-36
-45
-6
-12
-6
16
-6
6
-2
2
6
-3
2
1
9
29
56
57
47
38
25
25
36
23
19
34
16
10
7
-8
-4
0
24
20
21
39
31
33
44
43
26
31
39
19
25
25
-2
-19
-8
-8
-1
5
1
2
-6
-25
-37
-16
-16
-5
-2
-23
-28
-12
-1
-2
15
15
0
1
24
7
-1
1
1
0
-2
0
-7
5
7
21
10
-4
7
10
3
-6
-13
-20
6
-3
-15
-5
-29
-14
5
-2
4
-1
0
-18
-22
0
-9
-17
-11
5
10
-22
-28
-12
-21
-35
-32
-24
-28
-15
-15
-20
-46
-51
-28
-22
-13
12
12
-10
-6
-20
-1
-4
-14
-2
-17
-6
1
0
-3
-3
29
11
-3
35
28
20
19
18
6
13
9
22
19
-1
6
3
10
-10
6
-9
2
2
-7
2
-4
16
13
35
28
22
26
31
22
45
55
28
29
44
64
36
44
23
6
21
12
12
13
-6
-14
-16
-37
-19
-27
-21
-34
-25
-9
-17
-17
-24
-30
-39
-38
-18
-14
-56
-18
-18
-19
-15
-43
-20
-9
9
6
16
10
-7
-7
9
0
-15
-4
3
7
11
28
8
26
41
14
3
1
8
-9
2
22
29
18
-7
-2
12
18
33
23
8
18
-4
3
5
-2
0
2
6
-17
-19
-15
-29
-23
-7
-10
-9
-28
-19
-23
-35
-31
-18
-1
-21
-17
-21
-9
-19
-15
-9
-10
6
-2
-3
-22
-11
-9
-17
-2
3
-20
-25
-19
-9
-3
-6
-6
-6
-1
2
-1
-16
-13
-2
13
21
27
30
32
14
9
27
29
35
16
