25
41
66
12
46
69
69
93
82
79
72
64
112
141
146
159
114
95
89
133
136
112
156
166
152
103
57
61
60
98
71
92
159
118
192
204
188
215
181
212
149
117
132
73
32
31
2
-26
25
20
3
-35
-45
-58
-99
-73
-53
-54
-51
-19
-11
-12
-49
-45
-53
-49
-23
-54
-109
-142
-139
-138
-99
-49
-58
-135
-114
-138
-125
-132
-127
-65
-129
-86
-81
-75
-73
-98
-74
-119
-74
-20
-74
-96
-73
-36
-24
-26
-39
-67
-79
-131
-152
-104
-90
-56
-67
-70
-52
-72
-53
-92
-110
-66
-13
-44
-12
21
34
106
79
149
171
171
235
176
162
170
149
185
134
120
127
38
72
82
89
94
92
132
88
64
4
-3
4
1
50
35
38
32
69
99
69
109
113
159
124
101
147
79
91
41
39
47
50
70
28
62
35
10
-5
-4
-13
-47
-59
-68
-58
-73
-154
-172
-97
-93
-115
-117
-112
-128
-168
-142
-107
-124
-115
-110
-105
-60
-68
-87
-96
-140
-66
-53
-55
-12
-49
-3
-9
31
49
7
-30
-70
-44
-53
-31
-57
-47
-27
-10
16
3
-13
-28
19
-4
14
26
-24
-17
-35
-7
-11
-19
44
67
73
107
59
-4
0
9
3
-28
-20
-47
-28
-36
-35
19
-13
19
12
54
73
10
-6
3
3
19
12
1
42
26
35
17
40
58
76
99
37
52
57
58
54
19
36
70
105
133
139
208
200
153
187
196
166
127
111
98
111
81
79
133
108
57
56
52
71
64
45
3
-94
-113
-161
-192
-176
-136
-142
-185
-161
-136
-126
-112
-69
-59
-67
-99
-90
-58
-110
-143
-50
-86
-151
-88
-87
-102
-155
-156
-117
-142
-157
-149
-157
-119
-113
-150
-100
-82
-77
-37
-62
-63
-20
6
60
63
75
89
55
55
54
48
7
-28
-22
0
10
-29
-41
-25
-13
4
-3
10
41
63
82
48
99
109
128
140
84
127
102
115
98
91
108
119
69
75
107
70
100
61
103
100
80
57
12
91
102
96
173
197
189
221
176
191
191
123
155
120
92
63
39
24
1
-30
-56
-79
-104
-45
-113
-117
-94
-92
-108
-147
-139
-135
-138
-151
-100
-96
-81
-115
-61
-46
-61
-37
-54
-98
-168
-197
-223
-212
-268
-177
-151
-183
-179
-196
-155
-135
-110
-84
-71
-71
-40
-66
-37
-41
-18
32
15
58
92
67
51
51
21
18
-34
-3
41
-2
50
53
45
48
-9
27
48
39
105
105
132
135
64
112
165
151
134
165
188
121
56
45
65
64
21
32
51
34
2
-9
37
3
15
22
26
34
-17
5
10
60
64
94
101
113
178
126
106
95
60
26
62
60
27
-3
-65
-69
-76
-94
-92
-53
-37
-64
-68
-17
7
-60
-50
-54
-75
-58
-70
-38
-58
-90
-85
-55
-79
-96
-78
-95
-73
-53
-16
-11
-48
-85
-23
-59
-90
-49
-116
-61
-81
-78
-47
-63
12
14
-17
15
28
22
40
22
48
53
32
32
43
41
47
31
54
66
15
26
-7
-33
-38
-49
-48
-38
-88
-83
-25
-9
10
-28
-55
-36
-32
-43
-61
-63
-90
-91
-40
-86
-109
-91
-61
-61
-65
6
72
81
82
88
32
70
99
107
79
70
133
101
139
218
221
221
223
238
256
248
243
217
228
140
90
102
48
12
-20
8
-5
-51
-85
-38
-29
-54
-33
-52
9
9
-35
-22
-70
-92
-86
-54
-36
-56
-31
-41
-73
-27
-47
-75
-56
-114
-115
-164
-160
-163
-237
-235
-211
-183
-207
-127
-144
-156
-118
-90
-34
-89
-62
-32
-25
35
37
23
42
44
65
102
102
89
68
54
90
31
27
38
-44
-38
-26
-16
-67
-88
-66
-61
-24
10
12
41
59
56
102
124
130
92
120
157
123
90
99
95
40
13
20
66
71
25
-12
-6
20
-35
-85
-77
-108
-76
-35
12
69
66
41
61
71
62
107
114
125
83
59
60
28
28
16
63
80
8
-3
-10
-9
8
7
16
-41
-67
-66
-66
-96
-120
-104
-82
-22
-29
10
26
19
30
13
50
31
-5
-21
-35
-26
-48
-87
-63
-22
-64
-57
-28
-53
23
-3
-21
-10
-18
30
-4
-33
-62
-61
-50
-3
-17
-23
-8
-45
-35
-50
-41
-49
-60
-53
-126
-170
-146
-196
-198
-148
-117
-82
-104
-51
9
48
108
101
151
181
108
81
104
110
80
79
85
82
35
3
19
-23
-22
55
82
50
31
7
13
74
76
28
63
78
77
63
48
22
-33
15
2
27
57
47
83
60
88
82
91
130
96
124
113
75
63
1
3
-25
-67
-61
-83
-74
-41
-14
4
9
50
84
42
60
95
75
40
21
-22
-86
-86
-76
-96
-99
-111
-135
-126
-161
-137
-104
-104
-51
-54
-59
-76
-103
-70
-86
-94
-110
-124
-61
-35
0
-4
-12
-70
-96
-60
-87
-68
-79
-70
-70
-61
-29
-17
-34
-26
-39
-22
43
-17
25
20
-7
23
39
122
89
54
73
117
142
86
79
65
62
75
81
79
32
5
-24
-13
-10
-29
0
19
32
38
59
75
31
30
55
63
95
99
101
111
157
209
160
105
131
108
102
137
81
79
34
-18
-14
-43
-49
-36
-33
0
2
3
25
10
43
13
26
22
26
-57
-117
-83
-119
-72
-97
-108
-136
-144
-133
-86
-86
-109
-88
-66
-45
-84
-20
1
-17
-41
-49
-63
-83
-65
-64
-60
-84
-89
-115
-126
-95
-96
-121
-152
-97
-76
-75
-29
-45
-19
-7
-28
-13
-6
7
38
37
19
-18
-3
-4
-10
19
64
108
55
74
48
58
54
43
76
32
73
54
55
32
37
79
76
113
126
116
126
163
141
129
98
76
114
80
-1
-29
13
-27
-52
-3
-22
4
2
-41
-25
-25
35
80
128
129
126
169
126
140
86
52
68
25
51
12
-19
-9
-29
-8
-25
-57
-25
-23
-47
-13
-41
-76
-64
-79
-80
-92
-119
-60
-75
-103
-67
-71
-55
-91
-77
-69
-70
-67
-41
-54
-89
-99
-121
-89
-110
-80
-88
-142
-126
-112
-91
-67
-91
-16
-27
-43
6
-29
-11
-38
4
38
47
38
32
49
8
-19
-50
-60
-75
-86
-69
-70
-82
-59
-15
-2
-17
2
51
69
111
136
149
148
139
133
127
149
127
113
97
113
93
74
104
91
99
89
102
132
136
128
154
151
113
101
58
76
48
37
62
44
51
60
49
26
35
-2
-25
-65
-62
-48
-45
-34
-37
-73
-121
-86
-79
-65
-85
-79
-88
-61
-45
-63
-8
-15
-47
-12
40
18
-42
-59
-14
-20
-34
-88
-82
-44
-94
-105
-79
-76
-122
-149
-139
-123
-101
-81
-82
-50
-65
-58
-25
-36
-33
-39
-31
-57
-38
13
-41
-47
-53
-78
-42
-13
-7
-13
-13
-12
0
-38
-13
10
7
48
69
78
58
63
70
87
89
72
67
81
113
65
18
14
14
15
18
53
67
83
76
88
71
41
85
109
85
92
124
126
142
102
113
155
101
95
98
58
49
55
60
37
23
23
18
23
-12
-25
-53
-47
-26
-19
7
5
16
-13
-18
-15
-22
-13
-10
2
-3
10
-9
-30
-26
-37
-74
-117
-128
-165
-168
-161
-195
-227
-181
-139
-162
-133
-72
-76
-94
-68
-66
-61
-108
-31
19
-16
33
0
12
18
-13
-19
-73
-55
-4
-21
-15
-38
-21
-20
-9
-18
-53
-40
-69
-18
-20
-19
-31
-37
13
-7
55
129
99
87
132
116
92
94
38
45
54
46
83
42
18
-7
-11
9
20
38
59
60
112
146
99
94
78
71
26
60
61
56
64
70
145
80
67
38
37
22
1
2
-12
10
-6
39
20
20
17
69
113
66
45
73
50
23
59
42
36
31
77
36
14
9
-29
-2
-21
-42
-75
-131
-136
-125
-78
-92
-128
-91
-114
-117
-136
-75
-79
-99
-85
-100
-63
-66
-39
-35
-42
-41
-33
-72
-104
-121
-171
-226
-231
-193
-173
-175
-179
-136
-136
-108
-81
-93
-67
-80
-56
-1
7
42
54
50
65
25
66
108
71
73
51
16
34
23
46
60
5
28
28
83
132
111
101
120
143
117
173
186
218
205
201
245
209
223
216
229
190
145
152
153
140
74
79
115
88
54
30
24
12
-28
30
25
14
19
-28
-12
-49
-52
-41
-35
-10
-12
-3
-22
-50
-61
-99
-63
-86
-103
-122
-164
-134
-189
-140
-139
-149
-167
-171
-139
-123
-115
-135
-118
-187
-143
-141
-123
-80
-84
-32
-40
-59
-88
-89
-48
-95
-76
-27
-53
-55
-53
-26
4
-3
-18
4
-32
-38
-29
-23
-25
-27
-28
-33
13
2
62
22
-3
21
25
100
71
86
112
70
94
123
125
140
111
120
131
145
129
84
72
104
78
68
153
76
63
52
57
103
91
76
71
87
73
68
67
113
86
61
34
55
77
57
44
42
16
-12
40
7
14
-14
-35
-21
-14
-20
-84
-60
-53
-136
-129
-102
-77
-30
-101
-50
-2
-60
-69
-72
-35
-82
-76
-10
-37
-25
-16
-13
-37
-63
-100
-91
-78
-149
-149
-164
-165
-123
-139
-132
-94
-80
-64
-87
-33
-1
-47
20
25
57
63
52
87
33
6
-19
-21
-26
-40
-11
-12
10
4
-29
-20
-38
-17
4
45
71
69
107
96
126
145
141
158
139
139
103
61
87
77
29
7
-19
-27
7
1
-15
-1
45
51
14
37
27
-2
18
38
42
44
22
34
38
12
-4
-2
61
30
7
14
48
48
-23
7
-22
-3
-37
-92
-19
-51
-35
-25
-11
3
-23
27
22
24
-6
-18
22
-3
21
44
42
26
28
41
11
3
16
3
-10
-26
-87
-124
-164
-181
-213
-217
-176
-145
-93
-84
-65
-62
-57
-50
-15
11
-36
-51
-14
10
10
18
16
5
-12
-29
-13
-5
4
23
-8
9
13
6
38
53
58
79
81
71
85
57
35
35
22
-5
31
-7
-17
14
-9
19
14
6
13
12
3
57
56
78
103
89
88
34
31
38
71
82
41
19
9
-18
9
9
11
17
-22
23
-11
18
37
-10
4
-29
-28
-11
-29
-46
-38
-38
-12
-6
-24
-3
-22
3
7
-9
20
-18
-1
47
103
117
76
69
38
-1
-5
-7
-14
0
-6
-15
-21
-16
-28
-31
-9
-51
-116
-123
-134
-136
-152
-135
-117
-94
-58
-73
-9
-24
-45
-37
-18
8
-20
6
-10
-28
-53
-68
-29
-10
-6
-12
-19
-12
-34
-14
2
-37
-25
-24
-41
2
16
9
38
30
47
25
29
32
-20
-4
13
29
28
15
19
46
95
149
168
181
192
196
190
142
123
87
54
78
87
88
70
79
75
75
57
31
40
-23
-34
-52
-48
-30
-7
38
25
22
-39
-55
-51
-57
-77
-42
-45
-66
-53
-104
-100
-98
-73
-91
-65
-67
-85
-69
-97
-76
-93
-86
-103
-97
-104
-120
-93
-74
-79
-58
-26
-39
-15
-8
-4
-32
-14
25
50
110
120
81
73
69
75
102
81
88
81
89
80
44
47
-1
-47
-25
-22
-49
-16
-39
-44
-13
-60
-40
-20
-20
3
-5
33
58
19
22
24
6
9
-9
5
37
4
-16
-25
-31
5
-10
-16
7
-28
-48
-17
-34
-22
-9
-27
-14
-20
26
20
25
49
-9
-11
11
11
8
4
35
41
11
12
22
42
57
61
42
61
74
96
102
95
122
86
115
107
58
68
38
6
9
29
30
43
-15
-22
28
9
-16
-51
-34
-31
-49
-12
-20
-34
-32
-76
-58
-94
-120
-88
-65
-57
-83
-108
-165
-167
-122
-98
-101
-102
-97
-85
-105
-68
-42
-69
-66
-66
-23
13
-11
-9
36
11
41
44
55
54
61
78
12
43
29
23
-3
7
4
6
41
17
58
29
-29
-27
10
-2
7
19
-10
-10
3
4
10
42
65
83
41
29
22
56
45
42
90
90
135
92
82
83
67
33
10
47
41
44
7
-4
13
27
35
41
47
45
24
13
9
8
13
28
38
-7
8
9
1
2
-8
42
54
23
30
10
-25
-48
-41
-51
-25
-31
-60
-55
-78
-59
-118
-73
-78
-98
-31
-86
-112
-113
-86
-129
-133
-101
-120
-120
-90
-66
-79
-31
-18
-16
14
1
-49
-64
-31
-48
-55
-68
-35
-15
-54
-58
-37
21
-15
-29
13
14
52
81
60
95
103
82
88
70
76
53
73
89
75
89
110
99
101
66
49
83
51
26
28
6
18
25
-11
57
53
54
78
56
56
15
-6
32
38
-9
16
-6
-19
-49
-15
87
73
47
6
12
19
5
29
3
-22
-45
-2
37
17
31
-1
14
-9
-28
-32
-20
-15
-62
-82
-104
-44
-49
-56
-46
-13
-41
-59
-5
-43
0
-38
-19
-5
-70
-22
-28
-15
-19
-41
-25
-63
-69
-62
-55
-48
-82
-40
-25
-25
0
-7
-9
-62
-26
-14
-64
-40
-48
-48
-32
-38
-14
-42
-63
-9
-17
12
13
15
40
23
10
19
30
32
43
15
44
16
25
66
83
92
62
86
49
22
19
36
30
28
65
60
62
61
57
32
6
-1
-19
-43
-26
-7
22
35
42
49
35
48
86
82
39
38
12
13
14
9
36
53
80
72
35
21
29
40
7
-29
18
0
-4
-14
-20
26
12
8
23
36
25
33
-9
-59
-67
-84
-70
-76
-101
-89
-74
-76
-66
-72
-64
-58
-68
-91
-86
-93
-77
-61
-83
-69
-63
-44
-52
-40
-23
6
0
-23
-24
-45
-33
-44
-57
-44
-16
17
32
-21
-6
21
-9
13
20
16
-9
-19
18
23
6
-8
-22
-3
6
7
0
10
16
0
12
17
38
38
26
19
41
83
32
67
107
86
70
82
112
78
111
107
53
45
40
43
47
59
36
18
43
69
92
32
11
37
29
47
18
61
60
13
20
-6
16
3
-5
5
-15
-52
-38
-44
-111
-93
-71
-10
-7
-28
-25
-25
-29
-31
-18
-32
-13
-58
-45
-42
-38
-30
-37
-18
-41
-42
-88
-98
-110
-98
-88
-85
-53
-64
-88
-83
-32
-53
-68
-23
10
7
-31
-19
3
-7
5
9
9
-7
-10
28
19
-34
-38
-38
-8
-4
-18
31
35
59
98
62
41
69
55
45
33
21
24
28
31
40
63
51
60
43
35
-10
-13
-5
-11
37
22
77
82
63
52
59
90
56
76
73
73
48
9
2
-19
-26
-20
7
-3
-13
-6
-6
15
-3
-28
29
29
-31
-31
-61
-86
-45
-12
1
53
70
66
56
35
20
-3
4
-60
-82
-80
-159
-149
-116
-114
-75
-59
-60
-46
-79
-67
-54
-49
-19
-23
-2
2
6
1
-5
12
25
42
54
91
61
4
10
13
32
38
36
45
39
25
14
24
39
57
54
14
-18
-30
-48
-62
-74
-80
-60
-74
-74
-26
-21
-31
-16
3
1
-19
-51
-78
-54
-20
-9
-30
17
54
17
25
3
6
33
26
29
65
69
36
26
16
52
38
31
66
56
74
56
76
87
86
85
11
78
76
72
67
6
51
38
74
74
32
41
-23
-18
-13
-51
-41
-57
-43
-46
-56
-75
-70
-32
-38
-30
-20
-41
-51
-26
-52
-74
-66
-59
-44
-46
-54
-15
-28
-43
-42
-25
-28
-115
-98
-72
-66
-59
-42
-25
-3
31
39
77
82
94
77
84
89
87
99
50
8
-28
-60
-110
-114
-59
-86
-88
-73
-51
-6
-15
-1
-12
9
29
43
57
66
104
71
69
72
75
51
37
63
30
59
41
13
33
-16
-29
-10
-8
-17
-40
-37
-32
-23
20
9
1
6
-7
16
22
20
44
64
27
12
22
32
26
11
9
18
27
-9
-12
-19
-48
-77
-85
-85
-85
-48
-13
12
13
25
14
28
55
37
9
41
37
4
0
-1
19
-19
-14
-18
-17
-24
-24
-40
-64
-69
-86
-72
-97
-55
-47
-57
-25
-4
18
31
23
17
15
44
37
32
78
26
28
31
-3
4
22
70
21
-2
26
-25
-38
-22
-4
-6
12
28
-10
0
-16
-23
-35
-38
-5
-31
-38
-40
-24
-3
-18
-21
-12
2
15
29
-7
-9
-10
-22
44
26
-10
22
41
35
4
9
54
48
29
55
63
53
51
44
66
61
48
26
-4
-8
-20
-40
-72
-75
-91
-86
-78
-70
-48
-50
-9
13
6
20
19
24
27
38
61
22
46
45
21
31
10
8
0
10
-28
-47
-30
-14
-6
-33
-29
-19
9
32
15
47
32
4
35
37
29
7
20
15
8
34
-7
-9
3
-9
-10
-47
-35
-31
-48
-61
-76
-67
-84
-50
-39
-40
-39
-74
-41
1
-8
-1
19
26
26
-6
33
41
8
29
53
45
9
15
14
-16
-37
-38
-67
-50
-27
-46
-76
-60
-38
-43
9
4
39
47
20
53
70
93
71
62
54
30
40
37
42
46
10
3
-9
-9
-9
-31
-4
10
32
25
24
22
8
26
-13
5
9
5
33
25
15
6
27
23
-21
-21
-6
-29
9
-13
-32
16
-16
-35
16
-8
-14
19
0
29
9
38
31
2
29
7
22
25
15
-16
-8
-9
-35
-56
-72
-29
-22
-18
-10
-14
-22
-40
-1
0
-18
0
-20
2
-31
-29
9
-36
-44
-46
-66
-44
9
6
-10
-3
-10
-22
-29
-48
-43
-57
-73
-39
-45
-27
-19
-4
2
0
26
2
0
17
35
41
61
78
100
91
50
43
19
-3
-8
25
20
13
23
-2
-5
-2
15
25
6
6
24
41
37
48
41
53
45
10
18
-4
37
26
4
38
0
-23
-7
-10
-19
-24
-33
-7
10
13
-3
-13
-2
-3
5
28
20
-8
-14
-18
-5
-21
-45
-6
-3
-7
24
39
-2
-40
-44
-27
-21
-31
-11
-29
0
15
19
47
7
-2
7
-10
-19
-2
16
8
-3
-3
-36
-52
-44
-36
-59
-82
-60
-79
-86
-63
-58
-29
-20
-29
15
10
29
37
9
-10
-23
-4
14
34
11
30
15
12
14
5
29
26
9
-2
-15
-43
-12
22
18
14
21
9
29
39
12
33
39
47
54
39
46
63
54
37
27
12
46
53
47
15
-35
-21
-37
-3
22
12
11
12
11
-11
1
-11
-10
4
-7
11
31
3
11
15
-9
26
26
22
-10
-47
-48
-53
-37
-36
-34
-24
-32
-54
-31
-41
-48
-35
-44
5
6
-19
-23
-13
-43
-13
-9
-26
3
-29
-9
-51
-72
-63
-51
-2
-30
-30
11
24
38
45
32
36
30
31
38
79
76
47
104
120
70
44
69
50
16
9
6
-6
-19
-25
-24
-58
-99
-66
-83
-57
-35
-44
-52
-84
-32
-38
-7
22
3
1
-9
-12
0
3
-15
1
-3
9
-17
-7
29
2
8
31
15
-13
6
19
32
30
42
71
73
81
53
21
32
54
71
74
70
58
35
13
7
12
21
16
-22
-18
-11
-41
-54
-38
-28
-57
-32
-27
-42
-20
-27
-29
-43
-44
-20
-19
-7
-19
-24
-20
-25
-10
14
16
-15
-23
-8
-9
-29
-31
-60
-54
-64
-45
-10
-29
-3
-15
6
22
28
29
60
86
58
43
6
4
29
33
26
52
43
32
5
16
37
12
21
-7
-10
-41
-55
-20
-22
-41
-36
-7
-11
14
34
6
0
-16
-3
16
-4
4
-17
-40
-48
-25
-13
-25
-31
-19
-40
-76
-59
-48
-38
-27
1
22
60
62
41
57
50
48
43
36
50
29
45
75
33
35
38
38
42
28
24
19
8
-21
-20
-3
-3
-10
-8
-19
-19
6
-25
-47
-39
-1
35
28
43
56
48
25
6
-12
-23
-31
-23
-42
-48
-38
-30
8
-4
2
-7
-32
-34
-32
-55
-20
-22
-34
3
3
7
-39
19
47
47
16
-5
-22
-81
-24
-34
-54
-47
-32
-23
-33
-18
-3
-31
-15
-3
-56
-46
-81
-79
-49
-46
3
41
50
51
82
73
49
45
44
52
38
21
7
-9
3
23
10
50
48
64
76
57
53
44
41
-6
28
3
25
45
29
33
-14
35
41
49
58
28
33
-4
-28
0
4
-2
-41
-35
-54
-79
-6
0
-13
-47
-72
-51
-57
-81
-51
-26
-59
-50
-10
-4
14
34
15
24
19
60
36
19
23
-19
-31
-78
-46
-37
-41
-27
-7
-10
-37
-22
-31
-8
-3
-42
-43
-11
-10
16
31
37
50
39
38
26
20
8
31
19
-7
-8
-13
-3
-13
-13
-10
-6
13
-8
-9
21
-8
-23
27
47
31
37
26
4
32
32
25
24
-19
-4
-23
-41
-6
-9
-13
-24
-18
-12
7
23
12
16
-3
-6
32
36
4
6
1
-13
-17
-19
16
18
6
-8
7
28
3
16
3
6
40
24
13
24
14
-17
-10
3
2
-15
-13
-10
14
43
7
7
3
-1
-16
-16
3
-7
8
6
23
19
-11
4
-1
-16
3
-10
-24
-16
-22
-47
-61
-58
-60
-41
-41
-48
-40
-34
-34
-14
-3
-7
9
-4
-29
-29
-29
-34
-44
-19
-1
3
3
4
28
39
21
6
39
21
28
49
31
29
16
40
47
44
51
48
39
34
17
15
-15
-10
18
-2
-3
-8
-19
-42
-28
-34
-22
-12
0
23
8
36
31
21
11
11
-2
-1
-6
-29
-8
-25
5
9
-10
25
36
37
-2
-24
13
13
10
3
22
46
31
19
3
42
24
5
15
15
23
-10
12
4
-31
-40
-20
4
-31
-44
-37
-31
-42
-50
-38
-35
-22
11
-1
-3
16
-12
-23
-56
-19
-5
-34
-29
-7
3
-40
-6
0
-15
-22
-46
-38
-34
-68
-54
-33
-47
-38
-5
20
10
35
31
7
3
28
56
35
14
44
54
30
40
47
9
13
25
6
14
16
28
19
21
23
23
41
28
34
12
16
41
21
32
15
3
16
9
31
24
13
-4
-51
-29
-4
-7
-11
-8
-25
-31
-12
-22
-5
-5
16
17
-29
-21
-3
-13
-39
-25
-19
-6
-4
-12
10
4
-1
7
-4
6
29
15
12
23
0
18
32
26
44
50
27
23
29
-3
-12
-11
-26
-63
-50
-6
-19
-22
-37
-58
-82
-75
-69
-92
-52
-48
-38
-7
-10
-30
-27
-8
-27
-21
-18
-15
-18
7
0
-13
18
12
21
54
50
33
29
23
40
48
35
17
54
39
20
47
51
31
24
34
-9
17
-2
-12
8
-31
-31
-29
-21
-6
-3
-9
0
-16
1
29
10
28
22
10
22
63
76
48
34
26
11
-3
8
-2
-21
-32
-6
-33
-54
-22
-26
6
10
-16
-14
-19
-27
9
-2
-1
7
-30
-3
28
-14
0
21
-15
-6
-20
2
2
-6
-1
-24
-42
-26
-12
-23
23
10
37
38
20
56
23
40
16
-9
-6
-50
-55
-54
-50
-44
-54
-37
-47
-61
-50
-41
-18
-19
9
18
35
54
53
73
47
28
7
-6
-23
-22
3
9
3
-15
-1
20
2
-1
-11
-15
31
9
-26
-15
-25
-3
17
-6
-17
-13
-32
-13
36
16
3
3
-17
-5
22
41
32
5
9
29
9
2
29
23
24
24
0
3
21
28
7
9
41
41
29
15
-7
3
9
-1
-19
-13
-38
-53
-62
-47
-15
-55
-38
-20
18
13
5
23
22
49
66
60
73
85
36
33
53
21
7
52
49
36
14
-33
-32
-40
-44
-54
-81
-82
-75
-85
-102
-90
-76
-73
-54
-33
-15
-16
13
9
19
41
21
35
29
22
20
19
1
-25
-23
-23
-37
-61
-47
-29
-21
-60
-45
-16
-6
22
-8
18
36
47
13
16
51
22
14
1
29
15
-9
11
-3
-10
-15
1
2
-12
-1
2
3
11
-1
13
41
39
47
39
29
26
32
33
31
41
23
27
28
26
9
-7
9
19
28
23
32
40
7
2
31
35
32
15
13
22
2
-3
7
15
10
5
-6
-22
-26
-22
-6
-12
-33
-47
-56
-29
-25
-49
-32
-28
-50
-69
-57
-39
-44
-34
-34
-16
0
-6
-10
-18
-16
-21
10
35
16
8
8
18
-7
-3
-1
-8
-13
-35
-38
-56
-31
-38
-31
-40
-69
-65
-83
-58
-64
-54
-40
-47
-6
50
49
69
78
77
76
40
81
89
67
48
58
58
37
26
20
9
13
18
7
12
2
21
16
12
14
3
3
6
27
35
12
3
45
27
5
25
-3
4
-17
0
15
-19
7
-8
16
3
-24
-23
-14
24
6
21
19
-3
-18
-26
4
1
-17
-26
-40
-41
-48
-24
-20
-2
6
5
-10
-24
16
1
34
44
19
-7
-19
-25
-8
-3
-33
-15
-36
-4
31
24
20
25
14
-14
-26
-26
-13
-16
-38
-44
-49
-80
-75
-69
-43
-31
-4
0
-11
-4
-4
-3
-30
-16
-37
-26
-31
-46
-35
-37
-5
19
54
50
48
76
79
77
79
72
47
25
43
29
29
48
24
35
42
25
31
14
-22
-13
-32
-24
-16
-25
-4
-13
-26
-28
-23
-32
-2
18
9
9
9
18
20
24
24
35
12
12
19
20
13
-9
-3
-16
-6
-6
-18
-7
-16
-29
-14
-1
-6
-15
-19
-7
-7
1
9
6
28
37
43
35
30
15
-8
4
-22
-3
-4
-44
-35
-70
-48
-25
-32
-19
-4
12
-1
-1
-4
0
3
4
0
6
18
14
13
25
15
-11
1
-16
-23
5
-16
-39
-28
-36
-70
-63
-16
1
-12
-27
-1
0
-21
-10
-8
13
19
27
33
26
7
3
19
0
1
6
4
14
6
9
9
-7
-3
-18
-22
-5
-20
-19
0
-10
9
28
35
75
36
25
54
54
60
57
51
24
44
32
32
42
21
25
49
77
51
38
3
-16
-10
-9
4
-20
-44
-59
-55
-47
-56
-36
-71
-98
-65
-77
-62
-60
-46
-37
-40
-29
-44
-25
1
6
4
-17
-26
-6
-5
13
23
19
18
3
28
25
45
65
49
41
13
4
-8
-7
-18
-7
10
-10
-14
-9
12
-4
-24
-3
5
5
9
-12
-4
-7
0
16
6
32
17
6
23
19
2
-11
-4
2
-8
-30
-23
-13
-32
-14
32
27
21
46
68
38
53
42
-10
5
-14
-23
-9
7
-4
0
34
4
4
16
4
24
20
-14
-10
-35
-43
-37
-54
-29
-13
-28
-15
11
-4
-2
3
1
6
1
2
4
3
-10
-9
-4
-23
-13
0
0
5
3
-18
-33
-32
-26
-9
-24
-29
-11
14
5
21
59
42
37
22
41
23
-11
-1
-22
-42
-2
8
-5
-5
-10
7
-5
-6
-23
-14
-16
-16
1
-25
-27
-24
-13
1
16
31
28
36
52
51
23
10
22
-4
-1
-10
-35
-26
-38
-30
-7
4
-12
-1
16
13
5
10
12
2
-14
7
19
-17
4
20
52
40
26
60
16
1
5
0
9
0
-20
-9
0
-32
2
15
-9
23
43
31
25
17
-3
6
-12
-5
-15
-34
-21
-57
-45
-45
-28
-15
2
1
-18
-14
-27
-6
-7
4
2
-1
-8
-9
0
-31
-6
-1
-6
29
25
-6
-36
-28
-42
-44
-2
-10
4
1
-16
10
16
25
50
45
32
18
0
-16
-10
-19
-18
11
-8
0
4
4
30
45
35
18
6
-4
-3
-32
-33
-34
-49
-26
-6
-19
1
38
51
28
11
38
-12
-10
9
-13
-4
11
8
9
32
26
26
28
28
60
56
22
35
21
11
-20
-41
-55
-53
-28
-6
-8
-6
3
-5
20
-18
-7
3
-11
-25
-27
-16
-36
-35
-25
-1
9
13
10
23
25
22
-7
-4
-10
-9
10
1
16
1
-13
15
18
-9
8
2
12
1
-30
-24
-9
-9
-29
-1
-4
13
-2
-36
10
2
1
9
-6
-12
-19
6
13
14
26
7
5
1
16
37
22
-4
-49
-33
-22
-34
-25
-46
-40
-8
-7
-11
15
14
11
10
3
10
-12
9
33
18
13
14
21
28
56
20
-13
6
-10
-4
-5
-7
0
3
-26
-35
-17
-2
5
0
-3
-20
8
-6
-16
10
-21
-13
-13
-38
-11
-18
-19
20
20
35
50
62
59
28
60
70
40
35
9
0
-13
-32
-21
-1
21
7
25
28
8
13
2
-1
-9
-12
-24
-34
-33
-9
-30
-49
-29
-48
-42
-19
20
-3
-20
9
-10
-7
-23
-21
-18
-25
6
-1
22
44
9
2
26
19
10
7
-22
-11
-27
-45
-22
-31
-22
-7
-6
-8
-8
-13
10
0
-28
-4
9
11
7
17
-8
0
25
31
20
6
23
13
26
10
6
22
22
4
-10
-15
-38
-28
-12
-27
-4
18
21
30
20
45
48
22
32
39
19
-1
-17
-4
-10
-29
-40
-34
-19
-20
4
5
6
-7
-2
2
-1
7
4
12
-4
-25
-17
3
7
20
26
9
20
16
-5
8
3
2
-7
-23
-19
-19
-22
-44
-38
-21
-19
-14
8
29
10
13
37
39
48
35
35
38
32
16
3
13
-13
-17
-53
-51
-34
-60
-61
-64
-41
-20
-13
-9
-3
-12
8
16
7
1
8
10
8
41
24
12
10
27
6
-14
2
-10
5
-15
-20
-13
-3
-17
-6
-3
-24
13
12
27
6
13
14
2
43
25
32
27
14
3
-10
-19
-39
-25
-33
-7
-4
-14
15
20
24
21
0
15
22
-1
7
3
7
3
-6
-4
-16
-16
-20
6
-7
-6
-7
-35
-18
-19
-26
-36
-46
-35
-4
6
1
9
29
48
50
38
29
20
40
55
16
16
19
3
-4
10
40
34
19
9
-6
-9
-8
-25
-29
-31
-28
-12
21
30
26
51
44
23
12
15
-3
-26
-20
-30
-56
-65
-48
-49
-35
-12
-15
-30
-34
-31
-65
-53
-37
-38
-31
-19
-9
-6
9
-2
17
17
22
57
44
8
4
20
21
14
7
-8
-13
-17
-13
11
-6
-6
13
47
32
34
54
37
12
7
51
25
19
17
19
7
-2
3
-3
16
-19
-15
-12
-41
-40
-10
6
-13
-12
6
16
29
35
43
28
4
3
-13
-31
-31
2
13
15
14
-1
-15
-19
-20
-20
8
-7
-32
-25
-21
-22
-30
-14
14
9
18
6
-16
10
16
31
30
22
18
9
11
-22
-15
19
-5
-13
-10
-5
-20
-19
-12
-15
22
-4
-16
-17
-16
-6
-23
-1
-19
-42
-4
13
-9
-7
5
19
18
38
18
10
9
14
38
-3
-19
-48
-42
-42
-29
-12
-26
-47
-63
-29
-25
-24
-19
-18
-11
1
2
-4
-16
-3
3
1
21
28
32
35
63
55
48
46
31
31
13
32
54
47
74
66
48
45
31
29
6
28
28
33
21
4
13
-2
13
-20
-38
-16
-23
-14
-13
-18
-7
-39
-68
-67
-44
-22
-37
-46
-41
-30
-18
-21
-30
2
4
-4
-14
-12
14
5
6
-5
-22
-28
-30
0
-7
-22
0
1
-6
-14
-12
-11
-22
-6
13
12
19
31
35
13
19
24
11
10
10
5
-7
-1
-17
-23
-13
-20
-13
-14
-3
12
6
6
-8
9
25
-21
-11
8
1
3
-3
11
11
4
-9
-3
16
-1
3
-3
-16
-19
-26
-13
-15
9
10
22
31
34
37
26
42
4
11
27
16
-6
-2
15
-9
12
22
9
2
21
13
10
-1
-6
-5
-7
10
-27
-7
-3
-12
6
-3
3
16
47
37
30
13
-11
14
25
15
15
2
-11
11
-5
-4
-28
-45
-44
-28
-4
-15
-9
-29
-16
-2
2
1
1
-16
-25
-12
-53
-39
-9
-15
-17
-29
-46
-32
-34
-20
-2
-39
-35
-27
-23
-20
-16
-4
-8
2
20
42
32
37
24
7
-10
-21
12
31
25
18
35
13
19
22
29
41
25
25
17
20
-6
16
35
39
32
15
30
19
23
17
35
16
6
-3
-23
-6
-35
-29
-43
-38
-11
-54
-43
-32
-60
-39
-21
-32
-29
-35
-48
-29
3
-3
7
16
5
-22
-14
34
28
31
45
59
54
35
28
30
26
36
44
42
63
33
44
36
18
0
2
16
-6
3
-13
2
0
4
14
24
24
13
16
2
-16
-32
-42
-55
-53
-55
-50
-58
-58
-51
-54
-62
-62
-61
-43
-30
-22
-25
-59
-54
-32
-25
-18
12
24
29
12
2
10
9
48
48
36
29
35
38
4
25
28
15
19
-10
-4
-7
4
9
19
20
18
39
13
29
22
57
60
1
17
-6
-16
-16
-28
-39
-19
-1
-27
-28
-50
-68
-65
-53
-8
26
25
0
-11
18
-6
-19
16
17
19
15
35
-7
-9
27
35
60
64
56
27
40
29
44
44
34
35
12
14
-14
-7
-22
-17
27
19
-12
10
35
21
-19
-26
-19
6
26
0
4
-38
-34
-34
-22
-35
-22
37
-4
-8
-76
-37
-31
-50
-7
-60
-53
-48
10
-43
-100
-16
40
25
-32
3
-16
-35
-39
-65
-47
-30
-44
-71
-33
-42
-42
35
9
-51
-9
55
54
4
-12
-14
1
26
64
54
22
25
-2
40
67
73
104
73
63
76
-10
-16
5
5
-1
-44
13
8
-29
-61
-54
6
-11
-11
29
34
-11
-28
98
84
10
44
76
76
12
100
121
116
150
133
73
-9
44
50
23
1
82
86
9
-9
-78
-39
-12
-38
-76
-54
-32
-87
-72
-100
-133
-114
-86
-73
-28
3
-72
-92
-114
-70
-68
-97
-26
-72
-117
-174
-150
-200
-170
-26
-139
-167
-149
7
-7
-121
-42
-155
-91
-13
116
161
73
201
81
117
249
454
492
184
17
-60
578
747
237
-312
-268
318
214
247
-190
-428
-279
28
95
-620
-101
44
-432
-753
-200
560
-219
-252
-297
-280
19
354
388
-609
-30
456
348
65
294
861
-13
-41
53
541
526
158
224
-295
186
179
251
-172
-406
44
-165
114
-224
126
-74
-630
-491
-237
613
-19
-205
-366
-296
77
-326
55
-356
103
238
-16
50
-161
336
-350
-149
-42
176
611
91
-79
-788
207
612
-22
-343
-392
380
-186
-64
-187
-271
62
-118
-13
-699
173
307
-454
-615
-484
439
-86
17
-117
-195
70
-101
246
-242
399
522
251
86
19
891
369
191
113
563
755
186
553
248
273
-229
-87
524
364
465
-533
-838
-936
-85
486
-507
-372
-263
-418
-1365
-733
418
-462
-961
-626
232
144
396
250
-1031
-903
672
1647
581
697
1077
228
-75
980
1957
582
359
1088
840
87
329
1042
-419
-691
-47
92
-624
-878
18
-1280
-1986
-1218
-170
-590
-1518
-859
-730
-994
-1639
-510
536
112
-647
-994
397
635
489
-39
-136
252
517
1240
566
284
168
578
364
15
1088
948
860
-72
-238
-105
-36
669
-34
250
-100
282
-99
-673
34
-502
113
-391
226
169
-605
-241
-923
-130
-590
123
385
-131
386
-469
196
-285
422
1054
417
698
222
1301
735
491
582
462
971
167
1237
1020
673
164
-319
502
-205
198
128
325
-148
-995
-810
-1310
-861
-1160
-610
-534
-1326
-1315
-1600
-1081
-1501
-1441
-869
-745
-921
-1422
-973
-1052
-918
-641
49
466
-259
-516
-842
-331
7
303
633
235
-12
-86
811
1115
963
813
1137
2177
2396
1897
816
814
2016
3239
3279
1896
824
1172
2481
2431
1078
133
563
916
-25
-880
-1065
-561
-976
-2131
-2731
-2399
-1501
-2185
-3451
-3421
-1747
-656
-1571
-2264
-1678
-617
-589
-377
650
1682
1839
802
147
947
3311
4290
2567
706
1245
2567
1839
367
-23
843
973
190
-261
-379
-745
-2056
-2901
-2391
-1055
-872
-1957
-2698
-2963
-2259
-2100
-2039
-1828
-1491
-1119
-1955
-1480
-454
418
-279
-1535
-636
-113
230
-110
536
1193
119
110
502
1448
1295
1122
1948
2071
2502
1852
2027
1818
931
1962
3168
4294
2627
1663
2578
2041
1152
468
2159
2271
805
414
314
379
-1591
-1650
-964
-1248
-1236
-1943
-1470
-2954
-3526
-2131
-1725
-1622
-2525
-1531
-1561
-2126
-1218
-303
602
-344
451
1235
850
720
517
1778
1352
1445
2222
1690
909
-26
958
1093
446
485
706
369
-1585
-1887
-1154
-507
-915
-1724
-894
-1172
-2200
-2792
-1702
-193
-619
-1174
-1001
-395
-892
-1323
-715
-309
-547
-1126
-604
-798
-2021
-2590
-2193
-1510
-2110
-2037
-933
-271
-426
-553
405
635
983
2187
3160
1768
-369
2767
8946
10760
5229
112
2782
8217
9105
4644
827
1311
4258
6224
3487
-1089
-2184
-111
-609
-5223
-5791
-1736
-840
-6383
-10796
-7192
-2540
-3520
-8206
-9611
-5964
-2311
-1525
-2514
-1584
1260
1592
-1205
-1419
4762
10073
7104
1779
2556
8046
9034
4638
2384
3909
6326
5730
2965
874
213
528
-1883
-4572
-2931
934
81
-6488
-8361
-5165
-4058
-6496
-6033
-1020
-1074
-4334
-5234
-2741
-1628
-3333
-1560
1269
2828
2313
1915
1435
-428
300
2001
3184
2283
1718
2207
-176
-2761
-3960
-2597
-1478
-2590
-3747
-4103
-2580
-1561
-1652
-3063
-3646
-2234
376
3398
3734
2414
343
2355
8558
11583
6791
683
5233
14158
14911
4789
-2175
2587
9052
10001
3978
926
2433
1166
-3130
-8061
-5360
1
204
-5374
-11237
-9083
-6632
-7368
-10797
-10892
-4723
-1751
-2348
-5730
-5569
-1602
-745
-1040
220
6413
10621
6524
977
579
6407
8999
6269
5294
6425
7373
2713
-1306
489
2887
1830
-4013
-4771
-974
-377
-4709
-8282
-5444
-4550
-5922
-5307
-2082
-1058
-5792
-6757
-3947
-866
-86
-989
-194
-936
147
1871
3186
3004
1807
2705
1617
1253
1669
3537
3658
163
-1625
-2487
-1831
-2207
-2676
-2897
-3915
-4265
-4777
-2952
-1014
-712
-2771
-4203
32
4872
6335
2553
-905
1304
8218
14916
13151
5980
1909
7803
15021
12347
3939
-490
4933
10445
8976
2194
-2836
-1700
-759
-2768
-6753
-5775
-1322
-1919
-8956
-16072
-13052
-5867
-4548
-9987
-12421
-6789
-3607
-6045
-8197
-3620
1816
497
-1118
1550
5762
5437
3332
5115
7368
7130
5793
6344
6099
4029
3588
3640
2928
2290
2497
628
-4663
-6336
-1937
796
-2208
-5278
-4278
-4213
-7823
-8096
-1918
1788
-2503
-6404
-3152
775
-1499
-4620
-860
4656
4285
965
459
2205
2035
1060
2494
4456
3950
2431
1643
-294
-3350
-4048
-759
1552
-1564
-5351
-5571
-4741
-6109
-7276
-3887
203
-48
-3036
-4130
-1660
1450
4256
6070
5649
3062
2077
7855
14802
14861
7534
3545
10031
16350
13872
4969
38
3970
10365
12035
4978
-3452
-4663
-1506
-1537
-7298
-8883
-5265
-5029
-11117
-17776
-14871
-8410
-6757
-11515
-15886
-12249
-6214
-3243
-5310
-5817
-1209
1261
957
1673
6460
9736
6577
4749
8508
13831
12913
7856
4856
4270
6021
7845
9226
6549
438
-2851
-3576
-3539
-3445
-2333
-1632
-4212
-7729
-9798
-10516
-9681
-6526
-4189
-4910
-5341
-3912
-3054
-5418
-6839
-3069
2117
4223
3551
2307
1577
1417
1717
2789
4296
5882
6186
3775
709
64
497
-268
-1196
-971
-383
-1352
-3731
-5207
-5928
-6004
-5081
-4590
-4028
-2319
1451
3094
-197
-3522
-643
6753
8505
4799
3665
10029
16952
15164
8180
3192
6993
16186
20621
15285
3032
-2429
3970
11260
8796
-323
-2618
489
-1100
-9713
-15895
-12050
-6940
-6524
-11628
-15610
-13290
-10653
-12443
-18596
-18194
-7257
2286
2149
-4438
-6609
-4500
-2673
1401
7325
12952
13245
9856
6341
2943
4444
9235
12166
10297
7195
7130
4664
-812
-3833
-2810
-1978
-3308
-1631
-660
-5996
-12111
-12649
-10614
-11372
-8592
-231
1048
-8797
-15277
-8835
-118
1239
157
1979
3509
2022
1679
3864
5904
7415
8012
6826
4785
4257
5878
6366
4520
2971
2424
1919
1019
-196
-2429
-3847
-2918
-1550
-2738
-6701
-8466
-7550
-6805
-6327
-3640
398
1330
-482
-2732
-3190
-442
6013
12466
11234
4955
3546
10011
16085
14359
9622
8517
13279
18889
17401
6055
-6658
-5275
8761
17040
8126
-5604
-9036
-7789
-10881
-15911
-13393
-5929
-3525
-7879
-17244
-23858
-21192
-11647
-7001
-11684
-12070
-3442
1717
-5729
-13146
-7052
3277
7712
8298
9394
8698
4480
3003
5313
7639
10517
14142
13200
5266
-339
1993
4808
2837
783
2380
1350
-4334
-7019
-5510
-4401
-4751
-4855
-5455
-7961
-7784
-3904
-3825
-7474
-6123
600
2316
-3402
-7043
-3003
2842
4437
4805
5198
4231
1965
-96
696
4291
8790
10269
6900
2163
334
1004
1295
2665
4925
4842
1907
-1564
-2665
-3019
-3613
-2338
-1305
-3108
-5143
-4506
-3915
-6953
-9282
-4997
1810
2745
-1412
-3196
-765
2902
4580
4472
3496
3540
9288
16487
16721
8675
2100
6571
16217
18085
9146
323
1880
10092
11102
974
-7407
-5359
-546
-3288
-11626
-14214
-10898
-9277
-11743
-16600
-18171
-15171
-10192
-9930
-15450
-16829
-9228
-471
-1342
-6497
-4699
1478
5097
4915
5241
8149
9744
11067
11193
9506
8966
9399
9144
5726
4997
7986
8113
3484
-2572
-3906
-3963
-5185
-4469
-4034
-3881
-5434
-9290
-12760
-13841
-8698
-2838
-3061
-6691
-6630
-2715
-1362
-2383
-2203
2306
6996
8335
8421
6932
6100
6640
7497
8271
8551
9815
10523
8382
4148
2179
3041
3050
2399
388
-1273
-2181
-2728
-2346
-4340
-7334
-8841
-8555
-8222
-7212
-5199
-4975
-7455
-11351
-11121
-7183
-2945
1181
3054
1894
-165
-74
4291
7988
7409
6112
9203
16871
21146
15505
4624
2212
9682
18467
17915
8832
1615
-650
2035
2884
-1950
-6178
-4335
-701
-4277
-15291
-20185
-14326
-8151
-9204
-13198
-12697
-9471
-9683
-15170
-18047
-13406
-3531
4077
3113
-1524
-3630
-2965
-724
1667
5976
11934
14118
11406
4872
306
1787
6396
9052
8582
9598
9688
4455
-3853
-7186
-3009
260
848
1912
1191
-3358
-9094
-10542
-8271
-6061
-1669
3598
2504
-4807
-7876
-3089
1842
1407
694
5267
8543
5521
669
635
4549
6237
4861
4616
6725
6779
3211
-327
-574
2237
3811
2593
636
-1758
-2774
-3535
-4512
-3919
-2308
-2070
-5996
-10562
-10456
-6041
-4202
-6163
-7349
-7270
-6990
-7847
-7003
-2994
269
2972
4615
3349
1278
1577
6588
11074
10330
8200
11502
17958
18249
10845
2782
5481
16273
22928
17448
1891
-6927
-1317
8557
8698
-805
-5272
-3066
-4491
-12757
-18977
-15234
-8775
-6235
-9952
-16337
-18603
-15919
-12097
-14743
-17277
-10658
-498
2573
-3543
-7224
-5524
-2850
1439
6910
11474
11484
9353
7646
4481
3901
8773
14732
13493
8041
7000
6655
3176
-654
1352
5339
2728
-1718
-3577
-3769
-3821
-4385
-4979
-7272
-8197
-4841
-2299
-4151
-6007
-3245
-1161
-2563
-3611
-1737
1093
1632
4132
6129
3311
648
1701
5440
5177
2666
4902
7686
5934
351
-2390
-1068
445
1537
1659
1078
-2117
-4903
-5784
-6274
-4723
-3022
-1909
-3507
-5885
-4919
-4577
-5915
-6580
-4250
-1648
-2610
-2953
-1107
657
387
1432
5134
5651
3980
5101
11212
14357
7975
1194
4371
15923
22487
16807
6843
3456
8104
13227
11417
2903
-3791
-728
7185
6395
-5936
-14598
-10453
-4745
-8709
-17081
-16592
-9669
-7879
-14203
-20826
-19919
-12695
-6916
-9301
-13656
-11531
-3958
-120
-3892
-5245
-67
5549
8248
7674
7671
9127
11302
12920
10343
8844
12034
16108
13350
5973
4579
6454
6307
3727
2162
1713
-3357
-7472
-6573
-5440
-4750
-4987
-6574
-11407
-14964
-9572
-2235
-3072
-8043
-5852
-771
-2502
-6937
-4584
3535
5671
3192
3642
4417
4112
3908
5324
5969
4698
7167
10143
6683
-44
-755
3476
4307
2193
1056
1265
-2038
-5753
-3884
-1614
-2198
-3781
-4154
-4050
-5430
-5249
-3114
-2881
-4322
-3973
-2736
-3177
-3167
-2587
-1787
-1979
-1014
3729
4865
2044
1100
3652
8144
9371
7608
5814
4459
8023
15021
17401
11079
3325
4382
11776
14264
4921
-5572
-5690
3860
10491
2467
-10211
-13927
-9081
-5812
-10937
-14792
-10854
-5583
-6846
-15888
-21018
-15834
-5173
-2127
-8388
-10902
-5351
1941
-372
-5262
-2287
4797
9950
8209
5202
5254
6836
9186
8376
7577
9624
11123
8158
1206
-10
3131
4664
3769
1103
-1034
-5631
-8222
-5752
-4504
-4927
-4628
-4269
-7833
-12544
-9385
-1583
-653
-5818
-5096
907
1787
-2938
-4397
1622
5710
4999
5415
6677
7152
5403
3840
3358
3347
6945
10585
9046
3675
1736
3736
2214
-691
168
4062
3584
-1905
-3861
-3146
-3795
-5914
-5994
-3996
-3220
-2716
-3159
-4974
-7413
-7359
-5192
-5453
-4340
-950
782
-2439
-8119
-6949
-1641
2083
4696
6536
6557
2944
958
5398
10685
9599
5096
6696
15099
20614
14890
2515
-2544
4199
14873
16923
6483
-4555
-5845
192
2315
-4514
-9299
-4767
188
-4504
-16511
-21058
-13166
-4115
-3988
-11574
-15064
-9514
-3838
-8110
-15891
-13655
-2119
6089
2893
-2331
-2802
-1266
1094
2656
4355
7130
10826
13219
7884
-243
-298
5542
7915
5605
7227
9470
3966
-5129
-7154
-1431
695
-410
-36
-1274
-5091
-7810
-6602
-6577
-8444
-3234
4451
2210
-6672
-7322
849
3017
-2063
-1952
6051
9779
5829
2104
1694
3861
6369
8464
7512
3723
3242
4524
3667
1629
1641
2647
54
-2998
-2866
-1457
-2561
-4876
-5063
-5010
-5451
-5968
-5377
-4643
-4907
-3628
-2268
-2149
-2720
-2173
-483
-943
-1629
-496
1705
2395
823
216
-633
-1822
215
5907
11181
8809
2320
-37
2932
6441
6122
5707
7482
11104
11684
7374
1831
-888
4021
11857
13454
5637
-5696
-8799
-1619
5317
3886
-3318
-6744
-5629
-5585
-11160
-15976
-12218
-4647
-841
-8348
-17210
-16255
-9900
-7937
-13072
-12898
-3615
3279
-294
-7753
-7789
-2583
2214
5638
7259
9492
9417
7520
4771
2293
5793
11048
12596
9219
5522
4142
2249
1139
1776
2909
1352
-2030
-2645
-3931
-5172
-3155
-1821
-3770
-9001
-8277
-1118
-475
-5588
-5825
221
2313
-2790
-4969
1106
6298
4781
3433
3945
4977
6022
4511
2418
1558
5393
10923
7932
721
-719
1192
-910
-4350
-1357
4972
3534
-5014
-7995
-5134
-3707
-3961
-4205
-2015
-402
-162
226
-2997
-6314
-3986
640
1857
268
301
2237
454
-3454
-3602
-2211
-1822
331
4972
6692
1985
-4157
-2710
3073
6688
8668
8352
5880
1258
161
6495
11896
10493
5904
4048
6573
8056
4240
-2842
-6292
-522
8008
6534
-4608
-9842
-6943
-6197
-11979
-15702
-9452
-4594
-6284
-11462
-16382
-16472
-12107
-6906
-7973
-11697
-7862
587
1659
-4481
-4549
2587
5825
4689
5144
9154
11580
11620
12123
8020
3362
5443
12670
13902
6401
3229
6187
5792
-671
-4085
-605
822
-2134
-4588
-5745
-5688
-5775
-4905
-6327
-10260
-7492
-1758
-1533
-5384
-3871
1574
178
-4591
-1669
6097
7768
5980
6515
5934
2491
1979
5710
7018
5753
7769
8611
2300
-3280
-1292
938
-2176
-2577
1735
745
-7053
-9633
-4800
-3961
-7799
-6795
-1035
-159
-3361
-3828
-2532
-3196
-3343
456
2282
913
2371
4532
1639
-3028
-1579
3798
2722
-954
2092
5023
2046
-1903
454
4518
3001
1943
5915
8291
3986
-1241
-2292
2482
9249
12294
8754
437
-2652
2558
5934
2133
-3376
-3473
2349
4428
-533
-7525
-9764
-7135
-4982
-7210
-11107
-9058
-4572
-2985
-9045
-15989
-12561
-3978
-1111
-5932
-7565
-1368
2783
-287
-2667
895
4793
5391
6969
8102
6751
5407
7606
9908
6321
4752
8235
8838
2902
-605
3542
4884
422
-2319
-1609
-3162
-7790
-5874
-1118
-3060
-5949
-4881
-3735
-8606
-10393
-1392
4657
-680
-5682
-723
3608
-94
-2118
3581
8912
6178
3487
3977
1996
1457
3885
6455
4390
2243
4462
2157
-4140
-5059
1082
2576
-2435
-4053
-2763
-4048
-7745
-5368
276
-1517
-4523
-3447
-1306
-1881
-3206
415
2907
2008
2311
3281
626
-1853
2596
7233
5235
-85
924
4142
-820
-5002
-1398
3920
3007
-1620
-493
1833
-1015
-3703
-1682
3176
6420
5312
886
-3867
-2537
5094
8520
4111
1100
4934
8195
4646
-2151
-4341
-1749
3641
9576
8007
-1643
-8291
-6396
-2906
-4613
-7054
-1777
2712
-1197
-9995
-15563
-11897
-4515
-875
-4574
-8198
-4910
-316
-3299
-9877
-7598
1381
4766
2098
-53
1512
3217
1471
1231
2497
5977
9707
8085
2473
-1323
1332
4547
4184
3557
4301
3230
-1418
-3141
-1239
-579
317
1560
1049
-3660
-7211
-3193
-355
-2873
-3179
2074
4641
-1088
-6056
-3225
1417
1511
1845
4434
4803
2541
-615
-1531
-1742
-164
4542
5415
2081
-646
-598
-1186
-3583
-2959
224
1298
-7
523
892
-3163
-6399
-4247
917
3146
2834
4800
3601
-1672
-5064
-2348
3740
6411
7366
6442
1838
-3583
-4711
-1183
1131
1910
3496
3500
-1557
-8016
-7565
-2223
1244
825
169
2312
3218
1212
-3148
-6226
-4275
3268
12218
14247
8316
-70
-3318
613
6581
8790
5159
1577
3238
5978
1840
-6973
-7799
-1731
583
-4604
-9199
-5629
-3945
-8226
-14372
-16031
-9634
-2942
-2398
-9551
-14847
-10936
-4959
-4683
-6437
-396
6792
5060
-917
-3094
2222
7190
10036
13264
12472
9991
6671
4541
3552
4785
10865
13178
8347
556
-2449
-1912
-3956
-3637
-822
1157
-336
-4890
-9070
-13033
-11135
-4038
-1221
-3613
-3898
867
-654
-8174
-8375
961
8579
6488
4321
5450
5352
3263
1620
3320
5912
8248
8086
4560
2588
3363
2809
-1935
-4549
-308
3405
1933
-2109
-3047
-2809
-5460
-7241
-5223
-331
2791
1537
-2481
-4567
-3004
157
1875
1346
2077
2903
1615
769
1024
1747
676
-1409
269
1839
812
-1517
-3107
-3698
-4427
-3929
-1682
897
1124
717
-1973
-4465
-2526
138
540
1031
6418
12592
8055
-2562
-3733
4548
11906
9095
2572
1034
3448
5660
2542
-3721
-5320
-439
1482
-3854
-10089
-8819
-4394
-5969
-10965
-12704
-10265
-6403
-5459
-9156
-11557
-9890
-3693
171
-1455
-349
2806
3629
1868
1087
4786
9853
13085
13658
9379
4022
4377
8238
7728
4783
5497
7517
4656
-2770
-4177
-1491
-3352
-5493
-4091
-1462
-2668
-6412
-7016
-7123
-7923
-5011
10
1001
-551
559
2398
252
-3119
1334
8955
9281
5394
4420
6274
4933
1606
1912
4020
3792
2542
2571
1222
-2128
-4319
-4876
-4647
-4078
-2607
-2057
-4891
-6262
-4661
-3963
-4749
-3992
-620
569
-800
-24
3466
3829
912
832
2636
3788
3980
4960
6503
3994
38
-1594
-2645
-1996
185
1997
1146
-3558
-7320
-8249
-7450
-3562
1530
2917
306
-2230
-1784
-176
-1043
-1327
1828
7031
11453
10861
5038
-1371
-1222
6267
12545
9342
1164
-1687
1945
4180
-1092
-6645
-4186
1323
504
-7687
-13761
-10370
-4906
-4460
-8730
-10861
-6128
-1855
-3736
-9966
-10363
-2596
4261
3882
679
2816
5701
4578
1906
2599
7581
10796
10998
8780
4056
1618
2502
3542
1439
-826
1405
2953
-564
-6195
-6894
-4805
-4682
-4362
-3329
-1594
-1764
-2604
-3570
-5895
-4407
1471
5215
2830
730
4235
6370
1799
-2227
1828
6989
5865
3142
3295
4194
1212
-2211
-1704
-1150
-1223
-850
-284
-771
-3070
-4893
-6510
-7419
-4925
-885
304
-1714
-2271
-786
-1627
-4344
-2943
3269
6863
5737
3954
4229
4432
2698
1676
2115
3577
5904
7364
5205
349
-2962
-2868
-2386
-2187
222
2326
-238
-6339
-9065
-6990
-5224
-5742
-3835
1479
3715
-564
-6344
-6577
-1849
3337
5286
4522
2487
2687
5732
7598
6034
2715
4186
8841
10824
6400
-1134
-3450
1537
7504
5279
-2889
-5615
-1074
228
-7038
-13536
-8976
-1223
-872
-7398
-11398
-7781
-3906
-4961
-10303
-10308
-1770
5956
4177
-3590
-4159
1265
2861
-165
-9
6346
10184
6813
1396
-1548
-613
2300
4712
3730
695
1086
2880
1807
-2558
-3486
684
2505
1288
-48
607
1454
355
-456
-1258
-1733
1128
4415
2795
-931
-818
2454
969
-5114
-4593
2285
5601
2078
-2556
-2980
-2871
-4308
-3764
-1340
486
767
-803
-3378
-4775
-3168
-207
595
-97
1348
3153
2311
1246
2201
3892
3143
2109
4254
6535
5827
3794
3358
3225
1467
125
1108
2695
2403
1136
77
-1978
-4074
-4448
-3736
-2921
-1849
-316
-1401
-6306
-9475
-7562
-4376
-3876
-3730
-1111
999
-1288
-4790
-4722
-2152
1579
4995
6436
4155
-775
-1029
5153
10166
8724
3273
2369
7315
10077
6104
-1766
-4302
1315
8104
6822
-550
-3232
-387
-269
-7814
-12591
-5862
2658
2729
-5404
-11567
-9648
-5312
-3710
-7064
-8234
-2071
4296
1841
-7532
-9005
-1800
2714
285
-1740
3477
6963
3729
-742
-1778
2422
6315
6804
4075
1391
3953
7034
5142
412
1113
5533
4318
-705
-1637
3303
5055
1153
-1962
-3361
-3783
-2694
-9
691
-2491
-3578
-1991
-2986
-6593
-5675
227
1906
-1441
-3617
-1555
-823
-3168
-3200
-321
2728
3178
2148
1169
353
954
1656
1493
2436
5325
7363
4476
534
583
3267
3717
1535
1848
3705
3482
677
-1134
-640
-441
-414
-633
-1369
-1784
-1558
-779
-2024
-4093
-3239
-1375
-1333
-3557
-4242
-2180
-1549
-2843
-3240
-2100
-1574
-3060
-3766
-1816
-184
-870
-2072
-1467
-279
-132
-242
1639
3909
3022
-666
-3716
-215
8046
12012
7298
-404
-514
6578
9508
4371
-1165
782
7547
9112
3273
-2442
-1112
3266
1647
-5959
-8742
-2326
3336
139
-8830
-12448
-8376
-4443
-5332
-8893
-8753
-4005
-1559
-5818
-11041
-7970
1424
4844
-480
-3970
1166
7191
5873
1377
2505
8368
10511
7877
4975
5855
8848
9260
6127
2359
2925
6398
5923
237
-4377
-3166
-77
-1379
-5303
-6509
-4863
-4478
-7193
-9905
-8899
-4860
-2094
-3391
-6628
-6957
-3942
-1478
-1312
-803
2293
5501
4942
1716
214
2002
5418
7905
8918
9208
8070
4880
1269
142
2794
6686
8047
5845
1774
-2115
-4421
-4708
-2925
-313
1031
657
-2047
-5940
-8169
-7325
-4545
-2391
-1163
-2
309
-1982
-5132
-5502
-2949
166
1741
2501
2918
1078
-1807
-3997
-4185
-2133
-86
2010
2667
792
-2135
-4580
-4772
-2916
430
4218
5872
3276
-2024
-4175
-175
6473
9348
7064
5439
6866
8562
6022
93
-1491
3839
11480
12832
5351
-2538
-4339
-2403
-3336
-6410
-4365
1411
2336
-6031
-15856
-16537
-9511
-3793
-5174
-8327
-7169
-3786
-4148
-8796
-9157
-2337
4529
4566
483
707
5035
6999
4887
3767
7745
11580
10037
5650
4169
6539
7155
4317
1722
2477
3607
1124
-2959
-4998
-4009
-2905
-3432
-5130
-7272
-7974
-6778
-5362
-5510
-6198
-4747
-2498
-2580
-3872
-2947
98
2577
3416
3177
3039
3358
4728
6344
5729
4363
4873
6905
7091
4443
2667
2982
3278
2189
712
-130
-171
-81
-693
-2162
-4092
-4568
-3309
-2472
-2671
-2772
-2117
-1727
-2713
-3474
-2764
-974
563
843
771
867
702
-244
-1007
-537
986
2112
1784
608
-988
-2800
-3810
-3326
-2233
-1289
-906
-861
-1502
-2909
-3940
-3626
-1688
1226
3822
4016
1520
-1078
329
5315
9099
8264
4680
4229
8087
10870
7177
227
-1598
4477
10555
8118
221
-3823
-1760
-1027
-5631
-8911
-4940
1052
404
-7706
-14213
-13296
-7966
-4261
-4873
-5857
-4849
-3206
-4192
-6973
-6468
-1687
2981
3468
1623
1432
2972
3767
3277
3552
5051
5626
5196
4634
4927
4644
2918
1829
1582
1979
1039
-746
-1283
-1113
-1237
-2374
-3012
-2654
-3095
-4239
-4294
-2678
-1171
-1043
-1132
-1244
-1640
-1588
109
2080
2331
2500
3492
3774
1633
280
2625
4972
3838
1617
2427
4180
3025
227
-601
325
646
565
750
221
-1231
-2162
-2130
-2513
-3351
-2223
146
889
-861
-2596
-2330
-1489
-1129
-1195
-452
652
1081
529
-622
-1163
-1375
-1603
-1327
-1
1594
1383
-880
-2757
-3238
-2826
-2183
-940
881
1705
1035
-890
-2596
-2634
-181
3497
5203
3657
1072
688
2699
5133
6106
5499
4566
4760
6156
6654
4430
723
-1022
1187
5093
5995
2533
-2568
-4926
-3844
-2957
-4342
-5678
-3856
-1497
-2975
-7939
-11174
-9779
-6325
-3652
-2773
-3236
-4702
-5880
-5272
-3729
-2679
-1686
56
1799
2172
1230
335
263
1358
3202
4430
4050
3410
4004
4732
3837
2075
1971
3026
3375
3063
3046
2961
1570
-33
-189
482
366
-231
200
984
425
-1260
-2222
-1768
-918
-438
-494
-512
-536
-848
-1145
-1556
-1465
-907
-346
-60
-385
-769
-813
-314
412
477
-53
-375
58
1006
1606
1736
1471
705
-212
-384
244
1023
1903
2844
2748
307
-2445
-2445
171
2145
1458
-151
-1078
-1428
-1735
-1606
-1374
-1568
-1471
-1103
-916
-1366
-1452
-773
-1207
-2704
-2901
-730
1485
1496
237
-431
-266
312
1203
2291
3182
3464
3213
2176
1029
1471
3759
5845
5716
3669
1604
1182
1903
2292
1698
717
552
852
478
-410
-1421
-2781
-4529
-5021
-2877
-554
-1028
-3918
-6429
-6936
-6027
-4325
-2694
-2078
-2663
-3646
-4339
-4933
-4548
-2362
418
1441
321
-1006
-1127
13
1397
2308
2556
2613
3065
3440
3066
2616
3258
4122
3596
2374
2384
3411
3531
2191
914
620
884
1226
1258
760
-359
-1203
-1277
-1418
-1795
-1878
-1385
-919
-1191
-1925
-2736
-3310
-2933
-1479
-111
-2
-935
-1819
-2144
-1752
-283
1410
1830
931
108
376
979
1074
1034
1570
2372
2506
1771
877
788
1378
1709
1384
922
1028
994
233
-309
-20
410
-183
-1097
-1091
-119
499
-210
-1524
-2748
-2436
-583
1058
915
-739
-1686
-1389
-799
-343
517
1713
1949
899
-219
-259
730
1858
2542
2373
1713
1273
1410
1714
1401
950
1049
1841
2360
1666
181
-797
-826
-491
-310
-255
-202
-748
-1840
-2556
-2535
-2702
-2986
-2596
-1578
-1421
-2975
-4249
-3888
-2767
-2234
-2124
-1484
-1169
-2156
-3275
-2977
-996
558
594
-157
-485
231
743
945
1167
1970
2471
1743
1200
1846
3111
2890
1744
1605
2396
2626
1296
337
878
1378
784
-146
-24
516
-125
-1495
-2176
-1550
-906
-943
-1247
-1412
-1505
-2172
-2341
-1500
-56
380
-461
-662
-60
432
63
23
1297
2677
2746
1931
1422
1679
1892
1684
1997
2926
3259
2305
1195
572
480
348
597
1333
1348
256
-1339
-1922
-1622
-1348
-1167
-671
-181
-610
-2038
-3020
-2484
-1257
-753
-1013
-917
-391
-184
-869
-1500
-1219
46
1014
923
651
495
642
389
147
607
1568
2380
2327
1756
1176
860
839
1142
1718
2103
1670
898
664
1205
1104
-13
-882
-680
277
94
-848
-1533
-1590
-1707
-2738
-3377
-2747
-1538
-1440
-2772
-3960
-3986
-3450
-3129
-2798
-1966
-1392
-1737
-2560
-2766
-1685
-369
515
697
586
666
989
1590
1932
2195
2679
3174
3107
2512
2368
2790
3104
2710
1970
1937
2025
1464
396
-212
320
587
-353
-1820
-1988
-897
-639
-1882
-3097
-2678
-1551
-1249
-1863
-2009
-1183
-562
-899
-1425
-801
803
1620
939
208
589
1739
2140
1875
2109
2679
2711
1772
1057
1466
2242
2315
1763
1243
1066
831
164
-611
-727
40
646
82
-1307
-1852
-1354
-1049
-1533
-1621
-482
238
-765
-2416
-2490
-877
210
-354
-999
-388
683
564
-557
-972
-183
826
1111
994
844
619
288
297
707
1059
1121
945
954
858
345
-37
290
904
949
414
202
575
736
82
-964
-1149
-435
149
-66
-737
-1249
-1587
-1939
-2105
-1704
-1325
-1423
-1967
-2356
-2407
-2644
-2646
-1988
-1202
-1210
-1771
-1845
-1206
-712
-705
-451
341
767
519
386
1039
2067
2138
1395
990
1668
2594
2530
1837
1600
1976
2048
1377
756
1024
1366
871
92
-116
48
-110
-572
-695
-397
-163
-316
-852
-1354
-1312
-627
101
282
-48
-215
-51
119
129
242
831
1529
1536
804
344
660
1292
1273
834
794
937
711
178
82
222
-85
-640
-739
-366
-287
-727
-1077
-1153
-1111
-1225
-1243
-1024
-1022
-1125
-1104
-706
-312
-225
-517
-848
-674
-119
451
571
325
164
203
434
702
689
614
602
888
1131
785
470
437
533
658
726
604
380
399
675
704
102
-530
-428
340
923
556
-221
-441
-257
-226
-598
-831
-339
155
-15
-901
-1697
-1620
-992
-513
-634
-1065
-1414
-1573
-1594
-1514
-1459
-1277
-866
-635
-874
-1239
-1188
-705
-335
-293
-1
461
622
269
174
808
1411
1421
945
937
1538
1928
1618
1174
1233
1454
1325
919
752
968
1044
623
2
-218
173
414
117
-499
-768
-525
-342
-303
-401
-492
-466
-326
-126
-69
-114
-103
-26
131
269
369
294
205
277
287
380
440
476
342
63
9
13
42
117
159
-83
-415
-480
-294
-41
-221
-549
-492
-205
-216
-713
-832
-425
-79
-56
-350
-560
-582
-458
-303
-321
-444
-418
-247
-310
-427
-293
-44
51
-131
-262
-118
154
449
570
498
459
538
696
666
566
757
1289
1537
1150
577
238
398
802
1178
1071
447
-113
-195
49
9
-430
-575
-259
-325
-823
-1273
-1178
-831
-759
-1054
-1412
-1290
-894
-685
-889
-1053
-865
-559
-445
-493
-347
21
157
95
113
284
530
591
518
513
813
902
506
187
405
865
744
85
-145
365
731
317
-356
-364
-2
58
-180
-343
-249
-51
47
-116
-347
-331
-127
-57
-79
138
507
463
-12
-507
-465
154
779
1015
605
63
-38
176
235
224
575
1129
1041
100
-430
60
724
510
-206
-192
416
536
-173
-780
-627
-210
-315
-792
-735
-272
-233
-930
-1456
-1051
-363
-250
-698
-793
-464
-401
-630
-534
-58
75
-236
-420
-67
529
667
325
0
16
361
794
954
803
597
464
530
720
882
877
936
1059
979
506
-27
114
783
1220
842
217
30
91
-54
-266
-208
-38
-67
-333
-538
-788
-1006
-1007
-822
-617
-695
-908
-946
-737
-636
-812
-1073
-1122
-781
-376
-189
-256
-348
-272
-325
-420
-193
166
430
473
407
383
294
181
218
457
614
595
440
255
283
473
535
170
-213
-90
335
551
284
-39
-85
-52
-179
-257
-2
339
423
156
-166
-145
183
384
284
132
383
661
496
135
48
453
664
455
187
202
367
224
-101
-310
-231
-12
-123
-483
-751
-743
-677
-813
-863
-770
-721
-809
-783
-629
-645
-856
-895
-553
-325
-331
-239
78
228
-146
-388
-62
446
651
488
474
637
660
498
459
692
1059
1182
938
695
711
904
812
556
631
1037
1046
560
148
186
410
384
262
132
117
76
29
-72
-300
-481
-487
-493
-657
-829
-749
-512
-586
-951
-1397
-1425
-1151
-809
-714
-920
-971
-977
-973
-1002
-712
-307
-133
-226
-257
101
341
266
123
243
510
741
883
929
903
829
705
467
419
714
1076
959
395
95
227
327
55
-164
-35
49
-45
-164
-72
31
-245
-676
-745
-281
417
716
339
-246
-365
-4
175
201
386
740
720
156
-288
-296
57
402
514
345
19
-206
-304
-483
-627
-505
-181
-28
-330
-751
-904
-805
-711
-603
-471
-396
-355
-458
-662
-750
-639
-268
-25
-106
-35
127
51
-157
-89
316
578
553
561
595
504
421
458
671
759
592
561
629
665
582
398
337
408
574
528
350
288
362
290
-85
-58
449
727
261
-360
-335
-19
68
-146
-309
-281
-284
-379
-603
-799
-620
-188
-201
-820
-1298
-987
-430
-483
-803
-842
-581
-441
-554
-586
-391
-94
-25
-209
-249
135
589
432
-88
8
625
959
744
526
597
661
589
446
523
605
569
404
186
116
180
357
243
-103
-278
-167
12
116
199
74
-260
-491
-368
69
490
591
427
-22
-262
30
386
502
300
272
270
39
-222
-275
-51
96
20
-287
-523
-638
-666
-635
-816
-932
-775
-619
-634
-876
-934
-660
-503
-579
-666
-465
-53
205
64
-230
-281
35
419
494
376
377
452
423
272
98
201
427
424
143
-28
205
420
287
-7
-58
215
500
443
323
382
516
567
345
310
602
965
1009
614
214
189
451
554
475
372
229
-50
-349
-432
-251
-115
-211
-626
-945
-887
-662
-474
-579
-676
-729
-740
-633
-415
-102
-69
-274
-438
-367
-143
44
212
183
123
149
142
212
323
439
425
284
222
243
266
199
121
76
111
150
114
123
88
128
201
165
14
-94
23
136
60
98
388
404
109
-174
-80
196
335
398
311
44
-312
-422
-162
105
50
-110
-327
-550
-642
-621
-496
-334
-266
-431
-711
-760
-499
-266
-202
-329
-362
-319
-256
-113
-60
-70
-177
-132
6
65
87
129
218
136
-114
-199
91
433
489
129
-190
-80
140
284
136
40
255
341
186
7
104
480
638
362
67
159
524
670
496
269
231
416
481
328
278
376
344
75
-178
-85
231
306
-44
-335
-345
-166
-90
-199
-218
-191
-187
-376
-505
-466
-247
19
19
-234
-450
-267
-38
69
32
31
97
55
-54
-164
35
279
252
100
43
115
214
107
-82
14
253
335
121
-157
-167
26
155
58
-142
-61
96
48
-121
-174
18
189
87
-147
-172
40
240
216
-27
-129
-33
28
80
42
68
30
-181
-392
-433
-234
-56
-79
-344
-509
-483
-385
-346
-406
-341
-254
-325
-479
-529
-388
-165
-65
-123
-161
-112
35
105
58
62
26
100
221
239
370
413
207
62
10
146
337
355
241
9
-124
-110
30
149
145
70
30
85
95
126
194
209
237
202
268
370
428
511
398
319
247
354
644
636
456
221
178
246
232
240
227
215
36
-262
-430
-363
-121
-65
-226
-483
-644
-592
-551
-478
-419
-394
-405
-489
-467
-363
-263
-165
-69
-40
-59
-55
64
180
189
126
50
149
318
303
135
16
-1
136
209
145
126
42
-16
11
82
131
113
120
149
159
101
75
148
224
196
52
77
202
272
199
11
-107
-174
-88
-2
69
45
-130
-265
-436
-416
-231
-86
-98
-361
-530
-511
-458
-402
-377
-286
-166
-222
-345
-417
-368
-196
-57
-17
-79
-36
36
44
-47
-119
16
128
157
103
155
180
62
-25
4
156
231
161
-27
-114
-36
85
144
156
153
163
152
201
364
479
436
230
150
282
458
505
490
428
225
40
48
271
371
210
-36
-146
-165
-227
-219
-19
190
70
-284
-448
-243
-9
19
-92
-22
120
73
-73
-91
145
229
138
16
57
151
210
193
48
62
37
44
67
-22
-147
-151
-113
-158
-247
-282
-199
-158
-191
-337
-333
-233
-272
-374
-368
-179
-26
-10
-170
-296
-148
30
157
218
148
105
48
67
103
165
250
269
282
140
-34
-92
62
149
60
-37
-99
-50
-97
-207
-218
-179
-149
-172
-227
-260
-267
-257
-318
-301
-126
-38
-72
-117
-94
-78
-90
-85
-29
84
111
56
5
-22
-20
0
87
155
175
74
-94
-63
130
290
263
150
105
121
145
195
289
316
171
34
92
176
183
129
85
54
-44
-93
-17
96
68
-24
-94
-112
25
135
199
176
119
146
159
186
167
203
249
235
107
50
205
240
258
126
-42
-38
-3
83
79
27
-41
-176
-325
-320
-227
-164
-141
-221
-325
-370
-369
-336
-250
-166
-136
-174
-167
-133
-68
-4
35
108
212
247
123
67
57
49
110
158
159
108
-28
-28
11
-28
-60
-98
-32
-10
-73
-196
-161
-120
-158
-137
-107
-23
-5
8
-54
-160
-211
-90
74
90
-32
-142
-87
-96
-153
-115
18
77
-2
-142
-219
-221
-211
-175
-167
-194
-176
-152
-247
-356
-309
-152
-69
-59
28
120
120
85
130
205
265
370
407
446
468
421
336
245
354
517
559
417
295
246
163
129
158
253
226
145
92
84
66
23
29
30
28
18
28
16
-21
-95
-130
-70
31
32
-56
-77
-57
-70
-65
-73
-47
29
-39
-179
-238
-144
-117
-130
-156
-171
-117
-197
-264
-247
-197
-209
-259
-235
-122
-69
-95
-202
-306
-190
-125
-75
-10
-3
-24
-125
-159
-124
3
75
47
-20
-108
-91
-28
41
67
90
133
101
48
76
111
102
114
83
64
113
162
135
45
9
41
131
165
206
258
195
82
22
37
103
134
108
33
-22
-40
-123
-175
-177
-138
-165
-252
-300
-268
-263
-334
-300
-198
-94
-47
-45
-9
8
47
87
142
240
254
213
174
212
218
183
206
335
420
324
174
182
197
133
145
128
127
23
-26
-69
-119
-85
-84
-86
-151
-163
-143
-140
-159
-172
-167
-189
-177
-44
0
3
-22
7
99
64
121
109
84
88
95
52
-10
17
-1
-7
-48
-25
-24
-151
-209
-123
-74
-89
-100
-123
-168
-201
-124
-81
-26
3
-35
-32
-45
-35
-11
27
55
38
-12
-63
-20
-4
-55
-22
67
73
14
-53
-53
-29
-54
-70
-62
-19
-69
-123
-74
-6
-16
18
125
190
202
161
205
231
234
228
298
231
58
15
35
112
12
-70
-82
-76
-68
-97
-84
-85
-102
-166
-177
-162
-150
-68
-106
-159
-109
-97
-76
-53
-14
57
124
139
117
79
134
331
398
339
301
322
277
148
95
130
193
187
24
-140
-159
-120
-82
-85
-111
-181
-165
-121
-165
-147
-142
-72
-15
-132
-212
-167
-34
-36
-142
-158
-129
-27
-41
-95
-66
-49
-15
-15
14
-4
-15
-39
-125
-92
-70
-17
6
-23
-69
-126
-25
82
163
132
61
0
-79
-23
60
129
98
-1
-19
54
117
139
155
136
29
-86
-105
-53
7
-31
-40
-56
-111
-139
-127
-67
-34
-14
-36
-57
-10
86
142
215
231
170
175
131
147
228
239
198
121
100
75
60
121
168
192
116
10
0
16
37
18
-27
-115
-164
-176
-197
-188
-219
-223
-289
-337
-329
-207
-73
-132
-135
-133
-79
-20
32
92
133
166
35
8
82
178
198
63
-5
22
92
94
38
45
12
-51
-74
-69
24
57
35
-37
-67
18
53
77
-9
-34
-51
-100
-29
-17
36
87
57
-42
-105
0
79
67
8
-54
-73
-85
-32
-20
-37
-18
-46
-82
-109
-34
70
66
-40
-120
-50
64
53
22
23
19
38
51
76
66
53
15
-18
-49
-42
29
47
-14
-76
-86
-110
-124
-138
-159
-155
-122
-115
-123
-98
-70
-39
14
84
117
143
140
68
71
119
170
240
235
180
140
87
20
78
195
247
197
83
9
-30
5
58
69
89
136
44
-57
-37
3
71
57
-3
-33
0
53
29
-22
-30
-64
-98
-71
-57
-75
-117
-158
-196
-184
-159
-168
-203
-169
-57
-69
-124
-145
-162
-64
18
-5
32
21
20
20
-41
76
180
158
73
22
26
28
19
-20
-9
-18
-46
-65
-72
-51
-61
-21
-25
-116
-81
-8
40
2
-39
-18
-5
82
93
126
205
180
130
64
55
79
92
125
23
-12
27
3
-54
-91
-6
-39
-79
-91
-72
-41
-158
-222
-220
-160
-83
-76
-54
-44
-34
-19
-48
-33
88
178
113
54
63
121
113
34
51
33
61
124
96
31
-51
-50
-41
-72
-46
32
18
-44
-121
-152
-71
38
133
204
229
148
98
77
95
133
192
211
134
74
48
71
78
111
105
46
3
-48
-66
-75
-164
-163
-95
-104
-147
-186
-142
-59
10
-13
-31
4
48
99
37
10
28
44
68
23
5
25
31
-5
-61
-81
-67
-46
-12
-54
-168
-170
-129
-124
-102
-79
-44
-13
-88
-73
-6
-50
-58
-26
6
2
4
45
45
0
20
44
23
4
-3
-13
-50
-70
-99
-89
-106
-129
-170
-181
-125
-113
-60
-36
6
16
0
-5
34
177
175
97
18
37
100
79
114
154
98
-6
38
97
67
39
48
39
29
44
70
67
-12
0
22
71
76
81
123
62
32
49
101
129
95
53
66
129
141
66
21
8
22
13
-47
-90
-57
-17
-54
-115
-98
-27
-19
-9
-19
-3
-8
-17
-18
-41
-13
14
32
1
-16
13
72
80
24
15
18
-58
-84
-40
-30
-60
-152
-101
-69
-91
-76
-79
-29
8
10
22
40
-25
11
63
45
26
55
70
55
36
8
34
7
17
-71
-90
-88
-123
-152
-186
-157
-92
-20
-99
-107
-59
-89
-125
-79
-27
-9
-59
-62
-45
-6
53
29
66
12
19
77
97
61
-3
32
-12
-73
-38
-48
-41
-54
-109
-111
-72
41
3
-27
-10
19
77
3
3
38
101
79
22
82
70
44
13
31
51
44
100
105
66
28
51
51
16
51
104
163
78
85
170
170
186
127
164
167
186
209
159
169
166
126
50
32
57
49
17
-39
-88
-70
-89
-64
-60
-98
-127
-155
-127
-87
-54
-38
-33
-117
-101
-74
-89
-114
-174
-150
-125
-115
-140
-77
-4
15
5
-44
-48
-42
-3
-47
-128
-124
-129
-115
-94
-87
-27
25
27
-10
17
57
88
107
76
13
-37
-30
-56
-49
-29
0
-19
-18
18
11
31
-3
3
22
38
17
-42
-67
-74
-61
-79
-70
-63
-29
-20
-66
-73
-45
-47
-41
-6
-24
-17
4
-1
3
7
30
53
29
-10
-2
53
73
18
-40
-52
-33
4
41
46
26
15
34
110
170
177
198
173
167
186
211
300
309
305
298
260
257
247
234
208
185
139
91
42
-27
-85
-171
-205
-180
-153
-128
-110
-138
-138
-139
-168
-76
-12
12
2
-54
-47
-52
-40
-5
-14
-37
-59
-94
-139
-144
-140
-156
-159
-198
-234
-217
-162
-96
-96
-173
-200
-159
-133
-138
-139
-114
-120
-105
-46
7
25
40
38
49
59
60
89
64
75
50
26
33
32
52
69
79
7
5
30
36
75
72
49
50
41
44
40
13
13
26
85
70
57
103
135
161
178
207
228
239
216
187
135
66
72
95
18
-8
4
-17
-42
-92
-140
-141
-114
-119
-120
-134
-117
-88
-93
-142
-133
-95
-76
-55
-63
-20
4
-1
3
6
4
14
-11
-66
-118
-117
-77
-47
-37
-46
-38
-77
-61
-34
-15
18
35
60
95
147
160
173
184
174
142
143
167
202
231
172
139
99
41
70
72
35
-48
-96
-82
-73
-59
-105
-129
-90
-102
-114
-57
-58
-96
-110
-109
-163
-97
-7
13
46
-20
-14
-72
-67
-81
-138
-77
-52
-110
-232
-180
-149
-154
-112
-77
-28
-28
34
42
-2
11
12
66
77
103
94
24
0
-5
63
58
54
45
59
44
10
83
41
41
83
42
32
81
135
93
96
104
60
51
73
119
84
34
16
34
59
53
63
22
25
51
61
98
38
6
32
26
20
-12
-35
-24
28
52
-7
-29
-13
-10
5
6
-18
-82
-32
-29
-92
-16
9
-22
-106
-161
-176
-167
-88
-73
-168
-205
-146
-149
-166
-138
-135
-75
63
106
31
-67
-57
25
-40
-54
-16
-79
-69
-91
-96
-92
-181
-89
38
82
95
110
105
72
135
101
129
243
336
376
266
168
133
72
-15
86
57
-96
-98
-88
-47
-162
-197
-10
79
116
133
137
78
96
116
78
129
46
311
351
25
75
126
167
22
-30
-326
-522
-168
-86
-228
-635
-303
50
-136
-143
-297
-294
-221
347
379
-123
-113
-36
285
-183
-322
98
-55
278
410
270
-257
-325
56
-192
-243
-114
484
244
-194
134
-210
-407
-51
355
89
-21
454
321
-27
-294
-140
-130
-152
418
480
266
45
9
-162
-485
-291
19
240
127
282
134
-420
-265
-208
-254
-133
247
519
256
109
-92
-272
-305
-48
330
313
322
268
72
-243
-428
-263
-118
196
429
364
156
-159
-370
-507
-334
-44
250
478
420
267
-54
-221
-334
-267
123
343
490
347
18
-231
-538
-558
-241
-7
88
212
113
-245
-477
-618
-452
-196
14
324
236
63
-216
-380
-270
-229
193
471
468
342
61
-138
-298
-165
13
211
452
456
257
-13
-158
-267
-132
157
260
336
164
-53
-161
-306
-240
-59
173
247
262
174
16
-63
-121
44
157
366
421
290
124
-170
-168
-183
-76
86
113
107
-120
-235
-333
-403
-291
-128
4
58
103
-25
-187
-240
-209
-24
101
177
191
74
-84
-136
-145
-182
38
211
237
175
26
-76
-177
-177
-41
110
160
187
16
-202
-284
-262
-168
-123
-94
-8
7
-40
-1
-75
-61
47
150
251
223
203
168
53
47
66
85
150
89
78
-15
-129
-127
-106
-125
-148
-32
24
63
30
-38
-66
-74
-14
-34
-80
25
62
-1
-3
-73
-68
-22
-18
97
141
123
145
69
72
7
-8
63
32
12
-121
-175
-180
-155
-96
-44
13
72
108
50
19
-6
-14
109
210
269
259
213
171
88
116
74
64
92
134
31
-106
-140
-276
-114
-64
-58
10
-54
-63
-205
-230
-148
-95
0
23
-12
-60
-125
-111
-91
-48
6
58
124
124
65
10
-4
1
50
52
51
49
9
-54
-137
-200
-126
-32
-131
-123
-29
-49
25
22
-13
40
-8
41
59
25
38
47
79
47
28
19
32
88
129
101
54
11
-18
-59
-123
-88
-50
-26
-32
-47
-88
-132
-103
-78
-31
-42
-32
28
4
-18
-37
-29
3
55
124
130
120
44
27
60
44
73
104
111
70
35
-25
-42
-30
-17
-13
-35
-1
-32
-40
-38
-40
-29
-35
38
111
145
121
88
81
12
17
76
66
104
127
95
79
61
34
8
20
20
34
22
1
6
-22
3
-24
-34
-3
-31
-13
-18
-80
-107
-96
-98
-90
-61
-21
-34
-56
-57
-107
-105
-100
-61
-25
-9
-20
-65
-71
-73
-74
-75
-42
-57
-18
-9
-32
-82
-149
-114
-105
-70
-55
-4
36
22
27
33
51
73
104
120
101
77
51
13
15
48
76
51
61
28
-22
-63
-51
-27
-31
20
19
17
-12
19
22
22
47
41
33
-10
7
-7
-13
12
52
69
53
36
36
52
50
74
44
46
50
8
-10
-34
-13
-22
-24
22
31
22
19
28
28
30
21
39
74
67
43
41
53
12
2
20
26
34
4
-28
-48
-11
-48
-65
-43
-72
-57
-97
-53
-25
-79
-55
-69
-90
-81
-66
-37
-28
-7
-34
-51
-34
-38
-16
-9
26
20
-5
26
12
-23
-27
-6
0
4
39
63
24
28
37
39
21
3
-3
-47
-29
-35
-23
-19
-12
2
-12
-12
-1
-1
-21
-5
-12
16
21
12
7
20
15
9
47
61
47
4
-1
-1
5
0
-7
-35
-42
-47
-37
-39
-63
-61
-39
8
-6
-18
-35
-3
3
15
29
45
68
25
25
-24
6
19
25
41
47
44
-16
-3
-21
-1
10
16
47
20
-5
-4
19
62
56
78
88
54
62
51
63
39
85
101
93
101
40
51
64
70
66
19
-31
-51
-50
-62
-111
-121
-93
-91
-110
-131
-123
-107
-86
-21
-25
-63
-51
-43
-43
-60
-62
-37
-9
-10
-20
-56
-30
3
3
18
26
21
1
2
-12
-19
-35
-5
2
-25
-34
-45
-23
16
6
-17
1
0
15
15
23
20
-6
-18
32
58
74
66
61
79
35
25
15
45
47
12
8
53
54
24
13
4
44
37
31
47
25
-5
-10
-2
5
-12
19
42
61
32
-2
7
-25
0
-13
-58
-72
-68
-57
-48
-74
-81
-38
-34
-31
-16
-3
15
28
17
11
25
28
23
35
48
11
3
9
35
76
50
28
5
-6
-34
-52
-57
-34
-20
-72
-60
-54
-45
-40
-38
-50
-17
-11
-17
21
-13
-32
-71
-52
-12
-10
-22
12
-1
-50
-60
-82
-53
-54
-42
-22
-6
-35
-26
9
8
56
90
117
140
127
142
155
127
132
119
131
102
76
56
16
-9
-8
-4
-42
-39
-61
-75
-75
-51
-55
-60
-63
-57
-31
-33
12
32
28
56
66
44
66
77
94
83
66
84
79
64
46
33
-12
-41
-72
-78
-105
-116
-99
-132
-169
-194
-167
-109
-102
-102
-63
-54
-73
-45
-18
-21
17
19
16
39
38
34
19
30
22
32
72
89
86
61
35
-1
9
19
16
15
9
4
-13
5
30
50
40
69
67
28
26
-4
-9
-12
4
-4
-32
-10
-10
-47
-70
-31
-23
-63
-44
-30
-69
-73
-54
-33
-19
-35
-61
-71
-16
-27
-23
32
59
100
96
122
157
158
116
113
134
88
60
67
38
13
3
-25
-55
-94
-78
-54
-57
-115
-116
-86
-60
-28
-21
16
5
32
36
82
111
95
118
84
83
89
89
82
63
28
-6
-21
-31
-66
-122
-129
-135
-114
-118
-101
-93
-145
-110
-79
-77
-65
-36
-7
2
-6
10
15
42
57
45
62
62
67
54
62
60
75
76
54
50
38
-3
-22
-23
-40
-22
-55
-59
-50
-41
-29
-22
-18
0
15
15
37
6
5
19
45
56
48
51
73
53
-17
-57
-51
-20
-57
-88
-88
-78
-89
-83
-63
-66
-62
-63
-10
-29
-78
-54
-41
-13
-4
-3
55
91
99
122
98
62
31
42
40
35
38
8
-19
-30
-13
-32
-34
-31
-33
1
6
20
41
63
56
36
85
100
107
130
167
171
141
164
137
97
89
69
64
67
14
10
-40
-97
-102
-113
-108
-131
-124
-189
-168
-147
-171
-133
-155
-147
-131
-115
-109
-77
-46
-41
29
83
70
79
76
84
90
53
54
55
45
-7
-9
18
-8
10
6
-3
1
-9
-1
25
20
-5
25
-11
0
-25
-69
-48
-61
-2
-40
23
-8
-44
-17
-58
-1
-63
-49
-15
-2
-24
0
47
16
82
68
8
67
12
47
57
81
61
-20
49
-14
154
29
47
84
-22
27
-86
-15
-58
-17
-74
-98
5
-57
-66
-2
-44
-14
-44
-74
-43
-59
26
27
-14
49
77
27
93
31
86
57
98
151
91
164
64
142
141
36
42
-5
10
-19
-72
-32
-117
-14
-74
-106
-51
-145
-51
-184
-131
-122
-160
-89
-137
-98
-35
-7
51
43
61
123
30
147
107
48
74
40
44
-72
41
35
-37
60
-13
41
68
26
140
15
28
104
-37
-35
-30
-62
-78
-22
-72
-81
-26
-81
-70
-92
-48
-32
-82
-89
-63
-45
-68
-64
11
22
57
94
7
132
65
23
42
22
80
25
32
-11
62
72
31
60
21
19
15
-19
-81
-101
-102
-96
-31
-107
-109
-55
-123
-37
-13
-75
26
19
-16
62
14
76
59
-6
10
-5
84
66
139
164
113
148
97
177
107
95
166
32
93
14
16
35
-36
12
-56
1
-59
-104
-88
-94
-11
-54
-49
-76
-116
-78
-142
-138
-98
-162
-48
-39
-102
-9
-36
-15
-80
-77
18
23
65
28
65
-3
20
61
67
140
-36
55
5
-24
98
9
140
23
19
79
29
104
41
47
38
-4
-37
-61
-98
-143
-112
-126
-115
-97
-104
-107
-53
-22
-36
32
1
98
45
48
74
89
181
-25
166
79
94
129
-1
122
39
111
17
50
64
-69
-11
19
-60
-1
-78
-107
-80
-210
-17
-125
-111
-11
-164
-114
-99
-16
18
23
50
-3
17
-44
-3
47
-7
16
-39
31
-5
19
56
-16
83
45
93
100
83
114
61
58
11
15
14
-39
-24
-4
-43
-6
-42
-21
9
-111
20
27
10
59
23
-19
-62
-49
-99
57
6
-18
31
-68
12
-97
15
124
56
105
18
5
8
-2
21
18
64
3
-78
-51
-23
-43
11
24
-25
9
-85
-98
-70
-73
-67
-76
-87
-113
-61
-87
-86
-70
-71
-48
81
80
69
98
-23
38
26
101
156
107
101
45
64
54
100
118
118
85
-6
-7
34
127
174
57
24
69
-35
43
-12
-39
-3
-201
-57
-198
-132
-42
-180
11
-144
-39
-51
-127
-20
-111
22
-5
-60
58
-17
-23
22
25
72
3
38
75
78
71
55
57
63
82
17
22
-1
-54
-49
-86
-24
-17
-93
-13
-90
-66
19
-75
36
12
-10
52
-31
22
13
-20
46
-31
-115
-65
-80
-24
-10
-7
85
25
138
111
75
165
88
120
70
23
71
33
35
-37
-57
4
-100
-66
-32
-54
-11
-60
-9
12
-63
-66
-73
-50
-102
-98
-106
-62
-45
-131
43
7
41
80
57
182
99
101
142
131
111
94
29
55
9
-86
-20
-91
14
-29
-82
30
-62
25
4
-12
60
-51
-50
-71
-55
-65
-194
-120
-162
-128
-98
-112
-9
-61
19
-13
36
61
26
128
86
170
171
116
181
158
150
115
47
72
-18
0
30
-53
11
-9
-29
17
-3
9
-73
-82
32
5
21
6
31
80
83
47
24
71
-19
-1
-15
0
-40
-57
-53
-147
-77
-164
-86
-89
-94
-9
-99
6
-36
-16
9
-26
40
-44
-2
-33
-54
-63
-182
-108
-163
-139
-86
-127
-56
-124
-100
-76
-60
-1
-50
16
28
32
46
1
92
114
63
93
104
99
86
106
115
111
125
140
130
95
140
105
145
142
86
136
72
132
60
42
82
24
77
16
33
29
-7
-4
-7
3
-11
-4
-49
-58
-68
-50
-68
-141
-97
-61
-59
-57
-19
37
42
38
79
76
-3
-38
-41
-83
-85
-136
-147
-105
-118
-84
-72
-58
-68
-53
-35
29
12
26
18
-56
-20
-75
-1
-63
-53
-8
-108
-20
-69
-49
-14
-79
15
-41
-37
10
-24
48
-22
10
41
66
69
38
57
6
33
3
37
2
-20
-21
-67
-13
-12
15
13
-6
9
-24
-24
12
17
66
19
37
96
73
124
129
168
171
143
151
96
106
98
50
66
10
1
-12
-5
48
4
18
-3
18
36
-12
17
-2
-18
-24
-18
-38
-109
-120
-98
-99
-95
-44
-55
-79
-92
-53
-29
-67
-8
-38
-60
-47
-63
-25
-9
-10
-7
12
-1
-16
28
28
17
28
16
13
-13
-3
13
19
12
-5
-14
-47
-52
-76
-70
-37
-20
0
-9
-13
11
5
22
63
48
89
52
-4
22
17
21
-13
5
12
4
30
-4
18
26
42
57
13
26
-28
-30
-16
-50
-20
-43
-37
-23
-16
-18
-19
0
-13
-39
-28
-9
13
25
8
12
-8
0
0
16
28
38
58
28
18
35
21
9
40
68
93
60
92
56
68
94
48
112
73
31
2
-14
-16
-49
-47
-66
-86
-84
-107
-100
-78
-96
-84
-85
-92
-82
-62
-45
-13
3
3
15
13
13
23
23
28
67
22
31
46
15
26
17
21
-33
-44
-50
-84
-87
-92
-45
-16
-37
-25
-12
-7
-9
3
23
-5
13
3
2
12
15
37
37
60
52
70
63
73
90
84
82
57
73
31
20
46
43
44
38
28
25
5
-1
25
18
13
-9
0
-26
-28
-32
-50
-51
-79
-23
-75
-101
-108
-126
-114
-152
-140
-114
-79
-83
-59
-25
-48
-36
31
25
45
55
74
118
76
106
124
147
157
105
134
140
85
53
11
-22
-42
-84
-64
-57
-79
-104
-115
-75
-85
-51
-42
-48
-22
-29
25
29
26
23
42
78
56
65
77
93
81
67
57
53
44
-16
-32
-30
-14
-44
-59
-40
-70
-89
-114
-94
-87
-95
-79
-57
-5
-25
-24
23
25
2
2
41
15
7
-7
-5
17
-26
-23
-22
-18
-13
4
12
9
1
22
43
26
36
76
107
92
92
114
136
118
129
127
121
107
61
48
12
5
-50
-101
-91
-96
-97
-132
-155
-165
-149
-148
-145
-89
-102
-72
-64
-46
-12
6
52
62
80
56
76
61
81
107
89
105
98
92
82
44
14
37
-8
-39
-53
-55
-64
-75
-75
-76
-69
-66
-43
-26
8
18
16
17
11
-3
9
28
63
70
19
9
21
20
2
-26
-45
-62
-85
-55
-47
-67
-94
-86
-55
-44
-48
-43
2
16
42
60
46
24
44
65
66
88
72
74
75
59
55
38
29
43
10
0
-3
-47
-60
-69
-38
-32
-42
-35
-6
25
23
20
27
53
35
67
99
90
76
75
91
69
25
7
41
9
-5
-29
-49
-79
-121
-114
-158
-148
-170
-168
-154
-150
-129
-114
-82
-70
-36
-9
22
56
73
86
93
108
111
92
115
118
97
79
90
70
26
12
-24
-27
-38
-38
-51
-75
-72
-78
-39
-42
-41
6
-1
22
40
61
75
63
50
57
76
52
66
56
48
48
40
28
-12
-29
-59
-73
-82
-93
-104
-72
-69
-85
-85
-47
19
18
6
35
44
30
43
38
68
58
44
54
56
44
16
52
47
-3
-36
-43
-62
-98
-130
-93
-91
-104
-98
-88
-46
-62
-33
7
43
41
96
110
75
79
65
96
69
40
14
25
13
-20
-17
-29
-60
-64
-61
-53
-30
-43
-64
-88
-50
-75
-94
-51
-10
24
17
33
60
82
80
103
112
128
129
107
103
99
78
38
38
9
8
-11
-41
-35
-89
-97
-112
-142
-121
-111
-82
-59
-45
5
33
35
40
85
105
89
111
91
77
59
39
46
19
-9
-8
-10
-7
-34
-69
-71
-83
-74
-102
-73
-35
-69
-58
-33
-9
3
7
20
37
32
34
34
20
-12
-16
-13
-33
-1
-18
-34
-21
-76
-67
-41
-63
-66
-62
-69
-85
-66
-49
-4
16
15
29
56
109
98
114
139
117
78
80
111
69
45
37
32
8
-13
-6
-34
-36
-59
-92
-60
-28
-18
-35
-44
-22
-9
0
4
43
60
72
95
107
108
82
111
85
47
6
-22
-27
-47
-64
-57
-17
-58
-53
-68
-60
-60
-69
-53
-80
-32
-45
-15
8
15
45
37
59
42
29
43
34
53
62
18
16
14
-25
-66
-59
-28
-11
-19
-48
-56
-67
-62
-74
-75
-66
-67
-23
4
5
16
-1
-2
11
25
34
20
31
13
-15
-14
-26
-12
-25
-61
-47
-23
-22
-35
-2
0
-10
-3
-8
7
6
15
13
77
69
40
90
58
55
59
72
80
20
14
13
-3
15
-14
-2
23
46
50
31
57
50
37
19
38
48
-5
7
16
13
25
4
15
-2
-22
-26
-14
-35
-49
-45
-35
-3
-46
-31
-44
-47
-43
-43
1
-13
-11
-13
-7
-24
-22
3
6
0
14
32
24
-9
-28
-4
3
-3
-25
-44
-62
-60
-66
-51
-44
-69
-77
-57
-34
-35
-35
-48
-23
-26
-31
1
5
29
35
38
66
98
101
104
83
62
64
39
28
-8
-21
1
14
27
34
32
-5
-28
-17
1
35
32
29
32
0
-15
-29
-27
-9
4
1
9
32
7
-23
-26
-7
-11
-18
2
0
-6
-13
-8
12
14
8
16
7
-6
-6
-32
-20
-3
-32
-16
20
8
-10
4
13
-19
-31
-25
-2
-10
-30
-2
-6
7
12
30
60
57
50
36
49
45
42
36
27
12
-12
1
0
5
11
-3
4
-11
-31
-50
-51
-56
-80
-64
-37
-30
-26
-9
-26
3
13
0
19
8
34
55
52
39
40
18
14
1
16
9
-18
-13
-44
-49
-47
-52
-78
-73
-68
-93
-104
-95
-68
-64
-59
-1
46
61
54
48
74
79
63
55
70
51
29
21
29
10
-19
-7
0
3
-6
-12
-25
-18
-26
-48
-28
-22
-26
-16
-15
14
32
56
95
99
124
143
138
133
128
109
89
76
32
-5
-17
-41
-53
-70
-86
-126
-180
-202
-169
-143
-145
-148
-137
-114
-104
-40
-11
-1
18
71
102
109
133
116
113
118
125
134
117
90
61
33
18
-15
-26
-32
-37
-63
-80
-54
-57
-48
-60
-13
29
30
42
65
94
104
109
101
104
66
31
14
8
-7
-55
-83
-87
-126
-171
-170
-180
-192
-208
-187
-143
-128
-127
-119
-88
-22
22
54
133
163
158
164
142
156
191
171
136
108
82
51
-12
-50
-90
-123
-135
-148
-144
-160
-152
-161
-139
-100
-104
-64
-29
18
66
68
103
113
161
202
192
249
255
220
176
167
134
75
75
28
-14
-44
-71
-94
-122
-145
-156
-149
-138
-126
-102
-88
-78
-28
-9
10
43
81
125
135
130
132
114
84
63
50
31
-12
-26
-65
-98
-111
-132
-136
-172
-194
-154
-132
-121
-67
-28
-5
-9
43
81
111
142
153
183
163
173
130
110
95
37
-1
-29
-56
-94
-131
-162
-171
-194
-178
-181
-177
-161
-150
-101
-84
-80
-35
19
40
78
111
108
120
116
185
212
190
205
162
166
111
23
3
-29
-58
-95
-116
-150
-187
-211
-193
-139
-114
-107
-88
-13
45
72
110
105
117
143
158
171
170
172
144
126
149
131
82
67
43
-16
-76
-101
-104
-129
-145
-150
-156
-144
-125
-112
-58
-31
-11
19
31
73
85
104
116
121
125
103
95
76
44
37
-3
-63
-115
-157
-186
-180
-147
-178
-166
-139
-123
-89
-90
-76
-49
-23
22
54
90
123
150
171
176
193
168
178
171
136
91
28
15
-3
-44
-80
-110
-147
-169
-186
-170
-177
-162
-113
-90
-76
-61
-39
-10
42
77
120
151
157
145
133
114
91
71
45
53
42
8
-25
-51
-79
-88
-97
-118
-122
-116
-122
-95
-57
-69
-43
3
47
48
72
104
89
98
130
146
136
135
114
117
97
71
69
20
-23
-12
-42
-82
-98
-120
-112
-106
-107
-89
-70
-69
-32
-7
19
30
34
59
66
75
81
86
88
64
38
36
48
47
-7
-37
-60
-104
-115
-115
-121
-123
-124
-145
-124
-97
-79
-45
-32
-3
28
53
82
101
115
111
116
120
105
89
94
104
88
63
36
16
-7
-22
-41
-77
-108
-136
-126
-128
-137
-149
-154
-123
-113
-110
-107
-76
-53
-36
-2
39
60
60
98
131
129
131
117
97
95
73
59
60
38
9
22
19
1
-22
-15
37
42
32
13
18
23
32
21
-2
19
2
-21
-29
-10
-9
-33
-20
-23
-7
5
-2
4
10
26
21
19
13
-1
9
26
9
-17
-12
-6
3
-5
19
22
27
38
28
45
35
23
25
17
-18
-28
-41
-55
-42
-57
-60
-74
-88
-72
-87
-101
-87
-95
-110
-120
-113
-72
-56
-57
-41
-15
-16
-24
-6
35
47
58
87
91
86
79
106
130
88
60
76
71
46
10
-7
-15
-24
-3
0
11
3
-10
-24
-43
-60
-87
-79
-38
-8
-21
-16
-4
-14
3
28
37
50
38
49
57
63
84
60
50
39
46
37
10
9
11
14
-1
5
11
0
4
-2
22
5
-12
9
-22
-42
-51
-23
-24
-26
-37
-57
-53
-57
-22
-16
16
29
29
25
-5
12
16
10
22
9
-6
3
8
-3
5
12
-1
-14
-19
-4
15
17
2
4
-4
-2
-14
-21
-4
-32
-32
-38
-36
-36
-73
-89
-59
-42
-54
-35
-17
-7
-10
-3
16
26
8
-12
-35
-19
0
-19
6
19
24
42
46
72
97
85
80
83
88
91
69
64
56
25
6
-19
-16
-38
-57
-54
-50
-51
-82
-54
-43
-45
-39
-52
-68
-48
-52
-53
-3
-12
-16
-30
-7
17
31
44
23
36
27
37
63
54
42
48
25
8
18
16
5
1
7
15
27
41
24
1
13
20
32
26
31
26
4
-19
-26
-6
-19
-28
-20
0
-19
-29
4
26
52
41
17
15
7
15
3
7
6
-21
-1
0
-22
-31
-13
-31
-66
-64
-50
-54
-50
-47
-57
-72
-72
-61
-66
-47
-29
-1
-1
-19
-1
19
22
37
55
45
75
75
60
76
57
28
19
10
-22
-19
4
-9
-25
-41
-60
-55
-28
-25
-42
-28
-19
-19
7
28
34
13
-7
-1
10
12
13
31
18
-5
0
-10
-11
17
13
14
35
16
5
-9
-14
21
27
52
59
61
85
51
82
108
79
69
49
32
1
-3
-22
-37
-56
-72
-71
-85
-95
-119
-99
-105
-114
-79
-41
-20
-1
28
48
69
86
72
70
96
97
82
67
63
42
41
13
21
11
-12
-33
-56
-73
-135
-141
-132
-111
-151
-120
-89
-95
-59
-44
7
20
47
74
75
86
88
81
95
101
96
75
67
34
-1
2
-27
-35
-43
-52
-62
-80
-83
-77
-78
-55
-44
-61
-33
-24
-10
29
57
79
83
95
95
79
57
50
70
59
48
33
6
-35
-61
-73
-67
-47
-54
-60
-76
-76
-69
-64
-39
-13
18
47
66
86
100
95
76
72
88
95
76
46
38
25
0
4
3
-52
-69
-54
-70
-41
-48
-67
-57
-57
-63
-87
-66
-45
-16
-6
22
57
