-10
-17
-7
6
-4
-6
0
-6
-15
1
8
2
8
6
-2
-3
2
11
-9
-8
-6
-15
-14
-20
-12
-12
-13
-13
-9
-8
-15
-15
-6
-4
-8
-13
-4
1
-6
10
5
30
33
23
27
16
22
25
27
19
15
6
-1
-3
4
13
9
16
12
4
4
5
-2
2
2
0
4
2
9
6
-5
-16
-19
-10
-13
-16
-3
-3
-20
-19
-17
-15
-18
-11
6
6
14
5
13
16
10
14
6
16
12
10
6
2
1
-14
-14
-14
-13
-5
-8
-9
-6
-3
-1
6
-6
-10
-3
-5
-4
-7
5
11
22
33
23
21
14
14
13
3
-5
-5
-4
-4
0
1
-1
-19
-23
-12
-9
-5
-13
-13
7
-1
-2
1
5
3
5
3
5
7
1
18
15
12
8
15
-3
-5
-2
-23
-6
-7
-15
-18
-26
-30
-27
-29
-23
-29
-34
-36
-31
-19
-16
-17
-17
-12
-17
-8
-1
12
-9
-8
17
24
38
29
32
38
36
30
32
40
31
11
31
43
27
13
19
23
25
24
6
19
5
-4
6
13
19
7
-4
-3
-3
-2
-6
-6
3
-11
-1
1
-6
-8
-5
-6
-14
-1
6
3
-10
-7
0
-5
-9
-4
3
-8
-8
-13
-31
-33
-22
-27
-26
-28
-20
-19
-19
-7
-24
-7
-7
-16
-26
-18
-8
-22
0
-14
-10
1
-2
-2
-17
-12
1
-4
-12
4
0
-5
-6
2
1
13
17
10
15
3
7
14
30
35
27
32
32
32
39
32
28
27
29
38
28
35
26
18
14
8
13
11
2
-10
-8
0
6
-11
-8
1
-4
-13
-11
2
-7
-6
-18
-17
-25
-22
-15
-24
-22
-37
-47
-48
-24
-33
-37
-18
-23
-15
-22
-29
-25
-11
3
1
0
3
1
12
16
-2
3
25
22
29
26
19
24
9
22
27
19
24
29
24
15
15
7
10
14
9
-4
3
1
-13
-8
6
6
8
5
10
-3
-19
3
6
9
-11
-14
-7
-13
-9
-16
-21
-6
3
-5
-6
-9
-1
-6
-7
4
6
1
-3
-10
-12
-15
-9
-12
-27
-15
-14
-16
-12
3
-8
-3
-5
1
6
-7
0
-13
-3
-17
-23
-11
-7
-4
4
5
3
-2
-13
-10
-7
9
13
18
11
9
14
5
10
-8
-5
3
3
12
5
10
5
3
21
19
28
40
31
34
33
38
40
23
24
19
28
29
22
26
31
35
8
9
16
-4
-8
-7
-18
-16
-18
-28
-31
-35
-27
-40
-41
-38
-47
-30
-28
-31
-22
-29
-22
-8
-23
-29
-23
-24
-19
-7
-8
-11
-16
-15
-17
-6
7
-2
1
0
1
0
1
0
-10
-7
3
0
6
14
29
22
17
33
18
34
28
26
31
19
28
24
20
14
5
-5
2
1
14
19
18
6
6
12
-6
7
10
6
7
10
12
8
3
-11
-17
-12
-21
-26
-25
-28
-23
-28
-35
-24
-25
-25
-14
-21
-13
-20
-14
-10
-25
-19
-21
-14
0
-1
-4
7
28
27
26
38
25
15
22
32
23
6
13
10
10
6
9
13
0
0
1
12
7
8
16
14
9
14
10
8
6
-13
-9
5
17
-10
-6
7
-3
0
0
1
-2
-3
-16
-22
-19
-16
-23
-33
-28
-22
-10
-7
-28
-10
7
-4
3
3
15
10
5
16
9
-2
13
22
11
12
1
2
-1
1
3
-1
4
0
0
-10
-21
-10
-7
-12
-10
-15
-7
-12
-22
-2
-4
4
0
-6
-4
-9
-9
-6
-10
-22
-17
-16
-16
-25
-25
-30
-12
6
4
21
18
26
17
17
25
26
36
41
35
32
31
26
22
19
35
21
19
31
26
17
6
3
6
-4
-14
-8
-8
-14
-13
-2
-15
-9
-10
-20
-23
-35
-15
-15
-19
-10
-9
-7
-18
-13
-2
-10
-15
-10
-8
-9
-29
-28
-22
-18
-4
-7
0
3
10
22
19
23
16
2
8
24
24
27
25
28
31
35
37
21
20
23
25
25
23
6
-7
0
0
1
2
0
-6
-9
-16
-32
-29
-19
-26
-41
-39
-34
-28
-36
-43
-31
-28
-31
-37
-24
-19
-23
-7
-13
-13
-9
-3
-3
-1
2
1
2
1
9
10
16
20
22
21
29
13
8
19
2
7
-3
-1
11
8
6
18
19
13
28
26
29
21
7
23
34
19
15
24
16
14
12
16
9
3
-3
-8
1
-16
-7
-3
-3
2
3
4
-14
-1
-8
-10
-14
-26
-17
-10
0
5
9
4
1
-7
0
-1
13
22
0
5
-6
-6
0
4
5
-5
-13
-22
-15
-15
-20
-9
-13
-12
-23
-29
-6
-11
-16
-4
3
-17
-16
-7
-16
-10
-16
-17
-10
3
7
-5
-3
-15
-18
-16
-7
3
9
12
-10
-7
-7
0
12
3
2
9
8
4
14
16
11
10
21
28
28
26
23
23
30
23
29
33
19
30
29
26
19
1
6
6
-1
3
-10
-11
-9
-22
-26
-22
-15
-21
-22
-21
-12
-10
-7
-13
-29
-41
-25
9
-10
-3
8
4
-3
-3
-5
-3
15
5
12
15
15
10
-2
18
27
20
24
31
26
19
20
3
2
-2
-10
-4
-6
-2
-4
-11
-21
-25
-29
-41
-40
-38
-34
-25
-13
-3
4
-1
-5
11
6
-9
6
16
10
17
21
19
13
13
9
15
19
0
0
5
-3
5
13
1
-6
-8
-3
-19
-21
-16
-20
-14
-31
-15
0
-2
0
-7
-12
-27
-34
-23
-23
-16
-13
-21
-13
-13
-9
3
18
33
19
14
10
13
18
18
30
31
33
31
27
22
25
7
0
17
23
47
35
19
0
-10
16
28
29
12
2
4
10
16
22
16
10
12
16
19
13
20
6
1
-4
-3
6
3
3
-16
-15
-40
-54
-59
-75
-60
-54
-58
-50
-51
-62
-56
-43
-38
-17
-4
-12
-19
-36
-26
-23
-12
-5
-13
-6
-13
13
16
11
6
-7
-3
-12
7
27
31
38
39
26
26
15
9
29
42
38
38
56
47
31
15
15
18
26
44
57
50
19
1
-3
-7
-12
-7
-24
-31
-25
-17
4
8
7
0
-22
-21
-24
-18
-5
-13
6
7
13
12
4
8
-5
-4
-13
-32
-28
-22
-18
-13
1
6
-6
-4
-6
6
5
7
21
2
-4
0
-5
0
4
-3
-19
-12
3
18
23
10
-3
-26
-41
-40
-20
-3
29
46
44
25
3
-16
-36
-38
-39
-26
-17
-3
7
-4
-15
-24
-26
-22
-6
13
18
31
45
44
44
36
39
28
25
13
19
33
10
9
-23
-45
-30
-24
-19
-13
-4
-16
-32
-34
-31
-45
-38
-32
-31
-29
-9
9
0
-1
-18
-16
-16
-8
12
34
47
48
53
53
34
22
30
6
1
-5
7
7
16
16
-4
-2
-7
3
8
12
13
27
21
6
10
12
-7
-6
-1
-7
-12
-19
-9
-15
-6
-13
3
6
-3
2
1
16
10
13
12
-4
6
18
7
-2
-4
-3
-12
-10
6
0
-9
-25
-40
-49
-47
-33
-19
-14
-1
10
3
19
29
22
14
27
37
20
32
33
12
9
-1
-14
-26
-22
-27
-31
-15
-27
-31
-23
-12
-16
-28
-31
-36
-34
-28
-22
-28
-10
-7
-12
-11
-7
3
-13
-1
20
31
15
14
29
26
17
32
38
26
35
18
16
26
31
30
13
8
12
22
13
6
0
-9
-9
-13
-6
11
-2
-14
0
-9
-5
0
-5
0
6
-2
8
1
1
7
-6
-2
-10
-9
-12
-20
-13
-8
-4
-2
-6
-3
-10
-28
-22
5
9
19
18
12
4
-5
-1
-8
3
7
7
6
10
9
6
19
12
15
16
13
3
3
10
-10
-22
-7
-9
-18
-21
-18
-20
-25
-10
-19
-16
-6
-6
4
15
19
10
10
15
29
18
11
12
0
6
13
10
0
6
7
3
8
1
-4
-9
-21
-20
-19
-21
-15
-22
-20
-29
-31
-30
-28
-18
-25
-21
-33
-28
-9
-6
2
-2
9
15
7
19
20
22
24
22
18
4
18
11
11
10
-6
9
9
13
3
-7
-2
-21
-28
-9
-12
-18
-10
-3
11
11
14
13
16
22
20
29
27
28
35
29
39
35
29
33
26
20
7
-4
-10
-7
-16
-7
-9
-14
-14
-24
-22
-30
-26
-26
-26
-25
-22
-13
1
1
-2
7
-2
0
-17
-17
0
-3
-4
1
13
3
-7
0
1
2
6
-3
0
-2
1
0
-13
-18
-18
-4
-3
-7
-2
3
4
6
1
-1
5
13
20
9
6
9
23
22
19
26
23
32
28
28
28
6
10
9
-3
-6
0
-9
-21
-25
-32
-31
-32
-28
-21
-29
-35
-28
-22
-28
-32
-17
-22
-16
-4
-18
0
-10
-20
-12
-12
1
0
4
10
4
-3
2
4
5
11
5
0
0
5
6
-1
4
7
7
15
22
25
0
2
9
13
26
19
8
4
25
14
2
13
20
19
13
31
20
16
26
16
18
16
15
5
16
18
22
23
1
9
6
-6
-6
-8
-13
-15
-13
-2
-6
-11
-9
-4
4
2
-6
-10
-3
-16
-2
-7
-8
3
-7
0
-9
-21
-22
-23
-25
-23
-28
-30
-38
-24
-10
-24
-26
-28
-28
-22
-10
-9
-6
-9
-7
-11
-19
-18
-19
-23
-17
-9
-17
-3
-13
-20
-11
-13
-9
3
16
12
5
5
7
7
11
25
30
28
25
9
29
34
28
34
31
41
36
31
32
36
44
41
34
38
41
34
18
13
7
6
-4
-2
9
1
3
0
0
-10
-2
-2
0
3
-1
3
-6
-7
-26
-31
-22
-8
-13
-10
-9
-13
6
-15
-15
-20
-5
-12
-20
-2
-25
-13
-11
-9
-11
7
-9
-27
-3
-4
-4
-16
0
1
-9
-22
-13
-10
-29
-25
-31
-25
-22
-30
-39
-31
-18
-11
-2
8
6
16
0
-6
9
9
15
23
34
35
43
34
40
45
31
22
19
27
27
27
26
35
31
9
-16
-10
7
-1
-13
-15
-6
1
-12
-20
-4
-5
-3
1
4
0
-12
-14
-20
-10
-4
-20
-15
-13
-22
-12
-2
-10
-12
-9
-16
-29
-21
-8
-13
-6
0
3
-4
-8
5
5
0
3
13
19
14
17
31
14
5
19
10
8
8
9
22
16
9
9
11
-17
-16
1
7
6
0
10
-2
2
10
8
6
2
0
-2
3
-1
-1
10
21
3
-16
-11
8
1
-2
9
-4
-10
-15
3
0
-6
-9
-2
5
-1
-1
-4
-4
-11
4
12
4
7
19
16
13
7
3
-3
-8
-1
3
16
1
-24
-18
-13
-42
-54
-35
-28
-28
-42
-41
-28
-35
-34
-20
-9
-7
-13
-4
4
0
4
-3
0
10
5
3
10
29
28
4
12
19
20
15
13
12
-4
-8
-9
-6
-12
-10
-4
-1
-1
-4
5
17
18
16
23
20
6
9
34
40
26
31
48
35
24
40
38
7
7
16
20
12
14
29
11
8
9
6
-6
-1
-1
-12
-3
-6
-4
-5
10
4
-2
7
0
-5
-13
-18
-28
-21
-22
-28
-21
-36
-40
-31
-26
-31
-35
-28
-37
-25
-26
-35
-36
-41
-24
-13
-1
2
-1
7
-6
-8
-4
2
1
2
14
6
9
10
-2
8
21
21
14
12
12
6
-6
-12
-4
-2
-6
0
2
9
5
-3
7
9
6
14
23
12
6
9
4
8
22
13
6
4
3
13
-3
1
15
6
-2
3
4
-7
-6
-5
6
2
-1
3
6
6
6
7
13
7
13
24
3
-6
5
13
9
10
15
10
15
10
-1
5
-4
-15
-17
-12
-22
-19
-12
-10
-12
-16
-9
-22
-27
-14
7
-15
-21
-3
0
4
0
12
13
14
14
10
16
20
5
8
0
-9
-14
-17
3
-19
-27
-27
-23
-26
-25
-12
-21
-18
-22
-19
-26
-27
-27
-26
-18
-23
-16
-8
-2
0
6
6
8
15
18
19
15
9
16
19
6
14
19
15
25
25
27
35
50
40
37
41
43
27
17
31
19
23
13
12
5
-1
4
6
13
-1
-22
-24
-30
-47
-41
-33
-30
-35
-23
-31
-31
-27
-35
-28
-19
-11
-12
1
6
9
14
19
31
35
31
22
16
16
9
-1
5
0
7
8
-3
-8
3
13
-16
-22
4
0
-4
-4
-4
0
-5
4
3
-6
-16
-20
-12
-12
-9
-22
-26
-28
-34
-20
-7
-11
-19
-15
-11
-12
-24
-3
-6
0
6
0
3
-4
8
10
19
21
38
36
38
29
15
19
23
41
26
34
12
0
4
4
7
4
-6
-14
-9
-4
-5
-17
-2
-10
-8
-10
-8
-1
-18
-19
-29
-19
-7
-6
1
3
4
6
7
16
10
6
20
26
11
3
4
2
4
-2
1
6
15
15
14
20
13
16
18
11
4
-4
2
-1
-2
-6
-16
-10
-9
-6
0
-15
-15
-4
-16
-24
-17
-18
-17
-27
-25
-15
-31
-14
-17
-19
-9
-12
-4
-29
-19
-15
-19
-4
-12
-26
-15
2
-10
-16
-6
1
5
0
7
19
12
25
25
33
33
20
15
27
41
19
26
30
37
18
21
40
21
16
19
31
24
12
8
9
-2
-9
-17
-15
-15
-31
-19
-19
-19
-22
-13
0
-10
-14
-18
0
-14
-21
-3
-6
4
-3
1
11
9
13
17
21
20
4
6
12
14
9
-4
13
8
7
10
2
-3
-13
-26
-29
-20
-20
-35
-32
-13
-25
-22
-25
-23
-30
-30
-12
-10
-10
-13
-2
0
3
0
2
-9
9
12
5
6
-9
-1
-2
-6
-9
2
1
4
1
0
3
-2
-10
-9
5
15
20
18
25
30
24
24
25
34
30
26
24
28
22
17
31
22
13
5
-4
-5
-7
6
2
7
5
-6
3
-2
-1
-3
1
6
3
9
-4
-3
-2
0
0
-22
-10
-11
-24
-29
-35
-23
-25
-29
-29
-32
-35
-42
-34
-25
-28
-20
-10
-7
-1
8
3
14
16
6
14
8
22
18
8
4
3
16
16
27
30
23
19
13
27
13
-4
8
-5
4
-1
-6
-6
-7
-9
-18
-26
-34
-26
-34
-30
-43
-32
-29
-29
-10
-17
-5
-9
-4
0
4
4
6
1
9
32
38
26
31
29
19
31
29
35
35
32
29
28
19
19
23
13
6
3
4
2
-2
-5
-9
-4
-3
-7
-6
-18
-3
0
-7
13
9
9
14
-3
-13
1
1
-2
5
1
-1
-1
-8
-4
-4
-6
-16
-9
3
-9
-4
-15
-11
-16
-19
-7
-5
-5
-18
-10
-6
-1
7
4
1
-4
-7
-7
-12
-6
0
-5
-7
-3
-3
-16
-22
-19
-6
-22
-19
-15
-19
-19
-12
6
-2
2
0
0
-7
-19
-14
-11
-6
3
1
6
10
15
26
19
20
12
13
15
5
-1
1
9
13
19
20
22
6
0
17
12
7
28
25
15
24
24
10
13
21
14
18
11
9
-5
1
3
-8
-1
0
3
-4
0
4
6
-11
-19
-16
-9
-6
-3
-10
-12
-1
-20
-20
-21
-12
-8
-7
-2
-15
-7
12
10
-3
14
16
11
3
13
9
-3
16
10
25
22
12
10
-9
-10
-13
0
-11
-27
-21
-25
-28
-53
-51
-35
-46
-40
-29
-29
-28
-35
-22
-22
-20
-7
-12
1
1
0
-3
-7
3
10
16
30
40
24
3
18
24
11
19
13
17
24
14
20
20
41
40
24
40
29
16
14
23
19
19
22
13
7
8
14
0
3
-9
5
-1
-23
-13
-19
-3
-3
-2
2
-6
-11
-10
-10
-18
-17
-16
-22
-25
-8
-12
-17
-8
-16
-20
-9
-3
-4
-3
-4
1
-7
-13
-9
-4
-10
-19
-17
-19
-9
-5
-7
1
-3
-7
2
20
20
21
16
4
13
9
16
7
9
22
16
20
14
14
9
17
19
12
15
3
-2
6
13
10
16
18
10
6
0
-7
-2
3
1
-1
-6
-20
-28
-24
-31
-35
-32
-35
-33
-24
-19
-23
-14
-3
0
-7
-19
-16
-13
-23
-21
-15
-10
-7
-10
-5
2
10
3
-2
0
0
6
18
17
22
28
26
13
10
28
32
31
32
26
12
13
12
18
34
22
18
6
-3
-1
-3
6
11
13
6
-2
-7
-10
4
0
0
3
-5
3
-2
-1
-2
-10
-7
-4
1
-1
-2
2
-1
-7
-3
-17
-13
-6
-15
-9
2
-3
-8
7
8
15
8
-1
3
16
9
-5
12
10
-4
3
3
-6
-6
-5
1
-4
-9
-14
-30
-31
-31
-38
-29
-16
-35
-40
-21
-24
-34
-28
-26
-35
-21
-16
-15
-27
-19
-16
-19
-1
-3
10
9
9
14
18
30
28
7
11
28
32
35
18
36
35
42
50
55
59
45
49
33
31
18
34
34
7
12
3
3
12
16
1
0
8
-1
0
0
-9
-7
-8
-11
-20
-17
-2
-21
-22
-22
-29
-30
-34
-26
-21
-3
-6
-13
-10
-22
-18
-20
-13
-19
-30
-28
-26
-21
-25
-23
-13
-7
2
-3
0
-4
7
10
-10
9
14
8
2
10
3
-2
15
16
19
5
0
4
2
0
0
-3
1
-4
-4
3
-6
-6
3
0
-2
0
-4
3
-1
4
11
19
15
10
21
20
18
22
23
23
17
24
26
16
14
3
10
13
17
6
7
15
12
9
-8
-7
-23
-17
-20
-22
-18
-14
1
-23
-12
-14
-23
-13
-12
-9
-22
-26
-15
-8
-4
-3
4
10
5
10
0
-3
-3
3
-6
-10
1
-2
-9
-22
-4
6
0
0
-4
-13
-13
-3
-6
4
3
1
1
-9
-3
9
10
11
13
10
10
13
16
9
1
-3
2
2
-3
6
0
-6
1
-1
-2
4
-4
-5
-4
-1
-1
-8
-6
-6
-4
1
-6
-15
4
15
10
-3
11
21
11
21
23
37
32
22
45
32
23
28
17
24
8
7
13
13
16
-6
3
-3
-3
-7
-24
-13
-29
-30
-24
-16
-9
-25
-40
-50
-44
-35
-26
-32
-31
-26
-16
-24
-31
-22
-28
-28
-20
-10
-3
-6
-7
1
-10
3
9
14
20
26
27
15
20
6
16
17
15
22
10
12
15
18
24
20
11
20
11
6
1
3
7
-6
3
6
6
0
1
-1
-4
-3
12
20
0
7
16
13
3
8
15
10
9
13
22
11
19
8
-1
7
-4
4
6
2
-7
-9
0
-6
-5
-4
-7
-4
-3
-3
-6
-14
-21
-12
-10
-14
-7
-15
-12
0
-2
-10
-16
-6
-28
-42
-28
-25
-31
-29
-21
-32
-20
-15
-20
-18
-22
-10
-16
-10
-3
-3
8
-1
10
15
3
3
-4
5
11
15
21
28
35
24
22
14
21
25
24
32
19
34
42
19
16
25
27
11
8
12
-3
-7
2
3
8
18
1
-3
13
16
7
-6
3
-3
-5
-14
-12
-11
-19
-4
4
4
6
-2
-14
-8
-6
-5
0
-2
-2
-9
-17
1
-3
-6
5
7
-1
-3
-4
-24
-19
-19
-30
-27
-16
-25
-36
-34
-24
-28
-35
-20
-23
-16
-24
-24
-14
-11
-3
2
3
7
14
15
6
7
23
22
13
13
13
22
19
4
5
6
13
19
21
23
28
28
19
30
26
22
25
29
34
26
14
11
30
15
16
27
15
17
2
-1
-1
-1
1
-17
-11
-9
-13
-24
-26
-22
-51
-50
-44
-41
-35
-29
-35
-35
-29
-36
-29
-34
-33
-29
-11
0
-9
-4
0
13
15
9
12
15
16
15
16
19
23
13
18
21
10
12
22
14
2
10
8
15
13
10
19
-5
-4
7
7
10
2
5
1
8
18
16
12
21
22
6
12
7
10
3
3
3
-3
3
0
3
-6
-4
-20
-29
-10
-14
-19
-24
-34
-29
-23
-26
-19
-19
-29
-29
-25
-23
-29
-23
-10
-11
-2
1
-4
-6
3
0
-1
2
3
11
3
9
17
21
22
17
13
10
12
16
17
2
8
12
4
15
27
26
13
19
18
2
-9
-13
4
-4
3
-6
1
10
-5
4
-2
13
17
10
-1
0
1
1
2
10
10
7
2
-7
-6
-18
-9
-9
-5
-5
-10
-19
-21
-19
-22
-3
-6
-19
-12
-7
-24
-31
-35
-23
-25
-32
-3
-6
-18
-13
-16
-14
-10
0
8
9
6
19
32
24
15
15
30
27
27
29
30
34
32
31
41
35
18
13
3
16
10
-3
3
-3
-9
-12
-25
-22
-16
-12
-25
-19
-12
-16
5
0
-2
-3
2
-6
-14
-5
-15
-12
-19
-9
4
-4
9
9
11
13
-5
-2
-8
-7
-9
-3
-3
-9
-11
-9
12
1
1
13
23
28
26
26
18
12
-1
-4
0
-6
-11
-9
-26
-36
-29
-28
-31
-28
-20
-28
-23
-21
-23
-9
-2
3
-3
2
0
-5
9
12
10
17
18
11
12
16
16
7
19
16
7
14
13
19
13
23
14
9
13
13
12
8
12
13
14
22
16
-7
3
0
-12
-20
-3
2
-10
0
-12
-20
-16
-8
-12
-9
-15
-10
-20
-19
-1
-12
11
1
-3
6
-3
0
-1
6
9
1
4
1
-4
-1
3
5
-4
-2
-2
-5
-12
-16
-15
-6
-10
-19
2
4
8
9
-10
2
-1
6
12
-13
-9
-12
-9
-17
-9
3
-2
3
-6
1
-12
-14
-1
-1
-3
3
15
21
20
27
29
22
36
37
34
34
44
23
15
19
12
11
1
8
-2
-2
-9
-11
-18
-38
-38
-34
-38
-37
-37
-47
-49
-54
-45
-28
-22
-23
-11
-9
7
6
6
19
11
19
11
8
11
13
14
18
24
23
16
18
14
-6
2
6
0
3
3
-2
7
3
-3
0
-6
0
10
12
1
7
7
-6
-4
3
5
-10
0
7
1
0
0
-3
-7
-1
-1
8
16
9
-7
-9
-4
7
7
-3
7
12
17
-1
9
4
-3
3
-3
3
1
10
1
0
7
3
1
-6
-6
0
-4
-16
-10
-5
1
5
6
-3
2
0
-7
-4
-6
3
-5
-9
-3
-6
-8
-19
-20
-7
-10
-18
-17
-16
-26
-31
-26
-16
-28
-26
-9
-9
4
-3
-3
-13
-21
-9
-13
-3
-4
-3
1
-1
13
12
20
27
21
18
13
4
9
9
16
16
6
21
9
6
12
12
13
25
22
8
31
31
16
12
20
19
10
23
23
17
4
0
3
2
4
-3
2
3
1
7
15
7
0
17
13
6
5
6
11
-4
7
2
-15
-8
-12
-4
0
3
0
-19
-23
-27
-32
-25
-24
-36
-42
-42
-50
-48
-44
-29
-34
-48
-28
-25
-5
-7
-23
-19
-7
7
-4
2
1
5
5
5
14
6
-7
-3
0
-9
-6
3
1
3
13
2
5
7
17
11
9
25
25
31
28
24
32
48
39
37
37
37
13
10
17
7
2
-8
3
-2
-1
-2
-1
-10
-15
-19
-32
-27
-17
-9
-11
9
11
9
-4
3
13
6
9
21
28
13
25
4
0
9
-4
-7
-3
0
-3
5
-4
-4
-1
-2
0
-4
9
10
-1
-4
-1
6
9
0
-1
-4
-13
-17
-14
-12
-17
-20
-21
-25
-23
-22
-20
-19
-19
-16
-19
-9
-9
-10
-15
-25
3
-3
-9
7
7
6
7
10
6
0
-3
0
-3
-1
2
-5
4
0
3
10
4
-7
-7
3
0
4
6
-2
7
-4
-11
-1
3
7
-3
13
14
6
-1
-8
4
-4
0
15
23
2
2
16
6
11
25
34
25
21
15
21
26
23
34
22
21
25
22
10
8
16
7
22
19
2
7
-5
-6
-4
-7
-13
-19
-18
-31
-38
-43
-39
-40
-32
-27
-33
-29
-45
-52
-38
-43
-47
-32
-34
-10
-12
-15
-5
-3
0
-6
11
12
18
15
15
16
18
26
23
22
22
21
18
20
22
19
24
28
14
16
13
13
13
18
18
22
17
9
8
-5
1
-2
18
12
5
0
-2
12
-9
-2
1
-5
-10
-7
-21
-29
-26
-20
-16
-26
-5
-3
-13
-10
-5
-7
-13
-5
4
-6
-15
-11
5
-9
-12
-3
-8
4
-10
-16
-26
-26
-25
-16
-10
-15
-7
-7
-3
-2
1
3
13
13
26
27
37
21
18
37
28
43
35
31
17
14
26
16
0
-2
2
0
-6
-9
-7
-14
-7
-8
-13
-26
-20
1
-3
-11
-6
6
0
4
14
9
10
1
-3
1
-7
-12
-7
-6
2
-5
-19
-10
-15
0
-3
-15
-8
2
14
8
20
23
10
3
16
20
18
12
26
28
9
21
17
0
-5
-5
-10
1
0
-7
-12
-1
1
-11
-16
-29
-23
-25
-31
-25
-28
-31
-10
-5
-18
-17
-18
-28
-24
-10
-16
-11
-4
-7
-8
-23
-12
-1
-7
0
-3
0
7
20
19
10
4
13
21
10
12
13
18
22
20
32
31
24
27
17
16
7
14
19
21
21
22
30
18
19
8
6
4
15
12
6
8
-9
-9
-9
-10
-20
-12
-20
-22
-20
-29
-31
-37
-23
-18
-14
-23
-16
-9
-16
-5
-8
-8
3
9
-2
-4
-7
-7
5
20
25
12
12
18
19
15
18
22
28
28
26
21
-2
0
-2
-2
0
0
-2
-8
-19
-12
-18
-31
-28
-26
-30
-37
-18
-15
-5
-18
-26
-25
-25
-10
-17
-10
-13
-12
-18
-8
7
-6
-6
3
-1
9
13
9
22
18
21
9
14
30
24
39
42
32
27
24
13
9
10
3
0
7
-2
-3
6
3
-5
-9
-6
-6
-11
-21
-20
-18
-8
3
3
-6
-10
6
-1
0
5
12
16
5
11
-3
1
5
3
6
5
15
1
-2
1
6
0
5
12
4
5
3
3
3
9
10
0
3
16
9
-10
2
11
-4
-12
-20
-15
-38
-35
-16
-25
-23
-28
-26
-26
-17
-32
-25
-17
-19
-13
-25
-19
-12
0
-3
-2
13
23
19
31
22
12
22
32
37
29
27
15
14
16
19
16
20
9
-3
14
8
-4
2
3
-1
-12
-13
-3
-26
-18
-1
-12
-18
-10
-10
-7
-15
-15
3
-10
-12
-15
-17
-23
-23
-4
8
9
4
-2
3
14
4
11
7
-4
1
3
5
0
-3
6
4
3
8
9
-3
0
3
3
13
11
8
7
22
16
3
22
20
16
25
9
-4
4
6
1
-6
-15
-16
-27
-28
-16
-16
-16
-22
-1
-6
-4
0
-19
-5
1
-8
-7
4
0
7
13
5
-2
1
15
22
21
15
7
9
20
17
18
27
13
0
6
5
3
2
4
6
-7
-7
-7
-7
-5
-23
-25
-32
-35
-29
-32
-23
-30
-25
-22
-9
-6
-12
0
-2
-2
-15
-3
-5
2
3
3
7
-3
4
-14
-16
1
2
2
11
2
1
-5
11
10
3
15
-1
0
2
22
20
12
17
26
19
14
24
19
7
-3
16
16
6
0
13
3
-4
3
12
17
2
6
8
1
4
6
7
2
1
10
-2
6
-10
-1
4
-8
-4
-9
-2
-7
-2
-9
-6
-16
-22
-16
-37
-42
-16
-16
-15
-6
-10
0
-13
-12
-22
-27
-22
-25
-16
-11
-4
-9
-17
-10
-3
1
-4
-7
2
-4
-5
2
16
14
-1
16
29
34
19
16
28
10
8
3
7
30
26
29
25
26
19
22
33
29
34
15
8
-6
-9
-7
-16
0
1
-3
-1
2
0
-6
3
-8
-9
6
0
2
3
7
12
3
5
12
22
21
19
9
12
3
-4
4
3
9
3
-3
-4
-5
-12
-19
-28
-35
-45
-51
-50
-45
-41
-42
-51
-53
-46
-45
-58
-64
-54
-65
-67
-76
-54
-45
-53
-28
-44
-46
-22
-8
1
1
26
23
10
26
32
28
29
54
34
32
50
53
60
53
66
50
48
59
60
60
50
53
51
44
55
56
54
62
57
50
52
60
57
48
55
48
33
37
51
54
37
43
47
35
29
16
16
10
15
4
-20
-12
-19
-26
-24
-22
-32
-37
-32
-29
-39
-38
-34
-48
-44
-40
-50
-65
-61
-61
-61
-58
-66
-73
-75
-68
-92
-103
-87
-104
-88
-76
-96
-109
-122
-111
-114
-110
-90
-88
-78
-85
-73
-50
-37
-24
-31
-16
3
2
4
6
25
35
14
-2
2
-1
-24
-33
-45
-70
-92
-98
-90
-98
-108
-107
-82
-72
-79
-42
11
42
45
99
175
203
267
337
379
400
438
492
521
536
550
580
581
574
570
559
533
468
423
366
275
176
100
53
-26
-101
-170
-240
-287
-325
-369
-428
-467
-492
-528
-560
-570
-565
-564
-574
-507
-413
-349
-291
-239
-194
-189
-190
-193
-145
-58
-1
19
32
57
49
42
63
64
79
107
28
-79
-38
28
-43
-167
-184
-121
-192
-268
-192
-76
-89
-222
-256
-190
-110
-67
-36
-40
-44
-61
-33
42
48
70
24
-94
-270
-318
-233
-318
-527
-646
-596
-606
-646
-539
-414
-312
-280
-224
-80
76
240
397
498
453
479
759
1186
1443
1577
1719
1845
2048
2308
2490
2341
2189
2096
1945
1655
1369
1417
1333
945
396
54
23
-155
-423
-689
-991
-1356
-1646
-1553
-1467
-1684
-1877
-1878
-1898
-2070
-2001
-1570
-1315
-1401
-1546
-1495
-1173
-814
-511
-413
-414
-269
-133
-101
-136
144
487
241
-177
-13
587
659
250
254
458
245
-231
-160
348
202
-380
-551
-319
-410
-713
-515
-205
-442
-904
-845
-421
-433
-693
-561
-313
-361
-531
-303
123
264
168
75
242
523
769
880
850
927
1034
965
909
1124
1414
1259
817
718
849
678
196
-10
46
-270
-715
-745
-396
-237
-388
-250
31
130
132
400
629
434
257
342
720
949
1105
1478
1872
2129
2281
2532
2615
2522
2430
2216
1828
1511
1418
1314
907
258
-192
-381
-580
-904
-1233
-1528
-1819
-2045
-2131
-2173
-2317
-2513
-2684
-2729
-2803
-2798
-2480
-2149
-2080
-2268
-2276
-1773
-1212
-1013
-997
-786
-369
-264
-525
-457
27
152
-286
-514
-84
379
317
182
429
567
173
-126
202
551
257
-173
-139
29
-110
-266
12
337
138
-167
95
507
546
413
450
522
439
328
465
750
801
715
626
698
875
1123
1303
1230
1198
1195
1134
1024
1062
1307
1078
649
586
699
656
282
176
162
-129
-553
-670
-351
-361
-627
-658
-557
-495
-415
-97
177
32
22
182
331
349
361
864
1185
1081
1139
1516
1911
1985
1938
1900
1760
1558
1363
1315
1209
866
533
207
-122
-420
-631
-896
-1264
-1450
-1756
-2142
-2296
-2230
-2171
-2516
-2847
-2888
-2744
-2652
-2709
-2495
-2386
-2508
-2469
-2123
-1638
-1344
-1056
-809
-667
-462
-279
-78
79
196
347
278
264
523
899
1029
773
857
969
765
691
763
1006
747
249
269
431
433
170
352
618
323
107
294
698
655
397
438
536
476
297
426
650
548
439
436
619
781
855
971
1059
1019
817
854
902
1076
1120
837
677
635
793
697
559
534
531
419
77
94
112
-123
-291
-455
-681
-1017
-1233
-1190
-1176
-1277
-1413
-1268
-931
-833
-620
-206
2
80
132
164
294
485
693
846
998
1092
1361
1742
1893
1933
1839
1719
1607
1480
1195
893
620
248
-125
-576
-899
-1148
-1473
-1690
-1981
-2172
-2289
-2438
-2250
-2232
-2432
-2548
-2495
-2292
-2308
-2129
-1820
-1695
-1666
-1647
-1255
-1019
-851
-544
-330
-39
-2
189
527
695
767
861
816
703
861
953
1135
1019
915
1070
994
1027
1035
1322
1309
823
833
891
977
771
592
815
541
321
127
285
517
129
246
235
342
325
76
492
404
471
358
194
571
448
537
466
328
323
154
374
365
387
386
175
268
223
72
-81
-136
-169
-391
-500
-637
-523
-439
-682
-778
-855
-789
-1092
-994
-907
-1212
-1055
-1292
-983
-736
-724
-459
-340
-4
-7
328
597
530
703
678
1006
1091
1108
1418
1520
1724
1701
1893
1919
1629
1572
1499
1434
1061
656
553
315
-144
-671
-929
-984
-1288
-1476
-1432
-1593
-1656
-1619
-1801
-1653
-1822
-2071
-1715
-1567
-1303
-1224
-1028
-770
-933
-805
-744
-590
-481
-494
-301
-15
42
-42
201
214
154
81
178
369
202
202
273
438
462
229
496
677
493
561
541
722
705
547
584
340
278
103
167
260
63
-13
-156
39
37
-38
-71
-128
-127
-146
16
-6
256
316
133
95
209
357
351
473
406
309
366
296
467
671
543
488
417
690
539
509
562
324
581
218
251
366
364
434
111
239
132
50
237
100
183
8
-319
-224
-272
-295
-282
-304
-401
-292
-185
-46
89
21
161
-59
23
268
191
376
298
448
623
527
687
591
592
517
359
383
95
-119
-325
-389
-578
-889
-828
-952
-1094
-1385
-1356
-1275
-1430
-1258
-1330
-1332
-1219
-1247
-973
-833
-966
-814
-952
-721
-685
-679
-218
-559
-254
-301
-295
64
-325
-82
-306
-322
-314
-450
55
-88
55
33
-193
97
61
271
487
576
728
520
764
856
804
923
738
757
671
784
772
767
712
431
412
397
497
362
449
293
446
399
162
531
291
667
377
249
749
292
498
561
414
621
178
313
486
308
556
115
630
456
256
583
228
873
294
552
555
302
705
279
620
348
437
398
281
486
-37
55
70
-330
-156
-813
-663
-698
-1257
-813
-1377
-945
-1097
-1270
-903
-1048
-760
-917
-811
-619
-552
-540
-597
-480
-275
-325
-157
34
173
367
378
414
663
417
236
183
-192
-144
-637
-699
-729
-1020
-992
-1137
-1115
-1055
-1062
-877
-821
-896
-785
-884
-706
-699
-689
-670
-752
-717
-610
-408
-276
-204
-260
-62
-75
203
141
313
540
244
757
392
984
815
753
1492
925
1725
948
1718
1835
1344
1878
948
1934
1051
1198
1189
938
969
228
775
129
583
-212
197
131
-251
171
-470
261
-502
-122
-186
-323
-10
-408
310
-59
-60
374
66
486
73
214
560
107
237
17
391
43
-48
-84
218
-53
-3
137
-81
428
-589
406
-235
-14
-50
-746
511
-856
21
-285
-496
171
-1105
-62
-971
-1085
-679
-1750
-656
-1840
-1463
-1293
-1994
-934
-1787
-990
-1053
-1309
-341
-615
-285
-224
-299
181
61
170
554
426
924
801
882
1310
949
1401
1206
1303
1328
742
909
300
437
288
-332
89
-421
-188
-386
-673
-91
-822
-433
-742
-594
-295
-825
-267
-489
-153
-623
-370
-275
-385
-225
-501
246
-395
129
-241
164
438
-167
764
-11
890
355
560
1200
411
1160
465
870
1005
529
1050
654
469
483
-68
573
188
-125
206
-479
107
-325
-188
176
-334
157
-510
-14
48
-360
268
-603
210
-283
-81
219
-129
787
-263
668
-11
595
703
91
890
-395
553
-274
208
310
-243
270
-692
295
-235
-158
201
-154
136
-187
-60
245
259
145
316
-290
379
-90
-101
427
-630
233
-965
-431
-525
-1334
-254
-1950
-838
-1925
-2175
-1099
-2519
-924
-2188
-1306
-955
-1467
250
-692
727
346
338
1315
571
1456
1089
1161
1525
947
1789
1806
1661
1977
1306
1740
1390
1225
1322
473
576
-193
-161
-130
-1119
-621
-1062
-1227
-1256
-1708
-827
-1392
-1369
-1177
-1148
-496
-876
-471
-177
-238
-547
-541
-47
-175
-374
-354
-19
174
-40
283
553
773
486
291
969
645
888
374
663
739
32
621
371
907
406
199
466
106
80
-230
-15
-186
-264
-398
-344
-122
-326
-90
-340
-382
-305
-347
135
-107
-92
97
-75
368
161
568
633
378
739
544
681
709
684
681
779
264
675
513
826
581
209
678
63
766
119
394
356
-122
262
-277
5
-176
-354
-236
-797
-549
-627
-675
-504
-1327
-921
-1308
-1561
-1474
-1925
-1438
-2418
-2163
-2039
-2347
-1821
-2385
-1217
-1176
-609
28
538
1941
1164
1847
1961
2445
2385
1860
2618
1819
1931
1645
1912
2505
1690
1651
1839
2042
1551
750
545
-13
-1041
-1808
-1991
-2202
-2681
-2768
-2689
-2586
-2712
-2625
-1869
-1779
-1776
-1614
-851
-507
-423
82
262
454
225
630
808
896
663
850
1264
748
838
851
1416
1115
772
1305
713
861
476
540
1033
-8
391
88
522
602
-24
790
-103
-12
-496
-146
161
-819
-585
-874
-267
-500
-696
-451
-515
-151
-446
-123
357
-186
443
-3
267
361
-200
921
-22
889
438
572
944
445
1013
396
546
309
738
416
368
-319
258
-31
-294
60
-610
461
-474
-18
-214
-289
-223
-652
-173
-784
-553
-663
-783
-689
-1310
-1550
-1867
-2522
-2133
-2958
-2979
-3134
-3032
-1694
-1831
-592
-126
1075
2230
2609
3735
3565
4024
3952
4209
4624
3479
3387
3396
3628
3650
2571
2453
1865
1628
1340
723
-126
-1772
-2631
-3189
-3879
-5024
-6104
-6485
-6080
-6227
-5789
-4972
-4210
-3188
-2620
-1446
-528
151
1047
1792
2222
2178
2149
2618
2600
2766
2581
2622
2441
2145
2441
2367
2345
1198
944
139
-226
-648
-1141
-496
-1504
-1175
-958
-453
275
-235
668
903
576
470
223
726
-19
-722
-860
-859
-708
-1090
-414
-193
-295
-541
-373
423
70
-199
-267
-114
-397
-944
-304
20
-117
-189
26
926
891
956
1278
1094
1017
544
833
1050
469
137
223
237
121
-88
117
153
-173
-37
-5
444
-57
-95
-324
-852
-1128
-1738
-1689
-2988
-3306
-3884
-4257
-4158
-4775
-3481
-2868
-1667
-293
587
3248
4672
6095
6964
6335
6619
6632
7094
7082
5049
4080
3931
4744
6164
4302
3094
1527
1006
1663
-495
-1850
-5074
-6831
-7367
-9107
-9220
-10824
-11284
-9972
-9069
-7130
-6163
-4104
-944
316
1687
1798
3251
5206
5228
5500
4336
4063
3440
2614
2589
1578
1087
191
-621
-681
-459
-961
-1737
-2884
-3528
-3652
-4088
-3195
-2541
-2204
-2492
-1799
666
2201
2632
2890
4266
4740
3987
4021
4406
3904
1673
290
593
248
-1010
-1722
-1017
-1473
-2837
-2645
-1460
-967
-2072
-2262
-1038
-723
-1036
-433
938
1616
900
1219
2654
3072
2884
2375
2504
2006
1418
1547
1310
1015
233
127
-224
-834
-488
-152
-775
-1797
-1201
-291
-420
-1090
-934
373
-440
-1787
-1675
-2011
-2934
-4725
-4863
-4065
-5004
-4524
-1930
975
2013
2864
5887
9259
10298
9259
8032
6639
6255
5685
5841
2483
-477
373
2703
5711
1940
-259
-1202
-838
59
-2931
-4824
-9001
-10637
-9982
-9652
-9002
-12156
-11258
-6826
-4546
-2351
-2883
1286
5104
3792
3963
3576
5652
5017
2929
3467
1738
422
-172
333
744
-2430
-2369
-995
-1988
-2678
-4001
-3025
-4031
-6022
-4310
-3073
-3633
-2614
568
2840
2830
2759
6675
7581
5077
5090
6319
6501
2654
1646
4093
2911
669
-220
1073
397
-3062
-2124
-1324
-3625
-5870
-5738
-2770
-3104
-4319
-1823
677
1074
1300
3747
5883
4550
3291
3918
4252
2213
243
654
61
-1312
-1740
-349
275
-737
-236
608
472
-73
365
1011
-379
-1004
299
534
519
-474
602
252
-1962
-1754
-2596
-3209
-6684
-6439
-5905
-5313
-4332
-2153
2918
1864
5184
7442
13026
12333
8630
7750
4662
7666
4359
5256
-452
-3318
-158
3134
6736
-954
-4418
-5650
-2453
-2570
-7640
-11399
-14071
-12625
-10487
-8552
-7332
-8551
-6267
404
3887
4548
2677
6611
9254
5451
2228
2677
5049
2150
-61
1484
1766
-338
-1199
1005
666
-4141
-4484
-2746
-4410
-7256
-7680
-4363
-4631
-6490
-3173
386
730
1835
4652
6888
4500
3321
5939
5562
3537
2521
4705
4515
1579
2866
4349
3466
1138
-628
-397
-3283
-4842
-3371
-5115
-6890
-7339
-4392
-1406
-811
1359
3455
3554
3307
5265
6143
4487
1796
1278
1798
296
-844
-829
-523
-1578
-2497
-1731
-721
-1175
-1627
-1729
-1096
-446
361
2133
1949
2019
2618
3900
3789
2686
1800
1184
-56
-2721
-3150
-5228
-6421
-8199
-8336
-7064
-6743
-3466
-153
3839
5291
7506
11564
14961
12966
9049
5663
5713
6221
3843
2871
-2314
-942
959
6334
6027
-2712
-6074
-7176
-3264
-7452
-12614
-16368
-16416
-12338
-9837
-4627
-4161
-4625
680
6668
10184
6953
4100
7420
5582
1364
-2591
-90
1145
-1965
-1467
112
3379
623
-107
829
-2589
-4805
-5570
-4798
-5843
-8171
-6882
-4165
-1621
-570
563
1391
1668
4968
4521
4385
2457
1923
4046
2677
5322
5287
5705
4630
3750
5581
2090
1162
-2606
-5269
-5977
-8989
-5128
-5275
-6519
-4248
-2614
2854
3277
4228
6057
3881
3695
3262
4902
1982
-1917
-252
1409
1410
-1403
-1463
-135
-1948
-3109
-2005
-1568
-2847
-3161
-688
1507
1800
2660
4867
5289
3432
3151
4022
3211
530
-1503
-2012
-2956
-4860
-5527
-6122
-7700
-8680
-7154
-3587
-1288
1438
3944
7549
10014
12736
16535
14261
10587
3967
4981
7322
5116
865
-5393
1301
2756
5294
2481
-4998
-6204
-12032
-5784
-7579
-15576
-19015
-17722
-5150
-4518
-4312
-1104
-481
5876
5869
8146
5493
-451
2601
1097
-981
-4158
-3173
393
175
1871
3544
4453
2821
-375
-3226
-4761
-4374
-4807
-8413
-9329
-3587
310
519
1026
2583
3534
-272
1013
4764
633
-4021
-4066
1670
3520
1303
4027
7879
6329
3124
4280
5977
1735
-6055
-6317
-3483
-3964
-6465
-4992
730
129
-1376
1856
6234
4379
-565
2534
6312
1418
-2579
1920
5480
812
-3636
2279
4980
-1769
-5995
-2681
-334
-5467
-5396
-1123
529
-568
2729
8905
6571
4173
4521
7076
3922
-793
453
-1566
-2828
-5272
-2131
-2176
-6990
-7277
-6670
-4819
-9526
-6935
-2898
1263
2977
5862
14281
14303
16655
14887
14737
7109
2315
5367
4641
1347
-8378
-1677
3722
8274
4313
-5587
-6895
-11245
-4515
-8758
-14209
-18241
-20188
-5653
-2165
748
-1559
-3845
7598
8614
6103
-946
-4785
76
-3934
-4377
-4520
-4017
-857
-920
4772
6227
4043
3884
-704
-4615
-5356
-4001
-1026
-5458
-8332
-653
3478
5815
5180
3224
3023
-2934
-132
4001
-81
-5494
-6442
2435
5927
2645
3196
6808
5412
1022
-605
2965
-698
-9134
-6703
-2294
2472
-1876
-1301
5210
2228
2806
3663
4655
-88
-4894
1880
5937
1924
-1140
3108
5509
1440
254
2605
515
-8256
-9746
-3802
-3964
-6812
-6355
-799
2117
1964
6557
9291
6681
3872
4533
6823
4495
17
343
-5
-370
-599
-1480
-2444
-7155
-7864
-8072
-9970
-12497
-10865
-5034
-936
3236
7432
14106
15232
17341
18369
14917
7653
-2692
1945
3403
1202
-4077
-7269
4825
7329
10363
4083
-5510
-8829
-13723
-6918
-10492
-16979
-20170
-12589
2836
3770
2445
1357
3537
5298
823
-2168
-6274
-9906
-8092
-5604
-2357
-1651
568
5362
6821
7964
7065
5304
360
-7200
-9362
-5208
-1507
-2502
-5909
-2435
6629
8681
6477
3192
879
-1532
-4551
-679
1300
-2642
-4295
701
8988
8375
3738
4103
4280
862
-3713
-3166
-1657
-6085
-8793
-3805
3746
4987
930
1728
4206
2817
394
-563
64
-2863
-2507
3974
7047
4141
1185
5150
6410
280
-3816
-3065
-3990
-9355
-10334
-4501
-2257
-5069
-3704
2750
6233
3925
3402
5126
4565
2759
3418
5758
4220
948
736
2861
1448
-2470
-5192
-7817
-8227
-10392
-9739
-9385
-8668
-2091
3389
10021
10001
14024
15446
17108
14607
6675
3259
-6569
588
1894
4332
-2447
-5170
9145
11381
13263
-4577
-10760
-13466
-13189
-9361
-14288
-13610
-14446
-2386
7426
8811
4515
-908
-751
2070
-2270
-10693
-14948
-9912
-1861
-3267
-1933
1762
6922
5231
3723
7431
4615
-745
-6352
-7193
-5862
-4600
1392
3793
-1061
-280
6466
9488
2331
-5673
-3467
-2042
-3138
585
5824
5904
470
4024
12296
8053
-2094
-6279
-788
-871
-7317
-6320
-472
1241
-1842
1751
8397
7194
-317
-584
3443
2017
-2605
-3078
1540
300
-461
4187
7802
2713
-3940
-621
3013
-794
-5801
-4145
-2158
-5366
-5494
-296
459
-4813
-6091
-154
3266
383
133
2819
4409
4954
6248
7875
4077
664
1329
893
-1956
-6413
-6954
-7243
-8243
-5216
-4761
-5513
-5927
-915
6912
7725
7614
8964
13761
14437
11661
9367
5487
-1130
-3600
1614
5070
457
-7363
170
9456
10656
-1675
-9404
-6342
-10511
-10445
-9072
-5037
-9389
-9504
3883
9638
3540
-5277
-4102
639
-3658
-10270
-9368
-7131
-3623
-3033
714
3774
1676
2145
1482
3931
3537
535
-2235
-6056
-5362
-1189
2536
2305
-2300
-2883
2886
4067
-57
-3655
-3139
-1102
-1956
2360
8255
6859
2584
1879
7616
6907
-768
-3973
-3646
-1220
-2513
-2265
747
-950
-1966
307
5563
6208
282
-850
2858
4909
2845
-490
1445
2650
1035
2048
3135
2420
-2710
-3870
114
277
-1615
-2775
-674
-681
-3545
-2450
-571
-1506
-5450
-5895
-277
1565
484
-261
1490
5011
4837
4595
3409
862
-213
-380
192
-2037
-5934
-6485
-5310
-3819
-4009
-5656
-5209
-3014
2583
6144
8246
9897
10585
12000
11743
13482
8546
655
-5784
-2331
3091
922
-2130
-5290
3245
6356
8216
1793
-8819
-11154
-11307
-3435
-6294
-9262
-8005
-855
6640
2117
-118
-1289
-5989
-8626
-9416
-7369
-7072
-8241
-1763
1387
3301
2718
2521
2510
-1787
1139
3780
3617
-1091
-5025
-495
4155
4684
775
-4731
-3458
649
-618
-4046
-6182
-1368
1725
1387
4338
7399
8045
3392
2266
4062
2064
-1583
-2808
-270
70
-1622
444
2597
-87
-3314
-750
4756
3384
-883
295
5105
6238
2720
1269
1963
917
-395
-628
285
-482
-2240
-595
656
1235
740
779
324
-2511
-3668
-2536
-2482
-4842
-4761
-1312
1816
182
145
1778
2185
1689
683
2948
118
-2842
-771
1965
1058
-4422
-4618
-1595
-2343
-5378
-5910
-3552
-2966
-2536
2928
8176
10149
9761
11400
13177
11340
7906
4299
27
-6274
-3412
766
3878
-2297
-4564
6130
9720
7455
-7663
-10018
-8025
-9300
-6347
-7025
-3120
-4246
1528
7071
852
-4430
-6618
-4971
-7752
-14884
-10343
-2968
533
555
-1155
4327
4006
163
-2796
-2930
2145
3069
3107
2091
-579
767
4037
5077
-389
-8769
-5749
996
-422
-5524
-5150
3314
5292
1049
2231
6510
5162
-149
-849
3332
2460
-2012
329
3751
2925
-2396
-1306
2917
-987
-4112
-1297
6556
5571
300
3953
8372
6184
-1906
-2702
1781
2
-3967
-3019
3525
3943
-1230
-746
2701
3035
-798
-1902
-120
-2018
-3560
-1455
504
-1105
-3004
457
2660
-628
-3385
-1999
1627
678
-792
-120
-155
-289
-408
821
-2104
-5462
-5322
-2462
-1757
-6051
-5314
-3006
-253
202
2258
8230
9213
9650
9183
11265
11223
6801
3688
-1887
-1672
264
2236
2307
-3368
1273
5441
7432
1370
-9160
-8676
-8525
-3947
-5139
-7114
-3415
17
4530
-1907
-7366
-5208
-5787
-7054
-10770
-9607
-3798
-707
4359
2199
-1611
-587
1076
1010
-4093
-2616
4344
6628
4662
822
132
960
480
-362
-5130
-7714
-3597
409
-147
-2018
1223
5925
3513
-581
1639
4591
2658
-1572
-3
4508
3641
1863
2301
3435
755
-2678
-856
-1222
-3154
-2282
3569
7694
3048
1669
5438
6555
705
-5212
-2014
1490
186
-1586
1492
5835
2944
-168
-240
164
-876
-2653
-1156
-904
-1635
-647
918
202
-1858
-1306
-338
-1122
-2587
-1440
647
339
627
1521
1463
-814
-1320
1221
-780
-4291
-4664
-928
-202
-4474
-5443
-3545
-1924
-4203
-2423
3906
7159
7242
7169
11283
11727
8798
5236
2922
-1295
-4026
181
4554
3716
-2942
2829
9809
9397
-726
-10186
-6704
-7278
-5726
-7557
-6790
-3153
-1217
2852
-3628
-9076
-8775
-8152
-6949
-10250
-8419
-2563
1395
5953
3219
1115
127
-1748
-676
-1481
1779
4577
3759
5301
3318
525
-1230
-2655
-1673
-5405
-6226
-675
-9
-1170
-1478
3523
7688
-351
-3276
460
5942
5091
-1659
1944
4955
5264
2715
704
1777
-1864
-2143
27
-431
-1291
-247
5750
7510
1962
-134
1708
2946
-1169
-4959
-1554
2225
2456
878
2626
4542
1174
-2291
-3096
-537
395
-1295
-343
672
2195
1202
-1186
-1987
-2831
-1380
-1734
-2254
-1400
271
2058
1406
459
-37
-499
-442
-51
-570
-1397
-2638
-151
1916
608
-4144
-6149
-2513
-2720
-3608
-5173
-327
4325
5031
7443
6643
8023
5339
5775
6681
2609
-979
-4272
2543
5561
4583
384
-51
6825
6129
1413
-6805
-6459
-4863
-5370
-4208
-6609
-6263
-3963
175
-1473
-9013
-9223
-7414
-6638
-5110
-3692
-809
-2136
1870
6942
3676
-2755
-6441
-1087
3238
2840
3740
4364
4207
1989
-968
-1400
-4058
-5588
-5300
-3218
1314
2586
1526
985
2464
3637
-271
-4545
-2903
1395
4609
3554
3518
4857
3443
1619
660
1363
-116
-2180
-236
2932
3820
3362
4277
4828
1020
-1354
104
611
-2652
-4628
918
3705
2031
198
1452
3085
-774
-2341
-2258
-1709
425
2044
2491
71
-1267
689
-165
-2984
-3381
-933
828
-1413
-579
2437
2474
-573
-2611
433
1838
-851
-2589
-980
2625
2217
493
336
-1616
-2630
-3729
-3201
-4803
-5451
-2598
-632
750
-259
3578
6278
5497
2823
3596
6737
4469
3570
1459
-1900
-754
5123
6608
2860
-769
1063
3775
3870
-1583
-8337
-7329
-8224
-4547
-3495
-6449
-5444
-829
3179
-4181
-7262
-6584
-7514
-4698
-2249
-466
-1970
-776
5011
4269
-480
-2498
198
3055
-197
795
4733
3418
714
-1747
-1503
-2323
-3675
-1501
-183
-11
2883
5315
3058
-2371
-3678
576
-543
-3132
-1709
2491
6244
4337
3696
3214
1054
-668
-249
3617
1616
-514
3317
7746
6869
1108
612
1279
-675
-3042
-3285
-1683
-3208
-1673
2917
3251
210
-1252
1490
-24
-3875
-3010
-733
583
-660
541
2196
386
-541
-921
-1398
-2261
-2252
1422
2239
339
-875
495
3089
769
-682
-698
254
189
322
2859
2328
413
-378
-312
-1340
-3715
-4372
-2168
-2775
-3513
-2578
-1011
213
-1582
346
2539
3816
3271
2238
4522
6316
5921
3118
1344
533
1964
3241
4013
-601
-3733
166
3220
1147
-7553
-8497
-5637
-3630
-2203
-3553
-3421
-2996
-851
-654
-5516
-7377
-7102
-4512
-270
1224
2083
-294
1856
3433
1074
-1796
-3921
-1800
-1615
2218
7002
5936
2322
-397
205
-1596
-4056
-1013
1001
-257
15
3951
4850
-1134
-4689
-1401
88
-2871
-2597
2182
5204
2153
1848
4906
4009
-239
-1358
4883
7330
4483
3216
4226
4249
-508
-3381
-2448
-3066
-4448
-3011
1029
2939
1018
1058
1508
-884
-2735
-3108
-2573
-3712
-3133
1444
4140
3199
1640
951
-591
-4501
-5378
-3141
-1907
-1560
-241
3460
4553
2549
1046
867
-43
-1306
-956
1251
1749
1050
2437
2875
1497
-1452
-1804
-695
-1921
-2001
-1003
590
1022
-108
-317
-1673
-2177
-1546
-910
-948
-1215
2005
5045
4461
1815
1022
1707
442
-1998
-3466
-3353
-2627
-1242
2081
3618
1210
-109
2250
2635
-2157
-5361
-3537
-770
-1851
-2034
1487
3061
-305
-3998
-2402
-312
-2980
-6337
-5084
-1446
85
-828
244
1841
789
-1680
-2308
-421
-475
-1510
-246
3350
4640
2116
264
661
561
-1159
-1431
558
914
-273
-494
587
95
-2083
-1347
1277
3368
3120
2721
4315
5305
4535
3228
2513
1762
245
-140
566
703
479
-67
350
-164
-1294
-1387
-1326
-1309
-1463
-694
-29
-774
-342
601
536
114
-478
-942
-2391
-2824
-1373
-339
-958
-1425
-309
1718
1814
646
976
1584
1828
263
-132
980
974
43
-517
857
912
-811
-1187
408
1354
-577
-1844
-158
1289
1583
1391
1793
1985
811
408
233
-84
-149
87
402
-547
-2516
-3380
-3149
-2907
-3632
-5104
-4854
-3938
-3413
-2669
-1487
-697
-1648
-2426
-1414
-1056
-1078
-871
774
3097
3736
3790
2814
2731
2768
2789
3370
3423
3361
2032
1287
2287
2679
1930
266
-654
-718
-1320
-1059
-1407
-1888
-1692
-1028
-48
-548
-850
-1154
-1747
-2353
-2985
-2729
-3080
-3329
-1634
806
1585
188
-798
695
2053
1907
1379
1272
1762
1976
3389
3889
2741
1556
1075
2059
1533
342
-13
487
851
148
251
760
259
-989
-1314
-883
-1309
-1948
-1279
-773
-2137
-3660
-3375
-2552
-2725
-2399
-1303
-635
-211
300
1077
1589
2032
2435
2045
1210
998
1777
2203
1717
707
728
1009
507
-235
-620
-14
157
438
678
659
1226
1421
1457
982
473
463
-16
-116
166
613
280
-916
-1833
-2321
-2465
-3079
-3366
-2885
-2147
-2042
-2134
-1829
-1548
-1160
-1082
-1153
-1342
-1267
-1313
-2223
-2103
-495
835
641
204
1366
2754
3497
3547
3066
2615
3216
4225
3712
2292
1205
653
360
919
1735
1243
-302
-1029
-747
-650
-1063
-1571
-2064
-2490
-2110
-1276
-1183
-2243
-2882
-2194
-1098
-1296
-2141
-1981
-1001
547
1851
2138
1102
275
1052
2332
2438
1601
485
74
970
1862
1728
550
-817
-1017
52
1101
1197
980
1690
2005
1492
699
-243
-1394
-2176
-1823
-1482
-2402
-3134
-2258
-1390
-1182
-1554
-1280
-1247
-1516
-734
421
731
442
1443
2617
2725
1796
1244
378
-645
-593
228
901
168
734
2087
1988
770
-3
872
843
173
817
1275
810
355
1492
2814
1791
-196
-1061
-1274
-1851
-2294
-2436
-2213
-1786
-851
-135
-652
-1386
-1067
-600
-1089
-2154
-2432
-1414
-1024
-940
-1399
-1201
-680
-1125
-1526
-2125
-1735
-1215
-327
1162
2127
1889
1661
2621
3073
3209
2861
1888
778
990
2742
3387
3118
2419
1834
1634
1319
892
-273
-1139
-1587
-1312
-777
-674
-1504
-2494
-2334
-2016
-1957
-2835
-2802
-1880
-712
250
500
723
-4
-277
573
1052
242
-835
-182
1531
1891
1059
174
-264
-790
-1018
-408
-110
167
581
1129
1214
1029
988
164
-1197
-2093
-1809
-844
-1066
-1531
-764
355
899
-49
-773
-497
182
948
840
305
-195
58
1385
1730
482
-972
-1011
313
942
1020
1149
926
330
-155
-206
8
-490
-509
363
1484
2145
1513
1394
1016
598
79
-990
-1351
-1468
-904
-486
-578
-225
-98
160
186
-260
-323
-292
-263
-167
205
125
-524
-666
-448
-1042
-1838
-1711
-1837
-2384
-2330
-1380
-720
-1061
-1096
-656
-97
-19
-834
-1161
-940
-558
-152
349
1180
1448
1797
2633
3614
3948
3301
2278
1464
1640
2460
3180
2957
2349
1740
1959
2253
1221
-414
-1385
-954
-1082
-1461
-1516
-1360
-1153
-1043
-500
-817
-1701
-2113
-1667
-871
-791
-663
-556
-880
-1329
-1154
-366
-445
-1290
-1441
-344
786
886
261
13
-738
-1872
-1950
-1076
-439
-1240
-1524
-615
412
1357
1201
209
-572
-147
1048
950
115
-25
951
1726
1284
515
38
-30
-377
-549
-180
114
247
196
574
856
738
315
26
219
193
606
662
427
450
838
968
-196
-769
-259
118
-571
-1296
-654
286
401
29
37
93
-212
-468
-289
202
225
-89
10
154
166
-13
-511
-963
-1221
-335
589
303
-151
-106
362
78
-689
-768
-566
-763
-1435
-1678
-1072
-818
-1108
-1186
-801
-495
-394
-354
-226
323
1398
2244
2240
2251
2577
3246
3457
3551
3580
2832
1832
1055
1696
2447
1965
1265
502
547
828
944
697
-862
-1503
-1410
-1293
-1302
-1706
-1707
-1998
-1982
-1796
-2099
-2093
-1962
-1675
-1526
-2039
-1843
-1560
-1638
-1676
-1587
-911
-1579
-2181
-1556
-965
-624
-889
-617
-599
-917
-237
748
925
15
-171
1125
1928
1367
680
809
887
697
596
712
702
707
1230
1273
1240
837
800
700
-220
-616
-776
-380
-552
-661
-121
-182
-486
-670
-274
124
105
10
-325
-553
57
929
1322
1099
946
1497
1503
810
245
364
571
70
-25
363
574
146
-242
-58
200
35
-318
-435
-635
-171
763
1087
452
502
1467
1469
439
-344
-32
-100
-770
-1217
-1363
-1643
-2034
-1646
-875
-673
-852
-698
-550
-380
-137
416
748
320
-66
41
664
946
844
797
1335
1907
2080
2134
2110
2299
1948
1435
1146
1193
1303
1185
773
97
22
-28
-225
-962
-1424
-1313
-1622
-1791
-1967
-1722
-1734
-2241
-2225
-2036
-2048
-2135
-1963
-1701
-1799
-2133
-2278
-2484
-2360
-1590
-767
-587
-803
-320
154
137
-79
94
411
167
376
1194
1797
1957
2174
2592
2732
2255
2088
1966
1102
474
634
1061
551
-130
242
417
-565
-1351
-1217
-1152
-1810
-2197
-1755
-1489
-1301
-617
260
356
22
307
827
913
662
913
1140
776
705
1209
1619
746
38
657
1070
625
-282
18
403
-54
-55
155
486
382
955
1755
1153
385
150
370
335
-2
80
-44
-440
-206
222
501
178
-225
69
56
-171
-202
-18
-264
-907
-884
-584
-590
-825
-1075
-941
-597
-675
-417
-26
308
400
-140
84
197
399
604
569
1138
1142
1073
939
809
654
217
171
270
261
305
442
508
513
-22
-332
-440
-726
-1225
-1768
-1385
-1450
-1749
-1477
-1302
-1435
-1998
-2173
-1915
-1964
-1973
-1977
-1692
-1057
-1032
-983
-952
-569
374
724
836
780
1330
1991
1542
1072
1184
1622
1362
900
1185
1572
1294
544
422
887
774
-267
-915
-995
-873
-898
-978
-786
-904
-634
-137
-13
-261
-716
-689
-280
-86
-59
-13
69
78
-6
238
176
302
712
716
867
950
1337
1412
1195
1364
1608
1769
1186
874
1096
1077
923
583
314
-152
-452
84
531
400
191
106
421
404
77
33
-321
-309
-122
324
462
-20
-96
-118
-270
-968
-1186
-639
-538
-589
-362
-122
105
3
251
448
-97
-328
-376
165
110
-487
-283
-125
9
-317
-419
-77
-114
143
72
-37
-201
-255
292
-7
-516
-635
-343
-39
-311
-204
-357
-727
-554
-628
-765
-1317
-1592
-1303
-1234
-1313
-1507
-1433
-1349
-1081
-703
-282
-292
-360
-99
-195
-493
-520
-482
-576
-193
594
946
712
449
499
773
431
277
91
118
446
652
1159
939
900
902
904
1038
918
870
474
57
313
606
513
-25
-403
-74
-96
-139
-291
-389
-573
-655
-43
200
-49
-343
75
696
669
516
510
408
318
445
650
584
171
266
1037
1168
852
814
1111
1052
759
1173
1213
907
741
909
1010
666
419
289
255
-97
-467
-624
-886
-949
-644
-319
-406
-561
-432
-310
-470
-677
-432
-202
-311
-677
-700
-536
-693
-861
-698
-313
-142
-298
-381
-86
-195
-220
-523
-626
-527
-658
-581
-712
-276
-84
214
191
-34
-12
-207
-200
-486
-407
-306
-215
-60
129
126
82
94
-312
-470
-393
-52
-232
-795
-880
-622
-582
-887
-1229
-1261
-1011
-829
-505
-648
-742
-485
-247
-121
-366
-303
67
381
664
841
1086
1198
1198
1035
920
780
366
443
646
1003
1122
1059
1155
1075
908
567
219
15
68
81
301
330
235
176
-5
-32
-395
-563
-526
-536
-482
-454
-161
-192
-256
103
394
473
251
322
792
928
1049
967
1030
1263
1144
1261
836
717
847
828
693
118
30
44
-23
-77
-14
-137
-458
-477
-293
-539
-871
-849
-687
-560
-575
-562
-417
-136
-177
-387
-316
-296
-417
-368
-369
-533
-770
-482
-615
-934
-585
-173
93
-205
-162
-3
-193
-273
-205
-319
-273
-207
-212
-57
122
423
303
613
716
583
568
201
22
-259
26
-76
-340
-276
-424
-480
-637
-462
-715
-1234
-1408
-1198
-1203
-1497
-1499
-1261
-790
-646
-575
-322
-46
44
-62
169
380
87
200
388
552
617
515
826
798
1035
1111
1133
1216
877
768
745
864
773
780
863
940
851
657
315
-7
-21
-171
-167
-393
-480
-461
-266
-179
-246
-103
17
118
-65
-53
24
202
258
354
295
176
350
305
340
354
499
617
423
443
463
570
659
495
376
174
382
255
-257
-472
-390
-176
-325
-338
-482
-284
92
153
81
-444
-298
-244
-389
-516
-670
-172
-218
-260
-113
-12
-61
-185
-99
-220
-329
-374
-170
-86
-245
-272
-173
-133
-327
-351
53
219
42
98
385
391
382
279
-14
-91
-8
36
-107
-148
134
235
8
-41
-389
-552
-801
-873
-887
-1126
-792
-808
-574
-301
-378
-447
-682
-902
-967
-807
-721
-1111
-1056
-724
-610
-423
-400
-271
-118
130
257
431
582
658
819
1023
1024
1139
1301
1034
1087
1231
1212
876
705
861
600
443
335
291
573
487
431
531
648
484
226
122
-17
129
103
39
-68
-118
-110
-43
41
-186
-433
-221
-111
-98
121
151
300
357
404
296
40
26
-46
-298
-255
-140
92
19
-54
239
264
458
25
-316
-31
-22
-41
-221
-223
-169
-496
-351
-449
-552
-353
-427
-288
-370
-401
-293
-284
-158
-368
-263
70
-59
-95
-158
172
385
344
196
253
467
272
114
83
294
142
-93
-87
-106
-73
49
-122
-118
-24
-119
-207
-440
-537
-451
-200
43
-160
-339
-69
-38
-94
-131
-226
-349
-383
-450
-353
-385
-340
-407
-581
-630
-560
-208
-384
-373
-395
-72
-65
-320
-176
-181
107
70
47
-36
-127
68
188
277
76
75
288
340
259
296
573
748
688
677
734
493
650
684
634
548
477
597
434
429
262
221
274
191
119
240
249
303
475
428
306
19
73
-4
-317
-230
-187
93
181
52
225
227
319
139
-197
-204
-108
36
-2
-165
-62
-75
-9
-77
-354
-494
-621
-358
-276
-252
-292
-242
-173
-341
-275
-323
-243
-302
-276
-14
-35
2
107
174
3
-113
-25
-57
-21
49
150
165
28
21
50
129
57
-252
-265
-203
-196
-223
-278
-129
-131
-186
-258
-153
-41
-104
-107
-131
-90
-242
-206
-197
-199
-88
-12
170
-87
-191
-3
164
17
-228
-127
16
90
29
126
235
218
139
67
-60
-200
-368
-353
-254
-322
-193
-93
-80
-107
-76
133
221
201
312
336
401
578
667
525
459
565
505
466
285
339
271
131
189
156
322
191
140
158
-5
89
154
106
-118
-281
-87
-222
-371
-484
-431
-228
-307
-107
-162
-255
-304
-309
-127
-267
-229
48
165
49
-209
-137
-93
-70
-42
-128
8
10
43
-30
-90
1
-10
-59
7
16
114
471
531
430
406
415
440
156
-42
152
104
42
103
254
452
347
344
213
-114
-7
0
35
48
-6
60
24
113
20
-69
-177
-200
-201
-169
-239
-512
-385
-271
-351
-400
-324
-226
-289
-282
-102
-22
-59
-191
-237
-197
-267
-330
-231
-107
-176
-132
-25
-219
-454
-416
-320
-444
-500
-409
-338
-215
-129
24
198
330
222
111
228
294
460
512
457
485
531
526
376
260
229
265
290
296
410
480
426
344
392
369
293
328
241
84
61
98
-2
-104
-176
-266
-291
-307
-363
-469
-538
-472
-408
-335
-353
-446
-410
-253
-177
-334
-373
-230
-168
-182
-190
-169
-207
-171
-123
-222
-180
-40
11
-26
-33
104
218
151
215
359
419
314
275
317
354
516
486
371
328
431
389
321
307
398
419
452
428
308
436
399
407
303
274
238
143
136
208
247
31
-41
-105
-170
-178
-273
-254
-257
-267
-229
-242
-209
-433
-483
-388
-351
-414
-463
-332
-378
-356
-311
-259
-344
-478
-441
-477
-523
-543
-419
-319
-398
-304
-332
-383
-369
-275
-79
-64
7
54
188
273
273
326
241
161
123
120
239
250
266
263
277
377
281
320
407
336
301
324
341
340
301
346
404
312
139
93
109
52
-53
-12
52
-65
-186
-297
-256
-288
-210
-193
-190
-216
-283
-39
-75
-118
-143
-154
-182
-268
-196
-68
-107
-173
-92
-101
-138
-252
-310
-393
-259
-143
-217
-149
-41
57
38
99
126
142
152
183
238
254
287
350
539
540
546
544
473
405
326
469
449
346
262
164
278
237
136
28
-66
-30
-58
-11
48
44
76
87
47
-31
-130
-78
-9
4
-170
-166
46
13
-62
-160
-110
-255
-422
-434
-366
-216
-284
-326
-325
-256
-216
-179
-257
-375
-279
-260
-98
-37
-45
-1
-148
-123
-91
-105
-200
-268
-124
33
70
35
36
117
161
165
119
75
55
-2
177
150
91
89
-41
19
-12
16
74
36
17
-74
51
102
70
-18
-76
-11
-23
47
-161
-95
-39
-62
-97
-243
-123
-216
-192
-111
-17
-54
-13
13
27
31
-145
-111
-104
61
-6
-70
16
5
52
76
85
16
2
21
78
48
71
143
161
234
205
197
97
106
304
375
432
247
290
341
361
332
138
226
100
36
97
198
116
38
50
172
146
11
-10
-115
61
4
44
22
-10
52
52
92
-35
-1
-25
-5
-56
-77
-34
-209
-186
-151
-57
31
-56
-53
-121
-69
-33
-95
-85
-57
-113
-140
-166
-183
-170
-244
-227
-238
-146
-176
-171
-104
-106
-87
-35
6
-16
47
-43
-106
-176
-68
-24
-47
-59
-170
-55
-175
-109
-108
-172
-22
-96
36
-99
-75
66
-32
59
-7
41
-126
-251
-96
-49
-25
-70
-106
-38
-3
-52
27
5
-35
-59
-22
5
-168
-91
-27
-18
-67
-6
163
57
73
-36
-12
58
37
123
74
80
-31
53
96
88
63
-21
32
43
156
102
212
300
324
410
357
345
241
200
268
314
307
295
241
263
225
169
128
84
65
102
154
125
199
154
145
88
8
106
-4
-34
-127
-224
-12
-79
-11
-23
-70
-73
-174
-156
-87
96
64
138
96
135
23
-79
-17
-127
-209
-296
-185
-260
-251
-254
-279
-290
-226
-126
-142
-73
-63
13
22
10
-87
-69
-104
-270
-238
-274
-232
-235
-189
-130
-230
-143
-119
-212
-149
-98
-28
60
-9
29
32
-14
-121
-141
-108
-201
-115
-68
31
-16
37
102
33
89
15
63
74
20
7
35
131
65
-8
2
-61
-67
-29
-21
-51
-17
52
89
64
-43
-43
29
106
63
-75
-48
0
-33
-12
10
15
-1
91
142
207
172
114
208
298
310
128
109
70
102
205
112
61
49
131
231
167
171
145
244
381
210
191
158
168
159
82
76
83
200
154
128
99
27
92
212
215
22
19
141
248
358
274
161
154
133
22
-31
-47
-47
-96
-170
-168
-208
-193
-243
-249
-230
-276
-226
-140
-57
-220
-300
-257
-266
-252
-445
-445
-440
-403
-431
-478
-341
-464
-351
-341
-346
-390
-363
-146
-150
-69
-178
-128
-196
-210
-80
-75
63
-43
-38
69
98
123
111
144
56
-21
57
194
214
136
136
122
145
108
114
152
94
98
145
192
145
144
215
229
82
78
130
154
213
199
229
179
70
60
148
85
34
37
112
183
140
161
203
143
50
18
-41
30
-22
-34
24
-7
-27
-61
3
17
-13
-119
-133
-78
25
10
-45
-38
-117
-67
5
40
29
-11
49
110
91
97
40
144
180
151
134
74
202
198
233
166
131
162
85
155
150
97
160
164
110
45
25
132
27
-10
-32
-43
20
-62
-66
-56
-113
-220
-203
-258
-243
-283
-324
-260
-398
-355
-316
-307
-322
-443
-428
-393
-316
-329
-342
-266
-280
-250
-248
-165
-173
-220
-174
-110
-48
-48
-46
-51
-46
-56
-4
-2
19
-36
36
156
131
91
88
158
81
160
182
154
109
116
213
183
215
144
152
152
119
183
217
211
146
161
157
164
173
153
159
165
227
238
164
112
131
133
139
126
106
102
114
81
68
77
-2
21
-7
-6
-13
-59
-11
-5
29
-3
-54
-32
-14
21
15
-5
18
21
45
126
120
56
44
15
31
72
34
-64
-114
-3
40
-11
-70
-93
-44
-41
-44
-46
-110
-142
-101
-35
10
-59
-90
-75
-75
-27
-75
-68
-121
-187
-146
-161
-163
-215
-217
-227
-201
-175
-167
-218
-255
-191
-193
-162
-224
-179
-116
-93
-95
-126
-46
-59
-48
-53
-36
-15
5
-3
50
89
28
45
67
107
127
173
98
137
185
154
190
128
117
88
158
141
145
148
82
142
165
215
87
38
77
56
47
16
25
26
9
32
54
31
44
20
91
49
4
32
-6
23
6
70
56
13
-26
-23
38
0
32
-16
-18
-19
-27
9
-25
-3
-28
-43
-20
8
6
-1
26
53
41
64
101
104
79
37
92
50
53
63
67
64
7
25
-41
-9
13
-6
2
-22
-43
-63
-71
-97
-76
-102
-100
-95
-119
-124
-153
-139
-118
-154
-189
-154
-125
-133
-139
-122
-131
-142
-149
-99
-86
-118
-101
-101
-105
-111
-93
-89
-43
-67
-52
-26
-41
-3
-34
8
12
9
8
-8
16
38
107
113
96
83
104
127
121
138
158
145
150
174
169
177
156
138
146
116
116
135
136
150
88
91
109
85
75
44
72
42
35
38
50
64
22
23
-34
-26
-7
-29
7
5
-4
-4
-21
-50
-47
-54
-67
-68
-73
-99
-136
-90
-102
-92
-47
-57
-41
-72
-49
-66
-54
-16
-32
-4
0
14
13
-1
-38
-26
-17
-20
-16
-36
-18
25
48
12
-6
-6
-4
-23
-14
-4
-38
-26
-29
-28
-36
-9
-10
-46
-66
-78
-14
-42
-28
-10
-18
-36
-31
22
-38
-35
-44
-9
16
-3
-21
-39
-12
-62
-29
-9
-8
-13
-37
-9
-20
-34
-34
-19
-47
-81
-28
8
-9
-38
-25
4
29
63
40
64
63
53
64
86
119
88
93
97
128
120
123
117
89
120
107
103
63
52
85
41
46
56
54
91
46
29
31
25
44
13
-12
0
-8
-8
-16
-6
-6
-7
0
-16
9
-13
-6
-9
1
11
-31
-38
-35
-54
-59
-42
-57
-19
-24
2
-4
-14
-13
-54
-23
-13
-11
-53
-30
-27
-37
-23
-27
-32
-38
-37
-44
-37
-84
-29
-14
-35
-42
-51
-48
-53
-54
-93
-66
-105
-122
-92
-89
-92
-70
-48
-88
-103
-59
-63
-92
-62
-59
-30
-19
-37
-18
4
0
-3
9
53
56
14
56
28
41
51
22
58
54
64
26
32
54
42
9
33
57
35
64
70
85
76
91
85
90
87
63
73
103
91
67
92
61
52
74
88
34
35
67
70
80
57
62
66
66
45
33
32
9
34
34
16
35
18
1
-26
19
-9
-23
-42
-52
3
-39
-4
-21
-19
-34
-34
-49
-51
-2
-16
0
-36
-28
-43
-24
-39
-38
-24
-61
-39
-75
-42
-32
-42
-48
-91
-92
-85
-44
-54
-85
-59
-32
-59
-51
-32
-20
-26
-26
-22
-88
-28
1
-24
-33
-16
5
-21
-3
-22
-18
-33
-25
-20
-16
10
-39
-79
-88
-84
-61
-41
-84
-104
-84
-59
-56
-56
-56
-43
-25
-7
6
-5
19
3
13
3
9
24
44
59
23
46
67
73
96
112
105
102
100
110
79
81
91
104
91
73
92
80
94
91
88
98
98
99
117
91
81
85
78
74
76
76
64
96
86
41
55
53
23
54
37
44
43
37
6
-20
28
6
12
-35
-48
-44
-70
-74
-106
-101
-106
-117
-126
-100
-104
-99
-79
-61
-52
-95
-99
-85
-66
-53
-51
-21
2
-34
-38
-12
-4
-9
-10
-31
-44
-25
-55
-33
-55
-45
-23
-83
-72
-60
-58
-54
-63
-63
-55
-81
-50
-44
-75
-59
-60
-25
-32
-10
-6
-11
-31
-26
16
-6
33
17
28
24
-16
12
-1
9
6
-22
2
-34
-53
-18
-20
13
-12
-2
10
15
50
38
86
82
57
73
36
70
98
72
115
98
117
113
98
123
79
101
80
55
50
34
47
28
40
39
15
28
44
57
61
31
53
51
35
37
4
35
64
46
48
27
41
52
23
36
11
22
28
22
26
18
3
-35
-36
-34
-28
-40
-35
-48
-46
-31
-37
-52
-38
-8
-59
-56
-75
-72
-51
-48
-32
-72
-85
-69
-55
-72
-66
-54
-32
-60
-98
-94
-46
-34
-67
-45
-66
-52
-69
-72
-53
-71
-65
-69
-44
-44
-49
-16
-36
-38
-13
-39
-38
-26
-21
-21
-36
-34
-24
2
-7
-19
14
12
35
18
8
29
17
37
38
32
34
27
16
7
16
32
16
13
28
8
28
37
48
82
69
76
76
89
88
70
73
46
66
64
58
67
63
49
74
54
21
63
56
66
40
59
66
54
71
57
57
40
53
36
9
4
21
-5
-18
13
-8
2
17
10
6
18
16
-18
-25
-9
-18
-31
-22
-18
-28
-26
-30
-36
-35
-13
-32
-54
-45
-59
-58
-79
-87
-69
-100
-80
-60
-91
-77
-42
-32
-63
-70
-63
-30
-38
-48
-12
14
-10
-29
-12
-29
-27
1
24
-4
-14
-29
-28
-36
-35
-24
-23
-13
-42
-15
-25
-15
-6
-8
1
-10
22
11
22
18
1
0
6
31
26
19
19
12
25
22
-2
0
-3
-20
-37
-2
28
37
15
-26
-7
21
18
26
46
9
4
32
50
36
20
12
13
31
40
38
39
56
40
31
15
46
58
37
9
19
51
27
41
53
28
45
57
28
38
59
63
43
52
28
28
47
14
21
5
12
7
-19
6
-7
-19
10
-2
-22
-12
12
6
-6
-24
-50
-51
-48
-57
-55
-42
-49
-53
-60
-45
-54
-54
-45
-50
-57
-57
-44
-43
-5
-14
-13
-19
-24
-28
-22
-10
-35
-30
-49
-47
-14
-4
-24
-16
-19
-54
-66
-45
-33
-48
-38
-10
-10
-22
-8
16
16
-1
35
43
47
33
23
23
20
9
2
34
12
15
15
-1
-14
-13
-14
4
-5
-23
8
32
38
24
40
36
42
34
53
45
48
51
38
47
15
41
26
25
36
15
23
33
20
16
18
31
29
20
12
-18
22
5
-18
-14
-22
-9
-25
-15
-31
-32
-24
-41
-23
-22
-33
-15
9
-10
-25
-19
2
-14
-5
6
-5
16
-1
15
0
3
20
26
21
18
28
20
38
40
38
12
18
4
6
1
6
22
4
33
9
9
19
-3
2
9
6
16
9
4
-6
-9
8
-10
6
-30
-36
-25
-54
-28
-51
-45
-63
-72
-64
-64
-76
-97
-63
-79
-82
-71
-50
-42
-63
-66
-68
-56
-42
-17
-12
3
-1
-9
-7
0
23
12
16
28
28
27
31
54
55
31
24
31
69
56
51
62
57
82
54
58
43
44
35
28
60
49
40
40
43
20
45
40
13
6
21
35
35
30
22
25
31
48
15
0
-13
-9
-17
-12
16
-8
-8
-22
-23
-31
-28
-30
-58
-39
-34
-33
-34
-24
-31
-35
-37
-48
-25
-21
-4
-34
-41
-27
-53
-35
-19
5
0
-13
-20
-21
0
-6
12
13
5
-1
-7
7
3
0
-5
-16
0
8
24
-1
-10
9
5
34
16
-3
17
22
12
16
2
10
0
-6
-7
-23
0
-22
-5
10
3
4
6
3
-18
-9
-6
8
3
-3
-13
0
-8
-12
2
-19
-6
-28
-16
3
-3
4
-3
-8
10
26
17
31
28
28
2
-2
-3
-19
-15
-28
0
-11
-7
20
11
6
5
24
49
29
13
23
32
39
28
38
12
-1
6
11
13
-13
-15
-19
-3
-12
-25
3
19
25
3
-2
12
17
16
-3
7
25
28
35
29
26
16
7
24
11
15
27
19
6
-16
-22
-37
-29
-13
-19
-38
-32
-24
-38
-42
-51
-53
-40
-33
-42
-30
-36
-38
-48
-35
-16
-29
-14
-56
-54
-30
-27
-13
-30
-22
-41
-39
-23
-42
3
3
-1
16
12
6
-19
15
8
22
19
2
15
21
31
5
27
26
12
27
32
25
10
27
39
41
49
41
36
34
41
42
38
45
50
68
45
46
47
44
47
35
57
31
19
7
8
10
15
19
-19
4
-3
9
8
-22
2
19
12
3
0
-21
-13
-1
-2
-9
-5
-6
-15
-38
-50
-40
-47
-45
-48
-61
-60
-54
-85
-104
-84
-78
-65
-47
-45
-24
-29
-22
-11
-28
-17
-26
-19
-9
0
0
0
2
0
12
13
37
19
19
10
-13
10
30
40
60
44
41
49
16
55
47
22
22
2
6
9
-6
-13
-6
15
20
1
20
19
24
3
-19
-25
-10
-17
-60
-40
5
-3
-25
-22
-24
-33
-30
-12
-33
-18
6
12
3
2
34
-1
-20
4
10
-10
-1
4
-1
-11
-2
-1
-10
0
-8
-4
26
43
32
22
18
44
43
51
57
38
50
53
49
52
55
46
28
50
49
19
39
41
34
20
26
38
26
6
7
12
-3
-5
-26
-32
-20
-11
-24
-31
-28
-41
-44
-49
-51
-22
-31
-44
-39
-44
-36
-40
-40
-38
-51
-46
-32
-33
-18
-3
-11
-9
-6
-12
-38
-50
-38
-26
-17
-45
-19
-19
-43
-44
-50
-17
-35
-32
-29
-32
-30
-47
-32
-19
-6
-8
-14
12
-3
9
14
1
36
22
42
51
63
69
60
67
69
78
54
50
55
40
30
38
48
33
35
54
27
44
54
12
5
10
-10
-2
10
-23
-9
-1
-10
-6
-5
0
-10
-16
-18
-25
-26
-16
-22
-14
-5
3
6
12
18
12
6
3
15
5
6
12
6
9
14
-6
-2
-5
-8
9
-1
-7
-18
-26
-25
-25
-24
-13
-12
10
-3
-26
-19
-15
37
41
32
27
16
14
18
51
57
59
67
69
59
29
23
1
13
24
2
6
-15
-11
-9
-28
-38
-44
-42
-50
-69
-82
-85
-81
-110
-95
-72
-82
-79
-75
-62
-88
-83
-80
-53
-38
-36
-7
-6
-3
-21
1
12
28
34
22
30
24
24
11
5
-2
12
26
10
18
36
22
-7
-9
5
4
-7
-9
-1
0
-12
-16
9
28
26
38
37
66
77
52
66
56
64
76
74
95
87
93
99
67
59
73
86
55
25
35
-2
-5
12
16
20
1
-10
-18
-16
-25
-17
-19
-14
-21
-51
-34
-41
-46
-45
-41
-29
-29
-47
-41
-38
-37
-30
-50
-38
-29
-6
1
5
9
-7
-13
-13
-6
-19
-3
-6
-15
1
8
1
4
10
1
14
-13
-6
5
-10
-14
-31
-36
-19
-19
-13
-16
-32
-12
-24
-8
1
0
6
-13
-8
-3
3
-12
4
4
-1
12
9
1
-25
-34
-18
-14
-12
14
-3
0
35
39
14
-6
16
10
-13
5
2
-6
-10
-9
-27
-54
-32
-33
-18
-13
-9
-13
-20
-12
-13
6
-8
7
20
6
7
5
15
16
-7
8
22
15
16
19
37
31
37
55
46
21
35
38
29
47
51
46
25
49
38
16
38
39
37
44
38
29
31
32
30
20
22
29
10
-10
4
14
11
0
9
9
17
7
-11
7
-6
2
-5
-6
0
-11
-13
-9
1
-7
-27
-37
-32
-30
-54
-65
-68
-58
-57
-75
-78
-66
-67
-80
-76
-94
-78
-52
-46
-54
-43
-32
-30
-19
-38
-35
-16
-15
-22
-13
-17
-3
-7
6
16
-10
13
16
25
43
48
31
39
53
25
22
39
22
13
44
43
29
18
39
45
25
32
29
45
41
-1
9
5
8
5
-7
27
17
22
12
5
6
-4
-5
-6
4
-10
-10
-17
-9
-13
-3
-4
-7
3
-12
3
12
28
16
8
6
15
28
12
22
32
16
10
15
11
-6
4
23
19
9
14
20
6
17
-16
-24
-10
0
7
-17
1
-5
1
6
0
-9
13
21
-2
-4
-5
1
1
22
10
-13
-12
-10
-5
-23
-29
-28
-27
-26
-40
-24
-17
-20
-29
-31
-14
-1
10
2
-17
-18
7
3
-16
-28
-14
3
-4
-16
-10
-5
-7
1
-12
-3
6
3
6
-2
0
1
-1
-9
-26
-13
-13
-10
-6
-20
-12
-26
-25
-25
-27
-19
-15
-15
-25
-26
-39
-48
-16
3
-9
7
1
7
23
2
-2
15
21
15
16
36
26
20
43
49
55
51
66
57
37
36
37
69
58
51
44
54
59
42
46
34
28
19
20
24
22
7
10
20
15
17
-2
-8
-3
-5
-12
-22
-22
-18
-12
-7
-6
-13
-9
-7
1
6
-26
-28
-15
0
-2
-19
-8
-13
-17
-29
-38
-45
-54
-40
-54
-72
-68
-69
-82
-85
-85
-79
-85
-96
-83
-73
-63
-51
-17
-19
-16
23
3
6
33
28
23
28
51
48
60
83
59
82
89
72
59
70
92
60
52
57
43
19
21
18
17
26
29
0
-9
14
7
3
-5
10
-13
-8
10
-2
-12
-4
-10
-22
7
-8
-1
-12
-21
-24
-29
-17
-30
-40
-34
-25
-31
0
-23
-46
-38
-70
-44
-50
-53
-32
-50
-23
-16
-29
-26
-38
-19
-9
-16
-11
-1
16
14
32
31
31
34
33
37
38
60
47
68
43
30
60
43
56
55
74
62
38
50
67
60
52
63
48
41
38
43
45
24
20
30
34
4
-6
-4
-23
-40
-43
-47
-72
-54
-69
-75
-84
-92
-66
-67
-80
-101
-89
-95
-92
-87
-70
-63
-65
-63
-66
-28
-45
-38
-19
-15
-5
-28
6
-2
-16
0
-12
-2
13
30
31
34
28
20
38
50
62
70
72
71
56
65
56
49
67
49
69
59
43
49
27
41
48
53
46
28
1
13
14
6
15
-4
7
-8
-20
-28
-18
-8
-16
-9
-31
-31
-32
-29
-32
-41
-33
-40
-24
-25
-43
-38
-43
-42
-38
-32
-27
-34
-34
-39
-38
-16
16
17
2
20
12
32
21
-1
44
24
12
-4
12
22
12
31
18
29
25
22
43
43
32
30
9
16
19
-10
-10
-16
-10
13
22
17
18
8
-7
-3
-13
-23
-5
0
5
-2
-15
-15
-40
-29
-18
-34
-35
-11
-13
-38
-40
-23
-21
-31
-10
-12
-13
-3
-25
-29
-6
-6
-22
-7
-5
-1
10
-3
-8
-22
-5
-6
-13
1
13
21
-18
-2
9
19
8
-6
17
3
3
0
2
11
15
3
16
26
15
25
21
18
24
31
26
34
45
28
9
26
56
64
32
14
19
15
12
20
35
36
47
33
24
-3
-10
-2
-17
0
-3
2
0
4
0
-6
-19
-26
-3
2
-22
-37
-51
-60
-54
-78
-47
-44
-11
5
-4
-14
-57
-20
-16
-2
-10
-14
1
-4
9
2
-9
-3
-7
-28
-21
-19
-20
-35
-39
-30
-37
-49
-32
-40
-28
-9
-31
-23
-2
12
9
12
14
-11
-7
6
7
24
22
39
37
23
35
22
18
40
73
40
31
45
19
22
20
41
56
60
40
41
51
15
3
6
26
16
-8
-3
-14
-18
-14
-28
-20
-13
-5
0
-15
-8
-17
-16
-10
-5
7
17
9
10
9
-6
6
18
35
22
25
22
3
13
-14
-23
-29
-44
-40
-39
-53
-63
-54
-55
-43
-28
-22
-19
-22
-14
-31
-37
-27
-19
-21
-29
1
-1
-2
11
21
41
33
40
42
31
44
41
44
39
41
45
16
30
28
20
16
8
2
-10
0
-14
-11
-28
-31
-8
-44
-34
-10
-3
0
-8
-2
-7
-9
-30
-32
-16
-10
-1
-14
-9
-32
-19
3
4
23
21
22
1
14
12
9
15
31
37
20
33
9
6
-7
-25
-39
-38
-27
-38
-12
-25
-34
-25
-25
-3
9
8
-8
-26
-30
-43
-47
-30
-11
22
19
20
13
3
19
6
24
28
22
44
38
44
59
72
57
40
62
66
57
47
25
-16
-49
-59
-47
-15
15
17
13
16
5
5
9
9
0
1
-12
-47
-41
-24
2
25
38
58
30
10
3
-28
-29
-32
-21
9
0
8
23
5
-9
-7
4
-3
-17
-42
-51
-69
-88
-68
-45
-10
9
7
-10
-35
-53
-65
-77
-83
-79
-66
-50
-47
-33
-20
-9
-3
-4
26
40
32
25
15
26
40
61
89
95
113
116
117
87
55
16
-20
-18
-21
-6
-13
0
-2
3
7
4
6
-14
-19
-42
-41
-43
-35
-24
-33
-21
-12
-19
-22
7
32
19
5
12
13
-23
-37
-3
-6
23
57
71
83
70
67
29
-13
-30
-57
-62
-61
-64
-59
-70
-75
-70
-45
7
43
46
20
2
-13
-13
3
32
34
31
44
21
42
59
44
34
39
45
26
53
57
63
79
99
119
116
128
99
70
23
-20
-47
-59
-44
-33
-10
-20
-33
-65
-67
-40
-28
-46
-92
-105
-121
-142
-124
-89
-75
-71
-71
-66
-62
-45
-44
-45
-35
-59
-57
-7
22
3
11
45
59
58
51
50
26
-24
-30
-22
-23
-13
-21
-48
-69
-70
-37
-3
2
12
19
0
-24
-19
-10
11
11
19
51
51
57
73
89
82
39
29
47
45
52
62
98
120
151
142
120
127
81
62
32
22
44
23
4
-20
-25
-25
-44
-47
-36
-11
-11
-34
-51
-95
-87
-72
-84
-78
-85
-62
-61
-37
-32
-48
-53
-66
-31
-15
12
28
48
54
32
45
35
41
23
17
19
6
31
16
-13
-14
1
2
-17
-27
-7
4
-7
-11
-27
-41
-41
-38
-15
21
31
19
11
2
9
-9
-18
-22
-29
-4
-1
19
21
10
-2
11
28
10
36
15
10
35
15
7
13
4
-7
-13
-22
-44
-42
-13
-15
-29
-42
-50
-70
-81
-75
-63
-41
-41
-47
-37
-31
-45
-35
-6
6
22
35
20
22
34
32
40
38
24
28
47
58
71
63
41
44
51
41
39
53
41
42
50
47
25
-2
2
-14
-30
-33
-29
-9
-9
-10
14
0
-26
-29
-23
7
16
35
43
33
38
18
6
10
12
14
26
25
20
20
9
10
-4
7
10
10
41
33
5
7
-18
-41
-41
-39
-41
-68
-94
-96
-84
-81
-71
-72
-67
-63
-72
-48
-12
-4
-4
-7
-5
-4
4
9
5
6
9
3
-15
-13
3
29
5
-10
13
33
50
48
56
57
53
13
2
0
1
10
9
0
-19
-10
-14
-2
-4
-13
-1
16
30
27
30
31
23
13
1
-25
-20
22
11
-25
-19
-3
-7
15
31
28
28
-13
-13
-17
13
20
-6
-3
-27
-10
-2
1
-24
-35
-22
-30
-45
-54
-52
-38
-20
-4
0
-9
2
-12
-15
-28
-24
10
-6
-16
1
43
65
64
66
45
63
99
116
104
90
67
30
6
3
20
19
13
-31
-56
-32
0
12
-7
2
7
11
-1
-12
14
29
28
-16
-50
-21
-6
14
10
-28
-49
-41
-3
25
23
25
37
25
-3
-7
-1
-22
-25
-51
-70
-60
-64
-106
-151
-144
-147
-94
-67
-71
-42
-28
-11
-1
-1
-3
8
25
25
12
35
8
-31
-38
-40
-28
-41
-67
-84
-46
11
47
66
60
22
44
70
81
100
125
117
82
65
32
47
32
35
0
-14
30
60
58
63
72
51
92
86
96
92
71
35
18
34
25
6
-10
-7
-15
-7
-21
-31
-74
-53
-15
7
10
-6
7
-2
-5
-58
-67
-62
-71
-62
-60
-91
-75
-81
-138
-115
-100
-58
-31
-13
35
73
76
40
13
-29
-24
15
28
22
-12
-26
-73
-122
-116
-120
-98
-68
-37
-23
-17
16
11
-25
-9
11
32
48
89
103
95
98
47
45
31
60
106
115
122
84
82
52
9
-13
-23
-9
0
0
27
43
47
19
-37
-45
-43
-8
13
24
21
-7
5
4
-31
-39
-23
1
-8
-34
-27
-22
-50
-53
-44
-72
-38
-44
-45
16
30
3
-47
-62
-60
-28
-8
-10
8
29
38
19
-3
1
-10
3
38
44
24
-9
-25
-31
-12
-3
34
79
101
74
9
14
-14
-42
-51
-35
13
49
64
47
69
27
-7
11
-12
-9
19
25
6
5
7
1
-41
-51
-21
3
6
-4
-6
-38
-63
-71
-96
-67
-10
13
85
74
55
13
-40
-28
-53
18
13
22
37
3
43
18
-19
-46
-70
-42
10
60
96
14
-41
19
47
13
-13
0
16
47
25
-47
-66
-67
-98
-75
-74
-27
-9
-13
15
-27
-6
-55
-111
-79
-9
31
41
66
62
22
6
10
-10
3
29
79
65
54
38
8
3
22
69
76
79
73
48
-4
-28
-53
-56
-52
-40
13
13
35
33
-34
-53
-51
-54
-26
-12
19
49
64
70
36
18
10
23
-31
-18
59
69
68
26
18
49
45
1
-19
-12
-8
-29
-34
-86
-120
-118
-132
-106
-107
-38
-6
-28
-53
-104
-107
-88
-34
-6
-3
32
76
75
61
85
35
-16
4
35
76
82
120
60
32
41
11
38
6
51
84
81
54
0
-44
-76
-59
-50
-79
-106
-51
-44
-15
-6
-61
-64
-30
36
10
23
34
19
82
81
45
-25
-20
-22
-22
16
31
62
45
45
-15
-4
10
-4
3
22
47
15
-14
-57
-24
-56
-70
-55
-68
-14
-59
-80
-60
-88
-67
-43
37
82
48
90
76
29
3
-44
-59
-38
-35
-17
48
76
49
35
0
-11
39
39
81
75
89
147
77
48
60
63
18
-5
26
1
-57
-96
-101
-106
-71
-68
-41
-2
5
15
-4
11
23
21
-5
-97
-172
-139
-70
31
81
55
2
-32
-38
-75
-54
-23
72
136
155
136
54
51
20
-10
-22
-27
37
60
26
-67
-165
-134
-40
22
28
12
9
16
32
13
-66
-152
-140
-136
-135
-47
-3
-6
15
12
-4
-17
-26
30
66
114
137
102
108
93
87
54
-16
15
101
115
70
-8
-69
-82
-38
0
6
48
39
57
65
24
22
-8
-18
-70
-138
-93
-64
-36
7
-26
-69
-107
-80
-52
-102
-57
64
119
91
21
-41
-41
13
70
133
114
56
50
19
-60
-96
-79
-28
28
65
81
80
77
23
-21
-67
-113
-75
23
65
33
-60
-131
-86
-31
18
2
-41
-33
12
73
82
18
-44
-27
-9
-13
11
76
93
53
10
-80
-112
-43
37
62
46
27
21
118
133
57
9
-57
-52
-31
-23
-13
-52
-32
-45
-128
-149
-152
-109
-43
8
29
8
43
94
53
-4
-46
-35
2
66
119
76
38
-48
-75
-73
-54
16
58
119
77
25
-26
-51
-35
-9
45
55
68
23
-7
10
-10
-28
-54
-40
-1
36
65
55
45
-21
-54
-60
-15
46
20
16
-35
-56
-12
16
-15
-73
-42
-9
12
72
41
-30
-4
8
-4
-67
-69
34
103
104
14
-67
-60
56
129
79
-47
-90
-13
93
178
95
-52
-120
-38
31
52
29
-25
-25
-15
-17
-101
-149
-117
-113
-107
-37
29
68
11
-95
-121
-113
-54
47
113
121
72
31
38
14
-40
-10
89
148
179
116
92
47
14
80
104
122
79
44
-15
-90
-133
-127
-147
-202
-228
-245
-173
-72
-9
-27
-124
-148
-20
109
169
171
116
64
70
104
132
54
-9
-16
-67
-45
-35
52
81
30
-69
-161
-57
65
157
139
67
-22
-42
42
62
34
-47
-45
-22
-22
-50
-150
-140
-133
-141
-129
-78
-16
-12
13
10
36
48
38
50
60
111
97
102
151
110
35
-14
-16
-34
-10
9
60
76
58
10
-88
-86
-107
-40
24
87
101
26
-37
-102
-84
-111
-84
20
107
97
-6
-54
-25
48
106
149
120
72
68
41
25
-6
20
97
83
-1
-87
-136
-71
47
73
2
-140
-185
-124
-51
-10
12
29
17
-36
-79
-83
-72
-1
46
31
-26
-105
-158
-127
-80
-72
-111
-113
-113
-132
-61
0
63
23
-45
-51
-9
84
202
263
203
150
98
150
232
227
162
80
0
-13
10
3
-33
-152
-240
-227
-133
-31
7
-19
-54
-119
-180
-112
2
117
145
