-29
-27
-1
-5
-23
-13
0
1
-11
-12
-14
12
20
4
-5
-11
18
28
28
7
3
22
18
6
13
32
24
10
-2
-4
-9
-5
-1
-20
-22
3
19
10
-8
1
18
9
5
-3
4
10
-4
-12
4
15
6
-6
-28
-28
-12
-3
-15
-11
-16
-16
-1
-15
-28
-22
6
-4
-4
11
5
11
8
1
-13
-11
3
0
-3
-1
5
1
-22
-41
-50
-31
-20
-10
-8
-20
-32
-32
-10
1
1
0
0
-1
-1
0
9
15
6
-3
17
39
23
12
28
50
45
28
36
34
20
31
34
21
8
7
27
10
6
7
5
8
-1
10
19
31
26
20
11
6
5
0
0
6
11
0
-2
-19
-19
-26
-14
-7
-35
-40
-48
-58
-74
-65
-40
-29
-32
-36
-32
-25
-10
3
4
9
19
16
12
9
10
12
17
8
3
3
6
-5
-4
6
-15
-15
6
11
-12
-19
-8
-12
-2
9
10
11
16
22
20
5
8
32
29
20
19
35
37
27
28
18
26
31
21
-13
-9
-8
-18
-20
-29
-22
-25
-24
-29
-30
-41
-25
-39
-56
-31
-29
-19
-13
-1
1
-7
-5
-21
-11
0
3
16
25
25
28
32
18
9
1
21
16
1
6
-3
6
12
19
19
17
6
9
27
26
30
22
32
38
22
24
13
17
13
6
10
6
8
3
-3
6
11
-4
-26
-28
-13
-29
-21
-16
-28
-33
-46
-38
-50
-60
-61
-54
-31
-34
-19
-15
-12
-13
-23
-4
1
2
5
0
2
21
45
56
50
45
22
10
26
29
19
-3
23
28
16
7
4
5
-7
-1
4
12
20
13
-4
-4
-4
-10
-12
-17
-11
-15
2
6
-12
9
3
-11
-6
-13
-24
-18
-7
-21
-12
2
4
-6
-6
4
-7
-8
-8
-10
-10
-16
4
3
-10
7
9
15
-12
-27
-10
6
16
-3
16
20
13
9
-5
-2
-4
10
-2
-15
-18
-1
11
12
21
18
26
7
16
13
10
7
17
27
14
32
29
8
-10
6
16
42
32
22
25
18
6
-10
-3
-17
-14
-23
-16
-4
7
6
-10
-22
-34
-35
-49
-74
-68
-35
-35
-32
-35
-20
-13
-3
10
-14
-22
-17
1
-16
-8
8
3
-1
-10
0
1
-1
-12
-21
-18
-3
13
15
6
5
17
32
36
21
31
36
44
37
28
31
28
32
24
14
19
19
0
10
26
20
18
5
-17
-15
-1
6
7
3
-9
-13
7
7
-11
-12
-21
-22
-9
-4
-18
-15
-7
0
-7
-9
-10
-29
-24
-22
-4
-15
-13
1
-9
3
-5
-16
-25
-28
-16
0
-13
-8
-3
-13
-3
-4
12
5
12
13
7
12
2
-1
-3
1
-2
7
7
-6
-1
-2
-2
6
15
10
5
15
29
41
38
20
21
32
35
21
24
27
16
19
26
22
12
-10
-25
-5
-12
-18
-14
-16
-28
-41
-32
-30
-13
-27
-31
-26
-33
-21
-41
-28
-18
-22
3
10
1
5
2
6
15
3
7
13
13
10
22
32
23
6
12
22
15
20
4
3
10
5
4
5
-3
-18
-7
1
-4
-5
3
3
-5
-7
-12
-11
-9
-12
-6
16
15
2
-10
-24
-16
0
-7
-19
-7
-3
-2
1
-6
-7
3
9
10
2
-13
-12
-6
-9
-19
-23
-16
-5
-3
-10
-16
-15
-4
-9
-19
3
9
6
0
-6
6
8
22
5
5
28
51
43
39
46
35
51
48
56
44
38
33
27
18
22
35
22
28
19
21
10
-18
-26
-23
-38
-44
-28
-26
-19
-44
-26
-30
-55
-44
-54
-28
-32
-15
0
-4
-10
-27
-11
-19
3
-2
-7
1
-19
-19
-19
-12
-8
-12
-22
-23
-12
-12
-9
4
-5
4
-10
-15
16
15
0
-7
-6
-13
-9
-3
6
16
24
9
-8
-1
5
12
8
8
23
25
23
21
29
26
31
45
24
17
19
14
-6
4
16
4
-2
-2
-4
-12
7
2
15
25
10
14
22
19
9
0
5
0
-24
-23
-21
-3
-5
-5
-16
-18
-5
-8
-10
-20
0
-1
-7
-3
9
0
-2
13
21
34
23
22
17
26
19
18
14
2
6
2
15
8
9
-4
-28
-13
-10
-9
-16
-22
-28
-48
-40
-41
-40
-50
-47
-43
-50
-34
-34
-16
-19
-8
4
-6
-6
3
19
16
12
16
26
29
13
10
15
3
0
2
8
-1
-3
-15
-21
-10
-9
-2
-8
0
3
0
-4
-21
-29
-21
-4
5
19
12
16
17
4
7
15
22
32
34
42
45
32
42
41
52
41
19
23
18
15
12
10
-6
-7
4
-1
3
0
-4
-8
-14
-12
-17
-4
-3
-6
-4
-10
-12
-19
-30
-33
-10
-30
-30
-9
-12
-26
-29
-12
-22
-14
-1
31
51
25
6
3
12
11
8
30
44
20
13
18
3
-3
8
-4
-11
-18
-41
-34
-32
-29
-30
-14
-9
-22
-2
-16
-16
-23
-27
-25
-31
-26
-35
-19
-30
-16
-7
-9
19
10
9
18
14
3
-4
0
11
22
15
14
26
32
41
33
22
34
44
42
35
44
40
32
41
34
22
17
16
16
9
11
15
8
-12
-35
-39
-49
-46
-48
-60
-56
-55
-58
-50
-41
-44
-38
-21
-19
-12
-3
3
1
3
12
12
18
22
21
7
11
24
14
12
6
12
17
25
28
16
7
0
3
11
20
0
-6
9
3
1
-2
17
22
25
27
25
22
15
18
7
18
15
10
2
-13
-22
-33
-25
-20
-11
-14
-6
-9
-28
-30
-45
-30
-24
-22
-12
-17
-22
-19
-2
-13
-12
11
10
-4
-6
-10
-4
6
13
28
17
6
13
25
17
4
14
6
-6
-4
1
-6
-16
-26
-21
-16
-21
0
13
6
-1
7
4
-13
-4
12
16
7
6
16
22
17
10
1
-3
1
5
15
7
-7
3
-3
-6
6
21
26
20
24
13
10
1
-1
11
14
20
15
2
-8
-4
-6
4
2
-5
-7
-11
-25
-31
-25
-20
11
11
-2
-7
-10
-9
0
3
5
-1
-15
-19
-25
-23
-30
-22
-17
-20
-23
-10
-4
-26
-7
13
14
13
-8
-6
-4
-5
5
5
22
25
21
13
10
13
14
13
1
-4
-16
-11
-3
-7
-7
-3
10
-9
-3
9
15
12
4
14
6
0
-3
-5
-7
0
7
10
15
36
41
35
37
36
27
18
19
6
-2
-6
6
7
0
13
9
-3
0
-18
-21
-11
-10
-2
-5
7
-3
0
15
21
22
22
16
-3
-13
-27
-31
-26
-18
-25
-19
-30
-53
-48
-49
-52
-35
-36
-39
-33
-53
-48
-48
-32
-22
-12
3
3
13
4
13
-5
0
-3
-12
12
9
15
12
7
11
25
32
22
27
23
20
31
27
30
26
38
37
28
51
44
46
33
39
35
25
28
10
18
20
12
0
4
16
13
10
-4
-1
-15
-36
-51
-58
-37
-48
-41
-36
-47
-38
-38
-17
-12
-22
-5
-7
1
3
-4
15
0
-5
0
12
22
22
19
-1
6
2
12
6
1
1
-19
-22
-22
-6
3
-6
-4
-3
-5
-7
1
1
10
34
13
5
10
16
19
23
26
17
25
24
23
-1
-4
-3
-17
-12
-12
-5
-12
-6
-6
-22
-3
-1
-33
-25
-32
-45
-47
-44
-33
-29
-18
-20
11
13
-5
-12
-25
6
-3
-7
9
6
7
8
30
31
28
29
6
7
10
-1
-5
0
12
26
28
22
25
23
27
35
33
34
38
29
10
7
0
0
7
4
1
4
11
-1
-2
-3
-13
-17
-14
-7
-3
-7
-10
5
3
1
3
-3
0
-16
-18
-15
-17
-24
-25
-18
-13
-15
-9
-2
-23
-19
-19
-16
-22
-26
-19
-14
-12
-10
-7
-18
-8
-6
3
2
6
10
-2
12
26
28
15
16
30
36
17
8
-1
-3
4
7
19
3
-2
-12
-25
-15
-12
-16
3
21
17
21
16
10
6
9
5
-4
3
0
-3
10
9
-13
-6
10
-7
-3
-1
-13
-21
-28
-14
-6
-4
-13
-8
-1
-17
-7
4
18
0
-3
10
18
25
13
13
16
30
42
56
39
29
24
4
12
8
0
-13
-21
-9
-9
-10
-21
-19
-6
2
-4
-20
-24
-13
-2
-8
0
-13
-10
-8
-17
-16
-10
1
-16
-6
-1
-19
-16
-10
-7
-12
-9
-23
-36
-32
-24
-6
-10
-15
-10
5
7
0
16
28
22
18
32
20
23
27
16
15
17
13
3
8
-3
-11
-13
-9
-5
-15
-3
-7
-20
-14
-21
-20
1
-11
-3
7
7
16
18
35
41
44
55
57
60
57
38
23
9
4
-1
3
-4
-12
-3
-12
-19
-34
-50
-50
-47
-36
-22
-18
-17
-10
-10
-15
-24
-10
7
-2
0
7
5
23
32
27
12
13
25
9
-8
-9
-2
16
20
12
12
14
15
5
-6
-3
-10
-15
-13
-20
-15
-32
-36
-25
-26
-14
-28
-7
5
-3
1
-13
-6
-6
-23
-36
-23
-19
-2
6
9
4
-10
-17
-13
3
-12
-5
7
16
3
-1
19
30
29
28
53
44
34
27
19
27
23
23
19
6
-2
-4
-10
-19
-6
12
9
7
-8
-15
-32
-25
-17
-27
-13
0
-10
-26
-17
-14
-3
-7
4
7
6
17
-5
9
-3
-6
5
5
8
-5
5
15
32
30
32
32
15
15
4
-4
-1
-4
-6
3
1
3
5
-9
-6
-6
-26
-34
-21
-14
-2
-1
5
9
5
7
18
32
16
34
39
32
28
17
20
8
-3
-12
-13
-20
-18
-26
-12
-9
-26
-27
-36
-31
-47
-48
-44
-41
-36
-30
-7
-8
-9
-7
3
6
12
11
5
11
2
-10
-15
0
5
-1
0
0
7
11
1
-7
-1
-13
-23
-18
-16
-9
-10
13
20
16
11
-5
13
23
29
22
34
44
22
16
18
25
1
6
13
-5
6
9
13
15
15
16
18
24
32
17
25
27
3
3
17
26
10
4
-12
-11
-6
-1
-6
-8
-6
-22
-15
-4
7
-6
-9
-17
-31
-43
-44
-27
-27
-29
-25
-25
-36
-15
4
-6
-3
3
2
19
10
16
23
13
19
11
19
16
20
3
-6
4
4
19
-1
-28
-22
-16
-34
-21
-9
-6
-12
-24
-19
-34
-26
-20
-12
-6
-11
-16
-22
-12
-1
6
16
18
11
12
17
12
22
25
38
45
26
23
28
40
35
61
51
44
44
16
15
-13
-9
-6
-10
-4
-9
-14
-22
-26
-24
-21
-31
-57
-53
-40
-41
-28
-33
-17
-16
-15
-7
-14
-7
-12
-9
0
7
-5
-7
1
-7
3
14
17
14
5
12
15
18
21
12
7
4
4
18
19
6
16
30
33
16
7
15
15
6
9
15
-6
0
11
5
-3
-2
-1
0
17
16
8
13
32
27
27
22
12
15
1
-4
6
12
2
7
11
9
3
-3
0
-15
-25
-33
-34
-35
-39
-58
-62
-59
-55
-58
-38
-33
-49
-33
-40
-34
-24
-23
-22
-17
-21
-17
2
6
11
6
-4
-3
-6
0
9
17
34
33
27
28
47
49
38
43
52
41
29
29
18
-2
6
9
-5
9
18
28
22
7
11
13
6
7
5
-1
22
13
-11
-10
-7
-15
-9
-9
-16
-23
-18
-9
-24
-16
-3
-3
-7
-18
-5
-10
-15
-10
-10
2
-7
-4
-12
-12
-2
-7
-1
-3
10
6
16
6
3
22
6
7
10
23
23
6
8
16
22
10
7
6
3
1
1
-6
-4
-10
-11
-6
-13
-14
-25
-8
5
18
10
2
9
-1
1
3
2
-1
3
8
23
17
2
-4
-2
8
3
7
7
-4
-4
-7
-7
-10
-34
-30
-20
-16
-18
-19
-23
-15
-17
-25
-21
-28
-32
-15
-12
-17
-1
-15
-17
-13
-3
3
6
20
9
0
-2
-8
-7
-9
-23
-20
-5
6
9
25
32
32
26
16
16
21
25
15
17
13
31
35
25
23
13
36
34
11
7
3
-7
-1
3
0
7
20
16
20
22
5
-7
-10
0
-4
6
4
4
19
22
10
0
26
23
16
16
19
18
-4
-5
-3
-3
-7
-16
-17
-16
-26
-26
-33
-46
-46
-61
-65
-56
-44
-37
-39
-25
-37
-48
-38
-28
-27
-28
-16
-8
-10
-6
-11
-11
-5
-6
6
2
4
13
12
15
15
9
12
15
18
15
10
22
25
35
30
41
40
31
36
29
24
14
24
29
31
16
7
-3
-13
-4
-16
-17
-12
-12
-11
-5
-7
-4
2
0
12
10
16
28
18
2
1
7
11
18
21
17
19
32
26
16
3
-1
-5
-1
4
-12
-18
-16
4
6
-9
-15
-1
5
1
1
-2
-4
-11
-8
-17
-18
-19
-34
-19
-13
-27
-27
-32
-35
-28
-16
-28
-32
-12
-15
-17
-1
8
6
-3
6
10
1
14
12
-3
0
8
-1
-16
-23
-19
-4
-7
-13
3
7
3
2
3
13
4
1
18
28
31
39
29
19
20
28
28
7
13
3
-9
-2
-17
-28
-31
-29
-20
-17
-12
-20
-31
-35
-41
-41
-29
3
4
1
10
5
20
16
21
41
45
41
27
19
39
35
25
40
46
38
27
17
22
24
17
17
10
4
9
13
9
-9
-10
10
13
17
12
9
13
4
-9
-11
0
-15
-3
3
-9
-21
-40
-40
-45
-50
-57
-64
-57
-45
-47
-42
-35
-37
-42
-46
-24
4
1
-3
3
4
-3
-15
-3
3
6
10
12
2
-9
-15
-17
-16
-4
5
4
11
1
3
-10
-19
2
3
10
16
14
16
12
12
32
39
21
28
32
24
37
37
28
17
13
6
0
8
4
9
14
10
15
23
16
23
19
6
3
6
17
5
6
15
20
19
13
9
-3
-2
-4
-12
-25
-20
-23
-35
-43
-31
-40
-38
-18
-23
-7
-12
0
-1
-7
6
6
11
-5
9
18
3
3
-12
-15
-12
-19
-15
7
8
-10
-5
-7
-19
-22
-7
-3
-3
-10
-9
-3
-12
1
1
4
6
12
29
19
17
11
20
7
1
8
-5
3
-2
-7
-19
-7
-10
-11
-8
-24
-19
-35
-29
-10
3
8
4
7
22
20
23
13
13
15
3
15
13
6
-4
5
12
18
11
4
2
-3
11
13
15
22
15
-3
15
12
18
17
4
6
5
22
17
8
1
-1
-10
-10
-9
-8
-10
-22
-23
-31
-17
-16
-34
-19
-29
-28
-38
-33
-23
-29
-14
-12
-3
-3
12
25
26
0
-4
2
-7
6
4
13
1
-10
3
7
-9
-8
2
7
5
-4
2
3
7
9
19
33
24
17
1
21
35
21
35
24
35
28
25
37
20
22
12
9
7
6
-10
-12
-12
-15
-3
-6
-9
-25
-26
-21
-31
-50
-50
-38
-34
-31
-42
-33
-22
-9
-3
-1
0
-2
-8
1
7
11
17
10
4
-11
-11
-3
10
0
2
13
3
0
-10
-4
12
23
13
3
6
8
-10
-7
2
-2
-5
-15
-13
-18
-13
-8
-12
-3
3
-6
-5
-8
-9
-7
-16
-11
7
10
11
11
-3
4
3
-4
-4
-10
1
12
13
12
20
25
9
14
25
35
22
20
38
37
51
42
47
38
37
33
20
25
9
0
-7
-4
2
1
-10
-4
-5
-5
-3
3
1
-14
-6
-8
-8
-7
-10
-13
-17
-21
-28
-35
-31
-26
-16
-19
-26
-26
-21
-14
-9
-13
-19
-24
-19
-15
-28
-27
-27
-21
-31
-27
-6
-9
-8
-15
-28
-22
-16
-13
-4
-5
-9
-28
-25
-16
-9
-5
0
19
4
0
-1
0
20
35
29
30
46
47
38
43
63
45
39
38
23
20
10
15
10
0
20
22
9
-3
-7
5
-3
4
7
2
-6
-4
6
13
19
9
3
2
-3
3
13
7
4
21
12
-7
-6
-12
-11
-9
-1
4
-3
-11
-21
-23
-31
-28
-33
-43
-34
-24
-26
-19
-1
13
12
-3
3
-6
-7
3
7
9
12
27
29
19
22
28
20
11
13
6
-1
-11
-22
-6
5
13
10
1
1
-4
2
1
-1
-2
-12
-22
-19
-19
-33
-29
-7
-6
-13
-19
-35
-19
-22
-33
-25
-22
-16
-18
-6
-1
-1
1
13
23
6
2
5
16
19
17
23
17
20
5
2
-13
-26
-14
-27
-10
-10
-8
-2
-10
-1
-13
-3
-6
2
0
-2
3
-6
-7
-2
13
7
-1
3
13
17
21
23
27
28
25
34
34
27
27
32
30
27
37
41
32
44
48
43
33
28
30
10
8
23
22
15
14
4
-4
-6
3
-6
-17
-8
-23
-40
-45
-47
-39
-39
-34
-45
-53
-36
-34
-23
-24
-38
-37
-15
-23
-29
-19
-27
-21
-39
-41
-29
-41
-31
-14
-16
-35
-34
-33
-30
-12
-17
-3
3
10
16
-2
29
35
22
42
50
37
29
34
39
34
25
22
29
22
14
2
8
17
3
10
13
15
6
-5
7
19
13
-1
1
3
8
11
19
12
-2
2
6
4
-7
-2
-1
-11
-11
-13
-4
7
2
11
9
-3
-2
-8
1
-5
-6
5
2
7
-5
-3
1
8
19
4
0
-2
-2
2
10
28
26
7
0
-5
-5
1
-2
-4
-1
-1
-5
-7
-4
-6
-15
-23
-27
-26
-17
-24
-25
-10
-18
-22
-28
-25
-24
-38
-39
-34
-30
-22
-11
-11
-10
-1
3
4
15
20
26
35
32
35
19
19
3
0
8
2
15
2
9
-3
-2
-5
-8
11
13
15
-7
-4
-2
-6
4
23
41
20
15
12
0
3
15
23
16
7
7
8
1
11
8
4
11
4
7
0
-16
-25
-12
-3
-16
-22
-5
4
14
24
9
3
-3
8
7
8
3
-2
0
-19
-20
-16
-15
-22
-23
-20
-29
-31
-23
-12
-12
-22
-18
-23
-7
-5
0
18
6
6
3
11
17
22
28
34
40
34
31
23
20
25
22
15
15
3
-13
-17
-13
-20
-15
-22
-25
-23
-31
-35
-23
-12
-18
-16
-24
-25
-26
-17
9
19
2
-1
-4
-11
5
3
14
14
-12
-9
13
7
15
1
-8
0
-6
1
5
15
11
5
-8
-5
6
-3
6
16
6
5
16
28
23
17
34
36
31
12
9
14
-9
-4
-7
-7
-7
-28
-19
-15
-21
-20
-6
4
-3
-2
-10
-10
-5
6
16
25
18
23
38
13
23
37
21
16
16
25
15
13
3
-27
-41
-41
-35
-41
-25
-29
-45
-50
-45
-47
-47
-22
-24
-23
-26
-26
-35
-9
36
34
28
22
21
34
52
49
39
41
42
23
6
10
34
16
21
36
-7
-3
-3
-8
-32
-4
12
-23
-1
-7
-20
-37
-19
-25
-57
-43
-21
-39
-54
-9
-12
-38
-15
-2
9
24
12
-3
46
49
10
21
13
22
28
9
-19
5
13
-9
19
10
21
24
5
6
-19
-18
16
14
-19
-3
15
-5
22
-7
-17
13
-2
-13
-4
18
6
47
42
-17
-9
-13
12
13
2
-3
-37
-44
-29
1
-44
-34
3
-21
-26
5
26
-13
14
29
38
16
-1
38
-4
-8
12
12
-14
-13
9
-28
11
-1
-14
0
-11
-4
-7
8
-24
18
20
2
41
-8
-9
29
35
14
4
2
-28
6
-1
-10
8
-16
-11
-4
-8
-2
27
-13
0
15
-19
0
-33
-18
9
-1
-28
-35
26
-10
-13
15
-17
-30
-61
9
-8
-68
-51
45
13
-88
15
-9
-40
-2
44
16
-7
41
63
69
9
55
52
-61
-20
18
-19
-25
23
56
-18
-4
13
47
2
-34
78
60
38
-2
64
55
-23
31
61
-7
-100
3
51
-28
-50
34
18
-95
-54
6
-41
-84
-6
2
-44
-29
-5
3
-86
16
111
-57
-41
74
46
-42
23
101
-3
-2
37
27
-23
-14
57
-35
-46
-18
0
27
-32
-29
-5
-47
-107
23
-9
-144
-26
126
30
-69
70
-27
-41
5
86
68
-98
-38
48
126
-90
29
86
-76
-38
-32
147
-92
-124
124
144
-97
-123
300
-43
-133
232
138
-128
-186
200
39
-131
75
141
56
-244
22
137
-182
-63
117
-38
-110
4
9
-60
-76
-10
-117
-1
-41
46
6
-135
211
-125
10
110
-172
-85
81
19
-96
166
-190
-78
252
-108
-78
273
-25
-255
163
196
-116
57
183
-67
98
29
78
109
-118
1
268
2
-412
213
99
-381
235
112
-118
-58
-132
64
7
-25
-154
411
-69
-410
289
32
-64
-353
332
138
-296
30
297
-54
-534
419
71
-246
-6
295
-76
-179
133
190
141
-397
206
288
-117
-108
301
-65
-530
-16
497
-98
-534
290
191
-506
-201
403
85
-443
-228
723
-83
-832
230
446
-739
-67
838
-318
-268
308
-13
-60
197
-188
265
21
41
0
-25
167
-453
100
-7
126
-9
-118
131
36
49
-400
368
280
-785
555
322
-372
-128
236
95
-722
689
69
-235
285
-74
-210
107
394
-297
16
170
0
-231
182
66
-93
-371
380
434
-575
180
47
67
-394
289
217
-105
-395
147
736
-1066
81
594
-15
-897
559
871
-1044
-520
932
294
-1530
864
677
-625
-595
571
717
-1145
-135
783
513
-1154
375
1170
-1081
-432
540
209
-631
123
395
35
-367
-377
514
-79
-651
215
1074
-931
-258
771
-156
-458
-192
846
-431
-266
66
366
-172
-735
416
410
-301
-234
362
421
-287
-767
670
376
-630
-753
1364
553
-1730
176
1430
-639
-1377
1583
374
-666
-999
1336
595
-1565
274
947
572
-2045
1456
787
-1168
-537
759
607
-1265
870
63
215
-512
-91
646
-256
-507
383
93
-204
149
-290
257
78
-63
-751
1264
-467
-876
931
-286
-259
-280
854
-351
-655
689
-115
-443
151
50
72
-68
330
-176
241
-487
-690
1371
-1223
442
396
-164
456
-1135
1097
-357
-583
-131
729
280
-973
832
146
-613
-497
951
-355
-327
266
45
310
-36
-19
-615
908
-765
-456
702
298
-362
-821
1673
187
-1488
560
1200
-1009
-1014
1256
791
-1217
-451
813
1700
-2272
-687
2817
-1636
-1340
924
2104
-2425
-96
2100
-529
-1244
-618
2241
-1645
50
618
61
86
-681
86
158
229
-1133
629
935
-396
-1173
1393
-281
-937
283
284
729
-1433
792
353
196
-967
-107
1414
-972
-106
639
-265
-578
655
-150
334
-280
132
178
-130
-8
-159
-425
-117
1571
-1298
-37
1135
-66
-2266
1249
1608
-2357
36
1779
354
-2546
1552
948
-1743
-640
1837
738
-1924
-424
2204
-189
-2584
1483
946
-857
-1355
1698
795
-1523
-1142
2123
853
-2675
-37
2091
38
-3335
2488
1582
-1850
-1855
2881
801
-3395
1021
772
497
-2158
838
1856
-931
-1978
1694
1338
-2257
221
840
742
-1920
667
1343
-825
-954
1577
16
-1880
2468
-1193
-987
1734
-61
-1523
1249
249
-1114
1390
-1321
284
1118
-775
-582
873
432
-1089
-562
1779
-275
-1816
949
1241
-1168
-1227
2008
-53
-1172
-173
1553
-1208
-248
583
-387
233
492
139
-1470
1596
-1015
198
6
217
-188
-411
593
365
-233
-1136
1496
119
-910
-116
1892
-1888
-149
616
321
335
-1631
1164
62
-502
-26
441
-543
-102
121
-156
479
-32
-1369
223
1990
-1282
-1597
1781
1097
-1664
-783
2503
-1224
-1724
2174
-343
-623
-165
891
-37
-261
258
-447
540
-616
40
970
-605
-444
184
1488
-1429
-975
2888
-1869
-1003
2205
104
-1658
589
564
4
-39
-626
842
-681
572
-48
-12
440
-592
-95
159
987
-1458
-274
1029
-300
-59
-362
1035
-572
-1332
1817
551
-2212
513
1494
-1584
126
1134
-283
-1269
803
1043
-1530
-201
431
576
-1360
967
732
-1604
376
458
503
-2078
1051
981
-1315
69
1203
221
-2280
1219
883
-1060
-487
1013
296
-905
456
592
83
-1829
696
2073
-2466
78
1590
-974
-688
1242
162
-1267
585
-259
430
-500
526
-849
990
497
-1824
1587
-40
-482
-1584
2447
272
-2020
569
1916
-944
-1491
1708
149
-845
-1287
2975
-1346
-893
942
897
-450
-1844
2256
-1240
706
-978
516
1262
-2126
861
75
143
-1443
1127
628
-1425
976
281
-401
-1111
1253
-232
-823
619
586
-495
-876
2037
-939
-1048
1946
-904
-504
1350
-1034
-823
1485
-288
-1697
1747
966
-1603
-389
1586
-350
-1759
1078
596
-702
-1169
2030
290
-2808
1717
718
-1476
-90
1545
-830
-933
2359
-1802
-132
1524
-840
-774
413
1063
-1273
493
574
-250
-1017
897
286
-459
-656
615
1209
-2317
1414
-445
-51
-96
102
296
-354
378
-1510
1688
-177
-1728
1506
917
-1843
1109
-440
565
-750
-347
1668
-960
552
-1057
2285
-1915
164
905
-588
641
-1511
2223
-660
-1060
1441
-602
-253
445
-1294
2147
-1378
1
511
434
-389
-1440
2370
-2354
1059
-240
220
-121
-756
1320
-620
-935
623
345
-921
-234
813
1041
-2574
1312
437
-34
-1583
1486
674
-2249
1890
-894
1390
-1358
402
46
570
34
-1271
1720
-1202
452
-473
999
-844
-375
1070
-709
-30
-78
734
-1188
164
943
-82
-1566
1278
476
-1711
1260
-104
-140
-531
361
1111
-1032
-641
1567
-186
-2072
2428
103
-2826
2601
110
-1264
283
874
-374
-686
182
218
1152
-2529
1762
577
-1067
-561
1568
-90
-2675
3113
-1047
-434
-279
1342
-1041
-412
2135
-2404
602
925
-487
-968
884
231
-245
-633
787
1207
-2308
-84
2658
-1747
-1227
1827
-12
-204
-1229
1630
-380
-841
-350
1105
-253
-1491
2638
-1842
-267
917
348
-2456
1035
2706
-3762
979
2225
-731
-2270
1476
1559
-2285
371
548
1464
-2103
-367
3576
-3373
422
1258
71
-1348
813
1903
-3376
2245
-369
428
-1499
1016
1407
-2597
1814
-713
653
-1415
751
526
-559
-238
-201
1562
-2106
421
1260
-1337
426
95
-136
333
-528
-264
496
-213
-953
1509
-838
267
-234
65
290
-503
539
-1005
1122
-849
385
-444
740
-309
-1388
2022
-482
-943
782
-47
-429
1256
-1792
365
2384
-2495
88
2561
-1309
-2143
2591
575
-3076
2271
-378
585
-665
-907
1893
-1373
426
-593
1365
-1427
433
1239
-1430
-59
924
-16
-1076
1958
-1724
715
-340
427
189
-1418
1570
-722
986
-1599
733
923
-1193
-306
552
653
-1681
863
-121
-70
263
-793
848
131
-1068
827
-94
225
-369
-144
-101
784
530
-2711
1821
771
-489
-1864
1733
1151
-2404
338
1414
677
-3470
956
3383
-1381
-3876
3736
2000
-5420
2135
3003
-3310
-1084
3029
-30
-2001
1092
-125
467
-151
-1041
2158
-1330
-1286
2100
639
-2367
878
1189
-1430
-256
2249
-1776
-984
2114
-1740
2552
-3182
1314
1437
-2924
1384
414
397
-3954
4831
-1516
-2210
4171
-3276
546
788
323
-1768
746
1466
-2449
2390
-808
-589
437
-138
860
-2391
3279
-2049
26
1154
-1402
1934
-3305
3114
-107
-1690
413
1648
-942
-2235
3158
-1889
78
1231
-974
727
196
-1668
1770
-487
-1613
862
1770
-1572
-895
3834
-3162
117
1125
-269
-1143
345
1443
-1794
1279
-749
982
-1115
-297
1929
-2106
224
1458
-724
-1008
1567
-289
-1715
1535
-428
-10
88
-370
1357
-1555
637
44
-72
-482
559
472
-937
704
-169
605
-1724
1347
76
-912
1032
-225
-464
1158
-848
-1001
2051
-1555
143
-47
1407
-797
-627
1090
-588
381
-1636
1375
-684
-5
841
-919
1490
-1121
-1152
858
600
-567
-1250
2596
-1026
-809
1693
-533
-624
-1865
3998
-2161
-554
2367
-1502
69
-260
2373
-3530
1030
959
-751
631
-1153
1387
-1127
161
516
-101
-461
-129
628
303
-1392
1558
-748
-628
1343
-1453
1488
-714
-139
-722
2080
-1086
-1886
3022
-1197
-824
369
2049
-2048
-1140
2049
-898
195
-335
-89
1243
-635
-497
302
1469
-3189
790
3158
-3416
-26
1580
2097
-4950
2233
2597
-3819
1783
-159
411
-916
239
-431
1867
-791
-2197
3389
-19
-3085
1882
747
-1744
1015
-567
593
-562
1090
-1305
430
1542
-1819
391
403
718
-2963
2852
1025
-3947
2530
1162
-2094
-332
2304
-1266
-572
426
634
463
-3561
2653
1280
-3233
863
1824
-698
-2036
2207
-139
-1945
1026
276
548
-1017
-173
785
-881
599
23
50
-812
583
1131
-2328
1595
269
-1400
-140
2032
-221
-3061
3139
-461
-1077
110
1352
-717
-2362
4124
-2205
-911
1791
-464
-430
-645
2330
-1025
-1537
1188
1979
-2571
-1602
5148
-3268
-2654
6342
-2831
-3032
3820
777
-3482
2015
1560
-4378
3622
-132
-1378
569
675
-1295
-142
3137
-3682
819
2741
-2110
-801
2794
-2443
-1043
2262
-1430
560
1324
-2363
1891
586
-3506
2908
-920
-994
815
402
-10
-6
-507
-206
1409
-2247
398
2244
-2265
-579
2959
-946
-2285
1356
1521
-3338
1641
1614
-2023
38
1070
877
-2227
591
-212
1618
-1784
33
2993
-3127
-603
2628
113
-3609
2441
892
-2207
1005
1331
-1157
-469
33
567
-441
-141
1204
-2515
2314
178
288
-1464
-98
1900
-2504
1415
582
-1086
-746
2011
487
-264
-888
201
706
-793
-1096
571
1678
-2626
1397
2000
-1684
-1921
1817
50
-3452
2321
2208
-2796
637
1120
-1560
1616
-2306
73
1108
-530
404
474
1635
-2514
623
553
-96
57
-1536
882
786
-175
1028
104
-1790
962
926
-1210
986
-360
-2899
2916
1357
-2005
-593
2451
-1401
-1648
3035
-1958
-103
-1348
1577
1207
-1861
927
-110
-27
-2051
2009
805
-1830
1328
-789
1307
1141
-2426
-621
1417
463
-2440
3986
-157
-4370
4407
167
-1944
-711
694
-1180
635
1800
-2670
1608
-942
-787
2616
-2670
-1404
1935
-453
-339
-64
827
-780
-287
279
989
-191
-2998
3384
218
-1348
648
-118
1513
-736
-1305
1275
1062
-1653
-26
2177
-1033
-1004
1819
-120
-989
-613
1779
-1173
-350
1702
-1999
851
253
-879
90
614
-537
-536
550
-298
395
-323
-606
-2
331
63
-546
1130
284
-1607
1642
874
-2085
160
695
-297
-734
1074
1184
-1077
-112
401
-408
-963
831
433
-721
-315
1060
811
-1796
-141
568
-234
79
168
667
-374
-1094
943
283
-1298
300
905
-902
1152
510
-1114
491
-530
-345
506
1125
-1018
127
644
-550
648
-648
-571
335
477
245
356
-193
-683
589
393
-641
-148
-635
-136
1402
182
-1257
-174
-82
-385
14
456
-510
-548
935
103
-316
-320
-77
-866
597
1225
-214
-283
-476
-58
671
-233
-835
709
-705
-247
1647
176
-1254
-109
160
58
-123
-265
661
-295
46
310
111
-337
-465
230
1148
-21
-647
394
-419
201
329
202
-247
-6
309
391
-436
-45
584
-1290
631
764
-667
-665
325
742
-828
142
833
-429
-177
181
681
-479
-698
896
-263
431
15
376
577
-443
5
-235
674
-757
891
1151
-1244
369
550
-556
-1521
934
309
-934
796
511
-352
-1407
-111
-204
-435
-396
-141
653
-632
-561
424
-460
-437
-64
204
726
-785
-713
-5
15
-407
191
173
-17
409
41
356
-203
-165
246
893
207
-430
768
597
-470
533
317
-279
784
404
183
244
164
-37
292
453
693
-15
-236
459
83
-396
-260
88
-690
-464
-249
-191
-1003
-1067
-764
-654
-290
-725
-320
-207
207
-598
1266
183
-1091
528
-551
119
-1084
598
-821
-1315
1132
-489
-311
-1433
-112
-1520
-1946
-1027
-1734
-1717
-2756
717
675
-1168
968
3876
1624
211
4079
4662
1980
1488
4791
4047
2624
5106
7001
1686
-430
5704
5207
-1437
-3935
-28
-1606
-4200
-1159
-742
-5665
-6980
-236
-544
-8420
-7506
-863
-2580
-5406
244
3914
-1198
-2577
3597
3436
-2451
-1406
3524
2443
-593
3078
7004
1163
-3310
260
3163
-1496
-4453
979
1846
-1681
-1489
1777
-871
-4954
-1853
1179
44
-2388
-154
1511
-610
-1413
-153
602
-1413
36
2375
1602
473
290
683
78
606
311
617
789
298
-45
-475
-998
-1861
-1307
-1673
-1813
-3311
-3867
-3797
-4934
-5992
-5732
-4390
-4632
-3321
-742
1464
3294
4949
3956
6086
9646
9503
7147
4117
5141
8752
15787
15043
6690
4695
9089
14008
6990
-6331
-13236
-8852
1169
1584
-3559
-9964
-9385
-972
-1629
-11040
-18308
-14707
-8023
-1961
2529
1333
2299
1559
-571
-1224
-2343
-806
-1501
-2197
3812
13179
14387
4253
-4862
-7423
-3277
-88
-4077
-7249
-3896
3695
7882
3152
-6878
-11645
-7359
-1913
-84
1403
2862
4930
7249
5992
2086
-581
-2931
-2638
2162
4300
5673
4048
22
-1025
-304
-354
-4364
-4832
-3455
649
3221
640
6
-3419
-1888
352
61
-716
-2697
873
2385
3414
2812
-121
-2032
-1951
2251
1728
348
-250
-310
3529
2063
-1229
-2453
-3391
-2332
-95
2055
519
-1212
-1352
-1235
-2259
-4399
-7038
-6957
-3813
-2495
-2474
-3049
-3483
-4200
473
4498
6678
7312
7421
11938
13622
11046
4427
1960
5811
14645
19213
14665
5896
4264
9530
7218
-2820
-14990
-16975
-9696
2738
2346
-10949
-14840
-8018
-1148
-6850
-13932
-15807
-13477
-3067
5254
6369
1923
-521
3329
711
-3016
-2841
-2254
-3831
-2984
9442
14848
6756
-5184
-10545
-7240
-5492
-4757
-6222
-7346
-805
8991
10011
-3442
-13382
-7726
-815
1375
2818
4440
5880
8361
10303
7183
-1544
-5942
-1391
2610
3643
2375
3903
2570
-944
601
-65
-3258
-7902
-3090
2975
4139
3672
-542
1240
1978
3042
2603
-359
-821
-1270
3145
5450
3015
-1262
-2285
2033
716
-2894
-3717
-2998
-1473
-330
3395
1284
-4860
-4187
-97
221
-3468
-2055
2395
2255
338
936
160
-5082
-7289
-3961
-1153
-2932
-5990
-3453
-2275
-2629
-926
3712
5837
3384
8100
12686
13555
3921
329
4355
8598
14789
12766
13150
5724
6485
10125
5818
-5787
-19814
-15859
-7243
2464
-2936
-12432
-10218
-3756
542
-8496
-16769
-18356
-12416
2746
9676
5670
-859
1349
6220
337
-4367
-6351
-5055
-4261
2601
12569
10250
2155
-4600
-6247
-5784
-4890
-5408
-7184
-5519
3894
12131
7941
-6365
-11143
-2679
1917
1984
2004
4929
8112
10592
10773
3379
-6291
-7462
-819
4164
2535
966
4477
3636
-185
-1688
-3275
-5565
-6978
-472
7277
6991
1824
-375
2870
1993
802
968
-886
-1840
234
4977
3060
-2576
-3622
-1799
-1610
-3324
-4329
-4595
-3933
-1034
2177
494
-3749
-4545
-1803
-1484
-1084
990
1347
2867
4316
4128
983
-1135
-488
-117
198
-536
-1610
-3745
-4685
-2727
-2515
-3016
-418
6662
8426
4595
6040
5827
6782
5421
5749
6418
5302
13337
15472
12895
1682
510
6223
4014
-656
-14971
-14407
-9601
-2260
-3048
-14829
-12196
-7191
-421
-5169
-12994
-14043
-12150
1433
6070
2063
-1675
1016
8606
1956
-3148
-4279
-5189
-4618
-1632
9429
9983
2730
-427
-2536
-5668
-7200
-4980
-3411
-4084
1859
11200
9582
-2055
-9089
-2911
2767
2183
3629
6572
6665
5371
6140
5823
-2488
-7696
-1829
3726
2929
-812
949
2126
-1903
-2598
-1709
-1942
-3401
-1282
7061
7246
2210
477
2626
4763
1447
1341
507
-316
184
1002
1736
-1644
-2829
-3134
-2878
-3641
-4845
-4811
-5224
-2656
24
-1282
-4604
-5241
-2288
-583
-415
547
1662
2208
2875
3768
3112
929
-232
676
605
-1027
-2868
-3832
-3620
-2750
-3692
-4370
-2438
1115
4747
3888
3197
4239
7579
10294
7967
7360
6947
9878
13427
14274
10693
1457
3953
9250
7982
-5376
-16307
-11802
-9589
-5453
-8585
-11051
-8109
-3713
2395
-5317
-14164
-16453
-8446
3336
2037
596
4125
8619
8013
1261
-3250
-8720
-8111
-3387
3053
9336
6962
3701
1302
-6491
-12052
-8515
-5589
-6462
-4896
5191
11191
4640
-5053
-6409
1127
2732
930
2520
3348
4538
8755
9691
2612
-6825
-6187
610
2207
-1599
-4340
1331
2190
-2283
-2124
-1892
-3147
-3948
1444
6791
4540
1034
1449
5461
5270
1576
1784
698
-681
1077
3377
3309
33
-497
-244
-1738
-3288
-4358
-3569
-2080
-159
253
-2333
-3971
-3283
-2324
-2677
-1175
1065
612
1090
2720
3641
2834
1203
263
694
515
-569
-2119
-2529
-2374
-3610
-3317
-4236
-4621
-2227
1971
5249
4220
5974
9082
9676
9147
7794
8204
5286
9066
14386
12487
6685
886
6264
3852
-2526
-10359
-17233
-15976
-10898
-3551
-8494
-9748
-4855
162
-2217
-13032
-15410
-12695
-3831
4469
6642
5960
5807
9217
4946
-4431
-10879
-9756
-2110
1817
6357
8597
5776
-376
-7510
-11653
-11926
-7985
-4785
-1382
3039
7842
8677
2770
-3323
-2899
1787
3859
4768
5949
8349
10965
10104
5424
-2886
-6720
-2947
878
988
-2101
-1459
1839
-1029
-5485
-6565
-5166
-3464
-742
4389
4832
2177
546
2995
4815
-961
-2564
1025
3781
4038
3558
3420
-307
-2912
-2223
-2230
-4937
-5077
-1004
2323
1500
-2022
-3017
-4047
-3731
-1650
-1253
-140
1031
2137
3818
4828
3607
2207
1517
412
809
1265
858
909
627
325
-1304
-5428
-7746
-7721
-3662
438
1948
4453
4840
6907
8322
6887
6938
7292
6600
3464
5808
11317
9523
4484
2265
4962
2287
-3517
-8443
-14626
-14809
-10247
-2375
-3573
-7680
-3148
307
-4136
-14242
-15276
-10673
-4307
3218
4956
3312
1760
4937
3679
-5275
-10028
-7231
141
1867
2825
6991
5456
263
-3587
-5201
-7019
-7113
-3328
1585
4014
6077
7210
4454
-653
-1791
2568
2780
610
2586
6987
9258
5056
1702
405
-3116
-2406
-906
1218
-1422
-2782
2815
1462
-1935
-4242
81
3032
376
2296
3821
3183
-400
900
4466
850
-1292
1100
4016
1217
-2317
-1368
-1841
-3355
-5056
-1916
-783
-3181
-1778
-554
-1384
-5434
-4570
-792
-673
-621
475
3696
3101
-727
610
4156
3614
1067
1753
3423
1613
-751
-17
256
-2284
-3706
-3217
-4133
-7291
-6964
-2079
147
-1140
304
5889
7403
4306
3580
8631
10880
6811
3760
5181
9191
8708
8304
4984
2639
2831
3158
2072
-8275
-11858
-9346
-4327
-4202
-8250
-3536
-968
-2172
-9748
-15186
-12007
-9654
-4770
-2532
-1553
2183
5163
5821
-1295
-5936
-6187
-2846
517
-104
4944
8644
7457
3981
-410
-5158
-5830
-3010
-1559
-49
1377
4856
5141
2066
-885
-1704
-2136
-4117
-1395
2269
4383
5222
4032
2601
-942
-1985
-435
446
797
44
2569
4684
2471
878
1479
1899
2366
1696
1480
1243
-751
769
2510
1677
-1375
-1637
1487
-61
-3367
-4669
-2749
-696
-1978
-2148
-1947
-2748
-2081
-1334
-1090
-2403
-1595
2561
2977
1943
899
392
1110
268
1938
4171
4423
4318
2643
1098
-831
-2857
-2685
-1865
-635
-747
-1515
-3001
-6165
-6750
-6426
-3642
-2369
-2589
-126
2102
5276
4162
5460
7764
7900
8331
6386
5883
2605
4702
9406
11273
7525
2614
5754
4347
1430
-4568
-9951
-11413
-8883
-2193
-4172
-6055
-6199
-6697
-8958
-14627
-14261
-11734
-6938
-2762
-1521
348
384
4136
3869
-1009
-3791
-3484
-5
1230
5920
10257
11355
9469
3822
-959
-4296
-4971
-3229
-695
101
2277
5598
4236
-1164
-4794
-4504
-5138
-5055
-2170
1454
4530
3904
4020
3471
300
-604
847
3563
2301
2462
5730
5741
3824
2494
3835
2565
-1557
-2038
258
224
-1762
-778
1345
-325
-2732
-2341
-3195
-5123
-5170
-4668
-3597
-2792
-856
-62
-2011
-2000
-1160
52
355
875
2005
1573
2178
3076
2517
1517
2278
3954
3609
1376
-169
930
1669
542
-298
-754
-701
-1656
-1352
-1093
-1697
-1676
-2280
-2443
-3492
-2221
-1591
-1835
-1761
-722
2695
3001
4450
6594
7826
7320
3924
3579
1005
247
4736
8256
9774
4418
3496
3092
810
-1765
-7674
-7673
-9035
-4835
-2997
-5084
-2671
-3313
-3479
-8445
-11189
-11154
-10464
-4269
-894
697
748
1380
2833
-1327
-5626
-6452
-4022
-573
2876
6636
7522
6617
5191
1182
-3464
-3911
-1252
1667
2269
3163
5192
3728
821
-868
-864
-1492
-3736
-2195
55
303
1612
2706
4133
1212
-1688
1173
2663
2050
200
2543
5955
3644
2660
3341
3053
467
-1656
1460
2819
-527
-2079
42
1316
-1652
-3788
-2639
-3992
-6708
-5465
-2042
-1058
-3333
-2311
1917
1225
-2077
-3092
-206
1977
1626
3509
4094
3270
3058
3048
2630
-37
-1217
1086
3400
2791
656
546
402
-1491
-2477
-1626
-514
-604
31
1619
1104
-1885
-2540
-897
-1680
-4248
-4455
-2202
-1530
-108
2465
5017
4779
1670
795
566
583
354
274
1384
2790
3134
3174
2276
1220
-328
-90
3255
826
-2643
-4170
-1663
-141
-2537
-561
74
792
-1033
-3288
-4028
-7658
-7043
-5513
-4224
-3215
-2058
1017
-1152
-3929
-5438
-6466
-5509
-5199
-1152
3269
5177
6152
5313
3860
1877
1197
1199
415
629
2904
5325
5767
3977
2269
1129
-1794
-3290
-2764
-926
861
2073
4545
4502
2952
1529
344
-310
-736
528
2806
2985
2573
3694
3489
2271
-330
-2468
-3622
-5498
-4397
-2356
-1393
-957
-1559
-856
-2722
-5596
-6119
-4744
-929
642
1728
2587
2120
2293
2382
2253
1184
-7
1616
3845
3377
2683
2602
3337
2307
-458
45
404
-665
-1239
-1371
-12
-655
-1054
60
-182
-561
-1058
-384
-1021
-1844
-510
1630
2241
285
235
176
-909
-2502
-3441
-2736
-2649
-1785
-1167
-714
-548
-287
-861
-2098
-2703
-4315
-3924
-1604
2139
3987
4121
4710
3929
3463
4261
5090
1957
-1438
-375
2938
2940
1261
2744
4022
1628
-2861
-4835
-5540
-6296
-5524
-3692
-3584
-4378
-2945
-1093
-2009
-4521
-5051
-3399
-2449
-2521
-1043
1156
2174
1940
1683
1301
407
188
1284
2001
2082
2608
4003
4806
4492
5007
5086
4536
3203
2691
2962
3328
3970
3307
2104
1511
1951
659
-1699
-3334
-3564
-4046
-5561
-5361
-4663
-4008
-4398
-4339
-3736
-4848
-5196
-3707
-1095
-73
-765
684
2739
2888
1263
1694
3973
3283
2299
3129
4297
2846
1362
2779
3016
653
-415
1927
2092
-758
-1704
-216
-544
-3047
-2853
-558
-35
-776
349
1998
1303
-154
542
2181
1268
601
2646
4321
3270
515
651
1070
-1890
-4316
-4551
-3551
-5438
-7048
-5266
-4314
-4847
-6051
-4367
-3861
-4164
-2974
-151
2023
361
-59
91
3143
4569
6845
8504
7067
7237
6596
9710
7028
2787
1230
2143
5191
1859
1691
2223
2088
-636
-5379
-5711
-7577
-6503
-5022
-5039
-5456
-6502
-3777
-3791
-5388
-7008
-6372
-4502
-4478
-2740
-1147
1530
2016
2754
2407
1589
3534
4099
5689
4630
4749
5698
5100
5553
5039
6094
4878
2274
893
-206
358
-316
-530
-1618
-4141
-4533
-4138
-3358
-4669
-6057
-5039
-4891
-5616
-3967
-707
1154
434
-405
980
-65
-829
1313
3370
3762
1950
3083
4303
2407
1051
877
984
-550
-450
2823
3750
1737
145
182
-117
-2383
-1889
470
885
785
1268
2737
1750
445
1387
2200
1512
452
1391
2223
1924
1881
2157
768
-1505
-2206
-1587
-1964
-3145
-3421
-3216
-3012
-3729
-3825
-4291
-5765
-6437
-6038
-4967
-4719
-3499
-1119
121
-427
-1238
-146
1152
2171
3343
4128
3516
1957
4319
7617
9317
8155
6510
7912
7473
7065
4003
1350
404
112
2140
829
238
-931
-1847
-3379
-7610
-9869
-10844
-8281
-6099
-6097
-6161
-4895
-2626
-3817
-5017
-5328
-4363
-3068
-1890
1684
4234
6447
7681
7176
3683
679
2416
4089
4209
3362
5337
6528
4361
1887
199
-244
-2509
-3017
-2328
-2963
-3572
-2591
-664
-1961
-4368
-3990
-1740
-1157
-1976
-1375
836
923
248
1493
2659
2139
-59
684
2297
1303
588
1897
4021
2408
-57
782
740
-1170
-2078
-170
1049
-669
73
2789
2237
-300
-736
1237
1561
544
2557
3822
2493
1189
1110
1151
-899
-943
597
510
-1026
-1940
-869
-1759
-3579
-3629
-2868
-2340
-3098
-2250
-1198
-1790
-2502
-3295
-2331
-2935
-3720
-2827
-2834
-3282
-4082
-2828
-1840
-2036
-2124
-587
1625
900
710
2063
5348
6304
5296
5304
3862
5551
7307
10289
10518
7069
7299
7330
8202
3055
-1221
-775
-785
612
-1238
-1029
-2553
-4658
-5755
-8857
-10586
-12089
-8520
-4947
-5323
-5497
-2896
68
-1881
-4001
-4347
-3112
-1942
-193
2979
4500
5678
6015
5577
1567
-1713
371
2687
2560
604
1795
2928
1017
-1114
-1876
-1909
-3035
-2509
-505
402
-155
141
658
-1325
-3062
-1696
969
1029
395
1720
2675
1911
373
1323
2078
837
143
651
2100
1333
866
1683
1267
-414
-1864
-676
5
-1004
-663
1126
1757
404
152
1390
705
-1096
-382
1472
1805
1188
1887
2427
-409
-1845
-1264
-978
-1232
-1466
945
1143
-313
-1070
-1455
-1907
-3521
-2811
-1517
-1385
-1821
-1181
-319
-1395
-2802
-3387
-2779
-3304
-3847
-3009
-2155
-2820
-3883
-2527
-1021
32
1391
3327
4744
3491
3809
5829
6347
5499
3748
6040
8641
10158
11198
8391
7228
6244
7171
6192
751
-3027
-5094
-1715
-595
-2432
-3240
-4023
-3864
-7613
-10539
-11206
-9882
-7034
-6301
-5314
-4799
-2771
-851
-1868
-4360
-5695
-3487
-752
1113
2209
3571
4290
4013
1624
-1322
-813
879
1900
737
599
1949
2131
1477
-684
-1553
-2236
-2219
21
1079
2426
3294
3127
1800
-738
-1098
398
1539
1715
1930
2429
2962
1176
392
1075
186
-338
-1335
146
1305
469
1224
394
-776
-1761
-1643
335
-933
-1793
-576
239
573
-285
604
630
-1596
-1483
2
1073
1419
1217
2481
1429
-826
31
287
-47
-891
-196
1431
-155
-936
-80
115
-1399
-2681
-1636
-424
-1058
-899
497
-660
-2546
-3217
-526
-282
-2515
-2919
-2758
-2040
-3961
-2439
-1194
-999
328
2007
5213
3663
3826
5114
5903
6059
4397
4772
4839
7974
10657
10223
7026
3713
4201
4353
5428
1665
-3873
-6429
-4276
-647
-3548
-3574
-4029
-5277
-8450
-11834
-10177
-11022
-8144
-5011
-4286
-5148
-5137
185
-1565
-6285
-7029
-4001
-60
612
3667
5359
4038
2091
173
-1622
-2945
-280
3624
4199
1802
2206
3574
2346
-382
-2121
-19
113
1452
4638
5583
5891
2774
2072
496
-2215
-195
2282
4678
2747
1568
2733
921
-1843
-2190
-306
-1477
-3186
-2421
1741
1657
-1374
-639
-1466
-2676
-4921
-1910
1204
-1828
-1219
128
1374
52
-564
2926
1637
-421
574
2367
2636
995
2071
3060
837
-236
298
-73
-74
-644
-259
40
-1361
-65
-440
-954
-1646
-2427
-621
-992
-792
-1242
-451
-222
-1503
-1374
-806
-190
-2208
-2444
-3325
-3698
-3229
-2044
-6
-126
2261
4220
4175
2696
1101
3108
5347
6349
6441
3949
6545
8733
9689
7886
2621
4906
4506
7817
4989
-3427
-6003
-7820
-1436
-3307
-5369
-4049
-5365
-5007
-11350
-12358
-12135
-10814
-5458
-5476
-5097
-4413
-193
944
-4599
-7494
-6121
-625
2698
4747
5646
4883
3481
1926
-287
-3520
-628
3649
5738
4184
2307
4378
2633
-465
-2567
-1857
1197
2550
6056
6618
4823
3280
643
248
-2902
-1537
2179
3252
2814
-80
1032
-1585
-4605
-5640
-3523
-1386
-2380
-146
164
249
-3362
-3925
-1926
-3188
-1015
483
3632
2636
-284
1791
1288
1041
552
2181
4142
1862
2239
3460
3169
698
-696
764
686
-407
128
897
-143
-1299
-1554
-50
-931
-1702
272
237
382
-112
1102
2211
-1057
-1457
-632
387
742
-746
1021
161
-2115
-3317
-4394
-3773
-4870
-3458
-1675
-1547
-1914
-1412
1462
780
152
852
4243
7790
7795
8020
4672
2205
3473
7288
10685
7249
5200
6781
7916
5057
-3357
-7043
-8647
-6286
-1545
-2304
-3049
-6079
-6761
-9688
-14852
-14364
-11621
-5371
-3465
-3615
-1750
-1365
-36
-1597
-5359
-6187
-2345
3616
5105
4883
6260
5426
3235
208
-2074
-822
1819
4654
5248
3236
2836
2923
1094
-1889
-3265
-203
2449
3693
5374
3957
2555
-233
-2609
-3096
-3576
637
2620
3064
1206
-1140
-542
-2544
-3037
-4036
-2152
-62
1367
2837
1649
1149
-2167
-2128
-2209
-1080
1785
2281
4699
1814
-56
-513
-790
1756
751
1836
1963
1014
2433
2088
2042
139
-891
725
783
608
1140
827
-68
-1313
-1474
733
376
336
705
-340
-57
-1254
-983
-1462
-2428
-596
-836
-1121
-1978
-1906
69
-1502
-3162
-4257
-3735
-2445
-2563
-2304
-2609
-1829
-892
501
1212
1571
3189
5629
7046
6297
5558
4973
3880
2951
5620
8536
10093
7903
5632
4326
2116
166
-6524
-8750
-7693
-2547
910
-2930
-5339
-9628
-10074
-12039
-13346
-10322
-8909
-2468
177
-1625
-2471
-2031
126
-3023
-4411
-1619
2521
6149
6462
7441
4971
1079
235
712
338
683
4025
5274
2964
571
1132
-9
-3687
-4795
-1815
2220
2949
4045
4102
887
-2336
-3001
-2389
-2431
-702
4312
7046
3293
11
-1602
-1738
-3310
-3708
405
1756
3316
3969
2670
-592
-4595
-3111
-1741
-1283
1064
2509
4341
3044
-146
-1635
-2706
-1150
1104
2910
3406
3815
3958
1970
706
289
-612
-543
1662
2418
2111
1563
179
-1427
-3685
-2730
-158
182
-30
-8
45
-1879
-3843
-2496
-1219
-1443
-271
928
165
-1218
-1504
-505
-1836
-3235
-1885
-63
-577
-2446
-2902
-2901
-2897
-3797
-1617
213
1866
4952
5551
5486
2731
3462
4911
4026
2545
3127
9480
12017
9844
3300
-127
317
260
-357
-5354
-6371
-5427
-1384
-1723
-8603
-10781
-10692
-5965
-7208
-9292
-6278
-4235
-479
-2141
-3217
-1660
1229
4281
1677
-510
-1759
1637
4882
3091
2315
1306
2587
2585
-41
-2531
-1951
656
-77
-91
587
1636
1475
-480
-897
-398
1915
4458
4708
3025
552
199
1393
1110
428
1386
2799
1722
-164
-708
-121
-349
-2102
-1784
-1317
-370
2223
2767
952
-2662
-3653
-1345
112
1918
3261
3283
1961
172
-53
-1001
-668
1408
2454
2164
1725
3005
2797
641
-572
-877
-1104
-95
1277
1587
773
-1154
-1855
-3031
-3105
-213
882
501
-1026
-2056
-1796
-3166
-2628
-1239
-832
-647
-65
461
-997
-2491
-2651
-505
-991
-1519
-1474
-1912
-1697
-3669
-2447
-2636
-2313
-216
2325
4699
3149
3788
4794
6537
6318
4944
4494
1982
3492
6976
9619
8528
1430
-1873
-1338
894
304
-6251
-8105
-7376
-2671
-1261
-5003
-6529
-9139
-5431
-5238
-6777
-5685
-3849
2946
1287
-2532
-2167
1508
5440
1020
-1651
-2495
-1264
2725
3130
3653
996
-950
283
-1359
-3547
-2259
1783
2278
-652
-684
2807
2310
-1164
-2090
472
3501
3509
5235
4556
1208
612
762
677
-1800
-1291
3726
3320
-274
-1809
-1518
-241
-2944
-2144
332
-590
1369
1913
2740
497
-2759
-656
689
2233
2799
2972
3908
1200
-1211
-883
-787
-525
-55
1919
2359
185
81
378
-1053
-2588
-1229
1689
1196
-633
1062
862
-2499
-3613
-2261
411
464
493
1167
-1710
-3408
-2618
-1373
-893
-1477
351
1928
-585
-2285
-2358
-1734
-546
-769
835
478
-1589
-2350
-3336
-2708
-3072
-1562
876
1831
2656
3554
5222
3911
2761
3750
6688
7853
4475
2090
2377
6076
8242
5185
-1211
-3323
852
3497
-633
-9008
-10886
-6905
-1356
-1762
-6712
-7667
-4820
-1241
-4711
-8002
-6905
-2305
3176
1867
-88
561
3409
4109
-625
-4097
-3917
995
3442
2396
3348
811
-1037
-3290
-5227
-2557
-40
2451
1512
212
1836
2779
1370
-2696
-3132
1739
6237
6730
4448
2463
1238
426
-2028
-2990
-1262
1733
4397
2353
382
-1993
-1792
-826
-3030
-2030
-1003
2384
3769
2956
2878
-349
-2171
-2664
13
2951
3589
4478
2929
-556
-2588
-1840
-1228
-1240
-68
950
939
44
536
217
-2672
-2797
-485
1072
129
440
2446
58
-2819
-2912
-1212
-52
-393
1344
795
-2016
-2398
-1268
-451
-1869
-1386
1153
1270
-775
-800
-50
-542
-427
675
2262
-261
-1556
203
713
-39
-1284
-253
-295
-1123
228
2244
3120
3370
3549
3604
3018
3994
3834
1363
-94
-39
4438
5548
3433
-922
-3553
-448
191
-1383
-7389
-8600
-5154
-2052
-706
-4786
-5422
-4280
-1721
-3048
-6522
-4150
-490
3905
2370
201
2005
2054
1722
-1737
-2823
-1880
-698
2131
1618
2057
815
-1252
-2508
-4386
-1725
1836
3122
1165
-43
2516
3480
1101
-1871
-962
2583
4938
5130
3496
1777
-336
-838
-706
-1024
68
1216
3090
1758
-457
-888
-1967
-2630
-4209
-740
3606
3076
2402
1594
1656
-1528
-4081
-1641
-388
1791
3825
3747
331
-3453
-2071
-1556
-2910
-2253
1353
3227
1634
891
439
-2002
-3619
-1062
763
643
1202
2407
1082
-2374
-2434
-1066
-1636
-2193
47
2473
1541
57
121
-712
-2327
-1750
1042
1788
833
1363
2702
1758
-772
-332
105
-499
-1322
34
1613
-118
-1127
-1413
-1710
-3647
-2755
460
2529
3212
2816
3889
2311
2209
2664
1271
182
-1316
2549
5557
4632
475
-3829
-756
713
223
-4025
-7594
-5411
-3227
1153
-1354
-4799
-4174
-1346
380
-4993
-5471
-1939
2398
3684
1416
2214
1080
203
-867
-2906
-2739
-2011
879
843
878
2598
722
-1355
-4972
-4132
269
2771
3758
1116
1591
3176
2456
453
-2478
-328
3196
4634
4605
2270
925
50
-1193
-2431
-2824
-1040
1470
1739
96
-1415
-2772
-1916
-2326
-1779
734
1776
3356
1803
1153
625
-1341
-975
-604
1659
2372
1857
2400
-21
-2133
-2998
-2922
-1097
482
2758
2290
-338
-1099
-1364
-1381
-2068
-1364
1020
2049
1939
1983
560
-2187
-2613
-1562
-75
1123
2405
3398
2279
482
-1014
-1407
-1056
511
2384
2774
2074
1560
2546
1453
-1097
-2459
-2056
-229
333
1207
542
-1349
-3055
-4545
-4010
-3459
-2191
-578
545
1219
1774
2042
2252
1184
-43
592
685
723
1046
4278
5880
2270
-2547
-3290
-398
1355
977
-2096
-4869
-4611
1160
2926
-1882
-5970
-3616
867
-1818
-3216
-1733
720
1388
733
415
-1900
-1480
1138
435
-2881
-3252
61
1246
-732
710
2902
1252
-2081
-3090
-761
1342
2598
2896
923
383
2528
2889
44
-3212
-569
2811
2333
1348
473
1096
339
-1507
-2676
-3683
-1637
1921
2720
710
-1813
-1029
190
-1061
-1364
-160
1284
1533
1326
1994
1366
-848
-1863
-1791
-773
327
1680
2357
-17
-1357
-1103
-518
61
610
2536
2304
596
350
434
465
-336
-301
903
1039
923
601
-352
-1051
-1285
-764
23
661
1618
1617
624
-393
-662
-173
537
1521
1760
2001
2140
1708
274
-1268
-578
630
994
577
443
334
-635
-1299
-1357
-1679
-2293
-1425
-482
-689
-1104
-1207
-706
-2060
-3634
-2856
-1573
-683
-438
26
-644
-2497
-2463
-974
-19
-510
-364
1033
2174
2224
1272
458
-715
-674
929
1851
1804
1978
2804
2303
139
-1192
-781
-138
496
908
1061
621
-240
-631
-1713
-2552
-2099
-982
-438
-351
412
594
-221
-1363
-1637
-1367
-1198
267
1742
1771
789
-212
-431
-765
-972
45
496
-297
-734
-192
633
0
-585
-428
-617
-401
417
1832
2030
870
89
-326
-562
-34
1194
1283
160
-665
-437
-484
-915
-517
131
306
-675
-1143
-556
37
793
925
692
514
938
2013
1614
996
846
815
1575
1644
1931
1477
253
-342
-488
549
1247
957
145
-12
282
246
-272
-140
892
817
631
184
555
1073
713
729
-459
-752
-306
8
298
-691
-745
-1240
-2434
-2765
-2175
-638
-783
-1661
-1695
-1554
-1561
-2234
-2561
-2498
-2361
-1422
-510
-521
-740
-842
-1009
-1440
-1106
854
1947
1675
1425
1736
2620
2131
1328
1140
1296
2293
2744
2846
2159
1335
1527
860
76
-154
325
1170
453
-202
-459
-1135
-1664
-2315
-1573
-483
-360
-464
-1373
-1815
-1686
-1633
-1577
-1963
-1487
-2
339
-385
-1448
-2000
-1667
-1971
-1490
-621
-452
-402
-939
-506
-80
-405
-424
-760
27
1068
1452
1706
1162
1501
1679
1219
582
-72
617
1209
1563
1350
826
309
-553
-568
-227
307
310
437
893
936
1179
825
783
979
1624
2202
1591
894
494
1468
2203
1850
1269
525
351
125
102
-3
-349
-149
126
577
173
-562
-579
-421
79
116
510
637
398
772
772
384
-558
-618
-82
66
-21
-660
-1203
-1995
-2209
-1698
-1778
-2044
-2170
-1653
-1575
-2294
-2324
-2288
-2280
-2263
-1744
-787
-763
-752
-402
-193
-346
-751
-13
1095
1580
1773
1607
1479
1290
1536
2060
1411
463
611
1638
2071
1028
347
183
-254
-194
452
1033
513
9
424
223
-670
-969
5
501
-41
182
574
-130
-1566
-1790
-1046
-959
-904
-613
-975
-1885
-1916
-1080
-1319
-2325
-1957
-794
-584
-750
-97
190
-528
-552
855
1358
732
916
1646
1791
840
651
937
793
1117
1270
577
-749
-763
440
206
-929
-1189
-617
-602
-992
-346
383
275
-24
224
742
1074
1529
2108
2150
1806
1746
1753
1467
1151
1493
1724
1352
1013
870
737
46
-509
-200
104
124
-178
-234
213
161
161
125
101
379
332
554
490
358
758
797
669
31
-306
-95
-657
-1356
-1794
-1555
-1005
-1157
-1571
-2345
-3025
-2723
-2201
-2071
-2335
-2266
-1555
-1193
-1187
-977
-758
-456
-354
-411
-270
19
1062
1772
1454
429
-370
228
1010
1197
984
574
639
860
944
720
76
-39
372
1072
1221
961
1098
857
323
-309
-349
237
617
781
350
-128
-438
-769
-917
-1297
-1201
-732
-856
-1286
-1904
-1832
-1136
-793
-646
-1184
-1500
-970
-361
156
58
37
324
575
1351
1516
964
565
544
1387
1616
1207
798
430
677
535
18
-649
-1114
-703
-585
-1043
-1318
-1094
-649
-714
-850
-668
-512
-252
345
970
1301
1289
1357
1325
1319
2226
2776
2423
1527
1405
2193
2001
1468
924
675
571
333
398
41
-83
295
269
-308
-767
71
1016
729
102
-162
34
149
364
703
560
118
-364
-731
-913
-655
-388
-758
-1541
-1913
-1627
-1801
-2277
-2497
-2282
-1765
-1751
-1740
-1751
-1669
-1190
-873
-662
-877
-619
300
566
490
201
224
193
-281
-177
-83
35
357
715
864
164
-243
-64
125
342
520
1100
1393
1363
1501
1188
670
51
-144
320
798
1208
996
309
-423
-987
-1053
-1123
-1059
-882
-869
-792
-822
-909
-1213
-1556
-1460
-791
-16
251
291
388
538
380
223
385
683
1375
1752
1605
1071
436
477
415
254
35
-218
-110
-231
-228
-552
-1187
-1419
-1563
-1350
-1047
-514
133
136
-99
-263
-159
111
440
904
1122
1289
1344
1140
837
712
1150
1384
1259
1076
1100
1238
768
383
311
575
980
833
670
391
313
602
640
792
948
1104
1168
876
670
487
290
228
176
243
57
-454
-797
-963
-1050
-1160
-1507
-1887
-1919
-1690
-1459
-1596
-2006
-2288
-2190
-1743
-1501
-1594
-1472
-892
-180
8
-205
-247
-44
401
630
716
700
668
711
424
117
-115
-29
154
207
304
70
-239
-430
-314
-124
-85
148
359
392
102
-118
-113
-269
-439
-287
53
93
-9
-208
-423
-581
-678
-625
-838
-938
-352
194
64
-376
-422
-71
-5
100
524
852
977
936
997
866
660
894
1051
1090
1287
1305
900
279
204
458
311
-138
-344
-202
-300
-675
-1124
-1106
-854
-666
-487
-645
-440
-171
24
213
155
357
447
655
925
897
962
774
480
396
535
856
783
629
623
508
426
257
104
64
209
468
530
263
18
157
396
466
432
379
200
8
66
151
1
-257
-385
-343
-464
-637
-780
-963
-1052
-1046
-875
-950
-1271
-1285
-1015
-748
-782
-976
-1139
-1047
-396
73
104
75
349
714
739
795
938
1162
1224
1175
1126
843
611
496
325
21
-197
-168
-158
-383
-679
-729
-812
-841
-727
-642
-500
-449
-403
-533
-785
-763
-541
-343
-501
-658
-575
-538
-646
-835
-734
-803
-933
-771
-537
-290
-304
-257
-204
-207
79
318
452
531
678
1147
1116
951
971
1045
1194
944
934
981
909
883
489
137
19
119
299
-108
-397
-402
-234
-156
-420
-213
-8
128
58
-148
-140
24
301
424
471
595
820
563
-50
-273
28
481
498
363
398
276
152
-72
-61
265
455
575
368
350
708
979
793
252
111
322
486
524
531
343
-139
-540
-718
-629
-553
-648
-906
-1379
-1411
-1075
-842
-992
-1428
-1291
-838
-691
-738
-687
-387
-216
-180
-92
-60
190
628
967
895
768
915
1046
1106
1182
1482
1488
1128
985
1026
980
534
148
131
-51
-64
-46
-342
-915
-1483
-1332
-1116
-1123
-1135
-941
-698
-984
-1325
-1422
-1278
-994
-638
-410
-685
-900
-718
-489
-443
-613
-544
-449
-388
-25
311
306
-151
-425
-153
131
284
494
601
572
514
645
696
429
450
649
684
536
380
516
472
94
-216
-428
-328
-148
-118
-196
-354
-258
-69
-74
-108
79
436
650
680
697
769
1018
1175
992
790
852
996
866
504
315
314
336
328
251
237
58
-48
26
24
69
183
307
248
107
282
366
80
-22
109
297
135
-104
-114
-255
-386
-474
-541
-755
-964
-738
-620
-865
-915
-645
-419
-679
-852
-463
-41
89
63
22
-21
95
406
556
457
492
674
672
478
538
744
643
370
382
604
604
436
348
205
1
-192
-421
-530
-416
-171
-324
-775
-1141
-1084
-792
-740
-765
-921
-1010
-961
-889
-900
-1019
-893
-671
-783
-965
-949
-795
-737
-695
-469
-355
-361
-333
-209
-119
-38
189
257
99
278
805
1031
768
540
595
643
711
909
900
565
445
518
435
161
-66
12
-68
-221
-145
-45
-82
-285
-165
97
99
160
302
429
532
663
879
857
808
976
1038
935
716
657
788
787
617
391
154
215
387
377
158
-155
-46
174
267
324
370
389
253
182
247
259
225
80
-84
-163
-230
-130
-347
-707
-869
-946
-914
-1044
-984
-865
-857
-869
-988
-944
-839
-617
-330
-314
-239
38
252
255
169
205
316
415
424
443
366
329
292
235
257
142
211
193
123
227
191
26
-256
-337
-260
-314
-256
-231
-234
-268
-429
-495
-680
-700
-470
-354
-422
-513
-411
-325
-456
-585
-583
-570
-494
-286
-69
-108
-205
-276
-332
-310
-212
78
130
151
273
354
456
402
467
523
534
629
610
568
435
448
644
521
255
58
82
155
69
-44
-240
-389
-392
-355
-354
-356
-290
-90
-3
-38
53
325
599
627
632
756
828
825
775
738
677
557
510
412
284
194
143
13
-206
-276
-219
-162
-230
-166
-54
-43
-17
-8
48
67
122
225
234
167
73
46
40
-57
-135
-158
-188
-324
-374
-268
-316
-358
-314
-293
-380
-528
-434
-237
-105
-76
-91
38
110
155
249
243
186
135
271
311
140
114
134
160
105
44
102
11
-97
-115
-3
-38
-389
-536
-538
-485
-427
-403
-429
-566
-586
-610
-676
-735
-639
-353
-282
-414
-463
-282
-76
-110
-108
16
37
102
233
307
300
241
228
91
-34
126
336
422
322
286
414
407
307
215
196
185
201
279
274
228
188
148
-9
-186
-152
-15
70
13
-145
-256
-291
-288
-293
-277
-283
-227
-56
14
9
-13
67
169
212
331
438
532
640
620
534
458
368
397
411
343
212
81
-21
-154
-186
-199
-274
-372
-385
-153
88
134
71
-89
-141
-76
73
177
165
181
157
98
-79
-170
-104
-24
2
-95
-79
9
-21
-121
-143
-101
-76
-21
86
158
184
329
372
236
142
257
532
546
308
169
253
341
218
29
-43
19
69
55
-111
-409
-519
-483
-449
-579
-672
-518
-446
-521
-737
-724
-590
-586
-525
-571
-506
-420
-379
-334
-433
-446
-315
-150
-114
-106
90
343
325
162
84
84
175
237
240
246
291
376
378
256
171
206
344
376
288
229
228
192
128
154
193
226
158
47
1
16
82
108
-15
-162
-265
-287
-275
-282
-216
-132
-108
-199
-213
-83
5
-20
-91
-120
22
195
336
310
140
150
223
293
297
303
320
215
86
20
-49
-127
-158
-136
-154
-110
41
164
148
22
36
67
50
86
274
404
300
124
48
87
22
-33
-110
-187
-127
16
176
110
-32
-78
-99
-95
-33
155
297
278
256
287
328
272
149
117
100
167
253
250
215
126
160
109
-98
-253
-221
-103
-176
-278
-314
-236
-215
-285
-421
-598
-632
-550
-398
-354
-303
-261
-282
-324
-411
-417
-278
-161
-112
-49
-23
28
46
4
-59
-79
-54
20
79
122
177
120
-13
-130
-143
-106
-56
8
54
9
-3
35
53
47
12
75
156
216
210
112
59
67
82
148
178
104
53
44
-12
-123
-170
-108
-56
-91
-113
-101
-53
13
-18
-58
-108
-101
65
166
193
189
148
118
40
53
102
164
203
86
25
-23
-29
-8
-61
-31
3
68
96
38
31
79
132
158
177
216
267
297
299
233
200
245
284
249
256
291
306
250
105
85
61
82
129
225
293
262
203
76
-9
-95
-42
-5
-23
7
55
53
-85
-238
-256
-241
-281
-253
-158
-97
-151
-218
-256
-277
-344
-369
-307
-254
-242
-236
-200
-218
-229
-253
-260
-269
-275
-208
-176
-166
-155
-126
-59
-93
-126
-107
-147
-153
-127
-57
4
-12
-21
-27
-52
-121
-165
-67
-15
-17
73
146
127
29
25
63
51
31
98
266
299
288
256
155
104
107
142
91
65
132
142
98
-33
-124
-121
-162
-193
-188
-127
-68
-57
-92
-136
-128
-104
-83
-28
49
120
137
116
84
42
80
131
177
190
179
187
127
64
7
19
82
50
50
85
108
94
74
92
85
120
88
120
227
205
170
133
127
161
211
232
178
117
146
154
136
160
170
205
210
162
98
98
90
79
70
72
124
160
112
33
-1
-61
-112
-152
-115
-38
-26
-84
-203
-284
-281
-320
-369
-367
-313
-215
-249
-275
-342
-396
-359
-386
-354
-296
-195
-147
-212
-240
-218
-218
-196
-164
-136
-10
101
98
12
-17
10
29
8
48
139
142
39
-50
-58
-101
-45
-36
-51
11
22
73
-12
-155
-130
15
88
66
153
239
222
104
-52
-77
-44
34
81
76
117
112
60
-106
-276
-266
-133
-58
-54
14
62
42
-45
-100
-60
-9
69
145
174
212
222
192
125
64
89
150
167
169
142
136
165
105
-7
-39
10
40
99
141
177
200
180
128
151
251
329
368
285
267
276
291
331
313
275
209
171
151
123
98
70
23
24
5
-10
3
-44
-134
-199
-177
-169
-121
-47
-39
-84
-129
-170
-259
-310
-310
-289
-259
-243
-267
-307
-372
-455
-432
-418
-416
-345
-265
-234
-225
-225
-240
-240
-256
-196
-129
-51
59
88
43
-51
-31
32
79
95
97
122
85
41
33
36
11
-7
28
52
35
80
126
91
44
53
108
133
142
135
169
161
121
116
127
136
76
66
76
64
44
37
18
-27
-31
-54
-35
-44
-47
-35
-66
-42
-63
-43
-2
-69
-81
-92
-74
-105
-97
-38
-43
30
7
-13
-11
15
58
37
41
71
125
129
100
86
103
122
129
131
173
207
225
211
158
146
176
221
215
209
219
215
202
183
150
106
79
54
3
26
41
20
19
-53
-100
-94
-51
-49
-92
-81
-105
-134
-134
-143
-118
-110
-158
-185
-162
-170
-169
-152
-158
-145
-162
-151
-137
-174
-216
-205
-187
-187
-174
-177
-127
-138
-175
-174
-152
-65
-21
15
66
69
98
85
38
44
51
146
194
166
153
130
106
89
18
-29
9
25
19
-7
28
44
45
35
-1
10
64
91
101
101
57
26
19
50
23
-28
-46
-52
-38
-74
-111
-98
-104
-145
-176
-142
-101
-88
-86
-85
-66
-95
-104
-95
-97
-74
-28
39
29
22
19
2
1
-6
17
18
38
79
113
106
76
55
63
126
167
198
168
148
154
160
190
174
199
199
207
203
165
204
204
149
108
103
101
89
87
68
46
19
18
29
-10
-44
-60
-101
-121
-129
-117
-94
-103
-151
-177
-171
-149
-132
-167
-162
-155
-193
-162
-126
-99
-67
-95
-106
-81
-79
-71
-46
-41
-40
-47
-34
-18
-62
-64
-27
-5
17
4
13
45
52
35
5
18
56
76
87
109
125
96
32
-3
18
31
32
-4
-31
-12
-1
20
9
7
13
3
37
33
36
38
16
20
-7
12
9
-9
1
-41
-58
-1
26
-44
-54
-25
-41
-85
-96
-95
-86
-73
-51
-40
-50
-15
-30
-34
-42
-67
-15
3
4
16
0
-20
-37
-35
-41
-37
-14
20
34
20
-10
-18
-4
6
40
70
92
67
73
84
63
47
59
90
95
83
90
94
48
27
15
31
26
68
104
82
34
30
51
23
59
73
71
51
69
77
72
57
38
48
10
9
-10
-43
-32
-41
-51
-36
-37
-17
-5
-51
-82
-77
-62
-48
-51
-40
-31
-25
-13
-19
-29
-76
-96
-98
-79
-51
-26
-12
-28
-54
-82
-65
-64
-50
-53
-31
23
44
56
34
12
-2
19
59
111
130
142
130
89
76
69
74
83
89
81
59
41
31
-18
-17
-16
6
6
-48
-58
-49
-80
-106
-102
-132
-121
-97
-87
-83
-46
-79
-117
-116
-126
-140
-143
-108
-115
-117
-111
-70
-78
-69
-65
-70
-34
-44
-37
-34
-14
-10
-11
2
19
16
-17
-8
-23
-36
14
35
53
68
71
78
87
88
99
126
124
160
154
133
136
100
95
81
110
151
145
146
123
101
71
56
39
35
83
64
58
78
45
32
1
-14
-12
-8
20
24
39
17
-20
-22
-30
-28
-3
-3
3
-3
-6
-22
-51
-32
-32
-22
-5
10
53
24
-20
6
19
22
15
11
25
25
26
3
-26
-48
-41
-45
-61
-80
-80
-73
-107
-91
-81
-89
-80
-54
-48
-58
-33
-29
-39
-70
-54
-20
-2
-22
-57
-42
-65
-51
-46
-66
-69
-63
-52
-69
-57
-53
-66
-75
-57
-2
-1
-31
-40
-38
-51
-30
0
-9
31
34
0
-1
19
9
-26
-15
-12
-16
-2
23
21
-10
-53
-23
39
41
48
48
70
87
50
32
0
-32
0
41
56
53
57
45
25
22
-3
17
47
49
62
62
62
70
70
45
56
90
90
101
107
88
45
57
75
69
108
99
67
69
66
45
31
45
41
28
31
30
28
-20
-27
23
-4
-17
-19
2
13
-20
8
-17
-43
-29
-38
-16
20
-9
-59
-57
-47
-27
-6
20
14
-32
-45
-28
-63
-60
-41
-69
-51
-54
-43
-34
-70
-95
-89
-91
-73
-15
7
-4
-13
-47
-70
-82
-87
-48
-58
-34
-6
-57
-83
-110
-92
-59
-41
-34
-54
-71
-87
-47
-22
-15
5
3
7
14
12
10
28
13
-3
3
6
28
35
10
-17
-19
-3
-10
-6
24
42
47
48
23
-7
2
18
75
96
38
0
-28
-44
-4
21
22
44
67
59
59
76
66
35
-4
40
78
78
101
41
9
-12
-19
19
28
77
88
52
19
0
-13
-39
-50
-32
-11
-3
23
45
29
9
13
-3
15
31
44
79
66
63
64
24
-7
-3
29
54
45
25
3
5
27
34
10
-10
-13
8
49
57
57
31
15
18
16
54
32
29
-16
-53
-7
-38
-38
-53
-44
-41
-35
-22
-54
-67
-74
-40
-11
16
4
-28
-43
-53
-51
-28
-10
-25
-82
-110
-124
-158
-154
-139
-120
-93
-59
-93
-98
-77
-92
-108
-134
-102
-81
-70
-44
-42
-41
-48
-72
-67
-15
3
22
47
24
-6
-25
-3
0
2
22
36
51
34
74
76
47
34
21
64
95
102
82
62
52
38
28
25
38
44
55
44
62
61
54
91
73
92
91
102
129
88
76
75
81
54
53
80
56
42
9
-11
34
16
16
9
-9
-10
-36
-4
-32
-43
31
35
24
37
5
8
-6
-19
-7
0
30
32
41
55
38
16
19
26
11
-7
9
39
29
1
-1
9
12
10
11
18
25
-6
-47
-52
-76
-95
-102
-90
-73
-66
-89
-102
-81
-88
-88
-82
-87
-76
-54
-50
-76
-120
-108
-90
-90
-78
-89
-88
-84
-108
-107
-57
-79
-53
-7
8
9
-4
9
-12
33
35
25
49
61
58
26
31
34
-9
-3
16
37
55
23
47
44
21
14
41
53
56
61
21
34
57
40
6
13
-4
-1
20
29
16
-26
-42
-45
-7
-19
-25
-8
13
10
-7
32
26
15
17
34
60
56
44
34
28
25
29
74
70
47
66
40
40
45
51
51
44
72
37
38
51
35
50
4
10
34
22
16
-4
10
-11
-19
-13
-14
13
21
0
-20
-37
-41
-7
3
13
30
9
-17
-13
-28
-8
14
-10
-19
-31
-7
-25
-39
-51
-45
-13
-41
-38
-28
-39
-66
-66
-46
-17
-10
4
-7
-33
-25
-21
2
-29
-58
-49
-38
-50
-48
-31
-61
-70
-42
-26
-54
-34
22
24
3
0
2
6
28
-3
12
37
1
-11
-39
-38
-73
-61
-28
-45
-44
-54
-47
-77
-67
-48
-34
-12
-3
1
15
32
29
14
10
28
4
0
18
24
4
8
6
19
34
10
13
7
17
19
38
46
57
67
77
93
69
60
51
48
63
79
69
47
40
46
65
51
54
49
41
73
39
22
15
22
34
9
10
40
51
18
13
13
16
1
-12
16
32
43
29
22
3
-19
-18
-4
-2
-47
-12
-9
-24
-10
-29
-26
-35
-28
-41
-44
-38
-42
-28
-57
-46
-25
-21
-47
-51
-23
-39
-47
-39
-27
-36
-10
0
-16
-35
-49
-25
-42
-44
-29
-26
-38
-41
-28
-44
-40
-29
-20
-25
-25
-16
-11
1
13
23
-3
-14
-20
-18
-11
-17
-9
8
-2
-25
1
11
20
16
4
10
21
24
13
21
10
7
3
0
-12
8
17
-43
-26
-14
-27
-28
-8
10
-9
-10
6
28
5
-1
2
0
-9
-16
12
4
-2
6
40
54
44
69
71
64
47
44
60
52
65
60
33
41
54
61
44
52
56
28
-2
-2
36
10
-8
13
22
-3
10
23
-7
-20
-24
-30
-53
-40
-20
12
33
-3
0
4
-26
-35
-28
-11
6
19
-9
-5
17
17
14
10
31
-1
3
14
-6
20
34
13
-3
0
12
13
0
-20
-24
-26
-47
-39
-40
-28
-22
-35
-16
-19
-19
-10
-44
-32
9
-10
-33
-56
-36
-19
-37
-47
-49
-28
-29
-29
-24
-25
-10
-32
-32
-15
-7
10
-2
-16
-47
-64
-45
-36
-51
-19
2
-3
-9
-26
-19
-16
0
32
50
32
27
17
19
33
35
13
-15
-17
-31
4
-34
-50
-15
-10
19
4
35
38
25
35
19
45
57
31
18
32
53
50
40
25
31
15
-7
1
1
-18
-15
15
28
21
27
85
79
53
66
71
69
60
47
50
69
55
33
13
18
-4
-13
16
33
22
-3
-6
-4
0
-23
-35
-22
-3
17
23
-1
-10
-38
-54
-44
-48
-68
-66
-55
-78
-73
-85
-52
-41
-34
-7
-1
-7
-32
-36
-29
-5
6
39
28
12
8
8
22
0
9
10
5
28
40
24
-9
-20
-4
-11
6
7
0
12
-3
3
-14
-13
-8
-32
-55
-58
-50
-44
-44
-61
-47
-64
-44
-35
-32
-26
-37
-4
-21
-7
-13
0
16
9
17
5
42
47
31
7
10
-3
11
34
20
38
42
46
21
6
26
15
-6
10
14
20
29
32
33
3
-9
-12
0
0
-15
-40
-45
-48
-39
-22
-25
-27
-20
5
-1
38
37
9
25
37
21
9
19
24
20
9
9
13
24
22
34
28
35
36
14
22
31
29
17
27
26
27
35
29
45
39
14
26
40
47
24
34
22
-5
3
-9
6
-18
-54
-36
-10
-28
-57
-44
-46
-63
-39
-8
-9
-27
-10
-6
-32
-25
-20
-12
5
20
22
4
-10
-10
-7
-25
-26
-13
6
-14
-26
-1
-12
-12
-16
9
23
0
10
19
7
0
-8
-21
-17
-27
-43
-36
-35
-68
-66
-54
-61
-56
-50
-38
-29
-12
-21
-6
-10
2
-7
-16
19
9
10
8
7
-2
-11
-17
-15
2
2
1
9
7
11
13
22
32
14
14
42
23
28
47
33
35
-3
7
22
22
-7
-29
-6
2
13
9
27
17
28
24
38
44
21
28
35
28
6
6
13
38
14
5
0
9
35
23
25
13
8
4
9
15
10
16
49
44
27
51
76
63
40
25
2
10
-4
1
-10
-37
-34
-39
-32
-22
-10
-10
-16
-29
-41
-34
-15
-12
-23
-26
-15
-2
1
-14
-35
-44
-51
-40
-15
-24
-25
-14
-14
-18
-44
-3
2
-6
-1
-16
15
6
9
-6
-6
7
-33
-35
-22
-24
-23
-30
-28
-43
-30
-13
-36
-4
13
8
4
3
-5
-9
4
-13
-18
-1
0
-19
-22
-24
-15
-28
-55
-34
-13
14
30
34
44
32
38
33
27
31
3
2
5
-4
-1
0
7
-11
-7
8
-4
3
4
-3
-22
-14
7
3
19
16
13
5
0
14
15
8
11
33
47
34
26
35
33
16
5
19
31
22
21
29
25
4
-10
-10
-1
4
25
27
17
36
48
46
46
59
35
7
14
1
-6
-9
3
10
-3
4
0
-15
-10
10
18
6
2
5
13
9
-1
14
7
3
6
0
1
12
28
19
12
-20
-10
-11
-35
-29
-58
-58
-37
-23
-41
-59
-58
-60
-68
-75
-56
-47
-38
-39
-43
-40
-26
-49
-67
-51
-36
-24
-26
-25
-43
-35
-18
-13
-19
-28
-46
-41
-26
-32
-24
-54
-35
-9
-10
13
25
42
37
34
31
26
25
19
27
21
22
46
60
17
19
7
-7
24
18
40
46
60
57
48
41
15
9
27
25
-7
15
35
48
57
41
19
12
44
41
32
44
61
47
14
14
10
8
8
9
20
27
3
-8
4
-8
-3
-12
-15
-3
-10
-22
-3
3
-15
-21
-15
15
16
6
9
25
0
-13
-7
7
2
-31
-11
-10
-12
-19
-9
10
0
-8
-12
-19
-32
-35
-39
-49
-37
-15
-11
-4
-2
3
10
27
22
6
-4
-3
-10
-23
-14
-31
-21
-22
-13
10
-5
-8
-34
-19
-10
-46
-53
-30
1
-16
-31
-17
-7
-18
-32
-14
-17
-12
-14
-20
-12
-22
-13
-31
-29
-31
-43
-19
-30
-36
-23
-20
-7
5
11
10
-1
20
30
14
1
5
18
9
5
-4
-4
1
5
18
28
40
22
8
35
31
38
53
69
58
16
31
45
42
37
44
37
30
45
35
17
21
38
23
22
14
-7
8
26
19
5
45
44
43
40
25
44
25
2
5
17
-16
-22
-11
-13
-12
-9
-18
-25
-19
-18
-12
-16
0
0
-8
-25
-34
-24
-12
-18
-15
-6
-3
10
14
9
-26
-10
10
-9
-12
2
-5
-15
-11
-35
-47
-44
-24
-29
-39
-36
-31
-13
-17
-16
-11
-33
-34
-28
-66
-67
-52
-41
-35
-47
-8
-12
-22
-8
-15
-6
-10
-10
1
12
9
15
23
22
22
23
26
19
6
-4
0
-13
-16
-20
-29
-11
13
16
-15
-15
-6
0
11
17
42
48
46
31
28
43
21
0
11
8
-4
-3
3
7
0
2
20
41
40
32
20
31
51
27
35
38
24
-1
3
25
9
-12
-6
14
11
-6
-34
-21
-16
-6
-3
-3
8
8
21
4
12
13
31
58
40
33
40
40
46
33
16
20
25
24
1
9
0
-17
-29
-16
-15
-41
-35
-29
-20
-37
-45
-22
-12
-19
-13
9
-13
-24
-31
-41
-25
-27
-9
-10
-12
-26
-34
-3
0
-21
-44
-23
-28
-20
10
-2
5
6
-6
-9
-24
-28
-35
-20
-15
-45
-26
-15
-30
-40
-40
-41
-13
-2
-12
-16
-18
-13
-15
-2
-15
-14
-5
-6
-38
-41
-22
-28
-12
1
3
-13
-5
-11
33
70
47
44
60
86
57
44
63
40
47
67
59
76
62
79
50
48
47
0
33
17
32
14
3
25
21
27
6
15
8
20
23
33
17
-7
7
1
6
-22
-44
-38
-26
-51
-76
-62
-51
-73
-56
-1
-22
-32
-7
5
-8
-20
-19
0
8
-3
-4
-13
-9
-27
-25
-16
-10
10
-11
-6
3
-12
-21
-12
19
30
12
10
18
44
26
8
19
1
2
0
9
6
-7
-6
-15
3
-7
-7
6
-3
-5
-16
5
0
-14
-11
10
18
-2
11
-3
-3
-6
16
33
27
25
-22
-15
-11
-16
-9
-4
15
4
4
16
-6
-1
2
-5
9
-2
-6
-22
-7
-2
-24
-35
-39
-40
-54
-64
-60
-35
-45
-41
-25
-12
-9
-17
-18
3
20
22
39
35
31
26
18
12
12
16
5
6
19
20
-1
-29
-15
2
-26
-40
-1
27
28
18
26
21
10
34
33
28
6
24
41
29
18
14
32
16
19
24
42
41
34
15
6
37
35
26
20
23
48
41
18
10
4
11
-7
-15
-35
-71
-60
-26
-21
-40
-39
-13
3
-21
-13
-1
-9
-1
5
-3
3
-4
-18
-16
-29
-33
-29
9
3
-28
-17
10
3
-5
-3
-21
-16
-13
-22
-25
0
12
-9
-26
-26
-7
-9
-31
-28
-19
-7
4
9
-3
-20
-9
-7
18
28
0
16
7
-9
2
-13
-16
-4
1
-3
-5
-3
3
-17
-4
-3
-26
-6
22
26
-6
0
1
-6
-10
-14
3
3
3
-3
0
1
2
12
5
-11
-13
-4
-3
8
18
19
26
52
56
72
76
45
61
35
0
13
41
28
-5
7
-10
-23
-22
-7
-13
-29
-21
-27
-15
-23
-20
-36
-38
6
4
5
-2
0
6
9
25
7
-19
-9
9
-1
-5
9
15
16
9
-4
11
22
3
-5
6
27
19
15
26
15
-9
-16
3
-19
-45
-36
-37
-17
-15
-33
-27
-5
0
2
31
29
12
-4
-10
-2
-20
-34
-5
22
23
3
-4
-5
-18
-27
-39
-2
-1
-8
12
13
4
-21
-19
-14
-22
-1
18
6
3
1
19
3
3
17
-6
2
12
25
15
12
19
10
6
9
14
2
-7
4
12
9
0
-12
-22
-19
-18
-26
-13
-23
-22
-6
-34
-24
-18
-1
1
-13
-6
-22
-29
-32
2
2
-22
1
3
-10
-2
6
-7
0
27
34
31
25
18
11
4
25
-3
-10
1
-4
6
-10
9
16
24
16
18
23
10
25
19
25
14
3
-3
-5
0
-21
-5
-6
-9
7
3
-1
-13
-21
1
3
13
31
24
26
18
19
27
21
3
6
19
7
11
5
-4
4
15
9
13
34
34
32
30
3
0
6
2
3
4
-4
-21
-5
-17
-13
-6
-17
-12
-23
-25
-29
-49
-59
-45
-34
-31
-29
-15
-31
-48
-30
-46
-65
-47
-32
-23
-19
-30
-29
-21
-9
-24
-16
12
-15
-27
-37
-44
-37
-25
-8
-9
-10
15
15
4
19
42
63
44
37
42
33
29
32
51
47
22
21
28
43
36
44
71
29
29
26
2
6
9
13
1
8
-19
-29
-20
-9
-7
-31
-7
-7
-38
-30
-12
17
21
-11
8
32
17
19
18
32
27
-9
6
13
1
-2
-15
-1
12
16
19
4
7
-4
-15
-8
-7
10
16
21
29
-1
-17
-15
-4
-6
-19
6
4
0
-12
-11
-7
-29
-49
-58
-32
-40
-39
-29
-16
-19
-39
-27
-14
-9
5
28
20
7
8
0
-2
3
1
20
23
19
6
8
16
-15
-20
-7
7
-1
-9
-13
-6
8
2
6
-5
3
14
22
16
31
45
23
22
14
27
24
23
10
-19
-15
-6
-28
-21
-17
-26
4
-11
-28
-28
-10
-27
-45
-25
-13
-11
-15
-8
-3
0
0
5
-3
3
28
38
32
32
35
35
-6
-10
6
9
33
9
10
5
-2
-15
-31
-16
-22
-22
-20
-19
-22
-19
-8
-9
-23
-6
11
9
24
26
26
16
10
4
23
28
5
17
13
16
5
8
19
19
21
19
20
13
15
15
3
10
0
4
-4
-19
3
7
12
-9
-5
7
5
-2
-2
16
6
-4
2
3
-14
-1
-3
-6
-18
-21
-2
-6
-18
-14
-1
-17
-27
-31
-26
-31
-32
-41
-40
-19
-38
-44
-41
-38
-26
0
3
-12
3
0
-6
2
7
22
20
28
18
13
25
45
58
34
35
26
19
12
4
26
23
10
2
6
6
-10
-14
-15
0
-25
-32
2
-12
-30
-19
-4
-14
-17
-17
-9
-10
0
3
-1
13
3
20
24
0
-9
3
7
14
6
8
26
22
9
19
15
7
8
-13
6
2
4
0
-10
2
-7
-21
-35
-16
-6
-14
-26
-9
-5
0
3
2
12
4
29
28
22
15
6
7
-4
14
21
32
42
23
20
26
28
15
7
-7
-26
-14
-8
-25
-30
-41
-47
-26
-7
9
-7
-5
-1
-13
-17
-16
-14
-11
2
-11
-5
-12
-22
-26
-31
-11
-12
-16
-12
13
10
3
-10
-25
-3
-3
-6
12
24
28
17
13
27
21
16
33
26
32
44
25
30
28
34
36
16
6
-6
3
-1
-5
-15
-6
1
-6
5
-1
-19
-34
-25
-5
-4
-12
5
-14
-34
-25
-36
-31
-23
-14
-8
-9
-9
-9
-9
-12
-23
-18
3
-21
-47
-42
-10
-15
-8
17
6
5
-8
-1
5
12
31
20
16
13
5
6
22
23
31
47
27
20
20
4
6
6
-3
11
1
-8
-13
-17
-4
6
4
-4
13
18
2
0
19
17
8
16
8
3
10
5
19
7
-7
4
-4
-1
-6
-18
-19
-10
-14
1
17
15
14
0
-7
-6
20
28
13
17
6
-5
6
10
10
9
16
24
29
14
6
24
8
-14
-18
-5
-2
-7
-13
-18
-33
-43
-31
-42
-46
-56
-44
-36
-32
-28
-47
-30
-31
-30
-22
-15
3
3
-10
-15
-16
-29
-22
-22
-7
3
1
1
-6
13
23
25
14
21
33
24
7
14
41
17
10
26
25
8
5
28
30
16
9
27
28
1
4
2
4
1
-10
-20
-24
-13
-22
-18
-32
-24
-1
0
-3
-11
-7
3
25
22
21
30
35
35
22
41
45
25
20
20
13
5
-16
-15
0
3
1
6
-1
-18
-18
-7
-3
-9
-2
10
7
1
-3
-1
22
11
-23
-16
-12
-22
-15
4
-3
2
6
-11
-11
-3
4
-3
-4
-19
-29
-28
-17
12
-4
-6
-2
15
20
-9
-4
12
15
-6
-7
-7
-3
-13
-23
-26
-40
-29
-29
-31
-41
-25
-6
-7
-6
-17
-24
-14
1
-8
3
-1
-2
8
3
4
0
-3
-3
12
30
29
7
14
33
25
35
55
63
50
29
28
44
56
48
23
11
10
16
12
3
15
20
-8
-28
-22
-22
-13
-32
-34
