19
31
34
73
66
41
26
3
7
7
13
20
48
29
33
31
-2
45
69
45
14
-9
-51
-62
-4
-2
-3
2
20
70
64
42
45
-1
-18
6
9
12
-2
27
19
-32
-4
25
6
-3
-15
28
40
44
68
56
27
21
63
20
-4
10
23
5
-36
29
45
9
-4
-31
-10
-21
-38
-31
-45
-83
-60
-41
-74
-39
-51
-48
-100
-161
-176
-123
-54
-37
10
-11
-1
12
15
9
3
-11
-4
4
-67
-69
-67
-67
-50
-41
17
35
24
35
66
73
84
78
93
101
20
32
55
48
60
91
80
76
65
76
94
22
38
12
20
-32
-69
-31
-63
-69
-76
-38
-67
-55
-56
-68
-63
-23
4
0
22
-6
45
35
40
46
13
99
88
45
63
51
60
6
5
-16
-69
-70
-107
-139
-122
-38
-25
11
45
31
18
4
-25
-12
22
-5
3
-49
-105
-94
-99
-111
-108
-42
46
74
10
-24
-32
-34
57
99
108
117
120
106
56
56
65
54
70
113
120
112
97
60
32
-3
0
20
-11
8
4
-45
-8
-27
-27
-39
-53
-30
-101
-107
-92
-108
-120
-91
-69
-50
-47
-33
9
16
10
-35
13
17
41
58
22
47
13
34
33
5
11
-26
6
65
24
-15
-22
-7
-15
-9
12
-21
-30
-28
-44
-81
-76
-53
-72
-79
-49
-39
-51
-45
-35
-22
-58
-54
0
6
-4
-9
-39
-29
-4
29
31
-11
33
78
90
86
81
69
77
101
77
67
63
15
6
15
15
35
47
95
70
63
38
23
49
24
-13
-21
6
-18
15
-4
-38
-29
-29
-21
44
89
78
50
-37
-64
-58
-50
-85
-37
-38
-36
-7
-41
-24
-37
47
57
113
133
57
68
40
-3
-29
63
97
60
19
-35
-54
-91
-94
-107
-98
-86
-69
-50
-73
-101
-117
-112
-129
-72
-48
-59
-21
-28
-59
-47
-6
-50
-77
-78
-58
-36
-62
-21
86
128
90
47
67
83
26
47
28
1
-7
24
63
49
60
53
86
61
48
46
71
64
19
46
25
18
-4
-6
0
3
5
7
26
0
-40
-59
-54
-36
2
1
27
91
50
20
33
33
-13
-35
-10
-18
-63
-66
-19
-19
-35
-13
31
50
71
39
57
10
-31
-13
-56
-19
-16
6
-11
-4
16
0
3
38
37
-18
2
-19
-13
-22
-31
-18
-32
-25
-20
-32
-42
-22
-32
-16
1
25
66
31
33
74
102
61
47
75
34
6
-58
-41
-42
-65
-48
-59
-34
-19
-38
-52
-42
-97
-67
-52
-73
-49
-35
-7
-41
-4
6
5
25
35
39
9
40
-22
-48
-6
-33
16
32
37
55
60
73
34
26
15
11
-14
-9
63
33
11
16
60
72
54
76
76
108
47
19
10
-58
-92
-111
-99
-128
-174
-126
-68
-67
-83
-73
-7
19
5
29
45
33
21
23
94
88
38
41
73
105
71
46
26
35
-8
-3
-3
-25
2
-13
-45
-10
-13
-46
35
15
43
49
70
89
33
37
21
40
-12
1
-4
-31
-55
-98
-62
-95
-97
-37
-42
-48
-43
-60
-62
-25
-3
-36
3
29
28
48
95
128
120
85
77
68
16
-11
-12
-7
-48
-54
-49
-35
-53
-12
-42
-21
60
-13
31
-28
-63
-24
-50
-55
-87
-94
-94
-95
-51
-44
-76
-36
-48
-74
-98
-83
-42
-52
0
-2
18
56
51
48
16
41
35
37
73
37
16
38
32
41
116
132
130
195
224
149
85
107
89
10
-23
26
4
-53
-71
-76
-70
-68
-41
-31
21
12
-10
-11
-13
18
-19
-22
-26
-24
-12
28
67
65
29
-6
25
9
29
9
-39
-28
-34
-42
-35
-15
-35
-10
22
27
23
10
67
42
4
35
20
45
-12
-65
-48
-82
-73
-102
-104
-97
-103
-116
-106
-68
-53
-39
-71
-60
-42
-28
3
18
0
-19
13
36
61
37
7
3
-45
-20
-26
-33
-5
-6
-8
-33
28
34
35
21
31
75
37
83
69
58
74
13
-1
14
4
5
0
-6
-18
-67
-61
-37
-16
-13
46
61
58
84
98
146
122
93
70
103
71
67
65
7
3
-31
4
3
-33
1
50
51
43
80
98
76
22
-26
5
-7
-45
-55
-60
-50
-89
-89
-95
-72
-102
-133
-107
-111
-55
-63
-51
-58
-94
-70
-27
-22
-10
22
-7
-18
-31
-16
-38
-17
18
-13
14
36
80
44
-7
22
47
20
-2
17
-7
-26
10
-1
-9
-16
-58
-68
-76
-29
-5
0
-9
-15
-4
-30
-14
-4
9
-10
-4
28
50
46
-11
29
48
77
65
39
57
45
62
46
78
54
48
16
10
54
1
-21
-56
-57
-6
44
15
25
30
29
76
82
38
-22
-1
23
45
6
-28
-25
-58
-47
4
-19
-20
33
62
80
2
-28
-40
-35
-39
-67
-47
-47
-26
-32
-29
1
-39
-34
-27
-29
46
18
25
39
0
-6
19
-20
-40
20
-8
6
7
19
32
28
36
26
33
33
1
-37
-44
-42
-23
-37
-76
-46
-13
-36
6
16
-42
-59
-49
-27
-68
-73
-53
-63
-48
-39
-31
-19
22
22
24
47
20
37
-5
-17
-16
-34
-24
-41
-25
-30
-25
-57
-20
-2
7
76
63
75
73
103
99
69
63
13
14
41
68
61
71
88
47
50
64
119
114
34
-22
-34
-13
-3
-11
-22
6
-42
-64
-10
4
7
-5
-13
-15
-53
-57
-35
-32
-12
11
53
46
44
3
-43
-24
-37
-39
-62
-35
-15
-26
44
27
-20
-9
-12
27
47
21
-15
-14
6
-41
-25
-13
-27
-48
-29
21
-24
-21
17
29
17
42
-12
-56
-56
-50
-39
-82
-55
-148
-114
-50
-23
63
31
60
60
41
5
8
2
-64
-58
-29
-12
-22
10
7
-3
8
-13
15
8
25
-10
20
62
10
47
47
50
10
28
16
-15
8
-10
9
3
53
59
50
45
30
72
55
48
48
19
6
-26
-13
-8
-29
-7
61
62
38
34
9
38
9
-7
3
1
1
-18
-50
-57
-54
-37
-33
-61
-31
-24
-34
-26
12
17
13
-42
-55
-45
-47
-3
-38
-42
-74
-60
-24
-34
-24
-2
28
28
16
-23
-2
38
32
16
4
-23
-42
-56
-44
-19
-41
-9
52
73
39
33
47
41
16
-5
52
12
29
69
20
53
83
88
82
86
88
105
79
72
105
95
76
28
-5
-9
-19
-27
-22
-66
-71
-78
-76
-53
-98
-32
-17
-71
-63
-59
-96
-133
-117
-114
-96
-116
-140
-120
-114
-117
-74
-26
13
6
-9
30
53
54
6
3
36
54
-3
-25
-11
-13
1
-18
29
50
27
16
76
87
63
82
64
47
4
6
41
47
36
-13
-53
-64
-72
-34
1
13
15
35
50
21
63
93
131
108
87
123
102
119
76
68
57
56
87
48
54
45
52
72
47
22
23
46
37
15
18
-23
-49
-15
-23
-36
-74
-66
-74
-160
-144
-121
-139
-116
-121
-131
-105
-114
-95
-79
-108
-83
-63
-87
-73
-47
-42
-76
-91
-66
-58
-39
-32
16
-19
-14
32
-19
-6
0
28
34
35
57
50
65
51
62
106
127
114
87
81
81
56
47
59
2
-20
-1
8
37
23
35
12
6
41
13
9
37
28
13
3
-14
-36
-59
-47
-37
13
-10
-12
3
-3
3
-18
25
29
48
-1
-32
7
-30
-64
-72
-64
-88
-69
-26
40
117
101
99
120
114
59
51
76
99
80
22
57
-29
-66
-32
-11
-3
-36
38
49
32
3
-6
-16
-17
-17
-94
-91
-60
-65
-105
-98
-92
-131
-151
-111
-22
-9
-45
-19
4
9
-16
-82
-41
1
-14
-25
-12
39
28
36
53
41
71
74
67
81
97
86
25
24
56
3
-29
-12
40
36
19
26
-26
15
-7
1
41
-32
-49
-64
-47
-85
-103
-57
-52
-54
-42
-35
-37
-39
8
24
10
11
-35
2
20
38
43
41
59
100
85
44
67
25
51
17
15
-26
-96
-102
-53
-32
-58
-32
-81
-36
-50
-10
17
37
80
22
12
-7
3
-6
51
76
43
41
39
86
71
54
85
99
110
37
13
42
60
47
-8
-7
7
14
33
31
9
14
-40
-67
-43
-26
-20
7
13
-45
-39
-20
-19
-34
-8
-2
7
-2
-38
-41
-80
-91
-95
-83
-46
-10
-33
-57
-40
-51
-50
-56
-54
-42
-79
-94
-69
-75
-45
-48
-60
-41
-56
-50
-10
29
22
48
42
0
6
5
25
-23
-24
44
30
37
69
86
87
118
133
159
136
114
124
108
120
96
50
4
-7
6
31
-3
6
19
31
32
32
59
13
-8
-49
-73
-70
-57
-70
-68
-53
-31
-31
-94
-115
-45
18
-16
-16
-2
-38
-59
-54
-76
-65
-48
-45
3
-45
-78
-19
55
66
79
151
85
93
121
117
137
105
86
7
10
5
-23
24
33
19
13
-81
-98
-74
-116
-96
-78
-43
-75
-72
-47
-58
-105
-121
-67
-67
-56
-47
22
55
30
44
69
78
53
17
16
51
16
-14
-4
16
17
-38
-41
-27
13
4
16
51
12
-3
-3
44
51
55
35
47
67
45
44
30
19
-1
25
31
32
-1
-6
9
-12
-20
-17
-30
-39
17
-18
-70
-35
-43
-64
-20
-31
16
54
25
-20
-11
9
-62
13
47
4
-44
-26
3
-32
-47
-41
-25
-17
-35
-71
-26
-3
-19
-12
-10
-54
-41
-83
-49
24
-1
34
39
72
68
41
22
62
106
86
78
69
69
28
46
116
82
18
22
13
21
7
-15
12
12
9
20
-10
-20
-27
-22
2
-8
-26
-64
-10
29
1
-26
-20
-28
-56
-43
-15
-27
-40
-67
-99
-49
-109
-71
4
13
32
17
7
-2
16
-5
-9
-9
-24
-55
-37
-47
-86
-66
14
62
39
19
9
14
29
41
20
15
-26
-11
14
19
23
31
65
31
15
14
19
-1
7
48
29
8
58
70
57
26
-28
-9
-43
-52
-6
-3
-16
5
31
54
35
25
39
26
24
23
34
-14
-44
-41
-62
-116
-105
-89
-96
-95
-89
-47
-72
-52
9
24
-23
-13
-18
-25
-1
19
14
37
52
41
111
117
127
105
72
66
38
47
56
31
22
39
18
-14
-32
-57
-53
-24
-31
3
-6
-40
-34
-50
-58
-51
10
41
21
35
21
-12
-42
3
27
-1
-41
-73
-48
-76
-14
29
-34
-54
-21
-22
-2
11
27
97
61
48
23
25
11
6
25
-7
-14
-6
-19
-66
-39
-14
13
53
60
16
-22
-2
39
68
81
72
23
-71
-66
-9
-1
31
16
4
16
29
-13
3
9
-29
-44
-32
-16
-75
-46
-50
-60
-67
-108
-84
-50
-49
-26
31
26
-19
-20
-9
-6
-7
-23
8
6
-28
-25
-18
-4
19
13
-15
-16
10
60
74
72
72
26
29
50
28
-15
16
29
-13
-21
-54
-7
38
59
94
95
120
103
61
67
46
-5
-3
-12
-32
-21
-42
-31
7
9
15
-13
-11
0
10
66
94
46
-6
9
-17
-35
-41
-37
7
7
18
34
31
8
-29
-6
13
10
16
-3
-40
-41
-20
-31
-32
-53
-53
-45
-26
-46
-44
-3
-56
-22
3
-53
-79
-47
-31
-81
-127
-97
-111
-133
-75
-72
-45
-43
-70
-89
-10
25
27
97
117
117
111
84
75
72
32
14
-9
-40
-57
-7
11
-9
8
13
-20
19
69
31
67
38
-14
-54
-48
9
-26
16
23
-6
-36
-8
14
5
62
48
80
123
171
140
114
119
120
143
127
116
60
49
18
37
69
58
57
72
41
-6
3
-23
-12
-17
-13
7
-31
-69
-75
-114
-135
-112
-129
-110
-28
-7
-54
-88
-44
12
-4
-53
-94
-83
-102
-134
-129
-128
-122
-138
-118
-89
-54
-38
-14
0
-13
-11
26
86
59
39
-9
-63
-30
-18
-99
-95
-64
-100
-73
-44
-24
7
41
54
55
32
3
17
48
-6
0
50
44
69
92
111
120
117
130
134
146
199
165
122
159
150
142
123
66
21
39
24
-4
11
-11
-9
-25
-27
-5
5
37
24
-29
-22
-1
-28
-67
-120
-139
-115
-82
-45
-52
-81
-60
-50
-19
7
2
-9
24
44
-25
-9
1
-54
-33
-72
-47
-28
-3
65
-12
38
81
56
21
27
60
28
-5
-28
-51
-76
-99
-99
-37
-78
-85
-55
-59
-44
-10
-15
-44
-4
-28
-57
-66
-61
-62
-66
-44
-10
0
-31
-38
-63
-104
-102
-17
19
18
41
78
102
47
74
70
50
34
24
27
20
18
-27
41
79
120
163
116
98
103
53
52
28
0
-37
-91
-36
-51
-8
-4
62
104
86
157
134
139
118
157
206
192
186
134
82
56
-22
-38
-86
-157
-96
-81
-82
-89
-80
-119
-97
-87
-102
-89
-149
-94
-104
-137
-153
-122
-143
-181
-158
-171
-108
-61
26
36
62
67
31
27
64
76
9
38
3
-27
-32
-46
-78
-99
-59
23
72
132
170
134
148
122
95
85
70
32
17
-20
-38
-9
-80
-76
-38
-29
6
-26
-64
-41
-54
-103
-87
-51
-74
-35
28
56
66
78
123
100
128
126
77
59
51
48
22
-23
-88
-68
-66
-30
-44
-126
-135
-110
-91
-136
-110
-99
-113
-42
20
81
78
111
144
104
171
124
65
98
34
12
-27
-38
9
-6
51
91
82
111
123
115
70
43
12
67
95
64
71
-22
-40
-37
-43
-22
-40
-48
-45
-33
-7
-13
-52
-79
-98
-105
-66
13
33
53
6
-13
35
10
-6
-2
2
-21
-29
-26
-49
-94
-67
-65
-88
-56
0
-2
-8
26
-3
-26
-55
-54
-96
-98
-119
-188
-180
-205
-181
-144
-96
-50
-16
50
73
118
87
12
57
95
100
74
53
16
-25
-77
-92
-35
-38
-16
60
105
29
6
25
28
45
75
125
78
59
53
51
76
99
127
123
101
98
121
91
83
83
30
17
-20
-41
-31
-37
-8
79
121
82
90
102
117
139
183
168
99
88
48
25
-10
-54
-66
-113
-115
-77
-85
-123
-116
-100
-82
-38
-31
-2
-8
-22
-31
-88
-106
-74
-83
-92
-84
-113
-80
-89
-75
-57
-54
-44
-38
-44
-50
-38
-135
-145
-153
-182
-145
-187
-164
-126
-119
-72
-98
-50
8
44
113
124
107
78
101
120
114
108
93
31
61
86
100
109
86
108
77
72
38
14
-8
-9
-28
-53
-66
-92
-82
-59
53
98
107
144
161
125
61
70
54
27
24
14
10
-15
5
4
-44
-10
-16
-1
45
63
105
111
91
76
115
105
57
56
74
49
42
63
30
25
-6
-21
-35
-38
-79
-89
-40
-71
-78
-83
-58
-55
-67
-65
-88
-97
-109
-88
-104
-167
-145
-117
-109
-44
-12
-9
26
15
-16
-12
0
30
-4
-30
-16
-45
-39
-50
-39
-30
-57
-14
-10
-6
41
39
-15
-34
1
-25
10
21
4
16
12
51
73
74
58
62
66
60
29
-4
-12
-35
-88
-59
-38
-70
-67
-27
55
35
27
66
106
139
92
58
66
11
48
38
7
63
27
50
33
-5
-20
27
39
42
37
1
-8
-75
-33
36
29
-1
21
17
1
9
-6
-12
30
40
3
-2
-17
7
36
42
64
25
17
1
-50
-65
-88
-54
-68
-47
-11
-54
-111
-92
4
-11
-53
-48
-51
-41
-58
-50
-3
-20
-16
-19
28
6
-48
2
14
12
54
75
44
23
15
17
-8
-12
-37
-40
-38
-40
-20
-67
-60
-17
14
45
60
73
61
40
57
62
23
16
20
-3
-66
-123
-96
-45
-52
-88
-48
-2
-7
19
-27
-10
47
53
101
60
26
-14
-33
17
0
-7
0
35
47
57
59
103
132
88
91
48
-10
-18
53
40
-41
-23
15
46
64
63
5
-26
13
27
40
27
5
22
-5
4
0
-33
-47
-37
-12
-72
-127
-158
-89
-61
-79
-32
-15
-26
13
36
-22
-27
-16
-4
4
17
-23
-34
-32
-32
-12
-28
12
7
-36
-49
-45
-34
-77
-129
-60
-43
-85
-125
-117
-34
-2
-14
0
52
42
134
129
98
144
116
113
37
-5
-9
9
27
47
-10
-3
38
22
62
35
71
81
95
103
82
78
55
21
22
7
-20
-36
-101
-44
-35
10
40
0
-1
0
69
54
24
-3
16
27
-8
-67
-119
-70
-95
-97
-82
-123
-83
-39
3
33
33
50
70
83
92
100
44
25
9
-18
-25
-76
-76
-28
-22
-50
-69
-62
5
6
19
10
-35
-25
-52
-55
-114
-104
-76
-61
-9
-53
-23
21
11
9
4
14
-29
-49
18
62
43
8
-11
-11
-1
5
42
48
60
79
22
3
28
16
14
69
54
39
50
67
60
15
-22
-28
12
-7
19
-10
-35
1
-29
-4
-7
-22
9
12
27
12
10
63
73
82
82
49
12
-4
8
26
3
-18
-47
-74
-19
25
-10
-7
57
9
-15
-9
-51
-55
-56
-75
-54
-36
-73
-68
-48
-17
32
48
31
2
11
3
5
21
-32
-73
-71
-76
-108
-94
-82
-80
-66
-79
-89
-102
-52
-57
-56
-30
28
80
61
115
119
155
200
195
193
146
69
89
116
108
135
95
89
74
25
10
27
14
35
13
-7
3
-35
-57
-58
-7
-40
-68
-114
-100
-78
-47
-44
-107
-98
-141
-127
-131
-129
-123
-89
-51
-77
-64
-51
0
51
89
52
28
32
-11
1
2
-3
-16
-39
-5
18
46
31
-26
-36
-25
0
13
74
88
44
15
-16
-20
11
57
66
18
-17
3
1
25
64
107
111
120
92
68
129
131
66
22
47
4
-2
28
45
11
13
9
-34
45
22
3
9
-4
-50
-66
7
-1
10
10
-47
-76
-50
-66
-80
-60
-126
-136
-142
-173
-104
-72
-86
-70
-85
-72
-90
-121
-91
-65
-60
-43
-64
-51
36
91
148
137
139
127
93
70
75
67
52
72
11
-7
-4
6
37
22
42
60
32
7
29
95
73
58
73
51
9
12
10
-53
-58
-55
-2
-7
-23
10
31
78
41
38
46
48
13
-27
-36
-24
17
35
60
23
38
-9
-16
15
10
56
-12
-59
-49
-14
-6
-15
-62
-86
-63
-58
-57
-121
-141
-95
-75
-92
-130
-133
-102
-112
-138
-174
-150
-129
-99
-51
-42
35
30
15
47
63
75
62
37
53
88
121
133
86
107
61
52
88
83
82
80
109
71
59
25
43
60
14
2
22
28
-14
1
-2
0
-5
7
67
69
95
80
76
62
47
119
124
137
94
39
77
63
25
47
69
29
-71
-128
-103
-80
-76
-54
-65
-94
-89
-110
-91
-153
-143
-109
-122
-102
-155
-150
-130
-57
-21
-41
-27
-16
-21
-21
-34
-13
17
2
10
19
26
-3
-76
-103
-59
-38
-39
-32
-10
39
92
73
0
5
32
13
41
26
22
15
6
25
-52
-63
17
37
8
3
6
5
-5
22
26
-5
23
13
-5
-2
-3
-6
13
74
60
111
116
92
134
130
170
135
129
117
107
159
149
41
10
67
48
7
-12
30
0
-43
-70
-54
-35
-49
-59
-76
-105
-135
-105
-89
-64
-71
-68
-61
-80
-24
-20
-21
3
-23
-16
-16
-20
-66
-147
-134
-95
-89
-71
-83
-82
-28
-23
-14
3
-19
-3
17
19
7
19
7
-19
18
33
75
75
48
25
50
88
76
106
89
41
8
41
39
-2
2
-4
-6
-35
-13
23
41
72
86
104
52
53
61
39
8
-29
18
13
45
54
64
28
26
12
-65
-48
-66
-16
-108
-117
-56
-79
-53
-22
-5
-52
-27
-32
-5
-3
-37
-78
-70
1
-58
-37
-43
-134
-139
-105
-70
-90
-130
-105
-73
-29
33
10
5
-3
-21
52
97
68
61
136
144
83
66
12
-18
4
19
56
79
70
46
24
63
81
66
105
112
67
7
-27
-8
38
29
-19
17
69
114
135
98
44
-26
-40
66
90
37
44
10
7
63
102
63
-16
-34
7
37
76
47
-59
-92
-140
-117
-95
-138
-133
-163
-138
-120
-44
-8
-101
-114
-76
25
42
6
-57
-136
-127
-99
6
24
-49
-108
-119
-91
-114
-44
-28
-30
-40
-32
37
7
27
23
39
42
88
73
28
58
69
113
55
90
109
56
4
-27
-31
-32
-3
-46
-44
-57
-88
-15
31
11
-47
-69
-13
30
34
67
110
86
102
123
113
95
47
89
146
181
177
85
54
47
5
15
64
72
-15
-5
-16
-35
-32
-35
-3
-56
-15
4
-13
-77
-93
-104
-82
0
-22
-26
-71
-102
-162
-133
-98
-56
-32
-98
-100
-145
-58
14
58
82
16
9
9
-7
6
16
0
3
-66
-84
-53
-44
-9
28
38
31
84
78
76
113
86
107
95
48
46
-10
-7
2
7
25
2
42
44
-7
-24
-17
-39
-17
7
9
39
13
-23
-19
25
53
59
26
-4
-15
-26
8
51
54
6
-16
19
15
-3
-9
-52
-70
-15
-32
-68
-51
-114
-149
-140
-98
-52
-60
-108
-97
-42
-17
4
-4
-44
-86
-60
10
88
83
34
-6
-54
-31
68
114
117
79
58
85
117
118
38
-8
-41
-19
7
-28
-41
-2
58
92
123
55
9
0
-18
28
19
-40
-64
-25
27
20
-8
-27
-57
-57
-6
72
52
-36
-16
45
40
33
10
-24
-2
-10
29
60
28
0
-11
29
50
53
40
-5
-31
51
93
44
8
-44
-75
-52
1
7
-12
-39
-113
-118
-91
-89
-16
29
-35
-42
-38
-44
34
59
85
55
-22
-14
-29
0
-21
-116
-120
-116
-96
-36
1
-10
35
7
-40
-4
33
97
108
85
17
3
-12
44
87
19
-10
-14
-13
-72
-37
38
98
71
-11
3
30
63
47
7
-33
-75
-22
-7
-34
-33
-11
39
2
-20
19
42
87
64
54
48
-6
-1
-6
-12
-33
-42
-48
-67
-60
-48
-10
10
-1
-21
-33
-22
46
22
-32
-34
-36
-22
-34
-41
-64
-86
-123
-96
-1
-7
-79
-66
-38
-24
22
1
-10
3
38
76
37
11
-12
-4
46
66
100
132
101
112
179
124
86
67
78
129
62
108
160
108
26
-20
44
76
72
41
2
-4
0
2
15
-10
-19
-8
20
54
35
49
7
-22
-18
-19
-6
-60
-128
-111
-42
-50
-101
-127
-124
-146
-182
-218
-179
-154
-205
-216
-227
-237
-220
-153
-120
-72
-32
-35
-34
-9
40
55
74
66
43
23
67
111
50
-32
-58
-70
-28
67
70
53
60
67
90
116
156
163
175
220
224
201
204
177
108
124
167
145
91
111
124
83
57
43
13
-65
-31
-30
-102
-159
-128
-39
-63
-96
-139
-159
-136
-48
15
-8
11
-34
-35
38
51
41
-8
-15
-46
-51
11
-6
-30
-98
-168
-127
-32
57
35
-24
-46
-97
-54
33
91
125
72
31
45
37
54
29
-16
-8
-24
19
38
-32
-99
-123
-75
-31
-13
-38
-88
-116
-148
-152
-146
-139
-107
-107
-108
-94
-59
-13
24
-6
-5
22
22
53
79
130
76
78
89
62
117
127
102
63
72
36
82
141
158
177
78
25
4
52
123
140
86
51
31
-13
25
88
128
127
148
163
151
67
14
34
21
-48
-101
-102
-138
-158
-128
-75
-88
-61
-76
-128
-130
-122
-83
-61
-13
-19
-62
-56
-47
-63
-69
-88
-124
-161
-159
-140
-140
-108
-74
2
-14
-30
13
0
9
-21
-51
-70
-51
-44
-9
9
-53
-45
17
66
23
15
10
-20
-14
35
85
88
117
98
76
102
96
88
156
126
109
97
47
75
59
63
51
4
-30
32
53
66
61
51
144
114
84
95
88
89
108
97
51
-35
-39
13
-1
-21
-66
-75
-69
-8
-8
19
77
-22
-5
-9
-63
-86
-141
-164
-194
-155
-145
-111
-88
-119
-118
-87
-112
-98
-22
-69
-68
-53
-62
-81
-48
4
3
-22
-12
-6
8
114
150
112
48
-7
-35
-6
36
26
48
81
18
-15
-49
-55
-24
5
73
92
82
37
-12
-40
-25
-13
59
69
-9
-26
-29
3
31
32
-39
-34
33
67
82
31
18
18
19
89
148
124
53
10
38
69
92
72
15
-39
-76
-33
70
93
29
7
38
21
-23
-36
-30
57
-13
-68
-115
-168
-130
-62
-28
-119
-108
-98
-4
10
41
28
-26
18
-6
26
-9
-6
-54
-38
-60
-67
4
-79
-107
-79
-22
-26
-26
21
-10
-57
-75
-14
17
-47
-41
-60
-73
-53
-18
29
59
162
180
113
108
110
69
101
101
95
76
7
21
6
22
-36
-18
47
41
66
40
65
64
40
17
5
-10
-34
-63
-93
-110
-145
-131
-116
-111
-51
40
108
151
133
94
49
54
68
51
67
66
6
-10
-16
-44
30
55
124
112
4
-45
-109
-105
-50
-17
-109
-158
-190
-164
-74
-75
-36
-20
-4
-7
-10
-3
-56
-72
-104
-68
28
59
70
10
9
16
12
41
21
33
-6
-27
-47
-76
-70
-10
57
45
6
-34
-4
28
76
65
-4
21
42
41
59
54
40
16
-40
-42
47
109
93
59
35
13
29
71
117
49
-87
-92
-105
-66
-16
17
-59
-148
-149
-142
-10
-10
-1
-51
-85
-72
-62
25
69
101
19
-17
-28
34
111
136
137
50
4
0
44
126
129
51
-7
25
72
108
121
64
62
83
101
110
67
4
-68
-137
-109
-50
-19
6
-30
-93
-130
-101
-67
-25
-13
-6
-19
-49
-65
-33
29
4
-61
-142
-162
-202
-151
-113
-101
-59
-106
-48
-45
-45
56
130
95
48
44
48
77
55
54
29
38
45
56
78
46
65
99
158
179
145
111
34
-18
-4
-5
-9
-79
-123
-156
-190
-132
-66
-5
-14
-23
-80
-160
-147
-65
3
-50
-86
-93
-162
-116
-32
53
119
76
72
111
97
68
126
135
121
92
75
71
34
58
116
154
107
75
58
19
-33
-71
-77
-83
-69
-24
8
1
-10
39
79
17
-39
-62
-87
-124
-133
-110
-69
-85
-57
11
35
65
108
110
83
56
4
34
43
43
-19
-107
-122
-86
-46
-39
21
26
2
4
51
75
102
111
118
77
52
94
26
22
-1
-32
-45
35
86
36
19
-12
-48
-101
-75
-28
17
15
-31
-74
-111
-143
-130
-76
-101
-133
-145
-88
-31
-61
-41
-24
-29
-30
-30
1
-3
17
3
-9
-28
-28
34
20
43
26
-5
25
26
41
61
10
-43
-7
45
97
101
86
41
8
-15
-32
-3
-10
43
68
28
8
-1
7
22
38
31
10
35
45
17
15
26
4
-35
3
-17
-54
-29
-46
-90
-96
-37
-16
-23
-9
49
69
24
34
69
94
88
102
135
109
112
126
101
53
18
45
43
13
37
5
-36
-16
-12
-15
-75
-105
-63
-50
-85
-73
-67
-104
-92
-105
-81
-81
-132
-94
-52
-48
-57
-29
-3
-51
-41
-23
-11
9
3
-13
-41
-9
37
89
96
69
77
31
14
30
1
-35
-62
-28
29
-17
-60
47
129
84
47
53
40
70
82
64
79
38
7
21
15
-44
-85
-64
2
-13
-14
-13
-40
-35
-81
-66
-57
-50
-63
-93
-120
-119
-42
-35
-49
-22
-34
-50
-54
-67
-13
-25
-6
48
70
111
111
138
156
123
55
20
-2
13
40
28
-8
-19
19
49
79
29
24
38
35
31
4
-15
1
12
-30
-14
-15
29
-12
-1
61
19
45
43
66
29
12
-22
-70
-43
6
56
3
-32
-4
-12
-57
-5
43
-1
-32
5
31
33
28
16
-10
-38
-45
-24
47
26
-32
-86
-99
-94
-49
3
-40
-108
-95
42
36
4
25
47
33
48
44
-16
6
-25
-8
-1
9
-81
-150
-41
0
-62
-120
-133
-145
-98
-93
-84
-153
-174
-62
46
54
-4
-42
1
85
83
164
136
44
83
159
163
81
34
87
120
112
69
26
29
60
48
-89
-108
-83
-22
-57
-99
-104
-72
52
69
167
226
233
154
175
245
142
129
196
206
92
-35
-39
-18
19
108
44
-84
-193
-145
-76
-120
-193
-261
-259
-222
-213
-241
-154
-51
11
6
-4
-107
-153
16
104
19
-115
-197
-209
-128
-78
-76
-109
-80
-10
12
19
48
26
6
27
-41
-48
-51
-73
-34
-20
-18
29
47
112
210
252
274
295
282
259
287
246
210
195
256
196
86
38
-9
20
-7
40
28
-5
-54
-80
-13
-51
-70
-14
-20
-56
-127
-132
-41
-10
-48
-102
-150
-180
-44
16
-89
-293
-239
-54
-23
-67
-206
-221
-132
112
225
92
-170
-188
-17
87
23
-122
-207
-183
-67
-99
-107
-119
-103
-36
73
88
82
69
186
154
111
130
85
150
117
105
-49
27
191
225
7
-69
25
84
217
150
4
-100
-31
107
156
113
142
35
108
164
183
172
71
84
77
166
83
-13
-103
-103
-47
-108
-278
-387
-292
-164
-242
-261
-172
-71
-141
-308
-124
-58
15
-79
-92
41
53
62
-10
-163
-169
108
176
13
-109
99
121
24
-66
-7
-29
3
-15
-214
-85
29
89
-99
3
99
12
23
197
296
202
-53
22
345
456
167
-324
-101
191
586
321
-329
-615
-239
469
283
-286
-769
-463
-24
26
119
-75
-261
-101
337
429
30
36
45
-29
165
451
341
-75
-23
278
261
29
34
221
61
-76
277
393
226
-192
-226
-141
-4
179
157
-2
-302
-181
52
96
-310
-518
-407
-72
-64
11
-64
-303
-356
-93
302
18
116
70
-58
-351
-163
3
-488
-329
-54
-125
-254
-93
-3
-297
-112
297
74
-308
-380
98
37
-191
-197
8
139
-311
-322
75
303
67
-107
-94
-252
8
400
127
-71
114
636
434
113
350
521
383
-62
427
939
787
63
-283
91
210
287
481
327
-33
39
413
203
-114
241
310
-69
-295
254
367
-213
-601
-532
-163
-66
22
-60
-279
-364
-229
-250
-342
-205
12
-154
-459
-421
-68
32
-383
-705
-494
-8
-63
-229
-219
-450
-755
-411
137
128
-128
-171
-101
21
330
504
79
-284
-47
283
746
710
168
-529
-265
558
554
129
-15
370
243
34
-25
225
328
117
282
335
210
166
336
300
76
-96
70
304
265
-204
-185
-38
-192
-352
-241
196
-124
-256
-308
-171
-305
-86
61
-213
1
-188
-151
-106
74
-114
-274
11
-76
-172
182
396
35
-424
-81
196
152
168
-159
-86
5
377
117
-254
-171
5
205
-137
44
330
479
220
-103
121
247
441
542
369
64
-320
-235
52
31
-308
-549
-227
-31
-177
-348
-475
-522
-455
-67
-109
-452
-595
-409
-192
-71
264
117
111
127
135
-419
-551
146
73
-231
-351
260
59
-635
-729
-726
-815
-661
121
324
-305
-810
-953
-595
-98
477
980
370
3
310
1520
2213
1642
1213
1145
2401
3465
3521
1693
120
1401
3159
3142
964
-577
-396
335
889
372
-922
-1542
-1254
-1465
-3039
-3161
-1586
-968
-2322
-3664
-2638
-1835
-1973
-2303
-2047
-1304
-574
16
-252
-496
319
767
348
699
2109
2713
1325
567
874
1727
1882
1451
895
203
554
717
366
-409
-538
-467
-1351
-2005
-1523
-427
-541
-1535
-1701
-1648
-1789
-1786
-814
-15
-517
-710
-576
-682
-1049
-709
-219
-635
-815
-72
444
-453
-1553
-1378
-137
1656
2530
1585
198
335
1754
2638
2764
2313
2219
3572
5881
6006
2745
189
1935
6032
6580
2436
-1375
-415
3746
4734
326
-3831
-2759
351
-479
-4353
-5802
-3442
-1658
-3607
-6761
-7232
-4147
-1763
-3723
-6811
-5275
-148
1741
-1596
-4065
-1013
3234
3662
1384
1150
3226
4548
4171
3514
4095
4386
3725
1929
1514
3236
3546
962
-1404
-132
1038
-767
-2886
-2846
-2111
-2458
-2497
-2843
-4128
-4282
-3430
-2787
-3136
-2758
-1603
-1747
-2239
-2359
-1327
-158
993
1843
1668
1560
1249
1093
1163
2078
3154
2410
1153
1132
1315
-146
-2281
-2116
-460
-400
-1999
-3308
-3191
-3186
-2793
-1708
-479
-102
-1314
-1450
508
3300
3366
701
204
4724
10382
10745
4753
-29
2975
10802
13423
6379
-1268
-341
8233
11023
3618
-3982
-2967
2490
1248
-5042
-7816
-4064
-877
-4697
-11538
-12890
-7024
-2572
-6829
-12479
-10668
-3395
-732
-4847
-6666
-3130
1483
2119
1583
2076
3613
5343
5583
4852
4917
7483
9039
6455
2812
3535
6240
5654
2275
1167
2360
1020
-2951
-4437
-1708
-285
-2445
-5256
-5788
-5432
-5739
-5410
-4416
-4342
-4034
-2756
-2227
-3839
-5224
-2932
468
1856
1074
1541
2047
652
-303
1203
4393
4646
2825
2076
2444
1580
-564
-476
1397
1560
-1096
-3103
-1734
-773
-2903
-5645
-5071
-2612
-2116
-2275
-1024
742
-516
-1996
-636
3085
5274
4020
2051
1802
6827
12481
12603
4964
-1017
4347
15007
17270
6850
-2549
-181
9190
11704
3584
-3531
-2100
2491
610
-7502
-10840
-6548
-1217
-4080
-12209
-14378
-8818
-4449
-9572
-14994
-11960
-2991
886
-3716
-7307
-5229
-675
1119
1185
2557
5753
7922
5721
2147
2672
7173
9147
5389
3094
6258
8304
4166
-1245
-1677
1017
1387
-833
-1602
-1529
-2886
-5628
-7728
-7384
-5210
-2810
-2344
-4395
-6942
-5989
-2434
-1121
-2692
-3235
18
2461
1323
577
2748
3790
1575
1159
4302
6491
4433
1901
2603
3552
2203
537
889
2017
524
-2381
-3520
-2300
-1587
-3035
-5136
-5988
-4845
-3285
-2191
-1506
-549
-511
-1897
-2798
547
5938
7945
4662
283
3517
12442
17240
10138
446
2172
13837
20704
12191
-1102
-4231
5812
14102
7808
-3945
-6388
554
1755
-8026
-15312
-11233
-2454
-2846
-11795
-18160
-15592
-7748
-7288
-13033
-15277
-7491
1695
-46
-7225
-8291
-745
4906
4633
3513
5971
9980
9076
5467
4823
7716
10296
8286
5652
6268
7648
5289
37
-2432
-1301
404
-1495
-3782
-4293
-4507
-5190
-7556
-9434
-9546
-6860
-3805
-3790
-6478
-7106
-3602
-2076
-3910
-4616
-1025
3180
3478
2956
3687
3926
2192
2220
5247
7041
6655
5314
5296
4427
2164
1529
2008
2778
2192
943
-849
-2002
-1792
-2815
-4993
-7024
-5106
-2053
-2068
-4436
-5594
-3751
-1871
-944
-946
58
1624
4207
5561
4154
1678
2840
9938
16113
15122
6501
1951
7252
15738
15906
5497
-2809
989
11917
14201
2997
-9155
-9955
-2598
-678
-6947
-11342
-8543
-4350
-9786
-19230
-20329
-10464
-2096
-6767
-15493
-15705
-6249
-744
-3364
-6272
-3312
2694
4802
4045
3060
4940
7877
8007
6249
6163
9672
10999
6605
1847
2885
6617
5881
1829
-1040
-1533
-2914
-4545
-4200
-3356
-2877
-4299
-7237
-10168
-9620
-5137
-1887
-2445
-5179
-4873
-2730
-2344
-3251
-2356
2915
6280
5029
2154
2221
4191
4290
4755
6405
8481
7289
4355
2961
2576
3046
2973
2714
2603
2018
566
-2343
-4425
-4069
-2120
-1206
-2930
-5153
-7116
-7017
-6636
-5765
-3175
-190
1282
-1870
-5679
-5081
1642
7824
7538
3022
1419
6829
12930
13893
9171
5387
8071
14980
18171
10903
-415
-3190
6584
15408
9284
-4087
-8791
-3288
-1577
-8950
-14561
-10819
-4240
-6136
-14484
-20372
-18117
-11468
-9565
-11888
-13060
-8605
-3303
-3860
-7868
-8215
-2262
5289
9417
8021
5307
4685
6049
7829
9230
11157
12589
11077
7523
5600
5402
4472
3046
3350
3917
1401
-3498
-6004
-6134
-6318
-5076
-3598
-5960
-10940
-11249
-6196
-4035
-7275
-7954
-3154
-452
-2170
-3428
-963
2629
4468
5241
5616
5825
5918
6393
6000
6026
6904
7245
7338
6361
4671
2645
1190
1477
2407
1642
-1476
-4197
-4051
-2581
-2774
-5492
-8278
-9878
-9320
-6833
-4961
-5896
-7567
-6611
-4669
-3384
-3381
-1484
1587
5673
8260
6495
1905
685
9719
20166
23103
14333
4890
4815
12988
19298
12798
2077
546
10900
14321
1934
-10968
-10571
-2112
-1256
-7494
-11635
-11598
-9976
-11910
-16248
-19124
-14823
-5248
-4099
-12921
-19987
-13308
-2738
-171
-2669
-2620
1368
2874
3038
2231
3045
6625
11173
12292
8346
5739
6241
6055
3150
3470
7786
9000
4798
36
-2805
-5516
-6585
-2373
1688
299
-2862
-5087
-8893
-13403
-9404
631
4084
-2218
-5760
-2339
-810
-3071
-2522
3128
6402
6524
5775
4115
1466
1618
5337
6340
4875
5595
7990
6482
1177
-867
1000
1865
1835
2763
2461
-2090
-6163
-4758
-1993
-3147
-5602
-5337
-5434
-7637
-8604
-6805
-6011
-7304
-6783
-4470
-4359
-3971
714
4248
1533
-1977
3067
10644
10208
4770
4628
13099
20412
18649
7974
1526
8005
19211
20261
7259
-3411
-809
9136
10315
-313
-9469
-8046
-1215
-2526
-12070
-18252
-14351
-6784
-7770
-16102
-19906
-14068
-7484
-10096
-16430
-15357
-5882
734
-183
-4090
-5873
-2225
4449
8553
6431
4664
8249
12474
10056
4797
5666
9511
10212
7863
7253
8182
5842
1639
-563
-974
-970
-160
59
-2364
-4878
-5106
-4865
-7754
-9580
-5260
-371
-1529
-5889
-5842
-2661
-1639
-2960
-1843
2282
4481
3686
1510
314
2104
4737
6003
5541
4601
4702
3840
2478
1750
2537
3030
1908
630
-763
-1759
-2593
-2019
-1247
-2408
-4364
-5734
-6583
-6821
-5567
-3744
-4298
-6346
-7070
-5762
-5432
-5263
-1700
3254
5850
2983
-45
668
5823
10338
10367
8074
7270
11958
16955
17262
9368
1993
5257
16544
21261
10287
-3869
-6385
3452
8712
1708
-7277
-7693
-2569
-5071
-15347
-20833
-14886
-5498
-5403
-13729
-19761
-16561
-11287
-11922
-14121
-11391
-3159
669
-1731
-4442
-3941
-951
2657
6869
8893
9704
9842
10012
8232
5199
6184
9855
12954
12619
9784
5377
1109
-144
997
2750
2354
766
-2137
-6942
-8825
-6219
-2948
-4659
-8864
-8421
-5379
-5477
-7624
-5120
-777
-610
-3338
-3699
-304
1206
2285
4052
4503
3322
2988
5109
5314
4167
3556
4772
5238
4646
4521
1907
-1127
-1449
1368
2453
-137
-2036
-1969
-3094
-5871
-6047
-3884
-2854
-3416
-3643
-3632
-6715
-9158
-5746
-407
509
-2219
-1245
3114
5041
2469
904
3248
7609
11989
11835
6739
2767
7398
16175
17283
8003
1465
6748
15801
15163
2242
-9309
-6166
7762
12712
998
-13187
-14230
-7219
-6800
-13047
-14992
-9840
-5595
-9306
-18807
-22964
-16046
-5248
-3235
-10538
-14504
-7256
1742
1829
-3027
-3714
1908
8196
10575
9259
7885
7899
10367
11533
9399
7878
9189
11396
10123
6788
3860
3023
1697
368
-440
-2663
-4290
-5139
-5663
-6028
-5325
-5549
-9015
-12781
-9761
-2713
-1636
-5344
-5242
-1776
-1613
-4196
-3094
1957
4912
6084
6085
3583
701
2512
7246
8194
5427
4299
5589
4873
3021
2388
1320
-974
-377
2625
2779
-1317
-4507
-3492
-3107
-4946
-5008
-2112
-357
-2101
-4951
-6708
-7400
-5647
-1493
-287
-3331
-4742
-1104
2572
1812
333
1458
2475
3003
6987
11095
8447
1281
1329
10809
18665
16263
6740
1220
5262
14040
13926
2437
-6275
247
11863
9129
-5717
-14667
-9274
-2168
-4474
-12362
-15899
-11449
-5629
-7614
-17579
-22335
-13596
-2587
-3967
-13374
-14015
-4677
1106
-1172
-4025
-1852
2812
7589
9305
6866
4882
7986
12818
11470
7640
8027
10420
8745
4294
3988
5917
5077
2255
-292
-2373
-4673
-4516
-3454
-5668
-7734
-5758
-4108
-8759
-12591
-7583
-1149
-3519
-8152
-3848
2709
1591
-3757
-4613
-562
4636
9572
9157
3067
103
4375
7302
4321
5176
10702
10607
2649
-1925
1287
2780
1356
2937
5515
1849
-4846
-6590
-3842
-2582
-3489
-2018
-1093
-3517
-6030
-6707
-6436
-6229
-3789
-946
-2857
-6627
-5146
-1329
-3063
-5629
-880
7724
7860
293
-2412
2830
8835
9786
7017
4839
8558
15581
17602
10217
3284
5716
11673
13341
8504
2020
-2462
-879
4605
4416
-4152
-11126
-8796
-5635
-9699
-15742
-14440
-7442
-4759
-10186
-17923
-19252
-12308
-5137
-5005
-8719
-7478
-1340
1620
-2189
-5602
-1438
6412
10992
9420
6256
5438
6724
7591
6974
7910
10022
10343
6355
1552
79
843
2161
3065
1797
-2803
-6785
-6512
-5155
-6661
-6646
-2395
-1351
-7367
-10844
-5232
322
-2057
-5270
-1536
3234
1538
-2290
-392
4510
6393
5222
4492
5506
6309
5587
3305
2100
4536
7921
6575
2080
311
2042
1859
-1498
-2050
599
1391
-1703
-4441
-4447
-4003
-4372
-4932
-4715
-3591
-2064
-2277
-4813
-6226
-4369
-2467
-3699
-5301
-3093
972
1522
-1082
-2175
-860
2317
5176
7002
6883
5277
6177
7790
7403
4185
6350
15200
20918
15371
3017
-1407
3639
11095
10339
2440
-3286
-817
4158
41
-10335
-14946
-8898
-3152
-5835
-12117
-13558
-11315
-10658
-12292
-14254
-13109
-7468
-2184
-3002
-9476
-13087
-7820
273
4365
3623
2688
2843
3595
2787
1981
5038
10481
13760
9590
3287
1725
4744
5813
4000
3504
4594
5071
1719
-2302
-4285
-4657
-3606
-2365
-2047
-1461
-1314
-3810
-8776
-11243
-5676
2465
3882
303
-1202
-738
-1788
-3378
-647
4939
8546
9144
7192
2282
-1777
392
4699
6340
5678
5936
5824
2022
-1785
-1855
-860
-1039
111
1776
1024
-2880
-6373
-6267
-5869
-5873
-4105
-1885
-1054
-2133
-3679
-4410
-4967
-4187
-1592
1183
1981
1072
-1342
-4078
-3290
-78
3145
2379
1913
5334
7028
3887
-400
1563
7506
11661
9286
3803
2507
7641
14007
11819
2176
-2570
3861
12075
10295
-875
-8520
-4081
4269
3455
-5268
-10675
-6090
-1275
-5603
-13530
-15010
-8352
-2504
-4626
-12595
-15018
-10036
-4652
-5547
-10484
-10139
-4316
703
1200
-1464
-4192
-2741
2528
6587
5950
4122
7712
13107
10128
2029
-310
5558
10979
9485
7080
5784
3000
-1531
-2923
-338
1872
2136
-818
-5008
-6617
-3828
-1733
-4518
-6532
-2207
1511
-2084
-6667
-4375
1393
1746
-1906
-2337
1318
4720
4755
2476
1511
2854
4459
3745
2446
3079
4095
3450
2118
2046
1318
-732
-1985
-903
-51
-1702
-3482
-2704
-1162
-2434
-5794
-7335
-4414
-232
1176
-1107
-3589
-2475
-85
-144
-2348
-2340
691
1929
-18
-1316
-233
258
-1509
-1814
1565
6454
7891
4970
1084
355
3090
5147
5824
6249
9549
11784
9730
3773
-1447
363
7201
13405
10122
-511
-7981
-4580
2803
2415
-4322
-7314
-3186
-1868
-8598
-15833
-14601
-7236
-3043
-7383
-13780
-13850
-8499
-6467
-11172
-14185
-7942
1334
3305
-642
-3949
-2406
1345
4838
6592
7232
9241
12402
12687
7173
2754
4439
10513
13452
10186
5251
2899
2920
1651
-1176
-2567
61
1521
-2060
-7459
-7728
-3884
-3930
-8288
-10054
-4975
-1283
-4052
-7333
-4937
-897
-2145
-4913
-2145
3522
5006
3183
2750
3968
4388
4008
3730
4347
5693
7289
6307
3025
1415
1927
1407
-1113
-1385
497
1097
-1660
-4310
-4772
-4736
-5072
-5456
-4084
-1834
19
-796
-3191
-4533
-3593
-1391
-185
607
1724
2125
115
-2187
-2222
-526
155
392
3057
5759
4721
1674
786
2548
3623
5042
9102
11474
7118
-148
373
8657
13531
7799
725
2628
9225
8669
-1415
-8753
-4948
4538
6312
-1614
-9190
-8423
-5406
-8427
-13685
-13227
-6945
-3446
-6280
-12437
-15603
-13154
-7669
-4740
-6270
-6728
-2948
1338
1590
-747
-598
3114
6812
8314
7709
7712
9359
10442
8076
4491
4348
7273
8886
6021
3031
2135
1381
-1135
-4571
-4769
-2705
-2485
-5528
-8642
-7416
-3760
-4397
-8971
-10232
-5869
-1637
-2160
-2637
580
2597
227
-1660
1146
5353
7692
8775
9262
7203
3674
3029
4956
6353
6431
6002
4793
2164
-665
-2032
-2949
-3466
-2189
-455
-2069
-6177
-8222
-6781
-4937
-5460
-5261
-3100
-1471
-2071
-3188
-2557
-733
424
1043
2207
3332
3907
3392
3046
2948
2901
2690
2113
2637
3944
4212
1961
-213
745
3811
4528
2304
894
2400
5008
4164
176
-2255
1208
6727
8791
5221
-656
-2689
223
5204
3986
-3415
-6984
-1116
5140
985
-8638
-10876
-5089
-2114
-5782
-9894
-8595
-4202
-2475
-6945
-12128
-11107
-4783
-1127
-3818
-5984
-3462
-634
-1164
-1905
-497
1784
3727
5617
4479
739
696
6181
9553
5641
2048
3624
5580
3014
625
2699
4330
2918
11
-2601
-3977
-2937
756
1479
-1991
-3017
-847
-1396
-5509
-5314
1523
4812
-269
-4067
-293
4320
2343
-1965
-694
3833
4795
2559
1578
2069
1979
1208
1410
2179
1980
1075
144
-1229
-2164
-1346
-599
-1075
-2042
-2463
-2774
-3503
-2661
83
1037
-948
-2072
-765
271
-257
1133
4993
6535
3534
-9
-320
1573
3588
4651
4845
3064
642
-1256
-3041
-3529
-1453
1824
1966
-790
-2479
-1348
-1804
-3916
-3405
872
4842
3886
467
-3253
-4363
-1362
5181
8963
5566
657
718
4158
2590
-3159
-3958
3576
10218
7097
-2827
-8748
-6582
-2673
-3475
-6321
-4909
-1024
-1006
-7978
-14492
-12893
-5802
-2028
-4090
-6202
-4496
-2425
-4157
-5853
-4244
-404
3422
5821
5604
2707
791
2378
5491
6831
7554
8857
8055
4548
1549
1754
3873
5806
5963
3924
754
-1219
-1593
-2776
-3174
12
2819
-340
-6847
-8318
-2819
127
-3154
-4216
346
3725
94
-5180
-3744
1269
3012
2533
3263
4407
3234
590
-593
-86
1503
4107
5285
3278
212
-1212
-1568
-1953
-1564
-251
582
40
-506
-1296
-3404
-4484
-2725
-165
930
1051
2074
1893
-870
-3211
-2383
858
3689
5351
4446
733
-2818
-2126
349
-123
-1670
314
3087
116
-5591
-6495
-1715
843
-483
-878
989
1531
-464
-1728
-1785
-2261
-821
5819
12109
10456
1086
-4208
23
7045
8103
2838
78
3463
8077
4823
-4188
-8025
-2891
2339
-241
-5608
-5871
-3559
-4996
-9645
-13108
-10681
-4778
-1719
-5350
-11516
-11727
-6335
-2407
-2745
-1965
1274
3056
2135
115
284
3341
8267
12361
11577
6772
3814
4677
6474
7292
7845
8467
7355
3164
-1443
-2679
-1219
995
815
-1805
-3060
-3618
-5894
-8993
-9062
-4339
-1018
-3147
-4671
-2345
-1440
-4350
-5374
-728
4393
4170
2602
3305
3155
2035
2444
3733
4874
5907
6139
4071
755
890
2913
785
-3089
-1993
1220
553
-3439
-4620
-2088
-2309
-4951
-5261
-2330
654
561
-1906
-2342
-714
603
752
317
1837
3402
2886
1750
1997
2872
2698
874
-257
502
853
55
-1479
-2168
-2928
-4695
-4516
-796
2504
1184
-3284
-4726
-910
1852
510
-1555
1421
8101
9947
5341
-319
-221
4744
9264
9160
4508
480
884
3918
2537
-2697
-4407
-746
1332
-2946
-9439
-11089
-8173
-5583
-6262
-9841
-10253
-6164
-3985
-8709
-13593
-9214
584
4560
1157
-1074
627
1754
1416
2451
5789
10719
13893
11644
4291
-446
3038
7974
7183
4547
5464
5389
114
-5357
-5544
-2695
-1869
-1724
-1163
-3737
-6976
-6831
-4970
-5157
-5973
-1966
3415
2266
-2579
-2772
987
2594
1369
2709
6106
6001
3441
3095
4400
3348
1490
1647
2685
2578
1821
1150
-620
-2656
-2635
-1927
-3141
-4211
-3132
-1542
-1908
-3201
-2753
-2015
-2469
-2626
-1556
422
2459
3564
3352
2249
1006
906
2004
3495
5286
5586
3465
876
-459
-211
-446
-1638
-550
1548
660
-3989
-7906
-6702
-3700
-2644
-1428
1262
2083
-1381
-5356
-3543
1293
3174
1487
1864
6694
9350
5710
-566
-922
4264
8786
8057
2764
-1109
-361
2913
1692
-3289
-3518
910
712
-6293
-11107
-8038
-3861
-3704
-4843
-6452
-7702
-6248
-3488
-4851
-8436
-5396
2630
4382
-1020
-2323
2176
3963
2053
1980
4606
5848
6353
6878
3772
-564
897
5221
3203
-1925
-163
4706
1646
-5417
-5032
-46
-1096
-4125
-1128
2311
-255
-3969
-1897
558
-1103
-929
2746
3715
1185
2078
4965
3114
-1253
-1062
2578
3143
2212
3217
3133
51
-2713
-3180
-3052
-2694
-260
1385
-1058
-4025
-4409
-4355
-5157
-3324
616
1636
-591
-1407
390
374
-1322
7
3770
5894
5378
4742
4770
3570
1742
1578
2919
4117
4594
3833
1775
-1229
-3248
-3138
-1929
-1089
-1301
-2461
-4071
-4827
-5345
-5709
-5752
-4363
-1148
1286
719
-1978
-4183
-2680
1843
4204
2224
-183
3809
9795
8645
764
-2725
3430
10249
9168
2363
-1618
-45
4134
4175
-1087
-4465
-1177
2321
-1848
-9651
-10185
-3630
-788
-4358
-8814
-7773
-3168
-1957
-6377
-10563
-7058
1418
4468
-434
-3214
801
3539
185
-2941
614
7218
8824
5205
261
-2244
81
3413
3227
1542
3200
5775
2555
-3665
-3782
1744
4038
1557
939
1878
545
-1420
-914
616
-395
-485
1903
2118
-869
-1964
487
855
-2101
-2973
35
1557
-83
-972
-348
-980
-2627
-2851
-1508
-269
-114
-196
-1225
-1942
-687
47
-1338
-2168
465
3117
1617
-659
1661
5146
3443
-274
132
3768
5186
3664
3206
3483
2243
538
-179
340
1704
2699
2256
90
-2150
-2676
-3535
-4927
-3181
771
1541
-2235
-5980
-5562
-4594
-5757
-4551
645
4569
1733
-4424
-5982
-1858
1763
1986
1008
2953
6932
7097
1820
-3574
-1379
5982
10054
6219
588
-734
1017
2300
718
-944
-492
1869
1739
-2841
-7263
-5837
-1158
-361
-4288
-6462
-3059
-276
-2831
-7848
-7501
-1773
1856
12
-2638
-926
1369
-474
-4724
-4496
1762
6756
5292
-272
-3011
-172
2979
2015
-377
1571
5979
5101
-574
-2441
1828
4904
2307
-275
1956
3967
2147
-456
-317
871
1274
1801
1599
-187
-1490
211
1268
-1437
-4328
-2778
361
-387
-2448
-1687
-94
-1642
-4435
-4351
-1671
315
225
-429
-651
-267
-133
-1098
-1152
1492
4101
3711
1732
1947
3928
3144
751
1092
4008
5348
3592
2029
1866
1406
115
-381
310
1444
2333
1499
-1144
-3563
-3624
-2231
-2537
-3184
-1450
114
-1797
-5993
-7116
-4649
-2682
-1735
196
1856
287
-3346
-4865
-2062
1575
2981
1841
1087
2924
4242
1455
-2859
-1275
5164
8170
3290
-2237
-1395
2158
3080
945
-114
879
2245
1622
-1304
-3676
-2334
1490
1603
-2363
-4188
-479
2523
-1070
-6709
-6398
-474
2484
48
-2884
-1781
208
-1948
-5619
-5169
462
4429
2006
-3336
-4507
-1007
1373
117
-1134
1819
5416
3975
-1150
-2356
2454
6245
4134
1008
2920
6015
4486
408
128
3431
4096
1817
289
472
261
-1070
-1740
-2107
-2668
-2842
-2154
-2282
-3713
-4413
-3806
-3146
-3796
-3961
-2654
-1496
-1694
-1974
-798
623
748
347
1201
2738
3267
3085
3678
4791
5037
4063
2948
2541
2926
3775
4222
3598
1981
251
-735
-1053
-1230
-1392
-1071
-480
-940
-2643
-4706
-5366
-4391
-2931
-1569
-778
-466
-1383
-3108
-3784
-2233
605
2701
3422
3172
1800
-725
-2138
-747
2479
4317
3473
1639
-142
-1637
-2619
-1588
587
1407
208
-1587
-1960
-1937
-2244
-2256
-1381
-243
5
123
359
120
-515
-478
433
957
1089
2090
3158
2349
-7
-1307
-523
592
1107
1582
1975
905
-1584
-3202
-2383
-482
430
146
-515
-1217
-1729
-1846
-1513
-642
312
1074
945
47
-208
953
2260
2233
1558
1765
2460
1876
964
1350
2329
1490
-662
-1135
333
1002
-561
-1820
-1442
-751
-1586
-2876
-2926
-2410
-2093
-2152
-2049
-2039
-2035
-2001
-1976
-2144
-1890
-318
1436
2042
1108
194
593
1871
2800
2998
3205
3630
3316
1682
166
269
1601
2261
1487
349
-123
-342
-1140
-1870
-1465
60
1162
158
-2209
-3187
-1018
2159
2977
1066
-832
-106
2502
3700
1457
-1376
-629
3969
6822
3839
-1614
-3715
-1030
1650
1196
-1208
-2569
-2336
-2526
-4251
-6222
-5562
-3186
-2770
-5329
-7255
-5757
-2855
-1830
-2613
-3152
-2941
-2084
-192
2180
3164
2512
2087
3065
4080
4367
4841
5905
6696
6370
5170
3943
3657
4220
4656
3841
2212
1138
1007
996
568
-571
-2388
-3499
-3034
-1970
-2093
-3264
-3825
-3414
-3620
-4663
-4837
-3628
-2103
-1381
-1268
-1436
-1755
-1689
-880
301
1108
1359
1611
1992
1831
838
-184
208
1904
2791
2075
715
-165
-406
-385
302
930
439
-826
-1077
164
868
-141
-1699
-1649
135
1665
1532
405
-273
20
318
331
720
1765
2198
997
34
434
1149
717
-23
413
1112
703
-512
-1153
-1048
-1049
-1169
-941
-562
-392
-656
-1424
-2114
-1938
-880
104
103
-523
-1002
-1175
-1157
-597
398
615
-450
-1464
-1154
-171
191
-211
-670
-1029
-1529
-1515
-299
1103
780
-1365
-2593
-1246
1039
2020
1539
995
1019
1042
875
1377
2779
4119
4233
3264
2167
1582
1927
3222
4752
5004
3542
1458
280
385
944
1255
933
396
-379
-1734
-3072
-3376
-2580
-2201
-2959
-3674
-3325
-2642
-3021
-4054
-4096
-3010
-1983
-1640
-1429
-1119
-1110
-1168
-601
429
902
730
500
569
567
508
980
1532
1200
-33
-622
142
1152
905
-89
-293
-32
-244
-839
-563
621
1247
453
-681
-754
-155
334
530
1029
1644
1572
809
201
417
993
1299
1210
1039
761
586
441
95
-411
-663
-88
488
222
-673
-1229
-1257
-1374
-1660
-1304
-280
145
-603
-1609
-1580
-688
-18
-208
-510
-124
360
-133
-838
-320
1065
1713
677
-365
30
1020
1184
502
308
819
922
263
-438
-87
699
529
-262
-554
255
1055
754
-76
-257
181
534
621
1008
1631
1658
1089
650
957
1255
1222
1322
1852
2203
1470
486
319
826
946
402
160
506
390
-823
-2246
-2438
-1334
-429
-638
-1703
-2748
-3043
-2728
-2480
-2406
-2239
-1968
-2013
-2582
-3068
-2662
-1600
-955
-850
-1019
-1004
-660
-363
-354
-272
314
961
949
291
178
1021
1714
1202
299
525
1569
1949
1222
515
913
1710
1626
1113
1272
1963
1903
815
246
1165
2240
1982
1022
872
1151
834
284
463
1102
1016
300
-391
-798
-1146
-1178
-944
-1088
-1532
-1691
-1622
-1903
-2292
-2108
-1203
-859
-1372
-1780
-1509
-636
-37
-90
-598
-627
134
599
392
471
1575
2346
1391
-128
-199
1239
2112
1600
859
623
323
-556
-1143
-543
496
631
-527
-1897
-1871
-816
-47
-314
-727
-416
-14
66
116
744
1117
853
629
1018
1467
1213
1134
1804
2390
1820
739
581
1351
1763
1256
479
354
525
261
-390
-894
-580
-178
-383
-849
-967
-919
-1067
-1298
-1279
-1101
-987
-833
-865
-1240
-1881
-1866
-1093
-420
-667
-1375
-1482
-1116
-966
-1207
-1000
-148
306
-533
-1482
-1036
303
606
-350
-785
-152
320
-129
-238
807
1842
1440
265
183
1292
2159
1843
1144
1351
1875
1459
128
-381
610
1497
968
-388
-829
-441
-170
-465
-730
-620
-560
-678
-1191
-1576
-1473
-930
-580
-728
-859
-731
-623
-470
-98
206
494
750
1096
941
256
298
1457
2415
1948
1159
1040
1079
783
711
1495
1965
1081
-95
-315
82
48
-339
-314
-100
-470
-1437
-2043
-1732
-942
-418
-578
-879
-835
-597
-545
-491
183
915
723
-25
-139
582
1057
601
240
667
1118
903
291
223
686
984
612
89
157
481
427
-159
-323
152
401
-88
-746
-735
-421
-397
-523
-575
-678
-916
-1112
-1021
-977
-920
-866
-908
-1094
-1314
-1099
-850
-897
-1219
-1253
-658
-193
-420
-895
-711
192
594
-193
-735
243
1581
1524
330
76
1158
1841
1400
917
1422
2004
1707
864
526
894
1132
871
137
-306
-254
-447
-942
-1169
-844
-473
-825
-1561
-1817
-1444
-1040
-933
-879
-769
-782
-1069
-1163
-813
153
878
614
60
13
626
1161
1355
1327
1474
1593
1476
1300
1052
1095
1519
1868
1398
574
611
1194
1029
203
64
749
874
90
-531
-304
90
-285
-985
-1019
-375
-141
-842
-1549
-1351
-712
-544
-711
-416
115
-68
-879
-1174
-571
97
321
180
-60
-309
-443
-231
49
228
525
658
347
85
120
232
92
-15
288
503
181
-353
-630
-654
-715
-806
-563
-331
-393
-768
-1138
-1248
-1021
-465
-215
-319
-659
-766
-635
-660
-669
-629
-146
418
354
-348
-791
-134
566
439
-33
170
829
687
72
136
1005
1584
1178
650
774
1233
1416
1124
996
1236
1323
980
478
485
841
845
250
-146
68
377
181
-372
-499
-285
-110
-336
-770
-1079
-930
-443
-368
-850
-1118
-575
-92
-428
-967
-547
467
872
135
-727
-436
462
819
219
-187
187
459
5
-813
-740
190
420
-578
-1436
-1082
-265
-180
-777
-1021
-591
-114
-171
-401
-275
206
487
264
240
652
1020
987
915
1011
935
769
847
1217
1201
585
248
389
551
460
392
390
53
-302
-392
-121
15
-142
-299
-606
-777
-660
-435
-376
-461
-536
-702
-878
-694
-240
-69
-276
-374
-213
-254
-377
-268
-75
-191
-585
-600
-326
-315
-644
-801
-530
-187
-49
-218
-399
-364
-47
90
-97
9
496
740
456
368
657
1100
1219
1076
1105
1224
1304
1114
1087
1223
1291
950
457
284
294
369
174
-139
-284
-322
-536
-790
-834
-751
-796
-1000
-1226
-1398
-1350
-1248
-1243
-1294
-1325
-1086
-690
-490
-592
-593
-71
453
450
156
360
1018
1298
1034
735
1015
1534
1327
651
434
832
1071
573
-36
-23
363
191
-533
-896
-521
-137
-365
-962
-1144
-614
-206
-377
-685
-544
-269
-166
-127
-25
94
40
-40
-69
-19
-24
215
584
572
258
-57
-23
238
474
509
464
506
399
77
-117
143
602
718
415
132
86
31
-100
-139
-1
132
161
73
-200
-423
-423
-225
110
370
140
-292
-418
-263
-216
-381
-295
103
152
-420
-824
-541
61
87
-348
-342
118
273
-110
-322
-57
371
431
7
-237
126
485
310
-187
-303
208
389
-94
-544
-430
-164
-437
-746
-623
-398
-359
-584
-689
-648
-496
-206
-49
-244
-528
-256
205
401
351
338
484
500
392
396
550
711
784
563
341
483
850
931
566
351
566
784
568
195
290
553
361
-97
-228
19
122
-110
-379
-357
-218
-247
-429
-472
-291
-95
-388
-882
-886
-490
35
109
-267
-661
-626
-325
-15
239
211
254
278
180
-23
-133
210
632
704
321
-46
-55
95
233
183
98
-30
-203
-181
-133
-177
-310
-305
-101
-139
-258
-207
-141
-118
-263
-402
-208
190
292
-18
-256
-104
258
427
300
79
172
391
149
-238
-130
344
534
156
-275
-258
42
180
67
-39
-36
76
9
-195
-256
-104
50
-124
-406
-323
-13
-111
-456
-587
-410
-348
-524
-388
-139
-212
-485
-475
-203
-82
-86
-110
-38
-34
-33
98
146
207
240
330
421
309
332
473
581
642
545
383
338
597
752
580
380
471
671
433
138
235
542
449
-26
-176
165
260
-123
-459
-297
167
206
63
-112
-120
-48
-178
-253
-163
9
-2
-267
-650
-668
-487
-315
-184
-181
-311
-550
-498
-248
-51
-68
-36
276
356
2
-222
60
425
337
-104
-356
-215
-40
-69
-228
-437
-348
-219
-261
-300
-256
13
42
-109
-177
-57
371
518
266
-108
-208
25
301
433
224
-25
-29
92
92
-30
-26
127
70
-279
-602
-515
-297
-324
-259
-223
-347
-461
-504
-350
-161
-107
-198
-261
-146
-12
91
72
60
114
217
223
156
275
453
420
301
399
538
553
470
503
584
495
399
527
616
402
160
168
366
418
195
127
259
295
233
121
170
301
502
446
121
86
258
275
101
108
276
162
-211
-484
-361
-139
-256
-379
-465
-536
-541
-521
-500
-576
-557
-421
-357
-477
-475
-251
-77
-190
-410
-423
-265
-99
-86
-205
-212
6
83
0
-170
-159
-37
-55
-124
-163
-26
89
55
-207
-389
-292
-123
-86
-215
-339
-335
-272
-296
-336
-216
20
78
44
-3
126
293
273
150
104
347
586
636
523
413
336
260
135
161
245
317
385
127
-279
-477
-250
3
65
-73
-140
-208
-396
-403
-326
-71
26
3
-50
-99
4
128
110
29
158
365
489
325
249
484
698
629
392
256
316
467
409
248
142
244
456
510
291
105
195
369
430
373
405
551
511
49
-288
-189
232
595
520
164
-193
-227
-110
-42
37
67
-21
-154
-451
-660
-645
-567
-453
-540
-743
-922
-982
-972
-1022
-1115
-1164
-1095
-1002
-1022
-1025
-980
-894
-739
-600
-371
-312
-354
-281
-120
182
402
417
338
302
307
332
380
563
816
712
346
16
-69
256
578
678
513
264
178
152
212
287
465
670
751
495
152
164
444
681
536
245
120
370
461
305
153
140
233
22
-80
-112
-1
197
77
-220
-478
-458
-294
-177
-117
-154
-256
-419
-435
-366
-230
-7
55
-21
-198
-228
-139
42
64
-100
-86
84
178
37
43
256
399
365
228
236
353
355
278
235
277
317
233
46
-55
-47
32
76
156
178
-36
-229
-369
-276
-158
-79
-33
-199
-360
-448
-376
-239
-146
-91
-24
-4
-110
-199
-115
35
88
9
-154
-299
-364
-311
-298
-348
-363
-348
-319
-288
-351
-376
-299
-111
58
-34
-65
-28
30
24
-25
152
275
174
64
37
57
196
253
219
207
104
71
0
-101
-95
4
46
-44
-70
13
108
34
-32
35
132
199
217
230
290
322
310
264
158
261
379
341
256
137
63
7
46
98
141
218
123
-2
-169
-338
-286
-109
-37
-246
-402
-452
-440
-357
-307
-161
-79
-85
-97
20
155
262
357
319
393
400
379
344
331
386
240
121
80
102
40
-55
-37
-72
-199
-289
-191
-81
-195
-401
-359
-220
-136
-130
-84
87
93
-35
89
353
554
644
519
410
291
372
478
459
445
244
21
-110
-188
-208
-108
-61
-263
-571
-736
-645
-400
-563
-831
-904
-847
-723
-723
-565
-481
-458
-415
-307
-180
-104
-39
84
30
-131
10
215
369
234
107
24
-21
66
165
324
324
210
80
-13
-26
164
392
409
269
116
51
72
136
297
474
492
358
167
129
220
267
311
272
161
69
0
38
57
19
-61
-128
-103
-91
-123
-146
-107
-62
-157
-164
-65
-93
-185
-242
-99
9
-78
-145
-141
-145
-133
-77
-26
37
-44
-54
27
107
338
435
393
386
423
453
468
444
390
343
319
252
139
226
285
197
60
-149
-212
-125
-50
-174
-386
-548
-543
-388
-340
-295
-273
-221
-140
-40
-48
-18
164
135
97
70
101
79
-89
-148
-101
-99
-178
-234
-193
-183
-248
-248
-251
-291
-341
-324
-322
-294
-332
-347
-269
-265
-232
-208
-98
-22
-22
-56
12
166
267
340
301
224
70
-63
-50
47
150
155
92
0
-58
-57
-62
16
140
133
-43
-197
-298
-206
-1
133
185
59
-8
11
197
351
375
387
407
474
447
436
385
304
253
228
275
276
188
94
28
19
81
89
-5
-71
-105
-97
-99
-61
-134
-238
-137
-95
-9
-7
1
44
-23
-84
-141
-71
23
78
-4
-29
9
113
237
231
193
169
206
170
119
92
88
1
-41
-61
-190
-262
-278
-212
-209
-285
-325
-244
-175
-175
-135
-221
-284
-212
-152
-126
-94
32
119
132
129
140
158
177
171
33
-32
-20
-82
-104
-225
-401
-439
-394
-313
-477
-527
-309
-240
-380
-486
-310
-100
-52
-209
-240
-92
67
41
-31
67
181
256
130
-16
62
225
296
262
205
226
202
160
57
47
126
228
254
117
131
190
252
299
410
506
548
434
277
358
469
507
503
363
166
135
190
183
51
-70
-103
-69
-164
-269
-327
-315
-270
-317
-279
-186
-138
-139
-119
-118
36
105
66
96
63
16
20
119
167
146
54
-60
-44
30
98
91
-43
-150
-175
-164
-240
-288
-285
-216
-169
-149
-163
-198
-100
-140
-106
-55
-23
26
-42
-86
-161
-114
-34
4
3
-55
-25
12
54
-2
-8
58
79
65
-21
-118
-242
-250
-206
-232
-293
-328
-328
-303
-221
-127
-130
-201
-191
-99
28
81
42
42
112
154
119
156
250
300
330
241
230
252
285
261
206
261
186
103
-45
-20
96
48
-42
5
120
42
1
87
189
169
147
156
237
215
163
107
93
216
113
94
105
170
185
198
313
236
185
75
25
57
111
25
-142
-157
-259
-355
-413
-359
-174
-185
-390
-473
-431
-330
-277
-231
-91
-22
-28
-71
4
99
183
305
323
278
184
131
125
136
170
158
156
77
-90
-130
-117
-90
-93
-109
-124
-237
-290
-348
-303
-315
-359
-220
-152
-176
-319
-338
-250
-244
-183
-28
3
-46
-71
-2
126
115
116
102
157
174
86
55
25
4
57
63
47
40
0
14
38
135
75
69
85
80
123
76
163
160
149
142
240
349
350
377
302
246
159
116
153
141
17
-38
-35
-69
-26
-41
-59
10
-16
-158
-155
-72
-78
-119
-82
28
48
13
-64
-83
-32
-49
-5
98
86
-12
-45
-7
90
149
174
148
0
-49
-80
-54
-33
-18
-27
-149
-219
-313
-305
-325
-241
-120
-201
-297
-304
-217
-160
-118
-58
24
-12
7
70
103
169
222
237
214
242
230
134
98
143
169
66
-142
-181
-62
2
-79
-127
-24
-33
-132
-84
-35
70
187
204
173
147
154
152
211
178
158
187
212
153
55
5
-87
-131
-174
-190
-225
-275
-287
-282
-260
-233
-228
-219
-214
-187
-111
-103
-97
-92
-32
28
-20
-37
-6
63
142
37
3
50
45
51
-85
-15
81
104
45
-22
18
90
153
101
185
180
111
61
35
122
234
187
100
34
-24
24
61
45
-14
-47
-139
-79
-35
-29
-45
-76
-19
9
157
206
143
61
156
253
242
224
139
129
112
68
34
57
47
-56
-125
-169
-154
-118
-132
-159
-211
-161
-108
-79
-38
-88
-77
-82
-73
7
96
235
224
99
68
139
117
75
104
118
218
177
77
-25
-101
-18
21
2
-2
-7
-69
-149
-155
-90
31
-11
-193
-230
-219
-181
-238
-244
-255
-391
-407
-384
-282
-303
-395
-453
-434
-345
-338
-303
-269
-190
-132
-153
-100
-64
-60
-23
32
100
171
297
301
304
267
231
337
465
525
366
363
310
244
250
196
274
258
232
170
189
272
144
113
189
240
307
235
45
-107
-66
12
-1
-62
-51
-80
-212
-175
-93
-17
-95
-203
-233
-117
101
184
155
54
78
135
162
267
315
398
446
304
296
263
239
279
262
142
29
22
-109
-228
-347
-369
-385
-472
-474
-463
-456
-394
-385
-446
-435
-312
-263
-240
-105
-85
-71
-13
129
158
133
85
-7
72
75
90
-25
-103
-82
-152
-66
-16
-167
-240
-114
-59
-195
-179
-29
-32
-51
-60
-9
-43
-69
-29
6
66
60
-24
-131
-117
-144
-171
-208
-149
-117
-192
-186
-196
-175
-82
-12
-55
-42
-44
5
218
274
162
210
274
295
313
275
344
398
416
377
287
266
285
245
214
325
359
297
251
147
198
268
268
251
208
163
123
146
26
66
98
70
142
51
9
-15
-36
-104
-145
-95
-98
-132
-202
-135
-60
-100
-141
-138
-155
-177
-147
-189
-190
-186
-179
-168
-110
-159
-202
-151
-231
-197
-236
-211
-205
-190
-162
-233
-216
-229
-167
-163
-128
-100
-66
97
137
36
28
91
212
303
201
128
108
151
124
97
80
75
191
150
-16
-124
-132
-163
-153
-69
-93
-144
-187
-267
-293
-204
-84
-90
-140
-224
-218
-205
-162
-140
-204
-108
-55
12
-6
-41
-57
-85
-15
47
126
150
75
63
155
290
301
297
353
291
306
259
308
337
288
347
389
312
272
261
187
269
204
164
53
6
-73
-59
0
-77
-20
-81
25
-43
-138
-164
-143
-67
38
108
-84
-101
-46
-36
-66
-49
-47
-107
-100
-68
-137
-101
-41
-52
-30
36
124
101
163
53
3
-53
41
135
-9
40
7
-10
-84
-64
-106
-60
48
38
-60
-211
-181
-239
-142
-153
-213
-248
-258
-252
-193
-158
-232
-84
-157
-196
-92
27
108
111
24
-31
-25
-8
75
58
93
38
-5
-126
-129
-89
-60
-41
-83
12
-56
-43
-9
-26
-54
67
181
244
333
278
242
226
209
232
278
208
91
-53
-25
-76
-101
-14
-102
-90
-168
-307
-352
-403
-304
-172
-252
-306
-251
-138
-61
65
85
335
648
621
192
-16
246
635
1152
632
-995
-1048
1318
1595
937
-211
-1858
-1436
2549
3721
-597
-2645
-2736
1276
3021
2771
-669
-5050
-2646
2116
3718
-2020
-1544
-1830
-2927
2356
2971
-1415
-3287
-954
-1152
-360
2166
1197
-1311
-1452
-440
858
-68
1512
542
-2245
911
959
1619
2028
17
-1602
-863
781
1908
3385
780
-1076
125
-351
1093
1275
-1081
-547
-1000
167
1207
85
-410
-1326
-2377
-1487
671
314
652
461
-1606
-1112
-407
-333
187
-384
-241
-496
438
1521
453
-441
-1568
-1621
-618
1706
1917
646
-147
-1484
-738
-116
213
355
-277
428
437
323
527
-840
-1209
-1236
-646
514
952
951
-250
-764
-1464
-1129
127
367
1182
865
283
330
-7
467
9
-569
303
406
1456
2081
860
-236
-1114
-1140
-203
941
1330
1321
131
-522
-613
-1241
-262
-96
-126
764
578
637
108
-982
-1145
-1368
-360
910
1026
939
-80
-1234
-929
-338
87
837
735
958
781
217
245
-437
-387
-17
262
733
711
229
-263
-781
-984
-447
24
482
510
-70
-355
-570
-587
90
50
-135
-125
-49
276
166
192
-584
-1024
-472
-150
121
216
-165
-855
-966
-503
-232
69
493
242
-34
19
-55
-31
111
201
16
111
820
651
34
-410
-947
-580
325
802
616
130
-522
-567
-540
-26
297
-209
19
-142
-154
108
-71
-564
-504
-239
24
499
406
24
-395
-303
-79
145
536
606
194
470
543
142
311
151
-16
256
491
436
40
-59
-21
-380
157
120
-122
260
196
126
-105
-83
-206
-115
192
144
37
103
249
6
-131
146
54
376
544
254
499
159
209
63
-39
504
287
521
676
129
-86
-385
-516
-228
-13
65
-283
-611
-635
-605
-639
-465
-493
-290
153
-87
-289
-506
-780
-681
-408
-141
39
-60
-198
-565
-526
-155
-122
92
258
295
180
124
-38
-243
-183
-92
150
272
317
169
-348
-339
-426
-144
347
98
138
-89
-210
-112
-203
-78
40
52
126
111
168
285
123
107
113
128
587
892
617
389
84
55
351
562
682
325
228
315
202
424
433
45
-14
26
-83
210
353
166
-146
-365
-276
-214
-16
41
-52
-142
-5
-166
-149
-93
-374
-145
-178
-64
-29
-261
-150
-165
-340
-275
-163
-48
-65
-110
-239
-494
-331
-104
58
-3
-126
-401
-232
-9
-30
-16
-97
112
64
432
506
136
-53
-225
-212
54
497
314
152
40
-215
-165
-146
-202
-44
108
162
138
-24
-196
-656
-637
-401
-358
228
445
-66
-467
-433
-335
13
351
309
188
109
122
-114
92
390
187
238
306
174
281
547
371
151
84
92
306
420
430
161
-47
-125
-172
89
13
-207
-207
-204
17
88
-187
-574
-599
-265
50
242
226
-55
-310
59
105
-11
152
81
98
210
256
236
103
-39
-72
-82
205
380
355
89
-189
-219
-251
-18
92
6
-113
-115
-62
-118
-167
-275
-315
-192
20
67
-228
-322
-376
-338
3
99
68
-124
-86
126
140
282
160
-130
-35
130
268
252
29
-111
-228
-118
35
125
67
-219
-306
-298
-22
174
69
-128
-390
-233
-133
38
227
-6
-68
-94
43
310
266
169
-70
-76
270
328
335
5
-269
-233
-36
217
167
91
-334
-315
74
245
408
202
-160
-316
-79
220
231
99
-130
-268
-39
317
251
-16
-10
-96
29
521
517
122
-60
-13
62
344
449
34
-157
-52
-17
-32
-20
-144
-304
-99
-19
-260
-358
-255
-277
-235
-161
-308
-252
-115
-38
-41
-47
-59
-64
144
156
-7
42
122
133
263
243
61
109
161
67
102
249
281
36
-103
-132
-223
-27
36
-156
-210
-278
-338
-211
-177
-257
-337
-288
-177
-107
-55
-174
-218
-23
174
166
196
76
-8
281
368
303
181
154
255
311
395
308
259
244
75
-33
-79
36
110
89
47
-261
-310
-190
-236
-187
-129
-141
-203
-171
-189
-122
22
-56
-41
0
-25
-5
70
200
81
-3
113
9
-38
87
153
88
116
259
161
40
-124
-250
-132
31
145
-46
-158
-186
-314
-145
59
104
-68
-103
19
16
194
164
19
21
95
239
286
427
313
47
89
182
218
219
194
0
-219
-208
-227
-238
-230
-295
-310
-352
-259
-268
-341
-325
-348
-179
-173
-69
57
-56
-8
-1
-17
40
208
271
290
300
274
322
250
183
33
-8
128
136
127
117
-98
-364
-257
-35
40
49
-34
-166
-228
8
270
107
-142
-238
-237
10
144
83
-232
-480
-212
-57
181
151
-56
-99
-36
240
185
270
299
225
320
380
299
95
-16
7
-9
4
90
-18
44
45
-64
-297
-317
-210
-186
25
-52
-261
-309
-97
28
37
118
148
73
212
287
102
-3
-30
-28
96
233
81
1
-128
-146
-77
-52
-56
-117
-143
-182
-109
-124
-198
-361
-348
-212
6
199
137
-3
-79
-136
-126
165
204
139
8
-54
95
14
-51
-126
-118
32
178
180
84
-21
-242
-198
60
143
77
3
-96
-142
50
145
130
163
76
-22
56
224
213
188
213
204
236
314
307
199
135
88
119
54
49
-52
-149
-108
-119
-52
-142
-178
-229
-232
-218
-129
-37
-92
-112
-113
-145
-99
-31
-156
-33
-57
-132
-188
-194
-142
-182
-77
-176
-289
-139
151
124
7
-148
-276
-154
180
395
244
92
-30
161
338
355
269
148
264
339
306
221
65
13
239
412
312
96
-142
-271
-189
-52
87
91
-20
-111
-152
-46
-6
37
81
-35
-60
-3
-104
-158
-165
-254
-339
-247
-152
-179
-160
-267
-376
-275
-95
-100
-187
-272
-385
-362
-151
-85
-125
-106
-108
-8
153
265
144
33
22
28
5
41
56
-85
-76
4
93
201
201
166
259
346
374
392
470
401
279
285
191
75
40
53
20
4
18
40
79
184
124
-9
-4
35
91
111
85
-24
-17
11
22
76
35
-49
-42
41
65
-1
-46
-6
-15
-3
-25
-44
-18
-23
-8
-75
-102
-73
-110
-95
-134
-219
-180
-37
2
-53
-103
-161
-48
-6
-50
-130
-234
-242
-277
-181
-94
-180
-189
-183
-174
-112
-174
-154
-81
-101
-69
-38
-47
-85
-128
-155
-158
-21
109
120
9
-96
-65
-44
89
47
-11
-36
-161
-107
-35
26
-30
25
123
173
263
304
340
308
238
235
283
294
329
246
176
238
278
243
227
177
59
57
91
155
93
-39
-72
-128
-122
-153
-135
-80
-141
-137
-133
-52
33
62
120
114
84
129
231
260
122
-53
-54
-35
14
-41
-202
-300
-223
-63
-54
-7
-95
-256
-220
-70
35
-15
-96
-160
-136
14
72
89
60
7
11
145
284
206
91
17
19
-14
-24
-63
-107
-198
-248
-167
-113
-137
-213
-216
-214
-124
-76
-7
4
-71
-76
-64
1
79
135
133
46
-45
-86
-152
-72
22
-43
-90
-73
-27
-69
-86
7
10
41
109
104
-32
-108
-57
-47
110
74
-45
-140
-184
-35
-49
-52
-27
-12
-28
18
123
114
134
127
145
127
67
67
108
173
190
219
232
199
204
205
128
128
156
83
111
171
54
-6
73
102
106
137
66
-59
34
113
92
78
19
-73
-120
-45
67
45
-41
-36
-53
1
26
-2
-26
-60
-50
-97
-139
-240
-322
-349
-330
-284
-247
-164
-154
-177
-186
-95
76
107
56
8
-26
16
33
42
88
-5
-38
3
-2
19
15
5
-64
-85
-58
-74
-108
-95
-83
-37
31
-35
-139
-149
61
139
181
186
45
6
45
139
131
98
32
62
93
60
35
-37
-45
-43
-6
32
-55
-133
-99
-107
-83
-27
6
-32
-52
35
72
70
73
74
31
-18
6
16
-2
41
77
65
76
109
152
151
192
246
135
107
199
275
272
113
-36
-55
-18
-69
-137
-155
-202
-157
-129
-98
-141
-290
-281
-273
-156
-39
-3
-31
-138
-137
-71
92
164
97
-24
-32
22
42
92
89
6
-116
-51
14
0
16
-49
-55
57
133
83
75
100
41
28
139
183
58
35
24
68
170
180
174
150
135
55
79
132
121
41
-60
-140
-180
-144
-92
-76
-108
-158
-163
-59
-118
-108
-137
-183
-122
-161
-47
-38
-79
-87
-118
-50
77
137
-6
-27
-7
-34
43
-4
-120
-244
-244
-91
-15
-76
-129
-133
-75
39
121
154
50
59
127
234
261
86
31
38
100
181
159
114
62
30
105
137
108
4
-70
-130
-124
-101
-154
-116
-172
-161
-68
35
97
76
67
22
61
142
160
111
-8
-38
27
63
25
-64
-130
-111
1
48
-7
-86
-190
-181
-71
-41
42
27
-54
-54
39
230
209
215
199
95
168
207
209
170
75
-16
-66
-98
-129
-81
-123
-93
-112
-187
-93
-7
127
200
167
92
142
205
193
125
67
76
76
82
6
-107
-279
-298
-229
-127
-132
-215
-208
-240
-153
-73
-46
-79
-91
-111
-150
-64
11
-12
-63
-76
-73
-5
76
98
-18
-48
-1
-25
68
38
-66
-113
-125
-10
38
47
4
-92
-94
-14
119
121
59
-30
-106
0
109
160
85
-15
-13
64
184
184
63
42
40
26
97
79
-6
-126
-114
-48
-10
-6
-20
20
-28
31
89
66
44
-72
-74
1
58
199
81
-48
-67
-76
101
80
31
-20
-50
6
50
111
79
93
107
161
245
208
118
86
136
197
165
124
28
-80
-57
-66
-20
2
-7
50
90
101
31
24
29
-16
-64
-144
-187
-251
-324
-332
-292
-238
-158
-136
-63
-51
-91
-76
-88
-64
-127
-36
-55
-146
-96
-122
-123
-154
-113
-149
-162
-169
-188
-139
-157
-137
-192
-188
-142
-131
-18
69
119
208
240
340
393
387
417
317
265
192
181
155
54
22
-38
-22
-28
55
96
28
116
136
127
111
16
30
-19
-32
39
93
153
125
123
118
123
111
125
50
3
-16
-17
42
0
72
58
22
-13
-29
-99
-163
-71
-88
-113
-191
-275
-234
-204
-179
-142
-121
-110
-157
-168
-126
-60
0
73
95
88
74
30
69
60
85
48
16
-29
-86
-104
-142
-91
-117
-152
-104
2
-41
-96
-28
29
15
-2
40
38
65
49
9
-35
-17
-32
-91
-33
-54
-139
-118
-104
-150
-121
-9
83
80
100
88
62
76
110
223
259
173
72
77
136
128
105
139
159
124
79
148
220
149
118
63
60
77
51
15
-36
18
-4
-47
-28
-31
-5
48
105
153
52
10
23
-42
39
53
66
42
-35
-69
-130
-57
-128
-177
-161
-232
-231
-232
-266
-312
-329
-275
-147
-76
-66
-126
-147
-100
-46
-15
16
-11
-73
-26
-37
2
33
-18
-32
-4
18
-23
16
47
-8
-37
-31
-92
-141
-110
-123
-127
-46
63
55
82
114
124
215
204
135
103
131
169
171
258
281
144
152
153
192
224
179
170
186
142
95
201
99
29
-6
20
39
-28
-17
-47
-47
-55
-71
-114
-80
-128
-133
-54
7
38
45
51
32
46
18
28
-51
-133
-167
-178
-39
7
-61
16
67
48
50
63
63
14
65
49
-48
-167
-203
-169
-168
-113
-76
-93
-101
-114
-164
-227
-216
-165
-227
-212
-180
-171
-180
-178
-136
-170
-127
-7
38
-1
24
82
121
51
115
103
10
114
149
228
185
128
88
21
25
75
78
29
7
-108
-92
-12
22
-3
10
68
101
104
73
26
-88
-68
-21
32
34
30
81
54
32
133
174
102
94
95
169
207
205
108
72
123
106
124
164
167
150
200
199
171
77
34
29
19
62
12
-8
-3
-33
-27
-17
36
39
-14
-81
-139
-107
-87
-63
-88
-101
-98
-23
-26
-82
-91
-167
-129
-158
-99
-121
-161
-156
-183
-165
-225
-222
-239
-218
-147
-74
-122
-153
-222
-227
-138
-113
-48
-103
-134
-159
-197
-158
-127
-169
-178
-67
9
-2
-21
-48
-73
-80
-13
63
33
39
29
36
97
135
164
111
171
197
176
208
204
246
262
338
305
257
239
220
201
171
218
202
203
118
116
155
150
214
200
162
84
0
-16
41
70
105
80
-16
-14
-57
-41
-24
-44
-7
19
7
-31
-23
-50
-38
4
19
4
-10
-13
-24
-9
19
36
30
34
3
-37
-58
-73
-86
-105
-156
-122
-125
-180
-169
-197
-146
-101
-128
-164
-213
-208
-131
-142
-160
-164
-224
-218
-256
-302
-265
-202
-142
-97
-154
-155
-121
-149
-130
-78
-13
57
87
55
14
-67
-50
27
46
70
66
102
92
56
108
116
124
105
85
115
111
84
99
110
57
77
80
104
162
161
170
186
196
180
200
180
206
269
193
182
173
127
125
47
-4
-37
-78
-29
-8
-31
-34
-53
-81
-27
-12
-72
-75
-44
-35
-2
31
12
26
-38
-19
15
-5
72
86
127
158
139
94
85
72
82
77
13
2
4
25
-9
-35
-34
-42
-45
21
-39
-48
-7
-33
-25
-72
-89
-132
-117
-130
-162
-180
-214
-257
-229
-164
-177
-157
-106
-120
-144
-145
-170
-150
-181
-208
-212
-190
-179
-227
-188
-161
-167
-122
-152
-171
-152
-70
10
-47
-45
-42
-6
61
159
175
167
181
174
196
165
225
280
259
222
234
275
281
228
224
250
215
221
189
73
35
72
76
113
81
48
79
78
53
63
77
24
-3
10
-23
-34
-57
-55
-16
-86
-13
-15
-73
-21
-32
38
43
3
19
1
-53
-40
-1
-17
-31
-48
-56
-47
-64
-16
-16
-34
17
-3
35
67
99
74
-23
-35
-39
-17
-15
-5
-32
-84
-102
-130
-67
-100
-103
-63
-75
-62
-129
-111
-75
-124
-159
-137
-150
-161
-181
-216
-181
-140
-133
-95
-22
2
-10
-40
46
96
121
170
165
139
96
57
116
155
81
116
178
166
52
35
56
40
69
91
67
3
25
18
-12
-48
-73
-92
-99
-54
-66
-58
1
38
31
39
57
50
43
16
-5
44
34
-41
-115
-156
-108
-84
-47
-22
-28
-60
-63
-39
-20
12
-1
-49
-74
4
-21
10
33
-20
3
22
88
70
73
89
105
151
167
167
100
92
117
143
122
63
111
91
110
174
157
173
155
151
108
56
56
69
-9
-67
-54
-89
-48
-85
-144
-125
-105
-118
-140
-133
-160
-194
-229
-184
-148
-174
-115
-52
-46
-73
-94
-94
-99
-76
-141
-84
-35
-60
17
-17
-42
-58
-16
26
23
30
57
3
-15
-40
-176
-148
-119
-35
7
-16
-22
57
150
127
148
140
130
127
92
82
168
149
131
162
143
196
174
111
99
56
36
58
7
-24
-68
-102
-77
-106
-143
-97
-95
-149
-132
-76
-83
-136
-127
-120
-104
-107
-92
-62
-78
-128
-114
8
2
47
108
27
54
57
68
74
149
208
163
180
140
152
147
193
171
105
69
10
26
-35
-36
-50
-63
-76
-91
-91
-54
-11
-59
-45
-24
-21
-17
32
25
0
12
77
146
82
66
35
13
45
24
6
-16
-57
-133
-134
-79
-44
-23
-78
-92
-65
-47
-48
-79
-29
-20
-25
30
47
18
8
31
76
119
111
140
165
140
89
64
80
41
-81
-93
-76
-143
-131
-170
-167
-156
-152
-105
-132
-114
-135
-149
-125
-114
-95
-107
-77
-57
-56
-18
-42
-89
-78
-78
-29
-1
2
-22
-31
5
4
18
13
48
6
12
79
101
94
90
88
75
156
162
187
156
187
221
187
191
145
183
143
53
102
129
33
42
69
47
0
5
42
-15
49
108
126
80
30
34
-31
-9
0
31
4
-60
-19
-83
-101
-78
-43
-64
-126
-124
-107
-125
-207
-134
-94
-107
-85
-42
-51
-77
-68
-30
29
35
95
109
79
48
16
22
28
13
-9
-34
-51
-41
-22
-121
-163
-156
-170
-181
-192
-137
-183
-128
-89
-60
-89
-113
-47
-67
-52
-64
-38
39
22
10
135
106
75
63
67
86
18
37
30
24
45
73
105
160
168
160
172
168
127
125
101
112
148
115
130
88
69
43
15
-9
-51
-44
28
1
-27
8
-8
20
-15
-24
-50
-78
-82
-102
-74
-30
-26
-54
-4
2
-3
45
88
74
42
38
47
120
82
6
-15
-28
-16
-1
-26
-56
-34
-25
37
8
-36
-56
-112
-108
-137
-100
-86
-120
-61
-39
-56
-36
-10
6
1
-41
-34
8
-48
-96
-46
-32
-55
-44
-54
-42
-73
-105
-47
-73
-103
-96
-89
-98
-78
-16
-23
-33
-35
-18
-32
-2
54
30
56
19
45
114
89
90
51
76
102
94
155
135
119
144
194
239
180
201
258
262
226
244
275
221
132
136
156
57
27
30
-27
-81
-113
-138
-171
-192
-171
-230
-268
-260
-252
-246
-240
-241
-247
-172
-149
-99
-46
-4
35
71
110
122
135
163
167
111
91
103
96
104
38
-37
-28
-65
-44
-72
-45
15
-57
-80
-107
-163
-230
-172
-139
-169
-111
-79
-44
-32
-23
6
38
92
37
-3
4
-27
-64
-111
-39
-26
-29
3
-35
-28
-50
-30
1
0
-14
9
32
25
2
41
115
88
66
105
135
146
185
136
73
56
77
100
107
102
120
129
153
147
110
154
146
161
127
113
95
93
51
-53
-41
-32
15
4
13
-8
-51
-19
6
-16
-108
-104
-72
-92
-153
-105
-83
-171
-152
-113
-108
-133
-123
-152
-166
-120
-104
-51
-47
-20
23
17
69
12
56
117
89
159
177
153
72
46
-8
-13
-6
-54
-38
-83
-48
-45
-36
-50
-108
-110
-171
-176
-200
-230
-263
-212
-162
-171
-56
-22
-4
-30
-2
65
117
128
93
127
105
124
68
80
13
-99
-73
-62
-20
-35
-15
-11
16
29
24
41
107
137
105
135
189
201
131
108
132
163
161
151
109
105
94
58
113
111
72
85
79
50
17
-47
-73
-70
-60
-106
-127
-77
-81
-53
-44
-1
43
51
31
35
53
13
9
16
7
-54
-32
-35
-58
-47
-56
-28
-67
-26
-31
-34
54
48
8
-8
25
-7
24
58
12
18
9
39
19
7
-35
-54
-44
-143
-152
-133
-123
-142
-208
-232
-227
-175
-147
-121
-82
-127
-123
-112
-111
-70
-84
-34
-29
-77
-52
-66
-107
-70
-17
-14
-50
-64
-12
-13
4
9
7
31
72
93
57
75
133
224
242
237
222
242
244
235
309
306
310
220
231
298
201
155
113
108
92
67
57
16
43
63
35
45
38
-1
-39
-46
-37
-56
-46
-56
-70
-75
-100
-68
-64
-100
-135
-174
-161
-178
-231
-224
-194
-170
-159
-131
-162
-191
-136
-119
-106
-38
-6
-22
-35
-10
5
17
46
-3
-14
-23
-16
2
3
41
66
84
45
51
52
20
55
53
3
12
15
-10
-36
-66
-4
60
38
32
14
-15
-22
-20
4
-30
-48
-82
-84
-82
-156
-133
-43
-7
27
61
50
74
40
40
103
100
92
104
101
86
81
72
120
113
57
92
73
-4
-5
5
42
51
13
14
13
-9
-9
4
2
66
79
93
143
99
95
113
85
31
-7
-10
-74
-98
-22
-45
-86
-72
-73
-122
-95
-20
-63
-72
-93
-110
-80
-89
-121
-144
-128
-168
-99
-47
-37
-10
-19
15
-18
38
50
11
42
48
63
70
25
10
19
5
41
50
8
-13
6
-21
-48
-45
-17
-36
-85
-51
-9
-32
-10
60
86
92
98
117
73
62
44
43
36
38
31
34
81
41
26
36
11
-26
-3
-9
19
28
-32
-79
-51
1
-34
-32
-31
-39
-47
-61
-105
-145
-186
-148
-92
-79
-41
-63
-57
-92
-96
-43
-22
28
30
62
133
99
125
152
150
186
126
145
156
101
102
78
22
-35
-25
-61
-94
-53
-27
11
-22
0
15
-28
2
39
43
7
17
-3
-22
-34
9
28
-39
-39
-12
-39
-56
12
52
43
-3
53
57
58
111
88
61
20
32
22
-11
-49
-68
-57
-89
-101
-54
-98
-127
-92
-47
-44
-72
-32
-14
13
37
63
40
75
95
54
14
5
72
35
22
-19
-53
-89
-130
-100
-91
-63
-106
-104
-61
-107
-75
-37
-51
-12
-35
3
25
-12
29
2
29
54
24
33
13
9
-5
-14
21
38
7
-10
-20
-16
0
3
22
12
10
19
21
24
-4
25
-7
0
45
41
47
2
19
9
67
55
26
26
27
31
-19
9
-9
2
52
93
41
63
130
120
76
57
107
88
94
112
91
81
83
48
1
-51
-4
-14
1
22
-30
2
-9
-61
-126
-84
-88
-78
-67
-112
-86
-31
-20
-78
-44
47
58
59
74
78
78
-9
49
89
72
94
32
10
-46
-25
-31
-49
-73
-136
-120
-177
-246
-271
-276
-249
-214
-179
-178
-143
-110
-123
-114
-105
-46
-30
11
22
44
82
62
86
39
53
38
11
34
47
41
-3
-22
-43
-26
-26
-38
-35
-25
-10
14
-17
-2
31
58
147
158
136
139
159
165
176
128
139
131
106
126
99
137
149
135
102
94
104
123
168
137
89
101
114
130
89
90
126
109
92
47
78
9
-22
-19
-51
-36
-65
-58
-73
-102
-136
-141
-142
-143
-153
-182
-168
-141
-140
-178
-174
-129
-135
-127
-127
-86
-55
-107
-79
-34
6
-19
-17
-26
-33
-69
-136
-88
-141
-157
-158
-146
-70
-64
-112
-58
-43
-60
0
3
46
29
66
121
192
160
123
180
162
159
118
177
171
99
25
7
18
-43
-64
-80
-113
-100
-49
-24
-12
-68
-45
-69
-57
-38
-29
-29
-56
56
7
12
39
-8
-14
-12
-38
-25
-10
-79
-63
-66
-48
-25
2
42
37
74
106
117
114
132
186
166
206
234
244
262
248
278
245
224
202
221
199
149
119
122
117
39
32
-4
-15
-51
-47
-42
-75
-83
-113
-92
-107
-133
-117
-117
-132
-145
-105
-86
-105
-75
-93
-78
-104
-92
-109
-98
-52
-163
-104
-131
-195
-236
-271
-234
-228
-221
-221
-184
-206
-186
-150
-161
-148
-125
-93
-74
-92
-50
-20
-29
-26
-49
-25
47
51
77
111
62
62
103
151
147
190
178
104
130
181
139
120
154
163
179
111
132
152
103
53
18
32
22
55
41
-18
12
-9
-42
-12
-33
-3
27
18
33
39
85
129
138
177
178
107
142
167
156
184
170
191
149
120
121
88
26
16
72
16
-15
-59
-69
-70
-131
-123
-135
-164
-111
-92
-83
-64
-90
-64
-37
-15
-7
-20
-77
-38
-14
-21
15
-31
-47
-100
-131
-98
-120
-164
-181
-173
-181
-216
-199
-167
-175
-132
-109
-170
-177
-160
-159
-141
-145
-134
-98
-69
-65
-82
-41
-54
-55
-53
-78
6
34
88
7
5
88
77
79
79
129
90
101
115
107
107
150
212
275
293
275
255
236
217
162
139
64
106
64
2
2
0
51
58
43
20
53
18
11
23
40
67
76
76
75
95
98
103
134
122
108
122
70
41
16
38
-20
-116
-119
-103
-113
-127
-121
-142
-140
-147
-178
-197
-209
-195
-99
-120
-114
-63
-17
-25
-31
44
29
53
19
23
28
38
48
45
12
-15
5
-25
-42
-93
-76
-129
-139
-146
-142
-123
-81
-22
-25
12
-33
-32
-28
12
-39
-13
46
-15
-12
-51
-51
-70
-54
-42
-48
-24
-2
-19
-16
6
-44
-35
-60
-12
17
-44
-22
-19
19
42
68
74
90
116
122
155
124
86
42
32
23
12
23
38
76
127
99
39
25
76
75
6
21
13
57
19
64
73
39
72
73
109
41
68
39
68
71
33
80
44
-4
-17
-7
-5
21
15
51
68
77
78
107
106
65
86
95
59
51
13
-10
8
-58
-20
-43
-39
-13
-48
-61
-127
-168
-143
-124
-157
-143
-152
-149
-161
-146
-94
-96
-49
-61
-70
-32
-20
7
-7
-36
-72
-46
-55
-41
-13
-73
-80
-120
-113
-119
-141
-178
-181
-173
-208
-143
-105
-122
-146
-143
-85
-50
-35
29
7
23
5
-15
18
36
111
115
112
130
177
186
167
192
139
75
67
-18
38
24
-17
25
-31
25
9
21
69
82
91
81
163
189
159
199
169
202
244
212
196
182
140
86
129
166
275
230
248
277
174
156
98
123
84
9
-9
25
4
-1
-9
-27
-44
-32
-13
-95
-105
-140
-128
-187
-194
-206
-262
-149
-158
-161
-127
-92
-47
-32
-72
-104
-79
-119
-147
-104
-33
-35
-96
-91
-101
-204
-212
-210
-254
-277
-214
-142
-197
-196
-202
-227
-246
-228
-170
-164
-151
-149
-159
-156
-75
-23
-35
-59
-37
33
66
91
110
154
164
167
187
186
200
174
139
153
70
79
141
86
73
35
49
49
52
50
75
75
82
125
94
138
98
118
155
189
216
176
174
201
206
224
191
98
177
157
182
158
116
110
36
80
80
78
56
57
103
109
93
110
59
51
84
26
-41
-25
15
20
35
-30
-18
3
-52
-61
-98
-132
-56
-63
-113
-105
-118
-115
-143
-159
-175
-142
-144
-222
-254
-237
-230
-267
-237
-190
-223
-294
-278
-241
-229
-170
-199
-198
-209
-208
-208
-258
-174
-212
-200
-117
-89
-42
-39
-41
10
17
38
110
115
123
105
94
93
144
80
79
57
21
33
-24
25
17
81
118
155
158
192
231
198
224
205
191
155
188
199
212
171
126
145
112
110
70
37
79
65
45
101
61
12
66
30
-66
-36
0
1
8
17
-7
23
73
53
26
16
73
90
152
192
172
127
117
162
127
130
130
105
114
106
51
17
22
-3
21
18
-51
-76
-104
-104
-105
-144
-202
-180
-165
-178
-188
-210
-202
-216
-134
-113
-123
-92
-177
-210
-179
-201
-155
-116
-135
-120
-196
-241
-194
-187
-192
-210
-214
-211
-249
-231
-165
-130
-133
-107
-73
-105
-48
9
-41
-32
-50
-58
-19
-28
19
22
56
83
78
120
148
212
186
176
211
227
262
249
252
259
227
206
209
229
178
80
81
83
47
5
-15
-10
-1
-9
2
28
37
60
28
53
117
174
203
228
237
169
195
224
252
267
208
210
238
217
176
149
129
101
59
63
22
-90
-75
-63
-110
-124
-98
-124
-128
-105
-144
-111
-164
-177
-192
-190
-136
-173
-151
-145
-156
-135
-86
-117
-133
-123
-139
-124
-180
-162
-129
-188
-171
-192
-202
-134
-193
-199
-196
-194
-183
-177
-136
-184
-139
-111
-94
-86
-107
-99
-115
-90
-111
-91
-56
-42
-46
-37
5
-34
-12
32
72
59
57
152
164
218
235
223
233
220
235
230
211
199
181
111
107
80
27
83
97
98
77
47
98
96
94
75
88
134
145
181
149
117
82
111
144
171
211
227
240
203
165
128
174
167
134
68
56
101
3
-3
3
-29
-39
-37
-28
-53
-65
-76
-83
-56
-68
-97
-114
-144
-129
-95
-70
-59
-44
-68
-111
-168
-208
-211
-243
-232
-219
-234
-260
-275
-259
-237
-225
-219
-190
-156
-113
-141
-155
-146
-148
-88
-72
-79
-104
-87
-40
4
31
20
93
105
110
95
57
86
31
9
37
-7
-43
-66
-64
-39
-10
-4
10
32
12
21
19
84
58
17
70
39
66
47
70
128
98
72
40
47
112
158
147
83
99
150
110
189
181
158
159
115
196
228
218
178
193
177
117
139
164
133
112
110
102
120
107
111
67
70
46
-15
-19
-93
-145
-139
-106
-114
-111
-103
-79
-81
-60
-66
-95
-69
-110
-107
-88
-45
-29
-19
-32
-29
-45
-129
-121
-110
-79
-79
-121
-106
-130
-167
-128
-154
-191
-146
-136
-139
-130
-163
-111
-76
-61
-6
-22
-2
-25
-22
19
50
20
-6
-3
-23
5
-4
-36
-107
-172
-214
-155
-180
-187
-142
-159
-89
-87
-38
1
35
61
51
104
145
208
208
157
137
99
89
103
108
138
135
65
12
13
-35
3
48
51
47
2
93
91
101
174
160
192
201
192
196
167
165
177
217
253
238
298
290
273
241
202
179
44
44
10
-90
-137
-161
-136
-149
-184
-164
-124
-129
-70
-39
-18
22
-1
-18
-12
26
55
9
14
26
-36
-41
-60
-66
-78
-98
-134
-153
-190
-218
-170
-177
-182
-179
-144
-97
-109
-120
-127
-155
-155
-215
-236
-225
-192
-158
-176
-121
-112
-62
-73
-67
-76
-101
-47
-106
-144
-177
-168
-107
-35
-51
-54
-31
-35
34
85
153
140
119
107
131
214
245
237
163
171
146
142
