6
3
12
1
19
23
22
60
57
49
48
58
23
27
25
29
36
19
18
-4
-20
-31
-28
-9
6
-27
-52
-32
-34
-35
-6
7
-6
1
0
-15
-24
-20
-13
-8
41
9
-31
4
-32
-22
-19
-17
16
-3
13
15
18
14
9
24
1
3
-15
-25
1
-7
-15
-23
7
-8
-26
-3
-10
22
2
6
6
0
1
-36
-41
-31
3
4
2
-2
30
-3
3
31
-19
-9
22
44
7
4
13
36
43
28
32
34
26
0
13
32
29
25
46
29
-10
-9
-4
-6
3
14
26
0
4
12
-24
-33
-34
-10
-38
-25
3
-8
-25
-34
-5
-32
-36
-19
-8
4
-20
-17
-9
-31
-17
-10
9
0
-8
6
-7
-1
-2
26
7
20
37
10
12
19
30
15
1
13
-5
-17
7
12
22
-17
8
12
-19
-17
-33
-3
-10
-22
-10
18
-26
-7
18
0
24
-9
7
0
-26
-22
-8
-3
-9
-14
-13
-7
-17
13
-9
-48
-10
-1
-15
-15
-10
-1
-22
-16
-14
-11
12
12
-6
-3
-3
-1
13
1
3
-5
4
9
10
10
28
43
32
49
41
19
16
37
47
63
61
49
63
46
48
51
2
-6
-10
-2
3
-12
8
-22
-21
-19
-54
-49
-21
-25
-44
-39
-45
-23
-28
-35
-20
-27
-16
7
22
-8
0
21
0
-6
-9
-4
-9
-23
-13
-2
-9
-15
-11
0
4
10
9
20
0
-7
17
12
6
-2
11
-16
-23
-19
-22
-10
-7
-5
-28
-18
-11
5
20
19
23
-6
-10
3
-2
-17
-31
3
-2
-19
-10
0
11
-19
-17
-4
-4
-9
-15
-4
6
15
58
51
45
40
44
64
25
44
65
45
16
22
22
20
35
52
26
15
27
-28
7
10
-4
1
-38
-35
0
13
-11
-24
-51
-73
-76
-27
-36
-60
-51
-49
-26
-41
-34
-30
-31
-25
-20
-16
-29
-19
-11
-4
-10
-12
3
-1
0
7
8
2
17
21
4
21
-20
-29
34
10
4
32
47
31
7
46
40
46
58
54
37
36
35
-2
7
-3
2
11
29
10
-9
23
15
19
7
-4
14
-5
-13
-1
-19
-26
-38
-46
-25
-26
-40
-30
-22
-20
-19
-12
3
6
0
3
11
16
17
4
15
8
-13
16
-1
0
28
-6
13
6
19
6
-27
-6
19
24
-25
-4
-18
-33
-21
-3
9
-27
-38
-26
-25
-24
-9
-28
-13
-15
-22
0
3
-20
-22
-9
-49
-12
16
19
32
22
27
-21
-31
9
-1
-3
8
27
31
15
10
33
35
-19
-8
12
3
9
18
6
-2
6
-4
7
6
-4
-3
-4
9
21
19
35
9
3
4
-8
21
17
20
7
19
26
9
19
12
35
31
-2
3
2
-3
-14
-3
-11
-24
-13
-3
0
-26
-13
-32
-21
-10
-25
-6
1
10
-26
-34
-13
13
-4
-35
-18
-3
-5
-10
1
-9
-24
-20
-22
-26
-22
-18
-8
7
2
6
29
22
16
16
9
46
20
-13
-16
0
21
-9
7
-6
-6
9
5
9
2
31
16
17
25
17
45
42
27
11
11
-1
-22
-30
-28
-24
-25
4
-18
-17
-26
-44
-4
-15
-31
-15
-1
-40
-43
-25
-42
-16
-17
-17
-1
-40
-38
-28
-8
21
15
-3
-14
-13
-9
7
2
19
35
46
51
66
80
53
44
49
53
34
20
40
35
27
32
10
26
15
1
-6
-3
16
27
31
-6
-2
-18
-18
1
0
-1
-8
-12
-14
-22
-12
-7
-29
-6
-9
-12
-5
-31
-32
-38
-53
-12
-1
-16
5
16
22
0
-24
-26
7
-25
-12
-14
-32
-19
-47
8
-6
-32
-35
-33
-23
-47
-35
-20
-24
-17
5
8
-8
-18
2
6
3
9
33
19
-7
10
19
0
29
40
4
-2
-1
10
9
13
-2
6
21
27
20
19
18
-1
19
47
35
32
63
48
28
0
17
27
35
39
21
47
46
21
0
9
7
7
-1
-14
-46
-12
6
-34
-9
-15
-13
-24
-27
-26
-33
-21
-15
-15
-50
-31
4
-26
-9
-10
-34
-29
-47
-46
-39
-16
-34
-14
-8
-34
-36
-35
-15
-33
-21
-29
3
10
9
6
-17
35
29
18
7
16
20
-1
32
28
-10
-4
2
9
33
3
6
32
-16
10
34
23
10
1
39
38
36
25
38
19
26
29
13
24
15
20
5
-10
6
8
-7
19
7
-15
-16
-3
-5
-8
-5
-1
19
14
-3
-7
-2
-1
-3
-12
15
8
12
-8
-34
-26
-7
-14
-35
18
-12
-23
-26
-28
-7
-48
-20
3
-16
-15
-19
-15
-28
-56
-57
-19
-11
-22
-7
-22
2
-6
17
38
13
31
3
13
6
15
13
2
5
-19
10
-4
1
6
-4
18
-4
-3
12
-2
19
19
12
27
17
-13
6
24
13
21
11
15
8
13
13
-9
-1
5
5
-4
4
3
-3
-13
7
29
19
22
13
14
2
-10
-28
-22
-6
9
15
15
-12
-27
1
-21
-5
-4
-7
-6
6
19
-4
-14
-3
13
17
25
10
26
45
12
4
25
6
-12
-11
-11
-30
-41
-35
8
-22
-52
-38
-39
-13
-47
-21
4
-9
-6
11
-13
-27
-19
-28
-11
-21
-10
12
-1
-26
-10
-3
3
16
12
-2
-9
3
-13
-12
26
33
0
-5
-2
-19
-6
6
17
40
17
35
46
41
22
21
41
18
30
32
62
18
12
38
22
43
46
48
14
10
13
14
-16
-7
-3
5
9
-7
-12
-25
-31
-59
-14
-44
-62
-52
-61
-55
-35
-21
-16
-16
-50
-45
-53
-35
-28
-43
-27
-6
-20
-23
-5
3
16
6
6
54
44
16
32
26
32
0
-6
15
31
46
51
66
47
40
44
43
34
-12
23
44
0
-3
-10
-13
-11
-12
2
-12
-25
0
-43
-47
-52
-67
-34
-21
2
-14
-16
-14
-19
-3
-19
-2
9
-1
-8
-2
39
31
21
56
42
7
22
21
35
15
-10
19
14
-10
13
5
0
-4
-16
11
-15
7
16
24
30
5
7
-3
-12
-8
-13
-14
-16
-22
-22
-47
-13
4
-28
-48
-37
-37
-37
-31
-11
-18
-36
-16
-30
-17
-34
-18
5
-4
-3
-2
32
8
-4
25
35
34
3
19
46
0
3
32
29
6
6
18
8
2
-7
18
-16
18
34
9
41
7
41
37
24
26
13
41
33
14
5
-8
-27
-22
1
9
1
-6
-13
7
2
-4
1
17
13
-13
-2
-22
0
-7
-19
-12
-38
-30
-35
-41
-25
-19
-32
-34
-41
-45
-41
-26
-27
-16
-9
1
11
11
30
-20
-10
-7
1
-3
-16
12
-2
8
9
29
19
-16
-16
9
9
10
15
9
0
7
33
17
26
6
9
25
34
29
38
39
15
18
20
34
-12
6
13
12
29
55
32
-19
12
-4
4
-12
-22
-5
-13
-22
-22
-1
-16
-28
-5
-10
-25
-41
-50
-24
-45
-28
-31
-13
8
-32
-26
-27
-34
-20
6
-19
-18
-47
-34
-3
-15
-2
-11
6
0
9
7
33
39
18
41
41
2
35
63
30
31
9
12
-3
0
6
-1
-6
-2
-21
-17
22
13
25
-16
2
16
2
34
26
29
41
37
38
35
4
-7
-6
10
20
21
10
-17
-22
-13
-16
-25
-22
1
-18
-48
-11
-29
-32
-47
-51
-9
-27
-13
0
-7
-7
-10
0
9
13
10
9
-13
-30
-17
-11
7
-3
-24
-7
1
-18
5
13
-27
-37
-25
-10
-6
12
6
13
12
27
-7
-16
19
-6
9
-15
-22
-9
3
-8
-4
4
1
16
20
12
-4
9
37
33
26
46
47
54
38
24
29
29
42
50
19
14
28
8
22
16
0
-21
-22
12
-3
4
12
-1
-9
-31
-7
-7
-20
-13
-48
-34
-42
-56
-26
-22
-15
-42
-46
-26
-35
-33
-42
-35
-22
-34
-11
12
21
-6
-26
19
2
-3
7
2
5
7
9
-14
8
4
-27
-10
-4
9
-10
-9
38
18
13
10
43
34
12
48
56
34
-9
29
27
12
14
-1
22
25
22
36
15
30
43
14
-11
-30
3
-5
-16
12
-4
-16
1
-16
2
-2
-17
2
-27
-38
-35
-8
-26
-51
-48
-34
-30
-25
-10
-26
-4
-28
-28
-40
-41
-17
-45
-19
27
27
8
3
2
8
9
30
28
15
10
22
13
4
44
22
39
30
15
25
26
46
25
27
23
29
31
26
22
28
44
12
0
-7
-6
5
-13
-25
-5
-17
-32
-1
-1
7
-7
-18
-7
1
3
-25
-34
-33
-60
-55
-1
-12
-6
-15
-20
-5
-34
-41
-18
-20
-5
0
-13
12
-21
-26
-15
-14
-3
3
-2
0
-31
-22
4
-4
9
7
35
9
6
-3
-12
-7
-7
12
1
1
-6
9
7
3
3
3
-10
0
23
52
40
13
44
35
27
7
21
17
1
9
23
31
39
43
42
43
16
18
53
48
4
24
1
-1
12
4
17
9
5
-6
-10
-19
-27
-26
-20
-16
-6
-19
-10
-28
-38
-24
-50
-48
-49
-35
-32
-47
-37
-38
-18
6
0
-14
-4
-11
-31
-23
-69
-50
-43
-15
-21
-53
-24
-48
-13
-16
14
2
23
27
-2
5
0
19
19
53
19
64
66
37
29
23
43
26
3
3
24
6
8
18
49
32
13
17
47
12
8
32
13
42
29
34
9
-4
4
-8
-10
-1
-1
1
-34
-10
7
-29
6
-10
-5
-32
-46
-37
-23
-42
-48
-14
-20
-44
-50
-3
-12
-12
9
23
20
2
7
8
-9
2
2
3
31
20
2
10
3
-12
6
-3
16
8
9
9
17
10
-13
2
-5
25
-17
-4
19
0
-28
-31
7
13
9
12
41
13
-3
11
2
8
33
11
6
-3
-29
-7
-19
-23
-16
-13
-36
-19
-2
-24
-31
-18
23
-14
-7
9
0
13
-8
13
14
-6
-6
18
7
-19
-15
-38
-25
-30
-10
22
-4
3
9
-1
-9
12
16
13
3
13
30
-12
-1
-7
-26
-15
-7
-2
-19
3
-4
-4
0
-19
20
28
32
3
13
32
16
37
22
24
24
19
0
21
41
23
15
26
41
20
8
-13
-7
-33
-22
19
2
-2
6
5
-8
-14
-12
11
1
9
20
-13
-4
6
0
5
7
10
-2
-17
-12
-29
-28
-35
-40
-19
-38
-66
-63
-39
-34
-30
-38
-28
-40
-34
1
-11
-16
-33
-19
-27
-7
3
-4
4
-4
13
5
-2
-27
-12
-13
-5
22
-6
26
13
13
34
2
10
25
39
35
41
70
69
40
49
73
26
12
22
36
51
29
31
45
19
17
31
38
25
10
24
-9
-3
3
-31
-28
-22
-7
-7
-31
-30
-42
-26
-11
-35
-38
-25
-48
-73
-51
-34
3
-4
3
10
-12
-13
-38
-22
-1
16
-1
3
0
-12
-4
-37
-35
-17
-19
9
6
-12
-1
-17
13
7
1
14
-5
19
22
0
-15
-2
6
5
3
12
26
7
5
1
-3
-1
-14
-10
3
7
6
16
0
7
20
1
22
57
54
32
37
56
38
18
40
7
-8
-17
-17
16
-9
-4
-10
-12
-3
-28
-22
-2
-3
-1
-13
-22
10
2
1
3
-26
-29
-26
-22
-26
-25
3
-3
-9
7
-38
-27
-23
-21
-19
-41
-14
-21
-32
-21
1
1
-4
-25
-26
-21
3
-8
-5
25
-37
-33
32
19
15
43
25
56
43
55
24
19
72
36
32
18
32
36
32
5
19
15
6
21
20
29
-3
38
10
-15
-5
14
28
6
2
11
14
-7
11
-3
9
-9
-17
-19
-26
-23
-23
-4
-15
-20
-43
-26
-45
-39
-30
-44
-72
-60
-40
-48
-5
-14
-21
-62
-26
-47
-63
-19
0
22
-21
-31
-19
32
23
6
10
1
2
-3
7
10
0
4
37
29
47
59
31
22
5
35
48
3
-8
9
19
25
25
34
49
51
37
14
18
14
21
21
11
23
18
37
29
5
0
4
2
-8
-7
-20
-17
-41
-58
-49
-31
-31
-22
-9
-7
-9
-26
-4
-37
-42
-12
-16
-3
-7
-23
-12
-16
5
2
-1
33
25
19
9
27
3
5
18
7
-9
-26
-15
-32
-45
-34
-4
-11
12
-13
-20
9
9
19
22
5
9
27
10
17
-7
6
-10
3
12
1
-7
-15
3
-2
8
-5
8
-1
6
11
15
10
10
4
-22
-4
12
19
16
45
24
28
46
16
-5
0
15
12
2
17
-17
-28
-6
-49
-34
-26
-39
-32
-7
-9
-15
-20
-28
-23
-13
-12
-4
-3
-28
-6
-5
10
15
11
4
26
31
13
41
24
-8
-27
-2
0
-12
9
1
4
8
-4
14
28
17
12
25
26
-14
-38
-5
-4
-24
-13
-13
10
16
-23
-18
1
-12
-18
-49
-33
11
8
13
-6
18
22
20
28
10
22
19
7
5
50
49
18
0
13
0
-3
22
-16
-18
-16
-10
3
0
-14
-24
-19
-9
-38
-22
-23
-49
-23
-29
8
4
0
23
9
28
18
-5
13
12
19
6
-2
8
-18
0
8
-12
-27
-21
-23
11
10
3
15
-9
8
-15
-25
3
0
-26
-21
-22
-15
-21
-17
11
18
24
17
6
-7
-6
-19
26
23
4
20
25
18
9
23
39
23
-10
31
19
1
23
30
20
4
0
5
7
3
0
-8
-20
-46
-30
-28
-21
-5
-5
-29
-49
-36
-28
-48
-50
-32
-31
-19
-3
15
-2
30
47
38
29
30
53
30
21
21
35
40
42
13
10
3
-6
-7
-26
-10
6
-1
-8
-11
-9
-5
-25
-19
3
6
1
-9
-22
-3
-14
-10
2
2
0
-14
-10
-24
-50
-43
-19
-54
-29
-29
-44
-38
-4
12
-31
-1
4
27
-7
-16
19
15
-15
-14
27
32
35
-11
25
10
-10
54
41
39
31
16
3
0
6
24
36
25
25
11
24
37
23
27
24
34
25
-16
10
22
-6
-14
-10
-2
-19
-5
0
5
-6
-9
10
-5
13
0
-25
-7
3
-3
6
9
4
0
-9
-22
-25
-16
-17
-23
-9
6
-26
-15
-7
-30
-34
-32
-16
-15
-32
-19
-2
0
18
3
-2
-10
-20
-20
-28
-10
-14
-48
-46
-41
-29
-6
-43
-11
-4
-32
7
4
3
10
-17
-20
-15
-21
3
2
26
44
27
23
12
29
30
38
46
38
52
51
48
42
51
47
47
78
66
66
41
34
56
32
14
27
28
-20
1
11
-20
-29
-14
-7
-40
-47
-40
-47
-53
-15
-24
-9
-13
-29
0
-12
-29
-17
0
-18
-29
-16
-13
-31
-4
9
0
-21
-4
0
-31
-24
-22
-20
-19
-9
-33
-20
-32
-25
-6
-28
-3
-19
-26
-28
-10
31
27
29
34
17
24
15
1
1
-25
-17
23
31
9
13
-14
-18
4
-5
23
21
29
40
30
31
28
53
16
4
16
24
38
8
34
32
0
13
32
10
3
-17
-15
10
-10
-11
-12
-22
-16
-37
-52
-41
-45
-10
-25
-12
-11
-33
-31
-11
-1
-29
-29
-45
-9
-9
-8
-9
5
3
0
27
13
-7
0
8
-10
3
-1
34
19
1
-16
12
48
19
31
23
15
19
25
14
31
21
7
3
38
39
-13
15
12
-7
-10
4
1
-13
0
-1
9
1
-21
4
-10
-28
-22
7
2
-31
-14
-6
-9
-12
0
13
15
10
0
-13
1
-10
-7
2
-20
-26
-23
10
-3
0
15
-6
5
23
27
0
-25
-11
-29
-35
-1
-17
-3
-18
-54
-21
-36
-23
3
-4
-12
-22
4
-2
-9
25
16
-8
-6
23
18
-23
-26
-2
-2
-21
-18
1
27
19
18
47
32
2
23
38
14
-6
25
33
4
24
31
37
53
50
29
29
6
6
51
21
10
-3
-2
19
9
32
17
-5
3
-36
-11
-8
6
-16
-41
3
-37
-16
-22
-23
-22
-37
-25
-45
-47
-46
-25
-2
-16
-29
-12
-24
-16
-24
-19
-3
-32
-9
-2
-37
-39
-9
2
6
4
13
21
-3
-6
25
20
-9
3
4
6
-1
-11
8
24
28
11
25
17
9
27
17
26
13
29
35
11
15
16
16
38
45
-3
22
26
27
39
20
37
21
23
23
20
16
-5
-22
-6
-16
-38
-29
-33
-41
-58
-61
-72
-73
-54
-38
-14
-22
3
10
10
28
-7
0
-19
-25
-25
-27
-15
-25
0
1
-7
-11
5
-9
-13
6
1
-12
6
11
-3
15
15
28
8
4
-5
-10
13
28
46
7
37
48
15
37
46
69
29
22
35
12
33
32
30
-10
-25
-23
1
12
-2
-1
-19
1
-18
-5
-19
-15
-31
-38
-21
-55
-15
-26
-32
-26
0
12
0
6
-2
-4
4
1
-19
-29
-16
21
-10
14
8
4
27
-25
2
4
-10
-16
-19
9
3
1
10
16
-6
-15
-23
-31
-2
19
12
4
-7
-21
-16
-32
-17
9
-6
6
-1
3
0
-12
1
-8
5
25
-3
8
18
-2
22
7
-9
-1
34
41
-22
2
15
-3
37
27
11
7
-2
-15
-21
16
-8
-5
16
16
32
37
51
17
6
22
29
27
1
-10
-19
-38
-9
-1
-4
13
19
6
-22
-23
-4
6
-26
-14
-10
-10
-14
-21
-10
-15
-20
-19
-7
-10
1
-18
-40
-31
-29
-14
4
0
-9
-16
13
44
18
18
38
30
30
17
4
23
24
19
33
29
-15
10
13
12
-36
-56
-3
-58
-49
-43
-20
-18
-22
-11
-7
-22
-39
-13
-16
-10
-26
5
-28
-44
1
-2
4
-13
-4
-6
-19
1
10
4
-1
-3
4
-15
4
25
14
38
23
25
40
40
32
29
35
33
43
54
55
44
40
32
41
42
32
32
20
-2
-5
4
6
11
-7
19
21
15
9
-12
16
-15
-18
-3
-4
-12
-32
-29
-54
-43
-22
-1
-16
-15
4
-33
-44
-27
-8
-21
-19
-22
-19
-39
-62
-25
-39
-55
-50
-38
-13
-26
-19
-23
-43
-16
-23
-12
-9
-3
1
-3
29
5
6
-9
5
37
16
25
21
27
47
40
34
37
11
-9
7
-4
10
30
34
34
28
9
16
13
-13
16
13
8
16
35
28
15
24
18
10
4
5
-6
-19
-13
-10
-13
-16
-19
13
8
14
5
1
8
13
12
-9
26
-18
-11
6
-14
-11
-15
2
-16
5
-1
-17
-28
-16
7
-29
-11
22
18
-3
-14
10
-1
-26
-3
9
-3
-24
-5
22
-12
-17
-22
-13
-20
-39
-21
-14
-16
-37
-37
-32
-26
-2
8
20
13
0
-2
1
13
-7
-10
-3
3
-10
-10
31
21
-2
21
22
22
29
35
59
39
33
25
57
45
33
41
10
31
0
12
12
0
-31
-18
-6
-20
-10
-15
2
-34
-2
7
-16
-22
-10
-38
-51
-18
-30
-61
-65
-53
-47
-22
-12
-10
-32
-14
-35
-26
-7
-48
-21
3
11
7
-2
-5
15
34
49
41
30
36
31
8
29
62
32
24
51
43
37
63
38
16
16
20
38
59
37
6
19
38
-3
-28
35
2
-11
-7
-20
-9
-23
-26
-31
-21
-24
-23
-18
-39
-48
-39
-10
-15
-28
1
-7
-22
-23
-16
-29
-31
-25
-41
-35
-42
-25
-38
-11
31
10
-18
-22
-3
0
1
12
19
-8
-6
2
14
22
-3
11
19
23
20
13
18
-3
-14
0
7
-3
2
-5
-21
-28
-5
-3
-21
-7
-1
8
3
-4
19
16
20
42
26
32
55
30
40
34
20
36
33
41
13
1
-8
0
12
14
13
-10
24
19
18
28
18
-7
-16
-3
-8
-19
-35
-10
-16
-30
-19
9
-14
-4
-11
-32
-25
-52
-32
-47
-26
-28
-37
-7
-8
-20
-14
-14
-34
-13
7
-14
-33
-15
-15
2
11
-14
-34
-23
-12
-7
14
13
5
14
18
4
30
45
17
7
26
11
13
23
38
35
30
28
9
31
12
-1
7
35
7
3
8
0
22
3
-15
-18
12
12
13
19
-1
3
23
15
6
-16
-5
14
-1
1
-5
-2
-7
-13
-16
4
-15
-7
-9
-37
-4
-24
-25
-25
-40
-37
-72
-76
-26
-34
-31
-30
-24
17
-12
-16
-12
6
-5
-4
25
0
3
16
31
22
-10
14
19
17
28
35
43
-6
12
5
26
43
37
40
-13
28
27
44
28
16
6
6
32
20
52
43
5
-16
-10
-37
-18
-6
8
8
0
-13
-9
-6
-12
-10
-21
12
-27
-25
-24
-24
-49
-52
-24
-20
-46
-35
24
-5
1
-20
-25
-15
-23
-42
-10
-9
-3
10
-6
7
-24
11
15
19
4
14
19
-1
30
13
-3
-18
6
12
-24
-4
34
10
-20
-16
-3
-29
-14
22
22
26
19
49
39
18
22
17
35
8
3
36
2
9
11
9
10
-2
37
-7
-3
27
0
-3
-1
9
-1
16
25
18
-10
-9
-12
-2
9
-11
-3
-14
-15
-19
0
19
19
-19
-19
-26
-63
-60
-44
-44
-70
-36
-38
-23
-31
-28
-1
-7
-15
-6
1
-22
-32
-22
21
6
8
-1
-2
-8
-2
9
-10
20
31
30
23
26
27
25
31
18
18
38
13
43
34
25
15
-1
23
-3
21
38
50
1
19
26
7
45
19
2
3
24
7
-11
-16
22
20
-19
-7
13
10
1
-14
-26
-29
-40
-21
-18
-28
-32
-35
-43
-37
-64
-40
-14
-33
-26
-22
-13
-21
-17
-12
-5
-5
10
-12
-22
-11
-18
-3
-26
-9
-8
-41
-16
-16
-16
13
8
28
35
50
26
17
39
29
67
70
68
34
33
42
35
28
9
6
10
9
-12
16
16
9
-6
-3
19
12
2
15
33
32
-5
-22
-25
-47
-22
-17
-7
-19
-32
-21
-16
-19
1
-19
-47
-12
-1
-3
-19
3
0
1
-15
3
2
-7
14
-21
3
-15
-22
0
-20
-27
-11
-6
-13
-14
16
-1
-35
-41
-25
-15
-45
-1
17
7
0
-12
-11
-9
-17
-12
-1
6
24
28
38
11
18
24
13
33
27
12
22
32
25
34
56
44
38
39
-2
19
57
47
18
28
44
15
-2
11
3
-14
0
19
-3
-38
3
-20
-2
-8
-16
34
-14
-5
-20
-32
-31
-27
-26
-40
-37
-20
-6
-32
-7
-24
-20
-28
-57
-49
-47
-32
-47
-36
-14
0
-2
-3
-16
-34
-21
-15
-8
11
-4
-15
-6
1
-6
16
47
22
9
12
31
-4
9
31
26
31
9
18
-2
19
9
22
51
38
34
12
17
29
38
52
28
13
42
2
-4
4
6
22
7
19
2
-16
8
-2
-15
-5
-37
-25
-14
-25
-29
-32
-9
-29
-50
-22
-16
-28
-41
-34
3
12
-4
15
19
-3
-10
-9
2
7
4
14
12
1
9
2
20
21
10
-3
-7
13
0
3
-12
0
-17
-32
5
2
-12
-30
-6
16
-10
13
21
15
24
18
18
-5
-6
-1
-3
13
-6
-13
-4
-14
2
2
-9
19
9
18
14
2
59
42
19
24
16
9
29
31
-10
6
-1
-20
-42
-32
2
-39
-50
-52
-47
-40
-40
-17
-7
6
-35
-41
-9
-38
-23
8
16
-5
-15
-26
-45
-29
-26
-3
-16
-4
2
4
25
-6
3
6
19
22
25
26
25
26
10
35
28
25
26
2
28
26
29
47
36
44
32
12
19
12
-10
1
23
26
3
-5
7
5
0
17
30
25
45
36
4
0
0
9
23
-6
-11
26
15
4
2
13
-11
-33
-16
-9
-50
-53
-43
-64
-52
-72
-54
-68
-73
-64
-48
-22
-31
-7
-23
-28
-34
-16
12
-6
6
-1
10
15
-26
0
-3
10
5
4
22
-18
3
5
21
25
21
54
40
10
19
-6
-7
-3
-22
-18
14
24
10
36
10
16
5
26
38
23
13
-13
7
12
13
3
10
0
34
35
16
9
0
2
11
31
0
-4
-9
-13
4
-5
7
30
-6
-7
-7
-6
-11
-18
7
-22
-23
-34
-22
2
-10
-24
-36
-21
-34
-17
-1
-9
-1
-12
3
25
20
8
-2
-5
-16
-4
13
20
30
24
10
-13
-17
-7
4
3
-10
-3
12
6
4
25
0
-12
17
16
10
30
-4
28
68
39
25
6
34
10
-3
23
3
-17
6
-7
-28
-30
-37
-42
-31
-40
-47
-8
-47
-30
-18
-12
-26
-41
-4
-12
0
-30
-24
-11
-51
-38
-24
-14
-1
-14
20
0
-10
16
9
4
-8
-4
-21
-1
-9
6
28
21
35
3
18
9
16
36
19
5
16
72
46
26
39
39
21
32
51
25
25
9
43
34
-13
-7
4
25
3
8
26
-2
-3
-10
-20
-7
0
-11
-15
-19
-3
12
-23
0
26
-3
-13
-3
6
-27
-18
-10
-29
-18
-30
-29
-13
-1
-31
-48
-53
-55
-4
0
-15
-12
-27
-30
-29
4
6
-10
-6
-1
24
-1
27
75
39
24
25
28
13
-16
-1
-17
-20
-4
-4
18
-2
-14
5
5
-34
-24
-5
-14
22
25
10
-9
3
14
-8
-3
5
4
-4
-2
-13
-22
-15
-29
-18
-13
-2
1
-12
-3
-25
-6
4
12
22
3
42
34
27
45
25
60
43
20
56
47
44
23
45
42
10
3
2
17
-9
-29
-27
-25
-6
-17
-44
-18
-21
-10
7
0
-5
-22
3
-16
-24
3
-28
-18
-5
-43
-38
-30
-21
-26
-23
-28
-44
-17
-23
7
18
-18
-12
11
17
11
2
-9
28
7
3
14
8
15
-15
-11
4
32
-4
-28
-7
14
21
-3
24
0
-11
-10
-9
16
7
28
45
30
34
29
33
43
38
4
17
38
1
16
-3
4
1
-9
-6
-25
-13
-23
-13
4
-10
-42
-33
-29
-32
-8
11
-20
0
-2
-19
-3
-3
6
-3
-16
-35
-27
-46
-24
-37
-32
6
6
9
-8
-11
-9
7
-4
4
15
33
19
13
13
10
18
5
-10
-16
9
22
15
-8
-4
-18
4
-6
-16
12
-9
16
34
35
38
36
34
51
39
31
37
56
37
22
34
8
20
29
22
-3
-33
-51
-42
-24
-22
-11
-14
-13
-29
-50
-34
-41
-6
-21
-34
-9
-38
-12
-16
-9
3
-16
-20
-19
-19
-6
-17
-39
-20
-24
-23
-4
20
0
-16
-9
-17
-26
-11
10
18
22
11
9
36
55
41
28
9
6
28
19
15
2
-6
26
18
12
13
-4
0
-2
0
-6
-1
20
-38
-31
-28
-31
2
2
28
-20
2
20
8
22
22
51
22
19
10
20
17
9
21
7
25
29
4
-22
-10
-27
6
-17
-41
3
-29
-10
-3
7
6
-10
-7
-1
-14
-31
-3
-7
-16
3
19
-7
0
-24
-2
22
-9
-6
-19
-14
-33
-13
0
-13
-24
-12
4
-32
-19
3
9
4
-23
-13
29
14
10
-1
9
10
-25
-3
-33
-34
-19
-3
-10
10
47
-15
21
32
15
-3
13
46
22
35
14
19
13
11
36
51
25
-3
18
33
12
3
17
-2
0
22
11
-11
-7
-22
-31
-52
-61
-41
-21
3
-26
-7
16
1
7
-4
16
5
-13
-14
-17
6
-19
-17
-15
-21
-28
-28
-20
-33
-14
-22
-21
-7
-6
9
10
5
6
-1
16
43
43
45
41
46
61
70
62
52
54
47
42
23
9
-6
-20
-27
-16
-7
-32
-40
-20
-33
-71
-80
-51
-33
-28
-12
-8
-7
-26
-12
-22
-25
-4
-21
-34
-41
-10
-9
-20
-3
-9
-29
7
4
-1
24
16
26
35
17
5
38
35
24
21
32
22
15
26
34
21
16
41
25
26
20
18
-7
-6
6
9
-3
-21
15
0
-19
-6
-35
-34
-15
-14
-1
-19
1
19
8
-12
-18
-20
-17
-4
-49
-13
-4
-37
-48
-15
9
-1
6
1
19
11
9
1
17
3
18
48
26
28
23
24
10
24
46
34
26
28
-12
1
-3
0
4
-22
-3
-41
-24
-32
-25
-7
-23
-15
-21
-16
-29
-22
-34
-16
23
11
-18
-15
13
3
-21
-34
-15
-17
-28
-29
-22
-20
-16
-3
-13
3
-3
13
23
17
21
25
23
-3
12
7
25
7
5
20
-10
13
25
42
4
-6
12
-13
13
60
51
17
25
20
-11
-19
-19
-31
-25
-8
0
3
9
-11
-6
28
-10
-20
10
15
-9
-15
24
38
25
18
3
18
28
20
14
6
9
-9
14
22
12
12
6
10
-7
-21
-40
-17
-22
-43
-26
-38
-14
-54
-52
-23
-53
-40
-50
-26
-27
-20
-3
-32
-10
-23
-1
18
2
22
-2
0
2
-2
-1
3
7
-7
-17
-16
17
16
44
17
20
48
16
10
33
57
6
18
19
12
17
-3
22
16
-2
-8
10
0
-4
22
19
10
-3
3
3
-3
11
15
12
31
21
23
20
-19
-3
-19
-26
-26
-18
0
-12
-17
-41
-35
-23
-20
-16
-6
4
-5
-9
-11
-16
-12
12
27
18
5
-6
0
-5
-7
32
29
4
4
9
-6
-10
-10
-10
0
-20
-35
-15
-13
-48
-33
-20
-9
-31
-15
18
-27
-7
-32
-31
-18
-13
-4
-8
-15
-20
4
-10
10
31
52
10
-14
17
37
54
32
65
60
40
26
26
51
31
25
31
10
-4
11
23
35
37
28
26
41
31
19
14
-1
-29
-3
44
-7
-25
-6
-24
-55
-69
-34
-30
-56
-38
-35
-53
-59
-37
-22
-29
-17
-5
17
23
8
12
17
-11
11
25
-21
1
-9
-19
-5
0
15
-8
-2
-6
-23
-6
-3
-3
-14
-17
-14
-9
-25
-28
-11
-31
-9
-1
-11
3
-8
3
-3
-12
1
19
23
8
18
30
39
-15
-21
14
-8
9
20
28
11
23
55
44
42
54
52
29
36
27
18
45
29
21
27
10
25
20
-12
-38
-22
-14
-31
-11
-35
-10
1
-5
19
-5
-8
-20
-7
5
-20
-26
-9
6
-12
-29
-12
-10
13
6
-31
0
-3
-12
-15
-34
-36
-46
-49
-16
-31
-26
-50
-50
-35
-36
5
-8
12
-15
2
-6
-17
1
8
34
45
60
27
38
56
38
20
35
29
18
23
47
54
44
22
24
16
-13
-1
-16
-35
-25
-3
-51
-16
10
-23
-13
4
-15
-23
23
14
-23
-47
-1
-28
-25
22
8
14
27
50
6
-3
13
-8
-25
-1
6
-15
6
6
-7
9
-7
-25
4
-12
-32
-21
10
0
-3
13
8
16
1
21
-3
-21
-39
-44
7
-19
-25
29
18
-22
3
11
12
8
10
-6
-20
6
9
41
8
5
28
12
5
-21
19
41
4
-9
35
35
-10
13
38
13
-25
0
48
18
-28
-23
-3
-1
-31
-12
32
-3
-7
13
-14
-14
-12
19
23
-51
-45
-4
-15
-32
-19
-13
-54
-59
-16
-30
-75
-58
1
5
-26
-36
20
22
-37
-19
24
22
-3
-8
10
38
31
35
50
64
9
-4
45
33
9
1
41
48
22
27
55
26
27
37
-6
-16
-33
3
20
-21
4
34
-3
-8
-1
-5
5
-15
-26
-20
-17
-31
4
14
-16
-7
25
54
-21
-53
-16
2
-35
-60
-20
-32
-46
-33
6
12
-26
7
30
31
-23
-67
27
27
-33
-10
30
31
-12
2
35
27
20
18
56
47
-19
20
64
31
-22
-26
22
20
-19
3
19
-6
-28
-39
-10
-59
-83
-21
-1
-44
-43
22
28
-41
-25
37
10
-37
-29
33
0
-25
18
55
26
-54
-15
22
7
-76
-49
54
7
-7
41
74
-3
-31
57
47
-25
-46
6
-1
-73
-72
-3
26
0
-2
35
50
-19
-41
50
61
-8
-18
39
37
-38
-12
61
34
-44
2
84
43
-45
-29
22
-13
-39
39
82
40
9
64
128
58
-2
25
44
-34
-84
-19
37
-11
-34
15
13
-52
-40
67
27
-36
-20
35
12
-72
-34
2
-39
-70
-37
11
-41
-93
-26
6
-56
-67
-16
29
-66
-95
14
-25
-62
-69
-5
-20
-89
-47
-19
18
-76
-23
66
-9
-41
35
96
-6
16
113
73
-28
29
110
28
-43
-6
79
26
-31
35
104
45
-44
68
149
3
-57
81
110
-25
-38
73
63
-52
-17
78
26
-65
-44
66
21
-51
-3
72
29
-59
-13
31
-9
-101
-35
24
-69
-91
-23
1
-44
-54
-5
-3
-36
6
53
39
8
9
38
32
-15
-10
-16
-35
-47
-27
-10
-50
-13
9
-24
-59
-29
6
-24
-13
48
51
27
44
46
56
16
13
25
6
-30
-51
-32
-59
-70
-39
-41
-54
-70
-49
-2
-28
-20
7
2
4
-5
-10
10
6
16
28
51
66
35
50
20
25
38
27
51
51
43
28
58
67
19
-7
42
80
13
-31
4
13
-5
-1
37
40
-26
-16
16
34
18
-2
32
-9
-35
-57
-33
-35
-108
-78
-28
-20
-71
-51
4
-29
-60
-35
34
22
-57
-51
-9
-6
-58
-57
25
22
-71
-97
27
66
-36
-60
71
59
-80
-35
81
76
-91
-55
152
82
-77
-10
139
94
-69
21
156
56
-35
35
176
89
-61
16
157
61
-113
-35
47
-58
-133
-63
35
-19
-106
6
102
-2
-95
-9
68
-10
-93
2
72
-16
-60
6
56
-8
-70
0
21
-51
-61
-23
6
-19
-15
7
25
-9
4
44
26
37
17
15
-8
12
19
-16
-21
4
-33
-60
-20
-12
-40
-85
-29
-53
-71
-92
-63
19
-63
-103
-25
24
-18
-53
-29
17
-31
-29
55
50
19
54
74
83
51
25
85
73
60
23
77
112
50
63
79
80
6
49
137
95
29
34
54
13
-27
1
16
-35
-36
-9
-12
-66
-47
-9
-9
-48
-46
1
-23
0
3
-5
0
-6
6
-3
-19
-8
3
-16
-43
-28
0
-55
-29
-15
-42
-70
-76
-3
-31
-71
-48
-9
-22
-58
-35
40
42
-28
10
100
71
-12
11
91
54
-46
3
80
28
-58
24
77
-37
-98
-30
16
-103
-114
-32
6
-90
-177
-35
-2
-153
-182
-59
-12
-127
-136
9
-21
-168
-113
47
-13
-83
7
105
76
-10
44
170
134
-32
62
158
66
-2
46
167
26
-78
53
142
57
-36
94
163
31
-58
78
196
34
-72
65
109
-18
-59
96
161
-20
-64
102
210
101
7
128
194
63
-3
141
268
116
-23
167
243
85
-14
183
285
80
-3
148
250
26
-95
36
100
-131
-225
10
47
-154
-222
-46
-21
-207
-256
-101
-69
-273
-325
-124
-127
-271
-305
-191
-129
-290
-306
-145
-117
-290
-300
-165
-205
-281
-279
-155
-98
-274
-223
-85
-84
-149
-189
-76
-101
-152
-164
-36
-70
-198
-88
-68
-64
-77
-17
28
19
-10
50
149
123
78
152
243
204
206
277
369
317
309
352
469
407
282
330
325
250
118
117
23
-53
-213
-285
-221
-358
-467
-408
-345
-398
-398
-297
-108
-6
26
194
467
490
543
752
927
1067
1140
1368
1536
1534
1473
1594
1696
1540
1400
1295
1192
1020
690
509
366
-25
-340
-494
-659
-965
-1235
-1367
-1442
-1700
-1861
-1756
-1745
-1888
-1969
-1860
-1809
-1734
-1648
-1377
-1195
-1191
-1029
-818
-676
-641
-461
-282
-205
-189
-34
150
133
146
220
318
309
282
399
462
364
293
367
426
295
313
394
325
220
126
285
245
192
235
202
141
9
161
267
211
136
232
317
273
266
352
392
308
439
521
663
648
680
748
642
705
620
727
789
590
582
511
430
417
389
365
111
58
-50
-129
-189
-511
-400
-574
-824
-739
-859
-863
-816
-739
-576
-453
-321
-179
202
193
115
511
579
827
1052
1088
1392
1440
1485
1717
1809
1689
1510
1519
1454
1285
937
735
669
75
-308
-593
-1017
-1294
-1638
-1837
-1974
-2192
-2364
-2259
-2195
-2310
-2427
-2392
-2214
-2063
-1974
-1797
-1553
-1514
-1393
-1192
-878
-667
-561
-392
-173
105
245
399
559
636
538
550
549
568
672
620
629
682
613
599
658
742
735
484
587
602
631
558
476
519
329
433
232
536
423
236
473
298
581
297
527
569
426
503
278
688
467
558
592
548
729
495
703
781
744
551
553
658
504
491
365
459
328
135
265
118
180
-20
-7
74
-203
-236
-446
-336
-642
-952
-902
-1207
-1221
-1381
-1434
-1277
-1601
-1327
-961
-971
-621
-587
-107
257
137
473
501
717
753
841
1270
1143
1422
1531
1874
2036
1551
1822
1599
1458
1329
788
858
379
-201
-503
-970
-1322
-1855
-1982
-2027
-2273
-2339
-2311
-2042
-2049
-2184
-1979
-1923
-1853
-1648
-1481
-1140
-1158
-1076
-711
-687
-491
-322
-73
192
94
432
714
743
740
609
803
557
403
693
781
726
528
637
848
628
491
851
847
786
499
736
939
492
593
380
733
289
135
656
437
562
-19
356
507
79
328
279
538
78
101
436
464
444
53
504
299
173
270
348
461
96
168
53
219
-192
1
242
-208
194
-235
243
160
-82
426
-75
368
-89
311
461
-230
364
-308
95
-169
-591
69
-843
-770
-962
-1111
-911
-1542
-1142
-1120
-1096
-1122
-1031
-285
-451
-284
26
90
258
195
613
1077
778
736
1232
1402
1555
1429
1465
1685
1146
1115
1166
871
538
-121
-62
-458
-1192
-1377
-1609
-1595
-2091
-2205
-1891
-1929
-1563
-1590
-1313
-1243
-1614
-1025
-875
-647
-716
-870
-295
-534
-346
55
74
335
5
377
731
454
656
352
478
85
-91
394
262
473
196
602
704
630
946
1093
1285
916
1096
909
1310
773
680
633
150
309
-386
491
43
-17
-233
-453
78
-504
-123
-232
-170
-181
-571
97
-32
-18
7
-270
664
-196
623
449
448
1209
-290
1336
32
747
664
-287
1428
-658
953
-11
468
1063
-743
1139
-435
759
351
-75
1152
-277
765
-184
184
216
-707
-229
-977
-694
-1349
-1551
-1367
-1833
-1698
-1841
-1663
-1257
-1296
-857
-411
-69
296
255
575
741
988
1057
1260
1398
1331
1544
1895
1887
1623
1638
1494
1790
1402
1089
838
140
-187
-944
-1431
-1890
-2556
-2792
-2820
-3024
-2831
-2721
-2213
-1728
-1862
-1221
-1383
-1007
-889
-1040
-491
-1121
-714
-576
-323
-2
-303
317
315
622
753
869
1018
549
500
488
434
230
381
483
703
641
1065
1338
1574
1579
1326
1893
919
1344
880
1078
790
-182
719
-308
543
-507
-10
156
-624
391
-715
679
-683
-212
-24
-563
319
-992
644
-253
440
56
282
1141
14
1438
400
1235
509
618
952
452
851
127
846
366
737
299
723
590
351
667
119
662
84
640
189
46
162
-544
-308
-1020
-1227
-1804
-2552
-2518
-2922
-2978
-3359
-3436
-3039
-2886
-2233
-1850
-943
22
508
1119
1423
1570
2000
2482
2663
2681
2136
2671
3362
3628
3717
2639
2742
2500
2461
2365
1294
831
-727
-1059
-1885
-3144
-3838
-5424
-5104
-5716
-5842
-5511
-5307
-3635
-3916
-3210
-2630
-1917
-562
-414
838
864
762
771
1002
1924
1533
1775
1943
2171
2585
2664
3367
3076
2241
1586
1228
1183
704
396
347
-3
-222
-40
788
1132
1103
1001
649
1080
366
655
536
-189
-350
-1313
-620
-889
-655
-395
-870
-507
-771
-254
132
-449
-296
-500
-610
-320
-456
549
202
191
504
544
1344
932
1455
1482
1484
1386
1189
1750
1197
1108
518
461
311
136
273
14
43
-756
-359
-236
-307
-315
-556
-597
-1030
-1830
-1965
-2533
-3121
-3623
-4515
-4087
-4710
-3820
-3646
-2717
-1724
-1455
729
1675
3606
3957
3828
3894
4215
5109
4953
4407
3579
3698
4378
5319
5004
4028
2949
2712
3033
2193
785
-1496
-2665
-3738
-5332
-6411
-8305
-8798
-8850
-9135
-8098
-8064
-7112
-5344
-4179
-2667
-2365
-1012
745
2145
3512
2945
3648
3789
3833
4955
4262
4785
4319
3715
4249
3725
3631
2589
1486
638
-515
-1150
-1476
-1696
-2417
-2891
-2567
-1928
-1134
-787
-212
479
405
381
877
1458
1229
680
435
647
531
106
510
858
216
-252
40
686
675
-389
-212
-147
-707
-1091
-879
-6
-497
-1003
-474
206
208
222
502
1089
808
631
1652
1726
1569
922
1200
1766
692
586
851
670
133
-666
141
79
-658
-867
-1073
-840
-2442
-2731
-3299
-4466
-5017
-6289
-5328
-6066
-5617
-3725
-2019
-233
459
3437
6058
7769
8217
7514
7408
7427
7234
7836
5343
3446
3084
4177
6742
3505
2716
160
760
2166
-1134
-1041
-6702
-7649
-7822
-9930
-9218
-13999
-12854
-11625
-10941
-7761
-8786
-4149
-2031
-642
2627
1968
5487
5956
6980
8588
5987
6014
4508
5030
5756
2825
2670
1644
1547
1510
34
792
-1231
-3240
-4378
-4567
-3995
-5113
-4667
-4088
-3586
-2734
-762
2026
2589
2683
3323
4636
4891
3578
4271
3605
2263
1037
353
1443
39
-385
-206
-883
-1644
-2441
-1191
-1145
-2995
-3785
-2773
-2098
-2417
-1977
-412
769
-20
819
2760
2992
2587
1858
2721
2420
1102
1661
1770
1410
464
396
1772
1110
640
1051
685
217
-794
-273
-275
-1702
-2155
-1875
-1403
-2433
-3527
-3358
-3933
-5145
-5439
-5544
-4755
-4655
-2524
522
1441
3944
5968
10717
10938
9769
9338
7837
9666
6999
7325
3816
882
1742
2877
6157
717
-1800
-2936
-2042
-305
-4899
-6428
-10203
-12075
-10877
-11396
-10941
-14278
-13019
-9105
-7025
-4273
-4168
1029
3750
3635
5929
6195
8573
8261
8208
8341
4774
3506
2661
3474
1902
-1909
-1357
-2068
-2565
-2791
-3342
-2688
-5517
-6579
-5277
-5144
-4895
-4584
-2259
-1411
-1177
1782
4927
6315
5353
6547
8359
6990
5415
5270
5469
2793
38
204
535
-1679
-3269
-1626
-1866
-4387
-5530
-2978
-1538
-3917
-4410
-2039
-508
-1667
-943
2791
3692
2383
2866
5258
5708
3172
3034
3891
2227
-335
-413
1223
-152
-2167
-1307
295
-284
-1318
280
1366
-259
-1202
311
1495
64
-812
28
346
-1386
-1888
-1228
-3150
-5586
-6743
-5648
-6001
-6974
-4548
-894
137
2022
5841
10568
12148
9573
10314
7721
7467
6482
6650
5206
-2526
-309
2329
7431
3693
-3162
-1455
-3758
-383
-3123
-6703
-9733
-17220
-12344
-10848
-11167
-13677
-16081
-6368
-4870
-1942
369
2087
8937
5127
7051
8637
6333
7306
5066
6939
3895
-647
955
1856
2054
-2695
-3185
424
-2143
-3803
-3834
-3181
-4092
-8295
-6978
-4107
-5347
-5070
-1860
2151
1965
2204
7124
9808
7993
6099
8769
9488
5172
2567
4007
4040
-55
-1828
33
-742
-4394
-4130
-1451
-3403
-7929
-7306
-3123
-3143
-6522
-4564
380
326
-629
2543
6851
6175
3749
5257
7360
4484
1092
2239
1603
-1608
-3300
-1486
31
-2654
-2389
386
914
74
344
3094
1548
-807
357
1943
1391
-1104
281
949
-735
-2133
-1348
-1931
-5969
-6610
-6223
-5560
-7543
-6259
-282
68
1899
4877
10566
13275
9331
11087
8803
8077
7038
5518
7254
-1312
-1317
1948
5279
4900
-4784
-3595
-4940
-3910
-3776
-10275
-11388
-17295
-15103
-9833
-10442
-10871
-13338
-5335
150
1348
4191
3923
9125
7356
5234
8049
6114
4811
2542
3509
3192
-735
-297
320
1246
-2596
-4421
591
-1519
-4013
-4846
-3460
-2932
-6935
-5304
-2500
-2876
-4505
-579
3920
3548
2834
5106
10095
6880
5062
8031
8510
5661
787
3734
4023
53
-1687
-1931
-259
-5961
-6344
-1978
-4575
-7424
-8910
-3023
-961
-4575
-1958
1804
3726
1155
2540
7827
5129
2194
2910
4215
2678
-2335
-838
695
-2499
-3453
-1526
1506
-383
-1163
2242
2844
2071
1767
3627
2937
-831
746
2886
1957
-587
-1204
1145
-1247
-3474
-3866
-5267
-8084
-10676
-8478
-7738
-8022
-5271
47
4308
5760
10570
16835
16602
12973
9789
10147
10554
6260
4429
-66
-1988
-25
4425
7246
-1306
-6071
-7290
-3513
-3262
-12360
-16048
-19659
-17402
-13371
-11505
-8562
-11571
-5702
2517
7243
9837
5119
9850
10165
4734
4057
1903
3522
17
-1600
1659
928
1095
30
1912
897
-4099
-1946
-1466
-3613
-6570
-7298
-3969
-4562
-5060
-3543
-452
279
1144
4706
4941
4846
3476
5283
6519
4164
4879
4286
5352
4204
3288
4299
1518
969
-2065
-2825
-4080
-6842
-4973
-7439
-7090
-5702
-3621
373
35
2179
3421
4173
4703
4005
4528
1221
-11
839
345
-356
-2331
-1821
-1308
-1985
-876
514
-3
-788
498
2652
2371
1362
3193
4896
3909
2257
3705
4777
3179
954
780
-201
-3362
-4979
-6234
-7506
-12720
-12873
-9751
-8287
-6321
-4492
2569
5182
8117
12955
18247
18249
10940
8936
8228
9809
6989
3861
1127
-1406
1611
5948
9240
237
-8437
-9793
-7346
-6475
-15082
-20654
-21717
-18751
-13203
-8383
-4118
-6299
-2449
6303
10082
11001
5079
6115
7571
148
-1802
-729
1143
218
-1069
2548
4546
4303
2324
1668
-186
-5102
-4761
-4306
-6307
-6611
-5980
-2562
-72
-283
238
1091
2168
2664
2199
736
752
1813
1784
4178
6192
7817
6776
5486
8244
7462
4110
-325
-2036
-3656
-7620
-8363
-6767
-4375
-6501
-6492
-624
3035
3676
2365
4103
4612
1002
819
2843
2999
-1999
-3792
1386
2117
-489
-1463
-191
-1410
-4873
-2608
629
-841
-4211
-620
5281
4030
3233
6045
8883
5286
1465
3492
4215
95
-3836
-1855
-2500
-5523
-7035
-4429
-5409
-11844
-11585
-8526
-5474
-7041
-2881
4694
7166
9056
12122
21821
18984
12219
8282
6945
10117
3126
3374
-819
-2780
593
2212
8248
-3633
-10004
-11868
-9717
-5989
-17457
-18982
-19384
-14262
-6911
-5761
503
-1793
1752
8433
9646
9492
1020
2767
3877
-2536
-4256
-3796
1406
1389
282
4250
5835
4002
229
-721
-2108
-6195
-5848
-4189
-4338
-3522
-1722
3544
4851
1554
500
760
864
-1332
-1742
-1754
-1204
-854
1082
8037
9558
9011
7379
6810
7713
2788
815
-2448
-5296
-6582
-8270
-3859
-3509
-2344
-727
-1362
1737
1860
3399
3256
478
404
-911
704
1784
702
106
-1707
-320
-540
-2586
-3270
-5399
-6306
-5780
-2509
21
386
2493
5642
8716
7749
7099
8108
5492
3202
1398
1021
632
-1211
-208
-88
-1322
-3215
-4090
-5751
-9911
-12537
-12814
-11550
-10709
-7062
-389
6726
10228
13569
17580
20818
19620
12996
7083
1841
2883
2344
924
-2871
-3974
2607
6995
8445
-872
-9823
-14453
-13457
-10961
-17567
-21773
-20841
-11939
-978
2948
5724
4270
5166
9267
7910
3962
-3038
-3344
-2079
-5654
-5789
-2299
3347
5184
5145
6211
4860
2284
-1073
-4852
-7992
-10384
-6633
-2804
-1854
2608
6065
8813
8356
4284
1084
-3194
-5599
-5347
-5240
-4974
-1884
3108
7085
11185
12510
12363
8410
3332
1237
-2586
-4255
-7840
-7244
-4297
-3594
612
1574
4817
3782
-1513
-1166
-1316
34
-1815
-2600
1529
1165
2628
4666
5611
3464
-2522
-2957
-4032
-7992
-10519
-9426
-7225
-5881
-1640
3504
7324
8012
9331
10783
7704
4965
4181
2727
-22
-2019
-541
861
977
845
1401
84
-3866
-5318
-8199
-10344
-13350
-13816
-10695
-9672
-2861
3884
10489
13215
12467
17322
20085
17679
9450
305
-703
1455
3695
3476
-1403
-415
1994
8742
8694
-5055
-15054
-20499
-13672
-11684
-17658
-16001
-13174
-3065
4518
7388
10603
1979
929
3572
-325
-3603
-9072
-2627
-132
-4570
-1461
3936
9002
5959
3193
3450
-961
-3909
-5862
-7954
-8118
-7174
-724
4533
4377
7154
9181
7263
3870
-1308
-5374
-7917
-8366
-4731
-1160
519
4329
8293
10213
9930
8019
6756
1069
-2872
-3709
-2912
-822
-2880
623
3260
2865
2717
1153
2348
-3032
-8179
-6195
-3562
-622
-154
3236
7436
5289
4176
4913
2815
-3731
-8788
-7679
-6682
-8315
-8105
-3448
114
113
2351
5981
5365
3222
2463
3814
3078
325
3710
6064
4261
1943
1942
4851
1945
-1283
-1359
-2334
-3592
-5931
-4113
-4778
-8276
-7910
-7060
-5150
-6987
-3780
2998
5871
5997
7050
13944
15672
14086
9464
6662
593
-2680
2471
5772
2626
-9804
-2589
6781
9043
965
-12324
-10745
-14970
-10411
-7538
-9025
-10742
-10582
3885
9109
6773
-1208
-4323
912
-1884
-4525
-6876
-4531
-162
-2013
914
5074
6257
3665
1898
4779
794
-4196
-3472
-1997
-4929
-8617
-876
9144
5557
-708
2874
5902
1369
-5713
-6159
-4273
-9508
-7560
3308
7710
3931
2735
9577
11881
5208
1953
5535
4409
-2839
-2838
5345
7007
5
-3017
1065
1719
-4693
-5749
-2451
-4970
-8897
-3630
6548
5805
188
2231
6305
2705
-4766
-3950
-1599
-6426
-8699
-3432
1962
-319
-2380
1471
3679
1481
-518
2488
2925
697
792
3645
6082
3805
3135
2633
1596
-201
-778
442
-1078
-1099
-1390
-149
-481
-2074
-2074
-6222
-8613
-8951
-6708
-6290
-6043
-132
5724
8518
8442
13868
16957
13161
6768
3723
10
-4817
-2109
3091
4593
-5742
-3548
6782
11590
3851
-13525
-14370
-14509
-9601
-8388
-9205
-4858
-5253
4251
9625
8525
-407
-11029
-6332
-1974
-5022
-9530
-5707
5042
6738
3282
4830
7177
2756
-2920
-705
1159
-3055
-6230
-2897
682
-533
1129
7220
6780
-1382
-3726
-842
-604
-4707
-8047
-4199
-3360
-1918
4898
7960
6339
1530
2674
6567
4974
3294
4985
6648
5515
3955
5931
5646
-1100
-4156
-4405
-3492
-5329
-6892
-2071
-2615
-4202
-1425
3130
4200
-1634
-2662
1259
759
-2784
-3817
-1922
-1854
-2852
254
3414
1529
-1062
-417
2189
1615
3
337
770
1166
502
2192
2459
1584
1943
650
1133
1295
1894
2229
-111
636
2080
418
-1752
-3241
-3078
-5668
-8548
-6431
-4244
-5686
-6325
-1209
5115
7540
6159
9659
11919
11020
10052
6527
3494
-5803
-4799
1696
5928
1519
-8673
-1031
4613
7509
-3147
-12835
-9531
-10841
-5469
-5507
-2579
-1229
-2213
4230
3799
-390
-7783
-7763
-1604
-2786
-5413
-3257
3899
6029
1530
790
2459
5
-3882
-1854
2499
1297
-233
2671
3033
-1081
-2142
4017
4422
-5857
-8469
-1356
1250
-4630
-6759
-61
1485
-4059
-2560
6219
6316
372
2621
8951
8733
2280
6039
14292
8445
-71
-772
4985
1292
-8259
-5673
-1351
-2652
-7465
-3658
2592
-1529
-5209
-2083
3707
920
-4685
-255
4507
1463
-4395
-3862
1878
-286
-2607
204
3522
2569
-1837
1887
3695
-97
-3455
-2223
1705
-707
-2540
1290
4615
4069
2471
3167
3786
803
-131
705
663
-399
-241
1128
-521
-2811
-3846
-4459
-7397
-7853
-7606
-6692
-5675
-1504
6324
8795
9351
9104
12133
12124
7426
2696
-2684
-6123
-5148
240
5783
287
-4146
2134
7860
8184
-5838
-11106
-10138
-9097
-5889
-5785
-280
-719
826
2796
21
-3614
-8867
-5842
-1261
-3277
-4446
-1201
7828
8790
32
-3698
-2613
-418
-2377
-1581
3460
4568
4645
5733
3354
-1988
-5465
-1269
177
-7745
-9451
-2740
3273
1038
-2511
828
1520
-2892
-2275
2837
5273
2934
4244
9664
9140
6678
7692
10397
5487
-3062
-3432
-552
-2574
-5621
-3961
-28
-1213
-5125
-1459
1216
-1055
-4515
-4301
804
808
-498
1534
1531
-2240
-6580
-4036
1178
520
-235
1818
5853
4932
1692
1116
-1608
-3890
-4378
-1552
631
312
2754
6303
6097
3936
1249
311
-1407
-3887
-1439
398
2112
3423
3253
2985
-1046
-4754
-5316
-8729
-9887
-9465
-5606
-1090
-1169
5269
8451
10916
7122
4840
7845
4489
2657
-2538
-1163
-4735
-3042
5166
6664
1962
-3726
3987
6945
4793
-5721
-9742
-7180
-7082
-2424
-2448
-1533
-3104
-296
3531
-2804
-7181
-8516
-5745
-30
-1082
-2702
-2685
2081
5119
424
-2476
-2489
-1959
-689
6415
10807
7424
2067
2121
2100
-4491
-6944
-2837
-1454
-6873
-5916
2899
4194
-2872
-6044
-1289
-1579
-7723
-3746
5986
9285
6059
8242
12935
8020
2113
3940
8138
2315
-5607
-3236
4544
2719
-3941
-2303
807
-2585
-8483
-3919
622
-3156
-6277
-1514
5023
1015
-4070
-731
1318
-5143
-8910
-1382
5865
3434
1399
5966
8466
2484
-2388
-2344
-2654
-4044
-2025
4003
4538
1994
2839
5747
3829
-1573
-3703
-2340
-1994
-2011
1735
4274
3227
194
-465
-1768
-5611
-7792
-6437
-4595
-4533
-1665
1626
2192
-159
1172
5301
5058
1206
1881
5681
6294
3497
564
191
-4028
-1214
4273
6340
1556
-1572
4756
7268
4392
-5665
-8240
-8173
-4893
-2091
-4423
-2282
-1867
287
-1891
-5437
-6166
-8931
-5569
739
2506
197
-2586
1886
2755
-118
-475
30
766
1632
8140
12073
8438
1138
-2328
-4461
-7098
-5800
-2524
-1538
-4180
-2033
2976
1776
-4091
-7132
-4607
-3804
-4146
1645
8737
10509
7701
8190
9345
4520
-1045
-656
2909
2166
113
2940
5617
443
-3630
-1955
-585
-5373
-8640
-3517
93
-798
-2073
1118
1358
-3935
-6460
-4002
-2328
-4444
-3144
2712
6576
5937
5093
4828
2271
-1754
-2785
-1785
-913
1039
3377
5115
3473
1265
1850
924
-1593
-3724
-2036
697
-114
1164
2703
2439
-288
-1690
-275
-2650
-5133
-4972
-992
1210
-649
140
640
-1078
-4810
-4706
384
979
-1184
-582
3575
7216
5600
4178
2352
-2273
-3367
1074
8394
5760
-1094
618
8205
10316
315
-5835
-7260
-6699
-6495
-4977
-884
-3080
-3928
-2101
78
-1428
-6975
-6519
-3497
-1996
-879
118
2887
2029
200
1219
2099
2168
-548
1427
6092
7209
4564
-382
-1697
-2774
-2947
-1858
-2996
-4725
-4439
1018
3380
-1813
-5374
-3503
281
39
-95
4998
7254
5177
3983
5271
3996
-987
-380
3788
3523
256
1326
4864
1826
-3789
-3984
-1413
-3864
-7085
-3089
1623
-65
-3750
-3211
-1115
-3216
-5446
-3696
-1939
-2529
-2220
2926
6660
5646
3536
2781
2248
-451
-1830
-1216
623
1710
2656
4241
3696
2500
1201
589
-50
-1661
-787
346
614
803
849
2086
1208
204
522
650
-106
-267
2530
3754
2062
-693
-2023
-2585
-5186
-5976
-3830
-2854
-3387
-2605
668
1784
-1214
-2811
-2008
-2090
-4497
-5145
-1442
641
-248
743
3886
3760
-705
-2120
748
832
-2259
-2513
1345
4371
4062
5659
8334
6083
1589
948
3809
2486
-2363
-2963
807
3050
2034
1712
1450
-398
-2119
-774
198
-2798
-5407
-4094
-670
-1257
-3257
-3779
-4263
-5923
-6774
-3243
-510
-2054
-3126
-181
2965
2362
-179
198
2027
2205
1858
3264
4334
3692
3609
4487
4697
1800
38
218
109
-823
-1242
667
1390
-335
-1239
-1135
-2057
-4855
-7154
-5112
-2770
-2109
-2476
-1558
974
1852
2169
2047
1817
554
-431
176
1178
704
455
2836
5186
4760
2483
2009
1944
342
-1354
-465
833
352
-420
421
1684
1045
619
632
998
-314
-1670
-1303
-1140
-978
-1360
-1075
-1118
-2718
-3968
-4277
-3227
-1921
-1095
351
1355
1239
137
-250
311
-247
-1881
-2960
-1949
469
2888
3440
2497
1883
1548
979
8
-1247
-2469
-1942
1087
4825
6332
5800
4556
3032
2470
2615
1949
-754
-3550
-3051
-436
1034
1175
854
-171
-2399
-3322
-2394
-2045
-3368
-3883
-2486
-1518
-1155
-1332
-1885
-3696
-4570
-3561
-2982
-3785
-3526
-643
2381
3278
2078
1678
1673
1896
2240
2256
1759
964
1359
2891
3789
3517
2448
630
176
227
225
-906
-1910
-582
256
-143
-1155
-1902
-2400
-3268
-3779
-3304
-2917
-1986
-709
350
552
-167
42
304
481
869
1485
1709
1550
1966
3455
4401
3580
1695
672
960
789
391
306
966
1272
1185
1017
376
-1068
-1913
-1197
-276
-279
-774
-680
-1054
-937
-364
-294
-1746
-3169
-2660
-2233
-2024
-1436
117
1186
1197
1513
1480
223
-1060
-993
-160
-148
-729
-241
402
1297
1965
1653
750
-740
-1269
-490
477
1149
1098
1604
3724
5096
4784
3066
1233
266
-10
615
807
-556
-1643
-1010
769
1449
46
-1545
-2310
-2468
-2277
-1743
-2049
-2465
-2535
-1662
-873
-1610
-2997
-4929
-5400
-3940
-1841
-1478
-2295
-1456
1559
3680
3070
1718
500
-10
-113
875
2214
2199
1362
1983
3515
3661
2140
145
-899
-2187
-1753
-301
187
-177
-207
1430
1752
458
-1044
-2375
-3384
-3070
-1145
223
-727
-1108
358
1407
1003
-4
139
456
847
1699
2321
1968
1734
2394
2936
2106
597
340
406
209
3
-37
322
-85
-876
-1190
-1719
-1774
-2259
-1755
-211
254
-107
-1268
-1131
-466
-32
222
-60
-331
24
946
1569
1874
1702
1391
107
-1182
-1409
-1056
-1008
-1337
-890
-238
314
-33
-937
-1932
-1896
-664
-46
-430
-545
1125
3335
4564
4232
3258
2431
1857
1118
128
-237
-252
-121
479
1741
2695
1936
556
-194
-390
-770
-1653
-1917
-1780
-1521
-963
-647
-914
-1536
-1936
-1985
-3251
-4837
-5067
-4448
-3308
-1925
346
1157
310
212
1022
1702
700
-65
-427
-552
489
2130
3223
2089
640
571
934
224
-709
-622
-495
-345
692
2177
1770
99
-42
593
53
-1497
-2064
-954
-332
-19
118
-403
-978
-1308
-374
272
-297
-91
1099
2030
2244
2266
2767
1784
2
45
951
1545
785
399
1253
1389
938
58
-858
-1856
-2787
-2321
-1633
-1420
-1066
-19
989
143
-952
-758
-89
115
266
1147
1677
1100
691
1130
1268
274
-989
-1507
-1601
-1446
-971
-713
-1109
-1429
-1288
-1271
-1753
-2555
-2305
-862
583
1505
1860
2227
2875
3576
4325
3953
1996
438
226
1101
1511
1711
2040
1017
334
955
2046
1470
-626
-1448
-1020
-672
-1107
-1300
-873
-776
-796
-962
-1765
-2956
-3474
-3060
-2733
-2505
-2360
-2308
-1772
72
2268
1671
-785
-1672
-265
882
4
-814
-1006
-863
8
1229
1743
403
-1036
-883
-390
54
418
746
597
-178
534
1751
1220
-307
-812
276
439
-852
-985
-559
-752
-1040
-628
-81
-801
-990
394
1605
1732
1573
1364
1195
1019
1582
1955
693
138
1072
2660
2542
1020
667
533
26
-915
-1222
-1003
-1523
-1757
-1127
-354
-331
-539
-296
-175
-743
-843
244
1073
1204
1505
2215
2061
836
313
454
209
-830
-1718
-1611
-1741
-2018
-1694
-954
-1114
-2540
-3299
-2379
-904
-301
-418
-404
715
2556
3685
3145
1741
1705
2782
3339
2757
1091
133
718
1716
2149
1744
903
-242
-619
226
740
-187
-1229
-1233
-624
-138
-186
-602
-1647
-2311
-2196
-2239
-2995
-3645
-2771
-1234
-352
60
334
7
-766
-647
629
398
-1426
-2070
-692
1033
1176
674
106
-731
-999
-168
533
-132
-1384
-1101
182
929
1583
1736
1075
19
440
1745
856
-1114
-1164
124
285
-931
-1318
-522
-388
-439
-77
-13
-754
-1225
-6
1027
378
-331
-77
340
509
1534
2697
2086
774
834
1970
1747
531
94
-59
-441
-687
26
256
-830
-1436
-852
-261
-702
-941
-242
198
206
741
1338
1112
590
1011
1844
1522
482
-86
-30
-130
-751
-1170
-1462
-1967
-1837
-811
-258
-1159
-1852
-956
447
687
271
260
806
1928
2668
2632
2005
1684
2113
2505
2263
1297
240
-158
129
606
680
382
-253
-698
-174
364
157
-860
-1512
-1579
-1816
-2058
-2528
-2948
-3165
-2554
-1430
-1323
-1595
-1132
-85
373
-47
-449
-1229
-1990
-1221
595
1346
142
-720
183
872
432
-250
-540
-994
-1533
-805
538
805
282
352
1087
1103
692
849
822
225
-29
586
739
98
-78
416
318
-319
-92
203
-364
-1034
-744
-165
-691
-1262
-830
85
494
243
337
625
942
1551
2218
2163
1189
519
598
877
922
716
468
153
21
250
14
-639
-1158
-1138
-586
-535
-603
-269
400
932
746
809
1072
1031
1073
1219
1105
354
-389
-479
-615
-964
-961
-821
-848
-820
-778
-886
-1185
-1082
-428
-425
-262
452
1196
1798
1698
1645
1442
1263
1420
1051
734
633
489
539
703
916
550
3
-300
-678
-808
-626
-589
-1221
-1522
-1113
-1201
-2044
-2520
-2112
-1875
-1969
-1489
-721
-578
-620
-198
468
424
-88
-540
-1089
-989
190
1558
1053
-411
-415
328
114
-872
-768
-411
-1089
-1080
199
1252
716
-5
457
579
274
423
995
1033
328
542
1398
1410
613
316
651
243
-497
-163
177
-1094
-2137
-1167
8
-470
-1198
-471
379
318
566
1012
543
-167
240
1202
920
36
192
963
1112
655
666
897
234
-547
-591
-386
-889
-1379
-598
-44
-150
-23
833
1503
1039
831
828
625
514
554
718
410
31
-81
-249
-512
-755
-678
-404
-606
-1212
-1200
-553
-53
19
50
354
572
1089
1951
2049
1349
883
1221
1648
1351
926
837
750
739
866
983
550
-524
-1111
-868
-710
-1111
-1618
-1651
-1742
-1987
-1865
-2050
-2580
-2805
-2112
-1305
-1479
-1712
-1145
-26
441
280
257
240
-74
-330
430
1229
701
-315
-257
490
513
44
-125
-269
-583
-200
325
67
-375
-249
51
-71
109
664
755
599
880
1083
574
86
318
449
-219
-823
-613
-241
-343
-715
-857
-995
-1305
-870
167
559
88
-145
504
969
810
751
583
173
52
843
1760
1526
966
877
871
382
-148
29
165
-290
-570
-13
684
628
421
463
377
276
718
1108
679
254
628
1222
862
161
-183
-419
-633
-920
-1124
-1195
-974
-612
-495
-506
-309
-268
-388
-110
467
1095
1333
1312
1426
1554
1729
1658
1567
1376
649
245
392
516
20
-565
-558
-833
-1280
-1309
-1290
-1779
-2345
-1952
-1430
-1979
-2511
-2172
-2027
-2340
-2217
-1475
-1126
-1392
-950
-65
242
166
318
592
344
252
654
736
394
318
673
682
549
764
795
256
-215
41
306
63
-180
144
457
410
607
870
950
736
793
944
372
-167
-179
158
64
-476
-536
-441
-443
-408
-350
-511
-947
-853
-192
152
102
183
344
474
404
518
674
319
167
160
432
628
535
764
731
386
-202
-330
119
210
38
-126
-9
64
97
279
370
243
166
386
480
652
900
1076
1007
584
317
3
-193
-263
-540
-674
-434
98
287
130
326
663
418
47
323
836
947
774
1022
1215
975
1058
1223
945
146
-301
-189
-526
-922
-1098
-1081
-1184
-1436
-1310
-1552
-1968
-2019
-1842
-1831
-2255
-2444
-2322
-2232
-2111
-1743
-1390
-1139
-752
-329
-132
-187
-50
192
483
937
1289
1122
667
721
1171
1377
1014
559
520
597
502
278
245
123
-223
-158
342
762
572
539
790
629
499
411
439
306
88
255
185
139
295
344
244
-83
-309
-386
-289
-153
-326
-405
76
566
522
204
227
313
-98
-464
-461
-241
-123
-138
-35
4
-104
-63
149
225
-111
-361
-73
277
308
342
554
498
245
240
621
764
710
833
852
787
714
779
589
59
-271
-340
-195
64
100
32
50
259
445
246
201
278
190
68
88
448
604
416
320
233
129
-68
-196
-274
-606
-966
-1221
-1153
-975
-1004
-1107
-1172
-1208
-1267
-1307
-1219
-1262
-1521
-1521
-1449
-1414
-1406
-1220
-752
-534
-366
-167
-130
-181
-229
-36
246
409
599
872
1107
1216
1265
1266
1065
749
517
331
252
239
281
250
217
298
361
342
186
97
79
157
189
151
187
360
565
522
404
280
277
429
396
244
90
37
177
263
215
-63
-224
-110
-41
53
-141
-450
-676
-752
-577
-619
-702
-670
-707
-646
-463
-230
-219
-310
12
310
230
180
523
911
830
722
1022
1185
870
706
1065
1298
981
685
717
783
701
590
377
4
-244
-54
250
64
-171
-22
258
225
19
14
-62
-196
-114
42
-94
-228
-73
48
-36
-183
-388
-753
-1054
-1003
-747
-785
-1078
-1259
-1089
-726
-608
-760
-984
-1062
-986
-921
-881
-789
-769
-879
-840
-628
-466
-527
-694
-619
-521
-547
-528
-418
-177
23
198
448
584
551
548
691
750
534
290
294
410
453
490
539
532
466
508
661
680
540
364
418
625
753
823
774
717
681
751
774
498
328
455
505
395
351
446
519
433
313
37
-215
-201
-126
-252
-544
-598
-604
-771
-919
-830
-625
-702
-979
-982
-694
-418
-279
-261
-170
29
341
638
797
783
713
779
998
1193
1064
850
757
847
1006
922
705
406
168
198
265
174
-78
-291
-311
-214
-182
-266
-288
-321
-436
-490
-376
-126
-180
-469
-445
-296
-271
-524
-812
-768
-722
-797
-831
-782
-711
-732
-810
-836
-814
-877
-1044
-951
-660
-432
-410
-537
-490
-366
-329
-401
-470
-513
-565
-555
-346
-104
-166
-234
-139
37
222
350
493
442
394
593
763
693
539
520
535
531
539
582
602
719
827
664
429
468
690
672
567
575
706
846
914
1013
920
632
441
370
350
243
132
247
441
499
347
269
217
-31
-243
-262
-170
-358
-625
-642
-547
-458
-486
-720
-1040
-1018
-669
-445
-624
-862
-662
-188
11
20
123
301
546
689
833
885
798
815
880
825
667
599
592
474
319
323
278
52
-59
17
-62
-387
-634
-582
-449
-514
-509
-454
-495
-548
-547
-455
-436
-497
-647
-747
-623
-470
-566
-804
-834
-691
-608
-516
-454
-534
-637
-697
-559
-462
-599
-686
-571
-364
-192
-123
-140
-146
-264
-304
-211
-147
-184
-249
-123
126
242
262
347
297
269
415
628
767
698
597
655
711
671
556
426
482
574
563
496
519
581
614
561
449
454
460
439
496
635
758
748
653
707
771
622
393
316
412
495
495
496
507
455
420
281
-17
-199
-301
-363
-325
-356
-453
-597
-615
-517
-615
-890
-994
-920
-893
-833
-781
-723
-707
-631
-381
-215
-202
-85
180
370
347
251
396
587
457
151
96
307
381
151
-80
-88
-38
-107
-173
-178
-285
-400
-372
-256
-353
-492
-381
-263
-325
-382
-255
-183
-279
-385
-342
-223
-281
-398
-370
-306
-224
-204
-188
-153
-275
-281
-210
-224
-214
-208
-166
-129
-40
123
183
113
24
26
65
76
16
-77
17
202
225
149
108
166
232
265
269
306
391
505
552
459
428
426
422
325
248
338
473
544
519
467
414
457
417
313
233
179
239
339
387
404
379
328
311
281
244
192
122
135
237
250
223
209
173
113
35
-40
-105
-211
-332
-341
-397
-470
-486
-495
-475
-606
-730
-666
-557
-534
-635
-680
-629
-557
-501
-329
-161
-161
-123
98
310
334
317
319
343
301
310
338
256
161
60
28
-2
-73
-60
-1
-68
-207
-280
-208
-170
-309
-459
-372
-196
-168
-256
-339
-312
-304
-253
-277
-385
-417
-355
-276
-238
-102
-31
-67
-167
-221
-155
-112
-135
-117
-98
-62
104
229
287
269
249
259
267
310
341
294
261
300
288
327
249
57
1
87
169
158
165
278
362
340
281
241
204
136
168
234
334
389
385
356
318
341
286
190
107
63
130
254
262
161
105
92
88
129
70
-34
-145
-129
18
69
27
-46
-8
12
49
60
-40
-148
-231
-142
-53
-155
-290
-386
-365
-278
-278
-370
-450
-435
-413
-320
-327
-417
-406
-332
-243
-196
-1
217
220
168
227
344
392
284
191
220
245
206
107
4
-40
-36
-95
-142
-137
-136
-178
-334
-425
-401
-371
-363
-390
-374
-343
-304
-236
-190
-221
-267
-267
-173
-41
34
86
117
122
136
170
120
18
-49
-43
-58
-81
13
116
140
27
17
118
173
174
131
189
185
189
256
264
212
112
84
51
-5
-30
44
151
179
153
149
169
123
119
105
53
-1
50
192
228
196
164
190
159
130
133
205
241
204
245
271
318
301
195
127
121
130
94
69
65
57
26
25
110
114
61
-7
-40
-45
-72
-42
-70
-138
-180
-168
-143
-191
-262
-271
-275
-311
-361
-356
-299
-299
-268
-203
-163
-169
-184
-109
-18
-7
-17
0
60
112
89
46
50
75
35
-91
-155
-121
-91
-107
-115
-99
-143
-192
-241
-281
-311
-332
-288
-220
-218
-282
-308
-263
-272
-313
-249
-169
-130
-42
79
119
107
63
105
101
5
-64
-73
40
74
88
96
146
165
127
182
195
173
183
227
268
319
328
325
237
142
130
165
214
175
116
139
272
360
356
337
321
284
275
286
243
143
119
184
180
109
79
69
45
41
54
100
79
0
0
30
39
36
1
-5
-17
-22
-13
-76
-120
-79
-73
-49
-10
-3
-2
-44
-62
-111
-225
-278
-245
-256
-226
-221
-261
-245
-290
-269
-243
-281
-287
-266
-199
-132
-94
-42
6
-21
-15
8
7
27
22
42
87
76
16
-40
-72
-102
-132
-193
-256
-267
-238
-171
-142
-123
-117
-186
-199
-155
-167
-201
-167
-64
-52
-83
-84
-108
-126
-155
-80
-6
-5
16
68
132
170
137
124
90
36
70
113
182
200
256
310
317
281
271
299
278
267
254
282
278
289
274
249
205
119
69
65
77
81
98
142
173
183
227
189
189
202
160
143
111
140
167
125
120
126
89
71
5
-53
-55
-62
-57
-61
-85
-82
-98
-120
-129
-178
-222
-219
-217
-261
-233
-212
-200
-155
-146
-115
-109
-123
-123
-149
-194
-198
-183
-178
-171
-151
-126
-147
-209
-209
-166
-166
-139
-98
-29
28
15
38
110
87
17
0
0
-46
-99
-75
-6
5
-41
-16
-44
-88
-153
-212
-151
-139
-153
-134
-89
-37
-39
-47
-35
-56
-95
-88
-47
-31
-26
-2
20
25
-7
-6
42
60
66
60
71
119
146
132
141
126
120
169
243
297
266
303
332
309
268
224
212
205
225
241
253
256
265
243
209
205
217
166
109
100
113
142
132
141
136
119
110
94
79
65
43
48
84
67
41
25
-22
-107
-145
-179
-229
-276
-307
-289
-284
-289
-315
-331
-334
-339
-348
-333
-318
-321
-309
-292
-257
-202
-164
-169
-152
-138
-136
-108
-82
-87
-60
-36
-64
-78
-74
-41
-26
-13
7
3
35
76
98
161
165
140
171
236
237
189
196
176
151
100
109
121
64
-19
-44
-22
-82
-100
-123
-108
-107
-124
-92
-97
-126
-113
-88
-106
-130
-126
-80
-63
-57
-55
7
-2
-8
17
29
41
11
65
38
67
114
126
136
127
162
168
206
195
218
239
209
195
206
217
193
169
143
139
117
126
133
136
107
98
95
73
129
141
147
119
121
133
126
119
100
62
36
64
41
77
74
16
-19
-28
-41
-104
-162
-237
-259
-237
-243
-287
-305
-333
-351
-318
-331
-326
-320
-304
-234
-205
-184
-190
-203
-155
-82
-50
-43
-63
-90
-70
-32
-1
-28
-1
-28
-16
12
3
21
-19
31
43
22
34
68
89
67
81
120
127
129
139
170
183
114
73
47
25
-3
0
0
-56
-74
-56
-53
-41
-41
-83
-92
-59
-30
-41
-26
-22
-26
-29
-29
-3
6
8
-28
-41
-3
15
9
34
28
35
68
67
107
145
142
143
173
175
150
146
168
155
139
155
160
139
135
142
115
126
124
81
62
68
66
50
50
77
76
86
87
99
101
104
97
61
52
11
0
13
41
-6
-42
-33
-39
-58
-104
-111
-119
-125
-175
-185
-168
-193
-246
-251
-212
-227
-260
-262
-221
-215
-201
-192
-164
-165
-160
-147
-134
-85
-79
-82
-85
-53
-63
-50
-46
-48
-40
-30
40
30
32
69
63
71
69
74
72
39
60
83
82
66
92
64
44
44
42
61
28
37
8
15
-13
-6
17
-3
-9
3
16
4
16
-16
-7
-17
-8
-12
-10
0
-25
-25
-25
0
13
-6
-9
-6
-11
43
41
69
92
79
132
135
145
142
139
172
160
131
107
139
119
105
138
107
104
102
125
107
106
121
104
124
123
95
60
66
87
82
61
54
25
-4
2
5
-16
-29
-60
-88
-96
-109
-129
-163
-180
-163
-133
-166
-181
-201
-215
-186
-189
-180
-177
-200
-189
-136
-122
-168
-202
-138
-95
-114
-97
-82
-79
-107
-78
-22
-40
-53
-32
-4
1
3
10
15
54
65
73
92
90
76
88
117
86
62
89
109
70
85
82
49
61
53
36
3
13
41
31
14
-10
-19
-28
-38
-17
-21
-6
-9
-41
-14
7
-38
-47
-4
-37
-59
-52
-40
-31
-43
-62
-68
-28
-15
-33
-36
10
34
23
62
76
85
104
104
119
111
88
107
122
120
82
65
89
102
118
114
107
96
88
92
117
123
99
69
64
124
117
86
92
110
109
92
101
73
38
28
1
-18
-32
-85
-97
-80
-74
-75
-107
-76
-69
-113
-109
-77
-79
-139
-139
-108
-99
-110
-148
-151
-137
-144
-179
-168
-160
-174
-126
-124
-136
-161
-161
-139
-124
-98
-98
-76
-76
-44
-30
-57
-41
-2
2
-17
1
12
21
12
26
57
50
7
24
59
46
42
22
18
19
25
41
38
22
45
49
75
121
88
113
118
114
120
95
88
96
95
57
89
96
74
68
22
25
34
26
-3
8
52
32
18
8
50
54
27
54
47
56
38
61
57
6
23
28
60
48
30
7
5
-5
-30
-11
-6
9
-9
-1
0
27
20
10
34
12
10
5
15
22
10
5
-4
12
37
-22
-50
-38
-48
-82
-85
-59
-53
-53
-64
-48
-48
-43
-36
-37
-38
-67
-68
-62
-99
-79
-83
-94
-67
-83
-82
-113
-123
-106
-96
-85
-80
-76
-66
-80
-76
-38
-13
-3
1
17
35
57
38
45
27
-14
-13
-9
18
-2
-22
28
31
14
13
-8
3
-4
-14
12
12
12
29
49
35
35
70
73
76
70
63
51
37
80
66
16
47
72
63
57
55
37
17
19
20
19
1
25
38
39
55
45
63
62
88
88
85
102
84
77
64
47
0
-3
28
22
20
-1
-33
-13
34
-23
-29
28
2
-12
-10
22
21
-21
-42
-34
-27
-37
-38
-25
-28
-71
-47
-51
-78
-91
-91
-88
-81
-54
-59
-29
-43
-34
-29
-43
-43
-34
-7
-33
-64
-50
-50
-62
-41
-47
-68
-86
-68
-39
-36
-51
-25
-16
-32
-13
-41
-23
-25
-25
-36
-26
-15
-47
-14
-14
10
8
37
35
12
10
-5
21
13
44
27
26
53
45
15
23
30
7
51
49
47
48
48
46
51
50
76
82
67
70
56
48
58
92
51
35
57
67
38
28
27
14
25
6
18
10
12
3
7
0
13
45
23
23
-16
-9
7
-5
0
-7
-6
-12
3
-2
-11
2
-5
10
3
-8
8
3
-2
-7
-10
-22
-44
-25
-3
-5
2
-6
-25
-32
-23
-37
-47
-42
-44
-53
-78
-46
-49
-79
-85
-54
-38
-69
-44
-27
-8
-12
-31
-21
-45
-43
-28
-32
-34
-43
-24
-34
-56
-66
-43
-14
-6
15
-11
4
0
-2
22
13
19
20
5
17
26
4
33
32
46
38
20
3
-4
13
-5
31
60
66
60
76
39
13
-2
10
52
47
40
5
18
30
40
16
37
36
-9
33
15
-3
29
26
16
43
38
30
9
29
38
6
10
-8
-2
-4
-8
-6
-4
-7
7
23
19
13
18
15
32
47
7
17
16
-7
-19
-13
-13
1
7
-1
1
-3
-14
-45
-56
-47
-10
-25
-19
-2
-16
-27
-43
-32
-20
-34
-31
-19
-63
-67
-79
-56
-31
-37
-29
-58
-46
-31
-48
-50
-29
-31
-32
-44
-21
-16
-24
-32
-31
-9
-29
-25
-37
-4
10
32
28
18
16
1
28
48
59
54
92
50
23
39
57
31
20
48
6
-2
16
15
-15
33
26
-22
-4
-5
8
13
9
21
16
16
3
4
34
21
31
38
38
10
6
11
7
9
4
16
8
2
4
-1
0
38
21
33
57
47
48
22
21
38
41
-2
0
5
-15
-10
-1
-13
-53
-50
-38
-38
-39
-39
-47
-25
-28
-48
-37
-60
-54
-34
-10
-37
-54
-24
-19
14
5
2
2
-41
-24
-14
-20
-3
13
10
-19
-16
-12
-23
-13
12
34
19
-10
-6
0
27
24
-5
35
36
13
14
7
11
19
25
15
5
-8
-14
-26
2
21
12
23
14
2
-9
-12
-15
6
-16
-22
-4
3
17
4
28
20
9
-8
-3
13
25
25
-14
6
-19
-44
-36
-25
-8
-13
7
-9
-26
-2
-22
-6
0
-6
4
-26
-18
-2
-19
-14
9
6
-8
13
38
3
-22
9
19
29
9
2
27
25
51
31
29
40
22
19
4
12
3
19
24
16
37
41
16
10
38
20
-7
4
-1
-10
3
-14
1
13
-1
6
16
16
-16
-4
21
-19
-35
-10
9
6
-20
-13
-12
-19
-32
-31
-22
-31
-36
-37
-16
-28
-44
-32
-24
-22
-32
-57
-41
-10
-29
-32
-17
-1
-4
-25
-17
-12
-18
-19
-2
13
-5
-7
-6
-14
-2
-21
-19
22
10
17
30
0
-9
21
17
25
56
35
16
34
48
48
54
39
41
35
38
23
27
45
22
13
8
22
6
4
-6
2
-4
-16
0
7
0
-25
11
1
-17
-20
-36
-28
-51
-46
-27
-41
-14
-5
-2
6
13
19
-15
-21
-4
-10
-32
-6
8
-1
11
8
-18
-9
-6
-9
-9
-29
-4
-39
-18
-2
-6
26
23
29
11
19
2
29
38
19
44
33
29
9
19
30
19
32
51
65
46
39
32
36
45
28
6
8
24
-12
-34
0
-8
-53
-25
-33
-44
-38
-56
-43
-64
-45
-56
-61
-19
-23
-50
-43
-1
2
-1
-15
-39
-42
-28
-44
-8
0
-46
-50
-31
-7
-29
-28
-35
-19
-10
-3
12
16
6
-11
-3
2
32
22
15
32
33
38
20
31
38
20
31
25
9
23
30
32
40
13
30
43
54
61
47
18
10
33
10
42
52
39
10
25
10
-35
-8
3
19
8
42
16
-24
9
4
-7
8
7
-22
-40
-73
-57
-37
-55
-35
-6
-6
6
0
4
18
-9
-14
0
21
-13
-19
16
7
19
-15
-47
-13
-16
-22
-29
-20
-7
-37
-19
1
9
-3
-12
-7
-3
-7
-26
-3
3
6
-4
10
1
-6
-10
-18
21
-18
-27
-22
-6
2
-26
-25
-32
-7
-6
4
12
17
7
10
35
5
5
7
0
12
10
13
35
19
18
1
-15
25
26
1
-15
10
-3
-8
6
0
1
4
16
-2
19
1
-28
-12
-1
-26
-34
13
5
9
0
7
25
28
31
12
22
24
10
-7
8
10
-6
-3
8
26
5
-16
5
6
-11
-9
6
2
-13
9
2
29
22
16
15
9
35
3
13
20
41
27
40
36
13
21
-6
-23
-22
-18
-38
-29
-25
-23
-26
-33
-36
-34
-55
-56
-41
-27
-27
-26
-10
-40
-17
-22
-6
10
0
14
23
54
20
-14
-11
-7
-4
-5
-3
16
-8
-9
6
-10
-8
-33
-17
-22
-15
8
-12
10
-10
-18
-13
-25
0
-5
4
-9
-17
15
-12
-6
0
-4
-14
-3
38
40
50
46
28
35
45
23
36
53
41
27
0
18
7
-2
14
7
15
7
-13
-10
5
-16
-9
7
14
-1
-30
-16
-41
-41
-16
-1
10
-3
-28
-22
3
-11
16
12
16
45
-1
-15
-12
0
-7
-21
-11
14
18
-5
21
6
0
4
26
43
26
16
29
31
11
18
3
28
23
22
-2
-4
14
-6
5
-21
-5
-22
-45
-41
-13
-13
-61
-42
-28
-18
-13
-38
-6
4
-21
-19
-14
-4
-45
-18
5
-13
-16
-38
-36
-38
-51
-28
0
-25
-37
-33
-14
1
14
22
21
45
29
0
25
32
0
-6
-11
-7
-18
-10
-5
-18
8
3
-4
18
31
13
-5
19
8
-12
18
29
32
50
43
35
41
17
23
27
41
65
38
54
45
35
30
28
22
1
9
0
0
-1
4
-9
-16
8
6
-22
-8
19
-3
-8
7
-8
9
-3
-25
-7
-18
-20
-54
-45
-16
-20
-22
-22
-15
-32
-50
-37
-38
-54
-38
-28
-27
-27
-35
-37
-15
-6
-20
17
27
10
12
10
23
-14
0
10
8
33
-2
6
-18
-6
10
-39
-23
-25
-15
3
-15
6
7
14
9
7
19
22
27
31
59
22
0
38
43
47
60
46
47
24
26
27
24
33
1
10
-2
-16
-19
-18
-19
-30
-38
-50
-25
-15
-4
-12
-23
5
-15
-54
-47
-22
-36
-58
-21
-25
-12
-11
-2
1
-9
25
-18
-4
-18
-5
1
-31
14
21
14
-3
18
13
7
10
15
32
36
61
57
36
1
-17
-9
12
10
-3
31
51
15
-2
-4
1
-7
-19
10
23
31
24
16
13
1
-2
-6
7
4
-21
-37
-22
-10
-7
-2
-19
-7
0
-4
-16
-7
3
-26
-3
17
-18
-41
-12
-16
-23
-13
-15
0
-1
19
-6
-4
-26
-42
22
27
47
15
2
16
15
-11
-31
2
-22
-15
-15
-1
9
-10
-8
1
19
9
-5
-13
-26
-10
-29
-41
-20
-27
-13
-12
-17
-32
-35
-43
-9
4
0
28
22
31
12
9
22
45
30
40
35
39
45
24
31
17
44
-6
-19
10
-3
-14
-54
-28
-6
-10
-4
-17
-11
-5
-10
17
51
34
13
16
31
18
17
37
48
45
53
54
25
30
30
35
31
3
-12
-16
-39
-20
-21
-35
-9
-25
-35
-29
-32
-40
-19
-24
7
-7
-30
-3
-38
-25
-40
-17
-7
-17
19
-16
-15
-5
7
9
-6
0
-8
7
-15
-29
0
7
-20
-32
3
-9
-18
-13
7
-6
-9
4
-17
-12
-42
-27
-25
-23
13
10
9
1
-7
-7
-13
0
-2
-9
9
29
24
7
34
-10
4
16
3
25
43
55
10
26
15
10
-2
-1
-1
-2
28
32
29
24
10
-14
-6
-7
-24
-16
28
26
34
54
24
6
8
22
4
9
32
17
22
13
11
-9
-23
-16
-39
-33
-36
-14
23
9
1
5
2
-6
-32
-29
3
-7
-1
19
34
16
0
-1
-11
-13
4
14
13
3
-7
-25
-60
-28
-41
-39
-27
-27
-7
-22
4
10
3
-34
-34
9
-11
-37
9
31
5
3
-7
9
17
3
-1
9
22
-11
-4
6
22
30
5
25
-3
-13
-12
-19
-6
10
0
-26
-22
-30
-51
-56
-52
-27
-16
-46
-26
-2
-19
-33
-35
-26
12
13
10
47
38
25
36
32
9
13
35
34
37
28
14
27
25
31
12
11
13
11
11
6
50
37
13
17
42
33
23
19
20
45
20
24
28
29
41
22
-19
4
9
-20
7
19
19
4
1
-6
-37
-29
-23
-10
20
19
-3
-20
-10
-35
-51
-16
-22
-72
-73
-49
-55
-38
-56
-69
-41
-39
-35
-39
-36
-21
-51
-29
3
-14
13
-2
-4
3
-6
5
12
23
-3
18
16
26
22
-27
-4
5
2
-11
-6
-3
-6
-7
-22
1
35
19
15
30
35
28
20
48
39
34
29
16
20
13
16
30
19
19
13
1
18
14
7
3
22
20
-4
-10
-7
15
-6
-8
-11
-13
-13
-38
-28
16
39
-13
12
20
-22
-18
-16
2
-22
-9
-4
-22
-22
-17
-27
-35
-12
-20
-14
-11
1
7
-6
7
31
2
7
9
13
24
16
21
20
35
2
4
-13
1
6
-12
11
9
3
6
26
26
26
-7
14
6
-6
-20
-25
-4
-20
-22
-40
-14
4
-19
-28
28
36
-11
-16
8
-5
-13
9
-5
6
2
-22
-34
6
-13
-36
-18
-6
-2
-22
20
-6
-25
-31
-33
1
-9
-18
-25
1
1
2
2
-12
-1
-3
2
15
9
-5
-4
13
13
-6
0
18
-8
-16
-13
-6
41
17
-28
-11
4
-5
15
47
28
28
53
34
1
16
33
32
41
23
18
39
37
22
34
34
27
42
3
-4
-3
-16
12
1
10
-1
4
5
-13
-16
-21
-10
-21
-15
-9
-11
-12
0
-10
-3
-5
-13
-3
-47
-41
-27
-56
-76
-48
-32
-63
-37
-20
-17
3
4
0
-36
-3
15
2
4
-11
-10
-28
0
-5
9
3
-12
20
18
16
-15
6
7
-25
-8
18
23
-8
12
29
19
24
27
22
7
37
60
38
34
63
33
0
12
-1
16
22
23
29
9
7
2
12
-3
-1
12
6
36
3
-4
-10
-26
10
-2
-1
-1
-15
-20
-60
-45
-13
-11
-14
-26
0
-32
-41
-26
-35
-21
-53
-40
-25
-31
-24
-25
-32
-44
-12
6
20
14
-8
4
3
11
13
7
-6
-6
7
7
7
-13
9
18
-12
-5
-8
-1
1
4
41
23
14
45
61
50
57
48
19
40
40
49
43
50
54
22
36
28
-5
-13
3
10
8
3
-1
-6
5
9
-13
10
-6
-43
-38
-41
-44
-33
-29
-28
-42
-49
-35
-38
-21
-26
-54
-50
-44
-48
-42
-26
-23
-23
-25
-1
8
19
33
35
20
24
23
16
38
2
3
0
13
27
1
-15
10
26
12
17
-7
3
-9
-25
-29
10
0
-35
-15
-31
-22
-29
-10
0
4
20
24
6
18
43
44
20
-3
22
6
-14
-20
16
7
10
21
3
9
1
21
21
29
-6
0
48
10
-6
0
10
45
32
19
28
24
17
10
3
-23
-5
11
11
21
17
6
-23
-16
-7
-12
-13
-8
-30
-57
-29
-21
-23
-26
-24
-13
-23
-15
-32
-63
-29
-22
-28
-3
0
9
-12
-12
-18
-22
9
-6
-6
4
-6
-33
-20
-1
12
22
-5
22
22
26
54
39
11
31
38
19
38
12
5
15
15
-12
-10
22
-37
-49
-13
-12
22
19
7
0
-11
-12
-48
-31
-23
-31
-29
-8
12
-1
3
-14
-12
4
-13
16
16
-8
13
7
4
3
12
22
31
12
-3
19
12
16
19
11
3
21
34
35
32
50
51
22
9
0
-13
8
18
-11
-18
-21
-19
-6
-4
-24
-17
-16
5
-9
-31
-25
-19
-7
-17
-13
-21
-13
-28
-37
-22
-3
-28
-28
-6
-26
-18
-12
-13
-10
10
0
-2
23
31
5
-25
12
38
34
27
33
40
-4
1
7
19
43
16
3
17
0
-5
1
-24
-12
-43
-50
-24
-10
-32
-34
-15
-11
-2
-29
-6
-2
12
26
28
31
25
22
24
35
7
5
30
10
6
17
2
6
10
3
-21
-30
2
32
4
9
27
35
27
-7
-2
-22
-15
-9
0
0
1
-9
-29
-24
-15
-7
-20
-1
-28
-29
-9
-35
-25
-48
-40
-25
-33
-27
-2
27
10
2
-25
4
14
15
13
12
17
-6
12
10
25
3
18
14
1
-22
-9
39
17
37
34
28
35
42
26
33
32
12
19
27
39
32
10
6
-6
-7
-3
-3
-1
-15
-32
-53
-51
-53
-59
-61
-46
-32
-30
-31
-19
-35
-34
-6
-14
3
-7
7
26
11
22
22
14
24
53
40
-27
-35
-9
-8
-25
-9
8
-10
3
16
21
29
6
-6
3
15
24
22
18
3
38
16
7
19
5
31
1
30
4
-24
-18
-17
-23
-38
-25
-7
-1
-28
-10
-19
-28
-25
-26
2
27
21
18
16
27
1
10
7
0
16
-13
18
-16
3
5
-8
16
23
8
-35
3
11
-17
-33
-18
-9
-25
-28
-5
-15
-33
-20
1
-20
-12
-7
-14
19
-3
11
25
25
33
22
7
34
25
-4
22
7
9
29
7
-2
10
9
9
1
19
18
16
14
13
38
-4
-19
-19
-27
-3
-8
15
38
-9
-16
1
12
16
-1
13
-19
-30
-20
-46
-41
-15
-3
-30
-24
-8
-41
-36
-6
-10
-4
-11
-7
10
5
6
2
24
15
-9
13
12
-3
0
-7
-10
-4
-18
-22
-16
-23
-19
-7
-2
-3
-3
-5
-12
-35
-44
-9
-34
-21
14
6
17
14
36
21
2
26
63
39
28
69
57
54
42
25
45
38
37
44
42
38
20
26
9
13
-1
5
8
-5
6
-19
-20
-27
-12
-39
-39
-7
-36
-51
-61
-29
-19
-39
-38
-36
-44
-49
-52
-47
-18
9
2
0
15
3
-29
1
26
19
32
28
12
15
18
1
30
16
-6
16
29
16
-18
-7
-25
-20
9
-19
0
22
-8
-31
-29
12
-12
-15
25
3
-2
15
25
-14
-2
0
-10
13
2
15
4
10
33
18
5
10
19
32
8
21
36
23
-6
-31
7
-11
-16
-26
-9
0
-35
-36
-19
0
-31
-33
-46
-29
-13
-39
-38
-10
10
16
24
43
53
20
11
1
-5
-13
-12
0
19
29
-7
7
23
21
32
6
35
32
-15
17
9
36
20
-12
-6
-3
-9
-30
-8
-9
-13
-30
-1
5
0
-4
-3
7
0
30
34
51
21
16
12
30
21
-14
-11
-23
8
-28
-23
-1
3
-14
-60
-37
-32
-16
-14
-13
16
7
-12
-11
-10
-20
-19
-6
-13
-24
-16
-8
-12
-1
-7
-23
-9
-14
-9
-27
-44
-17
-2
-1
-2
10
-4
-5
4
6
17
25
52
22
34
44
17
38
40
38
11
27
35
0
-17
-15
26
1
-7
-4
-23
0
-15
6
16
29
25
-3
13
-3
9
8
22
25
12
-2
-4
19
-3
23
22
7
16
-10
-27
-13
-15
-35
-30
-7
-12
-46
-21
-3
-18
-25
-17
-39
-44
-36
-44
-36
-54
-38
-28
-19
0
-3
-16
-20
13
4
-4
3
-9
13
6
-18
18
19
22
12
3
38
22
16
11
19
11
29
24
9
53
60
60
60
73
27
0
23
40
21
26
49
32
16
-9
16
5
17
-10
-22
25
10
-24
-50
-25
-32
-32
-30
-14
-22
-50
-30
-51
-58
-21
-9
-26
-22
-30
-15
-22
-16
7
-13
3
-22
-22
-6
-23
-25
-17
-2
-29
-30
4
-20
-19
13
20
35
5
-7
5
-10
-30
-22
-10
3
2
-1
19
4
25
35
50
48
50
51
35
35
22
7
-17
2
5
16
21
16
-3
-16
-15
-22
-9
-1
-5
16
35
3
12
3
4
-14
-22
6
-12
-9
7
0
-19
-32
-9
6
9
25
0
9
23
48
40
7
10
29
43
-21
-18
3
-15
-16
-5
-9
4
22
-9
-15
-35
-24
-23
-4
29
2
-15
-30
-17
-13
-20
-35
-5
7
-6
-3
-23
-7
-3
-19
6
27
12
25
17
28
16
-12
0
5
16
0
4
7
16
-3
-17
3
0
-21
-34
-27
-13
-8
-16
7
-7
-12
-6
-35
-23
-30
-42
-6
7
16
23
-9
-6
10
-4
7
25
28
6
-3
13
-9
7
14
3
25
27
23
6
-8
-7
-3
-28
-20
-11
-22
-16
-8
-4
4
19
20
2
-3
2
1
18
-7
-3
19
14
-7
10
27
3
14
22
30
28
24
0
8
38
49
25
10
-1
16
37
12
13
-3
-3
-2
-2
-12
-38
-36
-20
-26
-12
7
-40
-21
-3
-31
-24
-12
-7
-13
0
-17
-15
-7
-18
-5
4
11
-15
9
30
24
38
12
19
7
-12
-6
-21
-16
-2
-9
-19
-15
-3
-7
-10
-13
-6
1
9
34
21
-9
8
8
-14
-14
-15
-25
-28
-18
-15
-14
0
-5
-42
-37
-13
-36
-20
-6
-22
-16
-34
-27
-36
-19
12
-5
10
23
22
-11
16
70
45
9
28
36
-2
13
19
15
35
34
19
25
48
21
-6
26
28
41
37
28
29
14
43
29
11
28
64
48
48
46
13
14
4
2
4
-15
-15
11
-13
-37
-22
8
-5
-39
-58
-43
-49
-76
-56
-40
-22
-20
-42
-34
-26
-30
-27
-34
-14
-29
-15
0
4
-1
-28
-1
3
-11
-11
1
16
0
-34
-43
-41
-13
-9
-13
-19
-19
-15
-6
22
35
38
21
2
15
13
0
22
9
1
-6
4
15
-3
-4
10
11
5
27
11
22
34
13
-15
-1
47
45
25
19
41
28
28
3
1
31
17
38
44
33
10
-1
-17
-26
-18
-31
-17
0
-10
-37
-23
-12
-33
-42
-29
-9
-6
-3
-34
-29
1
-13
-9
-19
8
14
29
41
10
24
1
16
13
-7
-6
-2
6
-10
-4
-7
15
19
9
7
4
5
-8
-16
-17
-25
-12
-26
-22
-10
-7
16
3
38
39
9
15
24
15
20
3
-20
8
-3
4
6
-6
-7
-8
-19
-21
-31
-36
-47
-56
-27
-51
-25
-34
-35
-17
-29
0
0
6
8
12
-4
40
64
46
35
41
14
-16
51
42
4
14
16
-7
6
14
23
35
12
-8
-21
7
6
1
-16
4
6
7
24
-16
7
-5
-21
-9
-4
-22
-32
-13
-21
-38
-29
8
-5
-21
-53
-51
-24
-31
-20
-16
1
18
15
10
34
29
9
11
25
48
6
14
11
-2
31
33
32
15
36
-3
-3
15
-9
-3
-17
24
31
10
-15
-7
11
-6
-25
-19
-14
-10
-26
-47
-16
-18
-14
-25
-16
20
5
-19
2
0
5
6
-8
3
-6
15
3
22
44
22
30
33
16
-25
-17
22
25
22
-3
7
9
13
17
13
37
21
5
-9
9
-16
-26
-15
-13
0
-42
-35
-18
-10
-6
2
-17
-13
1
-4
-9
-20
-27
-25
-19
-38
-47
-76
-27
-8
-25
-22
-40
-23
-32
-19
-31
-56
-27
3
-1
-3
20
38
26
28
31
8
66
70
35
66
62
50
41
31
7
-13
-19
-6
-4
-7
15
13
9
21
3
-1
5
9
27
18
34
7
18
37
8
-8
-2
0
0
40
19
40
23
2
6
8
24
-17
3
3
-12
-18
-15
-13
-22
4
-29
-43
-7
2
-10
-32
-19
-16
-23
-53
-32
-19
-26
6
-22
3
-6
-19
6
8
-2
-3
-2
-26
-27
-13
14
6
-12
-2
34
19
-17
-24
-36
-38
-36
-20
-19
-26
-24
-7
4
-8
-11
-13
-13
15
19
6
6
-2
-3
-3
26
44
20
28
14
13
37
21
40
7
0
22
14
33
5
17
12
13
13
-17
1
16
19
-5
1
-8
-16
12
16
25
18
14
7
-7
16
13
21
8
2
10
-8
0
-12
-1
-6
-26
-25
-25
-42
-24
0
-11
-27
-32
8
-34
-29
-13
-9
-7
-26
-1
-10
4
-19
14
27
5
32
29
29
0
18
22
35
39
14
12
3
10
12
7
0
-21
-32
-19
-11
0
-14
-1
-13
-36
-9
21
18
-18
-12
-26
-41
-19
-13
-12
-1
16
10
16
9
0
31
12
-15
-13
5
5
-3
4
14
9
-3
16
-30
-27
-16
-34
-51
-51
-27
-17
-27
-21
-1
-9
-20
-10
7
-12
22
5
22
14
10
56
33
51
7
6
17
2
-5
11
-15
-26
-3
-3
-1
-1
23
38
34
0
26
8
7
19
25
15
5
44
34
41
14
10
5
16
15
-27
-18
-10
-2
-20
-2
-2
-15
-18
-3
16
28
38
8
18
22
21
31
26
35
-5
1
38
8
3
-22
-32
-27
-31
-22
-40
-37
-40
-35
-31
-57
-31
-30
-45
-20
-25
-13
-3
19
-4
-22
6
16
27
-4
-27
-27
-17
6
-13
-37
-37
-65
-76
-61
-19
-22
-14
-8
-13
17
-16
-11
-2
27
35
31
42
43
46
34
55
48
39
52
42
-2
9
42
36
-4
-1
21
10
13
-4
11
-2
25
23
12
43
29
35
31
15
4
8
0
9
-6
-9
18
-8
-14
-24
-46
-46
-52
-40
-47
-33
-26
-37
-26
-27
-1
-28
-42
-19
26
28
-9
0
-16
1
24
20
-4
7
10
12
18
-7
12
17
15
0
29
18
34
31
17
34
-3
9
-18
-12
9
-1
9
-1
8
12
42
37
-17
1
9
-13
-26
-14
-11
-41
-9
-11
-40
-39
-42
4
8
-10
-35
-16
22
-14
5
-10
-38
-26
-38
-45
-7
-1
-39
-45
-21
-15
-37
-7
-16
2
-3
-17
16
29
31
7
12
29
47
22
31
42
22
23
25
37
28
36
56
18
7
22
1
-1
6
3
-12
11
7
-14
-14
-32
-32
0
21
-7
-1
-8
6
9
6
37
8
-1
32
19
-16
-1
14
9
0
-10
-28
-29
-19
-19
-20
-27
-19
-7
-22
-27
-20
-36
-23
-34
-13
8
-7
7
-2
12
-10
-9
3
3
9
-12
1
20
9
-12
6
37
49
29
13
0
-12
-1
15
34
21
15
9
20
27
15
8
8
10
17
29
12
3
-8
-7
-9
-11
6
-12
-21
-25
-28
-10
-16
-21
-18
-22
0
-11
-32
-19
-24
-9
-13
-39
-14
2
9
-6
-9
19
16
29
2
14
11
-4
6
-3
13
-1
5
-19
-11
-19
-29
-21
-37
-7
-7
-17
5
2
-13
13
19
16
-29
-34
-26
-32
-13
-26
-14
-28
-9
1
-16
3
25
24
36
57
41
32
10
20
37
38
23
42
61
35
37
13
22
20
-9
26
52
43
32
39
44
3
-5
25
25
6
26
4
-14
4
-13
-12
-36
-18
-19
-28
-32
-41
-10
-3
-11
-36
-32
-41
-49
-35
-13
-2
-25
-11
-20
-26
6
-5
-19
-24
-22
-20
-42
-48
-38
-29
-3
18
-2
-38
-38
-27
-36
-13
-6
-1
-10
10
19
-3
16
22
15
-19
25
25
-10
22
26
-3
-7
26
19
20
35
41
22
7
4
4
42
25
14
23
7
16
6
23
16
5
21
33
25
7
3
-11
12
7
-11
-19
14
-6
-26
16
-1
22
33
29
14
-2
28
27
-11
-4
22
13
-20
-25
-7
-17
-18
-27
-22
-17
-50
-61
-63
-38
-23
-2
8
-6
-7
-35
-32
-16
0
12
18
13
16
10
-20
-9
13
8
0
27
52
43
-1
-3
7
9
4
-19
-26
-18
-22
-31
-13
-3
0
-28
-10
-2
-9
12
3
16
11
-2
0
19
4
3
14
-6
6
-18
-20
-15
-3
18
5
17
-31
-50
-28
-25
-25
-42
3
4
0
26
44
48
22
38
34
53
57
21
41
34
32
26
31
40
-3
6
6
-18
-10
2
-13
-19
-11
-16
-15
-9
-28
-68
-33
-32
-59
-35
-26
-2
-19
-13
8
-3
-2
-10
-6
7
0
5
13
0
-8
-7
21
13
-2
17
2
10
35
1
-5
25
12
-7
1
6
-6
6
12
26
3
-6
4
-2
8
0
-13
-43
-38
-15
-1
-9
-17
4
8
-10
-14
23
33
17
10
15
38
6
-2
2
-3
10
1
19
6
16
25
16
21
6
11
20
38
19
19
3
-6
0
-23
-32
-55
-35
-20
-30
-35
-12
-32
-38
-49
-53
-31
-60
-54
-24
12
-34
-2
17
-19
12
-1
11
10
24
5
12
22
16
20
7
37
21
32
21
19
24
7
19
13
0
-8
4
-13
-3
4
-6
-6
9
19
-10
3
33
3
-4
18
25
-12
-37
1
-12
-3
4
11
9
14
31
-1
16
22
12
27
23
9
33
7
-7
-16
-45
-18
-35
-26
-20
-20
-32
-34
18
-12
-27
-19
-13
-6
-28
-20
2
12
-35
-43
-36
-40
-43
-18
15
7
-1
-20
6
10
25
22
35
25
17
26
-3
18
51
40
13
43
33
6
0
20
15
8
32
15
16
24
24
28
49
39
-1
-15
3
11
-27
-29
-10
-12
-33
-45
-18
-24
-9
6
1
-1
-19
-10
-6
-5
-10
-21
-3
-1
-23
-7
-3
5
-9
-35
-25
-40
-32
-35
-49
-25
-3
6
1
-31
-31
0
-20
-33
-2
2
3
9
-3
-6
-10
0
3
23
35
25
10
-9
4
1
9
22
24
11
10
17
33
41
13
16
16
29
10
9
53
45
25
50
72
31
18
31
10
4
10
14
-5
-1
7
-48
-34
-3
7
6
9
4
-14
-16
-42
-2
5
-9
-4
16
10
-22
-14
-2
-14
-37
-24
-11
0
-15
0
-8
1
4
-8
-2
-31
-11
-25
-35
-46
-31
0
-9
7
-14
-28
-26
-38
-9
3
-15
-18
-18
-26
-8
-2
1
4
-1
-13
-18
-10
-40
-22
-5
7
17
15
-6
-21
6
20
21
16
48
38
22
9
27
23
-2
6
8
41
3
10
26
8
5
18
45
32
37
61
57
34
32
35
30
11
16
12
19
22
-6
7
11
1
-6
-11
-19
-41
-32
-25
-51
-51
-38
-19
-22
-31
-16
-12
-3
-31
-64
-36
-17
-25
-21
0
-16
-37
-21
4
10
-7
2
20
-3
6
19
2
15
-30
-15
11
-3
19
-12
0
2
12
22
-4
5
26
16
-15
9
19
-8
-10
7
29
26
10
10
7
3
-11
6
2
-16
-17
-8
6
-5
3
4
13
-1
2
27
28
37
25
14
9
12
20
3
16
36
15
5
-3
-4
-12
-4
14
3
-32
-7
12
-4
-7
3
5
-31
-24
-22
-42
-52
-22
-57
-60
-22
-48
-19
-19
-22
-33
-24
-29
-57
-14
14
25
5
13
32
-3
23
22
7
15
12
33
31
13
-2
-9
6
18
-13
3
41
42
-7
15
48
25
45
51
41
11
32
38
3
6
38
41
25
33
38
-12
-37
-20
-37
-17
1
-9
-20
0
-6
-15
-23
-11
-10
-38
-13
-19
-18
-28
-36
-48
-33
-34
-29
-17
-45
-32
-24
-4
0
10
-12
-7
4
-12
20
9
9
-4
0
-1
-22
-15
-16
1
26
31
13
7
9
6
18
44
26
28
27
9
42
34
23
6
4
14
22
34
9
-9
-16
7
3
-23
-6
-14
-14
3
-1
0
2
-3
-5
-12
-20
-20
-9
-31
-63
-40
-11
-15
-26
-5
6
-9
-10
0
2
1
4
14
25
24
20
15
21
42
69
70
67
56
26
18
-9
-32
-25
-28
-17
-3
-23
-24
-7
-19
-19
-12
-8
-18
-39
-5
-20
-47
-20
-19
-4
-10
-20
-1
-26
-42
-15
-13
2
-14
-19
6
6
0
-22
15
23
6
16
6
25
39
-4
3
72
44
4
22
48
25
25
19
18
29
19
41
7
19
10
1
35
23
22
13
12
-15
-9
-26
-37
14
-2
-6
-40
-31
3
-31
-23
6
-8
-24
-32
-36
-36
-35
-19
-16
-29
-41
-16
-20
-22
-5
-28
-13
3
-6
-18
-29
-30
-38
-8
-6
-12
-2
-11
26
-12
-3
13
-7
22
1
17
29
28
25
36
32
13
13
9
15
15
19
14
15
29
18
-1
34
36
11
19
29
29
13
10
-11
14
12
-16
19
22
26
13
17
4
-27
10
7
24
25
17
40
2
-5
-21
-25
-22
-13
-13
-25
-20
-38
-1
6
-5
-19
-26
-56
-66
-31
-36
-30
-33
-3
-9
-7
-12
-8
-11
-25
9
-6
-4
-15
13
14
4
22
29
25
-21
9
4
9
25
0
15
2
-4
1
-3
6
16
25
-7
-18
-21
-25
-16
-44
-21
-6
2
-3
-20
25
-13
-42
-14
-6
19
3
2
4
13
20
3
35
15
13
-6
13
24
-36
-18
3
25
21
41
28
38
57
46
24
10
28
-3
-1
-19
-7
6
-3
-10
-31
-6
6
16
3
-6
3
-7
-7
