20
35
31
18
36
2
2
0
-6
-2
-32
-17
-19
-17
-2
-17
-41
-51
-38
-23
-25
-5
-22
-37
0
8
0
-4
23
24
21
41
33
-9
-8
18
22
26
7
19
31
22
10
16
3
-24
16
-2
-13
5
-40
-88
-64
-13
-20
-44
-27
-5
-32
-20
-9
5
10
-9
-13
-22
6
19
30
32
41
37
67
55
19
25
28
36
-13
-7
-36
-31
-20
-19
-8
-25
3
-15
12
37
25
-9
6
35
21
-12
-10
17
15
26
0
13
1
-4
-9
-27
2
11
0
-11
-14
4
23
-23
-10
2
-34
-31
-36
-34
-44
-33
-69
-83
-42
-26
-28
-58
-6
27
6
28
15
-18
-12
13
18
22
52
18
-8
16
-6
5
6
6
19
27
39
30
22
27
21
8
-2
4
30
36
45
19
22
22
29
33
23
20
25
42
10
-1
13
10
-10
-1
-15
3
-5
-32
-19
-10
3
-23
-17
-28
-35
-25
-18
-24
-22
-13
-17
-22
-30
-30
-5
1
-33
-47
-45
-29
-6
28
25
19
-3
-13
-5
-25
-16
-3
3
10
-6
-9
-16
-16
13
-13
12
8
18
51
38
28
-6
3
-11
-4
-10
-13
4
8
41
3
-10
38
25
13
15
-16
-3
-11
-13
-25
-21
6
-47
-60
-41
-29
-19
15
19
20
16
-11
3
9
22
16
9
26
32
17
21
34
22
31
8
3
16
-4
10
10
17
9
7
38
19
29
15
-3
-6
7
17
-11
0
6
9
16
25
0
-7
-12
-12
-17
-15
-4
-32
-13
-33
-17
-22
-35
-3
-11
11
-9
-25
-27
0
7
-18
-6
9
7
6
6
-16
-10
-3
-1
-4
-18
-17
-4
-5
-23
-26
-50
-40
-15
-22
-18
-28
-15
11
-3
-1
-6
-17
-25
-22
19
23
23
8
-12
-10
-7
-15
-18
47
63
41
18
17
-5
-9
2
0
15
8
43
12
20
19
1
21
32
16
1
12
1
14
1
28
1
-6
10
-9
16
25
38
47
51
20
17
14
-6
16
17
2
-9
11
14
4
14
-4
-4
19
3
6
-3
-18
-36
-47
-32
-5
9
-16
-3
-7
-5
-13
-9
10
-16
-11
-5
-12
-20
-22
-29
-19
-32
-35
-21
-34
-19
-23
-36
-54
-30
0
-19
-7
-24
-42
-38
-46
-35
-18
-14
-6
-9
-2
5
-33
-21
-29
-13
-4
-6
25
15
42
35
19
31
55
33
18
45
49
66
52
58
95
58
32
66
38
29
19
22
16
-9
25
23
-7
-7
24
10
3
17
5
11
-13
-10
-7
-43
-27
-31
-14
-27
-29
-18
7
10
-37
-17
-6
16
-25
-31
-21
-23
-9
-23
-42
-11
4
-20
-10
-11
-31
-68
-19
18
16
-36
-7
5
-4
9
-14
35
24
42
17
24
20
-3
16
5
-11
-10
-26
-35
-2
-10
7
-16
-23
-20
-13
-2
4
6
-18
-20
-19
7
16
3
-4
19
2
-3
1
-7
-4
3
-10
-6
17
-6
19
12
32
48
34
13
7
56
36
43
39
33
26
24
39
31
31
47
24
-28
-15
-8
-1
-17
-6
12
-8
-19
-22
-21
-4
4
-14
-27
-44
-48
-33
-29
-31
-10
-38
-51
-18
-10
-6
-3
-25
-31
-28
-12
-16
-20
5
-31
-17
30
3
-13
8
26
13
-9
2
13
15
1
2
14
0
-16
4
28
31
36
15
26
31
32
36
36
34
24
32
12
13
-3
-8
7
-4
3
14
25
-2
-3
-1
-17
4
4
-6
-15
-16
-31
-33
-23
-43
-51
-51
-29
1
-16
-24
-16
-32
-16
4
13
-16
-23
12
-13
-16
-10
23
8
-3
28
3
26
21
8
14
35
34
22
43
43
51
39
9
2
8
-14
-11
-8
10
42
25
12
7
8
13
-3
-36
11
20
0
-15
-35
-17
-34
-33
-43
-57
-28
-45
-46
-4
-5
-16
-22
-15
-24
-16
-6
8
16
-9
1
-21
-6
-9
-41
-46
-21
-2
-3
8
12
18
6
23
13
11
24
-9
-30
-26
4
9
15
44
20
19
32
14
5
41
82
50
57
76
47
26
7
11
17
15
16
23
36
-12
-34
2
24
20
-22
1
18
17
9
14
11
-49
-40
-44
-31
-18
-35
-44
-44
-32
-35
-12
-14
-28
-28
-50
-42
-18
-22
-13
-29
-34
-38
-59
-35
0
4
-3
7
11
36
49
33
32
38
50
53
6
-3
35
41
8
-9
28
-10
-31
5
-6
-28
-13
10
-1
1
0
6
13
18
23
4
-13
-22
-17
-18
6
-11
-19
-12
15
21
-2
23
4
9
10
11
3
-12
4
-20
-33
-16
-22
-26
-10
-24
-32
-25
-3
-14
-22
6
19
15
-4
15
16
13
18
27
32
21
37
19
17
27
18
-7
4
59
47
20
16
19
12
-1
-16
3
6
9
-7
-11
-8
-44
-21
-3
26
18
28
12
-16
-16
-13
22
-5
-7
0
1
-9
-10
-23
-41
3
0
-2
8
3
-9
-7
17
-7
-7
-1
13
7
-21
5
-16
-50
-56
-40
-21
-17
-5
-6
0
-4
-55
-72
-63
-46
-64
-63
-20
-14
-6
-27
-4
-9
-10
1
26
39
6
41
17
5
-1
0
10
15
29
28
15
13
47
15
-4
29
41
23
34
51
38
47
64
45
12
25
23
29
20
-7
29
34
27
29
12
22
3
1
12
26
20
-19
11
8
-11
-12
-32
-16
-7
-13
1
8
-11
-22
-5
-11
-44
-34
-9
-47
-39
-12
-24
-16
-41
-25
-8
-20
-13
-24
-35
-29
4
11
1
-3
-16
12
-8
-16
43
25
26
-3
-10
-27
-69
-32
-3
1
-14
-16
-29
7
-1
2
6
-2
15
-6
-7
-27
-8
-9
4
3
2
25
21
5
-6
11
10
16
24
17
3
18
-4
-11
-9
-13
-12
-13
20
4
0
20
29
-2
9
26
28
19
-7
10
3
9
-18
-16
15
21
50
43
12
9
29
9
5
-4
-15
11
2
0
10
6
-2
-5
-14
-15
11
4
-15
-19
1
1
-24
-4
9
-22
-11
6
-16
-21
-12
5
10
32
18
0
1
-13
-10
-6
-5
-6
10
3
3
-20
-16
-19
-32
6
12
3
-6
5
18
6
27
64
32
27
25
3
-4
-18
-36
-42
8
-8
-17
0
13
29
11
1
-1
9
3
-35
-57
-25
-9
-28
-9
-2
-32
-26
-55
-39
-22
-63
-58
-65
-54
-12
13
-3
-23
-1
-1
-4
-19
-22
26
4
-10
17
-7
0
34
32
28
18
29
41
23
32
44
38
42
36
11
50
47
41
46
44
51
35
55
36
22
25
-1
-26
15
35
1
0
-1
-16
-8
-16
-24
-13
-20
-3
-5
0
9
-2
5
-13
-4
38
48
28
7
3
2
-6
-11
-19
11
-16
-44
-44
-57
-41
-43
-45
-61
-39
-32
-50
-28
-8
-10
-34
-34
-15
-24
-19
-6
9
12
-12
3
-8
17
6
-4
12
-20
-10
-54
-12
2
-13
-3
-3
6
-19
21
20
0
1
-7
-8
-13
1
-3
1
15
19
25
3
2
26
23
22
22
26
27
15
18
36
43
29
34
23
34
24
28
27
1
23
-6
21
-9
-2
28
7
36
36
38
-28
-22
31
25
-9
-19
-16
-35
-25
-19
-19
-12
2
-13
-17
-15
-34
-15
-15
-44
-23
-5
-24
-25
-28
-36
4
-5
-21
6
30
8
-14
9
-8
11
17
5
-25
-38
-8
6
6
10
9
7
8
3
6
-3
-3
-25
-37
-15
16
10
13
34
45
7
-2
33
21
23
6
5
13
18
-6
2
9
-10
-6
-12
-13
-18
-10
-41
-59
-28
1
-6
-7
0
-4
19
34
18
-2
3
0
-7
-15
-16
-23
-32
-44
-20
12
-9
-17
-17
-17
-3
-26
-29
12
23
12
10
23
20
22
5
17
27
3
20
0
16
41
12
20
30
23
47
35
10
9
9
16
60
56
17
32
32
25
12
1
-6
-8
-19
-15
6
-3
3
-7
-13
4
22
23
-38
-46
-25
-50
-54
-54
-50
-42
-28
-38
-33
-7
-12
-4
-1
-22
-25
-18
-39
-29
-56
-49
-37
-21
15
-17
-25
-38
4
-20
-26
13
-8
15
16
11
31
37
6
2
7
-2
6
15
41
53
36
43
48
39
36
45
49
32
38
51
21
1
25
34
38
42
44
17
12
33
0
-12
-6
7
10
7
13
-5
-29
-25
-1
-7
-6
3
-7
-14
-16
-25
-16
-8
-41
-57
-63
-30
-12
-29
-21
-16
-49
-48
-32
-51
-30
-30
-35
-41
-16
12
-21
-22
-2
-17
-18
-10
-3
-13
-46
3
0
7
37
23
10
15
15
8
29
15
28
-13
16
38
13
18
2
50
56
77
41
30
39
30
56
30
28
32
22
28
9
-19
-1
5
10
-10
-12
-32
-40
0
-14
-32
-19
-11
-29
-28
-12
18
8
6
-9
-13
-50
-61
-34
-25
-4
-9
-5
-23
8
-30
-29
-11
0
25
-18
-20
-16
7
10
41
50
6
19
41
23
21
7
-3
11
-3
-9
-32
-24
-13
-19
1
13
18
-6
-3
16
6
-14
1
4
-11
-6
-13
11
16
26
22
-2
7
2
-15
-3
27
3
-6
10
25
26
8
-16
-12
0
-18
-6
1
-17
-32
-9
8
13
-5
13
38
-3
5
20
22
19
15
6
-5
3
-3
-4
3
-19
-22
-28
-35
-46
-70
-41
-46
-35
-28
-21
-35
-46
-7
-19
-14
2
32
32
20
12
9
16
21
24
12
15
11
31
32
9
15
1
4
30
33
47
26
39
29
4
4
5
16
-24
-16
-7
6
19
26
48
30
4
-1
-5
6
4
9
31
-6
9
-12
-6
-6
-29
-27
-20
-12
-68
-35
-32
-32
-25
-25
-33
-62
-9
15
7
-16
-25
0
15
-6
-22
-26
-25
-25
-26
8
19
-9
3
8
16
31
29
10
13
28
13
22
6
11
-1
0
10
-1
24
13
4
25
23
4
14
19
20
22
16
-25
-32
-2
13
4
1
-1
-8
6
8
26
-5
-20
-17
-18
-27
-28
-19
-15
7
29
0
-38
-4
-28
-11
0
1
6
7
30
15
25
17
-25
-19
-10
-18
-35
-37
-7
-47
-30
-23
-35
-25
-11
7
-7
19
27
20
-2
26
44
44
39
46
80
16
12
32
25
18
7
9
-22
-34
-27
-13
16
11
-10
-24
-9
-18
-27
9
11
-10
-13
6
-14
-6
-13
-6
16
8
41
12
-14
3
19
12
-7
10
4
13
9
-26
13
26
13
-3
-1
5
-5
2
6
18
9
4
-5
-4
10
19
-15
-26
-19
-34
-12
-15
-3
7
4
-20
-17
15
-21
-51
-64
-44
-11
-24
-19
-33
-35
-28
-41
-37
-24
5
-8
-6
9
6
13
-3
-3
22
46
44
50
43
18
8
-2
1
23
-3
-2
7
-3
-4
-16
18
26
7
23
64
42
22
44
20
15
24
18
27
28
37
21
16
19
0
-6
-2
22
10
27
25
-5
8
9
-3
-18
-6
-6
-10
5
-6
-23
-2
-19
-31
-64
-35
-5
-50
-15
-38
-41
-41
-42
-20
-26
-9
-28
-12
-6
-35
-46
-24
-6
-21
-28
-34
-3
5
-3
-1
-6
12
14
10
16
17
1
12
11
-6
-7
-21
-12
-22
-12
17
24
54
23
17
31
36
23
13
18
-3
19
0
25
40
12
23
28
29
-2
9
25
13
15
29
13
-3
6
6
0
-21
-23
-13
-16
-41
-58
-32
-32
-43
-28
-26
1
9
5
3
5
20
7
-6
-16
6
-11
-21
13
27
15
-2
10
0
5
1
2
20
26
29
-8
3
15
13
29
29
16
-6
15
7
15
30
-11
-25
-4
11
18
22
19
15
6
-20
0
2
-15
-36
-47
-18
-52
-43
-6
-8
-29
-21
-54
-40
-3
-19
-19
-47
-14
-17
-16
-6
2
0
-10
-3
3
28
45
37
-10
-7
1
19
10
19
25
13
16
-9
-3
6
7
-20
-22
18
19
9
40
42
19
5
14
0
1
-25
-41
4
-1
7
-21
-20
-15
-10
-5
1
2
-3
10
-9
-13
-17
7
-22
-26
-9
-43
-31
-12
-16
-4
0
3
16
41
65
64
44
34
32
-4
15
45
35
16
29
55
32
-3
-2
2
-7
12
25
8
3
28
6
-13
6
9
-9
1
16
-10
-31
-9
-10
-12
3
-25
-26
-23
-10
-13
-31
-21
-25
-35
-42
-49
-42
-29
-40
-34
-21
-10
-6
-2
20
31
0
-26
14
43
34
13
44
26
-15
-6
-22
12
3
-12
3
21
32
7
27
25
-3
-9
5
-22
-42
-35
-37
-63
-65
-24
-19
-22
-36
-41
-45
-33
-9
-10
-8
3
3
2
-16
-13
0
13
38
34
49
50
63
61
65
51
19
38
38
41
29
32
19
-4
39
75
48
35
54
50
11
13
34
-2
4
12
0
-2
17
14
-27
-22
-21
-52
-41
-38
-33
-9
-45
-30
-6
-25
-11
-3
-28
-24
-14
-21
-7
-38
-54
-28
-41
-59
-26
2
-22
-25
-20
-14
-10
7
25
31
39
27
12
8
4
4
19
18
0
-2
12
-13
-21
4
-17
-12
15
24
20
13
-19
-5
0
-9
15
9
3
-13
-15
-20
-3
-5
-5
14
20
3
0
-4
-38
-22
-22
-16
-13
-11
-19
-28
-22
-3
8
-10
19
35
13
4
39
49
6
0
28
41
25
16
36
49
39
7
-16
-13
8
30
2
20
26
10
-6
-1
26
7
2
-15
-9
13
15
6
7
16
22
6
4
3
4
6
1
25
11
-3
4
13
1
10
-23
-26
-9
-7
-21
-30
2
-44
-55
-23
0
-30
-27
-10
-22
-28
-34
-30
-40
-36
-42
-35
-21
-11
-29
-7
13
12
29
0
-12
-35
-23
-10
-28
18
29
7
15
26
17
-35
-45
-12
-10
16
28
12
13
29
44
26
28
16
6
3
26
14
0
32
0
0
4
9
10
13
22
14
15
7
-7
-9
8
-3
-7
-3
16
12
12
-1
10
31
11
21
-13
1
29
19
12
0
11
13
28
21
-16
-19
-6
-5
-25
-20
-4
-27
-7
-3
-31
-31
-11
-21
-38
-9
22
16
-1
12
16
16
8
4
16
19
19
4
-25
-29
0
-12
-38
-15
-16
-38
-18
-13
-29
-19
-4
-5
-16
-11
-14
-23
-17
-3
1
-12
-3
10
0
-12
9
17
19
35
35
25
20
30
33
16
-21
-31
-14
11
0
-14
-10
-2
-20
-16
12
-6
6
12
44
41
27
47
7
-8
1
-4
2
-6
-17
-24
-37
-28
-59
-54
-9
-25
-44
-64
-32
-23
-6
24
-3
24
19
10
8
22
3
-4
38
60
53
29
53
41
35
19
25
31
32
17
-15
9
-6
6
3
16
18
-12
-3
21
11
3
-2
6
13
-1
-8
-46
9
33
-17
-18
-19
-34
-18
-6
-9
-17
-18
5
-9
-10
-1
1
-6
-12
-15
-3
0
-18
-22
-14
-19
-37
-42
-10
-10
-20
20
3
6
17
25
23
20
22
7
-6
-4
-10
-24
9
12
5
-3
-1
-10
-10
-20
-21
-27
-31
-1
-24
-10
-18
-22
-23
-10
-16
-31
-44
-53
0
-6
34
39
17
15
2
-3
11
40
45
60
23
32
29
1
16
16
11
19
-23
-9
16
-14
0
-17
19
24
35
37
46
33
-3
28
21
22
6
14
13
21
37
32
44
16
-6
-6
5
17
-1
3
-18
-34
-10
-17
-4
-11
-13
-37
-22
6
12
7
-21
3
0
9
10
-10
-28
-29
-24
-23
-31
-42
-37
-35
-42
-42
-55
-71
-27
-1
-11
-44
-47
-45
-55
-41
-22
-19
-18
-27
-16
-1
-8
23
14
22
41
23
5
-9
17
30
42
58
29
34
41
29
45
39
31
22
52
50
49
51
26
50
39
26
4
-22
2
10
4
17
-9
-6
19
-5
-16
-14
-32
-35
-30
-22
-3
-38
-16
-15
-44
-19
-44
-16
-9
1
-13
-54
-3
12
16
-9
-12
-15
-13
3
-25
0
13
5
-6
5
11
-9
-13
4
19
-11
-7
23
46
47
44
26
14
23
42
41
17
14
26
19
-6
-4
-17
-24
-17
-17
-31
-28
-18
-22
-7
-6
-39
-15
23
-1
3
4
12
-12
-19
-7
-29
-36
-9
10
11
26
5
11
3
5
15
-4
-34
-41
-12
-33
-20
-3
-13
-3
5
-17
-10
-19
-34
-13
22
31
11
21
31
28
7
21
36
12
2
27
4
6
23
-21
-14
26
15
3
16
-1
5
-8
-10
-10
-13
7
14
-4
-3
17
13
0
10
13
2
7
-26
-30
-44
-28
-23
-23
-6
-13
12
16
27
4
-9
13
15
-3
-5
-9
-5
-9
-37
-23
-19
10
1
10
29
-12
-35
-35
-22
-14
4
-10
-10
-1
17
26
-1
-1
1
-4
-1
6
4
-5
4
16
25
24
17
-1
13
37
34
56
25
16
36
38
20
1
28
22
15
14
10
17
20
30
40
43
26
2
9
-13
-45
-48
-28
-26
-54
-39
-37
-38
-24
-19
-35
-20
-10
-22
-35
-54
-32
-11
-10
-29
-3
-32
-37
-22
-28
-3
-22
-20
-25
-19
-34
-34
-32
-18
13
-5
28
7
-13
-3
12
17
15
39
23
16
21
22
34
14
20
28
4
9
16
-2
-12
10
13
8
18
24
11
21
-7
-27
-3
16
57
50
25
56
65
46
32
1
19
5
15
18
8
0
4
10
-15
-1
4
-16
-33
22
-12
-34
-50
-35
-7
-11
5
-18
24
-10
-10
-9
-3
8
-6
20
16
-6
-13
8
-3
-5
4
15
5
-25
-28
-33
-25
-4
-19
-7
-21
3
-10
-33
1
-14
5
-1
-3
-24
-19
-38
-47
-21
-26
-16
-16
-13
-11
10
-17
-20
6
14
29
5
-3
16
-9
-8
-8
-7
15
-9
-22
-29
-12
-11
-25
-2
23
7
-6
16
28
12
14
19
-7
13
21
-7
6
29
29
22
34
32
42
65
73
86
65
47
28
28
17
4
11
22
28
1
8
-15
5
26
16
-6
-30
-15
-24
-23
-38
-19
4
-17
-3
-2
-24
-33
-45
-29
-60
-65
-29
-10
5
-16
21
6
-6
20
6
3
-4
5
-12
-50
-13
-22
-21
3
-28
-12
-3
-36
-62
-19
4
-13
-47
-63
-31
-17
2
23
-4
16
39
17
14
22
38
22
13
35
57
19
37
34
24
43
22
30
4
15
-13
-11
-4
-32
-22
-23
-19
-26
-12
-17
-35
6
25
10
15
-4
39
55
13
-12
-23
-9
-13
6
-1
-9
-19
-25
-24
-23
7
4
7
-3
-1
13
34
34
6
11
24
34
42
59
36
18
34
23
3
13
27
19
12
26
10
-19
-24
-24
-5
-15
-40
-22
-19
-51
-61
-50
-40
-44
-45
-36
-40
-17
3
-7
-11
-20
16
23
-13
4
17
12
12
20
1
-3
-28
-36
-16
-9
12
-18
0
18
9
11
9
5
10
2
-2
9
-18
3
5
3
4
-1
5
-7
-1
-3
3
11
10
-10
-3
12
4
12
14
6
34
34
14
0
-15
13
23
11
8
41
40
19
17
22
15
11
11
2
-12
-21
8
-29
-6
1
-13
-6
1
33
10
9
0
21
9
-23
-27
-19
-18
-13
-2
17
20
-16
-13
-14
-5
-31
-26
-16
-14
3
-23
-29
-6
-20
-38
-9
4
1
4
11
4
9
0
9
15
8
39
17
25
38
12
9
-10
-16
-14
-28
-56
-50
-47
-52
-34
-57
-23
-30
-40
-19
-23
2
6
31
31
7
9
32
8
20
29
50
58
14
26
24
17
-1
28
19
20
15
19
15
-36
-4
-22
-5
8
7
24
10
0
-12
-17
-2
19
-2
-6
12
18
20
10
0
24
12
10
15
-2
14
7
-6
6
8
-8
9
-3
9
10
-1
-7
-27
-14
-41
-61
-52
-10
-2
-13
17
9
-23
-6
-5
-7
17
16
7
-9
4
-10
-14
-3
6
4
-4
-3
-14
-14
-34
-36
-16
-29
-17
-18
-18
13
2
6
-2
8
34
50
45
21
32
15
2
25
10
19
35
-10
14
37
16
-6
13
28
-10
-18
-37
-32
-28
-10
-7
-19
-3
-14
-7
-3
-20
-45
-44
-7
0
-10
-13
-9
-46
-50
-17
-39
-9
10
-1
6
-17
-10
-28
-8
32
33
52
54
73
46
28
23
25
37
8
59
66
29
24
16
4
1
1
2
2
10
31
4
-25
-45
-37
-28
-22
-12
-16
-3
-10
-2
23
-16
-35
-7
8
34
14
18
38
32
13
3
-10
-34
-10
4
20
34
0
-2
-6
-54
-77
-67
-16
-16
-10
17
0
-41
-66
-49
-38
-1
10
32
34
-10
-28
-38
-50
-36
-1
-6
6
6
-8
-25
-28
-38
-5
25
-8
19
16
10
-2
16
26
10
39
43
56
47
88
80
41
35
17
9
-16
-16
-32
-3
3
-6
-4
-51
-51
-67
-47
-9
-4
19
31
24
-10
8
7
8
54
76
79
49
22
-9
-26
-2
2
6
23
19
38
30
1
-16
-36
-22
21
38
22
41
42
35
-2
-38
-42
-32
-2
-31
-14
-12
-49
-57
-96
-85
-103
-95
-52
-28
0
0
-14
-43
-50
-62
-30
13
26
47
64
35
-2
-12
-34
-25
6
43
59
66
14
-7
-13
-34
-7
-12
41
66
45
32
1
-34
-32
-20
-8
37
54
37
34
29
0
-10
-37
-42
13
47
13
40
77
43
11
-13
-13
-37
-10
7
23
25
-18
2
-4
-9
10
16
28
59
63
47
23
-29
-47
-62
-38
5
-3
29
34
4
-39
-71
-55
-98
-73
-8
19
36
19
-12
-32
-33
-32
0
28
66
85
95
44
-32
-38
-15
-11
2
54
54
59
29
-10
-59
-98
-85
-76
-35
-12
8
-19
-43
-62
-72
-80
-82
-29
5
47
30
12
13
-14
-11
-15
12
26
57
72
41
8
-24
-53
-79
-47
-16
29
53
55
42
24
-14
-22
32
51
88
88
105
94
37
-25
-41
-34
-19
34
56
73
20
-8
-41
-115
-135
-70
-30
-13
47
59
13
-21
-39
-73
-73
-18
72
114
126
117
57
-10
-36
-48
-40
37
75
65
57
16
-40
-86
-91
-59
-44
-1
44
56
9
-21
-60
-98
-40
-14
0
80
120
83
27
-24
-73
-105
-111
-54
3
-4
1
-2
-62
-106
-110
-109
-76
-9
23
45
44
7
-8
-37
-50
-10
43
103
137
122
82
24
-13
-15
-11
4
44
73
56
17
-36
-67
-90
-90
-19
-9
28
71
63
38
-21
-17
-34
-14
9
31
82
66
38
12
1
-27
-45
-20
20
27
42
39
1
-32
-89
-114
-78
-50
-9
43
42
48
40
2
-29
-31
-7
43
62
75
87
50
17
-44
-67
-50
-15
15
32
44
11
-5
-44
-63
-35
-28
40
76
68
41
-19
-24
-48
-42
-6
-19
18
42
7
-15
-27
-57
-84
-79
-64
-31
-34
-36
-7
-27
-30
-21
-41
-26
-8
17
43
18
5
0
0
0
6
35
66
60
35
6
-22
-4
2
1
5
19
31
22
-2
23
19
-2
29
53
75
69
83
44
10
9
16
10
-12
7
13
3
-31
-68
-94
-81
-68
-56
-41
-6
10
-38
-7
-5
13
24
17
53
61
76
69
42
-22
-10
5
-7
-13
-10
5
-46
-44
-40
-60
-72
-66
-44
-6
-31
-69
-43
-25
-28
-22
11
19
40
25
48
58
37
43
45
28
14
35
29
39
26
14
0
-14
-27
-35
-27
-52
-44
-26
-6
0
-7
3
-2
3
20
34
56
55
45
44
24
-12
3
8
0
-1
-5
-9
-23
-15
-44
-31
-26
-41
-22
-6
4
4
5
-17
-7
5
3
-3
-5
10
24
51
18
2
5
4
19
-9
10
15
-14
-9
-6
-12
-30
-34
-23
-7
-8
12
38
21
17
15
3
1
13
13
7
16
19
3
-22
-37
-19
-5
-30
-22
-13
-40
-47
-51
-54
-32
-18
-31
-11
10
-2
12
19
20
29
49
33
5
30
47
50
36
22
12
19
40
12
0
-1
-4
15
-7
-13
-17
-43
-5
7
-23
9
-3
-11
6
4
15
-9
2
16
11
7
11
-10
-9
17
6
-4
-43
-32
-31
-40
-20
-1
-32
-31
29
6
4
-15
-23
-4
5
17
3
22
32
17
17
-12
-44
-10
15
9
19
31
2
-19
-20
-25
-4
2
31
50
25
0
-11
-9
-13
-14
20
25
0
17
-14
-16
-3
-1
7
13
38
26
-1
7
24
24
55
9
-33
-34
-42
-30
-22
-26
-35
-31
-53
-41
-48
-50
-17
16
39
67
57
1
-28
-60
-53
-6
-10
14
42
20
-3
-13
-2
-5
36
66
79
79
73
60
9
-10
-11
-36
-50
-35
-53
-37
-22
-19
-28
-53
-46
-57
-33
29
69
72
77
38
-31
-34
-36
-43
-12
45
72
68
38
-35
-79
-86
-45
52
123
141
109
51
-15
-67
-103
-97
-51
8
28
28
13
-50
-76
-80
-62
-12
28
54
54
59
51
-10
-10
-28
-50
-8
-3
34
65
45
20
-20
-62
-84
-71
-14
54
79
90
80
24
-19
-63
-72
-13
47
83
69
16
-23
-51
-60
-40
-47
-10
2
-3
49
47
13
-54
-84
-84
-58
-19
19
18
7
21
-13
-35
-69
-76
-47
16
96
126
109
67
-1
-16
-1
7
25
46
51
17
18
-29
-63
-74
-67
-61
-43
9
27
81
61
26
10
-50
-79
-78
-46
16
101
122
95
4
-117
-158
-110
0
97
180
184
91
9
-45
-54
-57
-7
58
98
98
-3
-101
-160
-193
-147
-63
19
51
15
-11
-43
-71
-57
-20
-3
9
29
40
23
30
25
38
45
11
-21
-25
19
31
81
88
63
38
14
-20
-50
-13
26
90
77
51
2
-23
-13
-16
-1
-12
21
60
54
14
-55
-129
-112
-48
3
17
30
22
-26
-15
-19
-29
-21
-20
-2
6
-1
1
-2
5
28
26
-32
-38
-19
-20
16
34
40
-1
-50
-86
-143
-154
-104
-52
-55
-26
-29
-83
-67
-61
-51
-25
63
119
122
154
113
56
19
28
35
26
76
97
82
94
53
9
-13
-12
28
55
98
130
71
23
-11
-84
-92
-62
-14
-9
26
18
-51
-57
-69
-36
14
55
57
44
-13
-37
-19
-14
4
-16
-43
-93
-125
-139
-103
-44
26
73
78
23
-49
-37
29
145
201
201
134
35
-65
-131
-127
-74
18
74
54
-10
-99
-198
-176
-102
-22
61
84
40
-16
-54
-75
-73
-55
4
34
27
4
14
7
6
61
47
50
23
-23
-14
-18
26
52
28
-16
-98
-146
-114
-47
35
104
137
129
61
3
-43
-19
25
70
136
111
59
-23
-79
-107
-89
-57
-15
35
37
28
-25
-48
-67
-50
-34
-14
31
44
73
32
11
3
20
59
94
98
98
100
49
42
4
-26
-66
-85
-78
-64
-74
-98
-61
-41
2
-4
-20
-6
8
29
46
80
105
88
54
25
-9
-41
-53
-51
-19
6
1
-23
-82
-104
-120
-118
-58
14
58
44
4
-47
-113
-112
-43
7
62
108
87
28
-30
-40
-7
38
97
97
61
25
-28
-92
-86
-44
-18
22
-7
-70
-114
-97
-35
37
106
144
127
99
69
34
50
70
114
143
111
-6
-120
-154
-138
-52
-2
7
-13
-32
-58
-126
-129
-44
51
109
124
81
-5
-39
-20
13
85
143
117
70
-28
-107
-95
-82
-38
4
-13
-65
-106
-134
-120
-69
-32
13
10
-15
-13
3
41
89
120
110
82
65
81
38
12
29
37
69
66
25
-63
-101
-111
-94
-75
-53
-79
-50
35
0
-7
-16
-7
47
118
136
93
53
15
-1
-18
-25
-46
-47
-37
-45
-75
-120
-108
-79
-51
-16
1
13
19
36
43
36
27
50
109
107
61
-4
-10
32
74
151
104
29
-54
-107
-78
-37
15
27
17
-50
-94
-133
-152
-80
17
85
85
75
38
-15
-9
12
50
98
140
111
24
-37
-112
-142
-183
-165
-72
-50
-48
-53
-62
-86
-51
-15
29
72
74
92
48
22
6
10
69
80
82
45
-2
-17
-12
6
-4
4
-57
-111
-101
-47
-25
-70
-43
-2
54
69
76
90
95
111
136
143
130
169
165
102
35
-9
-63
-51
-28
-18
-42
-92
-133
-154
-139
-131
-89
-86
-54
-51
-100
-103
-66
-5
49
58
25
22
35
50
71
75
77
76
69
66
32
-30
-75
-75
-51
-12
-28
-23
-6
-52
-47
-7
-4
28
89
128
152
117
42
-25
-33
-35
-11
10
-13
-42
-85
-76
-49
-31
-51
-88
-73
-46
-23
4
12
2
31
44
32
18
-4
22
67
101
127
134
69
-3
-64
-113
-89
-49
-12
-13
-9
-101
-159
-113
-87
-25
26
66
58
34
-4
-33
-5
29
64
114
124
106
65
81
115
111
148
81
-2
-89
-138
-127
-78
-19
-16
-44
-126
-129
-119
-70
-12
71
130
122
109
37
-23
-49
-43
-3
73
111
115
60
-17
-85
-117
-67
18
104
104
36
-44
-97
-122
-82
-69
-53
-41
-69
-23
2
4
-1
15
9
44
65
15
28
0
-19
-7
-30
-60
-121
-144
-104
-76
-30
-4
9
32
65
100
114
101
80
90
98
110
116
113
76
47
9
-57
-97
-61
-10
43
80
15
-86
-148
-143
-113
-40
-2
-20
-34
-26
-47
-67
-54
-41
18
121
174
174
129
32
-18
-34
-9
14
3
-43
-85
-66
-58
-26
19
24
11
22
31
-3
-1
19
38
78
66
53
8
-24
-43
-28
43
70
82
16
-69
-150
-201
-160
-94
-17
5
-33
-97
-143
-123
-67
21
89
121
130
89
45
25
25
37
105
138
141
97
20
2
-37
3
42
31
-17
-63
-78
-99
-101
-88
-63
-48
-30
-41
-51
-29
48
110
127
132
69
38
79
97
80
14
-34
-73
-111
-97
-82
-77
-76
-39
-29
-73
-120
-108
-76
-7
69
85
59
19
33
34
96
157
153
95
22
-16
-73
-61
-6
22
33
23
-23
-73
-124
-154
-142
-104
-9
49
15
-30
-32
-11
60
141
173
190
180
141
60
3
-10
-12
13
31
-9
-143
-229
-201
-142
-93
-51
-34
-57
1
28
-1
-26
-35
-3
65
154
127
64
-6
-8
76
163
182
99
-12
-78
-66
-78
-54
-42
-34
-9
-38
-87
-103
-107
-63
34
98
134
70
38
57
51
57
80
91
63
35
-38
-101
-120
-107
-67
-22
-6
-66
-130
-146
-110
-56
-7
13
7
37
61
55
39
68
105
152
199
167
54
-39
-82
-69
40
96
78
-10
-85
-137
-165
-171
-168
-95
-37
7
-28
-101
-151
-137
-53
41
119
162
158
144
122
67
25
-15
31
71
95
29
-78
-136
-188
-112
-40
35
28
13
44
9
22
42
57
67
67
73
51
12
-7
24
111
151
116
9
-94
-151
-169
-128
-97
-47
-34
-37
-79
-126
-152
-176
-94
17
144
206
194
141
113
88
63
106
160
236
227
146
46
-85
-153
-125
-77
-65
-56
-57
-85
-144
-174
-147
-91
20
93
112
89
-15
-44
-19
3
-3
-16
19
36
17
-26
-68
-139
-140
-86
-29
-19
-73
-94
-85
-49
-45
-14
-2
10
35
-1
-5
-10
60
183
232
224
167
50
-37
-31
5
12
-13
-12
-25
-75
-153
-208
-208
-119
13
97
106
37
-19
-33
-3
27
83
181
220
196
129
82
32
12
64
129
135
74
4
-56
-117
-125
-90
-66
-39
-46
-35
-101
-158
-105
-17
77
95
52
-6
-41
-55
-29
31
79
57
18
-7
-19
-26
-29
-76
-102
-40
-22
-47
-101
-187
-258
-148
54
165
157
91
43
2
24
22
38
137
213
227
123
17
-69
-82
-19
51
95
39
-24
-81
-88
-129
-165
-122
-47
-29
-37
-39
-43
-58
-77
41
92
77
63
91
127
95
69
62
-1
-51
-42
-68
-68
-111
-124
-117
-80
-53
-60
-69
-47
18
74
166
142
108
80
75
63
19
41
35
21
-6
-17
-10
-16
35
88
42
-79
-135
-89
-32
24
22
-31
-104
-155
-132
-15
132
156
130
90
35
-12
-53
31
108
138
157
82
-53
-230
-236
-127
-15
60
28
20
-29
-66
-60
-44
22
55
88
75
0
-77
-117
-26
85
184
225
123
11
-70
-95
-80
-47
-18
-38
-57
-116
-190
-199
-113
4
45
72
55
-33
-92
1
119
125
109
67
53
54
25
7
-11
0
-10
10
98
121
49
-4
26
-3
-79
-76
-36
-32
-69
-94
-95
-41
-37
-3
91
82
31
32
106
72
3
-52
-107
-97
-87
-33
-9
-62
-64
-17
-1
9
0
25
68
28
-23
-28
-8
16
62
108
85
-57
-124
-13
75
123
147
146
97
-19
-75
-55
12
25
30
22
-75
-180
-193
-62
57
112
104
59
-17
-78
-39
27
53
40
24
-3
-46
-45
-34
-49
-70
-62
9
45
53
11
-21
-20
-57
-63
-15
-8
-79
-61
-31
-14
-16
-26
0
35
72
89
110
76
19
-3
38
45
35
26
46
26
-5
-19
-69
-38
-22
22
27
-29
-32
-15
41
92
117
142
77
-5
-54
-62
-12
-15
15
33
-11
-60
-97
-61
-5
18
45
-25
-113
-130
-83
-34
-1
40
43
4
-65
-42
23
73
94
116
67
-22
-39
-8
24
-20
-90
-92
-63
-57
-85
-117
-98
-112
-47
13
28
9
-19
34
20
6
19
44
66
72
99
144
98
69
78
88
45
-6
10
-15
-47
-88
-69
-73
-79
-60
23
72
75
114
77
-18
-104
-47
45
115
122
69
19
-55
-111
-95
-62
-3
70
124
66
-99
-186
-179
-48
53
68
56
1
-63
-40
-1
45
73
129
212
141
57
-26
-17
22
44
83
61
-25
-165
-197
-111
-53
-1
3
-60
-131
-151
-31
38
89
125
76
52
-38
-78
-48
-41
-5
20
10
-100
-196
-171
-60
54
101
99
48
-22
-129
-150
-127
-78
-22
54
114
12
-87
-57
59
152
215
212
150
85
63
42
42
5
-12
33
-41
-109
-147
-94
-34
-38
-15
-2
-15
-37
-1
39
6
9
84
118
70
-2
-9
10
42
83
107
85
38
-38
-100
-122
-106
-50
19
54
-34
-125
-134
-74
29
92
92
47
-53
-87
-106
-78
15
73
180
190
123
-25
-112
-91
7
117
120
78
-15
-104
-130
-58
39
80
102
105
48
34
38
89
98
67
34
22
-35
-129
-144
-146
-106
-139
-143
-130
-148
-155
-137
-96
-65
-95
-66
-2
26
47
43
91
54
57
70
58
46
81
169
195
155
53
16
16
21
24
41
40
22
8
-65
-146
-169
-165
-76
-32
-41
-34
-20
54
13
0
-1
8
79
98
111
23
-47
-101
-96
22
15
-65
-156
-155
-51
40
112
96
47
-15
-14
59
96
151
174
257
258
161
96
57
134
168
204
170
76
-16
-116
-85
-40
5
-6
-69
-169
-268
-249
-260
-215
-114
-64
3
-57
-103
-153
-169
-82
-21
83
47
-37
-149
-161
-127
-148
-101
-97
-83
-68
-47
-96
-189
-216
-181
-102
-37
9
52
49
70
104
129
141
121
109
105
142
124
85
91
105
130
110
92
105
120
121
68
56
54
92
132
104
91
66
119
146
145
131
105
146
164
146
157
174
126
57
40
-7
-103
-48
84
139
66
-41
-54
-3
67
72
138
172
107
56
0
-41
-82
-92
-36
-25
-116
-145
-102
-82
-92
-154
-170
-198
-267
-257
-181
-112
-177
-269
-309
-311
-287
-271
-194
-148
-190
-273
-354
-352
-318
-306
-295
-322
-331
-291
-259
-267
-295
-239
-152
-102
-54
-54
-58
-21
52
97
76
105
199
266
219
148
60
-6
8
-40
-109
-183
-248
-248
-264
-338
-332
-169
58
291
381
427
574
752
904
959
959
1021
1235
1522
1626
1473
1365
1521
1743
1780
1698
1401
984
722
685
811
742
442
-31
-449
-585
-530
-581
-1003
-1467
-1633
-1648
-1690
-1726
-1704
-1778
-1918
-1689
-1158
-946
-1190
-1168
-795
-615
-685
-612
-326
-234
-179
-69
-15
-47
24
194
217
327
562
404
-138
-244
364
672
223
-102
25
-39
-372
-197
156
-172
-795
-737
-118
-17
-433
-527
-293
-296
-350
-39
213
35
-215
-152
59
196
337
426
400
432
573
671
668
643
629
489
351
362
333
67
-347
-543
-540
-605
-724
-680
-533
-504
-594
-478
-194
-80
-123
-38
432
942
1100
999
1101
1413
1826
2311
2587
2510
2400
2641
2928
2993
2700
2338
2119
1986
1938
1827
1615
1162
516
-55
-270
-129
-390
-1310
-2102
-2303
-2238
-2499
-2648
-2755
-3314
-3692
-3318
-2560
-2616
-3018
-2750
-2200
-2164
-2419
-2031
-1578
-1601
-1446
-809
-444
-597
-416
72
196
240
749
1117
709
476
1100
1421
796
325
696
865
436
366
637
301
-626
-707
13
68
-473
-570
-258
-334
-555
-264
90
-118
-402
-74
483
553
385
488
630
580
643
1073
1424
1290
1073
1067
1190
1323
1451
1439
1200
997
1064
1197
999
667
474
363
57
-169
-104
-287
-825
-1187
-1117
-1118
-1294
-1304
-1109
-1118
-1263
-994
-493
-277
-341
-30
572
782
769
1034
1584
1979
2212
2485
2543
2512
2619
2740
2657
2402
2190
1931
1614
1364
1364
1320
834
107
-260
-275
-548
-1241
-1954
-2349
-2689
-3021
-3035
-2819
-3096
-3848
-4011
-3296
-2773
-3005
-3140
-2670
-2323
-2478
-2408
-1833
-1374
-1331
-1224
-904
-607
-347
-89
10
19
330
788
800
621
905
1379
1239
779
883
1140
879
563
858
1117
639
136
403
867
669
296
355
493
354
314
495
471
255
219
412
511
525
759
821
451
331
704
1044
1003
913
1074
1033
809
1003
1417
1235
733
786
1131
988
553
544
694
264
-321
-173
73
-407
-1103
-1285
-1288
-1784
-2112
-1755
-1498
-1817
-1943
-1261
-736
-907
-872
-201
303
216
416
992
1176
1158
1774
2626
2623
2224
2510
3162
3091
2612
2581
2634
2112
1545
1705
1889
1366
651
302
30
-555
-1006
-1278
-1860
-2642
-3120
-3118
-3039
-2979
-3232
-3674
-3692
-3199
-2718
-2798
-2840
-2497
-2225
-2305
-2273
-1789
-1394
-1225
-1037
-749
-515
-247
72
10
-112
278
824
774
499
820
1210
848
421
811
1206
785
473
982
1207
573
234
818
1080
423
70
458
576
207
312
796
716
203
161
517
660
703
925
967
632
602
1022
1302
1189
1082
1151
1057
947
1169
1354
1079
742
786
908
721
612
679
471
-37
-265
-66
-130
-472
-689
-735
-987
-1269
-1119
-994
-1303
-1704
-1694
-1509
-1490
-1498
-1249
-873
-706
-561
-183
312
567
793
1050
1124
1088
1186
1656
2020
2020
1867
2083
2499
2610
2380
2020
1769
1374
1084
1119
1155
770
174
-275
-584
-992
-1331
-1460
-1836
-2548
-3134
-3031
-2790
-2770
-3041
-3336
-3330
-3133
-2716
-2340
-2123
-2125
-1844
-1446
-1405
-1355
-893
-341
-334
-596
-362
283
585
390
292
705
824
491
464
1018
1442
1221
1002
1017
1021
853
883
1147
1065
652
462
638
791
710
640
572
318
173
380
711
653
349
258
314
386
613
946
893
484
287
428
651
698
688
626
431
213
255
554
448
20
-189
-110
-147
-122
-5
-85
-191
-306
-171
113
186
49
78
135
8
5
116
106
-129
-293
-206
-120
-273
-391
-321
-319
-539
-651
-572
-568
-557
-323
103
224
189
297
452
611
596
626
823
856
736
897
1193
1171
1087
1332
1603
1417
979
785
852
572
118
81
102
-421
-1059
-1029
-863
-1212
-1806
-1951
-1956
-2414
-2764
-2411
-2019
-2351
-2569
-2083
-1678
-1894
-1834
-1230
-954
-1154
-1082
-503
-334
-599
-518
-25
103
-118
64
457
478
262
378
619
447
273
623
993
875
566
626
706
553
562
765
872
540
459
742
843
752
631
774
748
551
604
826
858
611
597
644
490
433
476
508
385
291
395
435
325
268
378
382
218
200
300
253
152
166
171
84
94
235
265
103
39
129
155
86
192
436
349
121
202
572
635
407
378
471
469
318
328
373
111
-265
-358
-265
-495
-940
-1059
-976
-1082
-1289
-1148
-917
-1070
-1170
-956
-548
-501
-594
-319
-44
14
63
294
424
508
719
968
1074
925
786
878
833
628
611
603
423
5
-372
-588
-805
-943
-1127
-1288
-1446
-1643
-1834
-1929
-1799
-1761
-1768
-1635
-1437
-1290
-1221
-1159
-1025
-1007
-1014
-758
-403
-356
-540
-426
-297
-220
-194
-14
307
288
273
507
828
881
869
1089
1197
1200
1344
1595
1761
1622
1495
1523
1439
1243
1113
1190
1037
855
792
715
603
366
329
239
128
51
111
152
94
124
-9
12
4
48
199
252
336
336
367
394
461
521
441
424
549
675
660
580
620
619
497
448
434
456
419
338
243
157
13
-127
-117
-181
-181
-268
-368
-442
-619
-717
-769
-823
-1010
-1169
-1336
-1568
-1686
-1894
-2070
-2156
-2193
-2058
-1956
-1777
-1626
-1464
-1257
-1069
-678
-334
-48
147
338
601
836
1177
1383
1403
1448
1553
1624
1551
1530
1528
1436
1228
997
1009
791
277
-104
-381
-613
-873
-1048
-1155
-1365
-1664
-1721
-1568
-1476
-1302
-1108
-1040
-917
-744
-582
-504
-511
-433
-297
-101
72
372
482
446
495
620
814
776
808
896
1007
1071
1167
1194
1092
1078
1047
1136
1056
1057
1083
853
632
410
389
228
7
-65
-115
-178
-336
-414
-373
-492
-586
-506
-578
-455
-489
-317
-151
-219
-64
0
199
282
409
547
665
694
748
833
827
757
751
788
712
833
645
669
492
165
203
93
114
-50
-30
-110
-211
-314
-451
-248
-374
-388
-263
-287
-289
-418
-443
-307
-496
-501
-477
-580
-735
-1031
-1015
-1175
-1540
-1840
-1957
-1983
-2132
-2072
-1801
-1780
-1600
-1313
-988
-594
-531
-184
146
270
632
913
1154
1320
1193
1373
1554
1657
1902
1834
1927
1810
1667
1667
1345
1188
826
546
435
177
23
-321
-592
-852
-1134
-1233
-1198
-1137
-1205
-1298
-1081
-857
-937
-773
-525
-411
-439
-424
-111
112
-89
56
238
240
211
270
773
610
489
552
708
689
442
704
840
689
568
754
768
644
227
373
368
21
108
43
173
-275
-385
-338
-389
-500
-523
-235
-324
-509
-405
-332
-423
-182
-384
67
-117
-57
363
143
502
107
445
515
502
823
560
839
601
560
967
615
876
684
490
814
358
715
482
318
254
-82
193
-191
-230
-308
-483
-269
-638
-574
-511
-833
-647
-1093
-739
-1055
-1263
-1000
-1554
-1095
-1853
-1599
-1860
-2248
-1774
-2218
-1463
-1769
-1518
-942
-897
-106
-162
529
1004
856
1523
1367
1835
1900
1569
2088
1829
1901
1875
1862
1982
1683
1532
1638
1517
1176
792
616
441
-141
-321
-579
-780
-1074
-1480
-1369
-1690
-1902
-1685
-1628
-1518
-1583
-1331
-929
-756
-599
-294
-22
12
187
28
215
-4
64
282
146
585
288
661
423
488
716
459
958
596
820
591
447
729
391
507
273
332
357
-41
119
-168
-324
-481
-614
-488
-663
-658
-606
-411
-519
-397
-226
49
-70
-243
164
13
402
241
374
632
115
825
594
738
605
186
1012
428
826
711
394
711
-126
507
304
330
370
-174
433
-146
141
-50
-165
-29
-482
44
-313
-125
-283
-338
-139
-470
-128
-311
-218
-337
-619
-570
-977
-935
-946
-1278
-1319
-1805
-1740
-1866
-2078
-1611
-1960
-1524
-1595
-1143
-525
-538
446
423
1199
1129
1386
2089
1784
2257
1737
2060
2186
2094
2472
2035
2103
1972
2010
2291
1767
1544
1017
368
41
-710
-834
-1381
-1677
-1834
-2135
-1951
-2264
-2116
-2142
-2208
-2208
-2002
-1480
-1090
-784
-864
-483
-363
-181
78
-18
336
131
200
386
345
763
639
820
795
626
962
1084
1361
1032
687
699
584
736
476
513
481
313
457
346
558
29
-132
-438
-619
-518
-1120
-453
-822
-564
-738
-1133
-259
-902
-68
-318
-228
109
-638
501
-105
335
267
-147
875
-47
921
551
581
992
-95
1231
383
910
654
166
957
-408
541
-124
130
167
-508
470
-274
285
101
-66
275
-272
166
7
-52
185
-116
123
-291
-697
-592
-1058
-1326
-1804
-2152
-1963
-2603
-2571
-2684
-2538
-2136
-2241
-917
-692
573
1206
1864
2635
2174
3253
3232
4068
3681
3458
3860
3595
4188
3611
3631
2882
2482
2574
2177
1738
350
-356
-954
-1822
-2846
-3810
-4321
-5003
-5484
-5619
-5550
-5219
-4818
-4042
-3895
-3900
-3089
-1898
-862
-619
-143
344
662
959
1273
1616
1412
1442
1855
2113
2170
2056
2384
2325
1872
1607
1764
1736
1192
1042
668
613
152
217
420
110
142
-36
89
-210
-443
-457
-551
-885
-1122
-1343
-1125
-796
-855
-825
-1037
-590
-557
-284
38
0
202
-228
53
232
196
430
322
589
515
694
1110
965
1030
800
911
840
908
1073
712
349
174
362
351
329
-74
173
-72
263
689
743
739
229
796
456
515
192
370
438
-387
-171
-567
-508
-1449
-2008
-2255
-3231
-3495
-4488
-3710
-3896
-3399
-2426
-2157
-229
-67
2670
3621
4391
4406
3678
5926
5673
6590
4447
3907
4443
4402
5776
4075
3248
1223
1594
2166
464
-1559
-3845
-3766
-4856
-6598
-7812
-8784
-8905
-8926
-8294
-7812
-7832
-6008
-3730
-2578
-2813
-1934
612
1765
2027
2302
3124
3058
3082
3367
3247
2348
2269
3550
3209
2056
1568
2531
2171
934
314
225
-557
-1341
-358
-279
-828
-1408
191
996
538
1354
2121
2496
816
892
1706
1059
34
-739
-360
-1187
-1708
-615
-81
-697
-1399
-659
412
-308
-641
-335
-172
-722
-1495
-334
257
-8
-315
364
1629
1498
1638
2171
2519
2027
1312
1780
1831
1006
425
559
664
-55
-165
569
495
-302
-238
568
499
-504
-363
802
404
-303
-200
419
-62
-1711
-1444
-2032
-3451
-5065
-5693
-5525
-7473
-6868
-5593
-3542
-2649
-1291
2506
3802
6360
7060
9031
7173
5773
7745
8079
8179
2856
3919
5124
7335
6527
3253
2752
235
2369
400
-1735
-6221
-9209
-8661
-9797
-11121
-13510
-13720
-11613
-9224
-8531
-7274
-4969
-229
1405
1742
2018
3585
5465
4737
5147
3774
2644
2653
3705
3053
953
67
2619
2859
-145
-634
91
613
-2539
-3521
-3249
-4306
-4646
-2896
-470
-1031
-577
3034
6398
5618
5594
7544
8300
5366
2745
3980
2235
-405
-2255
-2054
-1937
-4567
-2914
-697
-1590
-3466
-3367
-417
-976
-3410
-3366
-1870
-1633
-3455
-2166
1079
1537
1459
2441
4901
5044
3353
4458
4923
3293
753
774
1857
-2
-1495
-883
46
-861
-1261
687
1385
-145
-756
576
1007
-657
-963
400
406
-871
-637
308
226
-1336
-2117
-1846
-4247
-5118
-6182
-6111
-7244
-7902
-4135
-2604
28
978
5169
8773
9350
10464
8852
7922
6564
7380
8296
4022
376
2326
7121
9455
3454
645
68
1213
1487
-2867
-5977
-12586
-12470
-11317
-11804
-14466
-16992
-12105
-7250
-5746
-5182
-1921
3053
6553
4848
4247
4454
5725
5249
3330
2701
440
631
690
641
-1126
-2934
-975
1185
-2006
-5668
-4567
-2363
-2704
-6337
-6036
-3928
-3248
-1230
2326
4917
4292
5328
9970
11233
8980
8296
9142
8249
2998
1479
2576
509
-2544
-4480
-2541
-3523
-5512
-3456
-2911
-4512
-6927
-5338
-1708
-3167
-4396
-2633
269
912
175
3449
5034
4423
3980
5051
6756
3805
2418
3026
2303
560
-1199
45
296
-954
-1002
-318
-5
-385
55
727
-208
-457
938
2094
1824
1067
2316
3005
2238
1300
710
-361
-2225
-3918
-5290
-7291
-9303
-9203
-9448
-9024
-7433
-3264
230
1570
4379
9187
13363
11639
8826
5713
6997
7325
6310
3346
-1664
951
4314
11552
9067
1919
-1947
-1069
4271
-1794
-9698
-15253
-13753
-12042
-13925
-12972
-12591
-11959
-6370
195
1991
-720
730
9867
8787
548
-2751
3448
4801
-2120
-2220
1334
2984
140
-263
903
-2408
-4618
-405
-1820
-9519
-11616
-6382
-2101
-5993
-6630
-1891
1888
3678
7091
10724
9524
7559
9485
10098
7380
6221
6714
6248
2710
2781
4951
3342
596
-1577
-2154
-4614
-7791
-7058
-7563
-10120
-10766
-8054
-3429
-1934
-999
2406
5349
5634
4681
6134
6942
3761
1345
1788
3609
1695
-331
2294
3176
1809
615
2340
1947
-1998
-2538
-560
-1639
-5082
-3355
1139
900
-1246
2491
7282
5324
1601
3603
6549
2534
-1555
-741
-41
-4088
-6513
-2780
-3666
-8320
-9686
-5943
-5491
-10112
-8079
-2409
557
-1839
2465
9778
11728
9325
7818
9684
4212
3076
3964
6179
-304
-5372
2240
9435
11083
738
-1127
-678
673
-1132
-6457
-10229
-14866
-13037
-9750
-7196
-9438
-9497
-3859
3347
2733
628
1300
6240
6249
-1820
-3043
-1149
460
-3405
-1848
2578
2081
-418
406
1940
-2788
-7085
-4161
-1334
-9628
-12542
-5888
579
-1252
-3459
3340
6859
5079
6416
12285
10650
3030
3355
9611
8556
2625
3913
9451
8691
2613
3459
6053
900
-5611
-7699
-6318
-10647
-14151
-9492
-5957
-6408
-7561
-749
6692
5073
2651
4906
8103
5035
345
2079
3860
1252
-769
2607
6448
2812
1079
3819
3731
-1120
-5228
-2885
-2304
-5703
-6085
-2385
-586
-668
2036
5666
5073
3583
4536
4894
1292
-1725
494
528
-1908
-2752
197
1218
-1108
-1445
-1064
-3918
-7899
-7856
-7955
-11143
-12565
-7669
-1560
195
2599
9338
12771
13460
11743
12044
6564
-2022
-1629
785
1530
-7858
-5544
4350
12973
12158
3517
3957
1389
2521
-1492
-6781
-13686
-18487
-12160
-6741
-5379
-8018
-5835
3882
7836
3426
1703
1809
4454
-1405
-7301
-6852
-5573
-3835
-4097
1670
3011
1705
3336
4428
550
-7131
-8177
-2562
-5354
-14204
-11224
-1731
3624
1403
3012
8802
8216
6912
9840
11201
3479
-2054
3624
7915
3367
965
8138
12712
7612
2419
5340
4073
-5709
-11192
-11621
-10152
-14719
-12807
-3661
-1472
-745
544
8754
11238
4322
1918
3392
4362
-998
-3824
978
2553
1652
2135
6762
8801
1735
836
2038
-1438
-7947
-11329
-5498
-4817
-6839
-3754
2301
5458
4234
6358
7772
4347
1246
1080
769
-2547
-3935
-171
1602
612
1536
3780
3454
-274
-2268
-3987
-8243
-11631
-11688
-11401
-11346
-9549
-2118
5091
6181
10163
12224
14481
11726
6042
3281
-4835
-4844
-2768
309
-2259
-4828
6097
15756
18785
9225
2589
394
-551
-1783
-9002
-13934
-16177
-10370
-3051
-1230
-1058
-780
2018
5470
2758
-2714
-6880
-4817
-2682
-8034
-8803
-4190
1843
1197
1651
7651
6902
1078
-2575
-3272
-8717
-13323
-7671
-1098
-6622
-9463
1765
12108
8820
2067
5550
6865
-128
-1929
4866
4953
-2281
-688
10409
12934
6804
7575
12644
9119
-2902
-4951
-1919
-7805
-14791
-14203
-6386
-4564
-6693
637
7239
5667
920
2401
7599
2255
-4175
-2406
3726
3978
-843
2909
7975
6211
1788
1785
3535
-2946
-8986
-6418
-3655
-6585
-9243
-3405
3334
1826
703
4766
6101
2673
391
2649
2592
-699
876
3920
3882
1763
3940
7402
3512
-367
-1352
-1692
-4348
-7607
-6820
-7284
-8861
-7821
-6051
-5848
-6926
-5208
-163
2135
2948
4797
6242
9029
9598
8277
4729
-3267
-2738
2148
6056
966
-6288
3516
13910
18549
8421
-114
-602
-2254
32
-4360
-8368
-13364
-9513
-5
-297
-3717
-5631
-1200
2256
-2703
-6551
-6419
-3672
-815
-3981
-4933
-3256
424
1933
1980
3792
1763
-478
-1728
-3612
-7894
-8153
-1514
3695
-2803
-6354
3394
9451
5923
-1006
417
1412
-4033
-1791
5971
6731
947
2997
12445
11756
4141
4359
7906
2912
-7921
-7864
-2284
-6133
-10436
-7277
-115
-117
-4064
2587
7899
2881
-3044
-1338
5589
3190
-2183
2082
7231
5345
-294
1668
6096
457
-5059
-3965
-229
-4004
-8873
-2460
799
-2229
-5182
325
6431
1073
-1204
1489
3405
1172
572
5206
4945
1939
2837
5625
3220
-973
-240
1099
-2173
-4841
-1894
88
-2360
-3852
-1274
-1007
-5729
-7324
-6163
-7804
-11355
-10559
-2380
1653
3419
6179
8295
9358
7730
10579
7772
-3186
-12049
-6303
4339
4946
-1513
-17
14381
19348
18241
9953
3383
-3307
-8165
-2830
-6002
-11901
-13981
-4050
4342
-320
-2517
436
512
-4128
-9640
-8399
-6556
-6078
-1472
-1292
-1086
257
5421
6692
1780
-369
-678
-200
-3332
-6634
-6195
-2264
2078
2240
-2924
-1676
3011
1748
-3281
-6534
-2477
-1754
-3035
2129
8258
8386
6231
8150
8974
3281
-979
2686
3537
-2680
-7048
-2175
2629
-751
-2617
-1476
-169
-2275
-2884
1572
1601
-1327
-1150
3547
6408
3261
1540
4275
4643
-169
-4760
-2339
199
-3259
-5442
-2913
1643
442
-1526
7
-242
-2407
-2508
1886
2799
-540
461
5480
6309
3322
2656
5208
3255
-1765
-1901
-192
-389
-2951
-1316
1025
1167
234
808
1067
-3174
-3742
-2640
-1842
-5889
-7925
-5942
-5105
-5874
-6959
-2200
-445
796
1275
2883
4468
3681
7123
6612
618
-6737
-5579
4657
8191
6343
5031
11622
19138
18261
14673
4304
-4897
-9799
-6317
-4104
-11934
-14090
-6099
4443
2274
-4488
-2835
-398
-3812
-9005
-10817
-7955
-4632
300
2550
-918
-908
3770
7700
3496
-2331
-1734
1513
2126
-2162
-7650
-5985
-28
2954
-2476
-8491
-2672
2300
-1315
-6237
-3435
1573
-223
-690
5867
8657
4154
3175
7287
6932
-103
1371
8242
7025
-1506
-4631
2784
2710
-4520
-5985
-2075
657
-2537
-1246
5710
4389
-687
-1859
1953
1904
-5498
-4746
-67
-201
-4470
-4102
3915
2752
-2530
-1346
2786
1740
-5057
-2874
2168
412
-1148
3153
8539
5413
930
3424
4766
-88
-3215
-839
58
-3795
-3810
1616
3191
-61
-299
3068
2638
-998
-1621
-196
-1800
-3370
-938
2313
114
-2800
-1915
-1730
-4229
-8414
-7074
-6088
-6695
-6622
-2897
2226
1365
3357
5436
9543
5649
1512
2008
3140
9060
10048
14648
10456
8438
11821
13535
9060
-6678
-11162
-8049
-5028
-8930
-12871
-6265
2631
2950
-3785
-8605
-7210
-6818
-7710
-6686
-7395
-5872
-34
10490
10254
1208
-1236
4121
4289
-4829
-6034
1342
3487
-2810
-4509
-857
-1227
-5036
-5309
-5297
-8703
-9034
-4260
-296
-1403
-40
6055
8015
4593
3610
7110
8226
4285
926
2562
5884
5955
5337
3588
2204
92
-1757
-1802
-3355
-3422
-2457
471
879
106
1283
1065
-2092
-6199
-5946
-2701
-1557
-1411
425
1321
1122
277
431
-841
-1509
343
1278
1120
1787
6191
7400
4116
2330
1037
-371
-3403
-4020
-1189
-901
-139
1108
2505
1922
-262
-605
-1137
-1754
-2119
-969
826
1744
2540
3561
3579
2769
1480
1754
1830
-1530
-4298
-4947
-5705
-9288
-13358
-10759
-8023
-8437
-6866
-1738
5559
5204
5434
8816
11062
8622
3230
2619
1411
5663
11638
16933
12274
5883
10974
14118
9739
-6827
-14165
-12323
-10001
-7098
-8171
-4411
-1760
28
-565
-6669
-9669
-11656
-10162
-4311
-2454
-1117
672
8621
13511
4978
-2311
-3426
-2562
-6682
-7749
1354
5396
-170
-2844
-1092
-653
-6094
-7829
-5046
-8864
-8710
-2032
5041
4682
1230
5085
7276
3358
1582
5137
7431
5084
2960
7137
8460
4849
3258
3070
3347
-2246
-5089
-3390
-2461
-212
-1005
258
-1452
-4762
-2664
-2336
-3442
-7051
-6265
-431
366
437
1958
4248
4078
348
987
2892
2899
2253
1422
2608
2148
2157
2068
-403
-1292
-1001
-618
-1858
-2656
-391
524
-4
665
1081
-294
-3009
-2263
57
272
815
3267
6157
5749
4416
4210
3102
141
-3253
-3081
-1900
-3950
-6353
-6478
-5109
-7107
-9329
-8201
-7492
-8111
-8144
-2881
584
2088
5400
8898
10990
8714
11193
11457
7808
2806
2517
9672
10426
8468
2367
4037
8108
6246
266
-8693
-8706
-8876
-6215
-4990
-6196
-5415
-3213
2433
-635
-8720
-10106
-6719
-1995
-2271
-940
3407
2930
3341
37
-1945
-4442
-6434
-4633
-3704
443
3048
4064
2891
-1182
-6682
-9512
-7926
-4536
-4642
-2549
5341
7787
4238
1876
6102
5974
-2631
-4458
3121
6982
4762
5739
11426
9510
767
-394
1644
-1108
-7329
-5885
534
-1383
-4136
-891
2386
-464
-6445
-4573
-436
-2923
-4645
-1739
6276
5781
251
3662
6345
3720
-3980
-2933
2468
1251
-648
500
5704
2686
-2663
-270
1545
-2810
-4173
-387
-69
-2613
-549
3834
2462
315
51
1952
438
-1728
1611
5668
6172
2759
1500
2507
2350
-125
-2277
-3558
-4477
-4838
-3337
-1490
-2063
-3675
-3319
-2192
-3852
-4943
-3527
-2189
-4021
-4475
-1176
1224
894
1050
4453
6333
3415
4219
6702
7629
4501
797
2930
1207
3416
5198
7798
3867
-2371
4052
7459
4706
-7734
-9577
-4421
-3427
-1227
-1865
-131
-2481
-3695
-1718
-5790
-8577
-9108
-4591
-552
-3716
-1214
317
2250
-1378
-6353
-4078
-4888
-4093
-3714
2375
8149
5954
2919
932
-309
-2680
-3706
-987
530
1052
5700
9754
7096
648
-437
2485
-71
-5248
-2811
4417
6052
721
-1330
548
-638
-3884
-3555
-1455
-2213
-2601
1630
6221
3296
83
-357
-370
-3099
-4783
-318
2022
1441
820
2860
5242
2097
-1653
-3150
-3317
-2381
-3304
-581
2186
2526
2370
1348
3820
1977
-1401
-2506
-1801
1349
1816
3478
5292
4215
3046
1119
474
413
-758
87
-727
-902
-310
406
1706
-1483
-3118
-3094
-2344
-1821
-3389
-2479
-502
1218
1843
752
793
735
-383
-861
-187
782
186
-1226
-2438
-2539
-2594
-1442
-2716
-3726
-972
1513
3915
1785
1102
1336
2155
3176
86
-1018
165
3880
5695
3760
3480
5091
6429
4740
86
-1544
-2880
-3284
-2654
-2778
-2453
-3820
-2729
-4234
-7463
-7855
-6136
-4191
-5317
-4465
-659
952
-420
-2692
-2455
-1248
-1854
-492
2223
5653
7015
6532
5487
1626
-1308
-2191
-650
1351
1655
2204
3053
4205
3796
607
-2185
-3559
-4694
-5863
-4001
1441
4354
1896
-1112
-479
292
-1468
-3041
-1039
1361
1126
1936
3755
2999
-785
-2306
-888
-1804
-3832
-2079
2352
3338
902
1185
2951
1432
-2256
-2749
598
928
-748
369
4208
6610
4215
2125
2026
1682
502
-1313
-798
274
562
943
495
718
53
-1279
-2307
-3558
-2651
-943
-203
12
929
2670
1578
-1129
-561
1875
2879
1543
997
1911
877
-172
396
1034
19
-1565
-569
756
-847
-1682
-238
745
-902
-2729
-1402
-1523
-3674
-4589
-2470
-686
-2448
-3843
-2655
-1257
-2671
-3892
-2574
-710
-1142
-2472
-1559
261
666
303
960
1503
1009
914
2766
4072
3188
2237
3033
3710
2484
1243
1111
669
-300
531
2152
2528
1754
1187
1653
1695
468
-1163
-2491
-2661
-2410
-1453
168
66
-764
-1083
-89
181
-2303
-4972
-5717
-4025
-2058
-1557
-1343
-1148
244
2024
2431
1826
-274
-1538
-1652
-945
497
1450
1811
1325
681
783
1072
731
10
-927
-815
185
1066
979
407
819
1774
1388
539
646
1113
855
93
583
801
910
1295
1746
1120
-215
-450
-510
-278
656
2012
1773
54
-911
151
1100
7
-1923
-2307
-1018
79
673
1321
2577
2525
1764
1145
1157
1132
26
-791
-1129
-207
1123
1759
1665
1383
817
147
-930
-1718
-1573
-1124
-492
-950
-1191
-275
1104
1092
-172
-878
-886
-1896
-3395
-3421
-2739
-2205
-3322
-4701
-4330
-3201
-2997
-3511
-3408
-2264
-1983
-1532
-620
-223
844
1785
2302
1176
1124
2744
3721
3345
2737
3132
3266
3118
2580
2114
1539
742
-98
-332
448
2047
2723
2491
1810
1343
1857
1835
1305
-55
-713
-853
-1083
-1376
-1870
-1938
-2043
-2288
-2080
-1833
-2306
-2652
-2488
-1366
-1155
-1424
-1639
-1991
-1741
-1307
-96
340
-134
-133
581
1303
1283
239
-795
-909
-177
437
-103
-859
-746
145
968
1214
757
367
-133
-313
120
803
1400
948
589
761
1493
2153
1965
1753
1145
432
27
54
339
475
940
1137
601
345
960
1534
971
112
438
885
393
-159
349
1266
1707
1773
1708
1762
1569
1149
806
1214
1362
415
-541
-744
-434
-579
-312
243
-160
-940
-1055
-365
-521
-1277
-1356
-1410
-1782
-2419
-2509
-1984
-2287
-2941
-2980
-2366
-1661
-2303
-3033
-3079
-3396
-3461
-3376
-2270
-1455
-1896
-1599
-1183
-772
-211
624
1274
182
-484
679
1773
1907
1331
1571
2564
2868
2532
2233
2624
3318
3347
3005
3118
3678
4496
3882
2153
1060
1293
2150
1723
738
-33
-680
-1339
-1907
-2175
-2135
-2390
-2606
-2675
-2447
-1538
-1395
-1323
-1554
-1759
-1502
-1442
-566
30
-124
-179
-213
199
444
270
97
-742
-570
251
527
275
-794
-1026
-903
-870
-912
-991
-331
146
-294
-847
-572
261
649
255
114
186
554
1024
1004
867
491
542
1028
1521
1970
2015
1716
1324
713
356
125
235
481
521
1387
2052
2659
3022
2905
2416
1421
1180
1004
352
-129
160
759
958
1221
1320
270
-1125
-1799
-1984
-2317
-2743
-2264
-1529
-1112
-966
-1128
-1337
-1672
-1586
-1303
-1549
-1766
-1157
83
521
-290
-987
-754
-619
-1455
-2317
-2131
-1494
-1132
-860
-669
-1136
-2064
-2534
-3272
-4012
-3948
-2612
-1136
-664
85
1133
2081
1976
1214
621
186
-17
802
2753
4543
5076
4469
4695
5358
5305
3693
1540
483
262
704
1406
2166
2655
2224
1457
1014
533
-59
-1542
-2355
-1898
-865
213
81
-402
-917
-972
-873
-1770
-2885
-3096
-2595
-1906
-1947
-1763
-1282
-1496
-1855
-1939
-1353
-1490
-2109
-2242
-1459
-631
-309
-680
-1305
-1270
-714
233
212
-185
-524
-7
863
1506
1647
1495
1404
1058
971
694
726
398
110
-214
259
1746
2566
2321
1428
998
952
1026
1120
1352
1331
1833
2244
2151
1859
1590
1479
1018
793
706
420
-66
-140
-219
-107
-244
-760
-1263
-1296
-595
-470
-820
-881
-184
280
97
-293
-285
-73
-98
-459
-707
-567
-292
144
144
-347
-1099
-939
-615
-1032
-1707
-1501
-878
-1226
-1553
-1456
-1030
-1344
-1509
-1011
-828
-644
-540
-299
-500
-1181
-1256
-1000
-985
-1046
-672
69
231
314
615
444
-148
-475
-430
-709
-1021
-579
548
1484
1904
2194
2339
1845
1134
1011
1367
1479
1462
1881
2763
3304
3574
3730
3193
2089
299
-645
-843
-811
-1002
-1521
-975
-45
226
-510
-1212
-1728
-2518
-3500
-3654
-3255
-2815
-2024
-1337
-911
-1134
-997
-426
-36
83
-225
-357
-194
-79
-10
37
353
312
-190
43
650
911
417
-92
82
306
427
704
1149
1546
1383
1088
1533
2043
2335
2521
2454
2039
1256
893
958
436
-436
-1071
-1227
-1004
-890
-525
-312
-412
-560
-608
-553
-488
-541
-632
-248
303
938
1033
1106
1307
1239
1222
720
164
-186
-155
7
-75
72
238
408
506
313
177
-103
-594
-1259
-1789
-1718
-1263
-742
-249
16
-154
-444
-827
-892
-885
-952
-1004
-1422
-1229
-572
-126
-284
-866
-786
-410
-242
-268
-509
-911
-1509
-1630
-1347
-1334
-1443
-1317
-934
-971
-1017
-590
-89
15
58
652
1236
1204
935
1181
1558
1747
1732
1629
1541
1548
2093
2476
2339
2220
1984
1908
1561
1129
857
297
-101
-349
-72
20
-292
-502
-236
21
-371
-784
-951
-1001
-1312
-1174
-709
-651
-962
-685
32
17
-657
-1198
-1364
-1840
-2236
-1698
-689
-361
-325
162
864
712
215
573
1151
836
-196
-4
1083
1699
1316
782
561
48
-135
-49
-63
-601
-1054
-802
-618
-641
-502
-329
-523
-1026
-978
-301
225
573
911
1172
1194
918
597
549
653
809
807
1047
1330
1480
1723
1639
1473
1066
727
692
804
954
748
679
867
671
351
137
-232
-882
-1366
-1168
-1072
-1358
-1237
-767
-522
-575
-611
-371
-473
-775
-909
-901
-745
-987
-1057
-795
-715
-870
-1014
-864
-1081
-1534
-1496
-1559
-1821
-1919
-1536
-1016
-1078
-956
-594
-300
-218
-258
-132
48
255
257
-5
-242
40
372
685
648
329
321
437
546
110
50
660
1154
1356
1387
1604
1594
1256
1162
1282
1329
1324
1714
2370
2504
2352
2352
2142
1267
401
283
198
-441
-985
-716
-205
-119
-413
-748
-960
-1176
-1312
-1503
-1643
-1549
-1196
-773
-753
-976
-891
-562
-514
-718
-697
-473
-558
-868
-853
-609
-475
-337
-225
-147
-51
121
54
-230
-23
311
304
80
116
420
384
298
310
357
560
579
358
132
195
608
895
977
1069
1262
1612
1583
1404
1546
1544
1183
571
417
569
560
479
265
416
782
839
659
392
296
187
-70
-98
-215
-277
-4
-72
-467
-764
-653
-583
-1014
-1396
-1581
-1555
-1509
-1691
-1678
-1625
-1705
-1921
-2192
-2085
-1902
-1630
-1317
-1234
-982
-624
-351
-606
-1273
-1156
-738
-604
-568
-216
400
379
346
487
401
-18
-525
-580
-594
-609
-73
657
1024
906
723
976
999
754
639
796
985
1003
1325
1874
2272
2431
2275
1976
1850
1693
1496
1192
1214
1565
1668
1605
1302
1228
1186
708
167
-157
-158
-194
-384
-445
-663
-742
-562
-746
-1275
-1767
-1490
-1190
-1410
-1453
-1211
-844
-875
-1208
-1379
-1430
-1318
-1296
-1382
-1049
-663
-374
-301
-216
124
174
-31
-411
-519
-197
-9
-118
-200
281
1069
1284
1013
780
840
937
592
213
117
160
171
58
261
613
660
649
632
665
603
600
749
573
485
778
1036
1002
767
801
815
359
67
129
339
77
-421
-387
-231
-90
-299
-657
-701
-580
-410
-654
-944
-676
-344
-286
-610
-851
-814
-926
-1059
-1304
-1225
-938
-820
-895
-1293
-1417
-1112
-879
-971
-1181
-1072
-882
-984
-872
-561
-241
-81
14
293
390
447
562
570
499
422
496
560
572
748
874
852
691
486
405
423
491
572
621
790
1009
1008
862
789
1029
1166
1110
1168
1356
1623
1580
1429
1262
954
783
619
380
52
-148
-104
-236
-383
-403
-377
-371
-471
-476
-624
-960
-1121
-1224
-1203
-1030
-807
-741
-922
-779
-484
-442
-669
-818
-613
-511
-528
-427
-263
-118
-1
204
312
161
-23
-119
-179
-221
-202
-140
-221
-485
-740
-841
-627
-339
-202
-67
131
507
805
928
953
905
933
802
696
695
500
265
129
357
648
593
459
330
296
234
102
12
57
250
375
394
417
583
781
752
466
303
407
566
374
-166
-464
-514
-456
-546
-741
-738
-666
-605
-715
-859
-934
-979
-1038
-1205
-1243
-1164
-1123
-1116
-1054
-883
-713
-707
-788
-704
-456
-193
-80
48
241
401
480
395
422
438
213
-19
-120
-66
-140
-301
-209
-87
-6
-11
121
404
452
454
551
768
909
955
1162
1334
1302
1230
1199
1090
773
609
753
909
920
734
476
297
249
177
36
-66
-9
38
116
211
129
-89
-317
-357
-459
-641
-608
-424
-283
-204
-32
214
220
13
-254
-432
-585
-848
-929
-816
-692
-668
-641
-644
-714
-738
-586
-476
-591
-629
-495
-183
23
21
-26
10
173
231
180
133
71
24
-8
22
46
14
10
-80
-167
-64
219
381
278
361
632
797
870
966
1150
1102
880
837
917
828
543
398
309
157
109
180
107
-206
-446
-403
-285
-387
-553
-622
-609
-571
-430
-248
-368
-656
-764
-570
-469
-659
-771
-673
-324
-48
30
83
68
125
112
-104
-337
-416
-343
-321
-380
-321
-341
-489
-584
-610
-628
-779
-819
-693
-433
-147
-63
92
357
427
313
291
523
649
628
660
627
626
663
709
595
419
445
610
787
793
691
771
908
797
504
292
230
166
150
202
292
335
403
435
354
284
205
49
-114
-54
-2
-77
-152
-92
-97
-205
-196
-171
-224
-385
-535
-557
-561
-611
-504
-499
-655
-721
-497
-159
-179
-392
-432
-271
-319
-647
-766
-684
-714
-752
-618
-421
-427
-455
-409
-375
-345
-256
-54
107
271
451
655
713
646
678
747
690
599
677
718
639
534
477
506
536
448
347
375
464
522
479
477
538
507
354
192
105
79
72
3
-89
-74
46
102
-2
-40
35
13
-159
-379
-387
-324
-401
-554
-561
-383
-358
-409
-434
-502
-678
-796
-876
-994
-842
-591
-559
-701
-605
-322
-207
-281
-435
-528
-524
-468
-438
-461
-464
-311
5
206
122
42
90
107
25
72
262
288
177
171
485
798
840
764
595
499
629
786
785
592
467
485
518
597
494
284
241
435
621
621
635
625
550
425
287
158
15
-10
81
114
77
144
280
287
107
-60
-47
-42
-235
-408
-369
-237
-212
-349
-497
-592
-489
-391
-506
-636
-664
-631
-642
-595
-561
-617
-605
-454
-270
-154
-74
-46
-47
-78
-208
-259
-203
-200
-272
-242
-72
79
212
222
157
105
106
288
468
508
514
575
669
661
580
517
484
399
312
344
367
350
349
382
301
47
-83
-61
-73
-95
-98
-146
-188
-98
16
-81
-268
-329
-329
-365
-372
-299
-221
-164
-182
-313
-334
-253
-237
-374
-505
-449
-372
-359
-402
-385
-326
-320
-362
-487
-623
-590
-425
-388
-524
-568
-340
-92
-120
-214
-124
69
157
132
189
241
284
289
242
269
386
512
508
529
594
694
735
697
736
766
751
638
488
407
483
606
577
385
250
246
274
238
159
196
217
219
180
126
146
121
95
113
145
99
-48
-107
-65
-3
-62
-148
-123
-177
-275
-322
-348
-416
-477
-466
-441
-432
-428
-402
-407
-452
-499
-511
-468
-373
-392
-444
-379
-293
-216
-182
-157
-213
-231
-118
-39
4
109
253
329
287
243
305
313
182
-15
-19
167
281
174
45
98
248
350
164
-130
-236
-50
154
118
2
74
293
356
297
209
147
70
-60
-159
-155
-95
-104
-185
-180
-110
-41
-2
-73
-150
-211
-196
-254
-384
-350
-217
-180
-283
-316
-172
-39
-59
-141
-169
-120
-150
-271
-366
-295
-174
-132
-87
-69
21
67
54
3
-34
23
3
2
53
184
317
314
282
297
418
488
384
262
222
294
348
321
227
146
192
243
191
125
163
227
252
229
210
214
224
288
306
337
344
265
233
315
356
302
217
171
145
11
-83
-149
-169
-161
-119
-82
-97
-92
-85
-39
-71
-127
-144
-117
-158
-312
-388
-318
-216
-230
-221
-171
-216
-276
-294
-263
-263
-273
-306
-360
-337
-293
-231
-223
-256
-316
-225
-117
-253
-398
-401
-291
-220
-175
-104
-57
-24
25
15
45
67
11
-9
-22
-29
51
147
115
50
85
217
173
-12
-31
79
169
167
203
347
338
230
222
285
341
287
227
178
111
121
211
263
163
70
86
92
9
-135
-83
11
-25
-38
17
63
-15
-143
-202
-193
-160
-90
-90
-92
-121
-111
-48
-51
-58
-53
-47
-102
-96
-11
101
53
-54
-50
0
-32
-194
-317
-306
-216
-173
-100
-24
-70
-121
-77
79
211
260
293
230
189
241
402
493
367
300
278
280
255
212
221
210
226
217
199
189
184
149
63
40
103
175
224
209
170
147
65
-6
-29
4
22
-12
11
19
7
-22
-67
-173
-299
-297
-307
-376
-437
-401
-273
-220
-341
-484
-412
-296
-313
-373
-367
-280
-260
-261
-222
-249
-264
-237
-175
-184
-216
-162
-84
-86
-179
-187
-133
-130
-205
-251
-174
-55
-37
34
133
165
129
101
139
123
135
198
212
140
186
371
482
359
145
130
197
202
168
173
170
126
121
183
210
103
25
3
56
95
105
177
126
24
-17
47
98
72
98
159
190
179
195
243
262
146
-7
-69
-114
-156
-151
-106
-70
-87
-66
-82
-146
-237
-225
-114
-144
-157
-126
-22
54
82
154
156
79
-25
22
161
197
53
-47
-34
7
64
44
-15
-99
-89
1
50
26
-19
-4
-26
-60
2
80
119
122
120
151
199
205
109
19
-15
31
73
28
3
-37
-55
-23
-54
-147
-218
-212
-182
-175
-173
-198
-149
-142
-233
-256
-212
-148
-192
-215
-140
-28
40
-4
-93
-167
-157
-156
-102
-111
-145
-94
-75
-72
-118
-124
-148
-145
-93
-21
77
128
62
-8
57
97
75
8
25
80
122
157
136
112
84
88
75
77
117
141
154
150
110
82
60
30
-28
-53
-10
60
78
65
119
130
85
47
25
-10
23
83
150
205
163
88
47
84
92
47
-10
-97
-98
-25
58
110
32
-20
1
28
65
53
25
53
77
93
87
81
46
-35
-38
-8
27
-14
-7
57
48
30
-28
-45
-66
-59
-55
-73
-50
-6
32
3
-49
-102
-94
-103
-135
-105
-22
73
71
7
15
41
35
18
-11
16
37
10
-29
-32
-54
-118
-112
-162
-204
-132
-103
-152
-215
-154
-41
6
-60
-183
-128
41
136
114
17
-6
34
28
24
-44
-79
-69
-63
-28
7
69
28
-39
-87
-97
-44
-50
-99
-118
-35
31
21
-38
-69
-46
-34
-50
-81
-66
33
115
91
86
66
45
-21
-40
-1
16
51
18
23
48
110
95
-11
-76
-66
54
99
89
104
96
118
138
140
142
102
16
-63
0
145
193
94
-23
-65
40
164
115
28
-28
32
162
184
161
90
57
69
114
173
120
46
-62
-81
-18
50
65
-35
-71
2
87
63
24
-30
-56
-62
-65
-56
-84
-87
-110
-102
-68
-60
-114
-173
-189
-138
-79
-57
-41
-108
-106
-31
16
-10
-93
-126
-144
-85
-32
53
63
-81
-132
-99
-35
-57
-163
-225
-158
-22
101
103
22
-57
-54
79
76
-7
-12
51
63
66
105
117
88
-6
-7
57
113
78
-15
3
55
73
30
-20
-44
-20
117
192
108
20
12
56
74
31
8
18
-12
-32
31
85
46
-39
-119
-149
-87
-31
-34
-76
-86
-15
58
76
-6
-123
-159
-107
-69
-8
15
-15
1
27
58
42
-24
-78
-73
-35
63
104
45
-44
-82
-28
9
-13
-61
-74
-50
31
86
118
32
-28
12
39
37
-29
-48
-67
-16
45
75
87
40
-13
1
77
104
58
22
57
82
139
180
152
32
-12
75
125
136
45
-31
5
69
84
60
10
-26
-19
45
128
73
-33
-41
-30
-12
18
4
-54
-128
-70
28
15
-27
-98
-139
-64
-30
-54
-73
-122
-126
-32
53
-27
-105
-125
-86
-66
-76
-17
-25
-28
-43
-46
16
-15
-84
-147
-146
-51
-28
4
-24
-88
-49
-12
29
-43
-122
-76
-16
39
82
87
48
6
-12
49
58
-11
-22
-35
31
120
123
87
-3
-54
-10
76
73
0
-12
37
99
112
64
-5
-41
-53
13
92
72
33
21
36
50
69
11
-60
-91
-62
28
29
10
-27
-53
-32
-14
-12
-59
-123
-138
-63
35
31
-36
-51
9
59
19
23
-7
-53
-46
10
90
60
28
-13
40
108
113
106
26
-18
28
128
143
86
22
27
92
132
160
134
53
-16
21
53
26
-15
-91
-72
7
31
13
-25
-83
-102
-63
12
32
-70
-108
-46
24
46
70
-1
-94
-61
-23
10
-26
-85
-115
-58
-3
2
-8
-48
-95
-141
-79
-55
-63
-69
-44
2
41
70
-7
-50
-48
-23
32
41
-32
-73
-47
-18
-11
-10
-19
-47
-44
-25
20
25
25
10
18
76
86
94
35
2
11
51
110
69
33
-11
-12
-4
-6
-32
-43
-30
-45
5
-25
-72
-74
-12
6
-9
62
60
18
-8
8
1
-43
-91
-81
-63
-55
-14
-36
-84
-79
-16
-13
-16
-24
-76
-59
-31
-3
18
10
0
-30
2
44
29
-4
5
56
72
87
59
27
16
-4
48
113
97
70
66
93
145
126
90
101
66
85
195
230
161
48
61
98
85
114
102
31
5
55
58
68
47
-33
-19
27
37
28
-37
-89
-92
-9
72
30
-28
-82
-73
-43
-32
-68
-127
-126
-118
-86
-54
-76
-104
-143
-105
-44
-35
-72
-118
-127
-142
-67
-36
-81
-158
-170
-105
-82
-87
-125
-136
-128
-74
-20
-23
-50
-96
-82
-12
42
66
22
-6
-9
28
62
13
-44
-51
-20
1
27
-24
-63
-57
-18
54
97
91
41
29
71
107
108
92
67
49
79
105
79
35
-11
-26
-7
37
41
0
-10
-6
36
88
83
66
34
54
96
93
87
70
31
34
97
138
83
-21
-19
-6
-3
16
19
-28
-63
-48
-10
45
20
-20
-9
64
97
114
72
23
19
58
130
90
34
-10
-21
0
43
38
1
-29
-63
-17
20
12
-46
-54
-13
24
54
32
1
-41
-19
36
48
35
-21
-38
-17
18
-3
-23
-3
-51
-51
-26
-22
-74
-121
-117
-103
-89
-102
-95
-139
-139
-118
-99
-83
-156
-164
-160
-146
-117
-117
-110
-145
-118
-53
-38
-37
-62
-69
-61
-19
23
20
-25
-30
-1
11
31
3
-43
-51
-19
7
13
25
33
27
66
138
167
151
109
96
123
155
132
126
94
107
150
165
169
114
80
31
44
81
97
55
-3
-16
16
46
47
9
-16
7
1
28
22
34
23
25
49
93
85
39
18
-37
-1
-11
-10
-34
-53
-13
-61
-68
-80
-79
-66
-60
-34
-38
-35
-15
4
20
45
31
21
39
15
14
0
-21
-38
-48
-39
-29
-24
-48
-60
-92
-74
-36
-19
-10
-32
-10
-5
6
44
49
25
48
88
79
86
68
33
35
76
83
44
13
-29
-42
-37
-9
-13
-91
-138
-94
-61
-41
-25
-40
-22
-36
2
18
-1
-12
-13
-4
-1
8
-41
-64
-74
-102
-56
-31
-119
-153
-135
-95
-101
-114
-110
-131
-155
-149
-114
-108
-83
-117
-92
-69
-38
-3
-12
-22
-19
29
55
103
45
4
23
38
70
66
90
88
81
104
125
121
143
164
124
154
190
183
189
180
190
201
222
202
127
100
107
104
102
98
88
74
44
62
68
60
61
25
7
31
43
14
16
-10
-31
-31
3
32
-13
-16
-11
-25
-28
-60
-91
-104
-129
-142
-166
-150
-139
-159
-149
-135
-110
-139
-139
-135
-129
-94
-101
-114
-86
-74
-111
-118
-115
-105
-94
-89
-72
-71
-57
-37
-61
-32
-5
8
56
42
47
54
59
95
48
28
21
10
87
107
95
81
51
36
31
40
72
79
55
41
67
69
89
99
42
66
62
53
24
-20
-13
-13
-19
-10
-33
-54
-63
-78
-64
-84
-65
-88
-87
-72
-56
-43
-41
-13
-21
9
-3
5
12
8
-15
0
19
7
6
-5
12
4
10
-16
6
11
15
41
23
23
44
58
62
54
29
42
28
35
50
66
60
57
57
25
37
31
25
17
35
60
52
59
26
13
80
89
66
66
72
75
40
48
47
22
21
22
15
19
12
-6
-27
-19
-31
-72
-77
-77
-78
-94
-55
-60
-43
-42
-41
-7
-11
-4
-55
-58
-66
-76
-104
-115
-111
-111
-89
-67
-88
-136
-140
-143
-114
-87
-37
-22
-3
4
5
19
22
31
27
54
51
34
22
24
4
-7
17
22
9
-6
-12
-9
7
-6
3
43
37
47
50
67
50
38
82
70
79
92
59
18
21
13
-15
-7
-34
-52
-48
-37
-57
-56
-32
-55
-28
17
28
23
-22
-9
36
48
41
22
50
50
79
95
56
51
12
27
33
36
35
-21
-29
-54
0
6
-17
-9
-38
12
15
14
13
-6
16
42
64
100
85
53
57
38
26
29
5
-25
-25
-34
-8
-9
-31
-21
-38
-20
-2
-6
-18
-23
2
-7
-16
-17
-25
-25
-7
17
-1
-8
-37
-59
-32
-33
-23
-20
-36
-28
-47
-35
-18
-53
-60
-58
-54
-29
-26
-40
-44
-29
16
2
-19
-8
-7
-44
-45
-5
-31
-13
2
-19
-26
-25
-26
-45
-59
-34
2
19
17
-4
39
55
27
27
68
78
26
53
87
89
94
62
63
55
63
44
29
37
-10
5
-3
-7
0
9
20
26
40
15
18
16
31
45
41
22
-9
-4
8
15
-1
-29
5
8
2
-12
-52
-64
-73
-51
-35
-49
-102
-74
-63
-70
-35
-29
-6
-1
-10
-38
-12
-4
-44
-35
7
10
-10
-23
-48
-48
-47
-38
-36
-50
-46
-42
-44
-25
7
2
1
21
60
85
83
100
93
88
103
116
110
108
72
26
60
55
43
27
-1
-13
-16
12
11
0
0
6
23
28
5
-3
19
20
-4
2
9
3
3
13
28
3
-6
-36
-63
-53
-56
-46
-69
-47
-23
-22
-8
-6
18
-10
0
14
2
16
-19
-19
-23
-6
-13
-47
-28
-55
-51
-60
-72
-42
-38
-25
-11
-47
-50
-29
-45
-29
-8
17
15
2
1
35
34
-1
-1
-10
8
23
21
16
-7
-26
-8
10
0
-7
10
15
13
20
38
22
9
38
28
36
35
37
23
10
38
34
31
1
5
18
-15
-5
-5
-4
-22
-30
-22
-60
-60
-40
-42
-44
-34
-19
-8
1
-17
-8
3
5
25
35
47
18
31
50
41
21
-3
16
4
8
14
5
9
7
13
35
28
19
-4
5
18
5
40
19
9
27
57
58
7
9
51
54
35
56
38
-3
-12
-31
-44
-45
-42
-32
-19
3
-22
-31
-24
-24
9
7
16
27
26
26
38
25
19
33
1
11
-21
-48
-43
-68
-70
-69
-91
-67
-46
-50
-25
-67
-64
-26
-7
-9
-10
5
-5
15
60
44
4
0
3
7
-24
-26
-40
-47
-45
-43
-55
-74
-70
-75
-57
-27
19
-13
-7
7
-4
18
28
17
-1
23
16
14
3
4
14
-4
17
22
14
2
-25
-46
-24
13
20
33
11
45
56
37
103
102
86
66
85
88
65
57
48
49
48
32
-12
-11
-26
-23
-12
4
-7
-6
-25
-46
16
22
29
26
31
61
41
35
24
-21
-10
-15
6
-22
-40
-36
-79
-60
-77
-58
-53
-43
-15
-23
-8
-4
-10
-4
12
38
54
35
19
25
35
31
-1
-31
-16
-6
-16
-17
-22
-18
-35
-36
-32
-12
22
7
-4
3
15
25
15
-3
26
44
27
22
30
-4
-25
-7
-10
-8
-15
-18
-47
-42
-44
-57
-83
-67
-32
-38
-12
-27
3
-3
-1
10
15
49
22
16
-12
-13
1
6
-15
-35
-19
-38
-29
-20
-35
-34
-10
0
-23
-22
-19
-20
-9
3
32
32
29
9
-6
33
39
40
28
17
36
34
10
10
-1
3
4
-5
41
35
12
3
7
22
25
16
6
26
40
57
51
27
33
21
26
7
7
31
-1
13
22
34
42
12
2
3
20
10
-5
-15
2
6
-4
2
9
-4
-28
-6
-6
-36
-38
-27
-37
-36
-17
-16
-22
-36
-25
3
22
12
3
3
-6
-24
-36
-4
-18
-13
-1
12
-15
-15
-5
-44
-13
-26
2
-31
-16
14
-11
-29
-55
-9
-22
-12
-11
-14
1
27
-9
-19
2
-4
10
0
-6
-14
25
11
-6
8
23
7
-6
0
16
21
19
45
31
33
34
58
32
19
46
30
14
-25
-11
-31
-50
-32
-28
-45
-37
-16
-21
-12
-63
-61
-40
-40
-3
-1
-18
-20
-7
2
3
-3
3
25
18
4
31
18
12
13
-18
-16
10
15
16
37
11
13
10
-21
-2
10
35
42
28
34
42
32
8
28
37
47
51
21
19
10
-7
-7
-22
-16
-3
-20
-5
-10
-8
-16
-3
17
0
14
5
1
-16
34
22
-1
31
22
57
37
41
29
1
-3
-12
-9
12
1
-37
-29
5
10
-13
7
-24
-4
16
0
-13
-13
4
-38
-16
21
2
-18
-6
-22
-45
-35
-7
-16
-37
-23
-31
-34
-60
-38
-6
-48
-46
-23
-15
-34
-53
-25
-42
-24
-1
-12
-12
-15
5
-27
-54
-47
-29
-6
-27
-34
-9
0
4
-7
-3
1
-9
0
-10
13
25
28
18
5
29
33
16
-3
18
35
31
17
16
14
23
34
26
44
61
41
47
87
92
65
54
28
30
53
46
48
27
18
12
31
33
22
29
19
-13
-12
9
-7
-8
-36
-20
-19
2
9
-16
-9
-25
-28
-13
-4
4
11
-23
10
-3
-21
-23
-20
-16
-22
-12
-20
-4
-36
-6
-3
-22
-48
-34
-25
-19
-16
-17
22
-14
8
-2
-6
-16
-29
-23
-16
-6
-17
-29
-34
-15
-22
-21
-36
-20
-28
-32
-29
-10
19
5
0
9
31
18
22
8
-4
-14
-13
7
-10
-21
-14
11
-9
-22
12
-9
-14
0
0
23
-1
12
19
-10
12
38
29
4
50
49
37
32
20
8
3
25
-14
-5
5
9
22
7
33
55
10
-16
-17
-8
-19
-41
-3
-2
29
39
16
31
37
35
29
18
28
31
6
7
0
5
26
12
9
19
-16
-26
-53
-24
13
-15
-14
-19
-15
-51
-48
-22
-24
-12
-4
3
3
15
-1
-8
2
-1
-9
-16
-12
-25
-25
-23
-30
-7
6
3
-18
-26
-32
-13
6
-7
-23
-8
5
7
36
22
27
31
37
23
9
1
-4
-10
-39
-26
-48
-9
0
-24
-45
-45
-22
-48
-23
-18
-3
11
-8
5
10
6
27
16
34
41
9
6
21
76
46
7
9
15
12
14
23
-3
17
26
17
22
33
32
42
63
66
72
42
41
21
28
42
-20
-18
-3
-35
-38
-42
-58
-37
-44
-49
-63
-65
-51
-63
-29
-31
-23
3
-24
-16
2
-9
-13
-18
-2
-22
-26
5
-16
-25
-25
-24
-34
-27
-42
-57
-14
8
0
0
-6
-13
14
3
26
8
26
48
13
34
14
25
26
35
6
-11
15
16
22
15
8
-8
12
10
35
22
14
19
27
53
79
109
73
62
41
45
31
25
14
-12
5
-8
-2
11
22
14
-9
-24
-16
-24
-17
-23
-40
-17
-31
-32
-51
-47
-44
-55
-15
-33
-14
7
-13
-24
-44
-29
-48
-44
-29
-24
-25
-47
-26
-12
3
4
29
25
6
22
9
10
8
15
28
9
16
31
29
10
-16
-25
-38
-13
8
-25
-41
-6
29
14
1
12
36
37
9
-1
-1
12
4
4
9
1
12
-14
-15
-2
11
-2
-29
-13
14
3
-13
-6
-15
-19
-22
13
-8
4
-9
-38
-37
-46
-16
-38
-22
-22
6
2
3
47
13
26
-2
16
57
8
17
16
10
44
60
38
7
18
22
35
44
37
37
25
23
19
23
34
35
31
25
16
10
9
3
-16
0
15
0
5
6
10
-21
-45
-31
-43
-43
-45
-36
5
-6
-24
-24
-38
-31
-19
-6
-16
-17
-2
-23
-37
-16
-31
-34
-32
-63
-51
-28
-3
-16
-4
-9
-24
-6
-7
26
15
18
10
10
31
13
17
0
17
25
7
18
6
-4
-20
6
12
7
-6
-13
9
-5
19
4
-20
-4
2
-6
-7
-1
7
-23
-28
-3
1
19
6
16
7
9
10
16
25
7
12
12
20
35
57
51
22
10
7
1
7
-28
-15
17
-6
22
23
-3
-15
-1
-3
-14
-1
20
22
7
11
3
3
13
11
25
6
9
-14
-25
-7
-45
1
-3
-19
-25
-19
-35
-70
-29
-29
-16
-18
-13
1
-28
-28
15
-11
-21
4
2
15
-3
-26
-12
29
10
-2
11
2
3
30
34
38
54
43
16
22
33
9
15
-1
-2
-3
-7
-5
-28
-54
-28
20
16
-9
-2
12
-13
-19
45
19
-28
29
23
31
-3
6
24
13
0
-31
5
-16
-45
-68
-31
-15
-46
-56
-36
-24
-51
-32
-46
-36
-11
1
41
43
51
29
6
10
35
8
-28
35
-7
11
5
23
50
-10
31
-10
24
9
-2
19
-25
22
9
-2
35
55
22
8
35
-7
-5
0
-14
-4
-23
29
-10
-13
11
-25
4
1
17
-52
-12
-29
-30
21
-59
-15
-34
-17
-24
-39
-3
-10
19
19
6
-2
1
7
-19
0
53
35
-3
10
28
10
1
-5
29
-18
-18
3
-16
37
-18
31
-7
-30
16
-29
4
-44
15
20
-3
14
6
54
5
17
7
32
10
-29
3
-22
45
42
0
8
18
-5
-42
-34
-32
-25
-19
7
-9
-10
41
13
3
10
19
-3
-12
12
-9
-2
-16
-8
10
18
12
-1
-18
-28
0
-13
17
-23
-52
8
-31
-19
-40
-12
20
-11
25
-10
25
12
-59
-2
-10
23
9
-30
16
-25
36
0
3
5
-19
31
0
37
17
24
13
19
1
9
-7
-15
34
-28
34
19
0
1
-28
-12
-34
-2
-4
-47
-28
-38
-49
-51
-33
-7
-63
-12
-9
-14
33
-5
24
7
6
33
34
33
2
22
38
42
55
24
-5
41
-9
14
53
-22
27
13
24
19
3
37
-22
3
-15
12
12
-15
58
-7
27
18
26
39
-2
53
-37
-2
-15
-18
16
-23
-3
-38
-20
-66
-31
-19
-17
-19
-54
14
-45
-7
-35
-26
35
-9
35
-34
22
-15
-40
-7
-56
15
-24
32
-3
-33
-9
-20
-10
-38
25
-28
-12
-11
-19
11
-1
18
-31
16
28
34
26
8
54
2
49
50
34
48
-13
25
-49
3
23
-23
21
-6
25
14
46
19
13
-12
-36
-6
-10
-6
-51
-1
-39
-33
-3
-16
-7
-47
3
5
12
30
3
29
19
42
29
3
39
-7
20
-1
17
-22
-28
16
3
45
-37
29
12
41
20
-8
-13
-66
-26
-79
9
-59
-20
8
-33
12
-38
19
-4
6
35
-3
15
-7
-12
-2
-32
-31
-42
-16
-35
-12
-39
-30
10
-3
49
-2
25
-3
31
26
-23
16
-11
-6
-28
25
20
4
20
30
47
29
47
46
15
-13
15
30
37
21
9
64
49
12
10
11
9
-16
6
35
32
-11
4
-3
-35
2
-41
-19
-2
7
-35
-10
19
-19
-13
-54
-17
-45
-21
-51
-41
7
-60
-25
-25
14
-9
-34
9
-1
3
-27
48
33
-3
-11
-15
31
-19
22
-35
-7
27
-35
-19
-44
-32
-36
-14
-24
-5
17
31
44
32
49
-13
32
32
-38
38
16
-5
-18
3
33
-26
8
-18
-16
1
-26
10
-12
-22
-38
-13
-11
-34
9
-26
-15
-25
23
49
32
74
40
55
28
47
16
-1
2
4
24
-47
35
-7
-26
1
12
24
3
49
16
24
35
29
10
34
0
-41
-25
-73
-29
-49
-39
-28
-47
7
13
-8
-15
43
55
18
6
51
13
-19
44
29
26
2
32
17
-28
0
-16
-14
-28
-22
-22
-23
-25
-10
-21
-64
-16
-37
-63
-47
-7
-8
21
45
-2
31
30
68
40
37
57
-5
11
-6
-16
-9
-43
-53
-39
-13
-17
20
21
-25
7
-3
18
16
13
10
-15
-7
-24
-13
3
3
-14
-11
-17
16
32
4
-13
-41
-61
-49
-6
-31
-53
-15
-14
-21
-23
-14
-33
-57
4
4
19
9
24
45
-33
-17
-6
25
26
52
54
18
56
38
9
0
28
-6
3
6
6
54
12
44
31
16
35
12
40
7
53
27
33
51
26
56
-11
63
17
-7
-54
-40
-2
-85
-3
-34
-31
-26
-9
-41
-64
-34
-23
-12
-28
46
9
-17
21
19
5
-10
17
15
-14
0
-3
0
26
21
4
27
-7
-24
8
-22
36
-5
-24
11
19
-11
-50
38
-16
4
19
15
4
-29
36
-48
-62
-18
-40
-70
-36
-22
-85
-3
19
-28
-8
24
19
-19
5
-5
-28
-34
-24
-15
-23
3
-19
1
11
4
15
-7
8
-22
-9
11
16
53
25
29
2
16
31
9
49
35
43
9
-13
-16
-33
-28
-60
-29
16
24
8
13
0
0
8
-16
23
32
-3
-20
-1
-13
-7
26
49
29
48
72
-17
3
38
62
45
50
79
33
31
39
28
-9
4
7
15
11
7
-5
-29
-29
-35
-35
-28
-16
-44
-30
1
4
0
14
-8
-10
-13
-50
-34
-25
10
7
-12
-3
-10
-30
-81
-60
-26
-25
-31
-41
-12
-55
-67
-25
-16
14
15
20
-5
-10
-25
-19
27
29
51
39
16
-9
-15
4
23
25
10
19
12
-6
-39
-31
-1
6
40
37
19
-3
-49
-35
-19
4
26
51
45
-32
-38
-30
0
4
4
26
-3
-9
-36
8
3
-7
21
29
64
47
50
9
9
-6
6
60
72
72
13
34
-3
-26
8
18
14
-12
-32
-34
-37
-35
-29
-18
-4
-12
12
19
39
1
7
0
-36
-25
-60
-29
-53
-42
-36
-15
16
-1
7
-9
-6
-31
-19
6
35
34
-4
-1
-10
8
48
41
4
21
37
8
-14
-16
-3
-8
-7
-10
28
44
-13
-6
1
-7
3
31
32
-11
-9
-10
7
24
35
35
14
12
-31
-29
-9
-24
-53
-25
-4
-46
-32
12
-12
-18
8
-1
29
0
-3
-22
-31
15
-20
12
13
25
35
-6
11
13
11
-6
-19
-23
-29
-7
-7
11
-16
-36
-16
-27
-34
-25
-2
-38
-21
2
13
34
2
-9
-11
43
-19
21
83
-25
18
6
30
47
25
62
24
38
26
-21
33
15
-13
-2
-35
7
-12
-2
-35
-54
-20
-24
9
-13
20
-30
-19
16
4
45
34
59
30
-12
21
-35
-51
1
-47
-17
-12
7
1
-10
48
13
35
48
39
42
25
38
37
26
34
31
25
8
33
2
16
18
-17
44
-25
3
-22
-67
-37
-73
-61
-52
-69
-92
-48
-68
-94
-48
-69
-59
-29
-56
-31
-34
6
-13
-28
-11
-3
67
-3
31
22
14
47
19
46
-12
30
27
-31
13
16
28
13
25
22
9
44
-2
38
23
29
48
0
45
6
28
-10
0
60
13
28
4
37
54
27
19
4
-6
0
18
1
2
5
-32
0
1
-28
4
-21
9
-10
-24
25
-35
-38
-37
-48
-4
-18
-41
-22
-22
-25
-24
-7
11
-18
-26
-27
-26
-12
-16
-19
-9
-17
0
21
-34
12
17
18
58
-2
46
23
27
44
10
64
-6
-30
26
-7
-12
-7
-13
19
7
-38
-10
28
-28
10
23
49
24
-31
50
-18
-9
-20
-23
10
-4
4
-44
13
-17
-39
-12
-44
22
-6
19
30
-34
-1
-42
-19
10
-15
-22
0
6
-25
-32
0
0
4
46
36
12
10
34
4
37
17
7
12
0
20
-14
-6
-24
-14
30
38
10
-8
-22
2
-24
-2
4
-22
18
5
-17
-29
-1
2
2
-10
-3
-2
13
-1
9
-14
1
0
-7
48
-56
41
38
4
30
28
49
-2
12
-5
24
43
47
3
5
25
-32
8
-19
-59
4
-27
-6
-24
-37
-1
-60
3
16
62
41
-4
25
-14
23
-36
4
-3
-54
14
-45
-9
-41
-44
-11
-85
-24
-63
-21
9
-37
-10
-25
-17
-12
-4
1
-8
-2
22
-10
-6
27
9
-10
-33
-48
8
-28
-7
16
-6
44
-6
29
-1
25
20
4
44
0
57
31
-4
19
46
29
0
47
63
21
57
40
-15
54
-2
-32
38
8
17
-6
-23
7
-1
34
7
35
60
29
49
1
10
23
16
0
-3
2
-62
-35
-30
-46
-21
-11
-25
-35
-10
-55
-45
-31
-31
-31
-52
-6
11
-20
-36
9
-13
-62
-27
-47
-38
-20
-29
-3
-10
35
-5
-1
4
-5
0
-24
24
-12
9
-48
13
7
-2
69
-37
52
75
50
3
1
45
19
25
28
-1
25
43
5
18
22
15
22
38
-30
14
-4
-59
-10
-21
-16
-7
-5
-41
0
-12
-44
-32
-22
-54
-27
52
12
-28
34
26
1
33
-18
30
-14
12
-4
21
71
-41
22
-40
-36
-18
-36
-29
-19
-5
-53
3
-22
-41
13
-20
24
31
34
34
-2
47
2
38
-5
19
24
17
28
-5
71
7
64
29
27
64
17
13
25
14
24
32
30
41
13
6
-39
25
-1
2
-24
-45
-21
-47
-41
-58
-43
-34
-50
-34
-13
-72
-10
-55
-50
-46
-48
-15
-60
0
-67
-17
-12
-13
30
-15
31
-7
60
41
-4
50
-19
47
-2
-9
51
16
16
-6
69
34
31
-3
-8
35
-21
13
-9
0
-16
-29
35
31
18
-12
-25
32
20
-9
-8
6
-7
-15
-10
4
-4
-32
5
-1
11
5
-7
-9
-18
-31
-21
8
-7
-12
-11
25
-9
10
2
-75
-3
-25
-31
24
-13
13
-15
-28
-15
-38
22
3
-12
-6
5
36
38
52
25
92
66
50
100
32
43
6
17
-10
0
36
-45
3
-18
-21
-7
-19
11
-8
-7
-45
-22
30
-6
-4
-3
2
-7
-36
3
-15
-15
-24
-29
3
-35
-19
-10
-1
16
2
26
12
26
35
39
31
28
63
9
12
22
28
-11
-23
-13
-39
-11
-22
-39
-1
42
-22
-14
-16
-17
-34
-38
-34
-41
17
-43
6
-2
-48
-26
-55
-57
-77
-51
-47
-25
-9
-45
2
-32
-36
10
-9
17
9
16
-10
44
74
16
73
44
5
6
7
-23
-37
16
9
-6
-19
26
22
0
18
-1
40
26
39
62
47
45
5
54
50
13
17
10
41
1
21
44
19
27
44
48
14
11
18
40
8
-21
-3
-9
-21
8
31
-13
3
-7
-27
3
-16
-28
-57
-36
-29
-43
-43
-56
-20
-62
-48
-38
-52
-12
-17
-19
-29
-1
13
-17
-18
-31
-13
-49
-52
18
-36
6
26
-12
-10
3
3
-18
37
2
16
37
0
-29
-6
37
-28
-5
41
-2
6
31
25
7
6
13
19
32
2
14
27
-8
17
29
20
41
33
36
38
10
-26
16
13
-63
-23
11
-1
3
9
-7
-4
7
25
17
45
46
-16
1
32
47
21
14
14
-10
-31
-19
-54
-50
-48
-68
-64
-47
-32
-80
-11
7
2
22
-20
-15
-18
-51
-17
-8
10
-5
-44
3
-37
-40
-51
-37
-38
-77
-28
-28
-24
19
41
26
21
66
103
35
82
132
76
89
94
85
44
60
45
28
29
3
15
-1
13
-7
4
4
-15
1
0
15
-9
18
30
-13
-12
-12
32
-1
-32
-33
-64
-34
-41
-63
-108
-47
-37
-104
-61
-55
-41
-48
-41
-28
13
18
-33
22
-3
-19
-13
9
43
-13
4
9
-14
-2
0
4
-7
26
44
13
48
88
44
14
30
38
60
32
27
50
29
-16
-6
12
-12
-16
-12
13
-23
-14
-21
-10
-22
-45
-19
-15
5
-30
9
5
50
25
2
30
1
10
-8
20
-28
-22
1
-18
4
-1
-10
1
-26
-34
-18
0
-17
-33
-4
-1
17
-13
20
-6
-19
-17
-12
15
-1
-4
-46
15
-25
10
6
-54
1
-35
-15
-21
-22
-5
-6
3
8
29
2
-30
-4
-7
53
14
6
57
29
53
17
36
22
48
46
33
59
70
45
46
117
33
26
6
29
19
-39
13
-22
-33
-41
15
20
15
31
-51
1
-34
-18
-26
-51
18
-73
0
-6
-14
-10
-9
23
-28
-6
-32
-9
-44
-50
-48
-49
-45
-35
-3
-26
-35
-79
-60
-37
-73
-65
-67
-77
-30
-28
5
-19
-12
15
-24
13
-2
17
0
-32
-2
-21
-4
-2
-1
45
15
42
10
1
42
56
80
31
92
88
35
57
43
61
54
70
79
61
78
29
61
63
56
35
45
74
33
51
22
64
29
12
37
5
22
-12
4
-6
-9
-30
-31
16
-39
-41
-83
-42
-35
-57
-9
-40
-11
-103
-51
-43
-69
5
-51
-38
-75
-56
-55
-96
-61
-75
-53
-72
-65
-34
-48
-28
-45
5
-48
-51
-32
-61
-31
-84
-36
-28
13
-19
0
33
-12
29
-29
39
16
-7
-10
24
89
8
54
62
63
47
40
102
54
97
90
68
110
76
92
52
112
95
83
122
29
57
10
0
39
17
-2
21
5
14
51
-3
42
-8
-18
-12
-44
-31
-94
-44
-63
-24
-4
-38
25
-57
-5
-7
-27
-15
-60
-28
-72
-35
-70
-60
-19
-13
-37
-50
5
-65
-40
-50
-13
-35
-56
-11
-89
-15
-28
-34
-29
-32
9
-34
-13
-41
-22
-26
-9
55
-29
0
-2
-38
4
22
28
-31
28
7
-10
30
-3
28
34
38
67
86
15
45
69
59
78
77
95
59
73
26
22
84
41
52
34
39
65
10
16
-18
-7
-21
-24
-18
-37
-21
-61
12
-14
-16
-6
-23
-9
-81
-61
-60
-18
-63
-10
10
-75
5
-50
-17
-58
-42
-22
-51
60
-21
1
-15
-9
12
-23
28
14
41
17
26
4
4
-1
-46
33
8
-16
20
6
-17
-39
4
-2
-26
-25
-17
30
-2
-26
23
25
14
29
33
27
1
27
31
45
41
4
41
48
24
20
17
-13
-33
6
-5
-73
-32
-16
-19
-12
-15
-9
1
6
-18
26
11
3
29
5
-3
28
14
13
38
-5
36
19
-9
-3
-19
0
-30
-32
-41
-11
-15
-24
7
-45
-48
-39
-33
-76
-37
-5
-72
-12
-30
-38
-15
-53
-3
-41
3
22
-4
10
-2
66
-3
21
-9
26
51
-25
58
47
91
8
43
59
39
96
7
34
14
21
13
0
13
15
22
-23
27
24
-5
26
-3
10
20
-8
-17
-5
10
-4
-16
-62
-49
-17
-63
-64
-20
-44
-21
-3
-19
7
-9
-6
-12
25
22
16
36
22
20
4
-4
-6
6
17
0
-18
12
12
16
7
21
-4
-48
-23
-24
-16
-18
18
32
5
-8
19
7
2
19
9
19
6
2
-13
-23
-58
-43
-12
-46
-53
-18
0
-16
-11
-12
6
-9
-23
-25
3
-4
-16
15
7
26
-7
2
45
27
8
3
8
-15
-20
-14
1
16
-14
-21
-1
3
12
15
30
24
7
-22
-12
3
-7
27
0
-6
0
22
50
32
25
-1
20
-2
-4
26
24
22
-7
11
16
2
-6
-5
23
7
12
8
-3
21
-4
-16
3
6
5
-18
-30
-7
-31
-28
0
7
-6
-16
-3
4
-13
-22
28
25
10
-5
-11
-13
-7
6
-10
21
40
28
26
34
27
17
0
-14
12
-25
-44
-11
-19
-16
4
-10
-24
-41
-50
-40
-29
-32
-34
-36
-29
-19
4
26
1
28
-11
-21
-17
-19
22
-4
3
0
3
4
16
13
13
14
-2
-12
-31
-23
-32
-11
-12
-11
10
0
-2
4
-3
3
-7
-8
20
5
-18
-1
7
-9
8
-4
11
23
0
22
50
76
65
40
25
55
50
20
45
58
49
16
25
13
-3
-9
-35
-6
-7
-3
-19
-33
-15
-8
-3
-15
-4
-18
-16
-1
3
22
-6
0
-13
-31
-33
-33
-24
-19
-7
-31
-37
-44
-16
4
-4
1
-12
-14
-6
-7
-3
-4
6
-2
-26
3
-8
3
4
3
12
4
10
3
19
10
27
27
26
24
-10
9
-7
-15
10
21
12
-4
16
9
-7
-6
-5
0
14
14
-5
5
10
10
-6
-16
2
1
16
-22
-19
-12
-25
2
-33
-7
-3
-7
0
-25
-29
-46
-42
-49
-32
16
-1
2
19
-6
10
5
23
