-16
12
8
14
-4
6
20
17
19
18
32
28
31
26
59
19
25
38
19
21
15
19
0
-4
-15
-14
-18
-18
-45
-22
-18
-25
-16
-2
19
-3
-4
-14
6
-33
-60
-56
-51
-38
-52
-43
-24
-22
-52
-48
-46
-30
-37
-26
-20
-18
-20
-21
-7
-21
-18
-28
8
4
1
13
12
15
19
32
31
47
34
35
28
34
42
38
51
51
60
38
29
21
12
17
16
31
22
4
6
3
0
2
13
34
30
29
15
22
24
-1
24
24
4
-7
-3
-1
-13
-18
-14
-6
0
-3
1
6
7
-10
-25
-10
-34
-29
-28
-18
-10
-8
-5
-17
1
-16
-3
-8
-10
-21
-40
-34
-38
-45
-34
-9
-26
-18
-18
-15
-22
-15
-12
3
2
-24
-31
-26
-2
-9
7
-9
-6
-12
-5
7
9
14
-3
12
-14
-17
-19
1
0
-2
10
9
25
33
24
13
44
24
21
20
18
22
13
35
32
40
46
48
36
22
17
9
20
7
10
3
-10
-6
-6
-13
-8
7
-4
6
15
23
0
3
20
10
5
-16
-7
-5
-15
-11
-1
11
-1
-8
6
-4
2
5
4
-8
-27
-18
-10
-10
-26
-18
-11
-6
-4
-13
-7
-10
-20
-13
-13
-7
-10
-10
-15
-21
-22
-47
-30
-9
-2
-10
-14
12
12
3
13
7
-13
-12
-8
-19
-34
-28
-3
-22
-47
-19
3
-9
6
20
9
29
13
19
38
24
25
28
54
54
33
43
44
52
39
10
32
12
27
34
15
30
2
-10
-15
-10
-4
-19
0
7
-24
-12
-8
-9
-27
-28
-3
-26
-10
-6
-9
-3
-4
-23
-20
-15
-25
-38
-31
-15
-28
-29
-35
-12
-15
-29
-6
17
16
9
15
16
13
3
-7
20
34
6
17
17
25
10
3
6
-1
9
-11
-2
4
-7
-7
6
4
-2
5
4
-6
-16
-25
-16
-7
-21
-30
-19
-8
-15
-7
-9
0
7
1
25
36
28
21
41
56
42
61
79
54
47
18
36
35
-3
-5
-4
16
5
-1
3
-4
-19
-27
-30
-25
-28
-41
-22
-9
-2
-6
-3
-13
-18
-8
-25
-13
-19
-26
-20
-29
-35
-39
-44
-63
-53
-45
-46
-32
-33
-31
-25
-14
-23
-12
-1
-9
8
-2
1
9
10
23
17
27
28
38
37
27
28
23
28
33
35
15
24
38
31
30
50
49
31
29
25
19
-11
4
16
23
11
-17
0
-9
-17
-23
-9
-5
-12
0
-14
-16
-18
-23
-3
0
14
2
-7
4
-7
-7
-2
9
-7
-12
5
15
4
-3
3
14
16
-16
-10
-2
1
-15
-27
-22
-27
-26
-45
-29
-37
-44
-38
-35
-19
-16
1
4
20
3
5
7
15
6
-16
5
-6
16
19
21
13
0
4
4
22
26
41
46
33
20
7
6
16
12
16
23
29
14
19
13
-2
10
-5
10
14
13
3
-4
-2
-16
-18
-32
-32
-25
-29
-36
-28
-35
-46
-34
-18
-27
-35
-27
-23
-26
-21
9
3
-2
13
18
22
18
25
16
12
6
6
15
3
2
12
18
-1
6
13
-5
10
10
0
2
13
5
-9
-13
-12
-22
-33
-30
-10
2
5
10
12
13
-6
6
4
-8
-3
5
1
-10
-15
-14
-6
-13
-9
2
19
25
22
19
21
15
4
-3
3
28
25
31
32
40
16
21
28
13
6
-19
8
8
2
-12
-20
-3
-6
-9
-10
-14
-22
-31
-32
-27
-19
-23
-34
-10
-19
-10
-15
-8
0
-18
15
1
11
4
1
6
-10
4
-2
13
16
4
-1
-5
-7
0
3
-6
-9
1
-7
-18
-10
-31
-16
-7
-2
1
-2
7
-8
-13
-13
-12
-28
-14
-6
1
12
3
3
12
27
17
8
19
29
16
34
34
42
35
22
41
22
9
12
35
20
18
15
15
13
-18
-20
-27
-14
-14
-12
-4
-10
0
-12
-10
-3
-1
-4
-4
14
-3
2
3
-6
-1
-6
2
-9
0
2
-5
-13
-13
-22
-17
-12
-16
-7
-44
-31
-21
-34
-28
-29
-27
-41
-34
-36
-25
-32
-39
-13
-29
-20
-9
0
11
9
15
12
2
-9
3
11
15
15
40
74
48
46
53
49
40
21
39
48
52
38
20
32
35
24
30
26
9
21
13
1
2
2
-12
-14
-22
-29
-15
-13
-16
-28
-29
-40
-31
-41
-28
-19
-31
-21
-23
-8
-13
-16
-11
3
-12
-8
21
23
12
16
16
4
10
14
6
6
12
-6
3
7
3
2
9
15
-10
1
2
2
4
3
-7
-5
3
-1
5
-3
-5
-22
-13
-2
-6
-2
12
9
-5
8
-3
0
-11
-16
-8
-19
-28
-18
-10
-20
-26
-7
2
-6
0
-26
-34
-32
-24
-10
-2
-4
-15
-16
-39
-33
-13
-1
0
11
11
9
20
26
40
32
39
35
23
34
49
36
33
37
33
29
-1
9
-1
4
5
6
30
10
-4
-5
7
-14
-3
6
-4
13
9
9
-15
-9
-4
-2
-15
-6
15
0
-5
-8
3
-13
-6
-1
0
6
-3
-11
-19
-9
-3
-1
-8
-1
-8
3
6
0
-6
3
12
2
6
-10
3
-1
2
3
-9
-14
-16
-16
-15
-5
-9
4
-3
0
10
18
15
4
-15
6
10
-2
13
-10
5
-3
-6
-16
-16
-4
-7
-10
-4
10
-3
3
-2
-2
-19
-17
-5
-4
-21
-38
-34
-25
-23
-25
-12
-22
-16
-22
-5
9
0
-3
-10
2
-16
-6
7
-3
6
6
7
16
20
5
5
4
0
2
15
15
18
27
32
44
40
41
29
29
10
12
18
21
29
11
28
31
50
55
42
25
16
9
7
17
8
0
-4
8
0
6
10
9
-14
-34
-44
-41
-16
-16
-1
-5
-15
-14
0
-9
-5
5
-1
-1
-15
-13
-25
-17
-24
-37
-30
-25
-32
-44
-46
-51
-58
-65
-44
-48
-48
-50
-41
-35
-48
-38
-32
-13
-14
-11
-4
12
18
20
10
22
45
27
54
37
52
63
57
66
54
58
45
44
21
20
26
26
16
13
1
0
12
6
24
14
16
2
19
6
-1
17
-16
-11
-7
-7
-10
0
-4
5
-7
-9
-7
-11
6
-13
1
0
-1
6
13
2
-7
-5
-11
-18
-15
-12
-27
-7
-16
-2
2
-12
-17
-25
-26
-19
-9
-15
-22
-25
-1
-18
-13
-5
-10
-11
-5
0
-21
-21
-10
7
0
13
4
-8
4
-6
6
6
9
10
2
12
-11
0
23
20
16
10
17
5
18
10
16
20
10
19
10
29
42
36
32
25
3
8
20
37
28
16
19
-3
1
3
-3
-11
-19
-9
-8
-13
-26
-37
-25
-27
-28
-30
-32
-42
-30
-1
-20
-33
-19
-19
-31
-18
-6
0
-11
-11
-17
-6
6
3
-3
-12
-1
-18
0
-3
0
1
-13
3
10
3
-12
-2
0
0
0
0
-2
-4
-1
22
22
28
36
30
43
39
45
28
25
16
2
16
29
21
12
17
20
19
3
15
2
2
9
10
13
9
11
-13
3
1
3
-7
-15
3
-2
5
12
12
-14
-9
-20
-19
-18
-39
-25
-18
6
-14
-6
3
-12
-11
-12
-20
-27
-17
-33
-20
-13
-15
-18
-15
-10
-17
-26
-39
-48
-35
-33
-60
-37
-40
-16
-10
-7
2
13
35
9
28
12
21
35
21
25
24
22
8
26
30
28
20
36
39
26
35
26
27
25
20
28
30
25
25
15
20
29
16
21
15
2
1
12
9
-13
-22
-11
-12
-6
-7
-15
3
-5
-10
-13
-8
-23
-21
-25
-30
-18
-38
-22
-34
-25
-24
-38
-45
-42
-26
-9
-15
-27
-23
-31
-4
-11
-2
-9
-7
-16
-14
6
-3
6
-1
18
16
25
23
18
23
25
25
12
24
18
30
24
30
47
44
26
26
34
14
19
25
39
26
22
34
20
2
3
7
-3
0
-4
11
11
-9
-7
-3
-16
-22
-13
-19
-35
-42
-44
-50
-36
-42
-35
-33
-39
-20
-19
-16
-22
-10
-25
-4
-9
-28
-10
-13
10
-3
3
7
5
0
-10
-13
-16
0
-12
4
13
-10
4
13
15
3
11
44
22
23
28
25
22
20
3
-15
11
10
21
9
8
12
9
25
25
27
13
9
25
31
10
12
17
8
14
12
16
12
6
3
9
-3
-8
-4
-10
-16
-34
-39
-25
-13
-16
-16
-14
-8
-10
-7
-17
-44
-34
-41
-30
-23
-22
-29
-28
-22
-32
-27
-30
-14
-21
-9
1
4
0
0
8
12
4
3
18
10
17
8
17
10
13
21
9
8
18
25
16
4
4
29
26
12
12
27
29
25
19
8
17
23
14
0
16
21
14
14
10
16
16
15
3
11
-4
-19
9
0
1
-16
5
6
0
2
4
25
-9
9
-5
-13
-14
-17
-8
-29
-35
-30
-19
-36
-42
-53
-57
-54
-55
-57
-42
-43
-39
-28
-1
3
-7
23
12
25
25
15
6
9
14
0
-3
-2
1
-12
-10
-15
-6
-7
0
-6
14
23
-2
17
7
6
13
21
24
12
16
11
2
12
0
5
6
7
15
7
26
28
39
41
44
38
36
42
49
53
35
57
30
3
7
12
16
2
-2
-1
0
-12
2
-11
-19
-10
-33
-25
-21
-30
-18
-12
-25
-25
-35
-34
-26
-46
-47
-31
-41
-41
-41
-43
-26
-47
-34
-41
-50
-40
-54
-29
-28
-33
-30
6
3
0
12
22
41
26
31
38
30
33
45
30
34
28
19
8
21
30
22
29
25
19
10
27
10
15
15
13
24
11
20
22
33
19
-7
14
36
21
16
17
3
8
-13
-21
8
13
13
-19
-25
-20
-17
-25
-31
-35
-38
-13
-16
-10
-3
9
2
-6
-18
-25
-25
-25
-19
-26
-18
-11
-7
-9
3
-3
-16
-29
-25
-24
-30
-8
-3
-9
-8
-1
0
-2
-8
-6
10
-1
3
17
17
21
6
16
18
16
34
38
34
15
23
28
29
24
28
33
18
16
3
-12
2
7
9
-7
-10
6
-4
4
-2
-4
2
-10
-18
-16
-8
-14
-10
-12
-7
-29
-29
-9
-33
-18
-17
-25
-20
-22
-32
-18
-11
-11
7
1
24
14
14
13
0
11
16
9
3
7
-16
-9
0
3
1
-4
-9
-9
-6
-3
-18
-13
-8
-9
18
17
19
21
18
23
48
32
26
31
10
8
7
25
25
18
7
12
16
15
-4
-12
-10
-2
-4
-20
0
0
-8
-17
-6
-13
-24
-28
-20
-14
-24
-8
-2
-3
-16
1
13
8
-5
-17
-3
-6
-6
-10
-7
-9
-4
-17
-6
11
6
28
7
18
10
1
22
9
3
-6
0
3
5
13
16
5
12
-7
-9
-15
-31
-14
-10
-8
-24
-16
-27
-25
-28
-33
-36
-40
-28
-20
-20
-25
0
-10
6
10
16
29
19
19
19
25
24
31
10
15
23
32
33
32
28
27
24
10
-8
-15
9
-14
-2
-4
3
-1
-10
0
-3
1
-6
6
-4
-3
-3
12
7
-2
13
14
3
-5
6
-1
2
-9
3
2
-1
4
-1
9
13
14
0
3
-9
-8
-15
-14
8
3
-17
-9
5
4
5
-3
3
-6
4
2
6
2
-3
16
26
19
-3
14
10
8
-5
4
10
-10
-3
-16
-18
-38
-26
-18
-13
-13
-30
-16
-30
-24
-34
-42
-21
-26
-21
-21
-31
-33
-40
-37
-25
-19
-5
6
0
-3
9
9
21
23
15
15
7
15
15
3
31
32
9
17
30
29
26
33
22
25
38
40
48
35
47
57
45
48
29
9
12
26
24
8
2
-1
-1
-25
-23
-22
-29
-36
-46
-46
-62
-57
-50
-51
-50
-35
-16
-24
-40
-19
4
3
14
22
28
26
21
33
31
8
2
15
13
-2
12
7
6
0
3
1
-10
0
-13
-13
-16
-8
-4
-28
-35
-23
-32
-12
-13
-15
3
-11
-7
-9
6
4
10
23
25
37
29
27
18
29
32
25
21
19
19
22
20
19
25
21
32
25
23
27
6
-4
-11
-13
-9
-18
-20
-32
-50
-48
-45
-49
-38
-22
-15
-22
-30
-39
-48
-30
-27
-28
5
12
-13
-12
-15
-29
-22
-11
0
6
12
17
13
15
9
23
34
33
32
17
34
32
22
26
20
38
23
-1
-3
-6
-15
-7
17
15
3
12
21
9
16
16
6
4
12
12
19
25
24
15
10
18
10
8
6
1
0
-6
-11
-4
-12
-25
-12
-26
-53
-31
-20
-28
-44
-51
-37
-34
-22
-30
-28
-29
-32
-19
-10
3
7
2
-3
10
13
3
0
11
20
14
17
32
22
14
16
19
15
1
3
-15
-7
-9
-21
0
-7
-9
-13
-13
-2
-11
-13
-12
-17
-13
-16
-23
-9
-20
-8
16
14
32
22
21
18
24
39
32
30
32
23
19
35
20
23
38
34
39
29
17
12
4
6
10
-2
-2
-8
-13
-9
-21
-20
-20
-22
-11
-21
-17
-5
-24
-19
-3
-6
-5
-16
-16
-22
-24
-20
-15
-6
-19
-12
0
2
-26
-25
-16
-5
10
-9
-2
2
0
4
5
-14
-11
9
9
4
1
4
5
-6
-10
-10
-13
9
0
-1
3
-16
-7
-3
-2
-13
-23
-9
-6
9
18
22
19
23
32
16
16
24
26
23
21
39
38
21
38
28
22
19
20
28
9
9
6
6
-3
0
-7
-3
-5
-20
-19
-18
-12
-10
-22
-12
-5
-16
-9
-3
-9
-21
-19
-25
-19
-15
-13
-2
-7
-5
-26
-9
10
-8
-4
-8
-23
-37
-19
-2
-17
-25
-10
2
-8
0
-14
-20
-18
-14
7
4
6
1
-4
1
12
5
-9
-1
-1
-2
-11
-9
8
10
13
19
19
19
26
28
25
29
33
28
32
22
23
36
44
56
47
43
38
52
26
6
14
12
10
5
19
11
8
0
0
-3
-8
-2
-12
-36
-42
-40
-41
-34
-41
-47
-54
-44
-28
-27
-45
-55
-34
-30
-41
-26
-16
-32
-12
-10
-19
-9
-23
-9
-12
-21
-4
-9
-4
6
9
13
4
19
26
1
0
12
22
30
23
28
28
8
6
15
14
15
27
25
14
11
0
10
18
11
22
25
31
27
9
19
13
2
26
22
18
2
-5
8
6
16
8
6
-2
-2
-9
-4
-16
-26
-19
-25
-16
-39
-38
-36
-35
-32
-34
-29
-24
-18
-16
-21
-19
-7
-11
-11
0
-10
-16
9
9
9
12
12
20
18
13
10
14
10
9
0
2
-2
-5
13
22
6
-3
8
16
27
28
29
29
32
18
20
22
25
31
35
38
27
33
9
-2
7
-2
9
5
-16
-27
-13
-13
-28
-28
-31
-29
-28
-19
-27
-30
-31
-43
-36
-35
-35
-40
-39
-31
-19
-25
-34
-22
-22
-21
-18
-7
6
-2
-3
14
9
0
13
15
13
15
3
18
28
17
28
34
38
23
13
23
-3
-5
-2
-2
-2
-12
-8
-8
0
1
0
5
16
5
3
8
8
12
15
30
21
13
16
26
26
23
17
18
14
4
2
1
10
0
-10
-11
6
-8
-18
-5
-10
-10
-8
13
3
-11
-14
-4
1
-6
3
-1
6
0
11
25
12
9
3
6
-4
-22
-20
-37
-48
-26
-17
-19
-10
-11
-13
-20
-27
-19
-17
-35
-33
-15
-22
-17
-19
-20
-16
-3
7
1
0
13
20
2
-4
-9
-4
-5
0
-3
-8
16
18
22
29
41
42
35
27
36
39
26
32
33
14
4
27
28
15
9
19
19
20
25
6
-3
1
-9
-19
-9
-17
-22
-21
-8
-3
-8
-4
-9
-11
-21
-16
-4
-5
-11
-8
-10
-31
-29
-20
-15
-1
8
10
-2
-19
-25
-16
-22
-38
-31
-28
-15
-16
-27
-33
-32
-14
-17
-16
1
-4
-9
2
7
7
-6
2
10
14
18
29
36
32
32
30
48
43
37
45
37
36
27
24
20
-4
13
27
17
27
27
27
27
12
10
6
-10
-13
-10
-6
-11
-30
-19
-24
-23
-1
-3
-8
-15
-12
-9
-7
-7
-4
0
1
3
-8
-1
0
-13
-7
-8
-17
-4
-12
-12
-9
-44
-33
-22
-34
-44
-51
-46
-29
-19
-24
-15
-16
-9
-3
7
4
-2
4
1
12
22
26
14
16
9
4
4
-4
4
-4
-6
-9
-7
4
1
10
13
5
17
25
27
36
22
13
14
17
18
12
11
7
13
9
9
18
18
21
22
22
11
12
19
15
13
22
16
0
3
13
12
1
5
4
3
12
6
-3
6
-4
-22
-7
3
-4
-7
-12
-5
-10
-16
-26
-2
-8
-36
-18
-19
-31
-61
-58
-42
-48
-57
-58
-54
-49
-53
-51
-14
-16
-19
-24
-29
-18
-6
13
6
5
9
19
20
21
31
36
44
50
51
42
29
43
42
28
46
39
19
12
38
31
28
30
10
20
9
3
-3
-9
-20
-23
-20
-31
-29
-37
-22
-20
-32
-16
-13
2
-3
-9
7
-1
0
2
-1
-5
2
10
12
10
5
9
6
6
-2
-3
-13
-10
-26
-29
-19
-21
-1
-20
-14
-3
-11
-4
4
15
9
2
16
38
22
23
27
20
12
0
23
16
9
22
31
26
14
20
10
19
9
-1
5
6
-2
-19
0
-4
-13
-7
-18
-32
-32
-25
-39
-33
-38
-44
-32
-25
-8
-30
-13
2
4
8
0
11
14
18
3
14
15
5
5
9
13
10
13
7
7
-8
-1
3
-3
-14
-12
3
-6
-32
-25
-9
-24
-21
-10
-10
-17
-3
2
-9
0
4
10
9
5
-3
-1
-2
3
11
20
19
-2
0
-3
-6
4
3
1
5
-2
1
2
-7
1
7
1
1
14
13
6
16
11
16
17
23
25
11
16
6
16
24
16
28
22
5
6
10
-2
-12
-8
7
2
-10
-10
4
-6
-14
-1
0
-6
-12
1
0
-8
-12
0
9
-2
5
12
-3
-9
0
-22
-30
-16
-23
-34
-21
-14
-28
-25
-27
-37
-37
-27
-12
-12
-7
-4
-7
-8
-14
-1
-1
1
15
17
22
16
23
38
50
56
47
37
39
20
1
10
11
6
7
5
-6
-6
-13
-16
-3
-18
-32
-27
-33
-34
-35
-29
-25
-26
-10
-8
-6
0
4
3
3
28
31
13
19
22
-1
8
4
12
24
22
26
9
15
3
7
6
6
0
-11
-2
-19
-15
-12
-18
-24
-26
-23
-10
-22
-21
3
-15
-6
2
7
6
-7
-4
2
5
-4
-2
3
-1
1
6
20
31
35
33
34
37
38
26
15
27
25
20
21
14
19
14
-1
-7
-2
-7
-12
3
-19
-38
-31
-28
-38
-48
-34
-39
-43
-37
-31
-28
-31
-34
-35
-32
-29
-16
-18
3
8
-6
3
9
21
15
30
30
13
26
21
34
43
45
34
14
13
3
2
15
20
10
13
11
5
-4
-6
-16
-21
-20
-22
-19
-13
-1
-15
-13
-31
-34
-15
-13
1
-1
3
3
7
-1
-3
-1
0
-2
-1
13
9
13
23
25
14
6
10
5
18
21
18
26
15
7
13
12
-6
-4
0
2
3
10
9
0
4
-7
-5
-2
1
-9
-3
1
7
4
-18
-24
-21
-2
-1
-9
-16
3
-3
-7
0
-7
0
-1
3
4
-9
-9
-5
-16
-11
-11
-15
-25
-13
-18
-21
-16
-24
-15
-27
-28
-13
0
-5
-11
-17
-7
-9
-14
-4
-3
-3
-15
-14
-9
-2
-3
10
18
10
0
10
24
16
23
40
39
25
33
31
17
20
34
32
34
29
35
30
23
35
31
36
28
25
22
29
34
39
37
17
7
4
-11
-13
3
-9
-21
-20
-16
-26
-30
-35
-35
-24
-38
-44
-36
-38
-25
-16
-16
-3
-8
-2
3
-2
-8
-22
-8
13
7
-17
-26
-22
-18
-20
-25
-35
-30
-4
4
-9
-32
-26
-26
-34
-13
-19
-16
-17
-20
-10
-6
5
-19
-22
3
-6
-11
3
-3
-10
-11
20
35
2
0
13
41
31
26
50
38
23
31
54
57
37
34
62
54
35
37
25
30
20
46
55
14
19
30
23
-1
13
21
-2
13
21
-5
-44
-23
12
-10
-32
-43
-22
-8
-44
-45
-23
-35
-77
-57
-32
-36
-57
-44
13
-41
-22
21
-7
-14
-28
-15
-16
-49
-55
-20
-9
1
23
15
-5
1
-16
-2
1
-30
-10
17
43
38
41
9
8
44
34
25
14
2
12
22
12
10
18
22
24
26
29
15
-2
8
-4
-3
25
9
-19
-7
22
15
-13
-15
-25
-20
3
4
-3
-3
-27
-31
-2
-63
-85
-30
-42
-29
-11
6
53
29
2
51
50
10
61
52
-2
29
25
18
7
-28
22
41
29
20
2
-23
-49
-4
14
-35
-60
-14
-31
-29
9
-28
-48
-10
-4
1
4
-28
-41
-9
26
-12
-45
-34
-7
3
6
-6
-46
8
55
-3
22
10
3
-3
10
32
23
35
15
57
7
56
24
-32
4
-38
-63
-15
5
-59
24
-33
-12
58
0
-15
-22
-36
-14
60
-16
-3
17
-31
26
13
-71
-52
37
10
-14
26
48
1
-24
31
38
-13
-52
96
63
-33
60
27
45
-9
-4
49
69
-56
-52
114
-27
-24
-37
16
-23
-53
26
34
-11
-75
76
9
-59
-3
29
-35
-10
-19
-45
-10
-9
32
-40
-61
20
74
-11
-4
-49
-55
-8
-25
7
13
-40
-29
73
-10
29
-3
-44
-7
27
16
-128
43
-31
-103
-4
52
-23
-10
90
-134
97
57
-52
93
42
-33
111
151
14
-32
-19
92
19
5
-44
101
-12
55
73
-2
-30
-82
92
-101
-42
-33
-80
-72
-53
-59
106
-71
-183
-44
56
-77
-74
162
-127
-33
-53
142
-19
-74
183
-38
-23
100
78
-140
20
137
-127
28
122
-4
-25
-54
118
-37
-23
105
100
-83
-122
127
75
-89
77
28
-122
127
104
-117
63
105
-234
227
71
-291
213
95
-311
86
-7
-194
15
29
-115
-11
28
-96
284
-276
-34
186
-20
-128
187
214
-319
184
120
-96
-22
146
-100
43
-1
18
83
-90
11
-55
-78
-130
182
-255
-69
70
-168
68
-147
52
45
-68
-58
72
-108
56
291
-253
-64
280
-69
15
343
-210
-160
178
100
-68
-12
23
-41
41
-118
76
181
-151
-54
193
-166
39
202
-94
-38
182
-244
77
292
-336
151
182
-357
56
322
-323
20
183
-176
-87
116
-15
14
-222
48
209
-342
169
124
-330
-154
444
-183
-125
73
6
103
-66
10
75
-51
-240
505
-130
-435
360
109
-355
342
20
-277
302
4
-402
356
-50
-252
441
-463
179
302
-36
-393
463
-47
-229
318
-196
222
-117
32
-102
260
-333
-19
152
-70
-308
168
266
-305
30
-158
301
-282
-30
83
138
-287
57
289
-288
109
-109
4
140
-99
22
81
-109
176
126
-324
97
234
-794
860
-108
-865
673
218
-568
13
690
-829
270
165
207
-123
-504
650
251
-711
108
729
-793
258
450
-189
-260
381
-31
54
-28
-67
196
-181
219
-106
-118
-21
353
-545
248
-52
91
-310
184
-21
-407
583
-455
328
-455
449
-82
-10
-173
167
53
-332
450
-335
2
17
65
-309
299
-229
57
-148
83
-36
136
-120
-116
116
-272
350
-9
-284
-340
1044
-617
153
137
-333
306
76
35
-445
417
-469
588
-167
-573
706
-493
157
286
-319
152
-181
355
97
-95
-324
461
208
-655
807
-543
82
443
-586
438
3
-517
292
202
-205
31
53
-127
610
-389
-374
1151
-791
-418
873
1
-662
139
527
-261
-445
434
56
-527
140
186
17
-616
300
76
-50
-413
127
371
-696
272
29
-281
17
339
-533
341
28
-145
146
152
-225
-233
715
-565
136
-23
315
-555
301
395
-826
677
-159
-371
593
-137
-628
867
-124
-820
812
282
-1213
919
119
-467
380
6
37
-15
391
-558
341
-23
180
-122
75
-21
-37
377
-599
271
288
-457
12
907
-853
-277
881
-445
-370
731
-451
215
145
-520
785
-635
-304
642
-172
-855
940
-230
-825
777
-539
239
-35
-373
356
-452
338
33
-591
442
63
-620
353
822
-1249
192
1163
-941
243
213
-139
-29
131
100
45
-44
-379
963
-352
-739
560
327
-744
670
-26
-408
563
-750
732
61
-730
-46
1448
-1316
-13
1431
-1844
1122
-491
262
488
-919
722
-360
687
-1030
904
-330
-402
1186
-1754
1977
-1640
265
387
-412
438
-1092
1404
-1305
727
-370
206
-211
-238
726
-871
572
-300
-398
400
-17
-481
231
204
229
-648
332
361
-727
434
422
-455
40
601
-435
-291
771
-983
587
206
-417
517
-332
364
-823
871
-680
559
15
-785
1063
-419
-20
-244
524
-940
442
688
-1228
691
392
-935
329
86
297
-357
-71
630
-105
-205
155
638
-1203
892
199
-658
424
-70
-134
286
-275
32
-1
-420
982
-745
268
5
313
-521
253
646
-1333
980
401
-1237
527
796
-1347
548
251
-537
255
205
-984
1503
-1156
-722
1877
-1925
772
390
-1010
407
752
-1586
1416
191
-1596
907
622
-1061
447
455
-1510
1677
-1431
777
327
-901
297
-204
498
-346
242
-532
733
-61
-695
976
-759
-319
1389
-1068
373
610
-1073
148
1078
-1149
-49
1210
-923
121
654
-357
-532
1111
-1466
715
887
-1267
586
65
-161
-370
806
-547
12
633
-552
222
-11
130
122
-499
510
-48
-209
434
-318
-10
-276
288
-10
-569
955
-757
-97
560
-725
355
199
134
-989
967
236
-1112
473
131
357
-480
453
320
-723
771
-411
-225
465
-492
612
-39
6
-171
-24
-398
247
197
-1064
957
137
-624
425
-155
167
-95
-618
1151
-417
-432
310
83
27
-205
-200
66
669
-1118
747
403
-1606
703
673
-1187
656
104
-867
762
-42
-206
-70
268
-446
601
-176
-463
927
-1280
893
115
-948
946
-14
-464
115
231
-1018
1032
99
-1581
1707
-780
-847
1504
-791
-214
407
-22
-39
812
-1181
555
454
-1012
1141
-161
-226
216
220
-499
1292
-1117
40
683
-312
163
168
148
-644
601
-474
1161
-1724
849
991
-1499
466
747
-527
-1052
1511
-705
-136
446
-238
88
-257
-158
830
-767
-792
1885
-849
-683
687
-635
350
-252
428
-659
763
-898
202
1824
-3517
1920
17
-671
382
294
378
-1552
1336
-642
292
-333
45
371
-999
1403
-971
100
463
-891
699
310
-393
-746
1176
-226
-638
546
741
-787
-214
1100
-792
-243
341
268
-129
89
-18
915
-1246
-445
1653
-1566
156
749
-968
816
-146
134
-771
1040
-735
-474
1627
-1798
1311
-854
1021
-1175
605
576
-1341
1259
-879
574
-643
1411
-1667
676
567
-1390
1096
-252
438
-1003
675
736
-1003
178
694
-533
-541
1569
-691
-524
943
-1670
1203
87
-549
275
-294
587
-729
197
224
-400
-310
539
274
-903
711
259
-1054
1006
-260
164
-97
-168
254
-258
600
-1468
1996
-591
-1587
2091
-719
-892
600
605
-977
750
-624
368
-115
-401
319
-567
768
-625
737
-687
1353
-2047
959
1187
-2102
1370
-737
882
-1214
916
-160
-24
-478
193
609
-719
499
-785
890
-543
473
-152
305
-704
-50
483
47
-365
15
775
-1480
1240
-128
-558
-64
324
-138
323
-6
-679
1295
-1102
-61
1146
-1372
557
952
-1813
1344
517
-1561
506
1160
-1343
-446
2181
-1376
303
38
-297
1164
-1422
579
241
38
-334
103
1007
-926
-111
69
568
-1239
1197
56
-1750
1551
137
-1034
-37
1196
-1425
250
1064
-423
-783
233
188
-324
-39
-8
438
-709
350
7
-120
-435
1243
-1625
770
1190
-2185
1531
-646
405
-678
1173
-347
-485
1123
-1558
1547
-620
-240
396
-464
-319
1395
-939
-132
598
-642
796
-944
1318
-938
-112
85
435
59
-786
711
-599
429
-124
310
209
-1091
790
208
-1129
1400
-795
-482
117
757
272
-1269
195
881
-988
-188
1557
-1519
376
162
14
423
-459
-265
998
-646
508
428
-1038
-154
880
-521
-530
1704
-1951
1174
-1005
1199
-777
-1141
2029
-1054
248
-689
1466
-1005
-119
354
-277
829
-1589
1517
384
-1567
891
235
408
-1731
1160
-273
-165
766
-763
547
-125
-166
-645
1610
-1731
315
45
942
-880
558
910
-1979
871
-765
1950
-1951
652
486
-226
428
-1329
1917
-890
-2327
2675
1155
-2614
753
1365
-1628
157
653
-807
1336
-2773
2279
421
-1965
1515
-259
-618
404
1371
-3124
3131
-964
-1979
3113
-1342
-107
-560
980
-127
-606
160
-436
1518
-2102
1460
1159
-1717
283
-178
1124
-1593
1219
-983
310
1293
-1464
585
-201
2
-1453
1666
-245
-188
-588
64
1191
-1094
186
-683
2035
-2209
224
2188
-960
-1081
604
1395
-2669
1956
-326
-746
1145
-804
-396
854
373
-2009
1111
459
-1238
440
1715
-873
-1815
1784
-884
-7
898
-1671
653
391
326
-648
919
-1222
-130
477
83
1280
-2080
1823
-263
-59
-685
117
1194
-1219
126
313
2057
-2693
579
2188
-2791
500
995
362
-1176
-202
1057
886
-2050
509
1215
-2049
1405
-227
735
-1471
639
490
-865
336
100
-494
-270
1800
-2881
1755
743
-2580
1755
57
-1728
2782
-2150
507
601
-1495
2091
-1636
1097
-1789
1984
-778
-554
455
728
-1033
-1314
3877
-3423
828
1897
-1748
-253
1296
-1025
344
-235
199
-549
1079
7
-1249
1491
-1318
394
357
778
-2341
2386
-677
-1262
1825
-469
-789
419
858
-981
910
-406
-85
-537
1318
-1505
1422
-113
-1340
1087
-455
-370
-402
1288
-1285
797
-147
605
-279
-858
723
-215
-492
-5
1753
-1716
-69
1910
-1854
664
-79
-1267
1195
-277
454
-152
169
-391
163
158
-798
236
236
-123
-321
1163
-294
-1990
2020
-252
-1852
2257
-897
824
-1368
853
473
-2151
1977
-958
55
-34
976
-476
-519
1683
-2172
627
1452
-2158
2167
-271
-532
303
-101
15
-1229
1642
-565
72
483
669
-1507
1201
-305
-1422
1992
-86
-1271
1205
1283
-2917
2199
-947
-932
1774
-2120
1013
1553
-3142
2000
440
-1974
1326
-717
-768
1014
750
-2584
2618
-892
-157
757
-1487
1316
-1174
-592
1824
-165
-1408
918
299
-875
20
951
-1555
1315
-1252
1094
670
-2353
1509
-643
647
-779
881
380
-1239
603
-76
502
-1886
1845
252
-2219
3750
-2766
268
1762
-1673
-34
708
79
-804
1666
-1782
1664
-679
-960
1648
-1483
587
455
-23
31
327
-326
-262
361
182
-137
115
-248
665
313
-1992
1763
-358
-820
537
82
187
-1006
902
-1208
1843
-2000
-460
3131
-2817
-210
1289
-224
-844
475
590
-696
476
-1080
1145
732
-2906
2545
-762
-193
1342
-920
-1016
2129
-1661
-1246
3608
-3622
1556
474
-392
376
-253
-81
-295
595
-1426
2352
-905
-1189
1536
-611
413
-883
811
455
-1824
1868
-354
112
-1429
347
1835
-2099
1008
222
16
-730
766
329
-2204
1733
-340
69
900
-2428
3065
-1319
-1746
3503
-2289
-685
1654
214
-1549
1453
-240
-1326
1925
-1830
1277
145
-1988
2170
-1047
-121
802
-628
-271
75
827
-947
1137
-431
-1399
1823
-654
-777
797
-402
197
-158
843
-627
494
-570
-514
1481
-2110
1793
-923
-336
699
-536
869
-478
-516
775
86
-2199
3112
-748
-2413
2922
-532
-1790
1857
370
-1758
1044
263
501
-1174
-336
2682
-3191
1248
1303
-1674
1015
-1135
935
-135
-920
7
1352
-1280
429
636
-919
1191
-1916
1034
1395
-1826
561
870
-1002
413
454
-777
-332
2187
-2686
1566
1032
-3098
2278
-1038
256
-461
1027
-1747
2102
-793
-2025
3746
-3540
1671
-222
-846
536
481
-716
248
1802
-2141
308
1089
-331
-1749
1176
611
-1247
183
962
-444
-287
-347
589
710
-1723
846
525
-649
-260
639
-71
66
19
-609
1235
215
-1204
476
528
-1281
554
1020
-587
-601
1583
-1896
1157
792
-2734
2096
-702
421
-1015
1417
-240
-633
-623
632
2042
-4060
3137
-834
-1546
2426
-867
-971
1394
-839
-937
2515
-864
-1453
1070
121
-495
246
-354
505
-533
531
-510
930
-753
-1417
2158
268
-2263
1297
1350
-2317
717
570
28
-1035
1269
63
-90
-1477
1682
-9
-2252
2038
-287
-132
-642
2630
-1890
-419
276
380
103
-1334
1581
16
-279
-588
1530
-1440
-435
726
-409
1270
-850
-676
1884
-1762
-102
819
-1186
279
1228
-687
-933
2831
-3592
1989
315
-1939
1968
-1994
2277
-1586
1023
-439
-3
264
-1775
2792
-1975
393
351
309
-356
-441
1017
-1320
1180
12
-897
488
-41
-10
-619
316
321
-1384
2076
-248
-1044
1361
-1078
-571
1133
-246
-877
1536
-294
-933
947
-50
-1008
1262
-923
-95
1454
-863
-610
780
300
-1694
1045
81
513
-763
-44
1500
-1174
40
779
-526
-200
1127
-110
-782
250
475
-1851
933
1547
-2576
353
2251
-2557
1862
322
-2654
1739
-1146
-278
1965
-334
-2031
2762
-1516
-247
1658
-2661
1370
-7
-1123
1652
-192
-1488
1664
-1466
305
691
-655
204
248
-49
-1454
1518
-72
-790
-130
809
504
-362
301
18
-622
341
146
-335
1076
-1035
-509
1712
-939
-406
878
-1682
773
851
-402
48
358
-768
-63
222
-257
930
-475
717
394
-965
1501
-639
-1728
2747
-2456
459
2703
-1947
-949
2535
-2254
-1595
3946
-3254
735
1575
-1797
282
1436
-2304
1164
-291
-780
1132
-540
740
-1233
828
-218
93
-1428
1946
-1697
537
1762
-1833
575
32
-663
153
299
-1243
1814
-1586
1007
-100
-49
-143
-428
1040
-264
-146
681
-116
-863
1194
-1267
555
-162
573
43
84
-159
12
-88
-88
427
-829
-67
868
39
-767
1151
-1629
419
85
793
-587
-818
1513
-421
-806
1371
-453
-1565
1838
-976
1570
-369
-893
613
-191
-363
873
-386
-474
588
-576
1127
-426
-939
1057
-1030
-1654
4526
-3574
466
2231
-3068
1081
617
-517
-125
1169
-1676
1594
-576
-96
380
-1238
-739
2301
-1080
-317
2061
-2133
998
-983
1105
-805
-499
587
-583
646
-285
945
-1231
-408
2338
-1849
-279
1258
-257
-893
1046
486
-373
111
-1254
2296
-2205
60
1286
-173
-1270
1698
-663
-1110
1915
-1884
1446
-1984
2027
-303
-1474
1563
231
-2053
632
2351
-3317
1671
660
-1252
880
-456
37
796
-1213
424
959
-1095
427
263
-173
-364
-239
629
-509
379
-40
5
-430
144
287
-1083
1584
-430
-930
937
647
-788
-61
255
-429
299
356
-1114
1537
-1251
-553
1970
-2146
2095
-727
-717
492
537
-1155
862
422
-1922
2280
-1760
1906
-38
-2242
1514
354
-1470
1249
888
-1893
630
217
506
-858
-39
1046
-829
-589
1492
-534
-899
766
-507
-777
1178
-13
-1096
1374
-927
-492
736
346
-266
535
-1597
795
903
-1290
1619
-1357
188
104
114
-143
415
-732
-803
1096
-668
760
-307
131
-704
-487
1095
208
-125
-564
-473
551
936
-853
488
-53
-1347
1141
154
757
-1256
-252
1519
-1745
1000
1082
-1278
-1291
1084
583
105
-170
-398
997
-1398
833
1325
-1337
61
523
-162
389
886
-847
-187
329
313
-507
434
788
-1287
-33
607
-146
-439
1532
-2002
636
1038
-1664
929
412
-588
-965
1368
-719
-120
338
-404
-191
219
125
-256
-152
-622
-194
523
-958
-20
1136
-1642
1390
-520
-1183
1156
-607
-731
1735
-1015
-649
2070
-1713
-80
1104
-639
-457
1342
-225
104
-363
286
331
-1467
1272
214
-717
-36
1342
-521
-1189
1655
-227
-928
1301
149
-1255
1056
404
-819
1032
-458
952
197
-1531
1201
-139
-922
1196
400
-1048
451
165
-282
-1003
348
263
-247
424
22
-251
182
78
-720
347
-1289
997
899
-1224
258
402
-867
-81
270
-366
-5
-1070
1599
12
-1785
1607
-641
-1416
1335
-190
-225
809
-560
-912
1005
-138
-814
1042
-891
892
549
-406
1004
-1311
333
-428
646
541
-908
952
-816
932
52
-286
84
-833
535
656
326
-687
473
3
-808
870
-111
-192
75
247
1007
-472
-346
754
-839
-422
968
-306
452
178
-993
99
293
-1222
525
-191
-777
933
237
-948
112
479
-2244
1123
368
-534
764
173
-312
-669
539
-202
-349
-352
338
352
292
280
-469
-211
46
-557
1078
-187
-897
1497
-505
-187
204
-194
-136
-456
984
235
-318
753
-506
-916
1322
-220
-555
890
-1018
-197
1447
-297
-467
852
-1062
307
1029
-462
453
-208
-305
429
268
-223
6
-400
-229
177
336
-260
330
-241
-869
378
-725
31
599
-566
-603
512
-480
-330
671
-1209
-292
1274
-568
694
310
-1246
295
253
360
-300
269
379
-4
265
356
-207
-563
410
291
318
672
-223
93
-190
-169
375
-301
712
-749
383
1380
-1573
521
1059
-1826
113
599
-128
320
-50
-359
-537
-165
-267
61
-666
-247
-392
440
537
-1686
59
101
-890
642
350
-582
-268
624
281
-20
-256
-64
589
-145
536
187
175
-117
-30
1234
-262
-496
963
-437
-375
791
-84
64
-353
-36
460
287
-565
19
266
-505
208
168
507
-579
-544
468
-750
309
-58
-486
577
-1006
64
742
-775
-341
-375
-72
518
-396
522
-227
-769
697
18
27
444
285
-186
596
890
-52
-128
63
-21
317
791
219
144
40
-162
519
53
-335
214
-62
371
205
-40
304
-572
-418
40
-304
216
221
-319
-290
-552
-111
-410
-406
-204
-557
-269
23
-207
-595
-290
-973
-349
515
-364
-312
-3
-372
-897
-9
862
-653
-247
594
-740
-804
310
-546
-953
-30
-1208
-26
155
-1443
58
-292
-938
348
779
-41
569
1071
44
1405
1104
946
2101
2268
2335
2147
2338
2180
3069
2772
1786
1849
1555
1438
2161
1135
448
46
-846
-706
-1686
-1600
-2042
-2640
-2431
-2369
-2788
-2653
-2851
-4056
-3787
-3235
-2120
-1501
-1111
-1600
-2084
-1250
-489
-319
308
498
599
2076
2178
1989
1750
700
529
1640
2175
2716
2587
2135
1314
688
606
530
-62
307
1493
183
971
379
-908
-1584
-1936
-679
-1150
-770
115
-658
-958
-1937
-2789
-1103
-1631
-1528
556
296
-1077
-662
-1558
-1886
-1389
-1587
-352
-930
-186
-337
-1833
-1621
-2013
-959
513
263
534
447
409
1125
1560
1127
62
1663
4551
6636
5941
2776
1478
4538
7382
6336
4736
2491
2873
5584
6277
4518
1655
-94
404
605
30
565
-1280
-3385
-4899
-5054
-3150
-2670
-4675
-8207
-10357
-7859
-3903
-3878
-6046
-7526
-6782
-5817
-4882
-3434
-3183
-2176
-1467
-2002
427
3022
3581
1952
-228
783
5786
9655
8615
5742
3406
3546
4702
6702
7197
5545
2913
2574
3531
3729
2026
-1894
-3502
-3562
-1940
629
198
-4484
-8041
-7878
-5222
-4280
-4208
-3960
-4098
-4146
-3749
-2544
-2334
-2687
-3629
-1340
2003
3672
3616
1910
548
731
2479
4902
5184
4204
3815
3458
3105
1721
1135
664
321
-418
150
1106
-847
-3468
-4823
-4813
-3494
-2346
-925
-737
-2936
-4558
-2855
125
-852
-1874
-1239
3074
6956
7939
4462
1307
3403
7794
12182
10102
5838
3433
7643
10560
8586
4714
3037
3658
2679
1700
990
1100
-2949
-6398
-6875
-4905
-3257
-4836
-9910
-14551
-15030
-9536
-5416
-8699
-12758
-12327
-8991
-8755
-8232
-7105
-4616
-3901
-3754
-1112
2293
3598
2523
695
1465
6522
10645
12881
10047
7319
6077
7812
9049
8369
9444
8179
6364
4794
3598
2542
917
-2569
-3780
-2076
-911
-1222
-3823
-7255
-9170
-9092
-7198
-6137
-5317
-3970
-4649
-5386
-5523
-4459
-2853
-1798
-1257
1887
4646
3998
4081
2454
1177
3958
6344
7278
7528
6651
5583
4130
1849
1656
3522
2387
992
1071
989
-729
-4530
-6014
-5785
-5583
-4660
-5057
-4599
-3747
-4909
-5841
-5962
-5646
-4035
1019
3081
-446
-3613
207
7097
10177
6762
3924
7252
11920
15337
11101
5477
3472
8252
13802
13772
8303
3759
2720
-363
-1161
-105
1345
-2234
-6613
-8107
-7979
-7925
-8898
-13383
-17957
-15914
-10283
-6254
-9559
-15526
-15955
-12007
-9814
-7975
-5298
-2283
-1257
-2047
-1761
807
3719
6250
6075
5298
8773
12713
13600
11369
9605
8286
8971
8866
11229
14048
9901
3743
664
1818
3129
1414
-1717
-3456
-5016
-5016
-3636
-4669
-9265
-12263
-10891
-7475
-6435
-5889
-4021
-6560
-9529
-7423
-2564
173
217
-13
1963
3191
3879
5300
4546
4081
5781
8448
9315
8023
6526
5926
3850
2243
3924
5178
3624
805
-1023
-1146
-2382
-4771
-5668
-6147
-5718
-6540
-7237
-6614
-7043
-7846
-6694
-4749
-4686
-5011
-2592
1651
1558
-602
-1617
3258
9873
12413
10663
7685
8776
12661
17375
14809
7961
4483
10456
16965
15155
7900
1769
517
412
-144
-1111
-511
-4729
-8996
-11321
-12348
-12079
-12330
-15632
-19821
-18048
-13074
-10334
-14091
-18892
-17896
-12616
-9972
-7651
-5138
-3472
-2343
-2347
-1432
1303
5670
9700
10008
8628
9887
12580
14338
13712
13296
13603
13518
11411
11541
12457
9528
5874
4241
4219
4090
1777
-1550
-3928
-6825
-6476
-4564
-4815
-7650
-9557
-9706
-9851
-10663
-9598
-5395
-4900
-6562
-5544
-3479
-2918
-2260
-779
1772
3711
4741
6209
5929
4649
4966
6660
7239
6892
7430
8978
7321
2463
880
2068
2650
1254
-149
-287
-1658
-3903
-6185
-7125
-8168
-8888
-7951
-6267
-6027
-8321
-8734
-6984
-6483
-7337
-4876
-564
3049
1989
-487
-1458
481
7411
13508
15560
9856
7437
11131
16473
15325
9793
7133
9097
15544
17329
12057
2660
-2110
-2099
1004
1053
1161
-1801
-7690
-12710
-15809
-13412
-10884
-9914
-15069
-18274
-16667
-13024
-13038
-16482
-16410
-11547
-8195
-7406
-5637
-4341
-2873
-2842
-800
2541
6857
10789
11825
8291
5024
8199
14393
18289
16600
12828
11283
9394
7535
9447
10877
9134
5160
2545
2096
750
-2689
-5562
-6311
-7286
-5022
-2832
-5421
-10463
-14365
-12544
-9506
-8328
-5657
-2555
-3974
-7961
-8999
-5424
-396
1510
2465
3892
4687
4868
4490
3503
4598
6667
7908
9026
8700
7741
5197
1521
1142
3017
4320
4176
1789
-567
-2758
-5137
-5646
-5018
-5189
-5111
-5381
-5987
-6928
-8814
-9206
-7356
-5194
-3480
-2575
-1286
-418
-946
-578
350
1945
3047
7459
12832
15302
10146
4366
6033
11791
17544
14519
9300
7049
10026
11684
8270
2527
382
2263
3361
860
-2857
-5203
-9495
-11236
-11965
-10508
-9081
-8310
-12442
-18001
-19932
-17016
-11956
-11423
-10453
-8640
-8610
-10529
-10737
-7615
-1869
1361
2878
3251
4033
6834
8213
5531
4158
9183
15910
18176
14231
10554
9483
7663
5610
8624
12502
12402
7359
2015
-468
-1969
-3153
-1926
-649
-2628
-4877
-6289
-6821
-10001
-12172
-10112
-6819
-6762
-5965
-4168
-5283
-7930
-9189
-5220
-169
2079
3075
3283
1759
1527
3258
4818
5760
7809
8589
7111
4742
4937
6205
4090
2409
3101
4341
3082
-60
-1755
-1751
-3270
-3969
-3380
-3861
-4826
-6295
-7095
-6877
-6788
-7009
-5948
-5279
-5695
-4251
-1308
958
73
-2321
-169
3356
4299
3641
4726
9997
13385
12639
8178
5853
8362
13588
16877
13341
8202
5024
7282
9298
7168
3604
1961
1643
-111
-3437
-6155
-7369
-8612
-9144
-10006
-9837
-10647
-11695
-15312
-18449
-17265
-13100
-9628
-10256
-10898
-10119
-10373
-11403
-9135
-4480
854
2737
2209
1210
1310
3236
5813
7085
8118
10931
12479
12199
9589
8687
8775
8250
8065
9647
10826
8440
4872
1463
890
731
8
610
-238
-2540
-4778
-6085
-6552
-6800
-6240
-5790
-6029
-7222
-6547
-4238
-4698
-5506
-4658
-1830
-357
-890
448
2147
2608
2617
4166
4899
4425
4854
5690
6015
5277
4818
4987
3248
2044
2867
2458
1210
259
693
113
-2704
-4659
-3867
-3180
-3523
-3764
-3723
-3996
-5146
-6277
-5903
-4790
-3872
-1935
-845
-353
-1238
-1696
-1452
-50
1839
4999
7316
5919
3293
1779
5641
8450
9808
8646
8089
8611
8550
7302
4117
2545
2989
6321
6775
3938
-382
-2085
-3241
-4572
-5542
-4939
-4553
-5654
-7592
-9815
-10823
-11413
-9903
-10012
-9834
-9212
-7912
-8196
-8784
-7692
-4884
-4197
-5179
-3453
-1020
890
1136
1360
1813
3324
4225
5578
5152
4904
6593
8437
8038
6945
6678
6909
6184
3665
4717
5578
6119
5216
2910
485
-983
-1255
-93
280
-926
-1275
-2324
-3934
-5687
-5513
-4183
-2874
-3364
-2610
-2327
-2885
-3497
-3848
-2006
-500
1008
1981
2553
1597
3
48
2114
3867
3936
2808
2429
2246
2458
2150
602
463
1067
1345
203
-610
-487
-4
-1325
-2566
-2440
-1856
-1071
-645
-561
-1371
-2044
-1796
-871
-1060
-874
-219
1092
1987
1129
394
1350
1845
1077
984
2533
4648
4209
2836
1833
1247
605
1286
2848
3886
3071
1000
-13
-746
-238
314
-198
-975
-50
316
-1051
-2622
-3858
-3970
-3624
-2701
-2089
-1909
-2540
-3525
-4793
-5326
-4307
-2620
-1104
-881
-2081
-3053
-3268
-2905
-2096
-1216
225
823
52
-1682
-1360
-111
434
695
1100
1769
1505
578
-443
139
1180
2028
1968
2388
2497
1620
571
203
1391
1965
2308
2217
2726
2739
1622
581
572
1075
1611
2515
3081
2724
938
-67
196
511
107
915
1770
997
-609
-1038
-657
-1881
-2212
-1103
15
10
-652
-1756
-3353
-4275
-2965
-1047
-206
-162
-692
-2237
-3799
-2945
-881
224
209
1177
1834
492
-1380
-1092
709
2326
2889
3949
4410
2730
721
-50
1946
3269
3738
4147
4185
2424
114
-773
-203
807
1620
2180
739
-1596
-3494
-3940
-3409
-2181
-1507
-1262
-2109
-3223
-3796
-4447
-3873
-2376
-855
-592
-543
-176
-388
-1081
-378
652
1713
2375
2467
2586
2254
1848
1457
1874
2466
2681
1430
256
269
556
-29
-832
-1068
-873
-1597
-2879
-2768
-2630
-2885
-3054
-2329
-1992
-2751
-3845
-3744
-2759
-1948
-1270
-812
-806
-1024
-1120
-1016
-492
280
1629
2645
2768
2199
1641
1178
1866
3212
4099
4148
3517
2794
2056
1895
1798
2074
2071
2272
2246
1464
20
-1195
-927
-153
466
53
-1002
-2010
-2039
-2030
-2026
-1704
-1350
-1372
-1727
-1718
-1423
-1024
-1641
-1168
-75
582
627
343
460
224
198
870
2176
2774
2379
1521
998
669
1019
1876
2649
2448
1628
1040
422
328
-12
368
784
510
-89
-558
-957
-1295
-1184
-1114
-1049
-895
-608
-1014
-1775
-2206
-1302
-357
-303
-718
-1025
-1123
-1550
-1011
113
744
208
-334
-579
-783
-710
-388
346
591
68
-601
-953
-1226
-1090
-484
54
-313
-1326
-1371
-688
-564
-810
-794
-514
-481
-504
-316
151
113
4
528
970
1218
1244
1219
536
35
704
2153
2397
1473
477
144
445
654
1034
1195
979
145
-325
-665
-568
-389
-211
-310
-751
-862
-909
-881
-1288
-1482
-1285
-460
174
4
-651
-832
-1014
-816
153
1228
1621
589
-365
-392
573
1288
1882
2000
1645
625
-107
358
998
1498
1238
987
579
17
-689
-565
88
319
122
-36
-81
-206
-254
-872
-941
-434
460
973
788
246
-167
-487
-401
458
1425
1899
1153
667
559
373
461
971
1530
1638
937
594
759
271
-350
-506
208
630
116
-754
-1133
-1495
-2063
-2313
-2162
-1562
-1350
-1949
-2846
-3139
-2973
-2811
-2790
-2251
-1571
-1624
-2158
-2186
-1618
-1278
-1198
-1089
-47
906
734
453
741
1226
1595
1708
1843
2174
2256
2132
2221
2268
1949
1706
1577
1519
1331
1128
1178
1090
622
-116
-704
-485
-185
-384
-748
-1154
-1523
-1874
-1867
-1380
-886
-1010
-1322
-1212
-720
-605
-744
-255
621
1027
747
562
829
1307
1574
1978
2325
2292
2120
1925
2022
2177
2136
2041
1895
1491
1123
670
292
-119
-471
-606
-869
-1139
-1727
-2167
-2255
-2132
-2237
-2462
-2677
-2469
-1844
-1678
-1979
-2085
-1633
-1289
-1002
-519
252
388
177
249
826
1462
1636
1945
2185
2142
2102
2396
2402
1936
1574
2096
2604
2168
1126
493
590
741
384
-279
-502
-711
-1026
-1576
-1984
-1973
-1875
-2313
-3011
-3092
-2473
-2250
-2783
-3083
-2835
-2320
-2145
-1823
-1494
-1276
-1062
-692
-39
387
368
677
1240
1241
1235
1711
2566
2719
1905
1376
1939
2525
2511
1932
1484
1511
1353
1056
818
758
631
225
-370
-440
-415
-669
-1046
-1085
-883
-760
-879
-1174
-1302
-1370
-1002
-346
60
-173
-505
-274
570
875
650
720
1086
1367
1306
1319
1620
1786
1406
1177
1237
1352
1293
951
409
154
235
299
-94
-925
-1239
-1192
-1268
-1578
-1716
-1798
-1937
-2174
-2305
-2167
-2230
-2008
-1544
-1309
-1393
-1429
-1163
-751
-481
-74
513
727
639
694
1096
1427
1519
1681
2052
2215
2087
1751
1514
1461
1535
1637
1518
1168
746
340
-179
-341
-179
-204
-745
-1245
-1230
-1094
-1306
-1738
-1770
-1531
-1401
-1297
-1207
-1358
-1455
-1286
-767
-449
-531
-605
-547
-396
-82
464
611
371
94
344
821
1010
998
923
953
1017
1171
1203
1160
1091
1070
981
896
942
1051
969
653
415
258
243
257
384
397
40
-464
-605
-451
-287
-270
-279
-365
-770
-970
-658
-59
45
-400
-826
-613
-176
35
78
-60
-208
-459
-476
-287
-2
93
-89
-429
-729
-729
-499
-222
-211
-412
-530
-537
-575
-629
-687
-592
-327
-44
-35
-307
-520
-446
-187
51
360
732
796
478
255
385
828
1165
1333
1221
889
804
1085
1331
1062
719
868
1248
1127
683
471
455
415
244
87
-11
-225
-533
-743
-931
-947
-785
-831
-1202
-1480
-1375
-1178
-1205
-1292
-1127
-998
-985
-923
-792
-705
-789
-808
-572
-189
184
293
165
-124
-288
-74
294
636
574
351
75
-101
-28
193
471
575
536
304
252
291
470
750
908
839
598
567
811
1019
955
913
887
797
665
771
963
1045
833
476
381
540
776
662
337
66
91
157
47
-196
-339
-383
-439
-412
-395
-468
-735
-972
-1083
-1068
-1046
-950
-929
-1128
-1398
-1441
-1303
-1358
-1549
-1509
-1078
-778
-808
-987
-961
-743
-600
-560
-390
101
455
356
36
14
407
796
973
1066
1171
1227
1205
1235
1288
1284
1361
1502
1565
1436
1283
1264
1225
1034
827
810
929
809
522
281
133
123
-24
-209
-360
-392
-451
-757
-1020
-1078
-984
-903
-989
-1174
-1318
-1313
-1139
-1128
-1259
-1237
-992
-793
-872
-1078
-1027
-770
-682
-764
-709
-529
-369
-228
-305
-393
-333
-94
69
118
224
446
546
310
205
424
740
741
741
856
972
913
699
711
903
1096
1120
1095
911
612
465
705
1021
996
657
351
469
692
705
551
430
397
379
317
322
408
472
346
155
-9
-119
-51
-35
-55
-227
-350
-447
-588
-702
-755
-719
-783
-889
-1047
-1043
-966
-1053
-1288
-1384
-1148
-856
-876
-1136
-1268
-963
-592
-518
-509
-452
-307
-161
166
430
525
435
344
452
754
1140
1303
1280
1004
865
882
1082
1394
1521
1236
767
608
629
646
494
372
215
-111
-461
-499
-450
-609
-1001
-1281
-1090
-870
-904
-1273
-1613
-1589
-1345
-1152
-1027
-867
-816
-970
-1079
-897
-569
-382
-229
-26
145
202
146
154
211
327
604
963
1051
899
767
667
583
624
774
953
998
840
596
377
325
351
437
461
410
278
161
96
145
253
188
15
29
347
478
331
75
136
353
483
469
423
523
528
577
564
608
590
489
429
491
570
460
207
-38
-166
-261
-210
-244
-492
-905
-1128
-1094
-919
-905
-1190
-1414
-1503
-1402
-1142
-921
-1018
-1271
-1417
-1234
-811
-424
-412
-578
-570
-370
-121
89
438
640
695
622
729
1112
1328
1253
1087
1124
1427
1647
1528
1180
921
829
801
892
878
713
304
-132
-380
-388
-412
-588
-807
-1088
-1286
-1396
-1344
-1419
-1679
-1845
-1685
-1385
-1264
-1371
-1491
-1461
-1368
-1151
-717
-274
-182
-371
-460
-110
342
593
681
777
879
958
1029
1157
1220
1069
1004
1081
1297
1292
1038
748
611
639
714
808
789
555
177
26
139
345
380
272
139
64
6
-8
107
263
307
222
189
309
470
447
369
383
634
769
647
458
329
305
304
417
478
404
86
-193
-252
-235
-320
-394
-410
-610
-888
-1136
-1160
-1097
-1125
-1245
-1270
-1331
-1527
-1619
-1552
-1407
-1336
-1216
-1125
-1058
-1085
-1033
-729
-380
-149
-85
24
235
539
784
872
957
1063
1169
1321
1475
1662
1623
1381
1162
1143
1251
1268
1185
939
660
353
202
107
38
-193
-458
-563
-590
-697
-1045
-1281
-1308
-1072
-941
-971
-1133
-1253
-1236
-1075
-842
-760
-701
-645
-433
-303
-326
-291
-34
228
303
297
421
665
740
623
568
646
694
805
847
920
866
613
361
258
490
696
773
573
231
62
87
183
133
81
-28
-53
-34
-154
-244
-249
-103
48
96
110
103
6
-92
15
226
410
458
365
227
194
284
331
359
276
139
108
109
102
105
-14
-199
-343
-418
-364
-246
-142
-287
-569
-751
-699
-505
-360
-343
-439
-445
-423
-450
-424
-275
-206
-227
-275
-183
-17
64
81
-47
-26
111
356
518
469
291
111
91
201
370
467
354
145
-20
-101
17
23
-81
-355
-446
-327
-256
-331
-623
-641
-653
-572
-430
-374
-499
-727
-665
-689
-526
-288
-115
-58
-240
-262
-218
73
228
316
299
310
519
589
656
641
552
429
560
707
773
664
525
423
369
394
519
634
519
433
216
170
197
208
112
89
183
203
91
-82
-148
-221
-32
3
38
-44
-74
-174
-299
-261
-153
41
-111
-129
-181
-108
-88
57
64
-70
-52
-91
-110
-293
-291
-260
-70
13
10
-105
-209
-297
-360
-288
-189
-97
-96
-100
-159
-17
45
150
176
194
116
73
225
257
241
79
153
354
399
354
175
138
121
15
15
85
139
67
-10
-224
-223
-222
-274
-363
-409
-347
-427
-395
-500
-497
-568
-548
-483
-411
-363
-425
-373
-420
-411
-450
-328
-137
-172
-229
-273
-152
18
103
144
147
236
275
413
420
435
440
413
460
473
502
373
369
365
361
226
245
418
440
246
26
62
90
63
-16
52
117
215
130
59
174
153
155
131
244
293
196
99
56
85
89
54
41
112
61
35
4
35
-52
-166
-259
-292
-257
-250
-201
-140
106
82
139
25
148
-350
-570
-884
-1078
-1161
-602
372
100
1047
408
696
-13
-102
-686
-1733
-1150
-1139
151
-147
1545
1903
1630
1418
909
-50
-938
-696
-1017
-612
298
1267
1289
1453
971
850
-466
-823
-667
-1015
-944
-447
217
139
117
-208
-201
-809
-1014
-858
-871
-992
-594
-875
-549
-125
-113
32
-53
-250
-474
-198
-487
-362
-721
-232
284
388
725
778
559
408
506
285
249
383
562
536
570
695
767
502
429
310
426
558
624
300
157
34
-122
101
82
235
-15
-32
-116
-55
-149
-68
-2
-27
2
-157
34
-65
-150
-158
-101
2
198
145
56
-191
-255
-201
-225
-161
12
-111
-220
-130
-267
-119
-340
-189
-133
-222
-407
-535
-384
-180
-209
-156
286
260
214
-116
-76
-96
-31
32
208
286
180
309
167
429
294
216
193
101
-14
-135
-291
-265
-288
-357
-76
167
585
606
712
817
799
626
364
-93
-464
-820
-902
-823
-483
125
198
658
714
700
-22
-730
-1319
-2244
-2203
-2138
-1154
-281
321
1349
888
566
419
-551
-1174
-1446
-848
-561
122
1071
1238
1539
666
562
112
-600
-365
-731
42
148
786
1046
944
1105
312
498
-296
133
295
178
817
912
1117
742
963
488
406
61
-98
34
-203
79
22
47
80
202
-398
-339
-706
-919
-1095
-1077
-559
-613
97
-77
259
-174
-322
-332
-636
-93
-327
255
230
518
642
353
441
-21
69
-165
70
45
13
232
-83
158
-173
-64
-240
-631
-581
-451
-543
-691
-238
-203
20
-99
-125
-152
-423
-575
-370
-579
-223
-13
-315
135
-118
90
150
546
125
29
457
247
209
255
518
126
323
538
623
80
433
574
278
205
339
246
-316
540
85
-181
-161
252
245
-95
171
-172
-635
-537
-222
-795
-365
-51
101
138
116
454
161
-181
-24
-153
-446
-282
421
-212
201
742
-1
559
-185
5
-395
-355
-213
-182
430
131
798
70
-144
536
-195
-588
-55
-526
-382
-127
584
276
-160
285
-261
640
-635
451
194
-925
777
-141
361
-485
266
-1
-162
242
-141
842
-167
849
682
364
112
-115
-510
-610
-390
39
331
-200
1020
453
180
19
-588
-907
-972
-382
-508
-507
-405
504
329
-753
227
-322
-988
-627
-627
-890
-860
-486
193
-50
-39
627
73
84
-103
130
-799
284
-100
728
1682
-274
1196
473
258
276
-247
-114
-279
944
22
1087
405
-72
1123
-1561
314
-572
-1050
-39
508
-627
-9
1692
-864
473
-331
177
-940
-374
309
443
333
-395
1878
-473
262
276
-168
-477
-211
199
-84
199
-596
-344
-79
-14
-263
1155
-556
69
101
-620
-258
-453
-571
-388
1354
-622
787
1393
-910
177
435
-1543
93
354
-386
1062
-42
-391
1702
295
-773
973
-444
-262
315
27
-166
-57
-326
827
848
-1024
873
-661
-597
908
-400
661
-902
249
-528
625
248
-1140
935
-1435
1291
-55
-943
-1556
166
-380
-1283
993
-98
45
-300
525
-1164
-1060
-1078
355
-421
206
46
599
-615
-324
1572
-808
-468
-256
1483
-1026
1295
-656
-474
419
634
1031
360
1233
-1895
893
-647
-1134
-2
494
528
530
1300
9
-18
790
-1674
905
-112
-436
1710
-631
1506
-1094
44
-230
490
338
-289
983
-888
380
-224
-490
422
-885
327
373
-1399
1372
-68
-1347
-563
494
-728
-436
1105
-1221
499
44
-973
1392
-482
-877
112
366
-1459
260
1451
-1467
595
735
432
-1039
2822
-1540
-781
1920
-749
1791
-714
339
169
-15
-1378
2121
-440
-1239
3228
-828
-1332
3032
-2220
-1541
1887
-550
-396
787
1887
-2285
2161
-1105
708
-1017
-2618
2675
-714
-359
710
1503
-1696
-1024
741
-603
-1495
-406
-234
226
-2568
1415
864
-2180
455
120
-575
-2136
1358
-465
-1866
1635
709
-690
1129
-660
1317
-1231
-1067
1264
51
-872
497
3218
-2965
1698
74
-1158
1894
-2308
1618
833
-582
266
1626
149
-1229
2156
-2445
999
549
-1284
1372
443
-9
19
1460
-1769
245
-239
-220
-1104
1458
88
-714
1902
-496
-1399
-812
1697
-2974
1175
1835
-1187
-770
1209
-137
-1844
2272
-1479
-716
-92
1161
38
258
653
-1610
1320
-2696
1560
454
-1232
2266
140
340
-90
-372
-890
-1150
-75
1583
-733
1350
979
1271
-1606
920
-929
-1236
1172
-2698
2961
-523
-179
634
1621
-1337
1212
-597
-1154
1283
-2515
754
262
193
-93
2005
-493
94
251
-2342
184
-587
-1671
1684
-971
2487
-475
835
494
-2968
1361
-2830
242
-1321
632
110
1547
-130
156
413
-2530
-428
363
-1266
242
894
-323
2844
-3469
2463
-839
-2698
1891
264
-1782
365
2546
-2519
1550
1847
-1693
2038
748
-1818
1651
-1178
157
652
8
-811
1293
153
981
199
-1072
-47
-333
553
-2103
1547
-374
259
-868
2053
-174
-2527
1927
-1972
225
694
-2018
2941
-227
-602
1833
-650
890
-1137
2369
-2220
-462
681
-592
632
-1403
2960
-2014
1443
1032
-3445
2975
-2634
-1872
2502
-766
-376
1656
770
-2225
2460
-1613
-956
1750
-2460
1086
1374
-1120
-153
830
-190
-1054
1080
-173
-1993
1041
-449
549
117
621
-700
894
125
-1483
1248
-1165
-180
637
865
463
1360
-884
264
806
-999
110
-404
44
-688
-162
765
-946
-185
497
267
-2322
1339
-637
-2374
2664
-1294
811
-688
642
418
-1725
1155
366
-1810
514
834
163
-674
1312
78
-1023
1733
-1543
2013
-2803
1793
-602
-1420
2065
-961
689
-1010
908
-26
-830
513
1136
-1990
1664
-237
973
-1858
2007
-636
-1357
2228
-2375
3340
-4433
3060
-93
-1765
1716
-30
-240
-1697
3812
-2994
808
416
-1800
4056
-3397
799
1690
-1932
667
197
765
-3309
4365
-2867
643
1333
-2334
1028
-1405
1793
-3242
3303
-2625
1734
200
-585
1010
-1959
1118
-1158
2512
-3282
2921
-1202
-352
1423
-2031
1078
21
19
-148
2395
-2398
693
466
-1186
219
1112
-1822
65
1813
-1770
1767
-568
223
125
-643
-189
1079
-903
60
1946
-1226
522
176
-1138
-755
1303
-2050
1317
-62
-223
1589
-1990
574
818
-1419
-1138
3336
-3613
1547
604
-995
243
-761
1548
-2190
1667
-1509
1702
-1439
358
1762
-2024
2097
-1824
800
-289
-1468
266
766
833
-1778
3318
-1819
-721
2086
-2528
505
-459
428
-133
437
283
1079
-2000
2338
-221
-2403
2910
-2413
1932
-161
-1618
1043
2394
-3384
1513
1253
-2945
2088
-2029
1026
-624
563
-337
792
276
-264
-247
-1055
2000
-3267
2037
1165
-1372
1516
-1251
1295
-862
-925
1323
-756
-299
578
1895
-2822
1832
606
-3167
3034
-1173
-1257
924
-443
-410
2328
-2092
959
1768
-2426
792
1132
-1696
-713
1869
-2935
3198
192
-1049
1194
-587
-940
-467
1738
-4032
4104
-1305
-1305
5260
-5071
842
1260
-2743
-377
3453
-2724
-726
4726
-4449
2116
-925
-830
605
-328
-198
-435
2574
-3211
1847
261
-920
-1166
2160
-728
-2390
3929
-3159
1059
1623
-1843
1608
-843
-882
1504
-604
-210
1131
704
-2333
2898
-1184
-2101
4485
-4477
2473
934
-2025
2076
-1771
115
28
515
-1528
1614
1055
-4149
4237
-2320
-631
2322
-2237
2592
-2658
2323
-774
-249
-459
424
304
-1769
3907
-2307
-126
1159
466
-1573
1283
-854
841
-1434
808
1606
-3125
2552
-2919
1881
-1570
617
-689
729
115
-1433
3431
-3713
2164
-1984
320
1523
-1977
1160
1074
-110
-807
397
366
-107
-1171
438
1637
-1838
-139
2566
-1737
-395
250
1520
-1701
-132
1435
-828
-261
809
-180
-36
1576
-1673
-436
183
1366
-2845
2708
-968
-712
2224
-3708
3517
-2107
-1160
2064
-679
-512
414
450
-794
264
-69
-1461
1619
-1101
117
1897
-3654
3656
-1499
-425
788
-685
1689
-3719
5274
-2547
-1392
3255
-3084
1890
-1081
1483
-1016
558
-192
-459
2596
-5483
4838
-1189
-3722
4922
-2438
-732
1024
-152
-817
2468
-1965
-564
3435
-2804
473
2243
-2245
-392
2499
-995
-653
1761
-323
-2103
3029
-1992
-952
3378
-2504
491
1442
-1198
-906
2296
-2511
1209
286
-1940
1786
-154
626
-2909
2930
-858
-2160
2766
-1321
-168
874
-916
682
565
-1238
601
-391
784
-1342
1650
-616
-1121
1621
-1679
1831
-2287
1619
-382
-918
1068
-1600
2044
-2753
2604
-1629
-848
2911
-3562
2238
381
-804
492
115
169
100
-1131
-29
2697
-2927
-83
3535
-4084
1882
549
-1847
247
469
284
-2606
4868
-4392
1283
1238
-1431
1090
-1723
3947
-4711
3851
-1021
-1502
3004
-3005
2227
-1216
1369
-1406
1352
-255
-1951
3154
-3244
2567
-991
-1147
2666
-2290
123
681
-815
-728
1880
-2385
1248
1635
-3296
2840
118
-2745
4045
-2091
-1040
4270
-3660
491
1462
-1142
-1283
3476
-3053
723
1680
-3921
5016
-4683
2105
768
-2060
1624
-408
915
-1779
2133
-2234
1177
529
-2882
3196
-1766
291
-659
916
1476
-4941
4621
-1891
708
132
-1035
3012
-4167
3337
-2155
1215
367
-2457
3400
-1331
246
-1302
1006
550
-2237
2221
-1006
-30
-109
-1085
2519
-2120
1061
-321
479
958
-3118
3940
-3056
1121
741
-2546
3686
-3219
1728
-193
-363
-358
-207
2455
-3480
2269
-796
-116
211
-1214
2090
-1673
412
413
121
163
-1051
140
1617
-1962
733
-255
505
-1074
-230
2262
-3107
2670
-2796
2683
-1392
-557
2201
-2606
2233
-1567
2158
-2204
1592
-701
-198
2082
-3511
3205
-1134
-2310
2781
-479
-1326
961
1349
-1843
499
1057
-1699
1358
-216
1
145
1161
-2216
533
1465
-1549
486
326
684
-1829
1568
-1175
675
-264
-490
1167
-524
-343
-280
1618
-1897
1821
-1434
1264
-396
-1221
1767
-2525
1789
-531
139
122
1971
-2218
-40
2485
-3805
2029
54
-882
190
1696
-1467
30
1477
-1924
828
543
-696
-1619
2792
-1993
213
1507
-1469
1325
-658
-747
654
926
-2824
2264
530
-2925
2871
152
-2757
2500
-654
-1990
3264
-2442
272
1748
-2599
1319
63
-579
258
-294
7
-448
602
-1305
2625
-1642
-798
2496
-3588
2559
-2066
530
651
-1385
871
311
1061
-3231
3256
-2501
349
1251
-1585
1331
83
-120
-206
2054
-2725
1884
-993
81
107
-628
1905
-2299
1360
544
-1584
1371
56
-1437
1244
569
-1268
991
1354
-2390
2414
-1268
755
-139
-97
957
-1462
2203
-2293
2395
-1107
-171
711
-807
577
-369
315
938
-660
-354
1600
-1381
-219
838
-1007
-511
1779
-2886
2905
-1027
-1224
1748
-1279
476
-1378
1809
-1994
1694
-1037
30
703
-1688
1746
-2203
1518
-311
-456
136
250
416
-1793
1231
-912
322
42
-712
406
776
-1138
-811
2642
-2078
-585
1687
-329
-1273
1453
-627
1289
-935
-655
3237
-4058
2143
368
-1542
444
708
-1107
1164
1191
-3213
3484
-2145
-552
1473
-357
-1491
1059
1541
-3123
3700
-2665
-541
2905
-2677
505
1058
-475
-311
1444
-952
-182
1608
-1542
908
505
-2261
2556
-1346
86
1050
-1468
1109
-1133
1175
-1666
529
558
-1740
2103
-1058
178
316
-474
713
-796
1498
-788
-544
1682
-701
-40
673
-131
-1028
1375
-370
-15
66
-310
21
29
-10
-359
1156
-1422
573
29
205
-233
-898
1531
-1247
273
587
-983
709
-683
-102
232
412
-783
-249
1292
-1332
505
-14
311
-534
-666
929
327
-1522
1588
-716
-653
1850
-3114
2766
-1169
-501
1178
1
-1527
991
1178
-3014
3461
-2112
1078
394
-1310
1385
-262
-135
-822
2119
-1606
258
271
-257
390
-1286
1286
-1341
397
575
-804
970
-438
-34
559
-1043
34
1765
-2657
1144
2021
-3169
1630
547
-1543
554
192
-1169
1257
-1432
-124
2080
-2279
1247
-269
-482
427
-401
-623
1712
-1832
90
2378
-2694
1501
-667
941
157
-884
926
994
-1517
146
1360
-1784
1682
-886
-398
1964
-932
-866
2207
-1194
469
-239
-405
1945
-1831
439
830
-295
-50
68
-249
1154
-937
-662
1768
-959
-439
1094
27
-1112
277
384
-1024
-159
-45
-73
-329
318
-898
212
125
-1008
644
-600
327
-416
-377
967
-295
-699
287
312
-90
-609
1138
-633
-29
-304
729
240
-1359
2028
-1593
1384
-1020
125
1144
-1051
375
-877
1810
-1631
285
1566
-1042
308
638
-734
214
82
-695
946
-123
402
-499
1494
-918
-594
1392
-1568
1621
-1472
736
-180
-560
963
-1183
1193
-1402
922
-1069
372
317
-2085
1818
-443
-341
633
-660
855
489
-2850
2208
9
-2333
2803
-307
-1328
1456
46
-1375
2084
-2462
871
1242
-2907
3961
-2933
184
1226
-1128
1028
-796
1343
-1947
971
29
932
-1432
527
1217
-2717
4277
-2934
1036
1175
-2722
2574
-605
-655
1274
307
-2240
3233
-1448
-1503
2001
-1997
1392
-1057
772
713
-2174
283
765
-1337
313
1524
-2753
1990
43
-1192
1835
-2514
1470
-1029
372
2072
-1715
-105
164
199
-252
963
-1853
1735
-210
-2130
3558
-2631
-1139
2482
-1717
943
-346
-66
601
-1244
1108
-562
262
-735
962
-670
-44
1332
-1245
1269
-797
1013
-150
-282
160
-793
1113
-1080
649
772
-1029
655
-269
239
-362
-448
78
-485
762
-825
1906
-1927
423
2374
-3491
2297
-402
-792
60
1190
-398
-1295
1664
-693
1116
-1673
631
722
-2081
1191
1437
-2734
734
1303
-1335
-263
899
73
-2035
2284
-1511
858
39
-724
1860
-1525
662
-131
254
-103
-739
1767
-838
-460
1256
-337
119
-529
834
-1741
309
2080
-2502
1463
-270
-910
1003
-1069
1074
-1713
1492
-1181
67
2105
-2739
2005
-1168
573
-230
84
606
-1037
1762
-1983
934
536
-2119
1836
-847
455
67
-851
1981
-1860
170
36
44
195
-1738
2375
-703
-777
1146
-977
1185
-1653
1535
-432
-34
218
-1446
3096
-3260
1320
992
-866
285
-159
1424
-1263
-274
1362
-2542
1132
588
-695
1241
-1655
2422
-2552
1935
-583
-865
589
-491
478
-1418
2942
-2677
1090
707
-1435
1145
-25
-1198
1122
-839
-459
908
-1050
891
-1081
1407
-660
-669
1336
-1158
194
500
733
-1927
813
2371
-3990
2503
571
-1587
1006
235
887
-1443
1240
-1630
950
56
-2012
2110
-400
-1148
764
934
-1860
642
1243
-2226
544
1268
-1647
973
874
-1344
1004
-644
1543
-469
-872
1666
-1001
369
-336
950
-922
489
-182
10
87
-978
1346
-1252
-414
1099
-193
-1968
1802
-123
-787
365
-278
95
-6
-496
938
138
-1995
2130
225
-793
-141
825
-1115
723
-508
87
1138
-1576
1140
-472
349
-863
831
-1328
37
946
-1137
1472
-1584
737
462
-1690
1766
-506
-477
999
-632
583
51
-87
-799
1556
-1014
135
959
-1274
1279
-1120
1141
-868
-436
799
-1347
1279
-426
-497
1006
-643
130
194
-184
64
454
-672
682
-40
-933
2455
-2552
501
2243
-2514
741
1389
-1407
-775
1343
-743
-761
1709
-1821
961
447
-1689
1773
-376
-524
-142
788
-1139
559
-253
471
-168
-239
1094
-567
1812
-1774
255
206
-184
-724
1443
272
-1404
1863
-867
596
-1071
415
-816
8
1385
-2068
1373
255
-2188
1357
721
-2616
1606
189
-647
991
-608
280
-1111
615
408
-911
844
-91
-843
1357
27
-1721
2084
-1130
-435
904
-449
539
-1798
1678
-332
-988
1216
345
-529
-54
518
-1163
410
-392
-412
1478
-602
-738
1715
-1294
385
-50
-301
231
-1003
1471
111
-771
284
663
-1184
611
789
-261
-1264
1987
-1590
363
1391
-2332
2439
-1703
465
203
689
-1773
170
2260
-2526
678
1231
-1258
-152
1232
-1362
292
-10
577
-665
717
-194
635
-85
-1330
2086
-2375
1172
237
-723
358
645
160
-1350
608
260
-128
-808
1123
-503
59
131
-4
338
-1343
1473
-267
-103
-161
9
933
-1322
525
-279
311
-589
474
744
-1503
646
-479
447
-468
-164
744
-719
131
209
513
-777
-51
510
-279
977
-1001
316
-232
281
-26
-516
1601
-2084
1360
-279
-369
217
-773
772
-403
140
-566
631
-547
412
105
-1162
1767
-1075
-701
2494
-2586
1544
239
-629
1443
-1445
450
567
-268
-1836
2633
-1482
-387
2042
-1748
961
-187
-526
569
-787
-132
48
4
75
184
-228
-319
724
-557
85
-100
756
-991
1042
268
-724
226
-273
49
628
-773
-998
2695
-2516
987
1246
-1369
-428
1310
-1046
188
767
-1799
2183
-2301
950
1111
-1006
418
-149
93
218
-291
-524
1100
-819
-365
1747
-1140
838
-691
-743
2135
-2362
1168
522
-1338
1025
-193
-398
1519
-1437
-698
1617
-208
-1030
719
411
-1067
1115
-634
225
-301
209
131
19
-336
-434
210
743
-555
-482
1093
-1093
-37
-36
898
-1280
426
720
-1018
1407
-715
-698
1228
-976
-475
1027
-128
-464
781
-54
-307
100
-227
858
-1091
418
-72
-295
745
209
-1537
1222
-498
-1103
2063
-1741
961
-383
187
199
3
-140
-336
476
-324
138
-376
1210
-1837
1009
886
-1844
919
518
-274
-821
1431
-1109
-943
2089
-1563
1086
-523
401
411
-1406
1951
-1799
857
-82
295
76
-323
506
-402
814
-1807
1271
828
-2052
1147
715
-1449
1246
-1160
897
-114
-1695
1797
-376
-247
26
680
-1018
247
555
-975
950
-731
348
338
-484
1050
-1878
1532
53
-1532
1517
-106
-785
30
793
-1042
481
-724
393
819
-1143
507
753
-1226
276
357
-409
919
-771
518
-60
14
54
-21
405
-656
186
892
-1027
165
566
-982
643
-425
783
-522
-1032
1500
-483
-335
6
827
-1510
1291
322
-2484
2774
-1129
-167
167
845
-980
-486
1390
-1010
204
-495
845
-484
209
-377
603
-784
-157
460
-209
238
-414
617
-742
268
-523
245
-162
81
-184
278
426
-441
422
79
-207
-287
38
149
399
-211
64
75
345
-716
140
91
378
-182
-214
996
-121
-854
637
20
-1038
1530
-1093
144
836
-212
-1175
1494
-20
-1484
1545
-556
285
-407
300
-1
-50
-612
145
739
-219
-389
99
547
11
-1026
187
1855
-2301
682
1893
-2303
685
814
-1780
1516
-358
-1473
1391
266
-1458
1144
161
-1302
1635
-1289
495
2
-635
679
-506
-7
213
-247
-171
416
-485
643
-633
23
578
-9
-554
246
845
-1253
609
16
-391
371
-194
-155
568
395
-867
538
-225
-104
-218
147
422
-1083
220
332
796
-1984
1490
-98
-1313
2126
-1352
707
-40
-308
-288
835
-1016
372
801
-871
1776
-1528
21
1102
-1293
-205
1508
-1068
129
1156
-1162
719
-517
-1112
1535
-347
-556
834
20
-816
124
831
-1239
242
526
-472
293
-76
-197
280
-633
400
185
-956
523
448
-413
-157
135
-220
427
251
557
-816
42
388
-725
430
-549
89
419
375
116
-552
47
224
-404
-197
678
-151
-654
995
500
-954
437
-236
99
192
-332
1117
-876
389
275
-204
197
-995
516
-340
-172
537
-123
-601
768
-501
-122
648
-924
175
122
111
-652
990
-187
-223
828
-611
717
-616
23
443
-264
-43
-244
739
-1007
-111
698
-709
217
-751
449
94
-921
611
-95
-883
574
44
83
28
-651
984
-606
596
601
-814
401
669
-1420
849
646
-1784
1484
-340
-422
546
272
-863
393
-241
-568
1125
-918
672
-757
193
788
-935
332
536
-172
-433
1146
-149
-687
967
-534
87
736
-1302
978
-10
-1000
1005
-60
-193
-36
91
-210
146
-297
-479
491
-225
378
65
-280
124
147
-140
113
126
-883
1168
-420
-212
1001
-803
11
759
-663
-582
1259
-1354
-91
946
-187
-22
-24
4
-319
-183
-48
247
-603
48
345
334
-124
2
-487
-35
40
-107
358
-440
-113
1094
-124
-957
1476
-1357
-542
1074
-516
194
85
-77
352
76
-132
-145
-306
349
-415
341
550
-361
17
189
-313
-16
-222
-1
1103
-316
-264
887
-761
-291
351
-369
367
-191
187
225
-186
11
372
-424
-454
663
-9
-331
695
-153
-670
60
28
256
-756
877
-530
-222
484
-114
25
-934
521
-756
469
116
-314
101
234
327
-58
-139
-60
424
-1098
1139
73
-859
692
-118
-87
239
44
-631
501
-516
245
598
-882
258
-17
45
-163
392
415
-503
145
682
-1002
32
767
-319
444
-129
52
-146
88
-65
345
-440
-294
519
-190
207
-390
112
-250
-450
816
-220
27
734
-885
43
703
-576
-100
503
-726
757
-94
-259
631
-948
216
81
-608
-25
732
-894
464
-277
-794
689
-554
-426
377
579
-416
895
-355
-195
268
-671
662
233
-443
372
775
-385
146
317
-569
206
85
-419
491
-31
-650
458
-35
-686
321
131
-480
-152
379
-60
71
514
-548
-192
641
-548
-97
745
-469
473
490
-518
98
-37
94
96
-126
38
44
-237
116
75
-354
168
-193
165
-96
72
28
-494
125
225
-54
-211
484
-769
510
134
-235
84
-373
104
-82
505
-908
687
-224
-358
361
-140
-56
-405
698
-310
-456
367
760
-586
121
425
-87
353
-253
574
-25
-510
379
168
-208
-316
129
44
-345
-170
329
-89
-653
597
-532
154
433
-1061
850
40
-229
521
-616
318
578
-588
114
956
-637
66
625
-486
-168
213
476
-763
417
-92
-391
566
-488
-422
-110
191
-217
124
-110
-295
25
-349
155
145
-244
203
-409
674
-156
-565
817
-116
-507
551
709
-934
585
329
-401
-54
414
-432
-26
310
-514
720
-307
79
-90
-118
-78
215
-371
70
299
-341
365
-13
-45
-35
-387
-209
672
-977
557
700
-662
375
212
-354
139
26
73
-2
145
678
-700
369
-181
-339
-170
251
236
-267
-92
413
-79
-836
737
-462
-286
556
-51
-174
457
-525
108
185
-556
568
-143
-144
117
217
-199
-136
175
101
-156
-9
423
-212
-238
304
-483
65
91
-227
752
-361
-345
638
-550
-140
463
-799
302
133
-305
203
233
-124
-340
-29
125
69
-500
747
40
-315
472
10
-544
-232
348
-83
-5
191
238
-86
508
-530
-342
440
-326
173
207
330
-222
194
178
-397
-203
34
73
-262
408
-293
-132
394
-397
-61
330
10
-395
285
45
-278
483
-188
-24
181
-480
238
-28
-101
127
119
214
240
88
-334
221
-324
-127
146
68
54
-135
119
-147
-313
-70
89
-220
327
-174
-158
533
-203
74
404
-199
111
82
60
281
-233
123
52
-80
86
-75
-287
5
-57
-321
132
-132
-296
27
99
-114
-55
-193
32
15
-195
399
-126
89
246
-190
184
-280
13
-18
-229
391
43
32
349
-191
-20
7
-355
252
-129
5
300
4
-62
32
-33
-58
-91
-315
386
-245
70
555
-363
-10
432
-475
-82
544
-431
29
368
41
-286
117
-91
-274
-29
-80
156
-250
190
99
-172
354
91
-497
334
177
-316
467
-49
-264
-49
350
-11
-147
311
-456
247
246
-409
46
-146
78
38
205
7
-258
19
-93
-17
-335
228
155
-17
134
3
-107
-201
73
-312
225
173
-14
208
232
-232
-368
196
-402
6
235
-100
137
44
156
-209
-288
185
-356
-64
309
-204
-82
225
-73
-70
215
-62
-124
133
311
-117
185
138
-78
114
130
81
-145
-33
-5
301
-167
143
140
-552
134
30
-320
225
-179
-91
369
-287
101
-8
-64
83
84
80
-32
112
26
119
-22
248
-100
0
65
-179
-94
-243
12
14
-148
-93
74
-495
170
190
-445
504
-139
-198
371
-158
-97
44
35
70
77
41
46
-229
195
87
-386
99
-207
-52
175
-40
-128
-97
-100
11
154
5
-40
-60
274
-118
-186
239
95
-116
274
103
-139
324
-121
-69
112
65
-139
189
28
-201
248
62
16
13
301
-462
22
345
-558
185
180
-161
60
66
-220
17
128
-175
173
128
-41
-58
100
63
-323
148
25
-152
308
11
-283
-64
-123
-259
70
83
-165
21
240
-262
-139
143
-173
37
176
-71
-13
28
-150
16
36
34
-94
232
225
-85
53
6
-13
-26
407
-65
-56
209
-378
21
65
-89
-29
155
68
-196
159
2
-253
105
177
-285
230
309
-208
105
-99
-338
-152
189
-25
-33
128
-100
-70
-56
-195
-293
124
-38
28
202
-95
-83
-56
50
39
-51
78
234
15
240
22
-205
61
-35
-46
85
177
-180
114
114
21
169
-277
-24
-67
18
95
-132
177
-34
-160
192
-13
-178
97
-37
114
81
-93
-5
-53
-90
-128
81
-93
31
-22
-107
83
-12
120
26
29
34
53
10
63
143
-49
167
261
-63
0
59
-262
-109
42
-42
73
86
-49
-155
-75
-262
-234
143
-57
-50
150
28
-53
-59
25
-78
-44
202
40
53
145
-221
9
65
-167
43
-18
-44
-51
48
-32
-28
83
-101
-33
-74
57
47
-48
198
42
5
108
-103
53
41
-96
102
-64
62
174
53
-60
-53
-91
-164
117
56
127
-87
47
51
-292
120
-120
-33
236
-33
-13
135
-46
-9
80
-140
104
55
4
74
11
-123
-27
25
-33
120
-125
54
36
-65
-82
-105
52
-85
175
66
6
263
1
-134
-26
-76
-163
69
24
-101
92
7
-34
-26
-74
-213
-204
62
-69
41
171
-3
8
-76
-50
-5
-32
10
96
168
58
33
-75
-111
-112
-57
-13
-186
142
32
11
191
-87
-52
-19
-99
-77
98
30
131
198
155
40
32
98
-121
70
53
34
68
63
71
-25
56
-17
-30
-30
62
-8
37
108
-101
62
-21
-83
-1
69
-54
46
174
-113
22
-23
-86
-51
53
-88
-70
45
-114
-46
-86
-59
-59
-100
-125
-62
-171
-74
36
-3
-58
-128
-22
-191
20
64
-73
130
17
-94
34
-14
-70
109
22
47
163
39
6
-10
-17
-140
98
207
-15
148
109
-44
55
10
-46
75
105
134
69
104
3
-146
8
-37
-63
68
126
67
48
-10
-89
-69
-83
-44
-45
85
90
-92
120
17
-92
19
27
-41
43
193
-52
59
66
-194
-96
96
-140
24
223
-45
-52
53
-12
-116
150
-21
-103
59
-3
-141
2
-9
-224
66
-29
-94
-30
-103
-132
-28
59
-60
36
1
-62
-19
44
-29
-23
79
-72
54
57
13
-3
-14
-39
-23
3
62
114
-42
116
-122
-25
1
-66
123
39
73
-88
26
-51
-56
85
-3
84
108
52
46
15
-23
-36
18
23
-116
85
88
-86
-27
-158
-126
-118
12
82
-91
65
-53
-73
45
-86
-25
76
107
109
84
78
-15
3
4
-69
19
4
39
75
147
71
-33
2
-123
-64
30
1
49
21
41
28
29
63
-81
47
70
-6
28
29
24
-8
-95
-18
-72
-148
40
-110
-14
-37
-7
-13
-37
47
-143
34
74
24
41
103
54
14
73
40
-8
38
8
-29
62
-82
-8
-1
-82
-65
-16
-11
-41
53
-84
6
-11
-123
-19
-104
-6
73
-25
31
42
-44
51
17
0
-52
-55
54
-86
53
-22
-77
26
-63
-25
-26
-58
-67
38
-5
-23
-6
-62
-11
-41
-37
2
56
28
-91
22
26
-59
57
49
-44
49
83
95
129
68
94
30
-10
32
31
-3
79
66
-23
88
102
32
-19
49
-34
16
120
-19
44
133
30
3
129
29
23
51
37
-45
-43
7
-112
50
-93
-120
-12
-64
-107
-57
59
-161
-67
-59
-108
-53
-34
11
-126
-23
54
-3
-1
66
-70
-60
92
-57
-50
6
9
-112
19
32
-98
32
-56
-33
-45
1
-22
-23
52
-19
-11
56
15
-11
138
11
32
83
25
-10
11
-19
-97
27
-5
-7
38
76
-12
38
56
45
93
60
107
-24
2
20
-58
-56
47
-37
-28
127
-42
16
22
-34
-56
-105
3
-104
-39
-19
-96
58
-18
-28
61
42
3
74
36
-5
14
18
2
-18
84
-75
-19
67
-54
-59
16
7
-47
5
-60
20
13
19
16
-76
54
9
-39
53
-19
-26
65
67
63
36
89
71
41
73
47
79
20
-17
3
-29
-48
-4
7
-43
-103
-96
-52
-143
-72
-27
-81
-32
-45
-73
-53
-13
-72
6
-4
-9
56
25
29
-18
77
69
67
66
72
68
-22
36
-29
-39
-13
-11
-11
-80
-60
-38
-22
-73
-11
-26
-62
76
-17
-12
29
-29
-22
44
58
-10
73
70
37
98
56
64
11
0
25
-55
-1
-10
-55
-30
-1
-34
-32
18
-54
-36
63
-15
-80
-30
-19
0
35
22
-16
25
41
-4
23
88
29
67
93
0
-13
20
15
-29
74
14
15
43
-47
-36
-12
28
-42
-31
-1
-13
-15
-32
-16
-19
-28
-22
-47
-22
8
-54
31
51
-46
17
-7
-21
2
-12
5
0
1
-56
-49
-6
-28
-42
-62
-95
-50
-17
2
38
-2
-5
19
76
28
10
100
58
-4
46
0
-32
51
27
9
58
57
32
92
20
13
44
10
-3
-72
-28
-53
-39
23
2
11
-6
-3
12
16
3
-50
-7
-27
-34
2
45
74
23
50
-13
-35
-50
-88
-36
21
-28
-63
-10
-9
-18
-5
2
-37
-37
-42
-37
10
27
-6
25
31
-41
-9
39
12
40
68
-2
2
16
-19
-22
-13
-27
-22
-25
-25
-46
-5
21
-31
-54
-52
-20
-24
49
37
23
27
16
-9
2
31
20
86
44
36
35
7
3
23
48
24
42
64
2
24
44
8
33
23
-33
-60
-16
-62
-11
10
-39
33
12
-26
0
14
16
31
-11
-36
29
28
-21
-13
5
-6
-2
2
-54
-18
13
-1
15
-60
-93
-28
-30
-75
-27
-29
-47
3
4
10
44
30
25
33
40
22
25
48
0
34
42
-17
32
13
-5
21
7
-5
-94
-66
-38
-4
69
1
-6
-21
-83
-100
-42
-52
-73
-6
-9
-69
-40
-17
-22
19
49
42
19
52
-28
-50
63
67
58
43
23
-31
-48
10
-19
15
9
-40
-7
-3
-28
8
12
-61
2
-1
-21
2
2
12
16
56
61
47
43
33
13
69
78
76
101
97
69
8
-1
35
64
36
46
3
-25
-18
-49
-12
13
15
-6
-11
-7
-39
-22
12
-21
-38
-37
-36
-27
-25
-30
-29
-22
-37
-25
-33
-80
-34
8
7
-7
-25
13
5
21
14
-36
-25
-29
-59
-63
-23
-12
-5
-9
-16
-11
-10
-21
-24
-41
-3
3
-40
-19
-34
-15
1
12
12
4
51
41
-25
-13
-10
-13
32
25
29
19
14
17
36
48
35
54
52
42
10
41
63
66
64
0
-23
-37
-18
-20
25
32
-26
-56
-70
-41
-35
-3
-39
-47
-18
-13
18
26
70
68
43
72
57
42
67
25
41
50
18
19
-22
-14
9
-33
-19
7
-44
-60
-51
-23
1
-26
-45
-21
-61
-21
3
-27
9
-29
-19
-43
-51
-40
-41
-31
-30
-41
-61
-39
-18
24
17
56
50
21
34
14
30
30
12
-6
13
22
44
61
49
25
5
43
54
26
16
14
-1
0
5
28
40
-3
20
24
-28
-10
-23
-35
-16
-33
-22
-16
-20
-17
0
7
-7
-4
-3
-26
-28
-19
-31
-21
-49
-73
-72
-61
-48
-13
20
1
-12
-37
-4
-5
14
25
1
3
-25
-13
8
5
1
-12
-28
13
-19
-26
15
37
43
57
51
15
22
7
64
77
57
21
35
53
23
54
42
36
4
-12
11
14
4
-15
42
36
-4
10
-19
-10
-13
-3
6
-32
-10
18
-22
-12
8
-18
-13
-3
15
-3
-15
-18
-13
-25
16
-4
-48
-21
-66
-8
3
-45
-16
-2
-21
-17
-45
-76
-60
-28
16
9
22
-10
14
51
5
22
28
-17
-53
-25
-16
-24
-16
-32
-31
-21
-44
-53
-13
-10
-13
20
-1
-13
25
7
27
28
26
54
35
44
66
95
64
41
31
1
-9
-9
-16
-7
28
18
24
-1
-44
-2
-14
-38
16
15
31
72
79
76
33
18
7
2
13
13
13
-13
17
10
-30
-6
-59
-70
-54
-70
-21
-23
-9
3
-5
25
-44
-50
-13
-17
-1
15
19
18
47
16
5
10
4
-3
-43
-35
7
30
-10
-62
-47
-35
-63
-77
-96
-30
-6
-23
34
35
18
3
-9
-23
-37
-12
29
29
57
105
127
117
66
-4
-51
-63
-75
-48
-2
35
79
78
42
13
-26
-23
-36
-63
-28
-21
0
23
15
15
48
54
-5
3
16
-5
-4
-18
-10
-4
-15
-26
-6
-13
-26
23
-2
-26
-13
-24
-16
-35
-43
-38
-29
0
-11
-10
-13
-19
14
18
-9
-13
-25
-18
33
75
123
110
98
81
41
0
-44
-66
-79
-42
-9
40
37
34
40
41
24
3
4
-19
-28
-23
6
19
57
62
45
28
-13
-32
-28
-23
-6
28
24
3
-33
-28
-35
-57
-23
-7
6
1
5
19
16
22
27
2
-41
-73
-49
-13
-37
-57
-39
4
-13
-23
-24
-33
-56
-68
-28
-28
13
30
34
12
-37
-70
-86
-51
-50
-21
40
60
36
15
9
6
17
2
4
44
66
88
104
111
74
32
-20
-81
-80
-41
31
57
54
42
13
22
26
2
1
6
-25
-52
-19
51
69
91
117
50
10
-23
-32
-6
-7
27
31
31
9
-24
-30
-26
-38
-57
-50
-57
-31
-51
-72
-64
-51
-39
-37
-6
25
50
17
19
10
-31
-10
-13
-13
-13
8
38
19
64
35
9
10
-39
-54
-52
-35
-61
-12
-6
-6
16
-6
-6
-47
-19
-45
-58
-19
-3
45
58
110
115
73
48
13
10
9
43
15
-8
11
10
7
18
25
-21
-6
-13
-21
-19
-35
-32
-14
12
24
5
-19
-22
-34
-19
-10
22
44
50
52
102
79
7
27
30
9
3
41
-29
-46
-36
-93
-81
-72
-32
-20
-42
-35
-20
-12
-16
-10
6
-19
-30
-24
-7
11
15
51
40
16
-4
-39
-89
-80
-56
-29
16
6
17
-20
-69
-64
-44
-81
-82
-6
35
57
58
101
83
65
54
16
-22
-12
38
34
85
109
123
84
65
26
-18
8
-38
-16
57
66
61
50
-2
-27
-46
-44
-25
-23
16
31
20
63
45
14
4
-51
-20
-38
-30
-15
-16
1
-27
-18
-32
-74
-73
-34
-49
-21
32
1
-44
-51
-19
16
4
-29
-12
-4
6
22
10
22
-19
-41
-48
-66
-29
6
32
42
35
7
-12
-98
-125
-95
-66
-42
-31
-11
-8
14
5
12
-10
-6
0
20
48
89
133
114
91
72
64
22
-14
-27
6
7
43
98
79
47
53
7
-47
-59
-60
-7
20
70
66
68
16
-38
-22
-18
-20
-29
-20
-35
-9
11
43
48
32
-4
-35
-51
-37
-19
-19
-21
7
48
25
41
-3
-15
-6
11
-10
-21
-50
-105
-37
-12
6
-31
-35
-40
-58
-52
-38
-31
-41
-45
-16
29
-15
27
51
-5
10
35
33
19
-20
-18
-12
23
46
13
2
-35
-42
-30
-13
-31
-10
-30
-36
35
37
60
27
25
33
12
22
11
-7
-21
-2
41
46
48
75
37
10
-8
-15
-22
-47
-49
-45
3
18
61
84
57
19
-28
-20
-23
5
34
61
101
134
87
-15
-92
-117
-118
-81
15
43
86
85
56
18
-27
-85
-104
-80
-87
-35
23
58
9
1
-19
-46
-48
-62
-57
-51
-30
-8
41
66
53
8
0
-58
-69
-41
-38
-25
-9
8
15
51
48
44
11
1
-51
25
82
63
100
67
84
19
9
-29
-43
7
19
44
41
19
-40
-80
-111
-74
-79
-102
-111
-89
-69
-7
63
50
51
14
0
-36
-61
-37
-7
0
30
45
72
82
-12
-20
-32
-11
3
11
22
19
60
87
105
91
75
-30
-63
-53
-37
12
45
68
55
57
26
21
-22
-45
-87
-97
-55
-7
35
44
53
25
31
-13
-7
-24
-28
-6
0
34
62
36
-18
29
26
56
41
-6
-15
2
11
-7
13
-7
-28
-36
-41
-71
-40
-55
-106
-119
-93
-28
11
9
-41
-10
-6
-18
-25
-30
-9
0
-8
-26
-18
-57
-51
-28
14
54
55
31
-4
-63
-90
-43
13
57
77
113
89
46
15
32
38
33
73
111
107
38
25
-28
-79
-54
16
28
6
2
2
16
-16
-5
10
2
-5
46
32
-18
-40
-73
-67
-18
57
66
60
31
-1
6
58
80
38
13
-22
-69
-66
-33
-33
-20
-4
16
45
41
38
0
-33
-32
-55
-44
-13
-28
-79
-75
-48
-15
11
-10
-14
-33
-36
-28
1
-2
-41
-23
3
12
46
38
-13
-55
-79
-32
56
121
104
73
25
-12
-31
-26
17
-11
-7
7
6
14
6
-18
-23
1
37
86
75
28
-69
-110
-76
-54
27
60
66
28
-30
-36
-66
-68
-69
-14
26
34
9
-7
-32
-54
-16
-12
31
46
42
26
27
-6
-32
-20
-7
15
4
9
14
23
7
9
-12
-25
-13
28
48
28
54
47
75
88
67
35
-14
-7
-18
-34
-17
28
56
75
82
32
9
-48
-38
25
35
72
36
8
-37
-136
-93
-42
-16
15
49
47
-57
-79
-47
-40
-52
-9
41
22
-12
-45
-65
-100
-74
-21
-5
22
69
83
52
-31
-75
-90
-89
-69
-53
-18
-21
-17
-54
-60
-83
-43
-6
-12
34
2
15
7
25
52
67
83
82
61
39
32
20
78
68
64
91
79
46
12
-9
-44
-21
18
12
38
16
-13
-40
-60
-25
-19
61
60
3
-16
-40
-43
-20
34
21
28
8
-25
-59
-75
-75
-57
0
7
14
-19
-48
-90
-107
-64
0
37
-6
-70
-83
-52
-28
57
82
31
-3
-2
-15
-5
62
44
6
13
21
61
82
60
25
17
24
-4
54
90
50
8
-20
-12
0
9
23
72
100
97
66
19
-18
-42
-28
9
86
128
76
5
-48
-49
-73
-9
33
25
-13
-97
-92
-112
-101
-88
-40
-50
-40
-14
-19
-18
-36
-16
-28
13
3
27
14
-3
-19
-62
-47
-54
-9
-15
-30
-70
-45
-15
-6
-4
-28
-12
-64
-57
-72
-70
-62
-44
-3
33
47
34
54
-2
30
46
69
124
138
87
3
-17
-38
-13
21
61
49
14
6
14
17
26
15
34
61
30
31
13
46
0
6
55
65
98
68
37
-37
-21
-3
27
31
37
89
29
-6
-25
-55
-95
-110
-54
37
52
33
-15
-76
-70
-46
36
49
22
6
-23
-38
-55
-60
-40
-31
-44
-7
8
1
-36
-59
-51
-86
-56
-10
3
-34
-31
-45
-87
-39
-16
-8
-34
-4
22
-16
7
-3
-7
23
67
104
57
-4
-6
-4
20
3
22
54
49
22
-7
3
-22
-30
-44
4
20
6
15
24
-1
-37
-17
-5
10
41
69
32
37
36
73
69
54
73
61
51
19
21
-6
23
20
3
-10
14
-6
-11
4
-3
43
-14
-3
-37
-32
-4
-19
-26
-69
-75
-88
-15
16
22
13
-52
-86
-112
-50
3
16
-14
-62
-76
-98
-81
-60
0
6
-13
-6
-12
-39
-65
-29
-5
30
22
-7
-34
-23
19
66
102
92
69
22
32
25
51
67
35
52
34
50
46
17
22
10
26
26
24
19
44
31
10
56
70
46
3
-10
16
63
86
78
0
-40
-69
-72
-20
-47
-10
-9
-63
-71
-74
-50
-32
-28
-32
-51
-48
-28
-29
-44
-34
-40
3
43
30
29
-9
-22
-13
-11
-59
-51
-10
-30
-63
-53
-47
-66
-45
-54
-73
-55
-7
10
7
-28
-9
3
12
54
88
135
90
35
-3
18
69
90
73
44
3
-9
29
12
-2
2
5
36
97
93
91
97
69
51
41
51
53
49
25
22
12
22
-5
-40
-58
-69
-41
-45
-48
-102
-87
-31
-15
-17
-14
-26
-76
-52
-32
24
29
36
0
-84
-79
-69
-39
-63
-90
-114
-65
-44
-60
-54
-54
-38
-51
-2
23
14
25
63
45
81
120
89
59
27
72
70
83
69
50
1
-26
-13
5
54
51
65
16
1
-22
-27
-3
-9
6
24
-2
-15
35
39
15
-2
15
-17
-39
-57
-41
-62
-67
-27
-23
22
-6
-10
-44
-66
-59
-31
-7
-79
-85
-15
0
9
38
19
16
-19
-8
19
26
56
51
26
35
48
19
51
25
25
32
4
11
16
19
3
15
17
7
-35
-47
-21
-13
-17
-2
10
-7
-19
-10
-17
-24
8
-2
-20
-28
6
35
31
-12
-2
14
20
51
9
28
-1
0
5
12
64
61
91
70
37
-6
-6
-17
-61
-30
-13
-11
-39
-25
-23
-40
0
29
17
-20
-26
-38
-27
-35
-30
-13
-31
-28
-31
-2
-23
-5
0
-19
-18
-34
5
-11
-15
-21
-32
-51
-81
-43
-47
-70
-34
-4
-21
-33
-23
-13
-9
2
2
9
-3
-9
6
32
63
31
32
32
53
47
27
49
41
54
54
37
51
67
39
21
14
45
41
50
41
31
47
34
47
33
31
22
40
13
-1
-5
-6
1
1
15
2
-14
-32
13
-15
-9
-16
-23
-30
-25
6
-22
-40
-89
-58
-50
-42
-41
-3
22
-2
22
12
-21
-61
-38
-35
0
6
4
13
13
7
-39
-35
-53
-50
-52
-51
-44
-31
-30
-20
-5
-6
-28
-35
11
-4
15
44
44
13
0
-22
-23
5
4
41
21
-6
-9
2
-3
1
4
4
7
15
10
16
38
24
31
58
53
28
45
41
46
24
25
19
-13
-16
-3
29
27
18
7
6
-28
-21
-16
11
34
44
30
1
-13
-43
-3
-17
-7
-28
-24
13
-3
-36
-34
-1
-10
-14
-22
15
-8
-3
6
2
12
10
17
-2
-12
-25
5
1
3
7
-17
-34
-35
-16
9
13
8
16
-13
14
26
15
-6
7
40
16
6
0
15
-15
-41
-46
-44
-32
-22
-14
-22
7
-40
-69
-50
-57
-58
-37
-12
-12
13
-2
2
29
56
48
34
22
27
47
29
47
36
34
0
-9
-20
-25
6
4
17
-1
12
14
13
-6
-3
17
13
-10
-10
35
41
43
26
22
29
0
-23
12
-8
-26
-31
-27
-19
-9
-10
-21
14
0
18
3
2
-26
-40
-20
-27
-6
-47
-5
12
4
-6
-16
1
-14
32
12
28
43
23
35
22
54
14
-10
22
20
43
42
31
-1
-19
-33
-65
-76
-77
-47
-40
-35
-41
-39
-18
-28
-20
8
5
17
35
41
67
44
23
22
36
38
-20
-45
-34
-28
-37
-22
-24
-35
-66
-80
-34
-20
9
1
18
19
0
32
26
15
10
28
46
65
39
35
51
-7
4
25
-5
0
6
8
7
16
52
42
28
18
10
30
36
7
-3
11
-37
-29
9
18
16
-14
-1
-6
-26
-57
-64
-45
-68
-50
-22
-14
-18
-28
-44
-56
-41
-12
10
25
9
-29
-19
-7
5
4
17
33
16
4
11
21
17
1
-6
18
23
22
21
40
6
-3
6
-10
1
3
42
30
36
49
40
13
-24
-28
-22
-19
-6
33
20
24
14
-23
-27
-39
-11
-47
-69
-29
-10
-19
-51
0
12
18
16
-45
-42
-25
-7
-4
-2
-11
-9
13
-3
-27
