6
11
-5
1
3
3
9
9
27
28
34
24
26
32
25
39
52
54
27
12
12
6
18
24
2
7
8
-12
-13
-10
5
0
3
0
-21
-3
-18
-16
-14
-26
-15
-12
-8
-29
-16
-36
-33
-19
-44
-32
-26
-30
-47
-37
-34
-22
-32
-29
-19
-26
-6
-11
-7
-1
-13
-19
19
17
28
50
30
34
32
25
32
44
44
45
24
42
46
34
41
24
22
-2
-14
3
11
-12
-25
-14
-16
-10
-15
-18
-7
-3
-15
-15
-10
-24
-9
3
12
10
6
10
23
29
28
26
14
15
-6
-16
-19
-19
-10
-32
-36
-31
-36
-41
-31
-33
-45
-23
-13
-20
-8
2
0
-6
-3
-24
-28
6
2
2
22
28
38
25
5
9
10
20
20
3
4
20
15
16
25
16
28
20
21
9
-9
5
13
3
10
13
-12
6
3
14
22
11
10
-4
-12
-16
-14
-5
-12
-25
-16
-19
0
0
15
12
2
22
7
0
12
39
17
6
21
16
3
-10
-15
-15
-24
-24
-16
-30
-26
-23
-25
-31
-21
-23
-20
-17
-33
-31
-3
-3
-18
9
-5
-11
-15
-11
-15
-25
-14
-32
-29
-19
-19
-16
4
-3
-1
18
16
18
7
1
11
31
48
38
37
44
45
41
31
42
35
23
31
34
27
1
17
22
16
26
39
32
8
12
8
5
-9
-15
-13
-18
-27
-38
-29
-23
-17
-24
-18
-26
-35
-7
-10
-9
-3
-12
-15
-18
-21
-30
-25
-9
-10
-6
-19
-20
-16
-8
-3
-11
10
3
8
22
12
-6
3
14
26
40
25
26
26
47
27
12
16
11
15
1
15
1
-3
-5
-9
6
4
6
-17
-8
-8
-17
-10
-13
5
-6
-6
-18
-28
-29
-38
-26
-21
-10
-21
-27
-24
-16
-19
-14
-7
-8
0
-7
2
-18
-34
-19
-1
13
19
24
29
20
10
6
22
39
30
13
15
19
4
15
-1
-1
0
10
4
10
34
8
17
17
6
1
17
24
21
25
15
12
10
20
19
22
14
-5
6
10
-3
-4
-11
-20
-16
-20
-34
-23
-26
-40
-50
-34
-31
-44
-32
-41
-36
-26
-14
-21
-8
-7
-18
-19
-10
-3
7
8
0
15
-15
-12
-23
-17
9
16
20
20
23
31
14
1
41
29
23
41
43
20
21
41
50
42
32
36
15
9
16
19
12
5
3
14
6
3
13
1
-13
-26
-29
-41
-42
-24
-28
-34
-31
-45
-25
-15
-14
3
-2
-4
-11
-4
-19
-12
-1
-12
-20
-29
-8
-4
-23
-20
0
-6
-5
-13
-12
-20
-28
-26
-11
-3
-19
13
-7
-12
-10
-3
10
7
9
0
25
28
40
37
39
60
43
31
52
44
31
41
19
31
29
37
29
12
23
18
22
9
10
8
14
21
22
7
-3
2
-6
-11
-19
-9
-25
-35
-52
-55
-51
-54
-27
-35
-25
-45
-51
-40
-50
-44
-43
-31
-34
-28
-21
-34
-22
-26
-22
0
12
24
8
15
13
22
30
20
17
10
18
10
15
10
8
12
21
41
29
14
20
7
4
18
10
17
13
-3
7
17
5
-4
0
0
-10
-22
-14
-7
-24
-14
0
-2
7
14
11
-16
-16
-11
18
25
21
41
40
34
37
34
30
28
12
6
5
9
21
27
8
0
-9
-3
-12
-15
-9
-32
-31
-22
-22
-45
-42
-51
-54
-47
-37
-9
-15
-18
-9
3
8
-7
9
12
-6
11
0
4
6
1
-1
-13
6
1
6
9
-5
9
12
2
-7
5
6
0
-5
-2
9
-1
14
14
-7
2
2
-3
-7
-5
-6
-12
13
6
1
-5
-7
-7
-21
6
-5
6
-8
6
16
-6
19
5
9
20
18
-6
8
14
18
28
17
16
17
19
7
5
-5
7
0
-20
-21
-11
-16
-12
-20
-38
-18
-9
-3
-22
-9
6
-4
1
-4
-18
-2
8
-7
-3
0
-10
-13
-12
-13
-16
-9
7
10
3
3
16
18
10
6
8
12
28
34
45
44
8
4
-5
-2
7
8
10
9
8
5
1
8
12
-15
-6
2
-5
-5
-1
7
23
6
4
8
-7
6
-7
3
0
-17
-26
-3
-7
-9
-15
-19
6
-28
-13
3
-1
-10
-15
1
-7
-5
-6
-2
6
-16
-13
-7
1
1
-9
7
-5
-3
-12
-2
-1
-10
0
4
4
-13
-28
-32
-28
-26
-21
-26
-28
-16
-6
-19
-16
-10
-26
-19
-10
-5
7
13
12
9
6
9
25
38
28
37
28
15
19
41
54
33
39
27
9
17
33
26
21
40
28
15
40
43
46
37
21
22
3
3
8
25
16
-3
-1
-9
-4
7
-9
-19
-18
-35
-32
-34
-36
-34
-45
-57
-48
-39
-39
-51
-51
-48
-47
-27
-43
-35
-19
3
9
8
3
-3
18
14
13
15
29
23
25
34
23
26
19
7
-7
4
10
-3
0
-9
-18
-3
-3
-16
-9
-12
-40
-26
-12
-35
-25
-10
-9
0
10
19
16
12
25
29
32
33
27
26
12
29
26
25
26
16
35
12
4
-1
-4
-3
-15
9
0
3
-4
-10
-20
-35
-21
-25
-27
-43
-38
-25
-25
-16
-3
0
-9
-9
-9
-1
-16
-12
14
-2
0
-11
-15
-5
-1
19
15
31
19
10
24
28
42
18
4
16
26
0
-4
13
17
6
8
28
14
25
18
6
18
8
14
19
11
23
30
16
27
23
10
38
24
-7
-1
-12
-9
-5
-30
-22
-13
-28
-41
-42
-32
-40
-53
-53
-50
-38
-31
-42
-38
-28
-39
-29
-18
-35
-33
-13
-6
-7
-8
-18
0
3
-6
6
4
10
-12
-6
4
-9
10
13
-6
-6
10
7
12
12
9
8
8
25
21
27
22
3
12
25
34
26
28
7
19
30
19
9
-2
17
19
25
10
18
19
13
3
3
29
22
13
8
4
7
18
15
18
10
14
13
9
3
9
0
-9
-6
-11
3
-13
-27
-28
-6
-12
-23
-16
-9
-16
-4
2
-6
2
-19
-15
-16
-18
-28
-29
-19
-8
4
-11
-9
3
5
-5
-3
-12
-21
4
-5
-8
9
3
13
-5
0
-4
-23
-18
-16
-20
-32
-18
-21
-20
-20
-12
-11
5
14
-9
-8
-9
-1
-13
6
29
8
12
22
17
5
-2
6
7
18
25
19
20
-6
-24
-15
-11
-1
4
-11
-12
-13
-6
-12
2
26
0
5
7
21
38
26
20
22
35
26
24
24
19
22
7
6
2
-11
2
7
-8
-12
-6
-21
-12
-10
-16
-10
5
17
-1
3
12
24
12
1
3
-4
-6
5
-2
-6
11
5
-4
7
12
-4
-3
-4
-2
-4
-5
0
-6
19
27
9
-2
-1
-3
4
10
15
28
22
19
17
11
6
0
13
6
-18
-16
-29
-38
-32
-29
-28
-24
-28
-54
-70
-62
-48
-53
-54
-35
-29
-32
-31
-23
-22
-17
-19
-29
-18
-9
-19
-8
10
5
12
33
28
13
32
42
27
31
31
28
35
48
35
21
25
36
37
19
42
38
19
20
22
20
23
22
13
48
37
33
42
14
6
-7
-3
16
3
1
-10
-24
-23
-28
-21
-22
-40
-35
-35
-47
-25
-32
-47
-34
-33
-35
-41
-39
-18
-19
-22
-17
-3
1
-7
4
2
2
-9
-1
25
19
26
35
24
28
32
32
32
31
53
34
25
44
31
11
0
0
-3
-15
-26
-10
-11
-17
-2
6
2
3
9
1
1
3
9
17
5
-13
-5
-2
-6
5
22
10
3
-3
-17
-13
-6
4
-36
-37
-22
-29
-32
-23
-19
-29
-28
-32
-36
-35
-16
-21
-14
-8
-13
-6
4
-7
-12
-10
-30
-13
-6
-13
-8
2
-11
-17
-2
-4
2
6
12
7
10
7
-13
11
14
-1
10
4
19
12
14
41
35
42
38
37
42
42
50
59
48
24
16
24
18
6
21
36
22
13
14
0
2
-4
-1
3
5
-4
-22
-3
1
6
6
15
16
-17
-8
4
-7
-9
-9
-28
-41
-31
-38
-36
-46
-31
-11
-25
-13
-13
-22
-28
-16
-38
-49
-37
-27
-15
-15
1
-1
-3
-9
-3
-1
0
-3
-9
3
11
14
26
13
6
25
12
13
1
-2
-1
1
9
23
19
-12
-13
16
15
-6
18
12
0
-1
11
25
12
-1
5
3
6
5
-16
-6
-19
-22
-7
-4
-12
-29
-18
-22
-42
-43
-25
-19
-16
7
-2
9
37
15
28
36
36
34
25
32
21
22
24
25
29
25
28
31
29
25
6
16
12
3
7
19
27
3
7
-6
-14
-5
-13
-10
-1
-16
-10
-16
-26
-26
-41
-28
-27
-26
-19
-28
-25
-16
-6
-8
-12
0
-7
-7
3
14
9
-4
14
6
12
19
11
4
4
-1
-1
3
2
11
1
4
-1
8
0
-16
-17
-30
-34
-42
-30
-27
-29
-32
-31
-38
-37
-21
-13
-10
-37
-18
6
-3
1
6
15
0
-7
9
25
30
31
12
-3
-1
-1
13
27
39
35
22
22
19
22
23
19
27
12
5
22
13
-7
3
10
14
18
10
25
23
19
11
1
11
12
19
23
28
35
35
36
26
6
22
26
9
0
-9
11
4
15
18
-13
0
-6
-21
-34
-17
-23
-57
-48
-61
-56
-59
-61
-55
-60
-45
-33
-29
-41
-23
-34
-41
-30
-45
-23
-54
-32
-7
-12
18
-13
-3
18
5
-4
18
33
16
42
45
19
31
42
42
29
3
4
7
3
7
5
2
1
10
15
8
21
13
-7
5
8
-1
10
25
21
10
13
25
15
22
34
13
5
-1
7
2
12
32
16
19
18
1
-7
-4
0
-12
-30
-31
-28
-20
-13
-3
12
5
-4
0
0
0
-1
-6
0
3
-19
-22
-9
-10
-16
-15
-22
-23
-12
-32
-30
-31
-17
-5
-4
4
-1
5
-3
-3
-16
-18
1
4
-8
0
8
7
9
7
8
4
16
15
23
12
0
-12
-9
5
-10
-6
-7
-3
-19
-17
-25
-10
0
-10
-3
-7
19
31
37
15
19
26
32
41
23
38
29
12
36
26
19
14
18
50
14
18
32
10
-10
-5
19
4
1
-15
-25
-19
-29
-21
-15
-33
-40
-37
-36
-22
-19
-19
-17
-24
-13
-14
-26
-11
-2
-1
-4
-2
-10
-18
-28
-25
-1
-21
-15
-6
-28
-32
-33
-24
-26
-16
-2
0
3
16
11
3
9
16
26
45
41
21
27
16
38
39
36
40
41
39
23
25
-2
2
6
16
5
23
20
-3
20
26
18
-14
-1
3
-13
-17
-9
-2
-10
-23
-14
-20
-20
-29
-34
-23
-37
-14
-5
6
1
-10
-12
-15
-9
-3
2
-3
0
-9
-3
6
5
-6
3
3
-3
-4
4
16
21
28
1
0
1
-13
-13
-16
-15
-36
-42
-30
-34
-23
-4
-5
-9
-18
-19
0
1
4
16
0
10
31
28
31
32
28
21
32
41
25
16
36
48
32
27
29
27
22
23
8
3
16
2
-10
2
0
0
5
-10
-2
-7
-17
-19
-33
-31
-32
-25
-20
-16
-26
-20
-9
-8
-17
-18
-10
-22
-10
-25
-22
-38
-42
-35
-40
-20
-19
-1
-19
-31
-22
-9
-6
4
3
10
35
23
19
29
40
28
36
46
30
45
51
30
14
16
16
1
17
26
27
12
10
16
-11
1
-6
5
-1
-9
-9
-15
-12
-25
-23
-28
-7
-22
-22
-18
-17
8
-20
-22
-15
-26
-14
-6
-10
-27
-33
-29
-15
-7
-23
-8
13
11
1
2
17
19
16
19
16
9
17
31
31
45
50
50
51
45
47
25
18
18
1
6
12
1
1
6
-10
-15
-16
-27
-7
-13
-36
-43
-44
-39
-33
-31
-33
-25
-32
-22
-29
-12
-2
-14
-13
-9
6
10
13
-1
4
0
-6
6
22
-3
-1
12
2
28
22
31
20
16
9
4
12
3
3
-10
8
14
20
0
-1
3
-6
7
9
13
-9
-5
-14
2
8
-6
1
9
10
-9
-3
-9
-20
-31
-16
-10
-9
-3
-9
-2
-10
6
-13
-35
-17
-7
3
8
-2
-19
-12
0
7
14
15
6
0
-5
-3
22
20
7
9
0
7
13
16
25
16
10
12
7
14
2
-28
7
9
-15
-27
-11
-3
-19
-16
-17
-6
-25
-29
-26
-21
-5
-3
-6
-17
-3
8
6
8
16
17
19
32
16
16
-1
0
15
-6
8
17
20
15
22
24
23
25
2
9
12
4
-3
4
10
13
6
-9
9
-10
-4
4
-3
4
-3
-4
-7
-4
-10
-1
2
-1
-1
-2
4
-3
-11
-26
-31
-3
-9
-18
-3
8
-4
-6
3
-6
2
-9
9
13
-4
6
-7
-6
-13
-18
-8
3
-13
-6
-3
-23
-16
-15
-26
-24
-23
-41
-50
-38
-25
-26
-12
-2
1
-1
-12
-13
-9
7
9
13
17
12
-1
0
7
6
5
22
15
0
6
-6
9
11
19
16
37
55
47
43
42
67
59
71
58
47
51
37
34
35
29
39
48
23
16
1
1
-1
-14
-22
-28
-25
-23
-16
-33
-34
-32
-47
-36
-39
-53
-62
-56
-50
-42
-31
-62
-63
-37
-42
-57
-43
-12
-15
-35
-14
-8
-16
-3
3
10
16
15
24
35
15
20
5
10
20
7
22
12
25
26
8
-2
12
10
18
29
13
22
12
-3
17
13
-6
6
3
0
10
27
34
16
12
22
18
16
9
7
11
-5
0
1
3
5
3
6
-10
7
-19
-31
-19
-28
-10
-3
8
-3
-14
-15
-2
-8
2
6
-12
7
-14
-15
-6
-7
-9
-13
-19
-2
-5
-10
-15
-8
-3
-28
-8
-22
-28
-15
4
10
-3
-13
-3
8
6
8
5
16
10
28
6
16
33
18
19
11
30
8
22
23
8
-6
-6
16
6
9
-9
4
-4
-4
5
-7
0
3
-1
-2
10
9
-8
-3
15
-4
-9
-16
-15
-10
-13
-1
0
0
-3
-12
-7
0
-12
-29
-20
-18
-25
-22
-28
-22
-1
-3
-26
-16
-16
-25
-26
-18
-6
-3
19
16
8
9
2
1
-2
6
24
22
11
15
14
16
20
13
25
48
34
22
22
22
20
21
35
44
46
40
44
25
10
22
19
31
19
2
10
-10
-6
-4
-12
-15
-15
-23
-29
-26
-44
-41
-48
-41
-25
-15
-14
-31
-16
-22
-25
-20
-8
-14
-9
7
-3
3
-1
-8
-3
-1
-7
0
10
-6
-10
-10
-4
0
-13
-9
-29
-19
-7
-23
-29
-22
9
-15
-6
-2
-16
-12
-4
9
-10
-2
-20
-29
-12
-18
-18
12
18
15
25
28
28
32
33
35
52
46
32
17
24
33
38
46
49
44
29
11
17
20
9
11
19
16
-8
9
-5
-4
-7
-26
-20
-10
-5
-19
-9
-8
-13
-25
-18
-19
-19
-15
-29
-7
17
-3
-12
-7
-20
-23
-19
-22
-29
-28
-22
-6
-13
-5
-8
-10
5
-7
0
10
6
19
10
-9
3
-1
14
24
8
13
26
18
19
30
29
8
19
34
-3
-10
6
13
0
-7
-3
-6
-3
-10
8
19
9
2
-9
-7
-8
-4
5
19
34
-1
6
2
0
5
7
11
-26
-7
-20
-35
-23
-32
-40
-42
-27
-26
-35
-41
-35
-39
-35
-22
-25
-36
-43
-57
-37
-21
-12
-4
18
20
25
41
24
37
28
38
25
26
35
11
13
9
19
4
6
9
11
10
9
-11
-8
6
7
27
13
6
9
27
27
21
42
53
42
32
24
18
36
25
19
26
29
38
25
32
28
6
3
8
12
-20
-31
-2
-12
-16
-14
-25
-22
-32
-24
-26
-25
-20
-28
-30
-34
-32
-38
-29
-44
-44
-39
-47
-36
-40
-41
-41
-34
-26
-31
-25
-6
-11
0
1
2
6
3
16
10
13
22
18
9
7
14
19
36
19
-2
12
17
16
7
17
10
6
14
15
26
25
38
23
7
1
-2
6
10
11
-3
-7
-5
-4
-2
10
5
-12
-20
-19
-6
-16
-14
2
-13
-18
-12
-15
-9
0
11
13
3
5
19
31
12
-21
-24
-19
-18
6
17
22
19
-8
1
3
-3
5
9
12
4
22
34
35
20
12
19
19
34
17
60
59
41
34
7
-10
-21
7
-3
14
-12
-36
-50
-50
-19
-2
12
-18
-33
-56
-54
-32
-13
-12
-26
-16
-17
-38
-17
0
-7
-12
-25
-6
-12
-17
8
0
-6
-6
-38
-42
-37
-22
-10
-12
-36
-33
-20
-41
-14
2
3
-6
15
13
23
22
16
13
-9
13
16
45
45
28
19
14
23
63
104
85
56
15
-10
2
37
64
81
71
23
-4
3
16
41
27
11
-7
-33
-30
-36
-8
11
-23
-38
-37
-51
-37
-25
-5
-24
-41
-50
-57
-31
-26
-10
-13
-13
-30
-30
-14
-10
12
7
-4
0
-9
8
18
10
20
12
-16
-22
-20
-19
3
16
10
1
16
34
45
49
47
28
2
10
12
12
13
14
0
-5
-26
-13
11
2
-2
-30
-37
-54
-26
10
14
22
-3
-25
-44
-15
28
34
23
-1
-10
-9
-6
22
51
49
16
-16
-18
-31
-15
15
7
13
-1
-22
-25
-20
-22
-13
7
11
1
-7
0
1
-1
-47
-58
-55
-48
-14
-9
37
51
12
-18
-22
-25
-5
-5
20
86
65
53
31
3
-32
-29
14
30
65
25
10
18
-25
-13
-9
-9
2
-14
-26
-17
-15
-39
-25
1
-6
-19
-34
-40
-11
1
24
59
21
15
-13
-38
-8
9
21
25
37
18
6
28
13
9
21
-10
21
15
16
27
20
57
-7
-14
15
25
56
63
62
6
9
51
-5
44
30
-6
2
-119
-102
-43
26
28
26
19
-53
-74
-21
-36
-48
4
-48
-45
-22
-14
-27
15
1
6
22
4
0
-4
18
-56
-70
-97
-95
-63
2
2
-8
11
-75
-92
-100
-140
-73
2
16
28
-15
-19
-34
45
84
53
98
47
-1
-19
22
49
39
105
77
21
69
2
17
22
-19
40
64
56
21
71
95
69
57
51
17
37
22
-15
-4
20
19
-10
63
14
-14
41
8
-22
-29
-19
-38
-51
0
-51
-21
23
-83
-40
33
26
38
-48
-131
-119
-117
-37
9
90
53
-28
-22
-82
-83
-82
21
28
-3
47
-29
-18
-18
-54
48
82
66
5
-32
-23
-69
-27
30
-6
30
43
-31
9
14
29
19
-7
-5
-14
53
57
34
36
-21
-49
-6
23
33
8
-28
-76
-86
-30
53
91
60
4
-64
-79
-25
36
70
55
16
35
-19
-42
1
-16
50
37
7
-57
-124
-82
-133
-43
14
5
24
-39
-60
-93
-53
16
13
58
82
-21
-29
-10
7
79
136
141
118
91
2
-84
-106
-45
-79
11
85
19
-8
-48
11
18
82
99
125
91
-3
32
-7
112
120
129
141
-22
-26
-18
-30
20
-34
-68
-48
-116
-44
-28
0
-24
-88
-106
-65
-49
-17
24
-80
-42
-52
19
39
109
37
-49
-73
-117
-50
-59
27
-27
40
40
-42
5
30
12
89
59
7
-42
-103
-9
-49
63
21
8
28
-24
-73
-129
-71
-107
-73
-66
25
-9
60
76
58
47
-53
26
-1
157
180
160
92
-64
-58
-134
-97
29
39
-32
-94
-79
-85
-35
13
-58
-58
-122
-63
81
145
163
138
186
76
30
116
67
13
19
86
-17
9
78
10
24
1
-64
-106
-10
-105
-35
32
6
69
77
81
41
110
-51
-89
-43
-29
52
65
220
101
-2
-25
-247
-195
-77
-15
-52
-141
-111
-105
-3
35
-10
-45
-106
-81
-79
69
21
42
130
-33
-31
-66
45
-20
-7
-7
-81
-77
-14
73
48
86
-36
15
-16
-28
-64
-3
54
68
91
82
62
-61
18
-65
-20
-2
5
-13
-1
-4
-41
9
1
44
-32
-24
-59
24
29
113
56
42
148
8
43
-72
33
-68
-49
4
-30
108
7
1
-114
-93
-69
-39
62
95
39
48
55
37
113
101
98
-7
-78
-14
-1
-40
13
-62
-124
-94
-109
-8
-40
-78
-119
-112
-10
-19
58
38
98
55
-63
14
115
119
-1
62
108
37
-60
-30
-49
-48
-36
-25
31
32
-25
-78
72
-15
-8
42
58
95
28
167
39
-58
-67
-81
87
126
99
44
-29
-78
-150
-39
7
-99
-11
-65
-142
-152
-22
-10
-5
15
-54
79
-24
-73
-155
-50
-36
-57
137
80
-33
-60
28
-113
-104
-16
85
65
35
91
109
189
39
-63
-87
-2
-84
15
267
220
199
110
-29
-126
-169
-17
45
26
89
49
83
-91
-25
58
78
-41
-158
46
-123
43
43
72
126
34
66
-127
-82
-169
-120
9
-83
14
-32
-1
-6
-139
92
-2
-16
-149
-196
-21
-84
150
80
101
7
37
123
-91
-49
-50
7
-92
-67
127
205
217
-51
-144
38
-183
-245
28
37
148
199
145
80
-105
-149
-110
-2
74
68
85
3
-64
-48
-9
4
-28
-60
-88
84
72
-17
40
14
-21
-134
-13
-56
-131
45
46
76
115
132
-48
-127
-79
-108
108
151
37
-55
6
81
16
67
83
37
-79
-21
86
41
105
112
120
167
9
-14
-42
-85
-137
-88
-37
-82
25
61
131
24
67
-68
-206
-160
-225
-57
28
30
-28
95
65
-114
-38
-77
-154
-73
15
20
44
101
150
121
89
-58
-241
-159
-161
-137
118
305
132
-108
9
-22
-60
86
86
100
-115
-102
-21
-69
57
-31
83
-6
-3
63
-22
19
-116
-84
24
100
3
19
107
-74
61
161
30
24
-86
8
-19
-18
26
43
3
-187
-107
-57
84
-89
-14
181
-33
-77
-8
-3
7
82
40
49
128
51
-24
74
-51
-83
106
70
-101
-29
152
85
-57
-54
-46
-120
-96
38
115
176
125
-68
-54
15
-151
-61
93
-15
13
44
83
54
-39
-100
-14
-216
-201
25
78
148
-13
25
-9
-2
31
22
1
-16
29
140
54
-33
-30
-212
-264
-134
-75
78
216
-116
-22
25
-45
36
51
72
12
115
135
147
222
113
-6
-29
-110
-118
-88
-3
-152
-96
12
-92
-86
-101
-138
-59
92
-82
-60
84
4
-152
44
120
61
176
-21
-164
-83
-3
-123
-43
29
-1
-23
-32
70
20
27
36
-85
-113
38
137
241
202
215
167
35
75
38
-41
-43
45
90
142
71
71
-36
-102
-41
-150
-71
-114
-222
-89
102
225
205
70
-54
-31
-87
-33
85
-63
-65
-165
-149
103
166
202
-19
-265
-296
-234
-81
-125
-35
85
106
161
198
223
124
50
-84
-33
15
-14
99
54
48
1
-70
-76
-371
-347
-289
-197
168
116
79
98
35
-153
-111
155
0
-54
218
132
85
290
257
-180
-98
-96
-389
-22
-35
-8
86
6
-114
-109
77
42
79
121
6
76
171
135
101
115
6
-26
154
2
-85
-30
111
-98
-84
38
-223
-176
-119
-108
-5
115
135
-31
-31
136
125
120
104
54
-119
-14
-55
179
174
-122
-66
-327
-158
-87
-54
-62
-204
-185
-73
11
177
242
233
103
-40
72
36
-57
-44
95
-39
-21
-116
-49
-26
35
-73
-196
46
-172
-136
-72
40
-67
110
315
225
234
78
25
-152
-69
72
-114
51
167
72
177
14
-180
-250
-164
-274
-61
164
0
106
128
121
133
112
-64
-94
-99
-132
5
208
362
273
-24
-3
-69
-242
-198
-290
-290
-211
-8
44
219
147
-134
-73
64
-40
87
144
-207
102
128
45
136
158
-57
-66
-36
-126
58
6
39
-95
22
-53
-3
104
49
93
-76
-154
-54
25
-56
129
127
22
-32
4
-123
-117
-64
51
29
-78
81
-39
-30
-14
181
-49
-13
180
137
86
-23
44
-185
27
-90
-241
-84
-116
-75
-67
63
82
78
173
-68
50
149
-227
-65
123
183
61
157
-23
-115
134
25
32
128
38
-359
-40
1
-235
50
30
-188
-3
63
-31
95
34
-169
-40
177
179
313
204
-97
-240
69
-83
-56
60
-41
-19
-120
117
-116
-175
-28
-105
-59
49
141
-54
-197
105
-68
-55
241
161
-10
-30
58
-72
123
44
-84
-46
-73
-135
38
48
-34
44
-74
-13
126
12
-318
-145
-28
17
252
210
62
104
-27
-90
-127
-6
113
-121
-93
73
301
69
89
40
-339
-160
97
58
261
5
-331
110
65
39
255
136
-394
-92
132
-233
160
183
-1
113
150
-48
-245
-40
59
-164
100
218
-59
18
158
-176
-117
122
-268
98
65
-357
-86
193
-8
9
285
-442
-258
287
-90
-87
97
-16
-101
144
365
240
-54
193
18
-614
-84
-138
-343
167
295
71
-210
155
-84
-196
-118
-138
-268
-138
318
324
280
-63
158
183
-222
40
261
-294
26
262
-75
-224
364
43
-617
180
-341
-533
20
444
28
156
443
-19
117
-46
-25
135
7
-86
368
158
-177
-69
209
-279
-201
337
-262
-176
-257
74
-87
-93
-115
170
63
-97
894
-121
-178
103
111
-102
350
192
-92
216
-497
-243
-145
-195
-311
398
27
-263
118
-34
-459
-99
-9
-503
317
319
126
22
165
-239
-17
86
-416
-65
129
-120
160
471
-215
-69
-94
96
-216
114
430
-544
123
84
36
210
241
-75
355
404
-547
258
88
-475
234
111
-599
410
-166
70
543
-112
250
-11
17
-420
156
-540
-12
561
-76
707
67
-48
-150
-119
-288
-106
-24
143
272
-302
-312
-317
-189
-16
147
-347
215
-68
-208
137
-12
-269
-74
194
-643
751
175
-606
232
1
-505
-34
716
-556
-79
639
-136
-1
-45
95
505
22
-168
-128
369
133
-320
777
242
-448
15
-3
54
-508
-185
-52
-7
-207
2
737
-713
289
329
-485
134
2
-142
44
394
-21
182
367
-39
-112
-365
-86
185
-469
63
-113
104
-3
-74
-116
-14
195
-394
854
87
-393
393
192
-767
500
420
-485
526
-65
-553
23
521
-687
422
-606
195
472
-1135
842
-512
-439
721
184
-464
346
-6
-510
401
-222
-137
576
-611
179
278
-197
299
-689
391
-379
-231
452
555
-594
-375
1041
-401
-65
139
192
-53
-705
502
215
-827
654
221
187
-113
-19
-200
-17
-244
-551
1074
-680
391
376
31
30
-265
-36
-438
606
-220
-53
502
-40
-395
610
-81
-686
845
-330
-661
563
20
-1048
893
155
-440
1241
-890
437
41
-784
-103
501
-156
-696
1249
-500
-691
360
16
-590
-279
599
-34
-474
423
-726
343
-504
31
934
-321
424
213
-431
-81
793
-1337
1376
-271
-417
1092
-535
-996
1048
196
-1397
1821
-1263
105
221
-954
675
-71
-562
781
567
-846
633
229
-886
813
12
181
607
-1015
1091
-497
-250
545
-220
-616
527
679
-1442
1024
-572
-1126
666
320
179
144
197
180
-978
-163
883
-902
-350
603
1185
-738
-26
368
-1200
-266
29
190
-820
773
-388
-1
1295
-1376
-42
702
-469
-893
1350
14
-396
840
-875
1194
-454
-77
101
-76
-18
-135
844
-1070
1329
-1329
660
393
-681
771
-992
782
-353
-280
-22
1130
-1238
3
1195
-1220
-508
810
-738
539
606
-1079
1651
-1289
-392
752
218
-1024
1043
582
-652
1386
-1216
1000
-702
-1047
857
619
-1017
-254
1423
-1029
-359
726
-214
-1344
-140
963
29
-1098
1524
-116
-961
-44
306
-426
-386
1035
-772
996
-523
573
-161
-628
69
-12
476
-518
758
-145
-375
222
301
-177
-356
382
320
-547
147
-357
1071
-527
167
869
-999
538
-66
-194
-474
526
-99
588
812
-1275
-251
776
-651
323
-286
516
-778
-5
1300
-1078
217
-862
1457
-1262
471
698
-1196
171
831
-416
-798
2132
-2161
23
993
45
-1128
269
1004
-1041
-397
466
917
-1621
-499
1378
-209
-879
518
550
-98
-883
749
-142
636
-1127
-3
1433
-1766
449
463
260
-1120
753
-11
-102
369
-822
1142
-137
-578
541
-644
1337
-30
-1470
1868
-300
-548
-644
2001
-2040
-651
2213
-1116
1115
-2152
1667
583
-1207
-242
1189
458
-2699
2704
-353
-139
-371
-107
2443
-2324
-301
1514
-505
-2054
1406
951
-1955
995
36
123
165
-375
-569
112
94
-926
1233
-66
-897
500
332
-1269
1403
-426
-1307
1886
-1533
11
437
23
-956
937
-171
-384
1511
-2074
1042
-169
-244
203
526
-518
175
1280
-2296
1403
900
-2062
312
1961
-1640
-239
1469
-364
-1369
956
1400
-1709
1073
301
59
-383
1257
-882
-1203
2249
-1045
-696
642
740
-694
-12
1213
-1518
-474
995
-756
901
-1148
-748
2218
-734
-809
879
-866
-110
326
1145
-1858
321
-166
-689
2175
-3649
3803
-2436
461
1748
-2459
1442
-885
115
-2401
3878
-2065
86
1612
-890
-294
299
197
-853
708
-1052
1977
-2285
2454
-406
-259
300
-660
561
-604
1225
-1619
931
-1227
1675
158
-1382
512
1389
-1740
1306
607
-2982
2416
-864
1045
-259
567
-941
788
336
-1187
813
-1115
666
203
18
76
508
-1425
1357
-1136
497
579
-1438
1155
484
-999
-422
920
-1152
375
-3
533
-612
145
-966
584
25
-2210
2396
-152
-1299
1180
-122
-690
212
-376
-361
1321
-395
12
1606
-2046
241
1373
-2140
510
1024
-1180
734
-349
231
-529
623
-577
238
127
-304
986
-1134
1167
-1249
1211
193
-568
91
1089
-1271
519
857
-1444
353
488
1019
-2622
1709
553
-1117
-467
1921
-1072
-1380
2258
-746
-715
902
-310
47
875
-1752
1067
1335
-1740
-315
2036
-1266
-689
914
-202
-537
576
-492
821
-668
-931
1194
-388
-448
1160
-945
-1095
3172
-3195
256
1914
-1959
-245
2519
-1647
-2
2580
-3806
1151
1977
-3489
1483
1976
-2992
1894
601
-1441
380
1072
-2825
1604
559
-2020
1820
-312
204
-159
779
-715
747
-2111
877
1746
-2764
1251
1496
-1568
166
1635
-1207
-1172
958
-166
-393
115
-372
1182
37
-904
663
438
-1562
1488
-600
-498
479
576
-956
282
825
-1198
1914
-2295
1706
-45
-1419
685
440
-1049
-1500
3564
-1348
-965
1978
-648
-1377
639
580
-1114
1390
-1022
833
730
-1638
1279
-975
-375
-312
1797
-2126
996
757
-2336
2829
-1581
-499
1338
322
-2083
1859
613
-2273
1173
227
-85
-242
-301
1215
285
-2957
2920
220
-3390
2529
150
-927
401
775
-264
582
-784
-1120
2304
-1599
-796
1405
591
-970
-128
2040
-1984
-658
1729
-800
-1319
1343
230
-804
909
-769
547
-810
-117
1055
-736
243
-449
1190
-1029
192
220
386
-727
-396
2753
-3392
1959
-409
-522
829
-1435
1131
-594
877
-1652
2330
-1237
-857
610
-806
1233
-2334
2366
705
-2754
1774
601
-1722
756
-793
1038
-904
-285
2577
-1667
-942
1784
379
-2103
1108
504
-832
542
-323
287
55
-978
380
346
410
-582
-559
1339
-1800
394
2032
-2181
1466
430
-981
438
841
-823
-756
1880
-1717
301
1421
-1013
-556
1055
-1183
154
901
-600
-436
944
-1123
789
-144
-1107
1216
-1211
2586
-2897
1895
-48
-1926
1865
-1144
787
516
4
-1263
1918
-1158
-1010
1276
-738
-503
1185
-726
466
-942
505
1520
-2861
1989
333
-2001
1399
1067
-2006
481
1386
-1030
-716
2345
-2237
870
1370
-2208
1209
-601
250
-1284
1549
-699
381
316
-633
715
-565
-548
820
-592
-667
1515
-1172
1370
-1418
2293
-2179
-324
1383
-1454
1914
-3123
3391
-1013
-1610
2269
-408
-1080
77
1612
-2816
1471
238
-1779
2006
-302
-506
861
-554
-1007
1878
-1685
-687
2909
-2305
-3
2426
-1509
-317
719
-1236
961
959
-2366
1751
276
-2376
3277
-1069
-1746
2339
97
-2425
1490
1663
-2745
978
287
-749
988
-296
-204
567
-1433
397
1358
-699
-425
1230
-1057
764
735
-2684
2472
-1177
25
1109
-1165
207
387
-784
-219
1320
-2067
1045
806
-1721
1775
333
-2551
1924
-625
-2008
1909
1802
-2631
139
3377
-2905
100
1465
-780
-64
-258
1008
313
-750
197
-632
1592
-3140
841
1760
-2146
-386
1886
561
-3819
4178
-3002
885
780
-1299
2106
-1384
-721
2951
-1277
-2782
5459
-4403
1037
733
-301
-118
-119
-1626
1597
1297
-5105
5443
-2392
-1298
1556
339
-918
356
178
654
901
-1615
1419
-407
-135
-175
1040
-1916
2111
-308
-679
-330
942
595
-4002
4274
-2768
-505
2550
-2130
413
-165
801
-1264
2013
-529
-2147
2915
-1258
309
232
-145
262
-72
397
-25
-797
-529
-431
1700
-1213
-1932
4589
-3450
886
338
-443
657
-1569
1637
-682
582
-1276
2873
-1445
-1022
2933
-2346
-82
1168
-616
230
-477
-460
1951
-1892
368
589
-690
429
-1058
1380
-628
-863
802
1257
-1035
-300
1617
-1106
-902
536
520
-524
-290
-484
3050
-2268
-612
2760
-1725
-2002
2133
903
-5486
5927
-2048
-918
2646
-2432
564
507
362
-2500
4039
-2954
892
1212
-544
219
-1499
2752
-3406
993
959
-511
107
-590
109
1647
-2072
-649
3478
-4055
1589
2029
-1916
-226
367
-745
703
338
-2353
3418
-2478
-359
3217
-2661
-409
860
-554
929
-945
-762
2178
-2146
1960
-132
-1300
901
-520
-531
1611
-109
-1403
2269
-2311
1166
217
-1330
1771
-1806
337
1695
-1468
1203
-1090
-1022
1106
1088
-1760
1877
-287
-1755
2699
-1971
2468
-3314
766
1707
1045
-1263
-854
2382
-2869
106
1277
-160
-1274
1821
-883
1394
-787
-1487
1564
953
-3768
3351
170
-3440
5009
-2931
-854
2480
-1700
-2430
3229
-1230
-632
2498
-1738
-637
1628
-1432
-6
1892
-1453
-598
2003
-1257
-1770
4068
-3477
-811
2254
119
-1736
1631
893
-3933
2736
458
-1277
767
-805
-589
3042
-3103
-237
2388
-1497
-335
1223
891
-1876
288
-802
692
672
-131
105
-1271
2133
264
-1615
1614
-2439
-467
2442
-167
-1079
1037
-1050
-454
2672
-1744
-674
-124
665
-549
1593
-654
-270
382
-1533
1974
779
-1241
-124
2054
-3221
2591
82
-3053
1417
966
-304
-109
655
-1679
310
-1446
2096
-92
-1830
2943
-1215
-1091
2455
-2257
-423
748
-24
286
899
-36
-1176
1815
-3345
2272
-748
-757
3180
-2324
-836
2003
175
-3127
2683
-661
-2108
2587
467
-1240
633
-841
334
-676
628
2240
-3088
1082
1972
-1626
-724
804
-706
-1811
1974
2256
-1409
329
-1203
1035
-350
-441
-532
-1494
3096
-244
533
-657
396
-2627
1371
1110
-1715
3025
-3087
75
2770
-1622
-1116
1216
-545
158
829
200
-45
-2341
-1011
2505
-430
129
-314
-1051
2682
-657
-2558
2542
-1222
-2928
5323
-1242
-629
961
-2147
1358
718
-2041
-601
2284
-1978
346
1822
-1469
65
-758
428
1121
-1393
491
813
283
-243
-738
731
-565
-214
428
-514
2096
-945
-1107
2063
-566
-1745
910
1740
-2164
1368
-592
-1046
2577
-2253
-723
3673
-2554
-2351
5188
-1841
-2640
3122
-1060
-1768
4953
-2315
-3369
4203
-2029
-597
3083
-1149
-1958
1561
-347
369
-319
-1938
1410
722
-562
2339
-1863
-1788
2562
-3660
2195
1399
-3280
1297
2302
-2594
867
2094
-5606
3466
1151
-2527
2598
-1067
-739
495
-788
1104
1282
-3323
418
3314
-3291
375
2237
-2732
192
2194
-876
72
547
-931
819
-551
115
-205
288
-43
172
-55
-721
1718
-862
-1337
893
1208
-2312
2231
-428
-1907
1406
109
-509
-1916
2755
-1324
-79
905
511
-1946
-222
2731
-2983
1363
988
-813
-306
234
436
363
-1120
985
946
-1118
-149
1272
-27
-1355
812
-1517
1601
-992
-704
1390
-882
-289
756
150
-682
249
-1557
1047
943
-34
-1145
1822
464
-2198
1806
-659
-4
-127
-671
2452
-16
-2341
1265
879
-2568
1277
1953
-2086
440
163
-1021
1615
-1636
-443
1785
-1876
1176
296
-720
727
-905
-73
664
350
-1863
1560
112
-1799
1931
-172
-436
303
85
-1499
870
607
-2033
1625
-155
-707
392
-824
881
123
-1553
1992
386
-869
1071
-305
-572
-19
454
-371
1726
-1022
-813
-322
1178
-1264
-1479
3768
-2655
-938
2175
-312
-1570
294
-421
980
-614
422
1505
-1973
223
2104
-1283
-1160
3599
-3351
1399
1751
-1721
925
-789
-516
1125
-292
-1176
1978
-2725
667
2118
-1453
786
-347
-1046
1446
-965
376
875
-2375
916
1302
-1047
578
113
-2144
1879
-119
205
48
-777
1414
-1860
563
894
-1996
-471
2171
-680
-1100
2530
-2467
-1040
1793
-1376
925
414
-756
357
1414
-702
341
109
-1553
1915
403
-616
1621
-500
-2967
2236
-545
-523
962
-392
1469
-1405
-55
38
-229
-2164
956
1686
-72
-87
-697
1582
-1644
-1032
1358
494
-1588
1806
348
-2071
1211
-275
-475
-207
1194
1079
-1288
521
989
-1262
67
893
1199
-464
337
859
-561
-138
-359
804
-320
1023
-650
78
1151
-2196
90
-814
-740
1727
-820
-884
2526
-2086
-1997
2835
-1567
-2668
151
781
-2144
412
982
-789
-1383
293
2685
-2862
850
-265
-427
-937
2553
1041
-5069
3475
817
-1848
661
2213
-3605
911
587
-1093
724
-2925
1201
866
-1258
-1410
2043
-3888
-166
102
-1094
1550
-1555
847
21
29
307
864
-877
2414
210
581
2312
887
3794
563
888
4706
1919
1382
5590
674
-329
4297
2673
698
2306
330
199
440
-67
230
-3005
-1087
-1450
-3108
-1092
-1389
-3486
-3540
-3490
-2863
-1898
-2721
-4047
-3007
-1915
-1327
-192
-2322
-1990
-457
731
-404
344
162
-1196
1824
2001
1367
1049
855
564
695
1685
2517
433
-165
938
2004
807
668
612
-1201
-342
1031
1677
-2643
1090
-311
-1659
1399
-912
-852
-1633
1074
-2003
-303
349
-635
-1619
-1054
1638
-1849
709
-543
-1772
-1256
1742
-482
-2081
-803
-617
-2010
-920
3315
-3732
-323
832
-1344
-1199
1220
1577
-1762
770
282
3514
3002
5286
1898
-1588
4936
7737
6960
3101
1716
2596
6974
6140
4449
3457
1120
3669
4553
824
26
-88
-1716
-1908
-1805
729
-1884
-5088
-6688
-8760
-6004
-2794
-4599
-7485
-8135
-5381
-3337
-6875
-8437
-7538
-4958
-2223
-1673
-717
-601
-1822
-2716
-2019
639
3699
4607
3163
4177
6406
6387
4543
3024
3015
5283
8607
7374
5547
4732
2782
721
1113
1414
1025
1217
-132
-1049
-925
-2568
-4774
-5900
-5970
-2785
-2079
-1389
-3543
-7047
-4872
-3148
-4470
-3977
-1039
-471
47
-741
903
-132
-2058
462
897
3511
4419
3403
1317
857
1585
1640
1561
301
2102
691
2167
645
-3844
-1267
-815
-1170
849
785
-1181
-621
-891
-554
-948
-3554
-2609
4494
8543
5565
790
243
5065
7526
6643
5775
4164
2652
10227
12377
4950
1929
2641
3488
4486
2365
1513
3351
-1860
-5097
-3540
-692
-1757
-5544
-9347
-10116
-8100
-5420
-6341
-13126
-11409
-7574
-7811
-8880
-10032
-10988
-7442
-6375
-7125
-2538
-666
-1184
-3587
-2985
525
4002
5531
4975
4663
6434
9319
8899
6111
5244
8306
10547
10853
10961
8227
3695
2004
1673
3034
3519
3128
431
-1579
-1482
-2922
-5459
-9170
-7837
-5694
-2381
-1189
-4541
-7168
-8127
-7889
-6412
-3916
-639
1243
381
-644
190
480
-2074
96
2599
5773
7473
7727
5197
-136
738
2282
2905
4024
3842
2431
2826
726
-2595
-4122
-3447
-2719
-1752
2434
1849
-3333
-5181
-4036
-2861
-3899
-4136
533
4925
5294
4473
1491
-2069
1888
8689
10440
6649
4280
5341
9539
10004
5598
3655
3857
6314
6124
3817
2515
1449
-2934
-5567
-3585
-850
-145
-3504
-10550
-13626
-11395
-7539
-7091
-12739
-12617
-8251
-7980
-12223
-13108
-11270
-8378
-7623
-6736
-2177
-412
-696
-3535
-4142
-884
5842
8909
7217
7150
8369
11501
10909
6213
5462
11169
15495
13601
9718
7412
5353
2598
1997
2934
3168
2696
1198
-1525
-3825
-4271
-7227
-11254
-9551
-4777
-2229
-3142
-5699
-10462
-11515
-7274
-6297
-4689
-857
1957
1015
-1588
-1760
-1242
441
1674
3720
7877
9779
6615
3928
1821
754
2546
4101
4943
4282
4481
2787
-965
-5817
-5535
-2767
-2039
206
1569
-320
-5961
-6837
-4914
-4099
-4341
-3294
1008
5559
6688
2704
-691
-651
2682
11482
14087
8717
5157
6003
10746
10250
7176
5968
8026
8663
6551
3484
3233
2018
-2869
-5125
-3657
405
193
-4733
-13623
-17187
-14229
-8466
-8689
-13506
-12604
-10091
-12667
-17067
-15881
-11993
-7937
-8785
-7546
-2861
-1355
-3443
-5120
-4510
-1418
6087
11729
10351
8598
8473
8576
8196
6043
10476
15457
16529
13891
10345
8199
5196
2236
2041
5642
6334
5314
2917
-1214
-5340
-6749
-7896
-8764
-5746
-2781
-1183
-4105
-8432
-10353
-11038
-8787
-4925
-1253
925
1191
-778
-3385
-3577
-1825
644
4385
6650
7429
7697
4818
1085
-279
2035
4935
4946
5048
5039
2576
-1444
-3914
-4379
-4975
-2535
-420
1538
104
-4982
-7501
-7221
-5328
-4338
-1816
-1643
151
2565
4223
3069
-2109
-1069
5624
13591
13469
7663
3453
4779
9330
10563
9557
8634
9339
7323
3645
2100
3465
2891
-608
-3398
-3366
-572
186
-4968
-15145
-18034
-12567
-7435
-7221
-11271
-11490
-11551
-16331
-18613
-13955
-7033
-5048
-7632
-7949
-4745
-2295
-2471
-3153
-3678
231
8547
12912
11469
7750
7100
7577
7939
8543
13105
18204
16365
10843
6942
7129
5407
3124
3621
4992
5631
3848
71
-3316
-6508
-8318
-8450
-7087
-5216
-3985
-3164
-6286
-10780
-12028
-9681
-6315
-4239
-2499
348
397
-2136
-4053
-3333
-748
2496
5748
6631
6828
5414
2938
916
1431
3440
5644
5723
3688
2642
1821
-1324
-4312
-3903
-3355
-2092
-258
791
-1539
-5193
-8081
-7259
-3509
-880
-583
-611
-1126
-353
2999
4622
2911
267
4698
12565
15240
8930
3715
3340
8193
11933
11906
11406
9723
7100
1981
94
2120
5585
2874
-1011
-4772
-4301
-2030
-4691
-11695
-17612
-13688
-8065
-6734
-9987
-11724
-13107
-16180
-18827
-14951
-7538
-3651
-4926
-7965
-8077
-6394
-3090
-1557
-623
50
5033
11127
10264
6908
6273
8101
8300
7794
12194
17268
16631
10897
5929
5221
6039
5369
5314
6845
4715
1802
-751
-2667
-5165
-6934
-6148
-6206
-6468
-5868
-4297
-5514
-9895
-11725
-9394
-6529
-3911
-2201
-1324
-1403
-2498
-3322
-3187
-213
3672
6016
6063
4545
4612
4419
2460
2215
4489
6928
6062
3696
2217
1615
194
-1356
-1955
-2234
-1967
-953
-449
-2397
-4327
-6752
-5782
-4632
-2130
-612
-1418
-3571
-5109
-189
4192
5776
1801
2170
5314
10352
10429
5973
4584
5558
10131
11358
12026
10273
8255
4205
1546
376
4816
7873
3723
-2033
-5293
-2828
-3391
-5584
-10176
-11096
-10136
-8750
-8980
-10158
-10671
-12885
-15023
-15706
-12604
-7338
-3854
-6252
-8259
-8735
-5956
-3514
-2482
-1236
1447
6004
7393
5059
3474
7179
9107
8224
7084
10268
14566
14095
9713
5922
5950
5601
5247
5141
6493
5836
2356
-1566
-4460
-4677
-3589
-3375
-5039
-6231
-5321
-4822
-7273
-8815
-9148
-7531
-5402
-4373
-3167
-1396
-153
-2618
-5610
-3851
1350
4538
5663
4866
4296
3368
2213
2634
4399
6862
7122
5101
2582
2232
2823
2424
-34
-1408
-718
672
-317
-2158
-2965
-3210
-3166
-4422
-3813
-3635
-1560
-1111
-2658
-3609
-3369
183
3334
4277
1635
2143
5021
6830
6796
6084
5573
5736
7586
8326
8299
7566
7222
4938
3195
1819
2684
3673
1977
-599
-2402
-1420
-3502
-5698
-7996
-9242
-8971
-7868
-7685
-9037
-9859
-10237
-11297
-12981
-12012
-9303
-5873
-5602
-6644
-6683
-5333
-4761
-4185
-2545
563
3559
4418
4206
3827
5556
6422
6729
7019
9840
10679
9268
7571
7190
8862
7157
4944
4296
5579
5220
2858
1345
581
-1162
-2113
-2459
-2638
-2899
-3711
-4236
-5752
-6506
-5695
-3846
-5062
-5719
-3679
-1964
-2498
-4056
-2058
82
-443
-1135
972
2341
1870
1404
2550
3661
3401
3434
3244
2532
1747
3359
4347
2877
1504
2229
2343
-237
-2715
-1590
1180
1029
-981
-2456
-2528
-3195
-3433
-2290
-950
-163
-538
-1478
-2067
-2315
-2342
-522
2612
4285
3637
2765
2473
1041
1578
3977
5793
5348
5147
5983
4280
2235
1166
2783
3774
3664
3172
2779
1202
-1741
-3642
-3246
-1711
-697
-1144
-4638
-6387
-7378
-7399
-7833
-6800
-4805
-4857
-6110
-7710
-8015
-7864
-6398
-4810
-3619
-2198
-1473
-2469
-3073
-3558
-1555
2126
4022
3000
3260
4619
3686
2318
2532
5527
6263
5894
5534
5584
5051
3354
2407
2695
3294
3608
3625
2870
1621
-49
-125
-534
-1327
-1606
-570
336
-1102
-2813
-2951
-2306
-2917
-3108
-1455
-183
-969
-1716
-1519
-1501
-1876
-1266
682
1117
204
193
904
690
56
738
1271
1670
1856
1483
1025
754
886
1007
986
303
490
802
723
-192
-1151
-482
93
63
-563
-353
137
-643
-822
-256
43
-398
-516
598
-308
-1090
251
1564
1422
345
707
1301
1161
717
1211
2138
1943
2288
2786
1243
511
967
1086
1320
1024
870
696
201
-858
-1887
-2215
-2288
-1637
-1874
-2821
-3374
-3405
-3651
-4491
-4433
-3802
-3029
-3353
-3303
-2709
-1977
-1934
-2615
-1875
-1024
-302
-8
368
1066
1154
1088
1897
2079
1911
1878
2275
2882
2446
2482
2737
3060
2302
1806
1714
1297
1394
938
1064
952
289
108
-389
-1327
-1625
-757
-380
-1026
-1378
-1303
-1447
-2177
-2443
-1781
-892
-290
-109
-268
-894
-1180
-667
130
846
1384
1556
1585
1094
665
1019
1741
1677
1072
1905
2511
1787
318
67
348
-6
421
824
1132
593
-1144
-1942
-1025
-246
130
75
-77
-930
-1671
-1468
-754
438
979
1132
-200
-689
-82
750
1042
592
1469
2110
2015
1259
873
1207
1089
472
834
1195
1048
890
181
-606
-1062
-607
-541
-909
-1614
-1939
-1676
-2118
-2845
-3038
-2727
-2393
-2349
-2417
-1936
-1551
-1760
-2035
-1632
-1128
-676
-28
428
565
885
1017
765
886
1189
1491
1672
2324
2746
1952
1302
1973
2465
1762
777
319
994
1098
8
-631
-488
-279
-1163
-1777
-1524
-1381
-1766
-2397
-2506
-2171
-1665
-1759
-2251
-2163
-1387
-758
-783
-1073
-772
-340
168
720
1319
1789
1203
1038
1606
1927
2290
1942
1860
2380
2295
2193
1527
1352
839
2
79
778
1391
1094
77
-1262
-1845
-1591
-783
-636
-588
-800
-945
-1759
-2162
-1609
-560
590
-181
-737
-517
494
482
674
1050
1658
2020
1630
2076
1964
1909
1794
1989
1990
2350
2504
1910
1050
634
444
530
791
383
-335
-996
-939
-1508
-1957
-2218
-1917
-1589
-2129
-2788
-2883
-2194
-1835
-2090
-2295
-2176
-1965
-1403
-1199
-432
284
-112
-604
-801
-113
901
1544
1426
675
554
1027
1788
1745
930
475
645
754
375
447
565
329
-789
-1229
-853
-520
-649
-1254
-1588
-1595
-1316
-1370
-1707
-1771
-1133
-748
-839
-1294
-985
-609
-430
-18
503
1195
895
780
912
1267
1603
1460
1587
2102
2189
1706
1426
1204
1111
1068
1086
875
901
854
76
-471
-555
-119
-213
-755
-1080
-1121
-654
-654
-1116
-1312
-1140
-947
-748
-676
-238
327
507
270
-297
246
942
1419
1605
1361
1408
1451
1273
1319
1791
2051
1735
1331
1207
974
1215
1082
656
-40
-347
-17
44
-38
-767
-953
-805
-1178
-1596
-1467
-1204
-1022
-1296
-1566
-1416
-1106
-700
-653
-707
-772
-697
-715
-645
-510
6
518
365
-195
-349
72
419
291
-400
-609
-215
-119
-348
-384
-483
-853
-1138
-1063
-979
-732
-824
-1348
-1614
-1475
-904
-525
-700
-932
-892
-630
-480
-413
228
416
169
94
627
1170
1219
1525
1665
1577
1150
1104
1553
1933
1838
1728
1413
1076
1034
689
846
715
594
408
282
42
-349
-439
-679
-689
-707
-458
-330
-312
-899
-1258
-930
-460
-172
-180
-4
406
479
7
81
497
993
1231
1358
1206
1005
821
487
848
1494
1828
1579
855
441
363
209
-58
99
152
-142
-616
-969
-1025
-1421
-1660
-1674
-1295
-1319
-1583
-1764
-1709
-1708
-1714
-1316
-1056
-896
-891
-425
-282
-185
-162
5
338
515
773
1159
1304
994
932
934
1371
1389
917
342
399
720
706
420
-81
-392
-695
-853
-997
-742
-432
-904
-1817
-1811
-1540
-1565
-1590
-1287
-746
-615
-968
-1151
-622
-401
-367
174
717
993
1220
1229
1229
949
909
1226
1927
2617
2511
1916
925
628
899
1254
1357
1478
1334
583
-381
-760
-434
-424
-533
-704
-617
-885
-1304
-1571
-1508
-1359
-1406
-1006
-661
-720
-973
-562
-289
-540
-664
-96
911
1153
696
440
671
809
733
1026
1770
1917
1432
712
398
671
1045
1143
665
406
136
-143
-412
-664
-505
-329
-562
-923
-816
-1054
-1432
-1640
-1638
-1157
-856
-832
-699
-738
-1040
-968
-455
-230
-144
280
462
366
209
355
778
990
927
1246
1452
915
606
735
969
861
473
209
247
316
408
154
-533
-1028
-1160
-1052
-1109
-943
-571
-698
-1357
-1717
-1559
-1265
-1195
-1081
-710
-470
-551
-529
-342
-344
-42
251
553
699
819
1192
1362
1164
762
852
1275
1709
1721
1521
1258
887
659
558
864
1017
819
735
360
-176
-368
-420
-377
-387
-286
-115
-335
-808
-1093
-1207
-993
-483
-245
-374
-454
-261
-290
-445
-574
-184
437
532
120
4
320
334
218
78
472
643
432
173
-20
80
-24
-142
-263
-179
-46
-194
-487
-698
-785
-876
-692
-471
-506
-609
-584
-502
-724
-855
-586
-73
253
-9
-170
182
329
252
149
431
909
1009
1021
957
970
897
854
769
809
759
853
839
604
661
295
198
64
-106
-216
-239
-335
-328
-184
-638
-1123
-1350
-998
-808
-756
-599
-686
-963
-1115
-966
-801
-490
-221
-189
-198
-121
-26
25
-45
-43
203
665
925
689
402
227
161
231
376
686
807
438
285
86
-215
-102
-161
-55
31
37
3
-351
-504
-583
-560
-203
183
273
320
-34
-386
-199
-24
329
692
962
894
526
293
345
630
1025
1263
892
583
512
598
421
274
384
370
269
-82
-341
-288
-205
-644
-886
-823
-767
-665
-734
-1107
-1310
-1294
-1158
-1083
-1133
-768
-601
-920
-1169
-899
-509
-43
20
20
297
355
378
331
568
755
588
631
929
998
1061
1330
1273
849
486
788
1205
775
258
49
219
534
484
40
-190
-192
-186
-366
-521
-383
-473
-615
-858
-829
-525
-194
-302
-552
-639
-365
-120
-266
-504
-500
-107
198
190
-239
-112
-89
-215
-240
21
196
234
49
-286
-246
-161
-91
-426
-458
-434
-339
-411
-248
-485
-292
-49
-212
-227
-232
249
49
-7
-268
178
522
698
693
433
545
408
541
608
1224
1279
943
579
383
554
973
1435
1566
1422
1263
831
339
231
-243
-422
-1070
-853
-965
-258
408
219
141
-551
-205
-1314
-1347
-2084
-2240
-2182
-2006
-580
-342
861
1031
965
-116
-545
-773
-1103
-548
-458
165
519
1031
1460
1375
784
323
-39
-106
393
646
519
725
720
549
638
494
559
230
-464
-531
-558
-567
-79
94
-70
-195
-248
-165
-102
-518
-760
-694
-896
-560
-365
-353
-29
-446
-469
-410
-374
-170
-99
-227
-361
7
-208
-45
-107
-9
-138
-220
-201
-326
75
-200
-152
-247
-91
239
291
113
-156
-100
10
125
195
118
241
511
297
202
233
445
614
431
507
692
1064
1079
634
466
105
204
516
810
665
452
479
-165
-205
221
528
658
259
-76
-206
-299
-245
-408
-253
30
317
355
-14
-260
-609
-625
-678
-540
-169
-383
144
173
-382
-132
-177
-132
-289
-242
-561
-350
-207
-392
-366
-778
-385
-79
112
-26
121
-248
-346
-420
-472
-243
-62
169
-117
106
-362
-29
-30
280
340
-255
171
365
304
279
943
487
377
916
570
371
332
428
-3
-156
398
688
767
215
148
-309
-360
13
-76
-186
-651
-295
-622
-1025
-753
-658
-1097
-845
-419
-503
-133
106
-676
-1128
-869
-261
-221
-501
314
161
-173
-637
361
244
-7
712
219
-33
209
1471
446
72
711
336
346
448
759
193
400
461
-518
104
129
420
-96
-191
21
-584
-1
-213
875
-152
173
911
-528
-78
-463
321
-123
168
1548
725
1383
206
1020
-99
-665
1065
-287
1032
-637
1011
1116
-354
738
831
-467
-1572
515
-679
-1177
101
-132
-1005
-98
-1128
671
-1234
-1478
251
-2293
-402
-741
499
-1143
409
956
-1730
42
-1195
-84
21
-235
1166
-580
707
1451
481
816
-361
718
-236
545
1185
-39
1320
-22
841
308
-340
626
55
102
-1209
-52
-236
-202
910
-1489
-554
-470
-1031
-964
-1015
-351
-1699
-275
69
-284
-829
320
-504
-2367
218
-1009
194
262
-276
361
1161
-707
-154
1679
-1954
293
566
202
-712
865
1010
363
633
1080
959
-639
1005
-664
798
-361
271
967
871
519
1076
1422
-1449
961
153
-607
333
318
1421
13
686
1677
-790
-159
1383
553
-1013
1863
-1166
-920
1734
-789
1195
238
-72
385
-410
-1442
1448
-1851
-1885
2253
-1409
-1031
1828
-292
-2223
1097
-1459
-1204
-263
-1340
-157
-562
-199
10
-1059
337
468
-582
183
314
-2661
580
2780
-3566
2355
-7
-826
540
1896
-924
-357
2653
-2859
3449
-1862
817
1116
-575
757
984
-1137
-599
2990
-3262
1059
463
-1774
-135
1019
-2037
867
-389
-1529
299
-226
-246
-1089
922
-2354
-696
-976
1282
-2009
-346
1956
-2346
449
-411
-454
-1097
-152
-93
185
-177
-1161
1625
-346
-127
1708
-887
642
874
-268
1371
992
-861
2799
-101
-573
3278
-1197
1804
262
194
127
2263
6
-911
3042
-2258
1247
589
688
-1200
1971
641
-309
1225
-2024
1058
-552
553
-503
1555
-1370
-394
1227
284
-1645
-1342
1224
-2905
780
-488
-13
54
523
-470
-1271
846
-1960
-1491
249
633
-1720
579
2942
-1416
-2138
1760
-1675
-1323
777
-152
772
274
-104
-1309
2592
-1598
-1510
3378
-1974
875
315
1261
-908
-1380
689
-627
2577
-2197
941
1871
-1737
-2474
2211
-686
-2342
1945
164
-1129
946
510
-2406
2236
-2105
-387
-601
-115
-348
-1152
1005
-404
-934
509
91
-2084
294
-1451
593
-1282
1326
-886
1162
168
-142
1289
-1634
1798
-1173
2185
-459
1438
1597
466
1438
10
592
-56
-100
-21
1702
723
-463
2389
320
-627
2001
-2008
656
917
-1745
786
2503
-924
1093
1097
-1305
-1524
456
275
-2394
2316
-900
-267
-139
-390
-601
-980
79
-1266
292
-1444
1064
-483
-3400
2134
-482
-1403
1696
-1334
609
73
-1610
264
-101
-2573
1838
678
-2604
2497
-97
-1464
1522
-249
-1623
2428
-2193
543
2489
-2608
1498
1053
-374
2065
870
-2540
2721
-236
-1995
2914
-316
16
2317
59
-409
794
-1042
-969
1202
-1194
-1653
3791
-1179
-1499
1335
-1667
-1246
-371
-156
-1155
70
-1464
580
-66
-2225
1524
-2220
-2324
1510
-1446
-284
955
-1821
-134
1014
-701
-431
1738
-937
-890
2458
-1429
577
1872
58
1706
756
742
726
310
607
556
328
-791
685
2674
549
1461
-1107
1121
97
-1655
2607
-1956
-728
686
1213
105
264
-227
-41
-1324
-981
-245
-1108
1684
-1966
1317
616
-1041
165
1064
-2275
-241
2811
-5100
2099
1796
-4477
3162
-33
-1573
280
-192
6
-1416
465
-576
-68
-646
1014
-1752
-219
-205
-1598
1298
-1048
-926
2064
341
-1827
2046
-615
-109
539
51
483
1054
-661
1307
425
955
79
-1460
2179
115
438
-522
2363
-2238
1045
448
547
1271
-1617
1511
-501
-463
-1788
854
-2170
77
1472
1526
-645
-1067
-1042
-1164
-1501
-1909
253
-1484
2203
-72
1008
171
-2470
-2270
-37
-1240
191
1389
-130
3050
642
322
467
-1886
-989
-219
161
1636
610
1771
1006
666
155
16
-1731
1330
-341
-2728
4744
-1954
-242
2570
-1732
793
-213
118
-1313
49
1431
-1855
1582
272
-1246
888
603
608
-2374
1198
330
-2598
1036
-358
1243
-821
1540
-743
-594
2131
-3990
1089
210
-648
1910
2199
-2274
2072
-137
-2779
-649
-521
-32
-1896
2524
-1341
2620
-1240
-20
661
-2578
-1262
-219
1454
-2124
2774
1120
1158
789
-952
1079
-1711
31
1008
-112
645
901
1067
256
1134
-2956
1224
-250
-3557
1968
-1206
502
632
-756
-685
-329
-1537
-2238
279
-84
-565
747
1254
-126
-1132
850
-1368
-1302
1763
-2004
1894
1150
-927
1769
490
-604
556
690
-2163
1389
-552
-260
2463
-3206
1252
1587
-2296
3082
-1096
-189
1970
-1957
-439
712
-2270
-233
3283
-2521
2179
1338
-2621
1166
638
-2632
1570
1296
-798
1983
-2238
2471
-1360
-52
300
479
491
-1012
4009
-3145
418
634
-731
-1589
1166
-985
983
2368
-1346
3869
-2133
-1530
82
-1101
-3491
2303
-259
-1321
4185
-1225
-1566
2800
-2128
-3177
3348
-4361
76
1781
-487
-286
2812
-1281
-837
2559
-3476
515
-189
1023
-1758
2342
-304
157
866
-1215
1732
-855
1167
-2265
1960
-1659
-961
2399
-1976
1366
-1960
2345
-208
-2799
2264
-2808
624
1077
-225
-2010
2455
-341
-2286
2883
-3542
121
652
-1790
1188
2410
-1514
2439
923
-2120
-419
634
-244
-639
3200
715
1719
-691
1775
-1523
-906
-845
-1700
1919
-1655
1829
267
-313
231
-679
-477
337
-1154
-956
920
-705
-530
1324
-755
840
878
-1057
660
-724
-346
-766
-305
-801
1958
75
429
1073
-335
783
-1551
300
-386
232
-224
1134
1820
-1448
-167
767
-1035
-255
97
72
-488
189
956
-1264
-27
-1797
899
593
-1107
1691
-1213
1188
338
841
200
-226
1511
-759
1198
-1094
1298
193
348
-286
221
-367
-993
1197
-2966
-438
-1586
926
-1123
1130
-109
689
1194
-1771
1049
-2147
1517
-1282
198
174
-1109
609
-31
601
-533
896
202
-2106
930
-886
-1088
-614
-146
553
-2203
1758
-175
-421
1985
-1257
-1238
1920
-2288
579
1584
-65
232
2548
-399
863
2671
-4727
3188
-695
-1369
2203
-908
509
3361
-1643
709
2253
-2594
847
924
-2244
1233
-363
-2855
4311
-4211
348
1413
-2371
-534
1869
-1837
-788
4417
-6097
2612
1085
-4428
2346
834
-2708
3343
1785
-2406
1909
2677
-1978
633
666
-3158
1519
-3290
691
-367
-476
1033
370
116
-2434
-271
-2029
476
-539
85
929
514
932
327
1135
953
-533
73
340
841
-1201
2631
1360
-1289
2001
216
890
-1776
1405
-555
-428
-1138
-212
-219
-1067
906
858
1673
-2137
1369
-1024
-397
-2591
-276
-1605
-1661
1499
-68
678
-401
693
-1501
1934
-4241
1218
817
-2103
3642
1381
-479
-667
2398
-2059
-901
-749
557
437
1013
1251
661
-376
-1507
56
-3194
-24
-638
-77
971
2035
370
533
816
-643
-318
-1452
2934
-1982
-200
3192
139
-405
1467
-1115
-780
-109
-1631
2402
-1027
884
730
757
-1312
389
412
-2693
2137
-2194
41
-895
90
1641
-1361
2377
-3
-2174
-419
253
-1223
-803
2064
508
-837
1099
-1619
768
-1457
-795
2402
-1325
69
14
2121
-2476
2497
1212
-2770
3357
-3353
107
698
-751
-276
2298
480
-2687
3176
-3084
487
2958
-1280
1301
1307
-1204
-744
690
554
541
-1169
1497
-109
-2321
951
-123
-3289
2081
194
-2656
591
-1415
-1
1078
1731
-1519
1705
239
-4438
616
-1813
601
259
1785
3911
-2746
2583
-548
-3004
578
-1626
246
709
1938
-1914
3113
428
-4066
2981
-3736
-70
599
-827
2665
-456
805
2811
-1737
-3250
3991
-3196
-231
4537
-2559
1246
2111
-1608
-1157
1892
-2571
1409
1029
-1151
2919
-2829
1956
535
-1073
3134
-2560
47
-163
-1484
-2027
1853
-683
-4039
5690
-4979
-83
1081
-3880
2094
-649
-592
640
2223
-2078
3020
-26
643
-641
-1127
2273
-1848
-72
2379
232
-3705
3297
-2591
1084
1583
-471
2461
-2200
-1483
-752
-99
-2971
1325
1899
534
2831
2188
-568
-1218
272
847
-2171
2161
626
-3630
2306
-174
-2285
2230
1761
-3190
193
-11
-2711
-220
1597
-942
-243
3331
-2979
350
3599
-2025
1713
-34
-2401
-490
894
-1833
1066
2206
-1314
1249
-3364
-680
166
-2423
2259
1352
-1884
2294
532
-588
-2364
874
2178
-1521
3506
-1567
1720
446
-1609
-209
-1241
-1143
-2778
1539
-17
-501
2850
1277
1270
-1652
-109
580
-4036
2340
-427
1882
607
-220
2764
-120
926
-1223
198
-2397
-1668
-618
-1256
-462
826
2185
-253
-303
-518
-3427
-1136
-132
-170
2588
1164
1125
3158
762
-219
111
-2168
-2439
-535
-1302
-1482
1066
1236
3884
492
-287
1962
-3378
-2777
454
-1527
109
2949
1270
856
2601
-7
-1228
1988
-2487
528
1161
-2533
1232
1412
-1311
528
1174
-4439
-2143
189
-775
153
-777
1987
-85
-3275
1856
-563
-409
2491
212
-1067
4074
-424
-533
3928
-2357
-109
-340
-864
-2360
1450
553
-1476
1041
419
-2819
1375
-174
-4586
2993
-991
341
380
2755
-812
1396
1950
-1838
4077
-4068
1124
-1542
-2351
1615
-858
2983
-1323
1264
-618
-81
-264
-1985
2184
-335
2037
-53
987
719
-2792
589
-1120
-1566
-1458
-146
690
-558
1366
467
648
-427
-2852
-668
-516
-1631
-348
2578
1759
-287
2549
-670
-1093
1519
-2592
1247
1806
636
942
1543
-242
-1248
1111
-3628
1343
-2014
-1018
171
-2045
918
-1846
1136
-2031
3231
-726
136
3730
-1352
3401
-1444
1191
-1964
-1409
2502
-1587
3671
536
431
-314
-672
593
-4164
500
-430
-1803
1668
1332
-182
-908
1767
-2474
-1360
908
-2202
751
891
1334
-483
-1188
815
-2282
-369
1728
-192
1624
1099
885
-369
-714
-106
331
-398
475
1928
-1584
1479
-1445
-1344
239
-994
-112
781
-52
-335
3761
-1628
-837
857
-2939
-1849
-928
-670
-266
691
919
-424
509
-737
673
1388
1156
901
185
3310
-1732
-144
777
-1558
-1292
1561
1501
-878
610
-1222
-295
-1120
45
-697
750
-215
-27
-743
-854
231
-3270
3718
503
-424
3093
1408
-354
-1826
-88
-1640
-1212
-744
1274
2309
92
1091
873
-822
476
-2421
-954
1114
-2451
2926
3132
-298
-125
-1417
183
-1702
-3236
246
2353
-1534
888
1680
-4136
1843
-2410
-2106
2194
1085
812
1389
2983
-1726
2243
-2666
259
-225
-2500
2492
-2201
2217
76
-257
1503
-571
-941
-1988
2077
-396
-1072
1819
-1305
255
-842
-533
712
-982
205
2383
-378
-55
-98
-2337
-133
-1002
710
621
3974
-1351
279
3048
-4212
1266
-2374
-2383
228
331
-62
1375
4361
-2231
2050
-538
-3923
1231
-1087
502
1095
1876
1170
-138
-1322
144
-384
-2834
780
743
-710
1091
285
-2788
2454
-864
-61
2911
-1411
-2174
1190
-612
-3897
4704
-2426
1264
4175
-1957
2034
-376
275
-983
-472
-65
-881
2035
-26
3213
1156
-3612
-588
-3744
-2389
-1593
800
-160
337
3845
-211
509
-1438
-109
1391
-2274
798
843
16
1981
1016
-308
-896
2636
-1365
-1590
1833
-2215
122
736
-1731
-196
-823
-193
827
834
-507
1282
-55
-2197
1594
-2885
-150
2136
-784
-1006
1762
-410
-1797
1468
-1633
1324
686
-756
1781
-206
-704
2505
984
-80
1526
-311
-738
-408
-2390
821
1527
-3224
64
1491
-2590
-572
1819
-203
918
-300
935
700
-2157
-658
-740
305
199
563
1763
1093
915
12
-322
-657
-2166
-142
-623
375
48
-668
2402
-1676
435
530
149
558
96
1321
-1342
1706
-2614
-2505
28
-841
2368
1305
11
1451
-794
-2156
605
-777
-1104
-176
975
824
2473
350
-1219
-249
851
-268
-2091
516
-824
-76
254
1977
322
1634
-878
-1727
984
-2716
1476
-729
-102
681
-98
204
-489
1326
-849
515
747
-1686
780
-1711
-1194
1181
-1798
214
167
1459
-282
2106
1619
536
60
-2467
-207
-2648
1598
561
138
2038
1042
-2191
-830
1265
-1716
-640
107
345
-480
1823
250
-107
898
-1685
49
641
-2768
1146
172
1527
1122
-1086
1187
765
-200
-1602
1987
-3637
996
-17
-1560
930
-376
465
-1045
2363
-1657
-922
762
-728
-1123
810
1042
-244
846
250
-609
459
2
962
1392
267
1168
-1004
-1672
473
334
-1612
2521
-1372
-1839
3121
-3340
-1245
692
-1442
480
2408
-1137
-1013
1681
-2003
45
1277
1608
1102
1941
-731
1057
-394
-3104
1048
-3684
-614
383
1119
390
2222
-271
-1982
-324
-3130
-582
-963
1661
1867
1548
-240
2540
-458
-695
161
-1812
1953
77
2282
2188
1073
-469
-2415
-1458
-2244
-2249
-998
-507
87
476
2438
-934
91
1880
-963
1313
1405
157
1075
192
-89
141
-1585
463
-422
-529
-423
1658
487
-47
-382
-1321
1132
-2582
-903
-111
-1549
376
1428
-884
308
773
963
324
979
336
-588
167
-2773
-34
-1197
401
703
766
915
1222
910
-1043
755
-1534
777
1164
-3259
-176
149
-1854
2581
-798
-172
3336
109
-991
339
-2797
-2579
2069
-230
419
654
1484
735
-23
746
-1955
152
138
-1222
-1492
232
1980
-527
2677
1062
560
2345
-1357
-1955
-1913
-1284
-2208
-481
-2206
-283
3815
1205
1633
3679
-140
-3641
-1481
-1512
-1082
-997
1226
1068
2603
1108
-641
1325
-1437
-2135
788
1893
-1155
1535
-40
-298
55
-999
1452
1127
-662
-271
-1301
-2707
-688
-3707
410
443
1069
1976
1634
3581
-382
582
-2100
-2358
-638
-1596
-288
2989
2069
1037
1054
98
1009
-714
-627
-205
-2449
-1233
524
39
-301
595
522
574
212
-1775
863
-1173
-1061
904
-1309
-195
2180
1451
-1091
636
677
-1900
-74
-88
-2206
1181
1475
2010
865
569
651
-1484
-756
-1915
505
-1959
1027
2332
-1022
-519
-491
801
-1965
-1074
402
-620
-711
1076
-629
2212
2443
-560
-410
-1905
-2392
-392
3360
366
936
2374
-546
-173
-1174
-2528
935
-53
-315
-215
884
239
-1097
2147
172
338
988
790
-1589
-1084
-624
-1177
-613
883
31
-1249
-233
-1162
765
-612
834
495
1201
2474
282
1120
-260
-55
-711
-2004
125
9
53
816
153
460
-201
-1211
-1239
-1701
-1143
1468
1722
2191
318
2347
1749
-3247
-1714
-986
-1279
-2681
1438
1879
1837
1050
58
1278
-3088
-375
-761
-2472
449
1237
1517
1633
-1324
-531
-157
-1823
1031
-283
1604
1454
-699
153
365
-1798
-1326
1767
-1705
536
1916
-833
531
-673
-899
427
-905
-576
510
917
696
202
288
318
-331
-105
896
-202
-365
923
-1933
-1865
325
-857
1187
457
475
653
-1109
-1460
67
-1754
1241
3109
-1118
3662
-287
-1509
1840
-884
-2460
1423
-1044
-2100
3703
-2343
1006
3605
-1429
-303
-15
-1970
-2599
-1049
-726
290
1744
1963
1925
-409
612
-570
-3180
740
510
-1268
1459
1897
86
926
-645
149
-1337
-388
739
101
701
-710
770
-1042
-566
-1582
577
-625
-1295
1826
-274
1206
2095
-169
93
-344
-2411
-681
-747
484
1558
1284
-178
1727
582
-1972
-502
-649
-1770
-803
247
723
2493
93
2223
-786
-1806
-310
-943
-2355
162
1369
-1397
3286
749
1192
418
-1869
-2952
-1439
19
-153
1409
1538
492
-59
2576
-1763
-529
-402
-607
450
-546
616
165
766
-1044
246
-1449
-863
1192
-1569
2325
1987
-1348
821
-1200
-2048
-611
-1021
-960
2533
2559
501
3490
359
-1323
167
-2275
-3151
37
1302
-159
1085
2666
-86
-325
378
-917
-1959
-2568
-299
-908
1564
1911
1663
2225
265
-1368
-1735
-1326
-2148
-480
2021
2281
-244
1999
-497
-1973
429
-1456
60
2090
834
638
1277
-961
-845
-1755
-2425
-349
-1129
-820
2547
-190
1537
2392
-2531
1031
-1512
-2783
-512
-790
1128
1559
2017
2923
1796
-1617
108
-1346
-3082
120
-1429
-459
1752
721
1367
767
-215
912
-594
-1754
-1640
-144
-937
-934
948
1023
1647
556
726
764
-811
-1486
1299
-852
-1696
265
-337
-48
1448
2430
938
2185
-895
-1132
-1160
-2851
-574
-168
1549
659
634
1097
-1659
-1099
-1641
-279
-101
84
2597
-644
-140
-270
65
-1160
706
805
-1246
3891
1483
-180
-5
-979
-2983
-948
-1372
-1233
2059
1802
2888
1871
789
-2709
-3236
-3060
-2212
-701
1440
2914
1647
2482
560
-962
-1204
-777
-908
-809
1426
2213
940
732
951
-626
-16
-892
-875
-915
-2386
-234
-871
-473
-398
-173
1503
530
642
1284
341
-447
701
-202
-962
1605
437
-1302
1606
772
469
93
-1588
-82
-464
-1005
-748
-1252
-2114
-287
-9
-1145
1533
1868
1094
1729
915
-877
-1099
-1667
-1876
334
656
3318
1874
1731
1762
-1555
-286
-2871
-2254
-2477
-831
1334
1476
1698
747
214
-1721
149
-1802
-1040
2131
163
17
2325
389
152
1253
-1414
-674
-42
-2041
-661
1174
-694
1600
678
-281
1487
-1483
-696
-361
-315
447
462
196
-407
1062
-1516
-716
833
-89
1161
687
-100
-117
1114
-543
-1054
-329
-2013
-1403
459
-609
87
1874
1187
453
931
-635
-1024
50
-1245
274
555
2268
1885
704
-330
-1068
-1240
-1498
12
-2264
-404
-546
-1015
-120
987
990
-667
1646
-471
-1224
908
1225
1088
1337
951
-304
-30
-481
-1242
-1030
737
666
-311
815
425
-1740
-1329
956
-1568
-759
1774
-553
-1407
1179
661
328
2312
-931
260
660
-1039
42
426
-283
-339
221
-309
1421
-906
-1917
1114
-372
-607
135
-828
258
-315
522
511
1147
1284
-629
181
-1076
-307
-291
-305
615
1360
1322
401
-352
-1882
-1571
-1043
-158
1215
144
102
1148
-1596
-1055
705
-708
-923
349
703
1449
1765
480
-420
-78
-1267
-1421
-878
-626
1147
549
2178
1417
1431
185
-1464
-1661
-2876
511
-726
6
1121
1236
1202
-116
-731
-1810
-432
-1304
1470
1588
-133
509
665
156
-1216
-1440
-1040
492
-1109
1065
1511
732
906
-111
-290
-203
257
-904
1096
1461
226
448
1195
-1089
-1604
-1342
-1756
-351
-1143
-493
1420
924
-108
2160
-38
-877
599
-1193
-659
-815
-1262
2134
1519
-1435
1684
1328
-1183
394
-423
-1415
-194
-798
796
1663
-224
271
960
-638
-979
-1399
-1318
345
1326
358
296
1338
-1577
-2169
-191
-258
-249
2506
1496
848
1305
-410
409
-2063
-2675
-150
19
1242
2300
823
1345
412
-2826
-1866
-1889
-1416
993
1303
1933
1434
733
-569
-1434
-1461
-1174
3
124
1306
1225
810
759
-340
-1066
-1103
-208
-264
-40
941
671
-321
-701
139
-1257
-475
1026
-167
534
348
-180
131
334
-536
426
851
428
19
-642
-474
-945
-781
-242
632
220
1223
1551
438
-12
-983
-990
-273
-1985
-673
1269
-222
1152
1050
118
-236
642
-69
-182
-838
-1498
718
243
851
789
718
78
-814
-693
-1162
-1490
-291
205
-74
789
576
490
955
-628
-433
1219
-300
122
-640
-29
1041
643
272
-677
-443
-629
756
176
-575
-342
419
46
-447
409
-417
-668
-981
-598
-649
543
2245
942
547
391
-478
-1396
-1496
-512
135
940
945
544
543
334
-869
-294
304
-1088
-940
817
1300
99
460
-423
-1329
-1168
97
217
289
840
-33
1128
-206
-1224
-333
-21
-239
-55
961
739
855
589
-739
-114
-646
-1507
-936
-1051
998
1474
1369
2051
1070
-1045
-709
-574
-2159
-1608
-1024
950
782
578
1520
1254
292
-497
-638
-1875
-1400
-286
113
1056
1753
837
175
602
479
-721
-475
-28
-682
-672
-209
516
548
817
126
-243
-274
-1020
-276
-271
-1216
825
1514
68
-7
-591
-203
42
-135
-200
417
-17
606
986
-626
-500
-146
296
-582
-427
47
36
701
151
-730
45
704
-766
-1418
-825
-619
698
1351
453
785
1025
-347
-1102
-295
-356
232
1349
476
-534
-994
-1357
-919
-360
-375
97
835
527
828
945
320
292
92
-494
-433
88
278
995
902
800
623
-671
-852
-1713
-2588
-742
316
1003
1147
570
397
-580
-796
-1015
-178
1097
155
201
1046
210
1130
1609
1159
1007
-836
-1018
-1059
-1045
-804
6
1426
1184
701
-524
-1502
-1984
-1880
-1104
-51
144
342
1101
509
-343
249
966
180
163
131
-111
-36
1103
1292
34
650
183
-1346
-1383
-1417
-1050
10
715
1004
-307
-680
41
-1232
-1199
88
471
2095
1001
-256
605
-465
-58
150
-907
-590
25
-240
335
1674
659
441
615
-979
-1201
-918
-769
-351
619
241
386
2001
549
-737
-356
-945
-725
319
330
587
1178
823
-192
-418
-796
-1299
-1203
-1258
-605
492
1400
1927
1878
499
-125
-464
-1375
-409
-244
15
1398
1544
981
-297
-899
-946
-1901
-1106
-387
-405
318
339
398
-184
-247
-77
464
465
136
-198
-759
117
-419
-73
1049
744
1008
459
-199
20
-427
-292
342
24
-578
-134
-530
-734
-171
-207
134
857
1096
338
45
-226
30
-323
-1036
-951
-195
-343
-187
1004
1124
530
-182
435
-1132
-849
-24
-656
-295
351
950
608
1835
872
377
401
-216
-1186
-1323
-619
-217
971
-542
-689
978
841
-569
-49
256
-892
-1594
-1222
-158
436
1248
1005
781
-78
-1014
-756
-456
299
714
1215
729
-253
387
-476
-492
834
-99
-41
824
304
-412
-124
153
-555
-470
-390
-726
-1280
-1039
117
-9
467
837
144
528
554
282
822
360
25
0
-321
-856
-642
359
-414
202
1140
456
506
-436
-1250
-1510
-1282
-4
444
633
1181
1336
155
-514
-973
-921
-30
28
212
1084
1653
457
318
-288
-1242
-1130
-1590
-1130
-347
467
1420
1374
506
-658
-299
223
-625
264
592
187
75
42
648
954
488
-572
197
-52
-897
77
-367
-284
-505
-545
434
140
-520
-850
654
524
-711
-345
283
647
513
526
190
-769
-465
270
325
54
0
62
-765
-215
181
424
88
598
893
-120
-469
-799
-431
-799
-177
361
986
515
1136
189
-1826
-888
-1068
-1227
-386
891
635
1472
1748
988
517
-60
-1693
-1374
-792
-900
746
1207
2241
958
-490
-722
-900
-1522
-1387
-74
640
1006
288
167
-22
-949
-1061
-339
287
502
718
164
-436
-77
-239
-103
165
560
465
921
-258
-555
1097
644
178
-1366
-1234
-351
-91
578
964
1116
1068
119
-146
-1231
-1762
96
-614
-426
-493
36
1707
1559
764
463
727
-952
-1632
-786
-1126
-295
801
880
751
-200
-487
-791
-448
-872
-610
775
907
722
464
1416
726
-1115
-1430
-134
-142
-797
341
1081
766
695
-5
-608
-1319
-2244
-1261
-537
701
1059
1796
1451
-247
-467
-775
-273
-235
626
1061
1226
804
-343
-594
-1211
-1516
-929
318
1000
811
238
933
164
-1071
-656
-185
64
-209
381
366
722
181
-286
167
-447
-483
-458
318
16
301
899
-1002
-1447
-709
-151
358
593
1297
1253
415
273
-293
-690
-1065
-630
717
711
623
343
1054
819
-897
-1541
-1510
-1283
-425
-456
-492
1492
1324
375
64
-242
-1042
-1330
-848
-479
286
1144
1507
990
1068
89
-463
-409
-182
-76
-102
823
526
135
528
272
-261
-208
-1152
-1335
206
652
-136
-588
-701
-783
-127
331
88
628
1206
686
-51
-969
-972
-747
-737
16
1226
2028
1378
1266
159
-178
-343
-1464
-162
-347
-298
-606
-494
-413
-1327
-13
381
901
808
206
-37
-772
-1064
-637
-688
-384
1056
1095
1114
1410
553
-281
-946
-1144
-631
6
480
644
1125
827
236
-62
-845
-909
7
498
-2
-202
-374
-800
-138
140
-102
406
658
40
43
506
-479
-736
-296
91
186
357
557
164
465
110
-395
-533
-573
-1045
-453
929
211
-7
42
91
452
267
631
426
1030
122
-1426
-752
-1054
-1008
-409
481
666
639
1149
350
-622
-1040
-742
-437
-533
-384
106
629
1037
1032
63
142
185
-480
-582
-1211
-504
741
866
389
873
727
301
370
-1129
-976
-554
-313
-10
-193
686
692
870
580
-1026
-412
-87
-347
-546
-794
138
90
235
-47
-237
405
765
264
103
-262
-861
333
402
182
533
689
1044
574
-192
-827
-1195
-405
-495
-357
308
524
553
-147
-441
-579
-729
-623
168
107
-54
7
296
-218
-493
351
434
1165
1449
931
323
374
-693
-1580
-1191
-978
-85
852
1161
1104
164
-284
-365
-1693
-1562
-763
83
411
760
932
977
312
-613
-347
-661
-204
166
862
404
383
1046
270
-526
-1593
-1891
-904
-158
82
1635
2580
1652
445
-522
-1337
-767
-1435
-1287
-33
470
1539
817
703
228
-577
-1007
-1107
-1330
-1273
665
1409
898
1145
1297
403
-91
-1046
-1380
-375
72
-173
128
90
-290
148
828
1210
547
543
207
-854
-1371
-1646
-532
351
501
791
646
947
-164
-1701
-1717
-1027
-495
-332
760
1206
1313
1277
885
527
-176
-485
31
593
-179
-530
327
-108
-919
-412
-605
-361
-233
-170
332
-185
0
-247
-364
-549
-515
458
275
442
936
565
506
417
386
-1
-11
369
-399
-731
-845
-651
-404
513
1468
1147
442
-19
-556
-1467
-1302
-298
509
708
1205
1090
348
-1063
-1762
-1076
-513
429
761
772
791
409
363
-272
-803
-59
-224
62
-231
21
918
225
-91
-373
-781
-920
-160
119
-232
328
1143
382
-280
-879
-1053
-173
-156
387
878
960
1043
490
-416
-976
-842
-657
-103
639
669
1080
548
212
229
-1055
-1595
-1392
-324
-189
671
1904
1231
421
-657
-828
-1935
-1850
24
609
1388
2019
1504
-222
-842
-846
-1492
-1214
222
1036
1703
2097
687
-354
-992
-1499
-1183
-750
-475
285
1237
619
92
283
-527
-764
-1215
-1041
-511
347
1661
1243
1800
1698
821
-426
-1508
-1171
-1044
-654
818
1362
520
811
410
-681
-1620
-1876
-1168
-485
-154
172
629
916
608
488
819
78
-580
-865
-425
-239
162
730
1031
1501
717
112
-131
-245
-462
-481
-1111
-1668
-595
-232
29
796
1084
966
883
-197
-1492
-1069
-922
-609
614
1080
386
267
206
143
76
-351
234
28
-67
-296
-366
-51
14
363
546
808
-230
-1000
-525
-751
-833
301
456
683
919
530
144
54
-99
-1415
-1003
-419
469
1219
726
1017
633
-197
-815
-1153
-872
-361
133
915
872
389
-269
-704
-114
-388
-730
-218
359
669
526
119
163
-182
-568
-581
201
1687
959
788
533
-1136
-1690
-1510
-1006
-399
459
914
1126
948
-87
-945
-613
-658
162
752
-328
-155
588
734
-43
475
792
-20
-53
-652
-846
-7
322
506
869
268
54
11
-804
-1166
-936
-279
185
665
741
-253
-94
84
-932
-1037
-638
-154
19
767
1181
362
425
-5
-8
-212
-479
857
1120
745
187
-30
-499
-985
-839
-669
-156
171
36
-38
-42
-484
-5
253
23
-179
417
173
-625
-346
-478
94
816
932
202
366
202
-403
-102
-249
-616
214
1224
992
790
-40
-590
-399
-927
-1489
-7
743
683
761
414
-25
-865
-573
-689
-599
-845
-930
498
350
-68
523
478
364
-3
439
661
-198
-414
-549
-251
-393
166
773
557
1012
1014
864
717
-750
-2012
-1294
-699
-637
-223
983
1716
987
-157
-696
-822
-1234
-499
-170
106
326
300
1103
586
-233
-190
294
-118
-805
-32
-30
-496
308
832
884
317
233
-138
-576
-23
-14
333
477
-58
-488
35
161
-607
-799
-72
-115
-301
-128
-155
113
-457
-401
-302
-307
352
547
1142
950
-221
-499
-543
-348
-557
-158
859
1153
1155
307
-12
-282
-341
-300
-987
-399
459
661
227
-183
-174
-1033
-1293
-632
24
322
546
703
180
-602
-905
-584
-277
288
677
817
873
789
400
-48
-6
-129
-87
129
68
336
487
325
213
-454
-306
293
229
-92
-638
-426
-635
-896
-430
-119
-203
-206
353
261
-475
-451
252
488
575
148
414
813
354
228
-22
406
202
-247
-350
-215
599
283
-336
-371
-523
-338
-201
-102
54
-710
109
586
-320
-671
-660
292
115
421
501
-321
456
340
-364
77
29
195
25
-243
198
-68
96
220
-54
-410
118
52
-234
303
130
13
-89
34
-535
-191
720
190
119
340
-202
-379
-250
-682
-1153
-791
113
266
253
222
-14
120
-48
-314
188
674
799
714
481
220
-159
-285
-110
-135
-61
-101
607
787
-149
-94
-552
-682
-546
-754
-194
361
518
429
327
180
-841
-935
228
203
663
555
64
-57
-698
-319
-143
-180
-27
488
731
361
252
399
601
-438
-716
0
-336
-248
-11
137
677
266
-365
-310
279
-250
-894
-165
-494
-491
236
469
452
309
-5
107
538
-58
-490
-185
185
361
254
175
595
291
-210
-77
11
-464
-999
-558
-549
-122
602
314
461
409
-594
-513
-137
-103
-333
-235
353
-198
3
462
390
522
443
129
-448
-601
-637
-652
-382
-114
38
146
661
503
151
455
485
273
-481
-594
-182
-261
210
615
670
860
824
583
-242
-1168
-1216
-1159
-980
-497
247
802
777
762
449
94
-233
-401
-312
-457
11
671
468
160
287
83
28
329
-171
-228
125
216
-188
-704
-385
-59
-31
63
443
775
284
-425
-648
-1323
-1408
-1021
-2
726
598
1124
689
419
134
-424
-256
379
780
144
85
257
-112
-170
-103
-290
-280
89
209
-235
-563
-700
-462
-246
-203
-115
29
650
883
417
506
972
-298
-861
-706
-1070
-634
322
878
741
843
78
-238
-21
-361
-227
282
335
-135
-165
-56
-260
-161
242
382
331
356
21
-544
-460
-678
-1070
-590
364
713
562
671
899
724
-33
-690
-1295
-1275
-945
-428
632
1089
1234
1141
760
-14
-804
-709
-736
-693
-66
295
606
618
322
75
-325
-197
-128
-212
-63
-179
-22
-329
-900
-435
-157
529
1015
471
779
695
6
-642
-977
-657
-499
-12
622
1043
1588
931
110
-18
-806
-1790
-1677
-631
-61
498
719
1049
828
-227
-474
-844
-839
-689
-510
465
1099
786
296
287
86
-580
-266
11
-194
262
223
-23
-76
87
18
-169
-18
-317
-325
122
109
178
385
126
-38
649
1116
310
241
323
-193
-951
-1500
-1013
-376
442
1046
871
537
577
-195
-767
-675
-450
35
190
487
335
-77
-29
127
-236
-343
-138
-327
-407
-833
-441
402
41
85
401
135
-101
417
738
-448
-918
-720
-786
-191
227
986
1614
1060
176
-543
-1138
-1416
-1177
-1164
-176
1194
1334
1297
1068
492
143
-368
-963
-666
-332
58
633
793
478
-178
87
139
-276
125
139
131
366
-258
-982
-681
54
-102
-325
298
537
573
549
26
-55
-272
-560
-519
-406
-14
257
729
764
201
235
-293
-610
-350
-732
-465
-132
-90
-32
196
446
594
701
289
-41
56
-495
-1270
-902
-754
-583
151
883
866
1136
1657
575
-531
-922
-913
-1078
-788
67
522
877
1009
713
534
168
-485
-664
-640
-262
-181
147
650
180
-188
-85
-452
-729
-410
75
353
148
104
-475
-315
-224
-106
627
432
651
789
894
217
-662
-1138
-1212
-874
-729
399
1263
1008
1198
937
-412
-1096
-1206
-857
-692
-221
-349
-132
1005
830
910
806
255
7
-86
-615
-699
-272
-430
-138
452
224
356
880
552
133
-117
-489
-774
-316
-77
17
451
241
-87
-70
-100
-418
-266
616
709
461
20
-790
-888
-568
92
271
436
968
530
67
445
-21
-569
-349
-516
-1013
-1163
-25
558
472
824
782
332
-692
-1559
-1267
-438
233
633
1051
1181
329
32
25
-562
-667
272
881
493
192
-320
-411
-523
-972
-1100
-116
612
702
1143
765
394
-389
-891
-1203
-976
-166
448
1119
1196
1320
922
520
-196
-1302
-1379
-536
-458
-306
428
577
338
401
389
-623
-592
-722
-1228
-638
-61
28
527
1064
668
289
420
547
-137
-324
-196
-402
-408
-277
-8
407
626
320
-378
-801
-495
-237
99
156
141
167
139
-140
-149
302
579
914
687
553
-201
-1075
-1055
-640
12
-190
116
825
249
-223
-349
-43
135
-113
124
218
621
549
172
160
63
-230
-889
-585
-112
-142
577
1005
244
-553
-1014
-1326
-788
175
333
329
930
806
193
129
-162
79
296
-112
-5
-37
3
135
120
174
33
99
-258
-829
-928
-456
-43
-25
110
-122
-192
-206
-134
38
358
877
1137
1063
431
-560
-891
-638
-933
-418
737
1043
1051
1109
164
-728
-1175
-1289
-1031
-716
-177
184
1118
1326
826
241
-38
-649
-1292
-1066
-916
-156
1104
1417
996
1045
470
-324
-1211
-1328
-511
-177
34
184
284
671
785
300
262
-108
-537
-667
-63
105
-255
564
418
59
19
-556
-476
-3
-108
-398
8
482
-32
-204
237
17
-191
-152
72
95
481
805
232
-131
-425
-669
-384
-20
-211
133
629
788
644
321
-182
-744
-826
-999
-745
-183
698
1089
978
1019
336
-690
-1053
-1448
-1298
-193
564
709
727
1095
595
232
295
-237
-815
-530
-172
-248
274
412
507
646
379
-491
-927
-534
-431
145
337
-193
-418
-538
-709
-776
-98
1175
1324
870
471
-185
-506
-854
-920
-540
9
881
1160
914
585
-32
-119
-579
-982
-752
-540
176
408
367
316
124
118
133
222
-395
-845
-106
-131
-560
-388
114
509
527
972
676
417
427
-493
-847
-738
-555
140
867
853
161
309
366
-422
-690
-536
-200
24
147
153
-193
-181
217
6
-78
92
147
69
-177
-447
-510
195
130
-229
142
399
351
397
128
-327
-458
-348
-215
-299
133
151
-60
82
283
391
293
519
393
9
-252
-329
-423
-902
-678
-110
346
896
882
429
-45
-376
-679
-825
-656
-167
121
390
565
647
265
-43
105
-478
-297
-239
-299
118
170
402
311
314
383
323
246
-59
-52
-220
-491
-373
-501
-194
171
-2
23
126
276
-208
-754
-480
-79
285
126
-40
223
274
25
-117
314
776
706
161
-225
-233
-196
-406
-563
-279
-22
252
667
971
713
-7
-569
-973
-1204
-1379
-1044
-36
667
1234
1312
695
34
-367
-342
-539
-162
48
-372
161
442
598
1078
872
206
-291
-329
-558
-668
-195
-169
-97
14
-40
105
-151
-43
-12
45
159
-170
-83
-27
-273
-499
-344
-34
167
408
537
500
527
349
1
-243
-705
-698
-353
66
399
500
486
257
676
69
-784
-481
-690
-863
-584
-245
116
644
864
718
512
-122
-682
-518
-740
-639
218
428
759
857
638
450
31
-100
-343
-601
-550
-453
-135
-21
176
283
167
741
559
-54
-455
-962
-508
-124
-293
-274
212
833
435
48
207
28
23
44
-73
-45
18
-73
-62
109
177
315
334
51
-20
-76
15
-316
-806
-518
-419
-166
-167
195
394
188
358
262
75
-250
94
325
-95
-185
158
91
-330
-529
-229
39
213
493
388
-139
-734
-591
-405
-161
100
262
1172
1389
124
-678
-632
-686
-286
211
80
417
581
421
246
20
-299
-761
-755
-630
-124
155
479
544
453
508
364
1
25
335
-136
-172
-26
-353
-896
-535
-192
272
899
893
1316
845
-193
-783
-1128
-1155
-598
-24
-10
370
784
417
-39
-308
-608
-511
-551
-583
25
283
617
653
544
529
-75
-343
-375
-352
-672
-300
486
608
650
445
-178
-446
-362
-847
-839
-438
-197
142
631
642
398
414
473
358
-79
-407
-529
-45
-75
-461
-270
162
156
83
157
66
182
2
48
-146
-120
-57
101
755
558
217
112
-115
-482
-431
-456
-417
-14
245
245
338
540
13
-210
-212
-146
-14
-102
190
257
363
35
-12
131
-11
44
-235
176
223
-158
-631
-375
115
-457
-448
-3
175
461
524
-73
59
120
-266
-240
282
150
-182
497
514
-40
-213
-91
-495
-954
-1047
-791
-227
444
765
769
956
463
-413
-545
-301
-552
-236
318
384
620
681
490
321
339
-162
-593
-564
-771
-661
-593
-446
108
606
320
209
555
318
36
-118
-161
-261
287
655
299
127
130
-289
-640
-276
-253
-518
-348
335
306
-113
56
442
483
230
101
156
8
-357
-397
-19
20
-370
-202
145
154
-158
238
414
85
68
-364
-408
-275
-290
12
381
727
513
269
231
-460
-620
-406
-323
-248
-306
-167
332
808
863
426
97
-110
-621
-337
-457
-441
285
353
6
167
536
232
-125
-551
-644
-96
336
-97
127
801
310
-269
-29
304
34
-86
-268
-312
-513
-949
-324
392
305
256
445
475
107
-367
-482
-249
-54
-261
225
885
516
-27
-66
-167
-327
-124
-324
-551
-314
-42
-6
345
595
206
-83
40
101
59
277
93
-141
-49
-136
-558
-649
12
496
656
912
781
236
-617
-1347
-1277
-784
-213
331
1042
1234
620
174
34
-245
-381
-91
-38
-46
84
124
74
-155
-168
44
-72
-180
-230
-216
-23
-115
34
11
-92
131
378
428
128
342
480
10
-304
-10
-268
-650
-343
-235
-148
-55
-2
228
610
528
-204
-602
-466
-587
-267
266
397
496
708
758
160
-163
-384
-832
-663
-100
-101
78
771
416
-253
-229
-222
-181
-70
-164
-132
351
395
-430
-343
322
332
284
191
497
467
-145
-342
-442
-282
-320
-202
360
444
109
-176
-144
-151
-558
-417
240
127
121
270
228
119
147
309
44
140
337
-110
-189
44
-300
-393
-422
-436
-190
273
434
434
742
512
-321
-935
-480
-88
81
380
456
145
-245
-516
-494
-155
-15
155
619
757
-99
-524
-468
-590
-537
-88
340
493
282
-22
-127
46
212
254
461
218
216
-92
-247
-188
-336
-303
-5
418
313
277
185
276
45
-589
-729
-485
-221
78
245
394
317
157
-159
-604
-303
-141
-243
208
772
691
647
442
219
-35
-211
-223
-535
-513
-263
-236
-257
175
307
493
145
-214
-124
-220
-89
-235
-229
-466
-516
-244
-83
230
636
911
822
324
-298
-842
-1093
-993
-580
308
862
1111
1180
915
437
-180
-712
-791
-609
-378
-223
-217
29
535
337
-311
-84
-94
-290
-256
-149
-173
-106
300
455
629
652
433
328
222
-394
-820
-809
-485
-142
308
703
894
721
196
-89
-600
-719
-582
-481
-93
286
250
217
60
-125
-359
-423
-199
15
597
745
676
496
157
-400
-587
-229
-13
132
215
385
259
5
61
-27
-404
-658
-695
-569
-611
-312
183
380
475
449
328
32
-45
-279
-270
-87
-32
381
723
783
609
451
134
-589
-1006
-633
-456
-408
-105
211
342
-50
-255
-306
-219
-82
-213
302
405
-35
177
402
488
205
51
292
320
192
341
205
-368
-557
-768
-875
-767
-330
252
420
389
352
414
254
-355
-342
-116
-118
85
-109
-81
-169
-288
-82
-79
98
325
207
13
5
99
-17
2
302
361
671
779
541
301
101
-282
-712
-589
-515
-395
-56
82
98
111
-399
-684
-309
15
-129
49
740
518
204
119
37
44
244
379
457
505
190
7
-290
-441
-675
-575
-81
-1
-124
29
445
422
-34
-189
-341
-797
-963
-754
-106
395
609
631
588
478
232
-106
-257
-504
-681
-198
113
266
476
622
221
47
-283
-697
-501
-404
-126
205
297
-54
164
387
79
223
197
86
271
-131
-433
-209
-181
-208
-253
-72
239
368
276
354
338
72
-210
-163
-118
-80
153
166
397
249
-252
-85
5
-593
-567
-144
-93
-328
-180
160
17
-119
206
761
572
440
399
119
-97
-503
-523
155
551
198
-125
52
71
-327
-379
-292
-288
-327
-240
80
223
315
636
584
271
-274
-699
-526
-383
-374
-409
80
408
496
546
239
274
563
113
-701
-872
-487
-132
-194
122
411
538
339
-20
-86
-191
-241
-368
-283
-317
-88
314
102
209
420
141
3
-171
165
191
-113
-128
-486
-452
-439
-60
453
505
457
428
362
26
-366
-314
-63
-34
-16
31
333
238
186
-73
-573
-522
-337
-208
-79
33
62
282
323
247
90
400
576
-105
-263
120
9
-356
-144
376
228
-43
376
268
-259
-390
-575
-750
-498
-227
102
428
226
-21
140
-44
-403
-20
385
374
314
585
488
-21
-330
-170
156
-117
-286
34
37
-387
-546
-414
-90
-185
-323
94
256
-171
-222
327
229
-79
26
239
455
414
166
69
17
-213
-385
-203
-112
-344
-210
388
362
-32
259
298
-216
-287
-299
-518
-187
270
490
741
513
154
61
-297
-794
-767
-143
99
149
638
635
397
447
71
-248
-425
-256
106
27
77
47
34
280
366
-182
-538
-241
-125
-207
-217
-153
-251
-243
113
96
171
608
632
228
-503
-754
-629
-120
280
390
684
840
364
-637
-771
-671
-604
-321
-233
-269
154
456
-19
-291
71
64
-132
293
-7
-151
463
542
63
-289
-179
-103
1
185
113
408
701
98
-282
-322
-587
-357
260
354
196
321
342
194
39
-234
-313
-283
-236
-81
326
586
294
310
-26
-406
-389
-409
-67
153
210
94
519
629
-28
-133
-192
-300
-397
-213
169
-22
-114
-49
-48
-14
-550
-409
156
142
131
347
531
11
-369
-292
-284
-166
19
232
487
358
98
-245
-515
-424
-219
-121
-337
24
196
294
581
240
180
37
-200
-238
-183
-95
68
322
182
-206
-289
-102
180
342
-15
82
218
23
-149
-240
-11
33
112
283
376
-119
-454
-185
-455
-315
221
94
99
179
134
-92
228
466
-116
32
-50
-162
10
-97
-247
-232
-52
-260
-374
10
450
396
212
268
-110
-567
-208
-124
-18
164
275
254
-107
306
383
202
27
-131
52
-291
-499
-269
-360
-394
-124
79
328
584
788
506
137
-171
-590
-582
-471
-456
-139
716
1050
729
343
68
-182
-734
-1033
-552
-5
52
213
330
260
27
150
88
-250
-411
-388
-133
-338
-109
287
293
412
492
170
-52
-152
-210
-232
-150
109
-178
-204
150
567
408
145
119
-299
-154
190
4
-175
17
70
-163
-331
-155
74
285
228
158
224
-195
-336
-341
-452
-237
-209
-125
157
240
334
301
513
554
171
-9
-250
-405
-610
-440
-56
81
547
759
386
-99
-396
-719
-995
-723
-122
258
450
941
918
177
-211
-326
-294
-314
-347
-83
437
912
606
302
348
-30
-670
-805
-427
-228
-14
382
589
426
-11
-275
-457
-624
-453
-129
234
3
40
322
110
20
110
86
-96
55
111
205
166
34
7
-22
-51
-136
-59
-142
-319
-239
-65
-204
-120
144
397
366
-29
-209
-236
-31
-219
-272
191
416
365
-35
0
50
-240
-108
189
368
357
81
-107
-277
-356
-508
-406
139
258
619
736
604
122
-368
-592
-947
-682
-311
221
788
888
660
509
170
-32
-409
-857
-619
-193
33
1
138
366
352
108
13
-203
-201
-223
-450
-415
-333
189
551
512
532
174
-394
-705
-618
-457
-388
-14
269
494
509
526
619
327
-10
-317
-329
-397
-509
-394
-61
132
240
547
593
559
191
-378
-612
-702
-833
-854
-185
610
681
888
860
470
-28
-458
-619
-993
-315
356
442
704
875
823
-155
-668
-528
-529
-227
-114
129
390
192
163
-84
17
115
-108
92
-112
-259
-261
-260
-256
-103
195
365
557
453
132
-71
-302
-637
-571
-470
-159
44
260
515
580
688
305
55
-432
-799
-619
-365
1
28
3
287
169
-31
-56
-198
-189
-246
-76
90
299
504
356
398
49
-486
-246
-103
-135
416
614
75
-22
66
-436
-603
-118
9
-129
110
251
223
231
-161
-522
-326
-211
-114
340
428
221
229
73
-2
6
-76
-64
101
208
-148
-8
243
211
85
-448
-453
-319
-190
127
77
104
166
129
100
159
321
273
-133
-546
-371
159
422
183
168
475
303
113
-53
-443
-482
-500
-109
211
-28
21
146
213
-319
-569
-63
88
148
363
409
334
91
0
-219
-555
-501
-419
-52
132
187
206
42
-123
-665
-855
-258
227
300
297
336
461
333
68
-114
-121
-187
-113
372
320
265
456
259
-402
-909
-689
-569
-136
335
207
322
348
102
-21
-15
19
8
123
188
189
281
240
193
28
-227
-171
45
-83
-167
-67
-5
186
59
-153
-186
-72
-36
19
203
6
-136
-156
-197
-180
4
277
210
422
390
-111
-176
-424
-525
-272
-207
-60
218
600
623
453
329
-53
-423
-653
-644
-652
-336
263
438
691
861
557
-9
-528
-727
-780
-626
-244
104
541
683
394
237
127
132
59
-288
-376
-127
-118
-122
-26
183
212
-287
-103
88
177
458
168
-66
-420
-795
-732
-288
302
433
417
383
224
365
103
-326
-298
-229
94
397
328
155
-81
-113
-55
-248
-331
-313
-239
-262
-142
47
-38
211
401
218
36
-121
-54
114
45
73
343
456
228
53
64
-50
-206
-170
54
119
118
156
13
-293
-615
-469
-300
-298
156
474
614
664
197
-492
-769
-458
-353
-230
388
785
942
677
-107
-524
-591
-521
-362
-139
93
318
576
341
65
-176
-458
-499
-422
-128
163
344
485
582
198
-304
-438
-370
-203
-20
222
258
55
-142
-234
-217
-5
-39
-179
-85
53
275
390
461
381
47
-299
-566
-543
-272
43
217
219
107
174
334
76
-181
-243
-20
174
116
116
-88
-22
207
124
137
189
146
-80
-435
-582
-576
-352
197
378
33
-29
9
52
64
-35
230
170
-216
-210
-134
97
403
374
538
721
338
-243
-477
-525
-666
-441
-93
203
652
682
411
122
-280
-592
-550
-545
-657
-104
289
200
220
311
351
59
-59
85
135
-48
-355
-205
-68
-183
179
458
481
423
-15
-372
-511
-531
-566
-357
44
170
440
674
402
64
-138
-325
-405
-362
-83
334
615
575
237
3
-132
-322
-417
-260
-242
-235
41
-85
-172
203
215
-159
-50
353
243
377
556
7
-127
-158
-585
-501
-98
184
348
346
257
146
-83
-357
-297
-138
-73
46
-39
-27
323
403
37
-12
-73
-254
-263
-429
-289
-69
-61
26
158
409
502
258
187
-120
-277
-17
68
53
14
284
286
15
-203
-356
-103
223
117
-48
-86
-165
-369
-414
-80
-136
13
285
242
493
490
200
-76
-247
-459
-567
-174
-50
68
357
175
-38
-51
114
181
100
165
56
-318
-573
-522
-91
22
124
423
404
574
368
-55
-376
-692
-667
-410
-28
277
740
843
332
45
-71
-366
-478
-325
-235
-79
148
243
163
257
356
147
-293
-459
-256
-234
-62
81
-5
54
166
49
-94
-48
221
163
101
183
50
160
-1
-86
-171
-270
-162
51
238
151
274
258
-66
-232
-404
-555
-193
-34
61
181
360
319
-49
56
39
254
71
-149
108
-348
-493
-276
-52
389
362
249
358
246
-68
-191
-122
-358
-417
-145
-77
-44
35
259
279
-66
-133
-95
-346
-509
-339
-200
12
284
357
747
896
351
-71
-374
-576
-556
-391
68
449
502
424
337
338
-189
-486
-270
-518
-473
-134
197
302
241
383
304
-55
-147
-175
-184
-137
-280
-99
90
235
231
182
126
33
-52
-230
-208
-221
-115
-28
-9
87
204
170
298
253
16
-62
-176
-374
-541
-82
-88
-42
223
399
432
33
89
-99
-314
-453
-156
-54
-40
388
349
381
235
121
54
-84
-147
-230
-481
-269
36
289
419
43
167
37
-140
-396
-359
-2
12
350
145
-163
-291
-309
-109
-195
-38
130
329
326
98
-94
-101
-2
-144
5
335
395
176
307
-76
-340
-365
-601
-351
-22
263
328
398
187
56
-225
-282
-376
-205
178
163
224
133
297
33
47
50
-162
-130
11
212
232
206
51
-131
-175
-79
-65
94
295
249
34
124
-45
-176
-223
-332
-142
-99
162
53
-251
-180
-386
-338
91
380
428
390
355
-37
-246
-287
-450
-418
177
305
59
243
194
-139
-429
-541
-803
-507
-61
341
523
416
379
35
-271
-371
-282
-84
282
481
368
177
227
-42
-61
22
76
248
-53
-61
-430
-244
-62
-313
-66
138
338
340
227
-205
-361
-133
167
183
412
528
278
567
114
-420
-498
-257
39
-33
476
356
248
277
-434
-587
-642
-325
-102
291
460
-160
-4
-132
-358
-237
-75
21
96
291
399
389
5
-301
-318
-294
-265
38
263
162
42
150
137
-161
-312
-346
-160
-18
-86
207
477
174
-221
-322
-188
-84
162
56
-64
-48
-50
219
339
259
-113
-22
-114
-334
-239
189
296
116
334
47
-144
-223
-82
-397
-430
-61
133
540
501
406
93
-254
-678
-532
-272
20
304
445
819
529
238
-260
-679
-801
-761
-142
297
409
594
400
277
-41
-390
-351
-429
-34
91
27
143
209
299
204
-203
107
80
-217
-86
-272
20
-71
37
2
12
343
148
82
-3
-284
-279
-356
-96
233
204
416
34
-102
-172
-266
-198
-22
144
380
319
102
197
-24
-218
-346
-199
-213
-14
144
322
377
122
71
-40
-322
-551
-423
-53
115
226
627
562
205
-236
-436
-169
-163
-385
-9
95
143
43
7
291
-92
25
96
73
111
-18
149
194
-124
-242
41
300
197
-72
72
6
-389
-453
-514
-433
-140
75
277
191
284
173
-6
-140
-276
-79
-101
24
112
136
354
51
-86
198
-242
-411
-536
-162
73
-354
10
187
288
89
70
420
380
-90
-208
-39
-73
-200
-220
368
542
384
236
6
-20
-594
-797
-222
21
300
343
347
413
111
-152
-125
-183
-71
11
81
492
396
397
52
-280
-291
-586
-376
-343
19
438
357
406
53
29
-264
-499
-213
-192
-56
62
169
191
49
-88
-18
-95
22
-180
-146
338
110
110
140
249
152
-154
112
-8
-15
79
-197
-181
-272
-187
-128
-10
361
173
-52
155
-128
-374
-424
-443
-52
29
424
238
28
235
-281
-306
-163
-241
-170
-7
385
221
142
338
-31
-245
-415
-137
70
74
119
184
183
12
-182
-191
181
107
257
147
305
195
-191
-10
-306
-164
25
80
153
59
158
81
-231
-237
-241
-124
180
206
345
315
53
-35
-273
-194
-188
-231
304
380
459
325
159
30
-397
-420
-367
-229
-240
28
252
272
269
11
-256
-278
-301
-374
-8
203
312
277
407
101
-377
-262
-231
-83
-148
92
214
-142
-82
-29
-161
-197
-14
206
266
294
269
-82
-180
-175
-316
158
330
308
315
240
160
-433
-444
-297
-457
-361
59
526
353
283
44
-418
-380
-329
-55
338
443
364
225
-159
-305
-443
-338
-5
76
572
410
337
198
-100
-320
-838
-522
-360
42
338
462
614
222
-55
-274
-115
-66
-214
-129
204
233
18
-9
142
214
-59
-12
153
-68
-392
-308
-87
8
-25
6
283
336
318
346
139
15
-396
-677
-369
-172
269
301
514
586
-136
-200
-455
-617
-218
132
468
330
197
335
71
-145
-37
-171
-260
-202
-28
190
9
117
57
-155
-191
-293
-24
-41
50
13
42
94
-239
-304
-308
-10
-113
-91
299
351
274
215
-25
-369
-422
-269
94
-77
61
232
73
165
-151
75
477
345
246
-82
-108
-147
-380
-147
-221
149
412
312
306
132
23
-149
-291
-473
-229
-46
179
260
401
329
29
-100
-321
-353
-387
-8
96
327
386
185
121
-100
-176
-439
-259
-17
-37
193
385
322
211
112
-275
-550
-385
-153
190
486
520
255
85
-148
-431
-298
-242
-231
-171
212
323
203
205
-12
-146
-397
-542
-400
-110
55
190
361
489
291
4
-14
-95
-124
-410
-450
-114
-15
26
122
307
336
225
100
-99
-377
-383
-123
-40
315
450
382
215
-102
-279
-382
-173
-97
-70
-109
94
200
240
110
78
299
-59
-89
-175
-124
197
320
269
59
69
-28
-206
-301
-385
-77
338
336
221
252
272
44
-88
-333
-553
-604
-468
-17
279
508
532
345
56
-339
-790
-643
-297
-87
284
421
458
384
357
43
-197
-228
-265
-294
-323
-161
-102
221
312
216
117
-4
-7
-263
-280
-96
35
43
126
197
185
262
226
374
379
64
-143
-203
-194
-127
-162
-165
37
-102
-54
96
7
25
-51
77
-133
-250
-316
-351
78
16
166
455
304
26
-62
-198
-316
-141
-149
-164
102
170
63
271
99
-81
-137
-280
-265
-142
141
159
139
64
113
299
51
-202
-183
-139
-51
-114
-92
246
332
252
312
122
-114
-61
-111
-197
-164
32
268
256
50
-34
-36
-168
-285
-151
45
228
333
107
135
245
47
-46
-46
-208
-256
-117
-105
-224
-72
304
422
270
95
55
-166
-268
-383
-298
182
303
13
-87
7
-166
-184
-128
-152
-123
-36
-11
64
47
-12
42
-91
-143
18
289
308
220
201
32
-149
-299
-273
-34
150
208
190
42
-167
-302
-392
-273
-197
-110
52
162
226
61
146
129
39
14
58
127
137
131
-46
-59
6
-24
-157
28
67
32
31
42
93
-51
-135
-141
-46
-103
-24
108
249
281
269
88
-33
-44
-186
-215
-330
-356
-122
168
259
302
190
258
188
-130
-320
-277
-28
-4
-123
-64
90
251
296
95
70
-69
-132
-319
-494
-381
-76
212
203
352
426
370
84
-280
-463
-350
-219
-121
29
230
305
291
334
96
-187
-354
-223
-87
-127
-237
-91
159
262
241
178
190
52
-191
-317
-195
-302
-148
238
297
350
264
108
142
70
-186
-367
-379
-281
-163
66
149
126
204
142
-31
-82
-82
-6
94
43
-111
-220
-216
-54
179
262
302
293
317
97
-398
-455
-290
-266
-157
44
386
601
473
310
-22
-309
-407
-461
-323
-99
171
508
579
341
57
-173
-308
-516
-514
-290
-48
106
276
587
532
167
-215
-522
-625
-473
-252
-3
389
614
480
307
-35
-381
-545
-579
-469
-249
184
440
520
356
107
-31
-176
-228
-59
131
181
83
26
141
0
-71
19
203
136
-73
26
27
-73
-157
-208
-116
9
164
462
449
203
-88
-154
-197
-467
-374
26
372
251
-117
-92
137
112
-77
-164
-6
44
-19
-163
-203
-1
61
230
223
74
16
-61
-145
-305
-382
-302
-180
1
135
213
255
192
141
-56
-206
-222
-215
-10
103
18
98
124
122
28
41
137
87
175
-136
-278
-167
-192
-108
21
250
301
121
37
24
-18
4
-15
-26
-98
-73
-47
-51
-29
108
460
409
167
-59
-257
-387
-475
-301
-139
53
440
512
472
429
-78
-341
-391
-477
-364
-166
322
508
334
260
63
-159
-338
-395
-273
-105
-43
34
171
97
95
164
218
108
-110
-127
-167
-221
-268
-214
12
178
139
168
124
-30
-66
-120
-119
-69
-123
-138
-103
-118
-39
97
144
119
94
-65
-211
-217
-38
0
132
308
239
345
310
250
65
-18
-15
-161
-183
-85
28
186
313
203
14
-157
-240
-352
-251
-129
95
302
251
151
-3
-135
-218
-146
-67
106
288
207
4
125
166
73
-115
-202
-55
-128
-130
-101
49
-97
-211
-84
-35
-40
-116
-107
-164
-174
-175
-144
71
305
232
185
235
76
17
22
-188
-225
-159
-17
63
-34
33
26
65
37
-11
109
182
-50
-149
-171
-196
-95
-166
112
244
258
254
-12
-15
35
-16
-114
-124
27
94
178
317
305
174
30
-105
-371
-315
-236
-221
107
174
126
81
75
3
-65
24
-47
-178
-122
-104
-79
95
79
196
186
81
57
-73
21
-72
-132
51
18
-28
4
37
73
153
129
-63
-112
-100
-48
-97
-181
-83
-33
64
63
-29
91
235
104
-104
0
97
-162
-205
-57
-67
-32
-40
-7
23
45
-110
-212
63
117
189
256
140
-42
-237
-156
-129
38
199
82
125
70
-106
-151
-111
-157
-120
124
155
142
119
-6
-58
-114
-175
-195
-106
54
213
150
39
31
26
-63
-68
42
-39
26
34
65
126
42
-62
-158
73
5
-25
255
248
148
-40
-161
-285
-350
-151
-32
71
215
229
168
97
-105
-261
-124
-215
-224
31
206
362
336
228
6
-99
-159
-242
-98
31
165
254
119
-21
-124
-239
-258
-257
-170
-60
166
266
279
259
38
-50
-148
-209
-297
-178
189
240
153
56
0
-62
-260
-217
-89
-45
-76
-85
108
123
120
206
253
152
0
-87
-146
-36
-31
-49
64
70
-48
-109
-47
-3
-1
33
-44
-104
-64
13
108
130
176
228
90
-158
-237
-199
-199
-177
11
103
118
166
174
247
176
-49
-209
-186
-187
-120
81
267
262
77
98
-22
-264
-312
-199
35
58
-85
8
104
55
-51
-109
39
28
-73
-64
81
189
63
15
90
25
-91
-89
-119
-136
-79
-56
20
174
109
114
250
122
-17
-147
-192
-141
-63
51
72
138
120
95
94
8
-67
-206
-190
-211
-271
-183
-28
187
160
135
143
32
-9
-39
38
38
8
132
134
97
123
93
6
-129
-280
-234
-148
-73
97
302
322
96
-59
-160
-136
-215
-204
29
190
265
123
186
138
-114
-121
-119
-108
-118
-60
126
184
186
160
16
-69
-170
-217
-129
-121
-119
-46
6
44
45
-30
-111
-157
-177
-109
56
167
265
295
231
-2
-212
-212
-231
-97
35
71
-28
-158
-92
-22
-22
-92
47
152
86
41
24
-4
-89
-57
8
117
215
215
127
35
-35
-138
-25
120
37
-25
36
42
-17
26
95
76
-92
-117
-16
-49
-81
-88
-7
48
30
42
131
89
11
70
203
201
-24
-64
-22
-37
-176
-222
-101
-98
-66
36
84
106
13
-42
-79
-117
18
115
153
13
58
55
-198
-221
-161
13
-49
-85
137
184
127
-74
-84
3
-64
-5
86
182
88
-229
-306
-114
-101
-138
64
278
163
-91
-113
-109
-215
-190
93
246
190
6
-35
77
-14
-121
-59
41
-6
-70
35
247
209
16
-8
44
0
-72
15
222
190
13
-99
-191
-104
-37
63
84
19
60
26
-69
-114
73
170
44
-3
22
64
20
-42
40
36
-70
-116
13
144
74
86
22
-66
-184
-279
-225
-132
110
142
208
175
-19
-137
-343
-309
-222
-109
67
147
311
298
90
-52
-223
-330
-433
-114
410
546
526
381
268
-137
-510
-520
-437
-193
85
490
688
424
-10
-342
-463
-537
-462
32
487
452
288
132
-60
-192
-281
-218
21
122
104
74
67
-95
-322
-351
-313
-148
-52
118
268
325
338
56
-221
-436
-450
-260
-3
287
443
430
219
-79
-210
-242
-271
-128
105
404
506
364
352
227
3
-183
-318
-293
-234
-79
123
313
320
170
108
51
-56
-208
-120
-31
-105
-43
-27
13
97
28
-92
-108
-38
-187
-320
-229
-56
31
-12
-17
-62
-9
-31
-95
-47
-32
-76
-74
-28
-6
-64
-32
170
159
123
94
153
240
102
-71
-158
-123
-113
-131
40
227
380
506
447
189
-210
-440
-518
-344
-12
288
506
539
468
253
13
-240
-461
-460
-254
-154
26
260
208
14
-158
-193
-281
-367
-210
103
336
300
123
-55
-276
-468
-499
-231
164
396
382
218
-23
-368
-477
-368
-228
-16
157
251
305
315
126
-26
-72
-167
-166
-4
121
63
80
209
250
174
114
9
-92
-124
-164
-118
-19
79
95
79
203
179
99
138
-32
-277
-347
-272
-134
94
308
339
250
229
196
-21
-267
-405
-399
-259
-79
29
142
281
334
279
219
73
-261
-496
-515
-392
-134
218
474
503
373
130
-24
-161
-339
-372
-152
116
223
316
256
106
-54
-240
-269
-160
-57
5
14
51
94
-6
-37
2
1
-13
39
133
-38
-254
-323
-322
-181
-25
180
361
286
92
-40
-127
-258
-369
-241
-160
-89
170
342
400
275
165
1
-212
-306
-332
-227
-86
-2
112
335
445
307
99
95
-68
-257
-180
-87
2
99
202
251
271
174
-41
-187
